

----------------------------------------------------
STRUCTURE by Pritchard, Stephens and Donnelly (2000)
     and Falush, Stephens and Pritchard (2003)
       Code by Pritchard, Falush and Hubisz
             Version 2.3.4 (Jul 2012)
----------------------------------------------------



Command line arguments:   bin\structure -m C:\Users\jmahg\OneDrive\Desktop\Transfers\TrkNbr-1524n1282n1083_AllPops_Structure_p18_r080_LDnHWEx\BI50000_MCMC100000\mainparams -e C:\Users\jmahg\OneDrive\Desktop\Transfers\TrkNbr-1524n1282n1083_AllPops_Structure_p18_r080_LDnHWEx\BI50000_MCMC100000\extraparams 
Input File:    C:\Users\jmahg\OneDrive\Desktop\Transfers\TrkNbr-1524n1282n1083_AllPops_Structure_p18_r080_LDnHWEx\project_data

Run parameters:
   178 individuals
   230 loci
   16 populations assumed
   50000 Burn-in period
   100000 Reps


--------------------------------------------
Proportion of membership of each pre-defined
 population in each of the 16 clusters

Given    Inferred Clusters                                                                                                  Number of
 Pop       1      2      3      4      5      6      7      8      9     10     11     12     13     14     15     16      Individuals

  1:     0.736  0.004  0.005  0.028  0.007  0.013  0.011  0.002  0.012  0.126  0.006  0.007  0.007  0.022  0.009  0.005       10
  2:     0.041  0.012  0.019  0.082  0.007  0.008  0.016  0.002  0.565  0.100  0.016  0.003  0.008  0.066  0.042  0.015        8
  3:     0.014  0.004  0.008  0.141  0.008  0.006  0.568  0.002  0.016  0.042  0.008  0.004  0.009  0.140  0.023  0.009       10
  4:     0.028  0.008  0.007  0.118  0.012  0.020  0.031  0.002  0.093  0.042  0.007  0.020  0.016  0.133  0.454  0.007       10
  5:     0.008  0.003  0.003  0.012  0.018  0.004  0.009  0.892  0.007  0.009  0.003  0.003  0.010  0.012  0.004  0.003       10
  6:     0.025  0.004  0.003  0.185  0.015  0.008  0.437  0.003  0.023  0.049  0.003  0.004  0.011  0.219  0.010  0.003       10
  7:     0.043  0.003  0.003  0.038  0.009  0.005  0.015  0.002  0.016  0.806  0.004  0.003  0.009  0.032  0.009  0.003       10
  8:     0.140  0.015  0.022  0.074  0.011  0.096  0.048  0.002  0.283  0.101  0.027  0.031  0.011  0.063  0.053  0.023       10
  9:     0.050  0.003  0.002  0.280  0.013  0.006  0.030  0.002  0.029  0.288  0.002  0.004  0.014  0.265  0.009  0.002       10
 10:     0.019  0.004  0.003  0.257  0.017  0.007  0.040  0.002  0.027  0.063  0.003  0.005  0.015  0.523  0.011  0.003       10
 11:     0.035  0.007  0.016  0.097  0.009  0.590  0.017  0.002  0.034  0.031  0.017  0.008  0.009  0.094  0.015  0.018       10
 12:     0.061  0.006  0.004  0.051  0.010  0.583  0.018  0.002  0.064  0.023  0.004  0.090  0.009  0.055  0.015  0.004       10
 13:     0.017  0.006  0.007  0.023  0.007  0.009  0.011  0.002  0.012  0.015  0.007  0.839  0.007  0.022  0.008  0.007       10
 14:     0.011  0.003  0.003  0.050  0.015  0.005  0.019  0.009  0.012  0.021  0.003  0.004  0.779  0.056  0.008  0.003       10
 15:     0.011  0.003  0.003  0.032  0.751  0.005  0.029  0.004  0.010  0.015  0.004  0.004  0.089  0.030  0.007  0.003       10
 16:     0.033  0.014  0.021  0.071  0.011  0.013  0.048  0.002  0.061  0.082  0.022  0.005  0.010  0.073  0.511  0.022       10
 17:     0.060  0.557  0.008  0.057  0.011  0.055  0.020  0.002  0.065  0.031  0.008  0.015  0.009  0.057  0.037  0.007       10
 18:     0.011  0.003  0.003  0.021  0.010  0.004  0.015  0.855  0.009  0.016  0.003  0.004  0.011  0.026  0.007  0.003       10
--------------------------------------------

Allele-freq. divergence among pops (Net nucleotide distance),
computed using point estimates of P.

      1       2       3       4       5       6       7       8       9      10      11      12      13      14      15      16      
 1      -    0.0094  0.0034  0.0019  0.0051  0.0032  0.0030  0.0090  0.0045  0.0012  0.0033  0.0061  0.0044  0.0023  0.0050  0.0034  
 2   0.0094     -    0.0069  0.0078  0.0110  0.0075  0.0090  0.0146  0.0064  0.0093  0.0069  0.0101  0.0103  0.0083  0.0106  0.0069  
 3   0.0034  0.0069     -    0.0023  0.0046  0.0028  0.0033  0.0058  0.0043  0.0036  0.0000  0.0046  0.0042  0.0032  0.0045  0.0000  
 4   0.0019  0.0078  0.0023     -    0.0029  0.0021  0.0009  0.0067  0.0027  0.0012  0.0022  0.0044  0.0022  0.0002  0.0031  0.0023  
 5   0.0051  0.0110  0.0046  0.0029     -    0.0053  0.0038  0.0069  0.0057  0.0042  0.0046  0.0076  0.0049  0.0030  0.0062  0.0046  
 6   0.0032  0.0075  0.0028  0.0021  0.0053     -    0.0033  0.0092  0.0043  0.0037  0.0027  0.0045  0.0047  0.0026  0.0050  0.0028  
 7   0.0030  0.0090  0.0033  0.0009  0.0038  0.0033     -    0.0075  0.0037  0.0022  0.0032  0.0056  0.0031  0.0010  0.0039  0.0033  
 8   0.0090  0.0146  0.0058  0.0067  0.0069  0.0092  0.0075     -    0.0097  0.0083  0.0060  0.0114  0.0085  0.0071  0.0101  0.0058  
 9   0.0045  0.0064  0.0043  0.0027  0.0057  0.0043  0.0037  0.0097     -    0.0038  0.0042  0.0071  0.0051  0.0029  0.0058  0.0043  
10   0.0012  0.0093  0.0036  0.0012  0.0042  0.0037  0.0022  0.0083  0.0038     -    0.0035  0.0060  0.0036  0.0014  0.0044  0.0036  
11   0.0033  0.0069  0.0000  0.0022  0.0046  0.0027  0.0032  0.0060  0.0042  0.0035     -    0.0045  0.0042  0.0031  0.0043  0.0000  
12   0.0061  0.0101  0.0046  0.0044  0.0076  0.0045  0.0056  0.0114  0.0071  0.0060  0.0045     -    0.0070  0.0049  0.0078  0.0046  
13   0.0044  0.0103  0.0042  0.0022  0.0049  0.0047  0.0031  0.0085  0.0051  0.0036  0.0042  0.0070     -    0.0023  0.0055  0.0042  
14   0.0023  0.0083  0.0032  0.0002  0.0030  0.0026  0.0010  0.0071  0.0029  0.0014  0.0031  0.0049  0.0023     -    0.0034  0.0032  
15   0.0050  0.0106  0.0045  0.0031  0.0062  0.0050  0.0039  0.0101  0.0058  0.0044  0.0043  0.0078  0.0055  0.0034     -    0.0045  
16   0.0034  0.0069  0.0000  0.0023  0.0046  0.0028  0.0033  0.0058  0.0043  0.0036  0.0000  0.0046  0.0042  0.0032  0.0045     -    

Average distances (expected heterozygosity) between individuals in same cluster:
cluster  1  : 0.0175 
cluster  2  : 0.0420 
cluster  3  : 0.0994 
cluster  4  : 0.0142 
cluster  5  : 0.0184 
cluster  6  : 0.0324 
cluster  7  : 0.0129 
cluster  8  : 0.0658 
cluster  9  : 0.0118 
cluster 10  : 0.0069 
cluster 11  : 0.0973 
cluster 12  : 0.0385 
cluster 13  : 0.0199 
cluster 14  : 0.0018 
cluster 15  : 0.0212 
cluster 16  : 0.0994 

--------------------------------------------
Estimated Ln Prob of Data   = -3601.4
Mean value of ln likelihood = -3241.7
Variance of ln likelihood   = 719.4
Mean value of alpha         = 0.0334

Mean value of Fst_1         = 0.6417
Mean value of Fst_2         = 0.4457
Mean value of Fst_3         = 0.0030
Mean value of Fst_4         = 0.8408
Mean value of Fst_5         = 0.6864
Mean value of Fst_6         = 0.4405
Mean value of Fst_7         = 0.7091
Mean value of Fst_8         = 0.2810
Mean value of Fst_9         = 0.7933
Mean value of Fst_10         = 0.8606
Mean value of Fst_11         = 0.0378
Mean value of Fst_12         = 0.4427
Mean value of Fst_13         = 0.6574
Mean value of Fst_14         = 0.9370
Mean value of Fst_15         = 0.6054
Mean value of Fst_16         = 0.0027


Inferred ancestry of individuals:
        Label (%Miss) Pop:  Inferred clusters
  1 TGCP_WM1    (0)    1 :  0.822 0.004 0.004 0.036 0.006 0.010 0.021 0.002 0.014 0.030 0.005 0.004 0.007 0.024 0.006 0.004 
  2 TGCP_WM10    (1)    1 :  0.611 0.004 0.002 0.085 0.008 0.013 0.016 0.002 0.026 0.130 0.002 0.005 0.012 0.073 0.010 0.002 
  3 TGCP_WM2    (0)    1 :  0.490 0.005 0.024 0.043 0.010 0.007 0.011 0.002 0.011 0.296 0.027 0.005 0.007 0.021 0.013 0.028 
  4 TGCP_WM3    (1)    1 :  0.844 0.005 0.002 0.017 0.007 0.008 0.009 0.002 0.006 0.064 0.002 0.003 0.007 0.017 0.006 0.001 
  5 TGCP_WM4    (0)    1 :  0.856 0.002 0.003 0.023 0.006 0.047 0.006 0.002 0.007 0.017 0.003 0.003 0.006 0.010 0.006 0.002 
  6 TGCP_WM5    (0)    1 :  0.868 0.004 0.005 0.021 0.010 0.008 0.008 0.002 0.010 0.010 0.009 0.012 0.008 0.014 0.006 0.006 
  7 TGCP_WM6    (0)    1 :  0.876 0.003 0.002 0.011 0.004 0.009 0.009 0.002 0.007 0.033 0.002 0.007 0.005 0.019 0.009 0.003 
  8 TGCP_WM7    (0)    1 :  0.169 0.007 0.004 0.024 0.009 0.005 0.018 0.003 0.020 0.648 0.003 0.019 0.011 0.032 0.025 0.004 
  9 TGCP_WM8    (0)    1 :  0.882 0.004 0.002 0.011 0.004 0.019 0.007 0.002 0.010 0.023 0.002 0.013 0.006 0.008 0.006 0.002 
 10 TGCP_WM9    (0)    1 :  0.943 0.003 0.002 0.007 0.004 0.004 0.004 0.002 0.005 0.008 0.002 0.002 0.003 0.005 0.005 0.002 
 11 MRLP_WM123    (3)    2 :  0.019 0.004 0.082 0.020 0.007 0.018 0.009 0.002 0.660 0.012 0.064 0.004 0.006 0.011 0.025 0.057 
 12 MRLP_WM124    (4)    2 :  0.012 0.005 0.001 0.037 0.011 0.004 0.010 0.002 0.853 0.016 0.002 0.003 0.006 0.029 0.008 0.001 
 13 MRLP_WM125    (1)    2 :  0.032 0.042 0.055 0.022 0.005 0.009 0.007 0.002 0.673 0.026 0.049 0.004 0.006 0.015 0.007 0.045 
 14 MRLP_WM126    (2)    2 :  0.011 0.003 0.002 0.438 0.011 0.005 0.042 0.002 0.020 0.087 0.002 0.004 0.014 0.350 0.009 0.001 
 15 MRLP_WM127    (3)    2 :  0.191 0.028 0.004 0.093 0.010 0.008 0.023 0.003 0.031 0.490 0.005 0.004 0.011 0.077 0.016 0.006 
 16 MRLP_WM128    (3)    2 :  0.004 0.007 0.001 0.006 0.005 0.005 0.007 0.002 0.935 0.005 0.002 0.003 0.005 0.010 0.003 0.001 
 17 MRLP_WM129    (7)    2 :  0.018 0.003 0.003 0.017 0.004 0.007 0.016 0.002 0.588 0.054 0.003 0.004 0.005 0.012 0.258 0.005 
 18 MRLP_WM130    (5)    2 :  0.038 0.002 0.002 0.020 0.005 0.004 0.013 0.002 0.762 0.107 0.002 0.003 0.006 0.022 0.009 0.002 
 19 STT_WM183    (2)    3 :  0.013 0.003 0.054 0.043 0.006 0.012 0.672 0.003 0.007 0.022 0.053 0.004 0.007 0.033 0.008 0.061 
 20 STT_WM184    (3)    3 :  0.014 0.006 0.008 0.051 0.007 0.007 0.720 0.002 0.014 0.017 0.009 0.006 0.010 0.065 0.059 0.008 
 21 STT_WM185   (15)    3 :  0.022 0.004 0.002 0.343 0.017 0.005 0.064 0.003 0.046 0.157 0.002 0.004 0.016 0.302 0.012 0.002 
 22 STT_WM186   (13)    3 :  0.024 0.004 0.002 0.359 0.014 0.008 0.058 0.002 0.034 0.065 0.002 0.005 0.013 0.394 0.016 0.002 
 23 STT_WM187   (13)    3 :  0.010 0.003 0.002 0.017 0.005 0.004 0.883 0.002 0.008 0.012 0.003 0.006 0.008 0.031 0.005 0.002 
 24 STT_WM188    (3)    3 :  0.007 0.002 0.002 0.007 0.004 0.004 0.932 0.002 0.004 0.008 0.002 0.003 0.005 0.011 0.005 0.002 
 25 STT_WM189    (0)    3 :  0.011 0.003 0.001 0.460 0.008 0.005 0.035 0.002 0.024 0.082 0.001 0.003 0.009 0.345 0.007 0.001 
 26 STT_WM190   (11)    3 :  0.011 0.002 0.001 0.014 0.006 0.003 0.908 0.002 0.007 0.012 0.002 0.003 0.006 0.017 0.004 0.002 
 27 STT_WM191    (7)    3 :  0.018 0.004 0.002 0.105 0.011 0.006 0.588 0.003 0.013 0.035 0.002 0.004 0.007 0.187 0.012 0.002 
 28 STT_WM192   (12)    3 :  0.008 0.003 0.005 0.007 0.006 0.004 0.818 0.002 0.007 0.007 0.005 0.003 0.007 0.014 0.097 0.007 
 29 FSSP_WM241    (3)    4 :  0.086 0.011 0.007 0.167 0.019 0.026 0.047 0.002 0.142 0.050 0.006 0.036 0.013 0.191 0.188 0.008 
 30 FSSP_WM242   (15)    4 :  0.017 0.003 0.002 0.391 0.011 0.011 0.047 0.002 0.022 0.069 0.002 0.005 0.018 0.387 0.010 0.002 
 31 FSSP_WM243    (6)    4 :  0.007 0.003 0.011 0.009 0.005 0.004 0.006 0.002 0.004 0.006 0.008 0.004 0.007 0.006 0.906 0.011 
 32 FSSP_WM244    (5)    4 :  0.073 0.025 0.008 0.093 0.010 0.036 0.035 0.003 0.369 0.072 0.007 0.106 0.018 0.100 0.039 0.008 
 33 FSSP_WM245   (10)    4 :  0.018 0.004 0.002 0.203 0.023 0.007 0.035 0.002 0.026 0.062 0.002 0.005 0.014 0.208 0.386 0.002 
 34 FSSP_WM246    (6)    4 :  0.028 0.004 0.006 0.234 0.019 0.011 0.085 0.002 0.084 0.098 0.007 0.007 0.042 0.296 0.070 0.006 
 35 FSSP_WM247    (3)    4 :  0.019 0.005 0.009 0.010 0.006 0.010 0.010 0.002 0.010 0.014 0.009 0.015 0.005 0.017 0.850 0.009 
 36 FSSP_WM248    (9)    4 :  0.007 0.003 0.003 0.010 0.006 0.016 0.010 0.002 0.007 0.010 0.003 0.012 0.007 0.012 0.888 0.004 
 37 FSSP_WM249    (6)    4 :  0.017 0.004 0.004 0.019 0.008 0.026 0.017 0.002 0.013 0.015 0.005 0.004 0.010 0.028 0.824 0.005 
 38 FSSP_WM250    (2)    4 :  0.011 0.020 0.021 0.048 0.010 0.054 0.023 0.002 0.256 0.029 0.023 0.006 0.020 0.084 0.377 0.017 
 39 HNL_WM301    (3)    5 :  0.007 0.003 0.003 0.014 0.014 0.004 0.007 0.905 0.006 0.007 0.002 0.003 0.006 0.012 0.004 0.002 
 40 HNL_WM302    (2)    5 :  0.003 0.002 0.001 0.006 0.005 0.003 0.005 0.947 0.004 0.005 0.001 0.002 0.004 0.007 0.003 0.001 
 41 HNL_WM303    (2)    5 :  0.008 0.003 0.002 0.015 0.010 0.006 0.012 0.892 0.008 0.007 0.003 0.004 0.012 0.013 0.005 0.002 
 42 HNL_WM304    (3)    5 :  0.010 0.003 0.003 0.024 0.071 0.005 0.014 0.799 0.010 0.019 0.002 0.004 0.008 0.021 0.004 0.002 
 43 HNL_WM305    (3)    5 :  0.004 0.003 0.004 0.004 0.011 0.003 0.005 0.931 0.003 0.006 0.003 0.003 0.005 0.007 0.003 0.004 
 44 HNL_WM306    (0)    5 :  0.006 0.002 0.003 0.007 0.012 0.003 0.005 0.923 0.006 0.006 0.004 0.004 0.006 0.006 0.004 0.003 
 45 HNL_WM307    (3)    5 :  0.007 0.003 0.002 0.010 0.008 0.004 0.007 0.916 0.007 0.008 0.002 0.003 0.004 0.011 0.004 0.003 
 46 HNL_WM308    (3)    5 :  0.008 0.003 0.002 0.012 0.017 0.003 0.011 0.890 0.007 0.007 0.002 0.003 0.014 0.012 0.004 0.002 
 47 HNL_WM309    (0)    5 :  0.011 0.003 0.006 0.017 0.014 0.006 0.011 0.832 0.010 0.014 0.006 0.003 0.033 0.020 0.007 0.007 
 48 HNL_WM310   (10)    5 :  0.011 0.003 0.002 0.015 0.015 0.005 0.011 0.884 0.008 0.011 0.003 0.004 0.008 0.015 0.005 0.002 
 49 MPO_WM482    (2)    6 :  0.012 0.003 0.002 0.015 0.009 0.003 0.902 0.004 0.007 0.007 0.002 0.002 0.008 0.017 0.005 0.002 
 50 MPO_WM483    (3)    6 :  0.014 0.004 0.004 0.200 0.017 0.007 0.414 0.003 0.022 0.057 0.004 0.005 0.013 0.219 0.011 0.004 
 51 MPO_WM484    (1)    6 :  0.014 0.003 0.002 0.107 0.010 0.007 0.651 0.002 0.014 0.029 0.002 0.003 0.010 0.135 0.010 0.002 
 52 MPO_WM485    (0)    6 :  0.010 0.004 0.006 0.026 0.009 0.005 0.818 0.002 0.014 0.019 0.006 0.003 0.005 0.056 0.008 0.008 
 53 MPO_WM486   (21)    6 :  0.028 0.005 0.002 0.343 0.016 0.008 0.046 0.002 0.032 0.116 0.002 0.007 0.020 0.354 0.018 0.002 
 54 MPO_WM487   (19)    6 :  0.018 0.003 0.002 0.109 0.027 0.007 0.564 0.002 0.022 0.056 0.002 0.004 0.013 0.151 0.017 0.002 
 55 MPO_WM488    (9)    6 :  0.015 0.003 0.001 0.339 0.018 0.005 0.062 0.002 0.014 0.061 0.002 0.004 0.011 0.453 0.007 0.002 
 56 MPO_WM489    (3)    6 :  0.097 0.007 0.004 0.012 0.005 0.023 0.790 0.002 0.016 0.006 0.003 0.004 0.006 0.016 0.005 0.003 
 57 MPO_WM490   (24)    6 :  0.022 0.006 0.002 0.350 0.021 0.009 0.085 0.003 0.043 0.072 0.002 0.007 0.016 0.352 0.008 0.002 
 58 MPO_WM491   (11)    6 :  0.017 0.004 0.002 0.350 0.013 0.005 0.038 0.002 0.047 0.065 0.002 0.003 0.009 0.433 0.008 0.001 
 59 OICP_WM541    (1)    7 :  0.009 0.002 0.002 0.014 0.006 0.004 0.005 0.002 0.007 0.925 0.001 0.003 0.005 0.010 0.004 0.001 
 60 OICP_WM542    (2)    7 :  0.015 0.003 0.001 0.011 0.006 0.004 0.009 0.001 0.006 0.909 0.002 0.003 0.006 0.018 0.005 0.001 
 61 OICP_WM543    (0)    7 :  0.013 0.002 0.001 0.011 0.003 0.003 0.009 0.002 0.005 0.923 0.001 0.002 0.005 0.013 0.004 0.001 
 62 OICP_WM544    (1)    7 :  0.183 0.007 0.017 0.067 0.034 0.016 0.056 0.002 0.042 0.415 0.026 0.003 0.033 0.045 0.039 0.014 
 63 OICP_WM545    (0)    7 :  0.016 0.002 0.002 0.031 0.007 0.005 0.013 0.002 0.009 0.871 0.001 0.004 0.005 0.025 0.006 0.001 
 64 OICP_WM546    (3)    7 :  0.072 0.003 0.002 0.091 0.009 0.004 0.019 0.002 0.031 0.665 0.002 0.003 0.009 0.078 0.008 0.002 
 65 OICP_WM547    (2)    7 :  0.083 0.003 0.002 0.114 0.010 0.006 0.020 0.002 0.036 0.610 0.002 0.004 0.010 0.088 0.010 0.002 
 66 OICP_WM548    (3)    7 :  0.016 0.002 0.002 0.017 0.006 0.004 0.005 0.001 0.008 0.910 0.001 0.003 0.006 0.013 0.003 0.001 
 67 OICP_WM549    (0)    7 :  0.013 0.002 0.002 0.013 0.004 0.003 0.005 0.002 0.007 0.925 0.002 0.003 0.003 0.012 0.004 0.001 
 68 OICP_WM550    (1)    7 :  0.011 0.002 0.001 0.015 0.005 0.004 0.007 0.002 0.007 0.909 0.002 0.004 0.005 0.021 0.004 0.001 
 69 IRO_WM601    (2)    8 :  0.449 0.004 0.006 0.055 0.012 0.156 0.016 0.002 0.014 0.152 0.006 0.024 0.005 0.040 0.053 0.005 
 70 IRO_WM602    (1)    8 :  0.141 0.004 0.007 0.106 0.013 0.013 0.031 0.002 0.082 0.469 0.007 0.007 0.012 0.085 0.013 0.008 
 71 IRO_WM603    (2)    8 :  0.163 0.004 0.015 0.060 0.011 0.462 0.013 0.002 0.018 0.016 0.017 0.146 0.007 0.023 0.029 0.015 
 72 IRO_WM604    (0)    8 :  0.011 0.012 0.066 0.025 0.008 0.014 0.010 0.002 0.642 0.010 0.101 0.009 0.007 0.013 0.006 0.065 
 73 IRO_WM605    (3)    8 :  0.207 0.013 0.002 0.009 0.006 0.042 0.012 0.002 0.671 0.010 0.002 0.003 0.006 0.009 0.005 0.002 
 74 IRO_WM606    (3)    8 :  0.015 0.027 0.004 0.043 0.007 0.005 0.025 0.002 0.761 0.024 0.006 0.007 0.016 0.034 0.016 0.005 
 75 IRO_WM607    (2)    8 :  0.048 0.012 0.010 0.126 0.012 0.088 0.024 0.003 0.361 0.044 0.015 0.006 0.011 0.106 0.123 0.012 
 76 IRO_WM608    (0)    8 :  0.268 0.012 0.040 0.079 0.009 0.123 0.013 0.002 0.039 0.182 0.050 0.012 0.010 0.061 0.051 0.051 
 77 IRO_WM609    (0)    8 :  0.067 0.012 0.052 0.138 0.016 0.049 0.042 0.002 0.194 0.078 0.056 0.046 0.017 0.164 0.015 0.052 
 78 IRO_WM610   (13)    8 :  0.027 0.049 0.013 0.099 0.015 0.007 0.297 0.002 0.051 0.031 0.014 0.052 0.016 0.099 0.216 0.012 
 79 HGRF_WM661    (5)    9 :  0.069 0.003 0.002 0.112 0.010 0.006 0.025 0.003 0.031 0.631 0.001 0.004 0.007 0.084 0.010 0.002 
 80 HGRF_WM662    (5)    9 :  0.013 0.002 0.001 0.395 0.015 0.006 0.035 0.002 0.025 0.080 0.002 0.004 0.020 0.391 0.007 0.001 
 81 HGRF_WM663    (4)    9 :  0.073 0.003 0.002 0.122 0.012 0.006 0.020 0.002 0.037 0.598 0.002 0.004 0.009 0.100 0.010 0.002 
 82 HGRF_WM664    (3)    9 :  0.020 0.003 0.002 0.394 0.010 0.004 0.031 0.002 0.028 0.165 0.002 0.003 0.010 0.317 0.008 0.002 
 83 HGRF_WM665    (1)    9 :  0.167 0.006 0.008 0.090 0.014 0.010 0.024 0.002 0.038 0.490 0.008 0.007 0.019 0.090 0.017 0.008 
 84 HGRF_WM666    (5)    9 :  0.018 0.003 0.001 0.385 0.016 0.006 0.042 0.002 0.025 0.082 0.002 0.004 0.021 0.384 0.007 0.001 
 85 HGRF_WM667    (0)    9 :  0.015 0.003 0.001 0.456 0.009 0.005 0.031 0.002 0.025 0.072 0.002 0.003 0.010 0.357 0.007 0.002 
 86 HGRF_WM668    (4)    9 :  0.071 0.003 0.002 0.117 0.010 0.006 0.016 0.002 0.037 0.577 0.002 0.003 0.011 0.132 0.010 0.002 
 87 HGRF_WM669    (5)    9 :  0.012 0.003 0.001 0.366 0.016 0.004 0.049 0.002 0.022 0.053 0.001 0.004 0.015 0.444 0.006 0.002 
 88 HGRF_WM670    (9)    9 :  0.042 0.003 0.002 0.370 0.014 0.008 0.028 0.002 0.022 0.135 0.001 0.004 0.013 0.346 0.007 0.002 
 89 PTP_WM721    (2)   10 :  0.036 0.005 0.009 0.340 0.027 0.010 0.076 0.004 0.030 0.074 0.009 0.006 0.021 0.325 0.020 0.009 
 90 PTP_WM722    (2)   10 :  0.014 0.005 0.010 0.014 0.012 0.007 0.012 0.003 0.011 0.014 0.009 0.004 0.007 0.864 0.007 0.008 
 91 PTP_WM723   (25)   10 :  0.018 0.004 0.002 0.320 0.013 0.007 0.048 0.003 0.047 0.113 0.002 0.007 0.023 0.382 0.010 0.002 
 92 PTP_WM724   (13)   10 :  0.020 0.004 0.002 0.345 0.015 0.009 0.060 0.002 0.027 0.081 0.002 0.005 0.030 0.386 0.010 0.002 
 93 PTP_WM725   (25)   10 :  0.028 0.004 0.002 0.383 0.048 0.010 0.054 0.003 0.023 0.081 0.002 0.006 0.018 0.311 0.026 0.002 
 94 PTP_WM726   (13)   10 :  0.025 0.003 0.002 0.387 0.009 0.007 0.052 0.002 0.030 0.092 0.002 0.005 0.012 0.361 0.009 0.002 
 95 PTP_WM727   (10)   10 :  0.017 0.003 0.002 0.338 0.028 0.006 0.037 0.002 0.072 0.066 0.002 0.004 0.011 0.404 0.008 0.002 
 96 PTP_WM728    (8)   10 :  0.015 0.003 0.002 0.397 0.012 0.007 0.048 0.002 0.021 0.089 0.002 0.004 0.014 0.371 0.012 0.002 
 97 PTP_WM729    (9)   10 :  0.009 0.003 0.001 0.032 0.004 0.004 0.010 0.002 0.006 0.011 0.002 0.003 0.005 0.901 0.006 0.002 
 98 PTP_WM730    (8)   10 :  0.005 0.002 0.002 0.015 0.005 0.003 0.008 0.002 0.007 0.008 0.001 0.002 0.005 0.928 0.006 0.001 
 99 RRL_WM782    (9)   11 :  0.018 0.003 0.002 0.385 0.021 0.010 0.053 0.002 0.033 0.077 0.002 0.004 0.016 0.363 0.008 0.002 
100 RRL_WM783    (8)   11 :  0.076 0.005 0.003 0.016 0.005 0.804 0.011 0.002 0.008 0.009 0.003 0.026 0.006 0.015 0.009 0.002 
101 RRL_WM784    (1)   11 :  0.011 0.009 0.003 0.027 0.011 0.808 0.021 0.002 0.024 0.017 0.005 0.013 0.008 0.034 0.005 0.004 
102 RRL_WM785    (1)   11 :  0.019 0.002 0.001 0.403 0.011 0.004 0.034 0.002 0.021 0.068 0.001 0.003 0.016 0.407 0.007 0.002 
103 RRL_WM786    (2)   11 :  0.020 0.017 0.003 0.007 0.006 0.819 0.006 0.002 0.066 0.010 0.003 0.004 0.004 0.006 0.023 0.003 
104 RRL_WM787    (3)   11 :  0.105 0.009 0.007 0.021 0.005 0.702 0.010 0.002 0.019 0.067 0.007 0.008 0.006 0.011 0.011 0.008 
105 RRL_WM788    (0)   11 :  0.008 0.003 0.052 0.027 0.005 0.690 0.004 0.002 0.006 0.007 0.075 0.007 0.005 0.007 0.012 0.090 
106 RRL_WM789    (2)   11 :  0.016 0.006 0.002 0.006 0.004 0.919 0.005 0.002 0.007 0.007 0.002 0.009 0.003 0.007 0.004 0.002 
107 RRL_WM790    (0)   11 :  0.014 0.017 0.079 0.031 0.011 0.500 0.009 0.002 0.145 0.021 0.055 0.005 0.012 0.031 0.007 0.061 
108 RRL_WM791    (0)   11 :  0.064 0.004 0.009 0.044 0.010 0.646 0.020 0.002 0.014 0.028 0.013 0.004 0.016 0.055 0.065 0.005 
109 RRO_WM842    (0)   12 :  0.026 0.011 0.006 0.020 0.008 0.768 0.008 0.002 0.079 0.011 0.006 0.009 0.007 0.021 0.013 0.005 
110 RRO_WM843    (7)   12 :  0.023 0.006 0.008 0.025 0.010 0.560 0.011 0.003 0.026 0.014 0.007 0.265 0.008 0.021 0.006 0.008 
111 RRO_WM844    (2)   12 :  0.016 0.006 0.002 0.064 0.010 0.041 0.024 0.002 0.332 0.028 0.003 0.383 0.011 0.065 0.009 0.004 
112 RRO_WM845    (4)   12 :  0.008 0.003 0.002 0.010 0.008 0.892 0.006 0.002 0.006 0.009 0.002 0.030 0.006 0.010 0.004 0.002 
113 RRO_WM846   (10)   12 :  0.019 0.007 0.004 0.065 0.010 0.706 0.024 0.002 0.012 0.026 0.004 0.032 0.008 0.066 0.011 0.003 
114 RRO_WM847    (6)   12 :  0.048 0.010 0.004 0.024 0.009 0.633 0.014 0.002 0.113 0.015 0.004 0.070 0.008 0.031 0.010 0.004 
115 RRO_WM848    (4)   12 :  0.048 0.005 0.008 0.145 0.016 0.398 0.040 0.002 0.022 0.051 0.008 0.017 0.011 0.155 0.067 0.008 
116 RRO_WM849    (5)   12 :  0.386 0.003 0.003 0.024 0.007 0.484 0.013 0.002 0.012 0.012 0.002 0.017 0.007 0.019 0.007 0.003 
117 RRO_WM850    (2)   12 :  0.009 0.003 0.004 0.028 0.007 0.846 0.011 0.002 0.021 0.016 0.003 0.005 0.008 0.028 0.005 0.002 
118 RRO_WM851    (1)   12 :  0.023 0.005 0.003 0.109 0.020 0.499 0.027 0.003 0.020 0.051 0.003 0.071 0.015 0.134 0.014 0.004 
119 CPS_WM901    (2)   13 :  0.011 0.004 0.002 0.013 0.005 0.018 0.007 0.002 0.017 0.007 0.003 0.887 0.005 0.012 0.004 0.002 
120 CPS_WM902    (2)   13 :  0.050 0.008 0.002 0.009 0.005 0.007 0.006 0.002 0.006 0.048 0.002 0.834 0.004 0.010 0.005 0.003 
121 CPS_WM903    (5)   13 :  0.007 0.008 0.002 0.005 0.004 0.010 0.006 0.002 0.013 0.007 0.002 0.915 0.004 0.009 0.004 0.002 
122 CPS_WM904    (1)   13 :  0.010 0.013 0.018 0.015 0.006 0.009 0.006 0.002 0.007 0.008 0.013 0.848 0.005 0.010 0.006 0.022 
123 CPS_WM905    (2)   13 :  0.011 0.004 0.027 0.010 0.005 0.011 0.019 0.002 0.005 0.005 0.034 0.805 0.005 0.008 0.026 0.024 
124 CPS_WM906    (3)   13 :  0.014 0.003 0.002 0.019 0.008 0.008 0.009 0.002 0.007 0.012 0.002 0.880 0.007 0.020 0.006 0.002 
125 CPS_WM907    (6)   13 :  0.013 0.003 0.002 0.059 0.009 0.007 0.016 0.002 0.017 0.022 0.002 0.772 0.011 0.055 0.009 0.002 
126 CPS_WM908    (3)   13 :  0.021 0.010 0.005 0.051 0.016 0.010 0.024 0.004 0.022 0.018 0.004 0.743 0.010 0.049 0.009 0.004 
127 CPS_WM909    (2)   13 :  0.020 0.005 0.002 0.034 0.011 0.006 0.012 0.002 0.013 0.015 0.003 0.826 0.008 0.034 0.008 0.002 
128 CPS_WM910    (1)   13 :  0.009 0.003 0.006 0.015 0.007 0.006 0.010 0.003 0.010 0.012 0.009 0.878 0.007 0.011 0.007 0.008 
129 PPNP_WM962    (1)   14 :  0.005 0.003 0.004 0.005 0.030 0.003 0.005 0.021 0.005 0.006 0.005 0.003 0.890 0.007 0.003 0.004 
130 PPNP_WM963    (0)   14 :  0.008 0.004 0.005 0.045 0.007 0.005 0.023 0.011 0.012 0.019 0.005 0.004 0.786 0.050 0.011 0.004 
131 PPNP_WM964    (0)   14 :  0.007 0.003 0.006 0.010 0.003 0.003 0.006 0.027 0.004 0.007 0.005 0.003 0.895 0.009 0.004 0.007 
132 PPNP_WM965    (4)   14 :  0.011 0.003 0.002 0.016 0.007 0.007 0.011 0.002 0.011 0.016 0.002 0.004 0.883 0.021 0.005 0.002 
133 PPNP_WM966    (4)   14 :  0.005 0.002 0.001 0.006 0.005 0.003 0.005 0.002 0.005 0.006 0.001 0.002 0.943 0.007 0.005 0.002 
134 PPNP_WM967    (4)   14 :  0.012 0.003 0.002 0.055 0.008 0.005 0.016 0.003 0.011 0.026 0.002 0.004 0.788 0.054 0.010 0.002 
135 PPNP_WM968    (5)   14 :  0.022 0.005 0.005 0.248 0.019 0.009 0.073 0.012 0.030 0.061 0.005 0.004 0.212 0.270 0.019 0.005 
136 PPNP_WM969    (2)   14 :  0.009 0.003 0.001 0.026 0.007 0.005 0.011 0.002 0.009 0.014 0.002 0.005 0.871 0.027 0.007 0.001 
137 PPNP_WM970    (2)   14 :  0.015 0.004 0.002 0.037 0.040 0.005 0.016 0.006 0.024 0.039 0.002 0.004 0.735 0.063 0.007 0.002 
138 PPNP_WM971    (2)   14 :  0.011 0.004 0.002 0.049 0.028 0.004 0.020 0.003 0.010 0.015 0.002 0.004 0.784 0.055 0.007 0.002 
139 FPPI_WM1021    (4)   15 :  0.009 0.004 0.006 0.020 0.870 0.006 0.013 0.002 0.011 0.009 0.005 0.005 0.011 0.019 0.006 0.004 
140 FPPI_WM1022    (4)   15 :  0.011 0.003 0.003 0.027 0.682 0.005 0.175 0.011 0.013 0.019 0.004 0.005 0.010 0.025 0.006 0.003 
141 FPPI_WM1023    (1)   15 :  0.013 0.002 0.002 0.020 0.856 0.006 0.012 0.005 0.010 0.012 0.002 0.003 0.019 0.029 0.007 0.002 
142 FPPI_WM1024    (5)   15 :  0.012 0.003 0.002 0.052 0.239 0.008 0.015 0.002 0.010 0.024 0.003 0.004 0.564 0.045 0.013 0.002 
143 FPPI_WM1025    (6)   15 :  0.015 0.003 0.002 0.045 0.818 0.006 0.013 0.003 0.014 0.027 0.002 0.003 0.007 0.036 0.006 0.002 
144 FPPI_WM1026    (1)   15 :  0.008 0.003 0.002 0.009 0.925 0.003 0.006 0.002 0.006 0.008 0.002 0.003 0.005 0.014 0.004 0.002 
145 FPPI_WM1027    (3)   15 :  0.005 0.002 0.002 0.006 0.703 0.003 0.006 0.002 0.005 0.006 0.002 0.002 0.245 0.005 0.005 0.001 
146 FPPI_WM1028    (2)   15 :  0.009 0.003 0.001 0.015 0.905 0.004 0.009 0.003 0.006 0.009 0.002 0.003 0.007 0.016 0.006 0.002 
147 FPPI_WM1029    (3)   15 :  0.018 0.003 0.002 0.111 0.642 0.005 0.037 0.005 0.022 0.030 0.002 0.005 0.012 0.097 0.008 0.002 
148 FPPI_WM1030    (1)   15 :  0.008 0.003 0.013 0.014 0.875 0.004 0.006 0.004 0.005 0.007 0.014 0.004 0.012 0.012 0.006 0.013 
149 CRWA_WM1082    (2)   16 :  0.004 0.002 0.002 0.007 0.004 0.003 0.008 0.002 0.006 0.006 0.002 0.002 0.003 0.007 0.940 0.002 
150 CRWA_WM1084    (5)   16 :  0.066 0.007 0.002 0.038 0.011 0.007 0.018 0.003 0.066 0.162 0.003 0.003 0.010 0.043 0.557 0.003 
151 CRWA_WM1085    (2)   16 :  0.020 0.010 0.002 0.065 0.011 0.012 0.021 0.002 0.042 0.033 0.002 0.004 0.008 0.065 0.700 0.002 
152 CRWA_WM1086    (9)   16 :  0.029 0.006 0.007 0.118 0.016 0.063 0.242 0.003 0.039 0.061 0.008 0.005 0.013 0.203 0.178 0.007 
153 CRWA_WM1087    (0)   16 :  0.013 0.013 0.054 0.108 0.011 0.005 0.022 0.002 0.017 0.026 0.082 0.016 0.013 0.058 0.490 0.068 
154 CRWA_WM1088    (1)   16 :  0.069 0.029 0.024 0.087 0.012 0.006 0.077 0.003 0.072 0.353 0.023 0.005 0.011 0.083 0.118 0.029 
155 CRWA_WM1089    (3)   16 :  0.038 0.003 0.002 0.074 0.008 0.005 0.037 0.002 0.013 0.024 0.002 0.004 0.012 0.067 0.708 0.002 
156 CRWA_WM1090    (0)   16 :  0.014 0.058 0.006 0.119 0.015 0.017 0.023 0.002 0.334 0.042 0.009 0.004 0.013 0.103 0.236 0.006 
157 CRWA_WM1092    (1)   16 :  0.027 0.009 0.069 0.067 0.011 0.007 0.014 0.002 0.014 0.039 0.064 0.003 0.010 0.065 0.531 0.067 
158 CRWA_WM1093    (1)   16 :  0.046 0.004 0.039 0.031 0.007 0.004 0.016 0.003 0.008 0.078 0.027 0.004 0.006 0.034 0.655 0.038 
159 PCRA_WM1141    (3)   17 :  0.011 0.591 0.004 0.043 0.014 0.016 0.014 0.002 0.142 0.018 0.003 0.005 0.011 0.051 0.071 0.003 
160 PCRA_WM1142    (3)   17 :  0.018 0.701 0.002 0.058 0.010 0.009 0.026 0.002 0.040 0.024 0.002 0.006 0.013 0.070 0.017 0.002 
161 PCRA_WM1143    (1)   17 :  0.021 0.499 0.002 0.101 0.019 0.011 0.045 0.002 0.102 0.054 0.003 0.005 0.012 0.109 0.014 0.002 
162 PCRA_WM1144    (2)   17 :  0.339 0.014 0.002 0.037 0.009 0.450 0.019 0.002 0.013 0.024 0.003 0.014 0.008 0.053 0.010 0.002 
163 PCRA_WM1145    (4)   17 :  0.027 0.388 0.006 0.118 0.018 0.011 0.034 0.003 0.093 0.082 0.004 0.028 0.020 0.130 0.033 0.005 
164 PCRA_WM1146    (2)   17 :  0.059 0.762 0.012 0.009 0.004 0.013 0.011 0.002 0.010 0.008 0.012 0.006 0.003 0.005 0.072 0.012 
165 PCRA_WM1147    (1)   17 :  0.023 0.187 0.003 0.175 0.015 0.008 0.028 0.003 0.220 0.062 0.002 0.004 0.009 0.124 0.134 0.002 
166 PCRA_WM1148    (0)   17 :  0.013 0.874 0.010 0.009 0.005 0.007 0.007 0.001 0.015 0.005 0.017 0.006 0.005 0.007 0.004 0.012 
167 PCRA_WM1149    (1)   17 :  0.048 0.737 0.016 0.012 0.006 0.016 0.009 0.002 0.006 0.019 0.018 0.071 0.006 0.011 0.008 0.014 
168 PCRA_WM1150    (0)   17 :  0.045 0.815 0.019 0.011 0.005 0.014 0.007 0.004 0.008 0.015 0.017 0.005 0.004 0.009 0.006 0.015 
169 DHFA_WM1202    (3)   18 :  0.017 0.005 0.003 0.052 0.034 0.006 0.033 0.715 0.016 0.025 0.002 0.008 0.009 0.061 0.013 0.003 
170 DHFA_WM1203    (1)   18 :  0.022 0.004 0.002 0.039 0.017 0.005 0.026 0.721 0.018 0.034 0.003 0.004 0.045 0.049 0.010 0.002 
171 DHFA_WM1204    (2)   18 :  0.016 0.004 0.003 0.026 0.011 0.008 0.024 0.782 0.016 0.032 0.003 0.004 0.013 0.043 0.012 0.003 
172 DHFA_WM1205    (5)   18 :  0.006 0.003 0.002 0.007 0.005 0.003 0.007 0.927 0.005 0.008 0.002 0.004 0.005 0.009 0.005 0.003 
173 DHFA_WM1206    (4)   18 :  0.008 0.003 0.002 0.012 0.005 0.004 0.012 0.906 0.007 0.009 0.002 0.003 0.006 0.012 0.005 0.003 
174 DHFA_WM1207    (2)   18 :  0.005 0.002 0.002 0.005 0.003 0.003 0.006 0.946 0.003 0.005 0.002 0.003 0.005 0.006 0.003 0.002 
175 DHFA_WM1208    (3)   18 :  0.008 0.003 0.002 0.011 0.005 0.005 0.009 0.911 0.007 0.010 0.002 0.004 0.007 0.011 0.004 0.002 
176 DHFA_WM1209    (1)   18 :  0.005 0.002 0.009 0.006 0.005 0.004 0.006 0.922 0.006 0.004 0.008 0.003 0.004 0.006 0.003 0.007 
177 DHFA_WM1210    (0)   18 :  0.004 0.002 0.005 0.003 0.002 0.002 0.004 0.956 0.002 0.002 0.004 0.002 0.003 0.002 0.003 0.005 
178 DHFA_WM1211    (2)   18 :  0.015 0.003 0.002 0.045 0.009 0.006 0.020 0.764 0.012 0.029 0.003 0.004 0.014 0.062 0.009 0.003 


Estimated Allele Frequencies in each cluster
First column gives estimated ancestral frequencies


Locus 1 : 953_21 
2 alleles
4.5% missing data
 120   (0.957) 0.999 0.996 0.957 0.994 0.814 0.998 0.999 0.997 1.000 1.000 0.960 0.998 0.999 1.000 0.999 0.957 
 100   (0.043) 0.001 0.004 0.043 0.006 0.186 0.002 0.001 0.003 0.000 0.000 0.040 0.002 0.001 0.000 0.001 0.043 

Locus 2 : 2370_26 
2 alleles
6.2% missing data
 110   (0.956) 0.999 0.996 0.956 0.996 0.999 0.998 0.999 0.997 0.999 1.000 0.959 0.997 0.637 1.000 0.999 0.956 
 130   (0.044) 0.001 0.004 0.044 0.004 0.001 0.002 0.001 0.003 0.001 0.000 0.041 0.003 0.363 0.000 0.001 0.044 

Locus 3 : 2692_87 
2 alleles
1.7% missing data
 130   (0.951) 0.999 0.995 0.951 0.995 0.999 0.998 0.999 0.766 0.999 1.000 0.955 0.997 0.999 1.000 0.999 0.951 
 120   (0.049) 0.001 0.005 0.049 0.005 0.001 0.002 0.001 0.234 0.001 0.000 0.045 0.003 0.001 0.000 0.001 0.049 

Locus 4 : 2828_58 
2 alleles
6.7% missing data
 100   (0.926) 0.983 0.837 0.925 0.979 0.997 0.994 0.998 0.995 0.998 0.992 0.923 0.995 0.997 0.999 0.996 0.925 
 120   (0.074) 0.017 0.163 0.075 0.021 0.003 0.006 0.002 0.005 0.002 0.008 0.077 0.005 0.003 0.001 0.004 0.075 

Locus 5 : 6398_73 
2 alleles
6.2% missing data
 130   (0.922) 0.998 0.992 0.922 0.992 0.593 0.996 0.999 0.652 0.999 1.000 0.928 0.995 0.998 1.000 0.998 0.922 
 100   (0.078) 0.002 0.008 0.078 0.008 0.407 0.004 0.001 0.348 0.001 0.000 0.072 0.005 0.002 0.000 0.002 0.078 

Locus 6 : 7469_71 
2 alleles
5.1% missing data
 130   (0.960) 0.998 0.994 0.960 0.995 0.997 0.997 0.999 0.997 0.999 1.000 0.960 0.997 0.998 0.991 0.998 0.960 
 110   (0.040) 0.002 0.006 0.040 0.005 0.003 0.003 0.001 0.003 0.001 0.000 0.040 0.003 0.002 0.009 0.002 0.040 

Locus 7 : 7615_47 
2 alleles
5.1% missing data
 130   (0.955) 0.997 0.993 0.955 0.992 0.997 0.997 0.997 0.996 0.999 0.999 0.955 0.996 0.997 0.997 0.998 0.955 
 100   (0.045) 0.003 0.007 0.045 0.008 0.003 0.003 0.003 0.004 0.001 0.001 0.045 0.004 0.003 0.003 0.002 0.045 

Locus 8 : 8211_10 
2 alleles
2.8% missing data
 120   (0.956) 0.999 0.996 0.956 0.997 0.999 0.998 0.999 0.937 0.999 1.000 0.959 0.997 0.999 1.000 0.999 0.956 
 100   (0.044) 0.001 0.004 0.044 0.003 0.001 0.002 0.001 0.063 0.001 0.000 0.041 0.003 0.001 0.000 0.001 0.044 

Locus 9 : 8394_14 
2 alleles
2.2% missing data
 110   (0.951) 0.999 0.995 0.951 0.995 0.763 0.997 0.999 0.997 0.999 1.000 0.954 0.997 0.985 1.000 0.999 0.951 
 130   (0.049) 0.001 0.005 0.049 0.005 0.237 0.003 0.001 0.003 0.001 0.000 0.046 0.003 0.015 0.000 0.001 0.049 

Locus 10 : 9621_63 
2 alleles
3.9% missing data
 130   (0.956) 0.999 0.996 0.957 0.996 0.998 0.998 0.999 0.940 0.999 1.000 0.959 0.997 0.999 1.000 0.999 0.957 
 110   (0.044) 0.001 0.004 0.043 0.004 0.002 0.002 0.001 0.060 0.001 0.000 0.041 0.003 0.001 0.000 0.001 0.043 

Locus 11 : 9880_35 
2 alleles
4.5% missing data
 120   (0.949) 0.999 0.995 0.949 0.995 0.999 0.997 0.999 0.707 0.999 1.000 0.953 0.996 0.999 1.000 0.999 0.949 
 100   (0.051) 0.001 0.005 0.051 0.005 0.001 0.003 0.001 0.293 0.001 0.000 0.047 0.004 0.001 0.000 0.001 0.051 

Locus 12 : 11163_16 
2 alleles
7.9% missing data
 130   (0.956) 0.999 0.996 0.957 0.995 0.999 0.998 0.999 0.915 0.999 1.000 0.959 0.997 0.999 1.000 0.999 0.957 
 110   (0.044) 0.001 0.004 0.043 0.005 0.001 0.002 0.001 0.085 0.001 0.000 0.041 0.003 0.001 0.000 0.001 0.043 

Locus 13 : 11991_31 
2 alleles
4.5% missing data
 120   (0.932) 0.992 0.990 0.932 0.971 0.997 0.974 0.998 0.995 0.991 0.999 0.917 0.995 0.998 0.999 0.992 0.932 
 100   (0.068) 0.008 0.010 0.068 0.029 0.003 0.026 0.002 0.005 0.009 0.001 0.083 0.005 0.002 0.001 0.008 0.068 

Locus 14 : 12766_17 
2 alleles
2.2% missing data
 120   (0.958) 0.999 0.941 0.958 0.995 0.999 0.998 0.999 0.997 0.999 1.000 0.960 0.995 0.999 1.000 0.999 0.958 
 100   (0.042) 0.001 0.059 0.042 0.005 0.001 0.002 0.001 0.003 0.001 0.000 0.040 0.005 0.001 0.000 0.001 0.042 

Locus 15 : 13496_14 
2 alleles
5.1% missing data
 110   (0.953) 0.999 0.995 0.953 0.996 0.999 0.998 0.999 0.997 0.999 1.000 0.955 0.691 0.999 1.000 0.999 0.953 
 100   (0.047) 0.001 0.005 0.047 0.004 0.001 0.002 0.001 0.003 0.001 0.000 0.045 0.309 0.001 0.000 0.001 0.047 

Locus 16 : 14394_41 
2 alleles
2.2% missing data
 130   (0.961) 0.999 0.937 0.961 0.996 0.999 0.998 0.999 0.997 0.999 1.000 0.962 0.998 0.999 1.000 0.999 0.961 
 110   (0.039) 0.001 0.063 0.039 0.004 0.001 0.002 0.001 0.003 0.001 0.000 0.038 0.002 0.001 0.000 0.001 0.039 

Locus 17 : 16285_24 
2 alleles
6.2% missing data
 130   (0.955) 0.999 0.996 0.955 0.996 0.999 0.998 0.999 0.876 0.999 1.000 0.958 0.997 0.999 1.000 0.999 0.955 
 100   (0.045) 0.001 0.004 0.045 0.004 0.001 0.002 0.001 0.124 0.001 0.000 0.042 0.003 0.001 0.000 0.001 0.045 

Locus 18 : 18821_69 
2 alleles
7.3% missing data
 120   (0.951) 0.999 0.995 0.952 0.994 0.998 0.997 0.745 0.997 0.999 1.000 0.955 0.997 0.999 1.000 0.998 0.952 
 110   (0.049) 0.001 0.005 0.048 0.006 0.002 0.003 0.255 0.003 0.001 0.000 0.045 0.003 0.001 0.000 0.002 0.048 

Locus 19 : 19006_32 
2 alleles
6.7% missing data
 120   (0.909) 0.998 0.991 0.910 0.990 0.653 0.996 0.998 0.664 0.999 1.000 0.914 0.994 0.974 1.000 0.997 0.909 
 110   (0.091) 0.002 0.009 0.090 0.010 0.347 0.004 0.002 0.336 0.001 0.000 0.086 0.006 0.026 0.000 0.003 0.091 

Locus 20 : 19602_58 
2 alleles
4.5% missing data
 120   (0.959) 0.999 0.996 0.959 0.996 0.999 0.998 0.999 0.974 0.999 1.000 0.962 0.998 0.999 1.000 0.999 0.959 
 100   (0.041) 0.001 0.004 0.041 0.004 0.001 0.002 0.001 0.026 0.001 0.000 0.038 0.002 0.001 0.000 0.001 0.041 

Locus 21 : 20143_24 
2 alleles
3.4% missing data
 120   (0.960) 0.999 0.996 0.960 0.996 0.999 0.998 0.999 0.997 1.000 1.000 0.960 0.970 0.999 1.000 0.999 0.960 
 100   (0.040) 0.001 0.004 0.040 0.004 0.001 0.002 0.001 0.003 0.000 0.000 0.040 0.030 0.001 0.000 0.001 0.040 

Locus 22 : 21661_29 
2 alleles
2.2% missing data
 120   (0.951) 0.999 0.995 0.952 0.994 0.999 0.998 0.999 0.893 0.999 1.000 0.955 0.997 0.999 1.000 0.999 0.952 
 100   (0.049) 0.001 0.005 0.048 0.006 0.001 0.002 0.001 0.107 0.001 0.000 0.045 0.003 0.001 0.000 0.001 0.048 

Locus 23 : 22603_12 
2 alleles
5.1% missing data
 130   (0.957) 0.999 0.996 0.957 0.995 0.999 0.998 0.999 0.945 0.999 1.000 0.960 0.997 0.999 1.000 0.999 0.957 
 110   (0.043) 0.001 0.004 0.043 0.005 0.001 0.002 0.001 0.055 0.001 0.000 0.040 0.003 0.001 0.000 0.001 0.043 

Locus 24 : 25109_23 
2 alleles
1.7% missing data
 120   (0.936) 0.997 0.950 0.936 0.992 0.998 0.996 0.998 0.995 0.994 1.000 0.939 0.994 0.998 0.999 0.843 0.936 
 100   (0.064) 0.003 0.050 0.064 0.008 0.002 0.004 0.002 0.005 0.006 0.000 0.061 0.006 0.002 0.001 0.157 0.064 

Locus 25 : 25511_77 
2 alleles
5.1% missing data
 130   (0.958) 0.999 0.996 0.959 0.996 0.999 0.998 0.999 0.997 0.999 1.000 0.961 0.998 0.884 1.000 0.999 0.959 
 110   (0.042) 0.001 0.004 0.041 0.004 0.001 0.002 0.001 0.003 0.001 0.000 0.039 0.002 0.116 0.000 0.001 0.041 

Locus 26 : 26816_9 
2 alleles
5.6% missing data
 110   (0.869) 0.971 0.986 0.868 0.953 0.996 0.797 0.994 0.991 0.981 0.999 0.865 0.985 0.996 0.999 0.699 0.869 
 130   (0.131) 0.029 0.014 0.132 0.047 0.004 0.203 0.006 0.009 0.019 0.001 0.135 0.015 0.004 0.001 0.301 0.131 

Locus 27 : 29455_86 
2 alleles
5.6% missing data
 120   (0.960) 0.999 0.993 0.960 0.993 0.999 0.998 0.999 0.997 0.996 1.000 0.958 0.997 0.999 1.000 0.999 0.960 
 110   (0.040) 0.001 0.007 0.040 0.007 0.001 0.002 0.001 0.003 0.004 0.000 0.042 0.003 0.001 0.000 0.001 0.040 

Locus 28 : 30970_30 
2 alleles
6.7% missing data
 120   (0.959) 0.999 0.995 0.959 0.995 0.999 0.998 0.999 0.997 0.999 1.000 0.961 0.963 0.999 1.000 0.999 0.959 
 110   (0.041) 0.001 0.005 0.041 0.005 0.001 0.002 0.001 0.003 0.001 0.000 0.039 0.037 0.001 0.000 0.001 0.041 

Locus 29 : 33052_5 
2 alleles
1.1% missing data
 130   (0.957) 0.999 0.995 0.957 0.995 0.999 0.998 0.976 0.997 0.999 1.000 0.959 0.997 0.999 1.000 0.994 0.957 
 110   (0.043) 0.001 0.005 0.043 0.005 0.001 0.002 0.024 0.003 0.001 0.000 0.041 0.003 0.001 0.000 0.006 0.043 

Locus 30 : 33744_32 
2 alleles
2.8% missing data
 130   (0.952) 0.999 0.995 0.952 0.996 0.999 0.998 0.893 0.997 0.999 1.000 0.954 0.997 0.999 1.000 0.999 0.952 
 110   (0.048) 0.001 0.005 0.048 0.004 0.001 0.002 0.107 0.003 0.001 0.000 0.046 0.003 0.001 0.000 0.001 0.048 

Locus 31 : 34805_8 
2 alleles
4.5% missing data
 110   (0.936) 0.998 0.754 0.936 0.991 0.998 0.997 0.999 0.996 0.995 1.000 0.938 0.996 0.998 1.000 0.998 0.936 
 120   (0.064) 0.002 0.246 0.064 0.009 0.002 0.003 0.001 0.004 0.005 0.000 0.062 0.004 0.002 0.000 0.002 0.064 

Locus 32 : 35345_10 
2 alleles
5.1% missing data
 130   (0.954) 0.998 0.994 0.954 0.993 0.998 0.998 0.943 0.997 0.999 0.999 0.956 0.997 0.998 0.996 0.998 0.954 
 110   (0.046) 0.002 0.006 0.046 0.007 0.002 0.002 0.057 0.003 0.001 0.001 0.044 0.003 0.002 0.004 0.002 0.046 

Locus 33 : 35769_30 
2 alleles
6.2% missing data
 110   (0.939) 0.998 0.935 0.939 0.993 0.998 0.997 0.999 0.996 0.999 1.000 0.941 0.963 0.998 1.000 0.996 0.939 
 100   (0.061) 0.002 0.065 0.061 0.007 0.002 0.003 0.001 0.004 0.001 0.000 0.059 0.037 0.002 0.000 0.004 0.061 

Locus 34 : 35965_89 
2 alleles
3.4% missing data
 130   (0.960) 0.998 0.996 0.960 0.996 0.999 0.998 0.999 0.997 0.999 1.000 0.960 0.997 0.999 1.000 0.984 0.960 
 100   (0.040) 0.002 0.004 0.040 0.004 0.001 0.002 0.001 0.003 0.001 0.000 0.040 0.003 0.001 0.000 0.016 0.040 

Locus 35 : 39654_13 
2 alleles
5.6% missing data
 120   (0.962) 0.999 0.996 0.961 0.990 0.999 0.989 0.999 0.997 1.000 1.000 0.956 0.998 0.999 1.000 0.999 0.961 
 100   (0.038) 0.001 0.004 0.039 0.010 0.001 0.011 0.001 0.003 0.000 0.000 0.044 0.002 0.001 0.000 0.001 0.039 

Locus 36 : 39700_65 
2 alleles
3.4% missing data
 110   (0.959) 0.998 0.995 0.959 0.995 0.999 0.997 0.999 0.997 0.998 1.000 0.957 0.996 0.999 1.000 0.999 0.959 
 120   (0.041) 0.002 0.005 0.041 0.005 0.001 0.003 0.001 0.003 0.002 0.000 0.043 0.004 0.001 0.000 0.001 0.041 

Locus 37 : 40824_7 
2 alleles
5.1% missing data
 130   (0.955) 0.999 0.995 0.955 0.994 0.998 0.930 0.999 0.997 0.999 1.000 0.957 0.996 0.999 1.000 0.998 0.955 
 110   (0.045) 0.001 0.005 0.045 0.006 0.002 0.070 0.001 0.003 0.001 0.000 0.043 0.004 0.001 0.000 0.002 0.045 

Locus 38 : 41554_43 
2 alleles
7.3% missing data
 120   (0.958) 0.999 0.995 0.958 0.996 0.998 0.998 0.999 0.997 0.999 1.000 0.961 0.959 0.999 1.000 0.998 0.958 
 100   (0.042) 0.001 0.005 0.042 0.004 0.002 0.002 0.001 0.003 0.001 0.000 0.039 0.041 0.001 0.000 0.002 0.042 

Locus 39 : 42501_5 
2 alleles
5.6% missing data
 120   (0.951) 0.999 0.995 0.952 0.995 0.999 0.998 0.999 0.918 0.999 1.000 0.955 0.997 0.999 1.000 0.998 0.952 
 110   (0.049) 0.001 0.005 0.048 0.005 0.001 0.002 0.001 0.082 0.001 0.000 0.045 0.003 0.001 0.000 0.002 0.048 

Locus 40 : 42989_15 
2 alleles
3.4% missing data
 130   (0.959) 0.999 0.996 0.959 0.995 0.999 0.926 0.999 0.997 0.999 1.000 0.961 0.997 0.999 1.000 0.999 0.959 
 110   (0.041) 0.001 0.004 0.041 0.005 0.001 0.074 0.001 0.003 0.001 0.000 0.039 0.003 0.001 0.000 0.001 0.041 

Locus 41 : 44631_16 
2 alleles
5.6% missing data
 120   (0.958) 0.999 0.996 0.959 0.996 0.999 0.998 0.999 0.997 0.999 1.000 0.960 0.849 0.999 1.000 0.999 0.959 
 110   (0.042) 0.001 0.004 0.041 0.004 0.001 0.002 0.001 0.003 0.001 0.000 0.040 0.151 0.001 0.000 0.001 0.041 

Locus 42 : 45332_74 
2 alleles
3.4% missing data
 130   (0.889) 0.627 0.859 0.890 0.986 0.996 0.800 0.988 0.992 0.976 0.998 0.895 0.993 0.996 1.000 0.996 0.890 
 110   (0.111) 0.373 0.141 0.110 0.014 0.004 0.200 0.012 0.008 0.024 0.002 0.105 0.007 0.004 0.000 0.004 0.110 

Locus 43 : 45964_12 
2 alleles
2.2% missing data
 100   (0.957) 0.999 0.996 0.957 0.995 0.999 0.998 0.999 0.996 0.999 1.000 0.960 0.997 0.963 1.000 0.999 0.957 
 130   (0.043) 0.001 0.004 0.043 0.005 0.001 0.002 0.001 0.004 0.001 0.000 0.040 0.003 0.037 0.000 0.001 0.043 

Locus 44 : 47772_18 
2 alleles
1.7% missing data
 120   (0.954) 0.999 0.996 0.954 0.996 0.999 0.998 0.999 0.815 0.999 1.000 0.957 0.997 0.999 1.000 0.999 0.954 
 100   (0.046) 0.001 0.004 0.046 0.004 0.001 0.002 0.001 0.185 0.001 0.000 0.043 0.003 0.001 0.000 0.001 0.046 

Locus 45 : 48505_7 
2 alleles
2.8% missing data
 130   (0.958) 0.988 0.995 0.958 0.994 0.999 0.998 0.999 0.997 0.999 0.999 0.958 0.997 0.999 1.000 0.999 0.958 
 110   (0.042) 0.012 0.005 0.042 0.006 0.001 0.002 0.001 0.003 0.001 0.001 0.042 0.003 0.001 0.000 0.001 0.042 

Locus 46 : 49838_13 
2 alleles
5.1% missing data
 120   (0.957) 0.880 0.996 0.957 0.996 0.999 0.998 0.999 0.997 0.999 1.000 0.961 0.997 0.999 1.000 0.999 0.957 
 100   (0.043) 0.120 0.004 0.043 0.004 0.001 0.002 0.001 0.003 0.001 0.000 0.039 0.003 0.001 0.000 0.001 0.043 

Locus 47 : 50793_47 
2 alleles
6.2% missing data
 120   (0.951) 0.998 0.995 0.952 0.994 0.999 0.865 0.999 0.996 0.999 1.000 0.955 0.991 0.998 1.000 0.998 0.952 
 100   (0.049) 0.002 0.005 0.048 0.006 0.001 0.135 0.001 0.004 0.001 0.000 0.045 0.009 0.002 0.000 0.002 0.048 

Locus 48 : 51471_5 
2 alleles
2.2% missing data
 110   (0.956) 0.999 0.996 0.956 0.995 0.891 0.998 0.999 0.997 1.000 1.000 0.959 0.997 0.999 1.000 0.999 0.956 
 120   (0.044) 0.001 0.004 0.044 0.005 0.109 0.002 0.001 0.003 0.000 0.000 0.041 0.003 0.001 0.000 0.001 0.044 

Locus 49 : 52408_45 
2 alleles
2.2% missing data
 130   (0.953) 0.999 0.995 0.954 0.995 0.999 0.998 0.999 0.997 0.999 1.000 0.957 0.815 0.999 1.000 0.999 0.954 
 110   (0.047) 0.001 0.005 0.046 0.005 0.001 0.002 0.001 0.003 0.001 0.000 0.043 0.185 0.001 0.000 0.001 0.046 

Locus 50 : 53046_18 
2 alleles
0.6% missing data
 120   (0.936) 0.998 0.993 0.936 0.992 0.998 0.928 0.995 0.995 0.999 1.000 0.936 0.996 0.998 1.000 0.998 0.936 
 100   (0.064) 0.002 0.007 0.064 0.008 0.002 0.072 0.005 0.005 0.001 0.000 0.064 0.004 0.002 0.000 0.002 0.064 

Locus 51 : 53230_50 
2 alleles
4.5% missing data
 120   (0.959) 0.999 0.996 0.959 0.996 0.999 0.998 0.999 0.997 1.000 1.000 0.962 0.998 0.846 1.000 0.999 0.959 
 110   (0.041) 0.001 0.004 0.041 0.004 0.001 0.002 0.001 0.003 0.000 0.000 0.038 0.002 0.154 0.000 0.001 0.041 

Locus 52 : 53957_5 
2 alleles
3.9% missing data
 130   (0.960) 0.999 0.995 0.960 0.994 0.999 0.991 0.999 0.997 0.999 1.000 0.959 0.998 0.999 1.000 0.999 0.960 
 110   (0.040) 0.001 0.005 0.040 0.006 0.001 0.009 0.001 0.003 0.001 0.000 0.041 0.002 0.001 0.000 0.001 0.040 

Locus 53 : 58003_89 
2 alleles
3.9% missing data
 120   (0.946) 0.997 0.991 0.946 0.991 0.997 0.994 0.996 0.996 0.988 0.998 0.940 0.996 0.995 0.995 0.980 0.946 
 100   (0.054) 0.003 0.009 0.054 0.009 0.003 0.006 0.004 0.004 0.012 0.002 0.060 0.004 0.005 0.005 0.020 0.054 

Locus 54 : 58412_58 
2 alleles
2.2% missing data
 110   (0.960) 0.999 0.996 0.960 0.996 0.999 0.998 0.999 0.975 0.999 1.000 0.962 0.997 0.999 1.000 0.999 0.960 
 100   (0.040) 0.001 0.004 0.040 0.004 0.001 0.002 0.001 0.025 0.001 0.000 0.038 0.003 0.001 0.000 0.001 0.040 

Locus 55 : 58452_11 
2 alleles
3.4% missing data
 120   (0.961) 0.999 0.996 0.961 0.995 0.999 0.998 0.999 0.997 1.000 1.000 0.959 0.997 0.999 1.000 0.993 0.961 
 130   (0.039) 0.001 0.004 0.039 0.005 0.001 0.002 0.001 0.003 0.000 0.000 0.041 0.003 0.001 0.000 0.007 0.039 

Locus 56 : 59409_85 
2 alleles
2.8% missing data
 130   (0.960) 0.999 0.996 0.960 0.993 0.999 0.998 0.999 0.997 0.997 1.000 0.952 0.997 0.999 1.000 0.999 0.960 
 100   (0.040) 0.001 0.004 0.040 0.007 0.001 0.002 0.001 0.003 0.003 0.000 0.048 0.003 0.001 0.000 0.001 0.040 

Locus 57 : 60620_10 
2 alleles
1.1% missing data
 120   (0.953) 0.999 0.995 0.953 0.995 0.999 0.998 0.999 0.892 0.999 1.000 0.957 0.997 0.999 1.000 0.999 0.953 
 130   (0.047) 0.001 0.005 0.047 0.005 0.001 0.002 0.001 0.108 0.001 0.000 0.043 0.003 0.001 0.000 0.001 0.047 

Locus 58 : 61541_77 
2 alleles
3.4% missing data
 120   (0.952) 0.999 0.995 0.952 0.995 0.999 0.998 0.999 0.841 0.999 1.000 0.955 0.997 0.999 1.000 0.999 0.952 
 100   (0.048) 0.001 0.005 0.048 0.005 0.001 0.002 0.001 0.159 0.001 0.000 0.045 0.003 0.001 0.000 0.001 0.048 

Locus 59 : 61756_42 
2 alleles
1.1% missing data
 130   (0.953) 0.999 0.995 0.954 0.996 0.999 0.998 0.999 0.823 0.999 1.000 0.957 0.997 0.999 1.000 0.999 0.953 
 110   (0.047) 0.001 0.005 0.046 0.004 0.001 0.002 0.001 0.177 0.001 0.000 0.043 0.003 0.001 0.000 0.001 0.047 

Locus 60 : 62497_19 
2 alleles
6.2% missing data
 130   (0.907) 0.988 0.945 0.907 0.989 0.995 0.994 0.997 0.993 0.985 0.989 0.909 0.870 0.995 0.998 0.964 0.907 
 110   (0.093) 0.012 0.055 0.093 0.011 0.005 0.006 0.003 0.007 0.015 0.011 0.091 0.130 0.005 0.002 0.036 0.093 

Locus 61 : 63024_50 
2 alleles
2.8% missing data
 120   (0.947) 0.999 0.994 0.946 0.994 0.998 0.998 0.999 0.996 0.999 1.000 0.939 0.997 0.998 1.000 0.971 0.947 
 100   (0.053) 0.001 0.006 0.054 0.006 0.002 0.002 0.001 0.004 0.001 0.000 0.061 0.003 0.002 0.000 0.029 0.053 

Locus 62 : 64492_50 
2 alleles
7.3% missing data
 120   (0.915) 0.998 0.989 0.916 0.989 0.997 0.931 0.998 0.994 0.998 1.000 0.921 0.886 0.997 1.000 0.963 0.916 
 100   (0.085) 0.002 0.011 0.084 0.011 0.003 0.069 0.002 0.006 0.002 0.000 0.079 0.114 0.003 0.000 0.037 0.084 

Locus 63 : 67984_34 
2 alleles
2.2% missing data
 120   (0.953) 0.999 0.995 0.953 0.997 0.999 0.998 0.999 0.867 0.999 1.000 0.957 0.997 0.999 1.000 0.999 0.953 
 100   (0.047) 0.001 0.005 0.047 0.003 0.001 0.002 0.001 0.133 0.001 0.000 0.043 0.003 0.001 0.000 0.001 0.047 

Locus 64 : 69199_10 
2 alleles
4.5% missing data
 120   (0.946) 0.999 0.994 0.946 0.994 0.998 0.997 0.999 0.996 0.999 1.000 0.944 0.997 0.998 1.000 0.393 0.946 
 100   (0.054) 0.001 0.006 0.054 0.006 0.002 0.003 0.001 0.004 0.001 0.000 0.056 0.003 0.002 0.000 0.607 0.054 

Locus 65 : 71368_77 
2 alleles
6.7% missing data
 100   (0.955) 0.999 0.996 0.956 0.997 0.564 0.998 0.999 0.997 0.999 1.000 0.959 0.997 0.999 1.000 0.999 0.956 
 110   (0.045) 0.001 0.004 0.044 0.003 0.436 0.002 0.001 0.003 0.001 0.000 0.041 0.003 0.001 0.000 0.001 0.044 

Locus 66 : 72276_35 
2 alleles
5.1% missing data
 130   (0.953) 0.998 0.995 0.953 0.996 0.999 0.900 0.999 0.997 0.999 1.000 0.954 0.997 0.998 1.000 0.998 0.953 
 120   (0.047) 0.002 0.005 0.047 0.004 0.001 0.100 0.001 0.003 0.001 0.000 0.046 0.003 0.002 0.000 0.002 0.047 

Locus 67 : 73554_16 
2 alleles
3.9% missing data
 100   (0.955) 0.999 0.856 0.956 0.994 0.999 0.998 0.999 0.997 0.999 1.000 0.957 0.997 0.999 1.000 0.999 0.956 
 130   (0.045) 0.001 0.144 0.044 0.006 0.001 0.002 0.001 0.003 0.001 0.000 0.043 0.003 0.001 0.000 0.001 0.044 

Locus 68 : 74575_32 
2 alleles
1.7% missing data
 120   (0.959) 0.999 0.996 0.959 0.990 0.999 0.990 0.999 0.997 1.000 1.000 0.954 0.997 0.999 1.000 0.999 0.958 
 100   (0.041) 0.001 0.004 0.041 0.010 0.001 0.010 0.001 0.003 0.000 0.000 0.046 0.003 0.001 0.000 0.001 0.042 

Locus 69 : 76504_10 
2 alleles
1.1% missing data
 110   (0.959) 0.999 0.996 0.959 0.996 0.999 0.998 0.815 0.997 0.999 1.000 0.962 0.998 0.999 1.000 0.999 0.959 
 100   (0.041) 0.001 0.004 0.041 0.004 0.001 0.002 0.185 0.003 0.001 0.000 0.038 0.002 0.001 0.000 0.001 0.041 

Locus 70 : 76561_35 
2 alleles
5.6% missing data
 120   (0.953) 0.999 0.995 0.954 0.994 0.999 0.998 0.999 0.997 0.999 1.000 0.957 0.553 0.998 1.000 0.999 0.954 
 100   (0.047) 0.001 0.005 0.046 0.006 0.001 0.002 0.001 0.003 0.001 0.000 0.043 0.447 0.002 0.000 0.001 0.046 

Locus 71 : 77346_16 
2 alleles
2.2% missing data
 130   (0.955) 0.999 0.995 0.955 0.995 0.999 0.998 0.927 0.997 0.999 1.000 0.958 0.997 0.999 1.000 0.999 0.955 
 110   (0.045) 0.001 0.005 0.045 0.005 0.001 0.002 0.073 0.003 0.001 0.000 0.042 0.003 0.001 0.000 0.001 0.045 

Locus 72 : 78631_40 
2 alleles
7.9% missing data
 120   (0.943) 0.998 0.994 0.943 0.992 0.998 0.818 0.999 0.996 0.999 1.000 0.946 0.995 0.998 1.000 0.998 0.943 
 110   (0.057) 0.002 0.006 0.057 0.008 0.002 0.182 0.001 0.004 0.001 0.000 0.054 0.005 0.002 0.000 0.002 0.057 

Locus 73 : 80366_12 
2 alleles
6.7% missing data
 130   (0.955) 0.998 0.995 0.955 0.994 0.999 0.997 0.999 0.997 0.998 1.000 0.954 0.995 0.999 1.000 0.998 0.955 
 110   (0.045) 0.002 0.005 0.045 0.006 0.001 0.003 0.001 0.003 0.002 0.000 0.046 0.005 0.001 0.000 0.002 0.045 

Locus 74 : 80499_10 
2 alleles
6.2% missing data
 130   (0.958) 0.999 0.996 0.958 0.995 0.998 0.998 0.999 0.997 0.999 1.000 0.961 0.998 0.823 1.000 0.999 0.958 
 100   (0.042) 0.001 0.004 0.042 0.005 0.002 0.002 0.001 0.003 0.001 0.000 0.039 0.002 0.177 0.000 0.001 0.042 

Locus 75 : 81141_31 
2 alleles
2.8% missing data
 120   (0.959) 0.988 0.996 0.959 0.994 0.999 0.998 0.999 0.997 0.999 0.999 0.958 0.997 0.999 1.000 0.999 0.959 
 100   (0.041) 0.012 0.004 0.041 0.006 0.001 0.002 0.001 0.003 0.001 0.001 0.042 0.003 0.001 0.000 0.001 0.041 

Locus 76 : 81662_33 
2 alleles
3.4% missing data
 120   (0.960) 0.999 0.996 0.959 0.994 0.999 0.998 0.999 0.997 0.996 1.000 0.957 0.997 0.999 1.000 0.999 0.959 
 110   (0.040) 0.001 0.004 0.041 0.006 0.001 0.002 0.001 0.003 0.004 0.000 0.043 0.003 0.001 0.000 0.001 0.041 

Locus 77 : 82002_8 
2 alleles
6.7% missing data
 100   (0.950) 0.999 0.995 0.951 0.994 0.999 0.998 0.999 0.678 0.999 1.000 0.954 0.997 0.999 1.000 0.999 0.951 
 110   (0.050) 0.001 0.005 0.049 0.006 0.001 0.002 0.001 0.322 0.001 0.000 0.046 0.003 0.001 0.000 0.001 0.049 

Locus 78 : 82631_34 
2 alleles
7.9% missing data
 120   (0.957) 0.995 0.995 0.956 0.986 0.999 0.994 0.999 0.997 0.999 0.999 0.955 0.996 0.999 1.000 0.997 0.956 
 100   (0.043) 0.005 0.005 0.044 0.014 0.001 0.006 0.001 0.003 0.001 0.001 0.045 0.004 0.001 0.000 0.003 0.044 

Locus 79 : 83247_84 
2 alleles
3.4% missing data
 110   (0.947) 0.999 0.995 0.947 0.994 0.999 0.780 0.999 0.996 0.999 1.000 0.949 0.997 0.999 1.000 0.998 0.947 
 100   (0.053) 0.001 0.005 0.053 0.006 0.001 0.220 0.001 0.004 0.001 0.000 0.051 0.003 0.001 0.000 0.002 0.053 

Locus 80 : 83916_5 
2 alleles
3.9% missing data
 130   (0.956) 0.999 0.996 0.956 0.995 0.999 0.998 0.999 0.997 0.999 0.849 0.960 0.997 0.999 1.000 0.999 0.956 
 110   (0.044) 0.001 0.004 0.044 0.005 0.001 0.002 0.001 0.003 0.001 0.151 0.040 0.003 0.001 0.000 0.001 0.044 

Locus 81 : 84971_7 
2 alleles
2.2% missing data
 120   (0.930) 0.996 0.989 0.930 0.984 0.997 0.994 0.957 0.995 0.996 0.996 0.930 0.995 0.998 0.995 0.986 0.930 
 110   (0.070) 0.004 0.011 0.070 0.016 0.003 0.006 0.043 0.005 0.004 0.004 0.070 0.005 0.002 0.005 0.014 0.070 

Locus 82 : 85247_77 
2 alleles
7.9% missing data
 120   (0.958) 0.993 0.994 0.958 0.994 0.998 0.997 0.998 0.997 0.998 0.994 0.958 0.996 0.998 0.999 0.998 0.958 
 110   (0.042) 0.007 0.006 0.042 0.006 0.002 0.003 0.002 0.003 0.002 0.006 0.042 0.004 0.002 0.001 0.002 0.042 

Locus 83 : 85248_24 
2 alleles
5.1% missing data
 100   (0.952) 0.999 0.995 0.952 0.996 0.999 0.998 0.999 0.860 0.999 1.000 0.955 0.997 0.999 1.000 0.999 0.952 
 120   (0.048) 0.001 0.005 0.048 0.004 0.001 0.002 0.001 0.140 0.001 0.000 0.045 0.003 0.001 0.000 0.001 0.048 

Locus 84 : 85402_12 
2 alleles
3.4% missing data
 120   (0.960) 0.999 0.996 0.960 0.992 0.999 0.998 0.999 0.997 0.997 1.000 0.952 0.997 0.999 1.000 0.999 0.960 
 100   (0.040) 0.001 0.004 0.040 0.008 0.001 0.002 0.001 0.003 0.003 0.000 0.048 0.003 0.001 0.000 0.001 0.040 

Locus 85 : 86588_18 
2 alleles
3.9% missing data
 120   (0.958) 0.999 0.995 0.958 0.995 0.999 0.998 0.999 0.997 0.999 1.000 0.953 0.997 0.999 1.000 0.990 0.958 
 100   (0.042) 0.001 0.005 0.042 0.005 0.001 0.002 0.001 0.003 0.001 0.000 0.047 0.003 0.001 0.000 0.010 0.042 

Locus 86 : 87070_60 
2 alleles
2.2% missing data
 100   (0.953) 0.999 0.862 0.953 0.994 0.999 0.998 0.999 0.997 0.999 1.000 0.955 0.997 0.999 1.000 0.999 0.953 
 130   (0.047) 0.001 0.138 0.047 0.006 0.001 0.002 0.001 0.003 0.001 0.000 0.045 0.003 0.001 0.000 0.001 0.047 

Locus 87 : 87747_31 
2 alleles
6.2% missing data
 120   (0.954) 0.999 0.995 0.954 0.996 0.999 0.997 0.999 0.915 0.999 1.000 0.957 0.997 0.999 1.000 0.999 0.954 
 110   (0.046) 0.001 0.005 0.046 0.004 0.001 0.003 0.001 0.085 0.001 0.000 0.043 0.003 0.001 0.000 0.001 0.046 

Locus 88 : 88455_10 
2 alleles
5.1% missing data
 130   (0.954) 0.999 0.996 0.955 0.995 0.999 0.997 0.999 0.997 0.999 1.000 0.958 0.787 0.999 1.000 0.998 0.955 
 100   (0.046) 0.001 0.004 0.045 0.005 0.001 0.003 0.001 0.003 0.001 0.000 0.042 0.213 0.001 0.000 0.002 0.045 

Locus 89 : 89005_12 
2 alleles
1.1% missing data
 120   (0.953) 0.999 0.995 0.954 0.996 0.999 0.998 0.999 0.893 0.999 1.000 0.957 0.997 0.999 1.000 0.999 0.954 
 130   (0.047) 0.001 0.005 0.046 0.004 0.001 0.002 0.001 0.107 0.001 0.000 0.043 0.003 0.001 0.000 0.001 0.046 

Locus 90 : 89213_8 
2 alleles
3.4% missing data
 130   (0.957) 0.999 0.996 0.957 0.995 0.999 0.998 0.999 0.972 1.000 1.000 0.960 0.997 0.999 1.000 0.999 0.957 
 110   (0.043) 0.001 0.004 0.043 0.005 0.001 0.002 0.001 0.028 0.000 0.000 0.040 0.003 0.001 0.000 0.001 0.043 

Locus 91 : 93475_13 
2 alleles
2.2% missing data
 130   (0.954) 0.999 0.996 0.954 0.995 0.999 0.998 0.999 0.866 0.999 1.000 0.957 0.997 0.999 1.000 0.999 0.954 
 110   (0.046) 0.001 0.004 0.046 0.005 0.001 0.002 0.001 0.134 0.001 0.000 0.043 0.003 0.001 0.000 0.001 0.046 

Locus 92 : 95749_27 
2 alleles
3.9% missing data
 120   (0.960) 0.999 0.996 0.960 0.996 0.999 0.998 0.999 0.971 1.000 1.000 0.963 0.998 0.999 1.000 0.999 0.960 
 100   (0.040) 0.001 0.004 0.040 0.004 0.001 0.002 0.001 0.029 0.000 0.000 0.037 0.002 0.001 0.000 0.001 0.040 

Locus 93 : 98167_26 
2 alleles
3.4% missing data
 120   (0.929) 0.997 0.908 0.929 0.991 0.997 0.996 0.992 0.995 0.975 0.999 0.929 0.992 0.997 0.999 0.991 0.929 
 110   (0.071) 0.003 0.092 0.071 0.009 0.003 0.004 0.008 0.005 0.025 0.001 0.071 0.008 0.003 0.001 0.009 0.071 

Locus 94 : 98988_58 
2 alleles
2.2% missing data
 130   (0.958) 0.999 0.995 0.958 0.995 0.999 0.998 0.999 0.975 0.999 1.000 0.961 0.997 0.998 1.000 0.999 0.958 
 110   (0.042) 0.001 0.005 0.042 0.005 0.001 0.002 0.001 0.025 0.001 0.000 0.039 0.003 0.002 0.000 0.001 0.042 

Locus 95 : 103824_15 
2 alleles
3.4% missing data
 130   (0.952) 0.999 0.995 0.952 0.995 0.999 0.998 0.999 0.813 0.999 1.000 0.956 0.997 0.999 1.000 0.999 0.952 
 110   (0.048) 0.001 0.005 0.048 0.005 0.001 0.002 0.001 0.187 0.001 0.000 0.044 0.003 0.001 0.000 0.001 0.048 

Locus 96 : 108043_8 
2 alleles
4.5% missing data
 130   (0.957) 0.998 0.996 0.957 0.995 0.999 0.998 0.922 0.997 0.999 1.000 0.960 0.997 0.999 1.000 0.999 0.957 
 110   (0.043) 0.002 0.004 0.043 0.005 0.001 0.002 0.078 0.003 0.001 0.000 0.040 0.003 0.001 0.000 0.001 0.043 

Locus 97 : 108049_79 
2 alleles
2.8% missing data
 120   (0.961) 0.999 0.996 0.960 0.994 0.999 0.998 0.999 0.997 0.997 1.000 0.958 0.998 0.999 1.000 0.999 0.961 
 100   (0.039) 0.001 0.004 0.040 0.006 0.001 0.002 0.001 0.003 0.003 0.000 0.042 0.002 0.001 0.000 0.001 0.039 

Locus 98 : 108366_5 
2 alleles
2.8% missing data
 130   (0.956) 0.999 0.996 0.956 0.995 0.999 0.998 0.999 0.920 0.999 1.000 0.959 0.997 0.999 1.000 0.999 0.956 
 100   (0.044) 0.001 0.004 0.044 0.005 0.001 0.002 0.001 0.080 0.001 0.000 0.041 0.003 0.001 0.000 0.001 0.044 

Locus 99 : 108403_10 
2 alleles
6.2% missing data
 130   (0.954) 0.999 0.996 0.954 0.994 0.999 0.997 0.994 0.996 0.999 1.000 0.953 0.997 0.999 1.000 0.999 0.954 
 110   (0.046) 0.001 0.004 0.046 0.006 0.001 0.003 0.006 0.004 0.001 0.000 0.047 0.003 0.001 0.000 0.001 0.046 

Locus 100 : 109283_38 
2 alleles
3.9% missing data
 120   (0.871) 0.537 0.985 0.871 0.958 0.995 0.982 0.995 0.991 0.904 0.525 0.870 0.992 0.996 0.993 0.953 0.870 
 100   (0.129) 0.463 0.015 0.129 0.042 0.005 0.018 0.005 0.009 0.096 0.475 0.130 0.008 0.004 0.007 0.047 0.130 

Locus 101 : 109527_54 
2 alleles
7.3% missing data
 110   (0.949) 0.999 0.995 0.949 0.995 0.999 0.813 0.999 0.996 0.999 1.000 0.952 0.997 0.999 1.000 0.998 0.949 
 130   (0.051) 0.001 0.005 0.051 0.005 0.001 0.187 0.001 0.004 0.001 0.000 0.048 0.003 0.001 0.000 0.002 0.051 

Locus 102 : 109804_31 
2 alleles
2.2% missing data
 130   (0.953) 0.999 0.996 0.954 0.995 0.999 0.998 0.999 0.947 0.999 1.000 0.957 0.997 0.999 1.000 0.999 0.954 
 100   (0.047) 0.001 0.004 0.046 0.005 0.001 0.002 0.001 0.053 0.001 0.000 0.043 0.003 0.001 0.000 0.001 0.046 

Locus 103 : 112614_46 
2 alleles
5.1% missing data
 120   (0.951) 0.999 0.995 0.952 0.994 0.998 0.998 0.999 0.886 0.999 1.000 0.955 0.997 0.999 1.000 0.998 0.952 
 100   (0.049) 0.001 0.005 0.048 0.006 0.002 0.002 0.001 0.114 0.001 0.000 0.045 0.003 0.001 0.000 0.002 0.048 

Locus 104 : 112906_14 
2 alleles
3.9% missing data
 110   (0.886) 0.875 0.959 0.887 0.976 0.997 0.743 0.998 0.992 0.999 0.999 0.891 0.713 0.997 1.000 0.996 0.887 
 120   (0.114) 0.125 0.041 0.113 0.024 0.003 0.257 0.002 0.008 0.001 0.001 0.109 0.287 0.003 0.000 0.004 0.113 

Locus 105 : 113735_32 
2 alleles
6.7% missing data
 120   (0.958) 0.999 0.996 0.958 0.996 0.999 0.998 0.999 0.997 0.999 1.000 0.959 0.970 0.999 1.000 0.998 0.958 
 100   (0.042) 0.001 0.004 0.042 0.004 0.001 0.002 0.001 0.003 0.001 0.000 0.041 0.030 0.001 0.000 0.002 0.042 

Locus 106 : 115028_7 
2 alleles
3.9% missing data
 120   (0.957) 0.999 0.996 0.957 0.995 0.999 0.998 0.999 0.997 0.999 1.000 0.959 0.960 0.999 1.000 0.999 0.957 
 100   (0.043) 0.001 0.004 0.043 0.005 0.001 0.002 0.001 0.003 0.001 0.000 0.041 0.040 0.001 0.000 0.001 0.043 

Locus 107 : 115179_16 
2 alleles
2.2% missing data
 120   (0.955) 0.999 0.996 0.955 0.995 0.999 0.998 0.999 0.910 0.999 1.000 0.959 0.997 0.999 1.000 0.999 0.955 
 110   (0.045) 0.001 0.004 0.045 0.005 0.001 0.002 0.001 0.090 0.001 0.000 0.041 0.003 0.001 0.000 0.001 0.045 

Locus 108 : 116753_51 
2 alleles
7.3% missing data
 120   (0.957) 0.918 0.996 0.958 0.993 0.998 0.998 0.999 0.997 0.999 1.000 0.960 0.996 0.999 1.000 0.999 0.958 
 100   (0.043) 0.082 0.004 0.042 0.007 0.002 0.002 0.001 0.003 0.001 0.000 0.040 0.004 0.001 0.000 0.001 0.042 

Locus 109 : 116931_31 
2 alleles
7.9% missing data
 120   (0.959) 0.999 0.996 0.959 0.996 0.999 0.998 0.999 0.997 0.999 1.000 0.957 0.997 0.999 1.000 0.991 0.959 
 110   (0.041) 0.001 0.004 0.041 0.004 0.001 0.002 0.001 0.003 0.001 0.000 0.043 0.003 0.001 0.000 0.009 0.041 

Locus 110 : 116938_8 
2 alleles
4.5% missing data
 130   (0.916) 0.852 0.951 0.916 0.992 0.998 0.880 0.998 0.994 0.999 0.999 0.920 0.995 0.998 1.000 0.996 0.916 
 110   (0.084) 0.148 0.049 0.084 0.008 0.002 0.120 0.002 0.006 0.001 0.001 0.080 0.005 0.002 0.000 0.004 0.084 

Locus 111 : 122302_80 
2 alleles
10.1% missing data
 110   (0.961) 0.999 0.996 0.961 0.996 0.999 0.998 0.999 0.997 0.999 1.000 0.962 0.997 0.998 1.000 0.966 0.961 
 100   (0.039) 0.001 0.004 0.039 0.004 0.001 0.002 0.001 0.003 0.001 0.000 0.038 0.003 0.002 0.000 0.034 0.039 

Locus 112 : 123190_14 
2 alleles
3.4% missing data
 120   (0.945) 0.998 0.994 0.944 0.994 0.998 0.997 0.999 0.996 0.999 1.000 0.939 0.996 0.998 1.000 0.958 0.944 
 130   (0.055) 0.002 0.006 0.056 0.006 0.002 0.003 0.001 0.004 0.001 0.000 0.061 0.004 0.002 0.000 0.042 0.056 

Locus 113 : 123271_36 
2 alleles
3.9% missing data
 100   (0.954) 0.999 0.996 0.954 0.995 0.999 0.998 0.999 0.859 0.999 1.000 0.957 0.997 0.999 1.000 0.999 0.954 
 110   (0.046) 0.001 0.004 0.046 0.005 0.001 0.002 0.001 0.141 0.001 0.000 0.043 0.003 0.001 0.000 0.001 0.046 

Locus 114 : 124147_18 
2 alleles
2.2% missing data
 130   (0.958) 0.999 0.764 0.958 0.996 0.999 0.998 0.999 0.997 0.999 1.000 0.961 0.997 0.999 1.000 0.999 0.958 
 110   (0.042) 0.001 0.236 0.042 0.004 0.001 0.002 0.001 0.003 0.001 0.000 0.039 0.003 0.001 0.000 0.001 0.042 

Locus 115 : 124184_33 
2 alleles
5.6% missing data
 110   (0.955) 0.999 0.996 0.955 0.995 0.999 0.998 0.999 0.911 0.999 1.000 0.959 0.997 0.999 1.000 0.999 0.955 
 100   (0.045) 0.001 0.004 0.045 0.005 0.001 0.002 0.001 0.089 0.001 0.000 0.041 0.003 0.001 0.000 0.001 0.045 

Locus 116 : 125404_24 
2 alleles
1.1% missing data
 130   (0.958) 0.999 0.996 0.958 0.996 0.999 0.998 0.999 0.997 0.999 1.000 0.961 0.765 0.999 1.000 0.999 0.958 
 110   (0.042) 0.001 0.004 0.042 0.004 0.001 0.002 0.001 0.003 0.001 0.000 0.039 0.235 0.001 0.000 0.001 0.042 

Locus 117 : 125436_43 
2 alleles
3.9% missing data
 130   (0.929) 0.998 0.993 0.929 0.991 0.998 0.841 0.999 0.995 0.999 1.000 0.934 0.707 0.998 1.000 0.998 0.929 
 100   (0.071) 0.002 0.007 0.071 0.009 0.002 0.159 0.001 0.005 0.001 0.000 0.066 0.293 0.002 0.000 0.002 0.071 

Locus 118 : 126013_18 
2 alleles
2.8% missing data
 130   (0.960) 0.999 0.996 0.960 0.996 0.998 0.998 0.999 0.997 1.000 1.000 0.963 0.998 0.805 1.000 0.999 0.960 
 110   (0.040) 0.001 0.004 0.040 0.004 0.002 0.002 0.001 0.003 0.000 0.000 0.037 0.002 0.195 0.000 0.001 0.040 

Locus 119 : 126137_19 
2 alleles
3.9% missing data
 120   (0.958) 0.999 0.995 0.958 0.993 0.999 0.982 0.999 0.997 0.999 1.000 0.960 0.986 0.999 1.000 0.999 0.958 
 110   (0.042) 0.001 0.005 0.042 0.007 0.001 0.018 0.001 0.003 0.001 0.000 0.040 0.014 0.001 0.000 0.001 0.042 

Locus 120 : 126845_22 
2 alleles
5.6% missing data
 130   (0.958) 0.999 0.995 0.958 0.995 0.999 0.998 0.999 0.997 0.999 1.000 0.960 0.963 0.999 1.000 0.999 0.958 
 110   (0.042) 0.001 0.005 0.042 0.005 0.001 0.002 0.001 0.003 0.001 0.000 0.040 0.037 0.001 0.000 0.001 0.042 

Locus 121 : 127512_8 
2 alleles
1.1% missing data
 130   (0.960) 0.999 0.996 0.960 0.996 0.999 0.998 0.999 0.997 1.000 1.000 0.963 0.998 0.852 1.000 0.999 0.960 
 100   (0.040) 0.001 0.004 0.040 0.004 0.001 0.002 0.001 0.003 0.000 0.000 0.037 0.002 0.148 0.000 0.001 0.040 

Locus 122 : 127692_13 
2 alleles
2.8% missing data
 100   (0.951) 0.999 0.995 0.951 0.992 0.999 0.942 0.999 0.997 0.999 1.000 0.950 0.997 0.999 1.000 0.999 0.950 
 120   (0.049) 0.001 0.005 0.049 0.008 0.001 0.058 0.001 0.003 0.001 0.000 0.050 0.003 0.001 0.000 0.001 0.050 

Locus 123 : 128195_18 
2 alleles
7.3% missing data
 130   (0.872) 0.996 0.429 0.872 0.986 0.996 0.919 0.998 0.991 0.409 0.999 0.863 0.989 0.996 0.999 0.976 0.872 
 110   (0.128) 0.004 0.571 0.128 0.014 0.004 0.081 0.002 0.009 0.591 0.001 0.137 0.011 0.004 0.001 0.024 0.128 

Locus 124 : 128198_14 
2 alleles
4.5% missing data
 130   (0.933) 0.998 0.994 0.934 0.993 0.998 0.997 0.999 0.924 0.999 1.000 0.938 0.996 0.828 1.000 0.998 0.933 
 120   (0.067) 0.002 0.006 0.066 0.007 0.002 0.003 0.001 0.076 0.001 0.000 0.062 0.004 0.172 0.000 0.002 0.067 

Locus 125 : 128423_39 
2 alleles
4.5% missing data
 130   (0.959) 0.999 0.993 0.959 0.993 0.999 0.998 0.999 0.997 0.995 1.000 0.958 0.997 0.999 1.000 0.999 0.959 
 100   (0.041) 0.001 0.007 0.041 0.007 0.001 0.002 0.001 0.003 0.005 0.000 0.042 0.003 0.001 0.000 0.001 0.041 

Locus 126 : 131572_48 
2 alleles
1.1% missing data
 120   (0.952) 0.946 0.995 0.952 0.992 0.998 0.998 0.999 0.997 0.999 0.999 0.952 0.997 0.998 1.000 0.998 0.952 
 100   (0.048) 0.054 0.005 0.048 0.008 0.002 0.002 0.001 0.003 0.001 0.001 0.048 0.003 0.002 0.000 0.002 0.048 

Locus 127 : 132199_62 
2 alleles
3.9% missing data
 100   (0.950) 0.999 0.995 0.950 0.993 0.999 0.998 0.999 0.753 0.999 1.000 0.953 0.997 0.999 1.000 0.999 0.950 
 120   (0.050) 0.001 0.005 0.050 0.007 0.001 0.002 0.001 0.247 0.001 0.000 0.047 0.003 0.001 0.000 0.001 0.050 

Locus 128 : 135566_64 
2 alleles
7.3% missing data
 130   (0.961) 0.999 0.996 0.960 0.992 0.999 0.998 0.999 0.997 0.997 1.000 0.952 0.998 0.999 1.000 0.999 0.961 
 110   (0.039) 0.001 0.004 0.040 0.008 0.001 0.002 0.001 0.003 0.003 0.000 0.048 0.002 0.001 0.000 0.001 0.039 

Locus 129 : 135761_5 
2 alleles
7.9% missing data
 130   (0.954) 0.999 0.996 0.954 0.995 0.999 0.998 0.999 0.905 0.999 1.000 0.958 0.997 0.998 1.000 0.999 0.954 
 100   (0.046) 0.001 0.004 0.046 0.005 0.001 0.002 0.001 0.095 0.001 0.000 0.042 0.003 0.002 0.000 0.001 0.046 

Locus 130 : 137219_35 
2 alleles
3.4% missing data
 120   (0.941) 0.998 0.994 0.939 0.988 0.998 0.997 0.999 0.996 0.984 1.000 0.929 0.996 0.998 1.000 0.998 0.940 
 100   (0.059) 0.002 0.006 0.061 0.012 0.002 0.003 0.001 0.004 0.016 0.000 0.071 0.004 0.002 0.000 0.002 0.060 

Locus 131 : 139081_20 
2 alleles
5.6% missing data
 120   (0.943) 0.995 0.939 0.943 0.994 0.998 0.973 0.999 0.996 0.999 0.999 0.945 0.996 0.998 1.000 0.998 0.943 
 110   (0.057) 0.005 0.061 0.057 0.006 0.002 0.027 0.001 0.004 0.001 0.001 0.055 0.004 0.002 0.000 0.002 0.057 

Locus 132 : 139084_52 
2 alleles
5.1% missing data
 120   (0.915) 0.998 0.834 0.915 0.987 0.997 0.996 0.998 0.994 0.993 1.000 0.907 0.994 0.997 1.000 0.948 0.915 
 110   (0.085) 0.002 0.166 0.085 0.013 0.003 0.004 0.002 0.006 0.007 0.000 0.093 0.006 0.003 0.000 0.052 0.085 

Locus 133 : 139433_54 
2 alleles
3.9% missing data
 120   (0.952) 0.999 0.995 0.952 0.995 0.999 0.998 0.999 0.946 0.999 1.000 0.955 0.997 0.999 1.000 0.999 0.952 
 100   (0.048) 0.001 0.005 0.048 0.005 0.001 0.002 0.001 0.054 0.001 0.000 0.045 0.003 0.001 0.000 0.001 0.048 

Locus 134 : 140063_88 
2 alleles
7.9% missing data
 110   (0.956) 0.999 0.994 0.955 0.993 0.999 0.990 0.999 0.997 0.999 1.000 0.954 0.997 0.999 1.000 0.999 0.955 
 100   (0.044) 0.001 0.006 0.045 0.007 0.001 0.010 0.001 0.003 0.001 0.000 0.046 0.003 0.001 0.000 0.001 0.045 

Locus 135 : 140194_73 
2 alleles
2.8% missing data
 120   (0.961) 0.999 0.994 0.961 0.995 0.954 0.998 0.999 0.997 0.999 1.000 0.963 0.997 0.999 1.000 0.999 0.961 
 110   (0.039) 0.001 0.006 0.039 0.005 0.046 0.002 0.001 0.003 0.001 0.000 0.037 0.003 0.001 0.000 0.001 0.039 

Locus 136 : 141313_8 
2 alleles
2.8% missing data
 120   (0.956) 0.999 0.996 0.956 0.995 0.999 0.998 0.999 0.920 0.999 1.000 0.959 0.997 0.999 1.000 0.999 0.956 
 100   (0.044) 0.001 0.004 0.044 0.005 0.001 0.002 0.001 0.080 0.001 0.000 0.041 0.003 0.001 0.000 0.001 0.044 

Locus 137 : 145284_28 
2 alleles
2.8% missing data
 130   (0.954) 0.999 0.625 0.954 0.995 0.999 0.998 0.999 0.997 0.999 1.000 0.957 0.997 0.999 1.000 0.999 0.954 
 110   (0.046) 0.001 0.375 0.046 0.005 0.001 0.002 0.001 0.003 0.001 0.000 0.043 0.003 0.001 0.000 0.001 0.046 

Locus 138 : 145957_11 
2 alleles
4.5% missing data
 130   (0.957) 0.999 0.995 0.957 0.996 0.999 0.998 0.999 0.997 0.999 0.873 0.960 0.997 0.999 1.000 0.999 0.957 
 110   (0.043) 0.001 0.005 0.043 0.004 0.001 0.002 0.001 0.003 0.001 0.127 0.040 0.003 0.001 0.000 0.001 0.043 

Locus 139 : 160306_34 
2 alleles
2.8% missing data
 120   (0.927) 0.984 0.992 0.927 0.981 0.998 0.954 0.999 0.995 0.999 0.999 0.931 0.790 0.998 1.000 0.997 0.927 
 100   (0.073) 0.016 0.008 0.073 0.019 0.002 0.046 0.001 0.005 0.001 0.001 0.069 0.210 0.002 0.000 0.003 0.073 

Locus 140 : 162107_37 
2 alleles
3.4% missing data
 120   (0.937) 0.998 0.994 0.937 0.987 0.998 0.989 0.999 0.995 0.999 1.000 0.933 0.905 0.998 1.000 0.998 0.937 
 100   (0.063) 0.002 0.006 0.063 0.013 0.002 0.011 0.001 0.005 0.001 0.000 0.067 0.095 0.002 0.000 0.002 0.063 

Locus 141 : 163290_36 
2 alleles
5.1% missing data
 130   (0.919) 0.995 0.725 0.919 0.987 0.997 0.996 0.998 0.994 0.982 0.997 0.921 0.995 0.997 0.998 0.900 0.919 
 110   (0.081) 0.005 0.275 0.081 0.013 0.003 0.004 0.002 0.006 0.018 0.003 0.079 0.005 0.003 0.002 0.100 0.081 

Locus 142 : 163453_13 
2 alleles
5.6% missing data
 120   (0.958) 0.999 0.995 0.958 0.996 0.999 0.998 0.999 0.997 0.999 1.000 0.956 0.997 0.998 1.000 0.993 0.958 
 110   (0.042) 0.001 0.005 0.042 0.004 0.001 0.002 0.001 0.003 0.001 0.000 0.044 0.003 0.002 0.000 0.007 0.042 

Locus 143 : 163580_14 
2 alleles
10.1% missing data
 120   (0.955) 0.999 0.996 0.956 0.995 0.999 0.998 0.999 0.997 0.999 1.000 0.958 0.997 0.999 0.863 0.998 0.956 
 100   (0.045) 0.001 0.004 0.044 0.005 0.001 0.002 0.001 0.003 0.001 0.000 0.042 0.003 0.001 0.137 0.002 0.044 

Locus 144 : 164461_13 
2 alleles
5.6% missing data
 100   (0.956) 0.999 0.996 0.956 0.993 0.999 0.997 0.999 0.997 0.999 1.000 0.959 0.997 0.999 1.000 0.865 0.956 
 120   (0.044) 0.001 0.004 0.044 0.007 0.001 0.003 0.001 0.003 0.001 0.000 0.041 0.003 0.001 0.000 0.135 0.044 

Locus 145 : 165413_43 
2 alleles
1.7% missing data
 110   (0.948) 0.998 0.994 0.948 0.989 0.999 0.949 0.999 0.996 0.999 1.000 0.942 0.997 0.998 1.000 0.997 0.947 
 130   (0.052) 0.002 0.006 0.052 0.011 0.001 0.051 0.001 0.004 0.001 0.000 0.058 0.003 0.002 0.000 0.003 0.053 

Locus 146 : 168629_44 
2 alleles
5.6% missing data
 130   (0.947) 0.998 0.991 0.947 0.994 0.998 0.964 0.999 0.996 0.991 1.000 0.944 0.997 0.997 1.000 0.987 0.947 
 110   (0.053) 0.002 0.009 0.053 0.006 0.002 0.036 0.001 0.004 0.009 0.000 0.056 0.003 0.003 0.000 0.013 0.053 

Locus 147 : 168991_77 
2 alleles
5.6% missing data
 110   (0.850) 0.888 0.980 0.850 0.958 0.995 0.894 0.996 0.990 0.962 0.999 0.838 0.660 0.995 0.999 0.987 0.850 
 100   (0.150) 0.112 0.020 0.150 0.042 0.005 0.106 0.004 0.010 0.038 0.001 0.162 0.340 0.005 0.001 0.013 0.150 

Locus 148 : 169478_88 
2 alleles
5.1% missing data
 130   (0.960) 0.999 0.996 0.960 0.995 0.967 0.998 0.999 0.997 0.999 1.000 0.961 0.997 0.999 1.000 0.999 0.960 
 100   (0.040) 0.001 0.004 0.040 0.005 0.033 0.002 0.001 0.003 0.001 0.000 0.039 0.003 0.001 0.000 0.001 0.040 

Locus 149 : 169898_8 
2 alleles
6.2% missing data
 120   (0.938) 0.995 0.993 0.939 0.993 0.998 0.921 0.999 0.995 0.999 1.000 0.942 0.995 0.998 1.000 0.971 0.938 
 100   (0.062) 0.005 0.007 0.061 0.007 0.002 0.079 0.001 0.005 0.001 0.000 0.058 0.005 0.002 0.000 0.029 0.062 

Locus 150 : 170224_42 
2 alleles
7.3% missing data
 100   (0.912) 0.997 0.982 0.912 0.980 0.997 0.946 0.998 0.993 0.977 0.999 0.896 0.994 0.997 0.999 0.803 0.911 
 120   (0.088) 0.003 0.018 0.088 0.020 0.003 0.054 0.002 0.007 0.023 0.001 0.104 0.006 0.003 0.001 0.197 0.089 

Locus 151 : 174083_22 
2 alleles
3.9% missing data
 120   (0.950) 0.999 0.995 0.951 0.996 0.999 0.998 0.999 0.787 0.999 1.000 0.954 0.997 0.999 1.000 0.999 0.951 
 100   (0.050) 0.001 0.005 0.049 0.004 0.001 0.002 0.001 0.213 0.001 0.000 0.046 0.003 0.001 0.000 0.001 0.049 

Locus 152 : 174223_24 
2 alleles
2.8% missing data
 120   (0.958) 0.999 0.996 0.957 0.996 0.999 0.998 0.994 0.997 0.999 1.000 0.956 0.997 0.999 1.000 0.999 0.957 
 100   (0.042) 0.001 0.004 0.043 0.004 0.001 0.002 0.006 0.003 0.001 0.000 0.044 0.003 0.001 0.000 0.001 0.043 

Locus 153 : 174263_44 
2 alleles
3.9% missing data
 130   (0.953) 0.999 0.996 0.953 0.996 0.996 0.998 0.999 0.997 0.999 1.000 0.957 0.997 0.731 1.000 0.999 0.953 
 110   (0.047) 0.001 0.004 0.047 0.004 0.004 0.002 0.001 0.003 0.001 0.000 0.043 0.003 0.269 0.000 0.001 0.047 

Locus 154 : 175657_6 
2 alleles
8.4% missing data
 100   (0.930) 0.998 0.993 0.931 0.992 0.998 0.924 0.999 0.994 0.999 1.000 0.935 0.763 0.998 1.000 0.998 0.931 
 130   (0.070) 0.002 0.007 0.069 0.008 0.002 0.076 0.001 0.006 0.001 0.000 0.065 0.237 0.002 0.000 0.002 0.069 

Locus 155 : 176570_23 
2 alleles
3.9% missing data
 130   (0.951) 0.984 0.994 0.951 0.985 0.995 0.996 0.995 0.996 0.997 0.984 0.946 0.997 0.996 0.999 0.995 0.950 
 110   (0.049) 0.016 0.006 0.049 0.015 0.005 0.004 0.005 0.004 0.003 0.016 0.054 0.003 0.004 0.001 0.005 0.050 

Locus 156 : 176775_13 
2 alleles
6.7% missing data
 130   (0.948) 0.999 0.994 0.948 0.995 0.999 0.997 0.999 0.708 0.999 1.000 0.952 0.997 0.999 1.000 0.998 0.948 
 110   (0.052) 0.001 0.006 0.052 0.005 0.001 0.003 0.001 0.292 0.001 0.000 0.048 0.003 0.001 0.000 0.002 0.052 

Locus 157 : 178448_19 
2 alleles
3.4% missing data
 120   (0.953) 0.999 0.995 0.954 0.996 0.999 0.998 0.999 0.883 0.999 1.000 0.957 0.997 0.999 1.000 0.999 0.954 
 100   (0.047) 0.001 0.005 0.046 0.004 0.001 0.002 0.001 0.117 0.001 0.000 0.043 0.003 0.001 0.000 0.001 0.046 

Locus 158 : 179162_16 
2 alleles
6.2% missing data
 120   (0.958) 0.999 0.996 0.958 0.996 0.999 0.998 0.999 0.973 0.999 1.000 0.961 0.997 0.999 1.000 0.999 0.958 
 100   (0.042) 0.001 0.004 0.042 0.004 0.001 0.002 0.001 0.027 0.001 0.000 0.039 0.003 0.001 0.000 0.001 0.042 

Locus 159 : 179286_31 
2 alleles
2.8% missing data
 120   (0.926) 0.987 0.992 0.926 0.991 0.997 0.920 0.999 0.995 0.999 1.000 0.929 0.898 0.998 1.000 0.998 0.926 
 100   (0.074) 0.013 0.008 0.074 0.009 0.003 0.080 0.001 0.005 0.001 0.000 0.071 0.102 0.002 0.000 0.002 0.074 

Locus 160 : 179594_17 
2 alleles
4.5% missing data
 120   (0.904) 0.997 0.930 0.904 0.987 0.997 0.995 0.994 0.993 0.998 0.999 0.898 0.745 0.997 1.000 0.981 0.904 
 100   (0.096) 0.003 0.070 0.096 0.013 0.003 0.005 0.006 0.007 0.002 0.001 0.102 0.255 0.003 0.000 0.019 0.096 

Locus 161 : 180413_54 
2 alleles
3.9% missing data
 100   (0.954) 0.999 0.995 0.955 0.995 0.999 0.998 0.999 0.881 0.999 1.000 0.958 0.997 0.999 1.000 0.999 0.955 
 110   (0.046) 0.001 0.005 0.045 0.005 0.001 0.002 0.001 0.119 0.001 0.000 0.042 0.003 0.001 0.000 0.001 0.045 

Locus 162 : 182862_79 
2 alleles
3.4% missing data
 130   (0.955) 0.999 0.996 0.955 0.996 0.999 0.998 0.999 0.869 0.999 1.000 0.958 0.997 0.999 1.000 0.999 0.955 
 110   (0.045) 0.001 0.004 0.045 0.004 0.001 0.002 0.001 0.131 0.001 0.000 0.042 0.003 0.001 0.000 0.001 0.045 

Locus 163 : 183288_63 
2 alleles
10.1% missing data
 100   (0.955) 0.999 0.995 0.956 0.995 0.999 0.998 0.999 0.972 0.999 1.000 0.958 0.997 0.999 1.000 0.998 0.955 
 120   (0.045) 0.001 0.005 0.044 0.005 0.001 0.002 0.001 0.028 0.001 0.000 0.042 0.003 0.001 0.000 0.002 0.045 

Locus 164 : 183906_55 
2 alleles
6.7% missing data
 130   (0.954) 0.999 0.995 0.955 0.995 0.999 0.998 0.999 0.946 0.999 1.000 0.958 0.997 0.999 1.000 0.998 0.955 
 100   (0.046) 0.001 0.005 0.045 0.005 0.001 0.002 0.001 0.054 0.001 0.000 0.042 0.003 0.001 0.000 0.002 0.045 

Locus 165 : 183990_7 
2 alleles
3.4% missing data
 120   (0.952) 0.999 0.995 0.952 0.995 0.999 0.998 0.999 0.997 0.826 1.000 0.953 0.997 0.999 1.000 0.997 0.952 
 100   (0.048) 0.001 0.005 0.048 0.005 0.001 0.002 0.001 0.003 0.174 0.000 0.047 0.003 0.001 0.000 0.003 0.048 

Locus 166 : 185904_60 
2 alleles
3.4% missing data
 120   (0.951) 0.999 0.995 0.951 0.995 0.999 0.998 0.999 0.996 0.999 1.000 0.953 0.997 0.999 1.000 0.924 0.951 
 100   (0.049) 0.001 0.005 0.049 0.005 0.001 0.002 0.001 0.004 0.001 0.000 0.047 0.003 0.001 0.000 0.076 0.049 

Locus 167 : 191703_64 
2 alleles
1.7% missing data
 130   (0.928) 0.998 0.687 0.928 0.992 0.998 0.997 0.999 0.995 0.999 1.000 0.931 0.867 0.998 1.000 0.998 0.928 
 110   (0.072) 0.002 0.313 0.072 0.008 0.002 0.003 0.001 0.005 0.001 0.000 0.069 0.133 0.002 0.000 0.002 0.072 

Locus 168 : 193854_7 
2 alleles
1.7% missing data
 130   (0.937) 0.998 0.993 0.938 0.994 0.998 0.997 0.998 0.885 0.999 1.000 0.940 0.996 0.966 1.000 0.998 0.938 
 110   (0.063) 0.002 0.007 0.062 0.006 0.002 0.003 0.002 0.115 0.001 0.000 0.060 0.004 0.034 0.000 0.002 0.062 

Locus 169 : 194868_38 
2 alleles
5.6% missing data
 120   (0.947) 0.998 0.994 0.947 0.987 0.998 0.894 0.999 0.996 0.999 1.000 0.950 0.971 0.999 1.000 0.998 0.947 
 100   (0.053) 0.002 0.006 0.053 0.013 0.002 0.106 0.001 0.004 0.001 0.000 0.050 0.029 0.001 0.000 0.002 0.053 

Locus 170 : 195463_36 
2 alleles
5.1% missing data
 120   (0.955) 0.999 0.996 0.955 0.995 0.999 0.998 0.999 0.997 0.999 1.000 0.958 0.861 0.999 1.000 0.999 0.955 
 100   (0.045) 0.001 0.004 0.045 0.005 0.001 0.002 0.001 0.003 0.001 0.000 0.042 0.139 0.001 0.000 0.001 0.045 

Locus 171 : 195727_20 
2 alleles
1.7% missing data
 130   (0.957) 0.999 0.996 0.957 0.996 0.999 0.998 0.999 0.915 0.999 1.000 0.960 0.997 0.999 1.000 0.999 0.957 
 110   (0.043) 0.001 0.004 0.043 0.004 0.001 0.002 0.001 0.085 0.001 0.000 0.040 0.003 0.001 0.000 0.001 0.043 

Locus 172 : 197508_5 
2 alleles
2.2% missing data
 120   (0.959) 0.999 0.995 0.958 0.994 0.999 0.991 0.999 0.997 0.999 1.000 0.958 0.997 0.999 1.000 0.999 0.958 
 100   (0.041) 0.001 0.005 0.042 0.006 0.001 0.009 0.001 0.003 0.001 0.000 0.042 0.003 0.001 0.000 0.001 0.042 

Locus 173 : 199140_10 
2 alleles
4.5% missing data
 130   (0.957) 0.999 0.996 0.957 0.992 0.999 0.998 0.999 0.997 0.997 1.000 0.949 0.997 0.999 1.000 0.999 0.957 
 110   (0.043) 0.001 0.004 0.043 0.008 0.001 0.002 0.001 0.003 0.003 0.000 0.051 0.003 0.001 0.000 0.001 0.043 

Locus 174 : 199429_51 
2 alleles
5.1% missing data
 130   (0.961) 0.999 0.995 0.961 0.996 0.999 0.998 0.999 0.997 0.999 1.000 0.956 0.997 0.999 1.000 0.991 0.961 
 100   (0.039) 0.001 0.005 0.039 0.004 0.001 0.002 0.001 0.003 0.001 0.000 0.044 0.003 0.001 0.000 0.009 0.039 

Locus 175 : 199635_9 
2 alleles
3.4% missing data
 120   (0.952) 0.999 0.995 0.952 0.996 0.999 0.997 0.999 0.831 0.999 1.000 0.955 0.997 0.999 1.000 0.999 0.952 
 100   (0.048) 0.001 0.005 0.048 0.004 0.001 0.003 0.001 0.169 0.001 0.000 0.045 0.003 0.001 0.000 0.001 0.048 

Locus 176 : 200923_8 
2 alleles
5.1% missing data
 100   (0.958) 0.999 0.943 0.958 0.994 0.999 0.998 0.999 0.997 0.999 1.000 0.960 0.995 0.999 1.000 0.999 0.958 
 110   (0.042) 0.001 0.057 0.042 0.006 0.001 0.002 0.001 0.003 0.001 0.000 0.040 0.005 0.001 0.000 0.001 0.042 

Locus 177 : 201090_64 
2 alleles
5.1% missing data
 130   (0.960) 0.999 0.996 0.960 0.995 0.999 0.998 0.999 0.997 0.999 1.000 0.962 0.997 0.999 1.000 0.968 0.960 
 100   (0.040) 0.001 0.004 0.040 0.005 0.001 0.002 0.001 0.003 0.001 0.000 0.038 0.003 0.001 0.000 0.032 0.040 

Locus 178 : 201549_57 
2 alleles
4.5% missing data
 120   (0.955) 0.999 0.996 0.955 0.995 0.999 0.998 0.999 0.997 0.999 1.000 0.958 0.906 0.999 1.000 0.999 0.955 
 110   (0.045) 0.001 0.004 0.045 0.005 0.001 0.002 0.001 0.003 0.001 0.000 0.042 0.094 0.001 0.000 0.001 0.045 

Locus 179 : 203565_40 
2 alleles
3.9% missing data
 120   (0.958) 0.999 0.943 0.958 0.995 0.999 0.998 0.999 0.997 0.999 1.000 0.960 0.997 0.999 1.000 0.999 0.958 
 100   (0.042) 0.001 0.057 0.042 0.005 0.001 0.002 0.001 0.003 0.001 0.000 0.040 0.003 0.001 0.000 0.001 0.042 

Locus 180 : 205184_19 
2 alleles
7.3% missing data
 110   (0.902) 0.998 0.990 0.902 0.990 0.880 0.995 0.998 0.761 0.999 0.999 0.908 0.994 0.898 1.000 0.997 0.902 
 120   (0.098) 0.002 0.010 0.098 0.010 0.120 0.005 0.002 0.239 0.001 0.001 0.092 0.006 0.102 0.000 0.003 0.098 

Locus 181 : 206551_17 
2 alleles
6.2% missing data
 120   (0.899) 0.996 0.945 0.899 0.988 0.997 0.995 0.884 0.993 0.994 0.999 0.899 0.970 0.997 1.000 0.665 0.899 
 100   (0.101) 0.004 0.055 0.101 0.012 0.003 0.005 0.116 0.007 0.006 0.001 0.101 0.030 0.003 0.000 0.335 0.101 

Locus 182 : 216246_19 
2 alleles
2.8% missing data
 110   (0.941) 0.995 0.990 0.941 0.986 0.998 0.984 0.999 0.996 0.994 1.000 0.939 0.991 0.998 1.000 0.997 0.941 
 130   (0.059) 0.005 0.010 0.059 0.014 0.002 0.016 0.001 0.004 0.006 0.000 0.061 0.009 0.002 0.000 0.003 0.059 

Locus 183 : 216776_13 
2 alleles
5.6% missing data
 120   (0.914) 0.997 0.991 0.914 0.989 0.979 0.996 0.853 0.731 0.999 0.999 0.919 0.995 0.997 1.000 0.997 0.914 
 110   (0.086) 0.003 0.009 0.086 0.011 0.021 0.004 0.147 0.269 0.001 0.001 0.081 0.005 0.003 0.000 0.003 0.086 

Locus 184 : 217291_37 
2 alleles
3.9% missing data
 120   (0.950) 0.999 0.995 0.950 0.992 0.999 0.997 0.999 0.996 0.999 1.000 0.949 0.919 0.999 1.000 0.998 0.950 
 100   (0.050) 0.001 0.005 0.050 0.008 0.001 0.003 0.001 0.004 0.001 0.000 0.051 0.081 0.001 0.000 0.002 0.050 

Locus 185 : 217570_13 
2 alleles
3.9% missing data
 130   (0.955) 0.999 0.996 0.955 0.996 0.999 0.998 0.999 0.867 0.999 1.000 0.958 0.997 0.999 1.000 0.999 0.955 
 110   (0.045) 0.001 0.004 0.045 0.004 0.001 0.002 0.001 0.133 0.001 0.000 0.042 0.003 0.001 0.000 0.001 0.045 

Locus 186 : 220422_65 
2 alleles
3.4% missing data
 120   (0.947) 0.988 0.994 0.947 0.977 0.998 0.978 0.999 0.996 0.999 1.000 0.946 0.991 0.998 1.000 0.997 0.947 
 110   (0.053) 0.012 0.006 0.053 0.023 0.002 0.022 0.001 0.004 0.001 0.000 0.054 0.009 0.002 0.000 0.003 0.053 

Locus 187 : 220502_40 
2 alleles
6.7% missing data
 120   (0.956) 0.970 0.995 0.956 0.995 0.999 0.997 0.998 0.997 0.999 1.000 0.959 0.997 0.998 1.000 0.998 0.956 
 110   (0.044) 0.030 0.005 0.044 0.005 0.001 0.003 0.002 0.003 0.001 0.000 0.041 0.003 0.002 0.000 0.002 0.044 

Locus 188 : 220519_81 
2 alleles
4.5% missing data
 130   (0.931) 0.998 0.942 0.931 0.993 0.998 0.997 0.999 0.859 0.999 1.000 0.935 0.996 0.998 1.000 0.998 0.931 
 110   (0.069) 0.002 0.058 0.069 0.007 0.002 0.003 0.001 0.141 0.001 0.000 0.065 0.004 0.002 0.000 0.002 0.069 

Locus 189 : 222347_17 
2 alleles
3.9% missing data
 120   (0.956) 0.999 0.996 0.956 0.995 0.999 0.998 0.999 0.893 0.999 1.000 0.959 0.997 0.999 1.000 0.999 0.956 
 100   (0.044) 0.001 0.004 0.044 0.005 0.001 0.002 0.001 0.107 0.001 0.000 0.041 0.003 0.001 0.000 0.001 0.044 

Locus 190 : 222896_46 
2 alleles
0.6% missing data
 110   (0.957) 0.999 0.996 0.958 0.996 0.999 0.998 0.999 0.945 0.999 1.000 0.961 0.997 0.999 1.000 0.999 0.958 
 130   (0.043) 0.001 0.004 0.042 0.004 0.001 0.002 0.001 0.055 0.001 0.000 0.039 0.003 0.001 0.000 0.001 0.042 

Locus 191 : 223181_12 
2 alleles
3.4% missing data
 120   (0.949) 0.999 0.995 0.949 0.995 0.999 0.998 0.999 0.726 0.999 1.000 0.953 0.997 0.999 1.000 0.999 0.949 
 100   (0.051) 0.001 0.005 0.051 0.005 0.001 0.002 0.001 0.274 0.001 0.000 0.047 0.003 0.001 0.000 0.001 0.051 

Locus 192 : 224649_57 
2 alleles
5.1% missing data
 100   (0.956) 0.999 0.995 0.956 0.994 0.963 0.998 0.999 0.997 0.999 1.000 0.957 0.997 0.998 1.000 0.999 0.956 
 110   (0.044) 0.001 0.005 0.044 0.006 0.037 0.002 0.001 0.003 0.001 0.000 0.043 0.003 0.002 0.000 0.001 0.044 

Locus 193 : 226245_11 
2 alleles
5.1% missing data
 130   (0.960) 0.923 0.996 0.960 0.996 0.999 0.998 0.999 0.997 1.000 1.000 0.963 0.998 0.999 1.000 0.999 0.960 
 110   (0.040) 0.077 0.004 0.040 0.004 0.001 0.002 0.001 0.003 0.000 0.000 0.037 0.002 0.001 0.000 0.001 0.040 

Locus 194 : 226342_59 
2 alleles
6.2% missing data
 120   (0.927) 0.998 0.991 0.927 0.990 0.996 0.995 0.997 0.911 0.999 0.999 0.930 0.995 0.944 0.998 0.997 0.927 
 100   (0.073) 0.002 0.009 0.073 0.010 0.004 0.005 0.003 0.089 0.001 0.001 0.070 0.005 0.056 0.002 0.003 0.073 

Locus 195 : 228970_13 
2 alleles
3.9% missing data
 120   (0.956) 0.999 0.995 0.956 0.995 0.999 0.998 0.999 0.997 0.999 1.000 0.959 0.960 0.999 1.000 0.999 0.956 
 100   (0.044) 0.001 0.005 0.044 0.005 0.001 0.002 0.001 0.003 0.001 0.000 0.041 0.040 0.001 0.000 0.001 0.044 

Locus 196 : 229097_27 
2 alleles
5.1% missing data
 130   (0.951) 0.999 0.995 0.951 0.994 0.999 0.998 0.999 0.794 0.999 1.000 0.954 0.997 0.999 1.000 0.998 0.951 
 110   (0.049) 0.001 0.005 0.049 0.006 0.001 0.002 0.001 0.206 0.001 0.000 0.046 0.003 0.001 0.000 0.002 0.049 

Locus 197 : 229177_29 
2 alleles
7.3% missing data
 130   (0.954) 0.999 0.995 0.954 0.994 0.998 0.997 0.818 0.997 0.999 0.999 0.956 0.997 0.999 0.994 0.997 0.954 
 110   (0.046) 0.001 0.005 0.046 0.006 0.002 0.003 0.182 0.003 0.001 0.001 0.044 0.003 0.001 0.006 0.003 0.046 

Locus 198 : 229612_7 
2 alleles
6.2% missing data
 100   (0.957) 0.999 0.995 0.957 0.994 0.999 0.990 0.999 0.997 0.999 1.000 0.956 0.997 0.999 1.000 0.999 0.957 
 120   (0.043) 0.001 0.005 0.043 0.006 0.001 0.010 0.001 0.003 0.001 0.000 0.044 0.003 0.001 0.000 0.001 0.043 

Locus 199 : 229936_67 
2 alleles
3.9% missing data
 120   (0.953) 0.985 0.994 0.953 0.985 0.995 0.997 0.995 0.997 0.997 0.982 0.948 0.997 0.996 0.999 0.996 0.952 
 100   (0.047) 0.015 0.006 0.047 0.015 0.005 0.003 0.005 0.003 0.003 0.018 0.052 0.003 0.004 0.001 0.004 0.048 

Locus 200 : 232937_62 
2 alleles
2.2% missing data
 100   (0.956) 0.999 0.996 0.955 0.995 0.999 0.998 0.995 0.997 0.999 1.000 0.955 0.997 0.999 1.000 0.999 0.956 
 120   (0.044) 0.001 0.004 0.045 0.005 0.001 0.002 0.005 0.003 0.001 0.000 0.045 0.003 0.001 0.000 0.001 0.044 

Locus 201 : 233194_6 
2 alleles
2.8% missing data
 120   (0.929) 0.998 0.993 0.930 0.992 0.998 0.997 0.999 0.673 0.999 1.000 0.934 0.996 0.925 1.000 0.998 0.929 
 100   (0.071) 0.002 0.007 0.070 0.008 0.002 0.003 0.001 0.327 0.001 0.000 0.066 0.004 0.075 0.000 0.002 0.071 

Locus 202 : 234346_33 
2 alleles
4.5% missing data
 110   (0.955) 0.999 0.996 0.955 0.997 0.996 0.998 0.999 0.997 0.999 1.000 0.958 0.997 0.704 1.000 0.999 0.955 
 130   (0.045) 0.001 0.004 0.045 0.003 0.004 0.002 0.001 0.003 0.001 0.000 0.042 0.003 0.296 0.000 0.001 0.045 

Locus 203 : 235241_77 
2 alleles
2.2% missing data
 130   (0.952) 0.999 0.995 0.952 0.996 0.999 0.998 0.999 0.841 0.999 1.000 0.956 0.997 0.999 1.000 0.999 0.952 
 100   (0.048) 0.001 0.005 0.048 0.004 0.001 0.002 0.001 0.159 0.001 0.000 0.044 0.003 0.001 0.000 0.001 0.048 

Locus 204 : 236207_44 
2 alleles
6.2% missing data
 120   (0.895) 0.790 0.883 0.895 0.989 0.997 0.994 0.998 0.992 0.999 0.802 0.900 0.964 0.997 1.000 0.997 0.895 
 100   (0.105) 0.210 0.117 0.105 0.011 0.003 0.006 0.002 0.008 0.001 0.198 0.100 0.036 0.003 0.000 0.003 0.105 

Locus 205 : 236307_12 
2 alleles
1.7% missing data
 130   (0.950) 0.999 0.994 0.950 0.994 0.999 0.997 0.999 0.997 0.614 1.000 0.953 0.991 0.999 1.000 0.998 0.950 
 110   (0.050) 0.001 0.006 0.050 0.006 0.001 0.003 0.001 0.003 0.386 0.000 0.047 0.009 0.001 0.000 0.002 0.050 

Locus 206 : 236931_45 
2 alleles
6.7% missing data
 120   (0.887) 0.992 0.458 0.887 0.988 0.997 0.715 0.998 0.992 0.998 0.999 0.892 0.713 0.997 1.000 0.997 0.887 
 100   (0.113) 0.008 0.542 0.113 0.012 0.003 0.285 0.002 0.008 0.002 0.001 0.108 0.287 0.003 0.000 0.003 0.113 

Locus 207 : 236999_38 
2 alleles
2.8% missing data
 120   (0.955) 0.999 0.996 0.955 0.996 0.999 0.998 0.999 0.946 0.999 1.000 0.959 0.997 0.999 1.000 0.999 0.955 
 100   (0.045) 0.001 0.004 0.045 0.004 0.001 0.002 0.001 0.054 0.001 0.000 0.041 0.003 0.001 0.000 0.001 0.045 

Locus 208 : 240398_42 
2 alleles
3.9% missing data
 110   (0.850) 0.996 0.460 0.850 0.980 0.996 0.824 0.997 0.990 0.662 0.999 0.853 0.886 0.996 1.000 0.995 0.850 
 130   (0.150) 0.004 0.540 0.150 0.020 0.004 0.176 0.003 0.010 0.338 0.001 0.147 0.114 0.004 0.000 0.005 0.150 

Locus 209 : 240825_22 
2 alleles
6.2% missing data
 130   (0.956) 0.998 0.991 0.956 0.993 0.998 0.998 0.998 0.997 0.998 0.998 0.955 0.997 0.998 1.000 0.994 0.956 
 110   (0.044) 0.002 0.009 0.044 0.007 0.002 0.002 0.002 0.003 0.002 0.002 0.045 0.003 0.002 0.000 0.006 0.044 

Locus 210 : 244435_48 
2 alleles
1.7% missing data
 110   (0.956) 0.922 0.996 0.957 0.997 0.999 0.998 0.999 0.997 1.000 1.000 0.960 0.997 0.999 1.000 0.999 0.957 
 130   (0.044) 0.078 0.004 0.043 0.003 0.001 0.002 0.001 0.003 0.000 0.000 0.040 0.003 0.001 0.000 0.001 0.043 

Locus 211 : 245971_21 
2 alleles
5.1% missing data
 130   (0.954) 0.999 0.996 0.955 0.996 0.999 0.998 0.999 0.915 0.999 1.000 0.958 0.997 0.999 1.000 0.999 0.955 
 120   (0.046) 0.001 0.004 0.045 0.004 0.001 0.002 0.001 0.085 0.001 0.000 0.042 0.003 0.001 0.000 0.001 0.045 

Locus 212 : 246895_22 
2 alleles
3.4% missing data
 120   (0.955) 0.999 0.995 0.954 0.994 0.999 0.998 0.999 0.997 0.996 1.000 0.953 0.997 0.999 1.000 0.999 0.955 
 110   (0.045) 0.001 0.005 0.046 0.006 0.001 0.002 0.001 0.003 0.004 0.000 0.047 0.003 0.001 0.000 0.001 0.045 

Locus 213 : 248131_26 
2 alleles
7.9% missing data
 130   (0.946) 0.997 0.993 0.946 0.991 0.998 0.979 0.998 0.996 0.998 1.000 0.947 0.994 0.998 0.999 0.963 0.946 
 110   (0.054) 0.003 0.007 0.054 0.009 0.002 0.021 0.002 0.004 0.002 0.000 0.053 0.006 0.002 0.001 0.037 0.054 

Locus 214 : 250844_49 
2 alleles
7.3% missing data
 130   (0.957) 0.999 0.996 0.957 0.990 0.999 0.989 0.999 0.997 0.999 1.000 0.952 0.997 0.999 1.000 0.998 0.957 
 100   (0.043) 0.001 0.004 0.043 0.010 0.001 0.011 0.001 0.003 0.001 0.000 0.048 0.003 0.001 0.000 0.002 0.043 

Locus 215 : 251283_19 
2 alleles
5.6% missing data
 120   (0.959) 0.999 0.834 0.959 0.996 0.999 0.998 0.999 0.997 0.999 1.000 0.962 0.998 0.999 1.000 0.999 0.959 
 100   (0.041) 0.001 0.166 0.041 0.004 0.001 0.002 0.001 0.003 0.001 0.000 0.038 0.002 0.001 0.000 0.001 0.041 

Locus 216 : 251358_15 
2 alleles
8.4% missing data
 110   (0.935) 0.958 0.991 0.935 0.993 0.997 0.822 0.999 0.995 0.999 1.000 0.936 0.995 0.998 1.000 0.998 0.935 
 120   (0.065) 0.042 0.009 0.065 0.007 0.003 0.178 0.001 0.005 0.001 0.000 0.064 0.005 0.002 0.000 0.002 0.065 

Locus 217 : 251901_42 
2 alleles
2.2% missing data
 120   (0.958) 0.998 0.996 0.957 0.994 0.999 0.998 0.999 0.997 0.999 1.000 0.957 0.997 0.999 1.000 0.984 0.957 
 100   (0.042) 0.002 0.004 0.043 0.006 0.001 0.002 0.001 0.003 0.001 0.000 0.043 0.003 0.001 0.000 0.016 0.043 

Locus 218 : 252158_43 
2 alleles
0.0% missing data
 120   (0.953) 0.999 0.995 0.953 0.995 0.999 0.998 0.999 0.919 0.999 1.000 0.956 0.997 0.999 1.000 0.999 0.953 
 100   (0.047) 0.001 0.005 0.047 0.005 0.001 0.002 0.001 0.081 0.001 0.000 0.044 0.003 0.001 0.000 0.001 0.047 

Locus 219 : 252988_16 
2 alleles
7.9% missing data
 110   (0.949) 0.999 0.994 0.949 0.996 0.998 0.997 0.999 0.996 0.999 1.000 0.948 0.997 0.999 1.000 0.749 0.949 
 100   (0.051) 0.001 0.006 0.051 0.004 0.002 0.003 0.001 0.004 0.001 0.000 0.052 0.003 0.001 0.000 0.251 0.051 

Locus 220 : 254425_88 
2 alleles
5.6% missing data
 130   (0.927) 0.998 0.992 0.928 0.994 0.765 0.996 0.998 0.781 0.999 1.000 0.933 0.996 0.998 1.000 0.998 0.928 
 110   (0.073) 0.002 0.008 0.072 0.006 0.235 0.004 0.002 0.219 0.001 0.000 0.067 0.004 0.002 0.000 0.002 0.072 

Locus 221 : 256337_57 
2 alleles
5.6% missing data
 110   (0.958) 0.999 0.937 0.959 0.995 0.999 0.998 0.999 0.997 0.999 1.000 0.960 0.997 0.999 1.000 0.999 0.959 
 130   (0.042) 0.001 0.063 0.041 0.005 0.001 0.002 0.001 0.003 0.001 0.000 0.040 0.003 0.001 0.000 0.001 0.041 

Locus 222 : 259058_15 
2 alleles
1.7% missing data
 120   (0.957) 0.999 0.996 0.958 0.996 0.999 0.998 0.999 0.997 0.999 1.000 0.961 0.997 0.778 1.000 0.999 0.958 
 100   (0.043) 0.001 0.004 0.042 0.004 0.001 0.002 0.001 0.003 0.001 0.000 0.039 0.003 0.222 0.000 0.001 0.042 

Locus 223 : 259869_81 
2 alleles
0.6% missing data
 120   (0.957) 0.999 0.996 0.957 0.996 0.894 0.998 0.999 0.997 0.999 1.000 0.961 0.997 0.998 1.000 0.999 0.957 
 130   (0.043) 0.001 0.004 0.043 0.004 0.106 0.002 0.001 0.003 0.001 0.000 0.039 0.003 0.002 0.000 0.001 0.043 

Locus 224 : 260700_55 
2 alleles
2.2% missing data
 130   (0.960) 0.998 0.995 0.960 0.995 0.998 0.998 0.980 0.997 0.999 1.000 0.961 0.997 0.998 1.000 0.996 0.960 
 110   (0.040) 0.002 0.005 0.040 0.005 0.002 0.002 0.020 0.003 0.001 0.000 0.039 0.003 0.002 0.000 0.004 0.040 

Locus 225 : 262223_11 
2 alleles
4.5% missing data
 130   (0.955) 0.999 0.996 0.955 0.995 0.999 0.998 0.875 0.997 0.999 1.000 0.958 0.997 0.999 1.000 0.999 0.955 
 100   (0.045) 0.001 0.004 0.045 0.005 0.001 0.002 0.125 0.003 0.001 0.000 0.042 0.003 0.001 0.000 0.001 0.045 

Locus 226 : 262346_48 
2 alleles
3.4% missing data
 130   (0.954) 0.999 0.412 0.954 0.995 0.999 0.998 0.999 0.997 0.999 1.000 0.958 0.997 0.999 1.000 0.999 0.954 
 110   (0.046) 0.001 0.588 0.046 0.005 0.001 0.002 0.001 0.003 0.001 0.000 0.042 0.003 0.001 0.000 0.001 0.046 

Locus 227 : 262620_18 
2 alleles
3.9% missing data
 110   (0.941) 0.992 0.993 0.941 0.991 0.997 0.995 0.997 0.995 0.993 0.993 0.938 0.994 0.997 0.998 0.997 0.941 
 130   (0.059) 0.008 0.007 0.059 0.009 0.003 0.005 0.003 0.005 0.007 0.007 0.062 0.006 0.003 0.002 0.003 0.059 

Locus 228 : 263002_42 
2 alleles
3.4% missing data
 120   (0.955) 0.999 0.995 0.955 0.993 0.999 0.855 0.999 0.997 0.999 1.000 0.957 0.997 0.999 1.000 0.999 0.955 
 100   (0.045) 0.001 0.005 0.045 0.007 0.001 0.145 0.001 0.003 0.001 0.000 0.043 0.003 0.001 0.000 0.001 0.045 

Locus 229 : 263813_70 
2 alleles
10.1% missing data
 130   (0.958) 0.999 0.996 0.958 0.996 0.881 0.998 0.999 0.997 1.000 1.000 0.961 0.997 0.999 1.000 0.999 0.958 
 110   (0.042) 0.001 0.004 0.042 0.004 0.119 0.002 0.001 0.003 0.000 0.000 0.039 0.003 0.001 0.000 0.001 0.042 

Locus 230 : 264184_13 
2 alleles
10.1% missing data
 110   (0.914) 0.869 0.949 0.914 0.992 0.997 0.996 0.998 0.993 0.999 1.000 0.917 0.994 0.998 1.000 0.861 0.914 
 130   (0.086) 0.131 0.051 0.086 0.008 0.003 0.004 0.002 0.007 0.001 0.000 0.083 0.006 0.002 0.000 0.139 0.086 

Values of parameters used in structure:
DATAFILE=C:\Users\jmahg\OneDrive\Desktop\Transfers\TrkNbr-1524n1282n1083_AllPops_Structure_p18_r080_LDnHWEx\project_data,	OUTFILE=C:\Users\jmahg\OneDrive\Desktop\Transfers\TrkNbr-1524n1282n1083_AllPops_Structure_p18_r080_LDnHWEx\BI50000_MCMC100000\Results\BI50000_MCMC100000_run_153,	NUMINDS=178,	NUMLOCI=230,	MISSING=0,	LABEL=1,	POPDATA=1,	POPFLAG=0,	PHENOTYPE=0,	EXTRACOLS=0,	MAXPOPS=16,	BURNIN=50000,	NUMREPS=100000,	USEPOPINFO=0,	INFERALPHA=1,	INFERLAMBDA=0,	POPSPECIFICLAMBDA=0,	POPALPHAS=0,	COMPUTEPROB=1,	NOADMIX=0,	ADMBURNIN=2500,	UPDATEFREQ=1,	PRINTLIKES=0,	INTERMEDSAVE=0,	PRINTKLD=0,	PRINTNET=0,	PRINTLAMBDA=0,	ANCESTDIST=0,	NUMBOXES=1000,	ANCESTPINT=0.90000,	GENSBACK=2,	MIGRPRIOR=0.05000,	PRINTQHAT=0,	PRINTQSUM=0,	ALPHA=1.0000,	FREQSCORR=1,	FPRIORMEAN=0.0100,	FPRIORSD=0.0500,	ONEFST=0,	LAMBDA=1.0000,	UNIFPRIORALPHA=1,	ALPHAMAX=10.0000,	ALPHAPRIORA=1.0000,	ALPHAPRIORB=2.0000,	ALPHAPROPSD=0.0250,	STARTATPOPINFO=0,	RANDOMIZE=1,	LINKAGE=0,	METROFREQ=10,	REPORTHITRATE=0,	MARKOVPHASE=-1,	PHASED=0,	PLOIDY=2,	PHASEINFO=0	LOCPRIOR=0, 	LOCPRIORINIT=1.000000, 	LOCDATA=0, 	LOCISPOP=0, 	LOCPRIORSTEP=0.100000, 	MAXLOCPRIOR=20.000000, 	SEED=1603019183,	
[STRAT parameters]:    NUMSIMSTATS=1000,	PHENOTYPECOL=-9,	POOLFREQ=10,	LOCUSxONLY=0,	EMERROR=0.00100,	MISSINGPHENO=-9,	