

----------------------------------------------------
STRUCTURE by Pritchard, Stephens and Donnelly (2000)
     and Falush, Stephens and Pritchard (2003)
       Code by Pritchard, Falush and Hubisz
             Version 2.3.4 (Jul 2012)
----------------------------------------------------



Command line arguments:   bin\structure -m C:\Users\jmahg\OneDrive\Desktop\Transfers\TrkNbr-1524n1282n1083_AllPops_Structure_p18_r080_LDnHWEx\BI50000_MCMC100000\mainparams -e C:\Users\jmahg\OneDrive\Desktop\Transfers\TrkNbr-1524n1282n1083_AllPops_Structure_p18_r080_LDnHWEx\BI50000_MCMC100000\extraparams 
Input File:    C:\Users\jmahg\OneDrive\Desktop\Transfers\TrkNbr-1524n1282n1083_AllPops_Structure_p18_r080_LDnHWEx\project_data

Run parameters:
   178 individuals
   230 loci
   16 populations assumed
   50000 Burn-in period
   100000 Reps


--------------------------------------------
Proportion of membership of each pre-defined
 population in each of the 16 clusters

Given    Inferred Clusters                                                                                                  Number of
 Pop       1      2      3      4      5      6      7      8      9     10     11     12     13     14     15     16      Individuals

  1:     0.010  0.032  0.006  0.002  0.008  0.013  0.048  0.005  0.011  0.231  0.006  0.555  0.037  0.006  0.016  0.014       10
  2:     0.039  0.067  0.022  0.002  0.004  0.544  0.078  0.012  0.015  0.062  0.007  0.022  0.065  0.020  0.036  0.006        8
  3:     0.029  0.091  0.011  0.002  0.004  0.015  0.106  0.004  0.514  0.028  0.008  0.009  0.107  0.009  0.056  0.006       10
  4:     0.438  0.084  0.008  0.002  0.016  0.083  0.101  0.008  0.024  0.031  0.010  0.019  0.099  0.007  0.050  0.021       10
  5:     0.006  0.013  0.003  0.887  0.003  0.006  0.014  0.003  0.008  0.009  0.012  0.005  0.013  0.003  0.008  0.004       10
  6:     0.010  0.137  0.003  0.003  0.004  0.019  0.152  0.004  0.371  0.031  0.011  0.016  0.159  0.003  0.070  0.008       10
  7:     0.007  0.068  0.004  0.002  0.003  0.011  0.066  0.003  0.010  0.707  0.006  0.028  0.054  0.002  0.025  0.004       10
  8:     0.051  0.075  0.028  0.002  0.039  0.273  0.086  0.015  0.034  0.069  0.009  0.093  0.084  0.033  0.039  0.071       10
  9:     0.009  0.215  0.002  0.002  0.004  0.020  0.235  0.003  0.023  0.146  0.010  0.025  0.216  0.002  0.083  0.005       10
 10:     0.011  0.319  0.004  0.002  0.004  0.019  0.192  0.004  0.032  0.033  0.011  0.009  0.264  0.003  0.086  0.006       10
 11:     0.015  0.058  0.019  0.002  0.006  0.031  0.078  0.007  0.014  0.023  0.008  0.019  0.072  0.021  0.041  0.586       10
 12:     0.016  0.042  0.004  0.002  0.078  0.056  0.053  0.006  0.019  0.017  0.009  0.039  0.050  0.005  0.024  0.579       10
 13:     0.013  0.021  0.008  0.002  0.814  0.012  0.022  0.007  0.013  0.018  0.007  0.009  0.023  0.008  0.013  0.010       10
 14:     0.009  0.044  0.004  0.008  0.004  0.011  0.059  0.004  0.018  0.018  0.723  0.009  0.052  0.005  0.026  0.006       10
 15:     0.008  0.034  0.004  0.007  0.004  0.010  0.037  0.003  0.033  0.015  0.765  0.008  0.040  0.004  0.022  0.005       10
 16:     0.468  0.100  0.022  0.002  0.006  0.043  0.088  0.014  0.031  0.052  0.008  0.026  0.067  0.023  0.038  0.011       10
 17:     0.031  0.055  0.008  0.002  0.015  0.049  0.060  0.543  0.018  0.029  0.008  0.039  0.047  0.008  0.029  0.059       10
 18:     0.008  0.020  0.004  0.845  0.004  0.010  0.025  0.003  0.012  0.013  0.008  0.006  0.022  0.003  0.013  0.004       10
--------------------------------------------

Allele-freq. divergence among pops (Net nucleotide distance),
computed using point estimates of P.

      1       2       3       4       5       6       7       8       9      10      11      12      13      14      15      16      
 1      -    0.0037  0.0046  0.0106  0.0084  0.0067  0.0036  0.0112  0.0044  0.0052  0.0053  0.0050  0.0036  0.0046  0.0033  0.0055  
 2   0.0037     -    0.0029  0.0072  0.0052  0.0034  0.0001  0.0085  0.0012  0.0014  0.0018  0.0020  0.0000  0.0029  0.0009  0.0027  
 3   0.0046  0.0029     -    0.0059  0.0047  0.0046  0.0029  0.0071  0.0033  0.0036  0.0034  0.0023  0.0027  0.0000  0.0006  0.0028  
 4   0.0106  0.0072  0.0059     -    0.0119  0.0104  0.0072  0.0149  0.0078  0.0088  0.0068  0.0084  0.0071  0.0060  0.0060  0.0095  
 5   0.0084  0.0052  0.0047  0.0119     -    0.0079  0.0052  0.0106  0.0062  0.0067  0.0068  0.0058  0.0051  0.0047  0.0043  0.0049  
 6   0.0067  0.0034  0.0046  0.0104  0.0079     -    0.0033  0.0067  0.0045  0.0047  0.0051  0.0047  0.0033  0.0046  0.0033  0.0048  
 7   0.0036  0.0001  0.0029  0.0072  0.0052  0.0033     -    0.0085  0.0012  0.0013  0.0018  0.0018  0.0000  0.0028  0.0008  0.0026  
 8   0.0112  0.0085  0.0071  0.0149  0.0106  0.0067  0.0085     -    0.0095  0.0097  0.0101  0.0089  0.0084  0.0071  0.0071  0.0078  
 9   0.0044  0.0012  0.0033  0.0078  0.0062  0.0045  0.0012  0.0095     -    0.0028  0.0028  0.0031  0.0012  0.0033  0.0016  0.0037  
10   0.0052  0.0014  0.0036  0.0088  0.0067  0.0047  0.0013  0.0097  0.0028     -    0.0034  0.0013  0.0014  0.0036  0.0019  0.0042  
11   0.0053  0.0018  0.0034  0.0068  0.0068  0.0051  0.0018  0.0101  0.0028  0.0034     -    0.0036  0.0018  0.0034  0.0020  0.0043  
12   0.0050  0.0020  0.0023  0.0084  0.0058  0.0047  0.0018  0.0089  0.0031  0.0013  0.0036     -    0.0018  0.0023  0.0014  0.0029  
13   0.0036  0.0000  0.0027  0.0071  0.0051  0.0033  0.0000  0.0084  0.0012  0.0014  0.0018  0.0018     -    0.0027  0.0008  0.0025  
14   0.0046  0.0029  0.0000  0.0060  0.0047  0.0046  0.0028  0.0071  0.0033  0.0036  0.0034  0.0023  0.0027     -    0.0006  0.0028  
15   0.0033  0.0009  0.0006  0.0060  0.0043  0.0033  0.0008  0.0071  0.0016  0.0019  0.0020  0.0014  0.0008  0.0006     -    0.0021  
16   0.0055  0.0027  0.0028  0.0095  0.0049  0.0048  0.0026  0.0078  0.0037  0.0042  0.0043  0.0029  0.0025  0.0028  0.0021     -    

Average distances (expected heterozygosity) between individuals in same cluster:
cluster  1  : 0.0221 
cluster  2  : 0.0030 
cluster  3  : 0.0975 
cluster  4  : 0.0663 
cluster  5  : 0.0395 
cluster  6  : 0.0123 
cluster  7  : 0.0024 
cluster  8  : 0.0433 
cluster  9  : 0.0141 
cluster 10  : 0.0090 
cluster 11  : 0.0233 
cluster 12  : 0.0355 
cluster 13  : 0.0048 
cluster 14  : 0.0969 
cluster 15  : 0.0542 
cluster 16  : 0.0330 

--------------------------------------------
Estimated Ln Prob of Data   = -3822.3
Mean value of ln likelihood = -3267.7
Variance of ln likelihood   = 1109.1
Mean value of alpha         = 0.0346

Mean value of Fst_1         = 0.5882
Mean value of Fst_2         = 0.9130
Mean value of Fst_3         = 0.0110
Mean value of Fst_4         = 0.2773
Mean value of Fst_5         = 0.4374
Mean value of Fst_6         = 0.7819
Mean value of Fst_7         = 0.9272
Mean value of Fst_8         = 0.4330
Mean value of Fst_9         = 0.7053
Mean value of Fst_10         = 0.8268
Mean value of Fst_11         = 0.5480
Mean value of Fst_12         = 0.5294
Mean value of Fst_13         = 0.9095
Mean value of Fst_14         = 0.0182
Mean value of Fst_15         = 0.4623
Mean value of Fst_16         = 0.4375


Inferred ancestry of individuals:
        Label (%Miss) Pop:  Inferred clusters
  1 TGCP_WM1    (0)    1 :  0.008 0.037 0.009 0.002 0.004 0.009 0.082 0.004 0.017 0.135 0.007 0.584 0.062 0.007 0.026 0.006 
  2 TGCP_WM10    (1)    1 :  0.007 0.076 0.002 0.002 0.004 0.038 0.153 0.004 0.015 0.166 0.009 0.352 0.127 0.002 0.029 0.012 
  3 TGCP_WM2    (0)    1 :  0.014 0.053 0.026 0.003 0.006 0.008 0.034 0.005 0.013 0.334 0.007 0.403 0.036 0.029 0.021 0.006 
  4 TGCP_WM3    (1)    1 :  0.006 0.023 0.002 0.002 0.003 0.008 0.041 0.005 0.013 0.218 0.008 0.625 0.023 0.002 0.010 0.011 
  5 TGCP_WM4    (0)    1 :  0.011 0.019 0.004 0.002 0.004 0.010 0.033 0.004 0.009 0.145 0.004 0.653 0.029 0.004 0.015 0.054 
  6 TGCP_WM5    (0)    1 :  0.008 0.013 0.006 0.002 0.011 0.010 0.060 0.005 0.007 0.125 0.007 0.695 0.023 0.007 0.008 0.011 
  7 TGCP_WM6    (0)    1 :  0.011 0.019 0.003 0.002 0.012 0.008 0.017 0.003 0.010 0.205 0.007 0.667 0.018 0.002 0.009 0.008 
  8 TGCP_WM7    (0)    1 :  0.023 0.058 0.004 0.002 0.017 0.029 0.028 0.010 0.014 0.629 0.004 0.118 0.025 0.005 0.031 0.004 
  9 TGCP_WM8    (0)    1 :  0.006 0.011 0.003 0.002 0.017 0.008 0.024 0.002 0.005 0.172 0.005 0.696 0.018 0.003 0.008 0.020 
 10 TGCP_WM9    (0)    1 :  0.005 0.007 0.002 0.002 0.002 0.004 0.009 0.004 0.005 0.181 0.004 0.756 0.007 0.002 0.005 0.005 
 11 MRLP_WM123    (3)    2 :  0.023 0.016 0.093 0.002 0.003 0.668 0.011 0.005 0.010 0.013 0.005 0.010 0.014 0.073 0.045 0.008 
 12 MRLP_WM124    (4)    2 :  0.009 0.028 0.002 0.002 0.004 0.822 0.024 0.005 0.019 0.011 0.008 0.007 0.030 0.002 0.019 0.006 
 13 MRLP_WM125    (1)    2 :  0.008 0.030 0.069 0.002 0.004 0.620 0.022 0.041 0.009 0.033 0.006 0.024 0.027 0.066 0.032 0.007 
 14 MRLP_WM126    (2)    2 :  0.008 0.191 0.002 0.002 0.003 0.013 0.291 0.003 0.038 0.038 0.010 0.007 0.258 0.001 0.129 0.005 
 15 MRLP_WM127    (3)    2 :  0.012 0.187 0.006 0.003 0.004 0.023 0.202 0.027 0.017 0.272 0.009 0.070 0.126 0.006 0.031 0.005 
 16 MRLP_WM128    (3)    2 :  0.005 0.010 0.001 0.002 0.002 0.922 0.007 0.004 0.005 0.006 0.004 0.005 0.014 0.002 0.006 0.004 
 17 MRLP_WM129    (7)    2 :  0.235 0.028 0.004 0.002 0.004 0.575 0.024 0.004 0.013 0.040 0.003 0.023 0.026 0.005 0.008 0.008 
 18 MRLP_WM130    (5)    2 :  0.014 0.042 0.002 0.003 0.003 0.709 0.046 0.003 0.010 0.080 0.007 0.033 0.025 0.002 0.017 0.004 
 19 STT_WM183    (2)    3 :  0.007 0.020 0.075 0.002 0.003 0.010 0.045 0.005 0.632 0.016 0.010 0.011 0.041 0.064 0.046 0.012 
 20 STT_WM184    (3)    3 :  0.076 0.070 0.011 0.002 0.007 0.011 0.036 0.005 0.603 0.022 0.010 0.010 0.071 0.009 0.052 0.005 
 21 STT_WM185   (15)    3 :  0.013 0.192 0.002 0.002 0.004 0.039 0.265 0.004 0.038 0.086 0.014 0.016 0.219 0.002 0.099 0.005 
 22 STT_WM186   (13)    3 :  0.013 0.213 0.002 0.002 0.005 0.023 0.283 0.003 0.027 0.040 0.008 0.013 0.253 0.002 0.105 0.008 
 23 STT_WM187   (13)    3 :  0.006 0.023 0.001 0.003 0.004 0.013 0.032 0.003 0.842 0.016 0.007 0.008 0.021 0.002 0.012 0.005 
 24 STT_WM188    (3)    3 :  0.005 0.008 0.002 0.002 0.003 0.007 0.016 0.002 0.917 0.007 0.003 0.004 0.011 0.002 0.005 0.005 
 25 STT_WM189    (0)    3 :  0.010 0.223 0.001 0.002 0.004 0.015 0.255 0.004 0.024 0.044 0.009 0.010 0.291 0.001 0.103 0.004 
 26 STT_WM190   (11)    3 :  0.006 0.012 0.002 0.002 0.003 0.006 0.011 0.003 0.884 0.011 0.005 0.005 0.022 0.002 0.022 0.004 
 27 STT_WM191    (7)    3 :  0.011 0.123 0.002 0.002 0.006 0.018 0.107 0.004 0.461 0.029 0.011 0.014 0.126 0.002 0.079 0.007 
 28 STT_WM192   (12)    3 :  0.145 0.025 0.007 0.002 0.004 0.005 0.009 0.003 0.714 0.008 0.003 0.006 0.016 0.007 0.041 0.006 
 29 FSSP_WM241    (3)    4 :  0.159 0.116 0.008 0.003 0.026 0.119 0.161 0.012 0.029 0.042 0.014 0.060 0.143 0.009 0.078 0.020 
 30 FSSP_WM242   (15)    4 :  0.012 0.214 0.002 0.002 0.004 0.017 0.261 0.003 0.036 0.038 0.012 0.009 0.270 0.002 0.111 0.006 
 31 FSSP_WM243    (6)    4 :  0.900 0.009 0.010 0.002 0.004 0.007 0.010 0.003 0.009 0.008 0.005 0.006 0.008 0.008 0.009 0.004 
 32 FSSP_WM244    (5)    4 :  0.037 0.074 0.007 0.002 0.079 0.381 0.089 0.020 0.020 0.061 0.011 0.043 0.080 0.009 0.057 0.030 
 33 FSSP_WM245   (10)    4 :  0.327 0.148 0.003 0.002 0.004 0.022 0.180 0.003 0.033 0.050 0.012 0.016 0.129 0.002 0.060 0.006 
 34 FSSP_WM246    (6)    4 :  0.072 0.178 0.007 0.003 0.006 0.032 0.197 0.005 0.064 0.042 0.017 0.019 0.247 0.007 0.093 0.011 
 35 FSSP_WM247    (3)    4 :  0.846 0.014 0.008 0.002 0.021 0.016 0.013 0.006 0.008 0.011 0.004 0.006 0.014 0.007 0.012 0.011 
 36 FSSP_WM248    (9)    4 :  0.878 0.010 0.003 0.002 0.012 0.011 0.011 0.004 0.006 0.009 0.005 0.007 0.012 0.004 0.009 0.017 
 37 FSSP_WM249    (6)    4 :  0.783 0.030 0.004 0.003 0.003 0.012 0.032 0.006 0.016 0.017 0.006 0.008 0.025 0.003 0.016 0.036 
 38 FSSP_WM250    (2)    4 :  0.363 0.041 0.024 0.002 0.004 0.214 0.052 0.015 0.022 0.030 0.010 0.016 0.065 0.020 0.052 0.070 
 39 HNL_WM301    (3)    5 :  0.007 0.014 0.002 0.898 0.003 0.007 0.013 0.003 0.007 0.010 0.010 0.004 0.011 0.002 0.004 0.004 
 40 HNL_WM302    (2)    5 :  0.004 0.005 0.002 0.945 0.002 0.003 0.006 0.002 0.003 0.006 0.003 0.003 0.007 0.002 0.004 0.003 
 41 HNL_WM303    (2)    5 :  0.007 0.015 0.005 0.874 0.004 0.006 0.014 0.003 0.013 0.012 0.009 0.006 0.017 0.002 0.009 0.004 
 42 HNL_WM304    (3)    5 :  0.010 0.027 0.002 0.817 0.005 0.011 0.025 0.003 0.011 0.015 0.026 0.007 0.020 0.003 0.012 0.007 
 43 HNL_WM305    (3)    5 :  0.007 0.007 0.005 0.920 0.002 0.005 0.006 0.002 0.006 0.005 0.006 0.004 0.009 0.005 0.008 0.003 
 44 HNL_WM306    (0)    5 :  0.004 0.008 0.003 0.922 0.003 0.005 0.007 0.003 0.007 0.005 0.007 0.006 0.007 0.005 0.005 0.004 
 45 HNL_WM307    (3)    5 :  0.006 0.011 0.003 0.902 0.003 0.005 0.010 0.003 0.008 0.007 0.008 0.006 0.015 0.002 0.006 0.005 
 46 HNL_WM308    (3)    5 :  0.005 0.014 0.003 0.885 0.003 0.006 0.015 0.003 0.010 0.008 0.018 0.005 0.012 0.002 0.007 0.004 
 47 HNL_WM309    (0)    5 :  0.007 0.016 0.007 0.831 0.005 0.009 0.028 0.004 0.011 0.013 0.019 0.008 0.018 0.006 0.016 0.005 
 48 HNL_WM310   (10)    5 :  0.008 0.014 0.002 0.877 0.004 0.008 0.014 0.002 0.010 0.013 0.012 0.005 0.014 0.002 0.009 0.005 
 49 MPO_WM482    (2)    6 :  0.006 0.022 0.002 0.004 0.003 0.008 0.015 0.002 0.888 0.008 0.006 0.005 0.020 0.002 0.005 0.004 
 50 MPO_WM483    (3)    6 :  0.009 0.147 0.005 0.002 0.004 0.016 0.174 0.004 0.280 0.034 0.012 0.012 0.184 0.004 0.106 0.007 
 51 MPO_WM484    (1)    6 :  0.009 0.119 0.002 0.002 0.004 0.015 0.125 0.003 0.491 0.030 0.008 0.009 0.126 0.002 0.049 0.006 
 52 MPO_WM485    (0)    6 :  0.010 0.084 0.008 0.002 0.003 0.007 0.053 0.004 0.684 0.017 0.013 0.011 0.050 0.007 0.042 0.007 
 53 MPO_WM486   (21)    6 :  0.019 0.195 0.002 0.002 0.008 0.028 0.245 0.004 0.032 0.065 0.013 0.015 0.272 0.002 0.091 0.006 
 54 MPO_WM487   (19)    6 :  0.012 0.094 0.002 0.003 0.004 0.018 0.120 0.004 0.466 0.036 0.014 0.008 0.133 0.003 0.074 0.009 
 55 MPO_WM488    (9)    6 :  0.010 0.249 0.002 0.002 0.003 0.016 0.243 0.003 0.035 0.032 0.012 0.009 0.259 0.002 0.119 0.005 
 56 MPO_WM489    (3)    6 :  0.006 0.014 0.003 0.002 0.003 0.019 0.039 0.005 0.752 0.018 0.008 0.072 0.027 0.003 0.008 0.019 
 57 MPO_WM490   (24)    6 :  0.009 0.210 0.002 0.003 0.005 0.025 0.274 0.006 0.051 0.034 0.016 0.011 0.246 0.002 0.098 0.008 
 58 MPO_WM491   (11)    6 :  0.012 0.236 0.002 0.002 0.003 0.039 0.233 0.003 0.032 0.031 0.010 0.011 0.271 0.002 0.108 0.006 
 59 OICP_WM541    (1)    7 :  0.007 0.017 0.002 0.002 0.003 0.007 0.020 0.002 0.008 0.885 0.006 0.006 0.023 0.002 0.007 0.004 
 60 OICP_WM542    (2)    7 :  0.006 0.023 0.002 0.002 0.003 0.007 0.014 0.002 0.010 0.888 0.006 0.011 0.016 0.001 0.007 0.003 
 61 OICP_WM543    (0)    7 :  0.006 0.018 0.002 0.002 0.003 0.007 0.020 0.003 0.007 0.891 0.006 0.007 0.016 0.002 0.007 0.004 
 62 OICP_WM544    (1)    7 :  0.010 0.126 0.021 0.002 0.006 0.027 0.188 0.003 0.016 0.296 0.005 0.140 0.034 0.008 0.109 0.010 
 63 OICP_WM545    (0)    7 :  0.009 0.045 0.002 0.002 0.003 0.008 0.043 0.003 0.012 0.804 0.007 0.007 0.035 0.001 0.015 0.005 
 64 OICP_WM546    (3)    7 :  0.010 0.175 0.002 0.002 0.004 0.016 0.148 0.003 0.014 0.328 0.010 0.043 0.197 0.002 0.043 0.005 
 65 OICP_WM547    (2)    7 :  0.008 0.215 0.001 0.002 0.004 0.017 0.170 0.003 0.015 0.302 0.008 0.035 0.172 0.002 0.042 0.004 
 66 OICP_WM548    (3)    7 :  0.005 0.021 0.002 0.002 0.002 0.008 0.018 0.003 0.006 0.888 0.004 0.010 0.019 0.001 0.008 0.003 
 67 OICP_WM549    (0)    7 :  0.006 0.010 0.001 0.002 0.003 0.005 0.011 0.003 0.007 0.917 0.004 0.012 0.009 0.001 0.006 0.003 
 68 OICP_WM550    (1)    7 :  0.006 0.028 0.001 0.002 0.003 0.011 0.025 0.002 0.007 0.873 0.003 0.007 0.018 0.002 0.006 0.005 
 69 IRO_WM601    (2)    8 :  0.043 0.074 0.006 0.002 0.038 0.021 0.115 0.004 0.012 0.133 0.008 0.315 0.077 0.005 0.029 0.117 
 70 IRO_WM602    (1)    8 :  0.012 0.162 0.007 0.003 0.007 0.073 0.136 0.004 0.027 0.255 0.008 0.105 0.147 0.009 0.035 0.009 
 71 IRO_WM603    (2)    8 :  0.020 0.033 0.015 0.002 0.247 0.018 0.049 0.006 0.016 0.018 0.009 0.114 0.063 0.025 0.034 0.331 
 72 IRO_WM604    (0)    8 :  0.006 0.018 0.076 0.002 0.004 0.647 0.015 0.008 0.008 0.013 0.006 0.019 0.015 0.110 0.040 0.013 
 73 IRO_WM605    (3)    8 :  0.007 0.020 0.002 0.002 0.002 0.657 0.036 0.014 0.009 0.026 0.005 0.132 0.026 0.002 0.011 0.048 
 74 IRO_WM606    (3)    8 :  0.017 0.049 0.004 0.003 0.005 0.699 0.059 0.024 0.021 0.016 0.009 0.012 0.043 0.005 0.022 0.011 
 75 IRO_WM607    (2)    8 :  0.118 0.063 0.013 0.003 0.004 0.371 0.090 0.015 0.024 0.048 0.009 0.016 0.097 0.015 0.045 0.070 
 76 IRO_WM608    (0)    8 :  0.046 0.115 0.078 0.003 0.011 0.040 0.117 0.010 0.018 0.111 0.011 0.138 0.103 0.074 0.057 0.069 
 77 IRO_WM609    (0)    8 :  0.015 0.109 0.058 0.002 0.027 0.163 0.129 0.018 0.027 0.037 0.013 0.066 0.168 0.069 0.065 0.034 
 78 IRO_WM610   (13)    8 :  0.222 0.103 0.017 0.003 0.046 0.041 0.110 0.045 0.184 0.028 0.010 0.015 0.097 0.017 0.051 0.010 
 79 HGRF_WM661    (5)    9 :  0.011 0.214 0.002 0.002 0.003 0.025 0.162 0.003 0.019 0.273 0.008 0.047 0.169 0.002 0.055 0.005 
 80 HGRF_WM662    (5)    9 :  0.008 0.213 0.002 0.002 0.003 0.018 0.294 0.003 0.022 0.035 0.014 0.007 0.271 0.002 0.102 0.005 
 81 HGRF_WM663    (4)    9 :  0.010 0.223 0.002 0.002 0.003 0.029 0.170 0.004 0.014 0.297 0.007 0.034 0.151 0.002 0.048 0.005 
 82 HGRF_WM664    (3)    9 :  0.010 0.214 0.001 0.002 0.004 0.013 0.301 0.003 0.027 0.065 0.008 0.013 0.240 0.002 0.093 0.005 
 83 HGRF_WM665    (1)    9 :  0.014 0.191 0.010 0.002 0.006 0.025 0.152 0.005 0.023 0.257 0.010 0.064 0.178 0.009 0.046 0.009 
 84 HGRF_WM666    (5)    9 :  0.008 0.201 0.002 0.002 0.003 0.022 0.297 0.003 0.026 0.033 0.014 0.012 0.260 0.002 0.112 0.005 
 85 HGRF_WM667    (0)    9 :  0.008 0.235 0.001 0.002 0.003 0.012 0.284 0.003 0.025 0.054 0.009 0.008 0.247 0.002 0.104 0.004 
 86 HGRF_WM668    (4)    9 :  0.008 0.206 0.002 0.002 0.003 0.020 0.173 0.003 0.014 0.315 0.009 0.036 0.159 0.002 0.043 0.005 
 87 HGRF_WM669    (5)    9 :  0.007 0.256 0.002 0.002 0.004 0.014 0.249 0.002 0.031 0.033 0.010 0.008 0.259 0.002 0.114 0.006 
 88 HGRF_WM670    (9)    9 :  0.009 0.193 0.002 0.002 0.004 0.017 0.267 0.003 0.026 0.093 0.012 0.023 0.226 0.002 0.114 0.006 
 89 PTP_WM721    (2)   10 :  0.017 0.226 0.010 0.003 0.006 0.021 0.257 0.006 0.063 0.039 0.014 0.012 0.237 0.009 0.072 0.008 
 90 PTP_WM722    (2)   10 :  0.009 0.519 0.011 0.003 0.004 0.008 0.030 0.003 0.013 0.011 0.013 0.008 0.305 0.010 0.050 0.004 
 91 PTP_WM723   (25)   10 :  0.009 0.235 0.002 0.003 0.005 0.040 0.230 0.004 0.034 0.066 0.013 0.010 0.234 0.002 0.105 0.007 
 92 PTP_WM724   (13)   10 :  0.007 0.232 0.002 0.002 0.004 0.011 0.302 0.004 0.044 0.032 0.013 0.012 0.235 0.002 0.092 0.007 
 93 PTP_WM725   (25)   10 :  0.023 0.208 0.002 0.003 0.006 0.018 0.253 0.004 0.044 0.038 0.019 0.011 0.238 0.003 0.121 0.010 
 94 PTP_WM726   (13)   10 :  0.010 0.195 0.002 0.002 0.005 0.021 0.256 0.003 0.033 0.050 0.008 0.014 0.262 0.002 0.129 0.007 
 95 PTP_WM727   (10)   10 :  0.007 0.237 0.002 0.002 0.004 0.046 0.250 0.003 0.029 0.028 0.012 0.008 0.254 0.002 0.109 0.006 
 96 PTP_WM728    (8)   10 :  0.009 0.226 0.002 0.002 0.004 0.016 0.287 0.003 0.032 0.043 0.011 0.007 0.258 0.002 0.093 0.005 
 97 PTP_WM729    (9)   10 :  0.007 0.544 0.002 0.002 0.003 0.006 0.039 0.003 0.012 0.016 0.006 0.005 0.303 0.002 0.047 0.004 
 98 PTP_WM730    (8)   10 :  0.008 0.563 0.001 0.002 0.003 0.006 0.014 0.003 0.012 0.009 0.005 0.006 0.316 0.002 0.046 0.004 
 99 RRL_WM782    (9)   11 :  0.008 0.213 0.002 0.002 0.004 0.018 0.264 0.003 0.029 0.038 0.012 0.007 0.262 0.002 0.128 0.008 
100 RRL_WM783    (8)   11 :  0.015 0.012 0.002 0.002 0.009 0.007 0.021 0.004 0.011 0.014 0.005 0.030 0.019 0.004 0.012 0.832 
101 RRL_WM784    (1)   11 :  0.009 0.025 0.003 0.002 0.009 0.026 0.036 0.006 0.019 0.016 0.012 0.008 0.033 0.004 0.021 0.770 
102 RRL_WM785    (1)   11 :  0.008 0.213 0.002 0.002 0.004 0.017 0.284 0.003 0.026 0.035 0.010 0.007 0.267 0.001 0.117 0.004 
103 RRL_WM786    (2)   11 :  0.018 0.011 0.003 0.002 0.004 0.049 0.011 0.010 0.006 0.006 0.006 0.009 0.010 0.005 0.011 0.839 
104 RRL_WM787    (3)   11 :  0.015 0.024 0.008 0.002 0.009 0.016 0.035 0.009 0.008 0.076 0.005 0.067 0.021 0.009 0.014 0.681 
105 RRL_WM788    (0)   11 :  0.015 0.009 0.085 0.001 0.007 0.007 0.010 0.003 0.006 0.007 0.003 0.012 0.011 0.091 0.043 0.692 
106 RRL_WM789    (2)   11 :  0.004 0.006 0.003 0.002 0.009 0.007 0.007 0.007 0.005 0.006 0.004 0.012 0.009 0.002 0.007 0.909 
107 RRL_WM790    (0)   11 :  0.009 0.018 0.073 0.002 0.005 0.141 0.035 0.022 0.013 0.012 0.009 0.015 0.040 0.084 0.034 0.487 
108 RRL_WM791    (0)   11 :  0.052 0.050 0.006 0.002 0.004 0.022 0.070 0.005 0.012 0.022 0.011 0.023 0.045 0.010 0.027 0.639 
109 RRO_WM842    (0)   12 :  0.023 0.020 0.003 0.002 0.005 0.057 0.026 0.010 0.009 0.011 0.007 0.013 0.031 0.003 0.015 0.763 
110 RRO_WM843    (7)   12 :  0.009 0.017 0.010 0.003 0.252 0.027 0.014 0.008 0.011 0.014 0.008 0.015 0.026 0.010 0.015 0.561 
111 RRO_WM844    (2)   12 :  0.010 0.053 0.002 0.002 0.341 0.289 0.089 0.005 0.018 0.026 0.010 0.017 0.073 0.003 0.031 0.031 
112 RRO_WM845    (4)   12 :  0.006 0.011 0.002 0.002 0.033 0.006 0.011 0.004 0.007 0.008 0.004 0.007 0.010 0.002 0.006 0.880 
113 RRO_WM846   (10)   12 :  0.014 0.040 0.003 0.002 0.018 0.011 0.052 0.005 0.016 0.011 0.009 0.013 0.042 0.004 0.031 0.729 
114 RRO_WM847    (6)   12 :  0.007 0.024 0.005 0.002 0.060 0.109 0.036 0.010 0.013 0.016 0.007 0.036 0.035 0.004 0.025 0.610 
115 RRO_WM848    (4)   12 :  0.064 0.105 0.009 0.002 0.015 0.016 0.119 0.005 0.051 0.030 0.014 0.024 0.111 0.011 0.044 0.378 
116 RRO_WM849    (5)   12 :  0.009 0.047 0.003 0.002 0.010 0.014 0.030 0.003 0.016 0.022 0.007 0.240 0.033 0.003 0.014 0.549 
117 RRO_WM850    (2)   12 :  0.007 0.030 0.003 0.003 0.004 0.019 0.032 0.004 0.019 0.011 0.007 0.009 0.029 0.004 0.018 0.801 
118 RRO_WM851    (1)   12 :  0.014 0.076 0.004 0.002 0.044 0.013 0.119 0.003 0.027 0.025 0.013 0.022 0.106 0.005 0.039 0.488 
119 CPS_WM901    (2)   13 :  0.009 0.011 0.002 0.002 0.856 0.020 0.018 0.005 0.007 0.007 0.006 0.008 0.017 0.002 0.006 0.023 
120 CPS_WM902    (2)   13 :  0.007 0.009 0.004 0.002 0.826 0.005 0.010 0.013 0.006 0.063 0.006 0.023 0.012 0.003 0.006 0.006 
121 CPS_WM903    (5)   13 :  0.007 0.008 0.003 0.002 0.900 0.010 0.008 0.009 0.006 0.007 0.004 0.004 0.008 0.002 0.003 0.021 
122 CPS_WM904    (1)   13 :  0.010 0.015 0.018 0.002 0.825 0.010 0.011 0.015 0.012 0.008 0.005 0.009 0.010 0.020 0.019 0.009 
123 CPS_WM905    (2)   13 :  0.031 0.010 0.031 0.002 0.806 0.005 0.008 0.005 0.017 0.006 0.005 0.010 0.005 0.032 0.020 0.007 
124 CPS_WM906    (3)   13 :  0.005 0.019 0.002 0.002 0.863 0.008 0.024 0.003 0.008 0.011 0.007 0.006 0.020 0.002 0.011 0.007 
125 CPS_WM907    (6)   13 :  0.015 0.051 0.002 0.002 0.724 0.018 0.044 0.003 0.022 0.020 0.010 0.008 0.054 0.002 0.019 0.006 
126 CPS_WM908    (3)   13 :  0.017 0.032 0.005 0.002 0.705 0.017 0.050 0.011 0.028 0.030 0.010 0.008 0.048 0.004 0.022 0.012 
127 CPS_WM909    (2)   13 :  0.016 0.038 0.003 0.002 0.773 0.013 0.030 0.006 0.017 0.016 0.009 0.009 0.043 0.002 0.014 0.009 
128 CPS_WM910    (1)   13 :  0.009 0.013 0.008 0.002 0.864 0.009 0.020 0.004 0.011 0.011 0.005 0.008 0.011 0.008 0.012 0.005 
129 PPNP_WM962    (1)   14 :  0.005 0.008 0.003 0.005 0.002 0.006 0.006 0.003 0.005 0.006 0.928 0.004 0.008 0.003 0.005 0.003 
130 PPNP_WM963    (0)   14 :  0.010 0.045 0.007 0.013 0.006 0.014 0.055 0.004 0.024 0.016 0.699 0.013 0.057 0.008 0.019 0.008 
131 PPNP_WM964    (0)   14 :  0.005 0.013 0.014 0.038 0.003 0.008 0.010 0.003 0.006 0.006 0.842 0.010 0.007 0.016 0.015 0.005 
132 PPNP_WM965    (4)   14 :  0.009 0.028 0.002 0.002 0.003 0.010 0.021 0.003 0.009 0.018 0.850 0.008 0.017 0.002 0.012 0.006 
133 PPNP_WM966    (4)   14 :  0.005 0.008 0.002 0.002 0.002 0.004 0.012 0.002 0.007 0.007 0.925 0.004 0.009 0.002 0.005 0.003 
134 PPNP_WM967    (4)   14 :  0.010 0.047 0.003 0.003 0.004 0.011 0.046 0.004 0.025 0.022 0.721 0.008 0.058 0.002 0.030 0.006 
135 PPNP_WM968    (5)   14 :  0.021 0.142 0.006 0.014 0.005 0.016 0.270 0.006 0.060 0.042 0.085 0.012 0.214 0.006 0.095 0.007 
136 PPNP_WM969    (2)   14 :  0.008 0.029 0.002 0.002 0.006 0.010 0.057 0.004 0.017 0.016 0.749 0.007 0.053 0.002 0.035 0.004 
137 PPNP_WM970    (2)   14 :  0.009 0.087 0.002 0.004 0.004 0.019 0.072 0.004 0.018 0.023 0.672 0.012 0.040 0.003 0.022 0.009 
138 PPNP_WM971    (2)   14 :  0.009 0.033 0.002 0.003 0.004 0.011 0.046 0.003 0.012 0.020 0.756 0.008 0.059 0.002 0.026 0.005 
139 FPPI_WM1021    (4)   15 :  0.011 0.027 0.010 0.003 0.005 0.010 0.028 0.004 0.018 0.013 0.797 0.006 0.033 0.007 0.021 0.008 
140 FPPI_WM1022    (4)   15 :  0.011 0.046 0.006 0.019 0.005 0.013 0.051 0.003 0.215 0.015 0.501 0.013 0.063 0.005 0.030 0.004 
141 FPPI_WM1023    (1)   15 :  0.008 0.027 0.002 0.003 0.003 0.011 0.030 0.003 0.012 0.014 0.825 0.008 0.030 0.002 0.020 0.003 
142 FPPI_WM1024    (5)   15 :  0.010 0.041 0.002 0.002 0.003 0.015 0.046 0.003 0.017 0.016 0.747 0.009 0.049 0.002 0.033 0.005 
143 FPPI_WM1025    (6)   15 :  0.010 0.058 0.002 0.005 0.003 0.010 0.048 0.003 0.015 0.025 0.720 0.013 0.059 0.002 0.022 0.004 
144 FPPI_WM1026    (1)   15 :  0.006 0.009 0.003 0.002 0.003 0.007 0.011 0.003 0.009 0.008 0.909 0.004 0.012 0.002 0.008 0.003 
145 FPPI_WM1027    (3)   15 :  0.004 0.008 0.002 0.002 0.003 0.005 0.010 0.002 0.006 0.004 0.931 0.004 0.010 0.002 0.003 0.003 
146 FPPI_WM1028    (2)   15 :  0.007 0.015 0.002 0.005 0.004 0.008 0.019 0.003 0.008 0.012 0.872 0.006 0.019 0.002 0.013 0.005 
147 FPPI_WM1029    (3)   15 :  0.009 0.096 0.002 0.021 0.005 0.017 0.109 0.003 0.022 0.035 0.485 0.010 0.116 0.002 0.059 0.008 
148 FPPI_WM1030    (1)   15 :  0.007 0.012 0.015 0.003 0.004 0.006 0.014 0.005 0.008 0.008 0.866 0.008 0.013 0.015 0.012 0.004 
149 CRWA_WM1082    (2)   16 :  0.939 0.008 0.002 0.002 0.002 0.005 0.008 0.002 0.005 0.006 0.004 0.005 0.006 0.002 0.003 0.003 
150 CRWA_WM1084    (5)   16 :  0.465 0.095 0.003 0.002 0.003 0.023 0.123 0.012 0.015 0.122 0.006 0.035 0.075 0.003 0.013 0.006 
151 CRWA_WM1085    (2)   16 :  0.571 0.096 0.002 0.002 0.004 0.018 0.134 0.010 0.019 0.022 0.007 0.013 0.063 0.002 0.027 0.010 
152 CRWA_WM1086    (9)   16 :  0.133 0.228 0.008 0.002 0.005 0.021 0.163 0.006 0.133 0.065 0.009 0.022 0.107 0.008 0.051 0.039 
153 CRWA_WM1087    (0)   16 :  0.456 0.068 0.070 0.003 0.020 0.017 0.078 0.015 0.017 0.022 0.011 0.026 0.060 0.078 0.051 0.008 
154 CRWA_WM1088    (1)   16 :  0.068 0.235 0.024 0.002 0.004 0.017 0.171 0.023 0.047 0.148 0.009 0.067 0.117 0.020 0.042 0.005 
155 CRWA_WM1089    (3)   16 :  0.680 0.062 0.002 0.002 0.005 0.012 0.061 0.004 0.020 0.025 0.011 0.016 0.067 0.002 0.026 0.006 
156 CRWA_WM1090    (0)   16 :  0.207 0.098 0.008 0.002 0.005 0.286 0.082 0.054 0.022 0.030 0.008 0.009 0.093 0.008 0.065 0.024 
157 CRWA_WM1092    (1)   16 :  0.543 0.061 0.062 0.002 0.004 0.012 0.037 0.013 0.019 0.024 0.010 0.037 0.034 0.068 0.069 0.006 
158 CRWA_WM1093    (1)   16 :  0.617 0.047 0.042 0.002 0.005 0.018 0.029 0.004 0.013 0.057 0.004 0.030 0.052 0.040 0.034 0.004 
159 PCRA_WM1141    (3)   17 :  0.074 0.035 0.004 0.002 0.004 0.142 0.030 0.587 0.015 0.020 0.006 0.011 0.041 0.004 0.014 0.009 
160 PCRA_WM1142    (3)   17 :  0.013 0.077 0.002 0.002 0.007 0.026 0.059 0.652 0.018 0.024 0.011 0.009 0.063 0.002 0.025 0.009 
161 PCRA_WM1143    (1)   17 :  0.017 0.086 0.002 0.003 0.005 0.076 0.107 0.473 0.020 0.029 0.013 0.012 0.100 0.002 0.047 0.008 
162 PCRA_WM1144    (2)   17 :  0.009 0.038 0.003 0.002 0.020 0.014 0.059 0.014 0.026 0.033 0.007 0.230 0.045 0.003 0.019 0.480 
163 PCRA_WM1145    (4)   17 :  0.026 0.087 0.005 0.002 0.017 0.072 0.122 0.367 0.036 0.070 0.011 0.018 0.075 0.005 0.074 0.013 
164 PCRA_WM1146    (2)   17 :  0.087 0.009 0.009 0.002 0.005 0.013 0.010 0.754 0.011 0.014 0.004 0.039 0.007 0.009 0.009 0.019 
165 PCRA_WM1147    (1)   17 :  0.056 0.181 0.003 0.002 0.004 0.108 0.183 0.183 0.031 0.049 0.009 0.010 0.104 0.003 0.069 0.006 
166 PCRA_WM1148    (0)   17 :  0.006 0.013 0.012 0.002 0.005 0.017 0.009 0.867 0.007 0.007 0.004 0.011 0.009 0.015 0.010 0.007 
167 PCRA_WM1149    (1)   17 :  0.009 0.016 0.014 0.002 0.082 0.007 0.010 0.731 0.008 0.027 0.007 0.024 0.012 0.015 0.012 0.023 
168 PCRA_WM1150    (0)   17 :  0.012 0.011 0.021 0.004 0.006 0.010 0.011 0.803 0.009 0.018 0.005 0.026 0.015 0.020 0.013 0.017 
169 DHFA_WM1202    (3)   18 :  0.017 0.040 0.002 0.703 0.005 0.019 0.050 0.004 0.020 0.023 0.014 0.011 0.049 0.003 0.032 0.006 
170 DHFA_WM1203    (1)   18 :  0.012 0.042 0.004 0.724 0.005 0.014 0.045 0.004 0.023 0.024 0.019 0.009 0.040 0.003 0.026 0.006 
171 DHFA_WM1204    (2)   18 :  0.012 0.039 0.003 0.760 0.004 0.020 0.041 0.003 0.010 0.020 0.011 0.009 0.040 0.002 0.018 0.007 
172 DHFA_WM1205    (5)   18 :  0.005 0.008 0.003 0.915 0.003 0.006 0.010 0.002 0.009 0.008 0.004 0.005 0.011 0.002 0.006 0.003 
173 DHFA_WM1206    (4)   18 :  0.007 0.014 0.003 0.892 0.003 0.007 0.014 0.002 0.011 0.008 0.006 0.004 0.015 0.002 0.008 0.005 
174 DHFA_WM1207    (2)   18 :  0.005 0.004 0.003 0.943 0.003 0.004 0.006 0.003 0.006 0.004 0.004 0.003 0.005 0.002 0.003 0.003 
175 DHFA_WM1208    (3)   18 :  0.007 0.012 0.003 0.898 0.003 0.007 0.012 0.003 0.008 0.010 0.007 0.005 0.011 0.002 0.008 0.004 
176 DHFA_WM1209    (1)   18 :  0.005 0.005 0.010 0.917 0.003 0.004 0.007 0.003 0.005 0.005 0.004 0.007 0.007 0.008 0.007 0.003 
177 DHFA_WM1210    (0)   18 :  0.003 0.003 0.006 0.954 0.002 0.002 0.003 0.002 0.003 0.004 0.003 0.003 0.003 0.005 0.003 0.001 
178 DHFA_WM1211    (2)   18 :  0.010 0.031 0.003 0.741 0.005 0.015 0.060 0.005 0.023 0.022 0.013 0.008 0.036 0.003 0.018 0.006 


Estimated Allele Frequencies in each cluster
First column gives estimated ancestral frequencies


Locus 1 : 953_21 
2 alleles
4.5% missing data
 120   (0.957) 0.999 1.000 0.958 0.997 0.997 0.999 1.000 0.996 0.999 1.000 0.897 0.991 0.999 0.959 0.980 0.998 
 100   (0.043) 0.001 0.000 0.042 0.003 0.003 0.001 0.000 0.004 0.001 0.000 0.103 0.009 0.001 0.041 0.020 0.002 

Locus 2 : 2370_26 
2 alleles
6.2% missing data
 110   (0.955) 0.999 1.000 0.956 0.997 0.997 0.999 1.000 0.995 0.999 1.000 0.786 0.991 0.999 0.957 0.979 0.997 
 130   (0.045) 0.001 0.000 0.044 0.003 0.003 0.001 0.000 0.005 0.001 0.000 0.214 0.009 0.001 0.043 0.021 0.003 

Locus 3 : 2692_87 
2 alleles
1.7% missing data
 130   (0.954) 0.998 1.000 0.955 0.764 0.997 0.999 1.000 0.995 0.999 1.000 0.999 0.991 0.999 0.956 0.979 0.998 
 120   (0.046) 0.002 0.000 0.045 0.236 0.003 0.001 0.000 0.005 0.001 0.000 0.001 0.009 0.001 0.044 0.021 0.002 

Locus 4 : 2828_58 
2 alleles
6.7% missing data
 100   (0.925) 0.995 0.995 0.925 0.995 0.994 0.998 0.993 0.830 0.998 0.993 0.998 0.976 0.993 0.922 0.953 0.995 
 120   (0.075) 0.005 0.005 0.075 0.005 0.006 0.002 0.007 0.170 0.002 0.007 0.002 0.024 0.007 0.078 0.047 0.005 

Locus 5 : 6398_73 
2 alleles
6.2% missing data
 130   (0.920) 0.997 1.000 0.922 0.642 0.995 0.999 1.000 0.992 0.998 0.999 0.790 0.985 0.999 0.924 0.962 0.996 
 100   (0.080) 0.003 0.000 0.078 0.358 0.005 0.001 0.000 0.008 0.002 0.001 0.210 0.015 0.001 0.076 0.038 0.004 

Locus 6 : 7469_71 
2 alleles
5.1% missing data
 130   (0.961) 0.998 0.988 0.961 0.997 0.997 0.999 0.999 0.995 0.998 0.999 0.998 0.990 0.996 0.961 0.978 0.997 
 110   (0.039) 0.002 0.012 0.039 0.003 0.003 0.001 0.001 0.005 0.002 0.001 0.002 0.010 0.004 0.039 0.022 0.003 

Locus 7 : 7615_47 
2 alleles
5.1% missing data
 130   (0.959) 0.997 0.996 0.959 0.996 0.996 0.999 0.996 0.993 0.997 0.999 0.998 0.989 0.996 0.959 0.976 0.997 
 100   (0.041) 0.003 0.004 0.041 0.004 0.004 0.001 0.004 0.007 0.003 0.001 0.002 0.011 0.004 0.041 0.024 0.003 

Locus 8 : 8211_10 
2 alleles
2.8% missing data
 120   (0.956) 0.999 1.000 0.957 0.936 0.997 0.999 1.000 0.995 0.999 1.000 0.999 0.992 0.999 0.958 0.980 0.998 
 100   (0.044) 0.001 0.000 0.043 0.064 0.003 0.001 0.000 0.005 0.001 0.000 0.001 0.008 0.001 0.042 0.020 0.002 

Locus 9 : 8394_14 
2 alleles
2.2% missing data
 110   (0.957) 0.999 1.000 0.958 0.997 0.997 0.999 1.000 0.996 0.999 1.000 0.860 0.992 0.999 0.959 0.980 0.998 
 130   (0.043) 0.001 0.000 0.042 0.003 0.003 0.001 0.000 0.004 0.001 0.000 0.140 0.008 0.001 0.041 0.020 0.002 

Locus 10 : 9621_63 
2 alleles
3.9% missing data
 130   (0.955) 0.999 1.000 0.956 0.939 0.997 0.999 1.000 0.995 0.999 1.000 0.999 0.991 0.999 0.957 0.979 0.998 
 110   (0.045) 0.001 0.000 0.044 0.061 0.003 0.001 0.000 0.005 0.001 0.000 0.001 0.009 0.001 0.043 0.021 0.002 

Locus 11 : 9880_35 
2 alleles
4.5% missing data
 120   (0.950) 0.998 1.000 0.951 0.706 0.996 0.999 1.000 0.995 0.999 1.000 0.999 0.991 0.999 0.952 0.977 0.998 
 100   (0.050) 0.002 0.000 0.049 0.294 0.004 0.001 0.000 0.005 0.001 0.000 0.001 0.009 0.001 0.048 0.023 0.002 

Locus 12 : 11163_16 
2 alleles
7.9% missing data
 130   (0.954) 0.998 1.000 0.955 0.914 0.997 0.999 1.000 0.995 0.999 1.000 0.999 0.992 0.999 0.956 0.979 0.998 
 110   (0.046) 0.002 0.000 0.045 0.086 0.003 0.001 0.000 0.005 0.001 0.000 0.001 0.008 0.001 0.044 0.021 0.002 

Locus 13 : 11991_31 
2 alleles
4.5% missing data
 120   (0.929) 0.991 0.999 0.927 0.995 0.995 0.989 0.997 0.989 0.998 0.999 0.998 0.978 0.995 0.922 0.952 0.976 
 100   (0.071) 0.009 0.001 0.073 0.005 0.005 0.011 0.003 0.011 0.002 0.001 0.002 0.022 0.005 0.078 0.048 0.024 

Locus 14 : 12766_17 
2 alleles
2.2% missing data
 120   (0.958) 0.999 1.000 0.959 0.997 0.995 0.999 1.000 0.935 0.999 1.000 0.999 0.992 0.999 0.959 0.979 0.998 
 100   (0.042) 0.001 0.000 0.041 0.003 0.005 0.001 0.000 0.065 0.001 0.000 0.001 0.008 0.001 0.041 0.021 0.002 

Locus 15 : 13496_14 
2 alleles
5.1% missing data
 110   (0.955) 0.998 1.000 0.956 0.997 0.680 0.999 1.000 0.995 0.999 1.000 0.999 0.992 0.999 0.957 0.979 0.998 
 100   (0.045) 0.002 0.000 0.044 0.003 0.320 0.001 0.000 0.005 0.001 0.000 0.001 0.008 0.001 0.043 0.021 0.002 

Locus 16 : 14394_41 
2 alleles
2.2% missing data
 130   (0.959) 0.999 1.000 0.959 0.997 0.997 0.999 1.000 0.933 0.999 1.000 0.999 0.992 0.999 0.960 0.980 0.998 
 110   (0.041) 0.001 0.000 0.041 0.003 0.003 0.001 0.000 0.067 0.001 0.000 0.001 0.008 0.001 0.040 0.020 0.002 

Locus 17 : 16285_24 
2 alleles
6.2% missing data
 130   (0.953) 0.998 1.000 0.954 0.875 0.997 0.999 1.000 0.995 0.999 1.000 0.999 0.991 0.999 0.955 0.977 0.998 
 100   (0.047) 0.002 0.000 0.046 0.125 0.003 0.001 0.000 0.005 0.001 0.000 0.001 0.009 0.001 0.045 0.023 0.002 

Locus 18 : 18821_69 
2 alleles
7.3% missing data
 120   (0.955) 0.998 1.000 0.956 0.997 0.997 0.999 0.999 0.995 0.709 1.000 0.999 0.991 0.999 0.957 0.974 0.998 
 110   (0.045) 0.002 0.000 0.044 0.003 0.003 0.001 0.001 0.005 0.291 0.000 0.001 0.009 0.001 0.043 0.026 0.002 

Locus 19 : 19006_32 
2 alleles
6.7% missing data
 120   (0.921) 0.997 1.000 0.923 0.661 0.995 0.999 1.000 0.992 0.998 0.999 0.791 0.985 0.998 0.925 0.964 0.996 
 110   (0.079) 0.003 0.000 0.077 0.339 0.005 0.001 0.000 0.008 0.002 0.001 0.209 0.015 0.002 0.075 0.036 0.004 

Locus 20 : 19602_58 
2 alleles
4.5% missing data
 120   (0.958) 0.999 1.000 0.959 0.974 0.997 0.999 1.000 0.996 0.999 1.000 0.999 0.992 0.999 0.959 0.981 0.998 
 100   (0.042) 0.001 0.000 0.041 0.026 0.003 0.001 0.000 0.004 0.001 0.000 0.001 0.008 0.001 0.041 0.019 0.002 

Locus 21 : 20143_24 
2 alleles
3.4% missing data
 120   (0.959) 0.998 1.000 0.960 0.997 0.967 0.999 1.000 0.996 0.999 1.000 0.999 0.991 0.999 0.959 0.978 0.998 
 100   (0.041) 0.002 0.000 0.040 0.003 0.033 0.001 0.000 0.004 0.001 0.000 0.001 0.009 0.001 0.041 0.022 0.002 

Locus 22 : 21661_29 
2 alleles
2.2% missing data
 120   (0.952) 0.998 1.000 0.953 0.892 0.997 0.999 1.000 0.995 0.999 1.000 0.999 0.991 0.999 0.954 0.978 0.998 
 100   (0.048) 0.002 0.000 0.047 0.108 0.003 0.001 0.000 0.005 0.001 0.000 0.001 0.009 0.001 0.046 0.022 0.002 

Locus 23 : 22603_12 
2 alleles
5.1% missing data
 130   (0.954) 0.998 1.000 0.955 0.945 0.997 0.999 1.000 0.995 0.999 1.000 0.999 0.992 0.999 0.956 0.979 0.998 
 110   (0.046) 0.002 0.000 0.045 0.055 0.003 0.001 0.000 0.005 0.001 0.000 0.001 0.008 0.001 0.044 0.021 0.002 

Locus 24 : 25109_23 
2 alleles
1.7% missing data
 120   (0.935) 0.834 0.999 0.935 0.995 0.994 0.993 0.999 0.950 0.998 0.999 0.998 0.986 0.998 0.937 0.966 0.996 
 100   (0.065) 0.166 0.001 0.065 0.005 0.006 0.007 0.001 0.050 0.002 0.001 0.002 0.014 0.002 0.063 0.034 0.004 

Locus 25 : 25511_77 
2 alleles
5.1% missing data
 130   (0.956) 0.998 1.000 0.957 0.997 0.997 0.999 1.000 0.995 0.999 1.000 0.939 0.989 0.999 0.957 0.978 0.998 
 110   (0.044) 0.002 0.000 0.043 0.003 0.003 0.001 0.000 0.005 0.001 0.000 0.061 0.011 0.001 0.043 0.022 0.002 

Locus 26 : 26816_9 
2 alleles
5.6% missing data
 110   (0.868) 0.689 0.994 0.865 0.991 0.978 0.979 0.990 0.985 0.995 0.998 0.996 0.948 0.978 0.861 0.916 0.800 
 130   (0.132) 0.311 0.006 0.135 0.009 0.022 0.021 0.010 0.015 0.005 0.002 0.004 0.052 0.022 0.139 0.084 0.200 

Locus 27 : 29455_86 
2 alleles
5.6% missing data
 120   (0.959) 0.999 1.000 0.959 0.997 0.997 0.995 1.000 0.992 0.999 1.000 0.999 0.991 0.998 0.955 0.976 0.998 
 110   (0.041) 0.001 0.000 0.041 0.003 0.003 0.005 0.000 0.008 0.001 0.000 0.001 0.009 0.002 0.045 0.024 0.002 

Locus 28 : 30970_30 
2 alleles
6.7% missing data
 120   (0.957) 0.998 1.000 0.957 0.997 0.961 0.999 1.000 0.994 0.999 1.000 0.999 0.991 0.999 0.958 0.978 0.998 
 110   (0.043) 0.002 0.000 0.043 0.003 0.039 0.001 0.000 0.006 0.001 0.000 0.001 0.009 0.001 0.042 0.022 0.002 

Locus 29 : 33052_5 
2 alleles
1.1% missing data
 130   (0.959) 0.992 0.999 0.960 0.997 0.997 0.999 1.000 0.995 0.973 1.000 0.999 0.992 0.999 0.960 0.976 0.998 
 110   (0.041) 0.008 0.001 0.040 0.003 0.003 0.001 0.000 0.005 0.027 0.000 0.001 0.008 0.001 0.040 0.024 0.002 

Locus 30 : 33744_32 
2 alleles
2.8% missing data
 130   (0.954) 0.998 1.000 0.955 0.997 0.997 0.999 1.000 0.995 0.876 1.000 0.999 0.991 0.999 0.955 0.977 0.998 
 110   (0.046) 0.002 0.000 0.045 0.003 0.003 0.001 0.000 0.005 0.124 0.000 0.001 0.009 0.001 0.045 0.023 0.002 

Locus 31 : 34805_8 
2 alleles
4.5% missing data
 110   (0.941) 0.998 1.000 0.941 0.996 0.996 0.994 1.000 0.754 0.999 0.999 0.998 0.987 0.998 0.939 0.968 0.997 
 120   (0.059) 0.002 0.000 0.059 0.004 0.004 0.006 0.000 0.246 0.001 0.001 0.002 0.013 0.002 0.061 0.032 0.003 

Locus 32 : 35345_10 
2 alleles
5.1% missing data
 130   (0.952) 0.998 0.994 0.952 0.997 0.997 0.999 0.996 0.994 0.947 0.999 0.998 0.990 0.993 0.953 0.970 0.997 
 110   (0.048) 0.002 0.006 0.048 0.003 0.003 0.001 0.004 0.006 0.053 0.001 0.002 0.010 0.007 0.047 0.030 0.003 

Locus 33 : 35769_30 
2 alleles
6.2% missing data
 110   (0.942) 0.996 1.000 0.941 0.996 0.962 0.999 1.000 0.930 0.999 0.999 0.998 0.988 0.999 0.942 0.969 0.997 
 100   (0.058) 0.004 0.000 0.059 0.004 0.038 0.001 0.000 0.070 0.001 0.001 0.002 0.012 0.001 0.058 0.031 0.003 

Locus 34 : 35965_89 
2 alleles
3.4% missing data
 130   (0.959) 0.983 1.000 0.958 0.997 0.997 0.999 1.000 0.995 0.999 0.999 0.999 0.991 0.999 0.958 0.975 0.998 
 100   (0.041) 0.017 0.000 0.042 0.003 0.003 0.001 0.000 0.005 0.001 0.001 0.001 0.009 0.001 0.042 0.025 0.002 

Locus 35 : 39654_13 
2 alleles
5.6% missing data
 120   (0.958) 0.998 1.000 0.958 0.997 0.997 0.999 1.000 0.996 0.999 1.000 0.999 0.991 0.999 0.957 0.975 0.988 
 100   (0.042) 0.002 0.000 0.042 0.003 0.003 0.001 0.000 0.004 0.001 0.000 0.001 0.009 0.001 0.043 0.025 0.012 

Locus 36 : 39700_65 
2 alleles
3.4% missing data
 110   (0.959) 0.998 1.000 0.958 0.997 0.996 0.998 1.000 0.994 0.999 1.000 0.999 0.985 0.999 0.955 0.976 0.998 
 120   (0.041) 0.002 0.000 0.042 0.003 0.004 0.002 0.000 0.006 0.001 0.000 0.001 0.015 0.001 0.045 0.024 0.002 

Locus 37 : 40824_7 
2 alleles
5.1% missing data
 130   (0.956) 0.998 1.000 0.957 0.997 0.997 0.999 1.000 0.995 0.999 1.000 0.999 0.992 0.999 0.958 0.980 0.926 
 110   (0.044) 0.002 0.000 0.043 0.003 0.003 0.001 0.000 0.005 0.001 0.000 0.001 0.008 0.001 0.042 0.020 0.074 

Locus 38 : 41554_43 
2 alleles
7.3% missing data
 120   (0.960) 0.998 1.000 0.960 0.997 0.958 0.999 1.000 0.995 0.999 0.999 0.999 0.992 0.999 0.961 0.980 0.997 
 100   (0.040) 0.002 0.000 0.040 0.003 0.042 0.001 0.000 0.005 0.001 0.001 0.001 0.008 0.001 0.039 0.020 0.003 

Locus 39 : 42501_5 
2 alleles
5.6% missing data
 120   (0.954) 0.998 1.000 0.955 0.918 0.997 0.999 1.000 0.995 0.999 1.000 0.999 0.992 0.999 0.956 0.978 0.998 
 110   (0.046) 0.002 0.000 0.045 0.082 0.003 0.001 0.000 0.005 0.001 0.000 0.001 0.008 0.001 0.044 0.022 0.002 

Locus 40 : 42989_15 
2 alleles
3.4% missing data
 130   (0.957) 0.998 1.000 0.958 0.997 0.997 0.999 1.000 0.995 0.999 1.000 0.999 0.991 0.999 0.959 0.980 0.925 
 110   (0.043) 0.002 0.000 0.042 0.003 0.003 0.001 0.000 0.005 0.001 0.000 0.001 0.009 0.001 0.041 0.020 0.075 

Locus 41 : 44631_16 
2 alleles
5.6% missing data
 120   (0.956) 0.999 1.000 0.957 0.997 0.845 0.999 1.000 0.995 0.999 1.000 0.999 0.991 0.999 0.958 0.979 0.998 
 110   (0.044) 0.001 0.000 0.043 0.003 0.155 0.001 0.000 0.005 0.001 0.000 0.001 0.009 0.001 0.042 0.021 0.002 

Locus 42 : 45332_74 
2 alleles
3.4% missing data
 130   (0.886) 0.996 0.999 0.887 0.992 0.992 0.968 0.983 0.850 0.985 0.967 0.996 0.652 0.988 0.889 0.940 0.774 
 110   (0.114) 0.004 0.001 0.113 0.008 0.008 0.032 0.017 0.150 0.015 0.033 0.004 0.348 0.012 0.111 0.060 0.226 

Locus 43 : 45964_12 
2 alleles
2.2% missing data
 100   (0.960) 0.998 1.000 0.960 0.995 0.997 0.999 1.000 0.996 0.999 1.000 0.980 0.989 0.999 0.961 0.979 0.998 
 130   (0.040) 0.002 0.000 0.040 0.005 0.003 0.001 0.000 0.004 0.001 0.000 0.020 0.011 0.001 0.039 0.021 0.002 

Locus 44 : 47772_18 
2 alleles
1.7% missing data
 120   (0.954) 0.998 1.000 0.955 0.814 0.997 0.999 1.000 0.995 0.999 1.000 0.999 0.992 0.999 0.956 0.979 0.998 
 100   (0.046) 0.002 0.000 0.045 0.186 0.003 0.001 0.000 0.005 0.001 0.000 0.001 0.008 0.001 0.044 0.021 0.002 

Locus 45 : 48505_7 
2 alleles
2.8% missing data
 130   (0.960) 0.998 1.000 0.960 0.997 0.997 0.999 1.000 0.995 0.999 0.998 0.999 0.977 0.999 0.958 0.978 0.998 
 110   (0.040) 0.002 0.000 0.040 0.003 0.003 0.001 0.000 0.005 0.001 0.002 0.001 0.023 0.001 0.042 0.022 0.002 

Locus 46 : 49838_13 
2 alleles
5.1% missing data
 120   (0.957) 0.998 1.000 0.958 0.997 0.997 0.999 1.000 0.996 0.999 0.983 0.999 0.876 0.999 0.959 0.980 0.998 
 100   (0.043) 0.002 0.000 0.042 0.003 0.003 0.001 0.000 0.004 0.001 0.017 0.001 0.124 0.001 0.041 0.020 0.002 

Locus 47 : 50793_47 
2 alleles
6.2% missing data
 120   (0.951) 0.998 1.000 0.953 0.996 0.992 0.998 0.999 0.995 0.999 1.000 0.999 0.990 0.999 0.953 0.977 0.864 
 100   (0.049) 0.002 0.000 0.047 0.004 0.008 0.002 0.001 0.005 0.001 0.000 0.001 0.010 0.001 0.047 0.023 0.136 

Locus 48 : 51471_5 
2 alleles
2.2% missing data
 110   (0.955) 0.999 1.000 0.956 0.997 0.997 0.999 1.000 0.995 0.999 1.000 0.940 0.991 0.999 0.957 0.979 0.998 
 120   (0.045) 0.001 0.000 0.044 0.003 0.003 0.001 0.000 0.005 0.001 0.000 0.060 0.009 0.001 0.043 0.021 0.002 

Locus 49 : 52408_45 
2 alleles
2.2% missing data
 130   (0.955) 0.999 1.000 0.956 0.997 0.810 0.999 1.000 0.995 0.999 1.000 0.999 0.992 0.999 0.957 0.980 0.998 
 110   (0.045) 0.001 0.000 0.044 0.003 0.190 0.001 0.000 0.005 0.001 0.000 0.001 0.008 0.001 0.043 0.020 0.002 

Locus 50 : 53046_18 
2 alleles
0.6% missing data
 120   (0.938) 0.998 1.000 0.938 0.995 0.996 0.999 1.000 0.993 0.993 1.000 0.998 0.987 0.998 0.937 0.966 0.928 
 100   (0.062) 0.002 0.000 0.062 0.005 0.004 0.001 0.000 0.007 0.007 0.000 0.002 0.013 0.002 0.063 0.034 0.072 

Locus 51 : 53230_50 
2 alleles
4.5% missing data
 120   (0.958) 0.999 1.000 0.959 0.997 0.997 0.999 1.000 0.996 0.999 1.000 0.895 0.992 0.999 0.960 0.981 0.998 
 110   (0.042) 0.001 0.000 0.041 0.003 0.003 0.001 0.000 0.004 0.001 0.000 0.105 0.008 0.001 0.040 0.019 0.002 

Locus 52 : 53957_5 
2 alleles
3.9% missing data
 130   (0.959) 0.999 1.000 0.958 0.997 0.997 0.999 1.000 0.995 0.999 1.000 0.999 0.990 0.999 0.958 0.977 0.990 
 110   (0.041) 0.001 0.000 0.042 0.003 0.003 0.001 0.000 0.005 0.001 0.000 0.001 0.010 0.001 0.042 0.023 0.010 

Locus 53 : 58003_89 
2 alleles
3.9% missing data
 120   (0.947) 0.975 0.997 0.946 0.996 0.996 0.994 0.997 0.990 0.996 0.999 0.998 0.985 0.993 0.947 0.966 0.994 
 100   (0.053) 0.025 0.003 0.054 0.004 0.004 0.006 0.003 0.010 0.004 0.001 0.002 0.015 0.007 0.053 0.034 0.006 

Locus 54 : 58412_58 
2 alleles
2.2% missing data
 110   (0.957) 0.998 1.000 0.957 0.975 0.997 0.999 1.000 0.995 0.999 1.000 0.999 0.992 0.999 0.958 0.979 0.998 
 100   (0.043) 0.002 0.000 0.043 0.025 0.003 0.001 0.000 0.005 0.001 0.000 0.001 0.008 0.001 0.042 0.021 0.002 

Locus 55 : 58452_11 
2 alleles
3.4% missing data
 120   (0.959) 0.989 1.000 0.959 0.997 0.997 0.999 1.000 0.995 0.999 1.000 0.999 0.989 0.999 0.955 0.971 0.998 
 130   (0.041) 0.011 0.000 0.041 0.003 0.003 0.001 0.000 0.005 0.001 0.000 0.001 0.011 0.001 0.045 0.029 0.002 

Locus 56 : 59409_85 
2 alleles
2.8% missing data
 130   (0.961) 0.999 1.000 0.959 0.997 0.997 0.996 1.000 0.996 0.999 1.000 0.999 0.989 0.999 0.956 0.977 0.998 
 100   (0.039) 0.001 0.000 0.041 0.003 0.003 0.004 0.000 0.004 0.001 0.000 0.001 0.011 0.001 0.044 0.023 0.002 

Locus 57 : 60620_10 
2 alleles
1.1% missing data
 120   (0.954) 0.999 1.000 0.955 0.892 0.997 0.999 1.000 0.995 0.999 1.000 0.999 0.991 0.999 0.956 0.977 0.998 
 130   (0.046) 0.001 0.000 0.045 0.108 0.003 0.001 0.000 0.005 0.001 0.000 0.001 0.009 0.001 0.044 0.023 0.002 

Locus 58 : 61541_77 
2 alleles
3.4% missing data
 120   (0.954) 0.999 1.000 0.955 0.840 0.997 0.999 1.000 0.995 0.999 1.000 0.999 0.991 0.999 0.956 0.979 0.998 
 100   (0.046) 0.001 0.000 0.045 0.160 0.003 0.001 0.000 0.005 0.001 0.000 0.001 0.009 0.001 0.044 0.021 0.002 

Locus 59 : 61756_42 
2 alleles
1.1% missing data
 130   (0.954) 0.999 1.000 0.955 0.822 0.997 0.999 1.000 0.995 0.999 1.000 0.999 0.992 0.999 0.957 0.979 0.998 
 110   (0.046) 0.001 0.000 0.045 0.178 0.003 0.001 0.000 0.005 0.001 0.000 0.001 0.008 0.001 0.043 0.021 0.002 

Locus 60 : 62497_19 
2 alleles
6.2% missing data
 130   (0.908) 0.962 0.996 0.909 0.993 0.873 0.981 0.997 0.942 0.997 0.984 0.997 0.973 0.996 0.907 0.945 0.994 
 110   (0.092) 0.038 0.004 0.091 0.007 0.127 0.019 0.003 0.058 0.003 0.016 0.003 0.027 0.004 0.093 0.055 0.006 

Locus 61 : 63024_50 
2 alleles
2.8% missing data
 120   (0.947) 0.966 1.000 0.946 0.996 0.996 0.999 1.000 0.993 0.999 1.000 0.999 0.984 0.999 0.941 0.958 0.997 
 100   (0.053) 0.034 0.000 0.054 0.004 0.004 0.001 0.000 0.007 0.001 0.000 0.001 0.016 0.001 0.059 0.042 0.003 

Locus 62 : 64492_50 
2 alleles
7.3% missing data
 120   (0.918) 0.958 1.000 0.919 0.994 0.887 0.998 0.999 0.989 0.998 0.999 0.998 0.983 0.998 0.921 0.958 0.928 
 100   (0.082) 0.042 0.000 0.081 0.006 0.113 0.002 0.001 0.011 0.002 0.001 0.002 0.017 0.002 0.079 0.042 0.072 

Locus 63 : 67984_34 
2 alleles
2.2% missing data
 120   (0.956) 0.998 1.000 0.957 0.866 0.997 0.999 1.000 0.995 0.999 1.000 0.999 0.992 0.999 0.958 0.980 0.998 
 100   (0.044) 0.002 0.000 0.043 0.134 0.003 0.001 0.000 0.005 0.001 0.000 0.001 0.008 0.001 0.042 0.020 0.002 

Locus 64 : 69199_10 
2 alleles
4.5% missing data
 120   (0.942) 0.368 0.999 0.943 0.996 0.996 0.999 0.998 0.994 0.998 0.999 0.998 0.986 0.999 0.942 0.967 0.997 
 100   (0.058) 0.632 0.001 0.057 0.004 0.004 0.001 0.002 0.006 0.002 0.001 0.002 0.014 0.001 0.058 0.033 0.003 

Locus 65 : 71368_77 
2 alleles
6.7% missing data
 100   (0.956) 0.999 1.000 0.957 0.997 0.997 0.999 1.000 0.996 0.999 1.000 0.766 0.991 0.999 0.958 0.980 0.998 
 110   (0.044) 0.001 0.000 0.043 0.003 0.003 0.001 0.000 0.004 0.001 0.000 0.234 0.009 0.001 0.042 0.020 0.002 

Locus 66 : 72276_35 
2 alleles
5.1% missing data
 130   (0.956) 0.998 1.000 0.957 0.997 0.997 0.999 1.000 0.995 0.999 1.000 0.999 0.991 0.999 0.958 0.979 0.897 
 120   (0.044) 0.002 0.000 0.043 0.003 0.003 0.001 0.000 0.005 0.001 0.000 0.001 0.009 0.001 0.042 0.021 0.103 

Locus 67 : 73554_16 
2 alleles
3.9% missing data
 100   (0.954) 0.998 1.000 0.954 0.997 0.997 0.999 1.000 0.851 0.999 1.000 0.999 0.991 0.999 0.955 0.977 0.998 
 130   (0.046) 0.002 0.000 0.046 0.003 0.003 0.001 0.000 0.149 0.001 0.000 0.001 0.009 0.001 0.045 0.023 0.002 

Locus 68 : 74575_32 
2 alleles
1.7% missing data
 120   (0.959) 0.999 1.000 0.959 0.997 0.997 0.999 1.000 0.996 0.999 1.000 0.999 0.991 0.999 0.958 0.975 0.989 
 100   (0.041) 0.001 0.000 0.041 0.003 0.003 0.001 0.000 0.004 0.001 0.000 0.001 0.009 0.001 0.042 0.025 0.011 

Locus 69 : 76504_10 
2 alleles
1.1% missing data
 110   (0.954) 0.998 1.000 0.955 0.997 0.997 0.999 1.000 0.995 0.788 1.000 0.999 0.991 0.999 0.955 0.974 0.998 
 100   (0.046) 0.002 0.000 0.045 0.003 0.003 0.001 0.000 0.005 0.212 0.000 0.001 0.009 0.001 0.045 0.026 0.002 

Locus 70 : 76561_35 
2 alleles
5.6% missing data
 120   (0.955) 0.999 1.000 0.956 0.997 0.543 0.999 1.000 0.995 0.999 1.000 0.999 0.992 0.999 0.958 0.979 0.998 
 100   (0.045) 0.001 0.000 0.044 0.003 0.457 0.001 0.000 0.005 0.001 0.000 0.001 0.008 0.001 0.042 0.021 0.002 

Locus 71 : 77346_16 
2 alleles
2.2% missing data
 130   (0.957) 0.998 0.999 0.958 0.997 0.997 0.999 0.999 0.996 0.917 1.000 0.999 0.992 0.999 0.959 0.980 0.998 
 110   (0.043) 0.002 0.001 0.042 0.003 0.003 0.001 0.001 0.004 0.083 0.000 0.001 0.008 0.001 0.041 0.020 0.002 

Locus 72 : 78631_40 
2 alleles
7.9% missing data
 120   (0.951) 0.997 1.000 0.952 0.997 0.995 0.999 1.000 0.995 0.999 1.000 0.999 0.991 0.999 0.953 0.976 0.816 
 110   (0.049) 0.003 0.000 0.048 0.003 0.005 0.001 0.000 0.005 0.001 0.000 0.001 0.009 0.001 0.047 0.024 0.184 

Locus 73 : 80366_12 
2 alleles
6.7% missing data
 130   (0.959) 0.998 1.000 0.958 0.997 0.996 0.998 1.000 0.994 0.999 1.000 0.999 0.984 0.999 0.955 0.977 0.997 
 110   (0.041) 0.002 0.000 0.042 0.003 0.004 0.002 0.000 0.006 0.001 0.000 0.001 0.016 0.001 0.045 0.023 0.003 

Locus 74 : 80499_10 
2 alleles
6.2% missing data
 130   (0.956) 0.998 1.000 0.957 0.996 0.997 0.999 1.000 0.995 0.999 1.000 0.901 0.990 0.999 0.957 0.978 0.998 
 100   (0.044) 0.002 0.000 0.043 0.004 0.003 0.001 0.000 0.005 0.001 0.000 0.099 0.010 0.001 0.043 0.022 0.002 

Locus 75 : 81141_31 
2 alleles
2.8% missing data
 120   (0.959) 0.998 1.000 0.959 0.997 0.997 0.999 1.000 0.995 0.999 0.998 0.999 0.976 0.999 0.957 0.976 0.998 
 100   (0.041) 0.002 0.000 0.041 0.003 0.003 0.001 0.000 0.005 0.001 0.002 0.001 0.024 0.001 0.043 0.024 0.002 

Locus 76 : 81662_33 
2 alleles
3.4% missing data
 120   (0.958) 0.998 1.000 0.955 0.997 0.997 0.996 1.000 0.996 0.999 1.000 0.999 0.991 0.998 0.957 0.972 0.998 
 110   (0.042) 0.002 0.000 0.045 0.003 0.003 0.004 0.000 0.004 0.001 0.000 0.001 0.009 0.002 0.043 0.028 0.002 

Locus 77 : 82002_8 
2 alleles
6.7% missing data
 100   (0.950) 0.998 1.000 0.951 0.678 0.997 0.999 1.000 0.995 0.999 1.000 0.999 0.990 0.999 0.952 0.976 0.998 
 110   (0.050) 0.002 0.000 0.049 0.322 0.003 0.001 0.000 0.005 0.001 0.000 0.001 0.010 0.001 0.048 0.024 0.002 

Locus 78 : 82631_34 
2 alleles
7.9% missing data
 120   (0.959) 0.998 1.000 0.958 0.997 0.997 0.999 0.999 0.995 0.999 0.999 0.999 0.987 0.996 0.955 0.975 0.996 
 100   (0.041) 0.002 0.000 0.042 0.003 0.003 0.001 0.001 0.005 0.001 0.001 0.001 0.013 0.004 0.045 0.025 0.004 

Locus 79 : 83247_84 
2 alleles
3.4% missing data
 110   (0.946) 0.998 1.000 0.947 0.996 0.996 0.999 1.000 0.994 0.999 1.000 0.999 0.988 0.999 0.947 0.973 0.778 
 100   (0.054) 0.002 0.000 0.053 0.004 0.004 0.001 0.000 0.006 0.001 0.000 0.001 0.012 0.001 0.053 0.027 0.222 

Locus 80 : 83916_5 
2 alleles
3.9% missing data
 130   (0.959) 0.999 1.000 0.960 0.997 0.997 0.999 1.000 0.996 0.999 0.819 0.999 0.992 0.999 0.961 0.980 0.998 
 110   (0.041) 0.001 0.000 0.040 0.003 0.003 0.001 0.000 0.004 0.001 0.181 0.001 0.008 0.001 0.039 0.020 0.002 

Locus 81 : 84971_7 
2 alleles
2.2% missing data
 120   (0.943) 0.990 0.985 0.942 0.996 0.996 0.999 0.988 0.991 0.965 0.995 0.998 0.985 0.985 0.942 0.962 0.996 
 110   (0.057) 0.010 0.015 0.058 0.004 0.004 0.001 0.012 0.009 0.035 0.005 0.002 0.015 0.015 0.058 0.038 0.004 

Locus 82 : 85247_77 
2 alleles
7.9% missing data
 120   (0.959) 0.997 0.997 0.958 0.997 0.996 0.999 0.997 0.994 0.998 0.995 0.998 0.986 0.995 0.959 0.976 0.997 
 110   (0.041) 0.003 0.003 0.042 0.003 0.004 0.001 0.003 0.006 0.002 0.005 0.002 0.014 0.005 0.041 0.024 0.003 

Locus 83 : 85248_24 
2 alleles
5.1% missing data
 100   (0.952) 0.998 1.000 0.953 0.859 0.997 0.999 1.000 0.995 0.999 1.000 0.999 0.990 0.999 0.955 0.978 0.998 
 120   (0.048) 0.002 0.000 0.047 0.141 0.003 0.001 0.000 0.005 0.001 0.000 0.001 0.010 0.001 0.045 0.022 0.002 

Locus 84 : 85402_12 
2 alleles
3.4% missing data
 120   (0.961) 0.999 1.000 0.959 0.997 0.998 0.997 1.000 0.996 0.999 1.000 0.999 0.989 0.999 0.957 0.977 0.998 
 100   (0.039) 0.001 0.000 0.041 0.003 0.002 0.003 0.000 0.004 0.001 0.000 0.001 0.011 0.001 0.043 0.023 0.002 

Locus 85 : 86588_18 
2 alleles
3.9% missing data
 120   (0.958) 0.988 1.000 0.958 0.997 0.997 0.999 1.000 0.994 0.999 1.000 0.999 0.988 0.999 0.956 0.972 0.998 
 100   (0.042) 0.012 0.000 0.042 0.003 0.003 0.001 0.000 0.006 0.001 0.000 0.001 0.012 0.001 0.044 0.028 0.002 

Locus 86 : 87070_60 
2 alleles
2.2% missing data
 100   (0.957) 0.998 1.000 0.957 0.997 0.997 0.999 1.000 0.856 0.999 1.000 0.999 0.991 0.999 0.958 0.979 0.998 
 130   (0.043) 0.002 0.000 0.043 0.003 0.003 0.001 0.000 0.144 0.001 0.000 0.001 0.009 0.001 0.042 0.021 0.002 

Locus 87 : 87747_31 
2 alleles
6.2% missing data
 120   (0.955) 0.998 1.000 0.956 0.915 0.997 0.999 1.000 0.995 0.999 1.000 0.999 0.990 0.999 0.957 0.979 0.997 
 110   (0.045) 0.002 0.000 0.044 0.085 0.003 0.001 0.000 0.005 0.001 0.000 0.001 0.010 0.001 0.043 0.021 0.003 

Locus 88 : 88455_10 
2 alleles
5.1% missing data
 130   (0.956) 0.998 1.000 0.957 0.997 0.780 0.999 1.000 0.995 0.999 1.000 0.999 0.992 0.999 0.958 0.979 0.997 
 100   (0.044) 0.002 0.000 0.043 0.003 0.220 0.001 0.000 0.005 0.001 0.000 0.001 0.008 0.001 0.042 0.021 0.003 

Locus 89 : 89005_12 
2 alleles
1.1% missing data
 120   (0.955) 0.999 1.000 0.956 0.893 0.997 0.999 1.000 0.995 0.999 1.000 0.999 0.991 0.999 0.957 0.978 0.998 
 130   (0.045) 0.001 0.000 0.044 0.107 0.003 0.001 0.000 0.005 0.001 0.000 0.001 0.009 0.001 0.043 0.022 0.002 

Locus 90 : 89213_8 
2 alleles
3.4% missing data
 130   (0.959) 0.998 1.000 0.960 0.972 0.997 0.999 1.000 0.996 0.999 1.000 0.999 0.992 0.999 0.961 0.981 0.998 
 110   (0.041) 0.002 0.000 0.040 0.028 0.003 0.001 0.000 0.004 0.001 0.000 0.001 0.008 0.001 0.039 0.019 0.002 

Locus 91 : 93475_13 
2 alleles
2.2% missing data
 130   (0.954) 0.998 1.000 0.955 0.866 0.997 0.999 1.000 0.995 0.999 1.000 0.999 0.992 0.999 0.957 0.978 0.998 
 110   (0.046) 0.002 0.000 0.045 0.134 0.003 0.001 0.000 0.005 0.001 0.000 0.001 0.008 0.001 0.043 0.022 0.002 

Locus 92 : 95749_27 
2 alleles
3.9% missing data
 120   (0.959) 0.999 1.000 0.960 0.971 0.997 0.999 1.000 0.996 0.999 1.000 0.999 0.992 0.999 0.961 0.981 0.998 
 100   (0.041) 0.001 0.000 0.040 0.029 0.003 0.001 0.000 0.004 0.001 0.000 0.001 0.008 0.001 0.039 0.019 0.002 

Locus 93 : 98167_26 
2 alleles
3.4% missing data
 120   (0.931) 0.990 0.998 0.930 0.995 0.992 0.972 0.999 0.904 0.993 0.999 0.998 0.983 0.998 0.930 0.961 0.995 
 110   (0.069) 0.010 0.002 0.070 0.005 0.008 0.028 0.001 0.096 0.007 0.001 0.002 0.017 0.002 0.070 0.039 0.005 

Locus 94 : 98988_58 
2 alleles
2.2% missing data
 130   (0.960) 0.999 1.000 0.960 0.975 0.997 0.999 1.000 0.995 0.999 1.000 0.999 0.991 0.999 0.961 0.980 0.998 
 110   (0.040) 0.001 0.000 0.040 0.025 0.003 0.001 0.000 0.005 0.001 0.000 0.001 0.009 0.001 0.039 0.020 0.002 

Locus 95 : 103824_15 
2 alleles
3.4% missing data
 130   (0.953) 0.998 1.000 0.954 0.811 0.997 0.999 1.000 0.995 0.999 1.000 0.999 0.992 0.999 0.955 0.979 0.998 
 110   (0.047) 0.002 0.000 0.046 0.189 0.003 0.001 0.000 0.005 0.001 0.000 0.001 0.008 0.001 0.045 0.021 0.002 

Locus 96 : 108043_8 
2 alleles
4.5% missing data
 130   (0.957) 0.999 1.000 0.958 0.997 0.997 0.999 1.000 0.995 0.909 1.000 0.999 0.991 0.999 0.959 0.979 0.998 
 110   (0.043) 0.001 0.000 0.042 0.003 0.003 0.001 0.000 0.005 0.091 0.000 0.001 0.009 0.001 0.041 0.021 0.002 

Locus 97 : 108049_79 
2 alleles
2.8% missing data
 120   (0.959) 0.998 1.000 0.955 0.997 0.997 0.996 1.000 0.995 0.999 1.000 0.999 0.991 0.998 0.957 0.973 0.998 
 100   (0.041) 0.002 0.000 0.045 0.003 0.003 0.004 0.000 0.005 0.001 0.000 0.001 0.009 0.002 0.043 0.027 0.002 

Locus 98 : 108366_5 
2 alleles
2.8% missing data
 130   (0.954) 0.998 1.000 0.956 0.919 0.997 0.999 1.000 0.995 0.999 1.000 0.999 0.991 0.999 0.957 0.979 0.998 
 100   (0.046) 0.002 0.000 0.044 0.081 0.003 0.001 0.000 0.005 0.001 0.000 0.001 0.009 0.001 0.043 0.021 0.002 

Locus 99 : 108403_10 
2 alleles
6.2% missing data
 130   (0.957) 0.999 1.000 0.956 0.997 0.997 0.999 1.000 0.995 0.993 1.000 0.999 0.990 0.998 0.955 0.974 0.998 
 110   (0.043) 0.001 0.000 0.044 0.003 0.003 0.001 0.000 0.005 0.007 0.000 0.001 0.010 0.002 0.045 0.026 0.002 

Locus 100 : 109283_38 
2 alleles
3.9% missing data
 120   (0.865) 0.962 0.920 0.863 0.991 0.991 0.913 0.912 0.983 0.996 0.497 0.996 0.575 0.924 0.862 0.897 0.984 
 100   (0.135) 0.038 0.080 0.137 0.009 0.009 0.087 0.088 0.017 0.004 0.503 0.004 0.425 0.076 0.138 0.103 0.016 

Locus 101 : 109527_54 
2 alleles
7.3% missing data
 110   (0.951) 0.998 1.000 0.951 0.996 0.997 0.999 1.000 0.995 0.999 1.000 0.999 0.990 0.999 0.951 0.975 0.812 
 130   (0.049) 0.002 0.000 0.049 0.004 0.003 0.001 0.000 0.005 0.001 0.000 0.001 0.010 0.001 0.049 0.025 0.188 

Locus 102 : 109804_31 
2 alleles
2.2% missing data
 130   (0.956) 0.999 1.000 0.956 0.946 0.997 0.999 1.000 0.995 0.999 1.000 0.999 0.991 0.999 0.958 0.979 0.998 
 100   (0.044) 0.001 0.000 0.044 0.054 0.003 0.001 0.000 0.005 0.001 0.000 0.001 0.009 0.001 0.042 0.021 0.002 

Locus 103 : 112614_46 
2 alleles
5.1% missing data
 120   (0.953) 0.998 1.000 0.954 0.886 0.997 0.999 1.000 0.994 0.999 1.000 0.999 0.992 0.999 0.955 0.979 0.998 
 100   (0.047) 0.002 0.000 0.046 0.114 0.003 0.001 0.000 0.006 0.001 0.000 0.001 0.008 0.001 0.045 0.021 0.002 

Locus 104 : 112906_14 
2 alleles
3.9% missing data
 110   (0.889) 0.995 0.999 0.891 0.992 0.683 0.998 0.999 0.956 0.997 0.991 0.997 0.866 0.985 0.891 0.945 0.739 
 120   (0.111) 0.005 0.001 0.109 0.008 0.317 0.002 0.001 0.044 0.003 0.009 0.003 0.134 0.015 0.109 0.055 0.261 

Locus 105 : 113735_32 
2 alleles
6.7% missing data
 120   (0.958) 0.998 1.000 0.958 0.997 0.967 0.999 1.000 0.995 0.999 1.000 0.999 0.991 0.999 0.958 0.978 0.998 
 100   (0.042) 0.002 0.000 0.042 0.003 0.033 0.001 0.000 0.005 0.001 0.000 0.001 0.009 0.001 0.042 0.022 0.002 

Locus 106 : 115028_7 
2 alleles
3.9% missing data
 120   (0.960) 0.999 1.000 0.961 0.997 0.959 0.999 1.000 0.996 0.999 1.000 0.999 0.992 0.999 0.962 0.980 0.998 
 100   (0.040) 0.001 0.000 0.039 0.003 0.041 0.001 0.000 0.004 0.001 0.000 0.001 0.008 0.001 0.038 0.020 0.002 

Locus 107 : 115179_16 
2 alleles
2.2% missing data
 120   (0.956) 0.999 1.000 0.957 0.910 0.997 0.999 1.000 0.995 0.999 1.000 0.999 0.992 0.999 0.959 0.981 0.998 
 110   (0.044) 0.001 0.000 0.043 0.090 0.003 0.001 0.000 0.005 0.001 0.000 0.001 0.008 0.001 0.041 0.019 0.002 

Locus 108 : 116753_51 
2 alleles
7.3% missing data
 120   (0.957) 0.998 1.000 0.957 0.997 0.997 0.999 0.998 0.994 0.999 0.994 0.999 0.904 0.999 0.959 0.979 0.997 
 100   (0.043) 0.002 0.000 0.043 0.003 0.003 0.001 0.002 0.006 0.001 0.006 0.001 0.096 0.001 0.041 0.021 0.003 

Locus 109 : 116931_31 
2 alleles
7.9% missing data
 120   (0.959) 0.988 1.000 0.959 0.997 0.997 0.999 1.000 0.995 0.999 1.000 0.999 0.988 0.999 0.955 0.971 0.998 
 110   (0.041) 0.012 0.000 0.041 0.003 0.003 0.001 0.000 0.005 0.001 0.000 0.001 0.012 0.001 0.045 0.029 0.002 

Locus 110 : 116938_8 
2 alleles
4.5% missing data
 130   (0.916) 0.996 1.000 0.917 0.994 0.994 0.999 1.000 0.946 0.998 0.981 0.998 0.847 0.998 0.919 0.959 0.871 
 110   (0.084) 0.004 0.000 0.083 0.006 0.006 0.001 0.000 0.054 0.002 0.019 0.002 0.153 0.002 0.081 0.041 0.129 

Locus 111 : 122302_80 
2 alleles
10.1% missing data
 110   (0.958) 0.963 1.000 0.959 0.997 0.996 0.999 1.000 0.995 0.999 1.000 0.999 0.992 0.999 0.960 0.978 0.998 
 100   (0.042) 0.037 0.000 0.041 0.003 0.004 0.001 0.000 0.005 0.001 0.000 0.001 0.008 0.001 0.040 0.022 0.002 

Locus 112 : 123190_14 
2 alleles
3.4% missing data
 120   (0.947) 0.956 1.000 0.946 0.996 0.996 0.999 1.000 0.994 0.999 0.999 0.999 0.986 0.999 0.944 0.963 0.997 
 130   (0.053) 0.044 0.000 0.054 0.004 0.004 0.001 0.000 0.006 0.001 0.001 0.001 0.014 0.001 0.056 0.037 0.003 

Locus 113 : 123271_36 
2 alleles
3.9% missing data
 100   (0.953) 0.999 1.000 0.954 0.858 0.997 0.999 1.000 0.995 0.999 1.000 0.999 0.991 0.999 0.956 0.978 0.998 
 110   (0.047) 0.001 0.000 0.046 0.142 0.003 0.001 0.000 0.005 0.001 0.000 0.001 0.009 0.001 0.044 0.022 0.002 

Locus 114 : 124147_18 
2 alleles
2.2% missing data
 130   (0.958) 0.999 1.000 0.958 0.997 0.997 0.999 1.000 0.759 0.999 1.000 0.999 0.992 0.999 0.959 0.980 0.998 
 110   (0.042) 0.001 0.000 0.042 0.003 0.003 0.001 0.000 0.241 0.001 0.000 0.001 0.008 0.001 0.041 0.020 0.002 

Locus 115 : 124184_33 
2 alleles
5.6% missing data
 110   (0.954) 0.998 1.000 0.955 0.910 0.997 0.999 1.000 0.995 0.999 1.000 0.999 0.992 0.999 0.956 0.979 0.998 
 100   (0.046) 0.002 0.000 0.045 0.090 0.003 0.001 0.000 0.005 0.001 0.000 0.001 0.008 0.001 0.044 0.021 0.002 

Locus 116 : 125404_24 
2 alleles
1.1% missing data
 130   (0.955) 0.999 1.000 0.956 0.997 0.758 0.999 1.000 0.995 0.999 1.000 0.999 0.992 0.999 0.957 0.980 0.998 
 110   (0.045) 0.001 0.000 0.044 0.003 0.242 0.001 0.000 0.005 0.001 0.000 0.001 0.008 0.001 0.043 0.020 0.002 

Locus 117 : 125436_43 
2 alleles
3.9% missing data
 130   (0.929) 0.998 1.000 0.930 0.995 0.702 0.999 1.000 0.992 0.998 0.999 0.998 0.986 0.998 0.931 0.967 0.835 
 100   (0.071) 0.002 0.000 0.070 0.005 0.298 0.001 0.000 0.008 0.002 0.001 0.002 0.014 0.002 0.069 0.033 0.165 

Locus 118 : 126013_18 
2 alleles
2.8% missing data
 130   (0.956) 0.999 1.000 0.957 0.997 0.997 0.999 1.000 0.995 0.999 1.000 0.878 0.992 0.999 0.958 0.979 0.998 
 110   (0.044) 0.001 0.000 0.043 0.003 0.003 0.001 0.000 0.005 0.001 0.000 0.122 0.008 0.001 0.042 0.021 0.002 

Locus 119 : 126137_19 
2 alleles
3.9% missing data
 120   (0.959) 0.998 1.000 0.959 0.997 0.986 0.999 1.000 0.995 0.999 1.000 0.999 0.990 0.998 0.960 0.979 0.981 
 110   (0.041) 0.002 0.000 0.041 0.003 0.014 0.001 0.000 0.005 0.001 0.000 0.001 0.010 0.002 0.040 0.021 0.019 

Locus 120 : 126845_22 
2 alleles
5.6% missing data
 130   (0.959) 0.999 1.000 0.959 0.997 0.963 0.999 1.000 0.994 0.999 1.000 0.999 0.991 0.999 0.960 0.979 0.998 
 110   (0.041) 0.001 0.000 0.041 0.003 0.037 0.001 0.000 0.006 0.001 0.000 0.001 0.009 0.001 0.040 0.021 0.002 

Locus 121 : 127512_8 
2 alleles
1.1% missing data
 130   (0.957) 0.999 1.000 0.958 0.997 0.997 0.999 1.000 0.996 0.999 1.000 0.908 0.991 0.999 0.959 0.979 0.998 
 100   (0.043) 0.001 0.000 0.042 0.003 0.003 0.001 0.000 0.004 0.001 0.000 0.092 0.009 0.001 0.041 0.021 0.002 

Locus 122 : 127692_13 
2 alleles
2.8% missing data
 100   (0.952) 0.998 1.000 0.952 0.997 0.997 0.999 1.000 0.995 0.999 1.000 0.999 0.990 0.999 0.953 0.975 0.941 
 120   (0.048) 0.002 0.000 0.048 0.003 0.003 0.001 0.000 0.005 0.001 0.000 0.001 0.010 0.001 0.047 0.025 0.059 

Locus 123 : 128195_18 
2 alleles
7.3% missing data
 130   (0.877) 0.977 0.998 0.876 0.991 0.990 0.357 0.997 0.420 0.997 0.999 0.996 0.971 0.994 0.875 0.930 0.916 
 110   (0.123) 0.023 0.002 0.124 0.009 0.010 0.643 0.003 0.580 0.003 0.001 0.004 0.029 0.006 0.125 0.070 0.084 

Locus 124 : 128198_14 
2 alleles
4.5% missing data
 130   (0.930) 0.998 0.999 0.931 0.918 0.995 0.999 1.000 0.992 0.998 0.999 0.905 0.986 0.999 0.933 0.965 0.996 
 120   (0.070) 0.002 0.001 0.069 0.082 0.005 0.001 0.000 0.008 0.002 0.001 0.095 0.014 0.001 0.067 0.035 0.004 

Locus 125 : 128423_39 
2 alleles
4.5% missing data
 130   (0.960) 0.999 1.000 0.959 0.997 0.997 0.995 1.000 0.992 0.999 1.000 0.999 0.990 0.998 0.956 0.976 0.998 
 100   (0.040) 0.001 0.000 0.041 0.003 0.003 0.005 0.000 0.008 0.001 0.000 0.001 0.010 0.002 0.044 0.024 0.002 

Locus 126 : 131572_48 
2 alleles
1.1% missing data
 120   (0.950) 0.998 1.000 0.950 0.996 0.996 0.999 1.000 0.994 0.999 0.993 0.999 0.932 0.999 0.949 0.974 0.997 
 100   (0.050) 0.002 0.000 0.050 0.004 0.004 0.001 0.000 0.006 0.001 0.007 0.001 0.068 0.001 0.051 0.026 0.003 

Locus 127 : 132199_62 
2 alleles
3.9% missing data
 100   (0.952) 0.998 1.000 0.953 0.752 0.997 0.999 1.000 0.995 0.999 1.000 0.999 0.990 0.999 0.954 0.978 0.998 
 120   (0.048) 0.002 0.000 0.047 0.248 0.003 0.001 0.000 0.005 0.001 0.000 0.001 0.010 0.001 0.046 0.022 0.002 

Locus 128 : 135566_64 
2 alleles
7.3% missing data
 130   (0.957) 0.998 1.000 0.955 0.997 0.997 0.995 1.000 0.995 0.999 1.000 0.999 0.989 0.999 0.953 0.974 0.998 
 110   (0.043) 0.002 0.000 0.045 0.003 0.003 0.005 0.000 0.005 0.001 0.000 0.001 0.011 0.001 0.047 0.026 0.002 

Locus 129 : 135761_5 
2 alleles
7.9% missing data
 130   (0.957) 0.998 1.000 0.958 0.905 0.997 0.999 1.000 0.996 0.999 1.000 0.999 0.992 0.999 0.959 0.980 0.998 
 100   (0.043) 0.002 0.000 0.042 0.095 0.003 0.001 0.000 0.004 0.001 0.000 0.001 0.008 0.001 0.041 0.020 0.002 

Locus 130 : 137219_35 
2 alleles
3.4% missing data
 120   (0.943) 0.998 1.000 0.938 0.996 0.996 0.977 1.000 0.994 0.999 1.000 0.998 0.986 0.998 0.937 0.961 0.997 
 100   (0.057) 0.002 0.000 0.062 0.004 0.004 0.023 0.000 0.006 0.001 0.000 0.002 0.014 0.002 0.063 0.039 0.003 

Locus 131 : 139081_20 
2 alleles
5.6% missing data
 120   (0.940) 0.997 1.000 0.940 0.996 0.995 0.999 1.000 0.936 0.998 0.999 0.998 0.984 0.998 0.941 0.968 0.972 
 110   (0.060) 0.003 0.000 0.060 0.004 0.005 0.001 0.000 0.064 0.002 0.001 0.002 0.016 0.002 0.059 0.032 0.028 

Locus 132 : 139084_52 
2 alleles
5.1% missing data
 120   (0.917) 0.944 0.999 0.917 0.994 0.994 0.993 0.999 0.831 0.998 0.999 0.998 0.977 0.998 0.912 0.940 0.995 
 110   (0.083) 0.056 0.001 0.083 0.006 0.006 0.007 0.001 0.169 0.002 0.001 0.002 0.023 0.002 0.088 0.060 0.005 

Locus 133 : 139433_54 
2 alleles
3.9% missing data
 120   (0.958) 0.999 1.000 0.959 0.946 0.997 0.999 1.000 0.995 0.999 1.000 0.999 0.993 0.999 0.960 0.981 0.998 
 100   (0.042) 0.001 0.000 0.041 0.054 0.003 0.001 0.000 0.005 0.001 0.000 0.001 0.007 0.001 0.040 0.019 0.002 

Locus 134 : 140063_88 
2 alleles
7.9% missing data
 110   (0.959) 0.999 1.000 0.958 0.997 0.997 0.999 1.000 0.994 0.999 1.000 0.999 0.990 0.999 0.958 0.977 0.989 
 100   (0.041) 0.001 0.000 0.042 0.003 0.003 0.001 0.000 0.006 0.001 0.000 0.001 0.010 0.001 0.042 0.023 0.011 

Locus 135 : 140194_73 
2 alleles
2.8% missing data
 120   (0.960) 0.998 1.000 0.960 0.997 0.997 0.999 1.000 0.994 0.999 1.000 0.976 0.992 0.999 0.961 0.980 0.998 
 110   (0.040) 0.002 0.000 0.040 0.003 0.003 0.001 0.000 0.006 0.001 0.000 0.024 0.008 0.001 0.039 0.020 0.002 

Locus 136 : 141313_8 
2 alleles
2.8% missing data
 120   (0.955) 0.998 1.000 0.956 0.919 0.997 0.999 1.000 0.995 0.999 1.000 0.999 0.992 0.999 0.957 0.979 0.998 
 100   (0.045) 0.002 0.000 0.044 0.081 0.003 0.001 0.000 0.005 0.001 0.000 0.001 0.008 0.001 0.043 0.021 0.002 

Locus 137 : 145284_28 
2 alleles
2.8% missing data
 130   (0.956) 0.998 1.000 0.957 0.997 0.997 0.999 1.000 0.620 0.999 1.000 0.999 0.992 0.999 0.958 0.980 0.998 
 110   (0.044) 0.002 0.000 0.043 0.003 0.003 0.001 0.000 0.380 0.001 0.000 0.001 0.008 0.001 0.042 0.020 0.002 

Locus 138 : 145957_11 
2 alleles
4.5% missing data
 130   (0.961) 0.999 1.000 0.961 0.997 0.997 0.999 1.000 0.996 0.999 0.844 0.999 0.992 0.999 0.962 0.981 0.998 
 110   (0.039) 0.001 0.000 0.039 0.003 0.003 0.001 0.000 0.004 0.001 0.156 0.001 0.008 0.001 0.038 0.019 0.002 

Locus 139 : 160306_34 
2 alleles
2.8% missing data
 120   (0.932) 0.996 0.999 0.933 0.995 0.768 0.999 0.999 0.992 0.998 0.999 0.998 0.973 0.989 0.933 0.964 0.963 
 100   (0.068) 0.004 0.001 0.067 0.005 0.232 0.001 0.001 0.008 0.002 0.001 0.002 0.027 0.011 0.067 0.036 0.037 

Locus 140 : 162107_37 
2 alleles
3.4% missing data
 120   (0.937) 0.998 1.000 0.937 0.995 0.902 0.999 1.000 0.993 0.999 0.999 0.998 0.987 0.998 0.937 0.965 0.989 
 100   (0.063) 0.002 0.000 0.063 0.005 0.098 0.001 0.000 0.007 0.001 0.001 0.002 0.013 0.002 0.063 0.035 0.011 

Locus 141 : 163290_36 
2 alleles
5.1% missing data
 130   (0.926) 0.924 0.978 0.926 0.994 0.995 0.994 0.976 0.719 0.997 0.997 0.998 0.982 0.986 0.927 0.957 0.996 
 110   (0.074) 0.076 0.022 0.074 0.006 0.005 0.006 0.024 0.281 0.003 0.003 0.002 0.018 0.014 0.073 0.043 0.004 

Locus 142 : 163453_13 
2 alleles
5.6% missing data
 120   (0.959) 0.989 1.000 0.959 0.997 0.997 0.999 1.000 0.995 0.999 1.000 0.999 0.988 0.999 0.955 0.971 0.998 
 110   (0.041) 0.011 0.000 0.041 0.003 0.003 0.001 0.000 0.005 0.001 0.000 0.001 0.012 0.001 0.045 0.029 0.002 

Locus 143 : 163580_14 
2 alleles
10.1% missing data
 120   (0.957) 0.998 0.883 0.958 0.997 0.997 0.999 0.999 0.996 0.999 1.000 0.999 0.992 0.949 0.959 0.973 0.998 
 100   (0.043) 0.002 0.117 0.042 0.003 0.003 0.001 0.001 0.004 0.001 0.000 0.001 0.008 0.051 0.041 0.027 0.002 

Locus 144 : 164461_13 
2 alleles
5.6% missing data
 100   (0.956) 0.859 1.000 0.957 0.997 0.997 0.999 1.000 0.995 0.999 1.000 0.999 0.991 0.999 0.958 0.979 0.997 
 120   (0.044) 0.141 0.000 0.043 0.003 0.003 0.001 0.000 0.005 0.001 0.000 0.001 0.009 0.001 0.042 0.021 0.003 

Locus 145 : 165413_43 
2 alleles
1.7% missing data
 110   (0.952) 0.997 1.000 0.952 0.997 0.997 0.999 1.000 0.994 0.999 1.000 0.999 0.990 0.998 0.952 0.973 0.946 
 130   (0.048) 0.003 0.000 0.048 0.003 0.003 0.001 0.000 0.006 0.001 0.000 0.001 0.010 0.002 0.048 0.027 0.054 

Locus 146 : 168629_44 
2 alleles
5.6% missing data
 130   (0.945) 0.985 1.000 0.945 0.996 0.996 0.992 1.000 0.991 0.998 0.999 0.998 0.988 0.998 0.946 0.968 0.961 
 110   (0.055) 0.015 0.000 0.055 0.004 0.004 0.008 0.000 0.009 0.002 0.001 0.002 0.012 0.002 0.054 0.032 0.039 

Locus 147 : 168991_77 
2 alleles
5.6% missing data
 110   (0.848) 0.986 0.997 0.843 0.989 0.646 0.953 0.990 0.978 0.996 0.992 0.996 0.855 0.982 0.836 0.908 0.901 
 100   (0.152) 0.014 0.003 0.157 0.011 0.354 0.047 0.010 0.022 0.004 0.008 0.004 0.145 0.018 0.164 0.092 0.099 

Locus 148 : 169478_88 
2 alleles
5.1% missing data
 130   (0.959) 0.998 1.000 0.959 0.997 0.997 0.999 1.000 0.995 0.999 1.000 0.980 0.992 0.999 0.960 0.980 0.998 
 100   (0.041) 0.002 0.000 0.041 0.003 0.003 0.001 0.000 0.005 0.001 0.000 0.020 0.008 0.001 0.040 0.020 0.002 

Locus 149 : 169898_8 
2 alleles
6.2% missing data
 120   (0.940) 0.969 0.999 0.941 0.995 0.996 0.999 1.000 0.993 0.998 0.999 0.998 0.988 0.999 0.943 0.970 0.914 
 100   (0.060) 0.031 0.001 0.059 0.005 0.004 0.001 0.000 0.007 0.002 0.001 0.002 0.012 0.001 0.057 0.030 0.086 

Locus 150 : 170224_42 
2 alleles
7.3% missing data
 100   (0.908) 0.797 0.998 0.908 0.993 0.993 0.975 0.998 0.980 0.997 0.999 0.997 0.979 0.995 0.908 0.943 0.942 
 120   (0.092) 0.203 0.002 0.092 0.007 0.007 0.025 0.002 0.020 0.003 0.001 0.003 0.021 0.005 0.092 0.057 0.058 

Locus 151 : 174083_22 
2 alleles
3.9% missing data
 120   (0.953) 0.998 1.000 0.954 0.786 0.997 0.999 1.000 0.995 0.999 1.000 0.999 0.991 0.999 0.955 0.978 0.998 
 100   (0.047) 0.002 0.000 0.046 0.214 0.003 0.001 0.000 0.005 0.001 0.000 0.001 0.009 0.001 0.045 0.022 0.002 

Locus 152 : 174223_24 
2 alleles
2.8% missing data
 120   (0.959) 0.999 1.000 0.959 0.997 0.997 0.999 1.000 0.995 0.992 1.000 0.999 0.991 0.999 0.957 0.975 0.998 
 100   (0.041) 0.001 0.000 0.041 0.003 0.003 0.001 0.000 0.005 0.008 0.000 0.001 0.009 0.001 0.043 0.025 0.002 

Locus 153 : 174263_44 
2 alleles
3.9% missing data
 130   (0.958) 0.999 1.000 0.959 0.997 0.997 0.999 1.000 0.996 0.999 1.000 0.837 0.992 0.999 0.960 0.980 0.998 
 110   (0.042) 0.001 0.000 0.041 0.003 0.003 0.001 0.000 0.004 0.001 0.000 0.163 0.008 0.001 0.040 0.020 0.002 

Locus 154 : 175657_6 
2 alleles
8.4% missing data
 100   (0.931) 0.998 1.000 0.933 0.994 0.757 0.999 1.000 0.993 0.999 0.999 0.998 0.986 0.999 0.934 0.967 0.923 
 130   (0.069) 0.002 0.000 0.067 0.006 0.243 0.001 0.000 0.007 0.001 0.001 0.002 0.014 0.001 0.066 0.033 0.077 

Locus 155 : 176570_23 
2 alleles
3.9% missing data
 130   (0.954) 0.998 0.996 0.949 0.997 0.996 0.997 0.989 0.995 0.998 0.984 0.999 0.973 0.999 0.956 0.932 0.997 
 110   (0.046) 0.002 0.004 0.051 0.003 0.004 0.003 0.011 0.005 0.002 0.016 0.001 0.027 0.001 0.044 0.068 0.003 

Locus 156 : 176775_13 
2 alleles
6.7% missing data
 130   (0.949) 0.998 1.000 0.951 0.706 0.997 0.999 1.000 0.994 0.999 1.000 0.999 0.991 0.999 0.952 0.977 0.997 
 110   (0.051) 0.002 0.000 0.049 0.294 0.003 0.001 0.000 0.006 0.001 0.000 0.001 0.009 0.001 0.048 0.023 0.003 

Locus 157 : 178448_19 
2 alleles
3.4% missing data
 120   (0.954) 0.998 1.000 0.955 0.882 0.997 0.999 1.000 0.995 0.999 1.000 0.999 0.991 0.999 0.956 0.978 0.998 
 100   (0.046) 0.002 0.000 0.045 0.118 0.003 0.001 0.000 0.005 0.001 0.000 0.001 0.009 0.001 0.044 0.022 0.002 

Locus 158 : 179162_16 
2 alleles
6.2% missing data
 120   (0.960) 0.999 1.000 0.961 0.972 0.997 0.999 1.000 0.996 0.999 1.000 0.999 0.992 0.999 0.962 0.980 0.998 
 100   (0.040) 0.001 0.000 0.039 0.028 0.003 0.001 0.000 0.004 0.001 0.000 0.001 0.008 0.001 0.038 0.020 0.002 

Locus 159 : 179286_31 
2 alleles
2.8% missing data
 120   (0.928) 0.997 1.000 0.929 0.995 0.898 0.998 1.000 0.992 0.998 0.999 0.998 0.976 0.998 0.930 0.963 0.912 
 100   (0.072) 0.003 0.000 0.071 0.005 0.102 0.002 0.000 0.008 0.002 0.001 0.002 0.024 0.002 0.070 0.037 0.088 

Locus 160 : 179594_17 
2 alleles
4.5% missing data
 120   (0.911) 0.979 0.999 0.911 0.993 0.734 0.998 0.999 0.927 0.994 0.999 0.997 0.978 0.998 0.909 0.945 0.995 
 100   (0.089) 0.021 0.001 0.089 0.007 0.266 0.002 0.001 0.073 0.006 0.001 0.003 0.022 0.002 0.091 0.055 0.005 

Locus 161 : 180413_54 
2 alleles
3.9% missing data
 100   (0.954) 0.999 1.000 0.955 0.881 0.997 0.999 1.000 0.995 0.999 1.000 0.999 0.991 0.999 0.957 0.978 0.998 
 110   (0.046) 0.001 0.000 0.045 0.119 0.003 0.001 0.000 0.005 0.001 0.000 0.001 0.009 0.001 0.043 0.022 0.002 

Locus 162 : 182862_79 
2 alleles
3.4% missing data
 130   (0.954) 0.998 1.000 0.955 0.868 0.997 0.999 1.000 0.995 0.999 1.000 0.999 0.992 0.999 0.956 0.979 0.998 
 110   (0.046) 0.002 0.000 0.045 0.132 0.003 0.001 0.000 0.005 0.001 0.000 0.001 0.008 0.001 0.044 0.021 0.002 

Locus 163 : 183288_63 
2 alleles
10.1% missing data
 100   (0.957) 0.998 1.000 0.958 0.972 0.997 0.999 1.000 0.995 0.999 1.000 0.999 0.992 0.999 0.959 0.980 0.998 
 120   (0.043) 0.002 0.000 0.042 0.028 0.003 0.001 0.000 0.005 0.001 0.000 0.001 0.008 0.001 0.041 0.020 0.002 

Locus 164 : 183906_55 
2 alleles
6.7% missing data
 130   (0.954) 0.998 1.000 0.955 0.946 0.997 0.999 1.000 0.995 0.999 1.000 0.999 0.991 0.999 0.956 0.976 0.998 
 100   (0.046) 0.002 0.000 0.045 0.054 0.003 0.001 0.000 0.005 0.001 0.000 0.001 0.009 0.001 0.044 0.024 0.002 

Locus 165 : 183990_7 
2 alleles
3.4% missing data
 120   (0.953) 0.997 1.000 0.952 0.997 0.997 0.805 1.000 0.995 0.999 1.000 0.999 0.990 0.999 0.955 0.976 0.998 
 100   (0.047) 0.003 0.000 0.048 0.003 0.003 0.195 0.000 0.005 0.001 0.000 0.001 0.010 0.001 0.045 0.024 0.002 

Locus 166 : 185904_60 
2 alleles
3.4% missing data
 120   (0.954) 0.921 1.000 0.955 0.997 0.997 0.999 1.000 0.995 0.999 1.000 0.999 0.990 0.999 0.956 0.976 0.998 
 100   (0.046) 0.079 0.000 0.045 0.003 0.003 0.001 0.000 0.005 0.001 0.000 0.001 0.010 0.001 0.044 0.024 0.002 

Locus 167 : 191703_64 
2 alleles
1.7% missing data
 130   (0.929) 0.998 1.000 0.931 0.995 0.863 0.999 1.000 0.680 0.999 0.999 0.998 0.986 0.999 0.932 0.966 0.997 
 110   (0.071) 0.002 0.000 0.069 0.005 0.137 0.001 0.000 0.320 0.001 0.001 0.002 0.014 0.001 0.068 0.034 0.003 

Locus 168 : 193854_7 
2 alleles
1.7% missing data
 130   (0.934) 0.997 1.000 0.935 0.883 0.995 0.999 1.000 0.992 0.998 0.999 0.981 0.985 0.998 0.936 0.968 0.997 
 110   (0.066) 0.003 0.000 0.065 0.117 0.005 0.001 0.000 0.008 0.002 0.001 0.019 0.015 0.002 0.064 0.032 0.003 

Locus 169 : 194868_38 
2 alleles
5.6% missing data
 120   (0.944) 0.998 1.000 0.945 0.996 0.978 0.998 1.000 0.993 0.999 1.000 0.999 0.986 0.996 0.945 0.972 0.885 
 100   (0.056) 0.002 0.000 0.055 0.004 0.022 0.002 0.000 0.007 0.001 0.000 0.001 0.014 0.004 0.055 0.028 0.115 

Locus 170 : 195463_36 
2 alleles
5.1% missing data
 120   (0.954) 0.998 1.000 0.955 0.997 0.856 0.999 1.000 0.995 0.999 1.000 0.999 0.991 0.999 0.956 0.979 0.998 
 100   (0.046) 0.002 0.000 0.045 0.003 0.144 0.001 0.000 0.005 0.001 0.000 0.001 0.009 0.001 0.044 0.021 0.002 

Locus 171 : 195727_20 
2 alleles
1.7% missing data
 130   (0.955) 0.999 1.000 0.956 0.914 0.997 0.999 1.000 0.995 0.999 1.000 0.999 0.991 0.999 0.957 0.979 0.998 
 110   (0.045) 0.001 0.000 0.044 0.086 0.003 0.001 0.000 0.005 0.001 0.000 0.001 0.009 0.001 0.043 0.021 0.002 

Locus 172 : 197508_5 
2 alleles
2.2% missing data
 120   (0.958) 0.999 1.000 0.957 0.997 0.997 0.999 1.000 0.995 0.999 1.000 0.999 0.990 0.999 0.957 0.977 0.990 
 100   (0.042) 0.001 0.000 0.043 0.003 0.003 0.001 0.000 0.005 0.001 0.000 0.001 0.010 0.001 0.043 0.023 0.010 

Locus 173 : 199140_10 
2 alleles
4.5% missing data
 130   (0.958) 0.999 1.000 0.956 0.997 0.997 0.996 1.000 0.995 0.999 1.000 0.999 0.989 0.999 0.954 0.976 0.998 
 110   (0.042) 0.001 0.000 0.044 0.003 0.003 0.004 0.000 0.005 0.001 0.000 0.001 0.011 0.001 0.046 0.024 0.002 

Locus 174 : 199429_51 
2 alleles
5.1% missing data
 130   (0.958) 0.989 1.000 0.957 0.997 0.996 0.999 1.000 0.995 0.999 1.000 0.999 0.988 0.999 0.955 0.973 0.998 
 100   (0.042) 0.011 0.000 0.043 0.003 0.004 0.001 0.000 0.005 0.001 0.000 0.001 0.012 0.001 0.045 0.027 0.002 

Locus 175 : 199635_9 
2 alleles
3.4% missing data
 120   (0.955) 0.998 1.000 0.956 0.830 0.997 0.999 1.000 0.995 0.999 1.000 0.999 0.992 0.999 0.957 0.979 0.998 
 100   (0.045) 0.002 0.000 0.044 0.170 0.003 0.001 0.000 0.005 0.001 0.000 0.001 0.008 0.001 0.043 0.021 0.002 

Locus 176 : 200923_8 
2 alleles
5.1% missing data
 100   (0.959) 0.998 1.000 0.960 0.997 0.995 0.999 1.000 0.938 0.999 1.000 0.999 0.992 0.999 0.960 0.980 0.998 
 110   (0.041) 0.002 0.000 0.040 0.003 0.005 0.001 0.000 0.062 0.001 0.000 0.001 0.008 0.001 0.040 0.020 0.002 

Locus 177 : 201090_64 
2 alleles
5.1% missing data
 130   (0.958) 0.964 1.000 0.959 0.997 0.997 0.999 1.000 0.995 0.999 1.000 0.999 0.992 0.999 0.959 0.978 0.998 
 100   (0.042) 0.036 0.000 0.041 0.003 0.003 0.001 0.000 0.005 0.001 0.000 0.001 0.008 0.001 0.041 0.022 0.002 

Locus 178 : 201549_57 
2 alleles
4.5% missing data
 120   (0.959) 0.999 1.000 0.960 0.997 0.903 0.999 1.000 0.996 0.999 1.000 0.999 0.992 0.999 0.961 0.981 0.998 
 110   (0.041) 0.001 0.000 0.040 0.003 0.097 0.001 0.000 0.004 0.001 0.000 0.001 0.008 0.001 0.039 0.019 0.002 

Locus 179 : 203565_40 
2 alleles
3.9% missing data
 120   (0.959) 0.998 1.000 0.959 0.997 0.997 0.999 1.000 0.939 0.999 1.000 0.999 0.991 0.999 0.960 0.979 0.998 
 100   (0.041) 0.002 0.000 0.041 0.003 0.003 0.001 0.000 0.061 0.001 0.000 0.001 0.009 0.001 0.040 0.021 0.002 

Locus 180 : 205184_19 
2 alleles
7.3% missing data
 110   (0.922) 0.997 1.000 0.924 0.762 0.995 0.999 1.000 0.992 0.998 0.999 0.863 0.985 0.998 0.925 0.963 0.996 
 120   (0.078) 0.003 0.000 0.076 0.238 0.005 0.001 0.000 0.008 0.002 0.001 0.137 0.015 0.002 0.075 0.037 0.004 

Locus 181 : 206551_17 
2 alleles
6.2% missing data
 120   (0.902) 0.631 0.996 0.902 0.993 0.969 0.993 0.999 0.948 0.896 0.999 0.997 0.977 0.997 0.902 0.929 0.995 
 100   (0.098) 0.369 0.004 0.098 0.007 0.031 0.007 0.001 0.052 0.104 0.001 0.003 0.023 0.003 0.098 0.071 0.005 

Locus 182 : 216246_19 
2 alleles
2.8% missing data
 110   (0.942) 0.997 1.000 0.942 0.996 0.986 0.993 0.999 0.990 0.999 0.999 0.998 0.982 0.993 0.935 0.964 0.988 
 130   (0.058) 0.003 0.000 0.058 0.004 0.014 0.007 0.001 0.010 0.001 0.001 0.002 0.018 0.007 0.065 0.036 0.012 

Locus 183 : 216776_13 
2 alleles
5.6% missing data
 120   (0.917) 0.997 0.999 0.919 0.729 0.995 0.999 1.000 0.991 0.823 0.999 0.991 0.984 0.998 0.921 0.960 0.996 
 110   (0.083) 0.003 0.001 0.081 0.271 0.005 0.001 0.000 0.009 0.177 0.001 0.009 0.016 0.002 0.079 0.040 0.004 

Locus 184 : 217291_37 
2 alleles
3.9% missing data
 120   (0.954) 0.998 1.000 0.954 0.997 0.915 0.999 1.000 0.995 0.999 1.000 0.999 0.990 0.999 0.954 0.975 0.998 
 100   (0.046) 0.002 0.000 0.046 0.003 0.085 0.001 0.000 0.005 0.001 0.000 0.001 0.010 0.001 0.046 0.025 0.002 

Locus 185 : 217570_13 
2 alleles
3.9% missing data
 130   (0.954) 0.999 1.000 0.955 0.867 0.997 0.999 1.000 0.995 0.999 1.000 0.999 0.992 0.999 0.956 0.980 0.998 
 110   (0.046) 0.001 0.000 0.045 0.133 0.003 0.001 0.000 0.005 0.001 0.000 0.001 0.008 0.001 0.044 0.020 0.002 

Locus 186 : 220422_65 
2 alleles
3.4% missing data
 120   (0.944) 0.997 1.000 0.944 0.996 0.986 0.998 0.998 0.993 0.998 0.999 0.998 0.977 0.989 0.938 0.965 0.984 
 110   (0.056) 0.003 0.000 0.056 0.004 0.014 0.002 0.002 0.007 0.002 0.001 0.002 0.023 0.011 0.062 0.035 0.016 

Locus 187 : 220502_40 
2 alleles
6.7% missing data
 120   (0.958) 0.998 1.000 0.959 0.997 0.997 0.999 0.999 0.995 0.999 0.997 0.999 0.963 0.999 0.959 0.977 0.997 
 110   (0.042) 0.002 0.000 0.041 0.003 0.003 0.001 0.001 0.005 0.001 0.003 0.001 0.037 0.001 0.041 0.023 0.003 

Locus 188 : 220519_81 
2 alleles
4.5% missing data
 130   (0.929) 0.998 1.000 0.930 0.859 0.995 0.999 1.000 0.938 0.998 0.999 0.998 0.986 0.998 0.932 0.965 0.996 
 110   (0.071) 0.002 0.000 0.070 0.141 0.005 0.001 0.000 0.062 0.002 0.001 0.002 0.014 0.002 0.068 0.035 0.004 

Locus 189 : 222347_17 
2 alleles
3.9% missing data
 120   (0.954) 0.998 1.000 0.955 0.893 0.997 0.999 1.000 0.995 0.999 1.000 0.999 0.991 0.999 0.956 0.978 0.998 
 100   (0.046) 0.002 0.000 0.045 0.107 0.003 0.001 0.000 0.005 0.001 0.000 0.001 0.009 0.001 0.044 0.022 0.002 

Locus 190 : 222896_46 
2 alleles
0.6% missing data
 110   (0.955) 0.998 1.000 0.956 0.944 0.997 0.999 1.000 0.995 0.999 1.000 0.999 0.992 0.999 0.957 0.979 0.998 
 130   (0.045) 0.002 0.000 0.044 0.056 0.003 0.001 0.000 0.005 0.001 0.000 0.001 0.008 0.001 0.043 0.021 0.002 

Locus 191 : 223181_12 
2 alleles
3.4% missing data
 120   (0.951) 0.998 1.000 0.952 0.724 0.997 0.999 1.000 0.995 0.999 1.000 0.999 0.991 0.999 0.953 0.977 0.998 
 100   (0.049) 0.002 0.000 0.048 0.276 0.003 0.001 0.000 0.005 0.001 0.000 0.001 0.009 0.001 0.047 0.023 0.002 

Locus 192 : 224649_57 
2 alleles
5.1% missing data
 100   (0.958) 0.998 1.000 0.958 0.997 0.997 0.999 1.000 0.994 0.999 1.000 0.978 0.991 0.999 0.959 0.978 0.998 
 110   (0.042) 0.002 0.000 0.042 0.003 0.003 0.001 0.000 0.006 0.001 0.000 0.022 0.009 0.001 0.041 0.022 0.002 

Locus 193 : 226245_11 
2 alleles
5.1% missing data
 130   (0.955) 0.998 1.000 0.956 0.997 0.997 0.999 0.999 0.994 0.999 0.992 0.999 0.913 0.999 0.957 0.977 0.998 
 110   (0.045) 0.002 0.000 0.044 0.003 0.003 0.001 0.001 0.006 0.001 0.008 0.001 0.087 0.001 0.043 0.023 0.002 

Locus 194 : 226342_59 
2 alleles
6.2% missing data
 120   (0.921) 0.996 0.998 0.921 0.912 0.994 0.998 0.997 0.990 0.996 0.999 0.966 0.982 0.995 0.923 0.957 0.995 
 100   (0.079) 0.004 0.002 0.079 0.088 0.006 0.002 0.003 0.010 0.004 0.001 0.034 0.018 0.005 0.077 0.043 0.005 

Locus 195 : 228970_13 
2 alleles
3.9% missing data
 120   (0.958) 0.998 1.000 0.959 0.997 0.958 0.999 1.000 0.995 0.999 1.000 0.999 0.990 0.999 0.959 0.978 0.998 
 100   (0.042) 0.002 0.000 0.041 0.003 0.042 0.001 0.000 0.005 0.001 0.000 0.001 0.010 0.001 0.041 0.022 0.002 

Locus 196 : 229097_27 
2 alleles
5.1% missing data
 130   (0.949) 0.998 1.000 0.950 0.792 0.996 0.999 1.000 0.995 0.999 1.000 0.999 0.990 0.999 0.951 0.976 0.998 
 110   (0.051) 0.002 0.000 0.050 0.208 0.004 0.001 0.000 0.005 0.001 0.000 0.001 0.010 0.001 0.049 0.024 0.002 

Locus 197 : 229177_29 
2 alleles
7.3% missing data
 130   (0.951) 0.996 0.994 0.952 0.996 0.997 0.999 0.997 0.995 0.809 0.999 0.998 0.991 0.993 0.953 0.956 0.997 
 110   (0.049) 0.004 0.006 0.048 0.004 0.003 0.001 0.003 0.005 0.191 0.001 0.002 0.009 0.007 0.047 0.044 0.003 

Locus 198 : 229612_7 
2 alleles
6.2% missing data
 100   (0.959) 0.998 1.000 0.958 0.997 0.997 0.999 1.000 0.995 0.999 1.000 0.999 0.990 0.999 0.957 0.976 0.989 
 120   (0.041) 0.002 0.000 0.042 0.003 0.003 0.001 0.000 0.005 0.001 0.000 0.001 0.010 0.001 0.043 0.024 0.011 

Locus 199 : 229936_67 
2 alleles
3.9% missing data
 120   (0.955) 0.998 0.996 0.949 0.997 0.997 0.998 0.988 0.995 0.998 0.981 0.999 0.972 0.999 0.957 0.935 0.997 
 100   (0.045) 0.002 0.004 0.051 0.003 0.003 0.002 0.012 0.005 0.002 0.019 0.001 0.028 0.001 0.043 0.065 0.003 

Locus 200 : 232937_62 
2 alleles
2.2% missing data
 100   (0.958) 0.999 1.000 0.957 0.997 0.997 0.999 1.000 0.995 0.993 1.000 0.999 0.991 0.999 0.956 0.975 0.998 
 120   (0.042) 0.001 0.000 0.043 0.003 0.003 0.001 0.000 0.005 0.007 0.000 0.001 0.009 0.001 0.044 0.025 0.002 

Locus 201 : 233194_6 
2 alleles
2.8% missing data
 120   (0.927) 0.997 1.000 0.928 0.669 0.995 0.999 1.000 0.992 0.999 0.999 0.962 0.982 0.999 0.929 0.962 0.996 
 100   (0.073) 0.003 0.000 0.072 0.331 0.005 0.001 0.000 0.008 0.001 0.001 0.038 0.018 0.001 0.071 0.038 0.004 

Locus 202 : 234346_33 
2 alleles
4.5% missing data
 110   (0.957) 0.999 1.000 0.958 0.997 0.997 0.999 1.000 0.996 0.999 1.000 0.814 0.992 0.999 0.960 0.980 0.998 
 130   (0.043) 0.001 0.000 0.042 0.003 0.003 0.001 0.000 0.004 0.001 0.000 0.186 0.008 0.001 0.040 0.020 0.002 

Locus 203 : 235241_77 
2 alleles
2.2% missing data
 130   (0.951) 0.998 1.000 0.952 0.839 0.997 0.999 1.000 0.995 0.999 1.000 0.999 0.990 0.999 0.953 0.977 0.998 
 100   (0.049) 0.002 0.000 0.048 0.161 0.003 0.001 0.000 0.005 0.001 0.000 0.001 0.010 0.001 0.047 0.023 0.002 

Locus 204 : 236207_44 
2 alleles
6.2% missing data
 120   (0.906) 0.997 1.000 0.907 0.993 0.964 0.999 0.999 0.872 0.998 0.719 0.997 0.793 0.998 0.909 0.955 0.995 
 100   (0.094) 0.003 0.000 0.093 0.007 0.036 0.001 0.001 0.128 0.002 0.281 0.003 0.207 0.002 0.091 0.045 0.005 

Locus 205 : 236307_12 
2 alleles
1.7% missing data
 130   (0.951) 0.998 1.000 0.952 0.997 0.991 0.580 1.000 0.993 0.999 1.000 0.999 0.990 0.999 0.953 0.977 0.997 
 110   (0.049) 0.002 0.000 0.048 0.003 0.009 0.420 0.000 0.007 0.001 0.000 0.001 0.010 0.001 0.047 0.023 0.003 

Locus 206 : 236931_45 
2 alleles
6.7% missing data
 120   (0.889) 0.996 0.999 0.891 0.992 0.710 0.998 0.999 0.458 0.997 0.999 0.997 0.976 0.997 0.893 0.946 0.705 
 100   (0.111) 0.004 0.001 0.109 0.008 0.290 0.002 0.001 0.542 0.003 0.001 0.003 0.024 0.003 0.107 0.054 0.295 

Locus 207 : 236999_38 
2 alleles
2.8% missing data
 120   (0.957) 0.999 1.000 0.957 0.946 0.997 0.999 1.000 0.996 0.999 1.000 0.999 0.992 0.999 0.959 0.980 0.998 
 100   (0.043) 0.001 0.000 0.043 0.054 0.003 0.001 0.000 0.004 0.001 0.000 0.001 0.008 0.001 0.041 0.020 0.002 

Locus 208 : 240398_42 
2 alleles
3.9% missing data
 110   (0.856) 0.995 0.999 0.856 0.990 0.888 0.631 0.999 0.449 0.997 0.999 0.996 0.965 0.996 0.854 0.925 0.818 
 130   (0.144) 0.005 0.001 0.144 0.010 0.112 0.369 0.001 0.551 0.003 0.001 0.004 0.035 0.004 0.146 0.075 0.182 

Locus 209 : 240825_22 
2 alleles
6.2% missing data
 130   (0.961) 0.995 0.997 0.960 0.997 0.997 0.999 0.996 0.991 0.998 0.998 0.998 0.989 0.996 0.961 0.977 0.998 
 110   (0.039) 0.005 0.003 0.040 0.003 0.003 0.001 0.004 0.009 0.002 0.002 0.002 0.011 0.004 0.039 0.023 0.002 

Locus 210 : 244435_48 
2 alleles
1.7% missing data
 110   (0.958) 0.998 1.000 0.959 0.997 0.997 0.999 1.000 0.996 0.999 0.991 0.999 0.912 0.999 0.960 0.979 0.998 
 130   (0.042) 0.002 0.000 0.041 0.003 0.003 0.001 0.000 0.004 0.001 0.009 0.001 0.088 0.001 0.040 0.021 0.002 

Locus 211 : 245971_21 
2 alleles
5.1% missing data
 130   (0.955) 0.999 1.000 0.956 0.915 0.997 0.999 1.000 0.995 0.999 1.000 0.999 0.991 0.999 0.957 0.979 0.998 
 120   (0.045) 0.001 0.000 0.044 0.085 0.003 0.001 0.000 0.005 0.001 0.000 0.001 0.009 0.001 0.043 0.021 0.002 

Locus 212 : 246895_22 
2 alleles
3.4% missing data
 120   (0.959) 0.998 1.000 0.955 0.997 0.997 0.995 1.000 0.995 0.999 1.000 0.999 0.991 0.998 0.957 0.973 0.998 
 110   (0.041) 0.002 0.000 0.045 0.003 0.003 0.005 0.000 0.005 0.001 0.000 0.001 0.009 0.002 0.043 0.027 0.002 

Locus 213 : 248131_26 
2 alleles
7.9% missing data
 130   (0.946) 0.959 0.999 0.946 0.996 0.993 0.998 0.999 0.992 0.997 0.999 0.998 0.988 0.998 0.947 0.971 0.979 
 110   (0.054) 0.041 0.001 0.054 0.004 0.007 0.002 0.001 0.008 0.003 0.001 0.002 0.012 0.002 0.053 0.029 0.021 

Locus 214 : 250844_49 
2 alleles
7.3% missing data
 130   (0.959) 0.998 1.000 0.958 0.997 0.997 0.999 1.000 0.996 0.999 1.000 0.999 0.991 0.999 0.958 0.975 0.989 
 100   (0.041) 0.002 0.000 0.042 0.003 0.003 0.001 0.000 0.004 0.001 0.000 0.001 0.009 0.001 0.042 0.025 0.011 

Locus 215 : 251283_19 
2 alleles
5.6% missing data
 120   (0.957) 0.998 1.000 0.958 0.997 0.997 0.999 1.000 0.830 0.999 1.000 0.999 0.992 0.999 0.959 0.980 0.998 
 100   (0.043) 0.002 0.000 0.042 0.003 0.003 0.001 0.000 0.170 0.001 0.000 0.001 0.008 0.001 0.041 0.020 0.002 

Locus 216 : 251358_15 
2 alleles
8.4% missing data
 110   (0.937) 0.997 1.000 0.937 0.995 0.995 0.999 1.000 0.991 0.998 0.998 0.998 0.951 0.999 0.939 0.968 0.811 
 120   (0.063) 0.003 0.000 0.063 0.005 0.005 0.001 0.000 0.009 0.002 0.002 0.002 0.049 0.001 0.061 0.032 0.189 

Locus 217 : 251901_42 
2 alleles
2.2% missing data
 120   (0.959) 0.983 1.000 0.959 0.997 0.997 0.999 1.000 0.996 0.999 1.000 0.999 0.990 0.999 0.958 0.974 0.998 
 100   (0.041) 0.017 0.000 0.041 0.003 0.003 0.001 0.000 0.004 0.001 0.000 0.001 0.010 0.001 0.042 0.026 0.002 

Locus 218 : 252158_43 
2 alleles
0.0% missing data
 120   (0.957) 0.999 1.000 0.958 0.919 0.997 0.999 1.000 0.996 0.999 1.000 0.999 0.992 0.999 0.959 0.980 0.998 
 100   (0.043) 0.001 0.000 0.042 0.081 0.003 0.001 0.000 0.004 0.001 0.000 0.001 0.008 0.001 0.041 0.020 0.002 

Locus 219 : 252988_16 
2 alleles
7.9% missing data
 110   (0.953) 0.737 1.000 0.953 0.996 0.997 0.999 1.000 0.994 0.999 1.000 0.999 0.991 0.998 0.954 0.977 0.997 
 100   (0.047) 0.263 0.000 0.047 0.004 0.003 0.001 0.000 0.006 0.001 0.000 0.001 0.009 0.002 0.046 0.023 0.003 

Locus 220 : 254425_88 
2 alleles
5.6% missing data
 130   (0.924) 0.997 1.000 0.925 0.774 0.995 0.999 1.000 0.991 0.997 0.999 0.881 0.985 0.998 0.927 0.964 0.996 
 110   (0.076) 0.003 0.000 0.075 0.226 0.005 0.001 0.000 0.009 0.003 0.001 0.119 0.015 0.002 0.073 0.036 0.004 

Locus 221 : 256337_57 
2 alleles
5.6% missing data
 110   (0.957) 0.998 1.000 0.958 0.997 0.997 0.999 1.000 0.933 0.999 1.000 0.999 0.991 0.999 0.958 0.979 0.998 
 130   (0.043) 0.002 0.000 0.042 0.003 0.003 0.001 0.000 0.067 0.001 0.000 0.001 0.009 0.001 0.042 0.021 0.002 

Locus 222 : 259058_15 
2 alleles
1.7% missing data
 120   (0.956) 0.999 1.000 0.957 0.997 0.997 0.999 1.000 0.995 0.999 1.000 0.870 0.992 0.999 0.958 0.980 0.998 
 100   (0.044) 0.001 0.000 0.043 0.003 0.003 0.001 0.000 0.005 0.001 0.000 0.130 0.008 0.001 0.042 0.020 0.002 

Locus 223 : 259869_81 
2 alleles
0.6% missing data
 120   (0.959) 0.999 1.000 0.960 0.997 0.997 0.999 1.000 0.996 0.999 1.000 0.940 0.992 0.999 0.961 0.981 0.998 
 130   (0.041) 0.001 0.000 0.040 0.003 0.003 0.001 0.000 0.004 0.001 0.000 0.060 0.008 0.001 0.039 0.019 0.002 

Locus 224 : 260700_55 
2 alleles
2.2% missing data
 130   (0.960) 0.995 0.999 0.960 0.997 0.997 0.999 1.000 0.995 0.979 0.999 0.999 0.991 0.998 0.960 0.976 0.998 
 110   (0.040) 0.005 0.001 0.040 0.003 0.003 0.001 0.000 0.005 0.021 0.001 0.001 0.009 0.002 0.040 0.024 0.002 

Locus 225 : 262223_11 
2 alleles
4.5% missing data
 130   (0.957) 0.999 1.000 0.958 0.997 0.997 0.999 1.000 0.996 0.854 1.000 0.999 0.991 0.999 0.959 0.980 0.998 
 100   (0.043) 0.001 0.000 0.042 0.003 0.003 0.001 0.000 0.004 0.146 0.000 0.001 0.009 0.001 0.041 0.020 0.002 

Locus 226 : 262346_48 
2 alleles
3.4% missing data
 130   (0.955) 0.999 1.000 0.957 0.997 0.997 0.999 1.000 0.406 0.999 1.000 0.999 0.992 0.999 0.957 0.979 0.998 
 110   (0.045) 0.001 0.000 0.043 0.003 0.003 0.001 0.000 0.594 0.001 0.000 0.001 0.008 0.001 0.043 0.021 0.002 

Locus 227 : 262620_18 
2 alleles
3.9% missing data
 110   (0.943) 0.997 0.997 0.942 0.995 0.995 0.992 0.997 0.992 0.997 0.995 0.998 0.973 0.994 0.938 0.965 0.996 
 130   (0.057) 0.003 0.003 0.058 0.005 0.005 0.008 0.003 0.008 0.003 0.005 0.002 0.027 0.006 0.062 0.035 0.004 

Locus 228 : 263002_42 
2 alleles
3.4% missing data
 120   (0.953) 0.998 1.000 0.954 0.997 0.997 0.999 1.000 0.995 0.999 1.000 0.999 0.991 0.999 0.955 0.977 0.854 
 100   (0.047) 0.002 0.000 0.046 0.003 0.003 0.001 0.000 0.005 0.001 0.000 0.001 0.009 0.001 0.045 0.023 0.146 

Locus 229 : 263813_70 
2 alleles
10.1% missing data
 130   (0.957) 0.998 1.000 0.957 0.997 0.997 0.999 1.000 0.995 0.999 1.000 0.935 0.992 0.999 0.959 0.980 0.998 
 110   (0.043) 0.002 0.000 0.043 0.003 0.003 0.001 0.000 0.005 0.001 0.000 0.065 0.008 0.001 0.041 0.020 0.002 

Locus 230 : 264184_13 
2 alleles
10.1% missing data
 110   (0.916) 0.843 1.000 0.918 0.993 0.994 0.999 1.000 0.948 0.998 0.985 0.998 0.856 0.998 0.918 0.955 0.996 
 130   (0.084) 0.157 0.000 0.082 0.007 0.006 0.001 0.000 0.052 0.002 0.015 0.002 0.144 0.002 0.082 0.045 0.004 

Values of parameters used in structure:
DATAFILE=C:\Users\jmahg\OneDrive\Desktop\Transfers\TrkNbr-1524n1282n1083_AllPops_Structure_p18_r080_LDnHWEx\project_data,	OUTFILE=C:\Users\jmahg\OneDrive\Desktop\Transfers\TrkNbr-1524n1282n1083_AllPops_Structure_p18_r080_LDnHWEx\BI50000_MCMC100000\Results\BI50000_MCMC100000_run_157,	NUMINDS=178,	NUMLOCI=230,	MISSING=0,	LABEL=1,	POPDATA=1,	POPFLAG=0,	PHENOTYPE=0,	EXTRACOLS=0,	MAXPOPS=16,	BURNIN=50000,	NUMREPS=100000,	USEPOPINFO=0,	INFERALPHA=1,	INFERLAMBDA=0,	POPSPECIFICLAMBDA=0,	POPALPHAS=0,	COMPUTEPROB=1,	NOADMIX=0,	ADMBURNIN=2500,	UPDATEFREQ=1,	PRINTLIKES=0,	INTERMEDSAVE=0,	PRINTKLD=0,	PRINTNET=0,	PRINTLAMBDA=0,	ANCESTDIST=0,	NUMBOXES=1000,	ANCESTPINT=0.90000,	GENSBACK=2,	MIGRPRIOR=0.05000,	PRINTQHAT=0,	PRINTQSUM=0,	ALPHA=1.0000,	FREQSCORR=1,	FPRIORMEAN=0.0100,	FPRIORSD=0.0500,	ONEFST=0,	LAMBDA=1.0000,	UNIFPRIORALPHA=1,	ALPHAMAX=10.0000,	ALPHAPRIORA=1.0000,	ALPHAPRIORB=2.0000,	ALPHAPROPSD=0.0250,	STARTATPOPINFO=0,	RANDOMIZE=1,	LINKAGE=0,	METROFREQ=10,	REPORTHITRATE=0,	MARKOVPHASE=-1,	PHASED=0,	PLOIDY=2,	PHASEINFO=0	LOCPRIOR=0, 	LOCPRIORINIT=1.000000, 	LOCDATA=0, 	LOCISPOP=0, 	LOCPRIORSTEP=0.100000, 	MAXLOCPRIOR=20.000000, 	SEED=1603025498,	
[STRAT parameters]:    NUMSIMSTATS=1000,	PHENOTYPECOL=-9,	POOLFREQ=10,	LOCUSxONLY=0,	EMERROR=0.00100,	MISSINGPHENO=-9,	