

----------------------------------------------------
STRUCTURE by Pritchard, Stephens and Donnelly (2000)
     and Falush, Stephens and Pritchard (2003)
       Code by Pritchard, Falush and Hubisz
             Version 2.3.4 (Jul 2012)
----------------------------------------------------



Command line arguments:   bin\structure -m C:\Users\jmahg\OneDrive\Desktop\Transfers\TrkNbr-1524n1282n1083_AllPops_Structure_p18_r080_LDnHWEx\BI50000_MCMC100000\mainparams -e C:\Users\jmahg\OneDrive\Desktop\Transfers\TrkNbr-1524n1282n1083_AllPops_Structure_p18_r080_LDnHWEx\BI50000_MCMC100000\extraparams 
Input File:    C:\Users\jmahg\OneDrive\Desktop\Transfers\TrkNbr-1524n1282n1083_AllPops_Structure_p18_r080_LDnHWEx\project_data

Run parameters:
   178 individuals
   230 loci
   16 populations assumed
   50000 Burn-in period
   100000 Reps


--------------------------------------------
Proportion of membership of each pre-defined
 population in each of the 16 clusters

Given    Inferred Clusters                                                                                                  Number of
 Pop       1      2      3      4      5      6      7      8      9     10     11     12     13     14     15     16      Individuals

  1:     0.015  0.690  0.002  0.007  0.008  0.029  0.144  0.008  0.006  0.007  0.021  0.013  0.011  0.004  0.007  0.028       10
  2:     0.561  0.031  0.002  0.007  0.040  0.076  0.088  0.004  0.024  0.019  0.042  0.008  0.015  0.013  0.007  0.063        8
  3:     0.018  0.011  0.002  0.009  0.017  0.157  0.037  0.004  0.010  0.010  0.042  0.006  0.550  0.004  0.009  0.114       10
  4:     0.090  0.026  0.002  0.011  0.429  0.144  0.034  0.020  0.009  0.007  0.061  0.020  0.029  0.008  0.010  0.100       10
  5:     0.009  0.006  0.884  0.016  0.006  0.014  0.009  0.003  0.003  0.003  0.007  0.004  0.008  0.003  0.009  0.014       10
  6:     0.024  0.020  0.002  0.013  0.010  0.207  0.045  0.005  0.003  0.003  0.065  0.008  0.406  0.004  0.011  0.173       10
  7:     0.020  0.047  0.002  0.006  0.006  0.035  0.784  0.004  0.003  0.003  0.024  0.005  0.010  0.003  0.006  0.043       10
  8:     0.287  0.146  0.002  0.011  0.044  0.063  0.081  0.028  0.034  0.028  0.060  0.080  0.049  0.018  0.011  0.059       10
  9:     0.028  0.037  0.002  0.012  0.008  0.290  0.248  0.004  0.002  0.002  0.086  0.006  0.026  0.003  0.011  0.234       10
 10:     0.026  0.014  0.002  0.014  0.011  0.290  0.061  0.004  0.004  0.004  0.070  0.007  0.044  0.004  0.012  0.434       10
 11:     0.044  0.031  0.002  0.008  0.013  0.114  0.027  0.008  0.022  0.022  0.041  0.566  0.014  0.008  0.007  0.076       10
 12:     0.075  0.055  0.002  0.009  0.017  0.064  0.019  0.090  0.005  0.005  0.022  0.558  0.018  0.006  0.009  0.045       10
 13:     0.014  0.012  0.002  0.007  0.009  0.025  0.017  0.832  0.007  0.008  0.013  0.009  0.012  0.007  0.006  0.022       10
 14:     0.013  0.009  0.009  0.016  0.008  0.063  0.022  0.004  0.003  0.003  0.023  0.005  0.021  0.003  0.741  0.056       10
 15:     0.013  0.008  0.004  0.737  0.006  0.037  0.018  0.004  0.004  0.004  0.017  0.005  0.026  0.003  0.081  0.034       10
 16:     0.065  0.028  0.002  0.009  0.470  0.072  0.063  0.006  0.024  0.023  0.102  0.012  0.039  0.012  0.009  0.063       10
 17:     0.081  0.047  0.002  0.009  0.027  0.067  0.031  0.016  0.007  0.007  0.046  0.059  0.016  0.526  0.008  0.051       10
 18:     0.012  0.008  0.845  0.010  0.007  0.030  0.012  0.004  0.004  0.003  0.013  0.005  0.012  0.003  0.009  0.023       10
--------------------------------------------

Allele-freq. divergence among pops (Net nucleotide distance),
computed using point estimates of P.

      1       2       3       4       5       6       7       8       9      10      11      12      13      14      15      16      
 1      -    0.0045  0.0097  0.0058  0.0061  0.0027  0.0037  0.0071  0.0040  0.0041  0.0026  0.0043  0.0037  0.0066  0.0053  0.0028  
 2   0.0045     -    0.0093  0.0054  0.0056  0.0024  0.0014  0.0063  0.0033  0.0034  0.0021  0.0034  0.0033  0.0097  0.0049  0.0024  
 3   0.0097  0.0093     -    0.0070  0.0106  0.0071  0.0085  0.0116  0.0059  0.0058  0.0059  0.0094  0.0077  0.0149  0.0088  0.0072  
 4   0.0058  0.0054  0.0070     -    0.0068  0.0031  0.0045  0.0079  0.0046  0.0046  0.0033  0.0056  0.0041  0.0114  0.0054  0.0032  
 5   0.0061  0.0056  0.0106  0.0068     -    0.0038  0.0050  0.0082  0.0046  0.0046  0.0034  0.0055  0.0043  0.0113  0.0063  0.0038  
 6   0.0027  0.0024  0.0071  0.0031  0.0038     -    0.0014  0.0050  0.0030  0.0030  0.0009  0.0027  0.0010  0.0086  0.0026  0.0001  
 7   0.0037  0.0014  0.0085  0.0045  0.0050  0.0014     -    0.0062  0.0035  0.0035  0.0017  0.0040  0.0025  0.0096  0.0040  0.0014  
 8   0.0071  0.0063  0.0116  0.0079  0.0082  0.0050  0.0062     -    0.0045  0.0045  0.0041  0.0047  0.0059  0.0103  0.0074  0.0050  
 9   0.0040  0.0033  0.0059  0.0046  0.0046  0.0030  0.0035  0.0045     -    0.0000  0.0006  0.0027  0.0032  0.0069  0.0043  0.0029  
10   0.0041  0.0034  0.0058  0.0046  0.0046  0.0030  0.0035  0.0045  0.0000     -    0.0007  0.0027  0.0032  0.0069  0.0043  0.0030  
11   0.0026  0.0021  0.0059  0.0033  0.0034  0.0009  0.0017  0.0041  0.0006  0.0007     -    0.0020  0.0015  0.0069  0.0029  0.0009  
12   0.0043  0.0034  0.0094  0.0056  0.0055  0.0027  0.0040  0.0047  0.0027  0.0027  0.0020     -    0.0036  0.0078  0.0051  0.0027  
13   0.0037  0.0033  0.0077  0.0041  0.0043  0.0010  0.0025  0.0059  0.0032  0.0032  0.0015  0.0036     -    0.0093  0.0036  0.0011  
14   0.0066  0.0097  0.0149  0.0114  0.0113  0.0086  0.0096  0.0103  0.0069  0.0069  0.0069  0.0078  0.0093     -    0.0109  0.0086  
15   0.0053  0.0049  0.0088  0.0054  0.0063  0.0026  0.0040  0.0074  0.0043  0.0043  0.0029  0.0051  0.0036  0.0109     -    0.0027  
16   0.0028  0.0024  0.0072  0.0032  0.0038  0.0001  0.0014  0.0050  0.0029  0.0030  0.0009  0.0027  0.0011  0.0086  0.0027     -    

Average distances (expected heterozygosity) between individuals in same cluster:
cluster  1  : 0.0120 
cluster  2  : 0.0189 
cluster  3  : 0.0663 
cluster  4  : 0.0188 
cluster  5  : 0.0225 
cluster  6  : 0.0002 
cluster  7  : 0.0074 
cluster  8  : 0.0389 
cluster  9  : 0.0958 
cluster 10  : 0.0968 
cluster 11  : 0.0529 
cluster 12  : 0.0330 
cluster 13  : 0.0138 
cluster 14  : 0.0445 
cluster 15  : 0.0210 
cluster 16  : 0.0020 

--------------------------------------------
Estimated Ln Prob of Data   = -3680.8
Mean value of ln likelihood = -3231.5
Variance of ln likelihood   = 898.5
Mean value of alpha         = 0.0342

Mean value of Fst_1         = 0.7776
Mean value of Fst_2         = 0.6243
Mean value of Fst_3         = 0.2734
Mean value of Fst_4         = 0.6776
Mean value of Fst_5         = 0.5838
Mean value of Fst_6         = 0.9711
Mean value of Fst_7         = 0.8466
Mean value of Fst_8         = 0.4334
Mean value of Fst_9         = 0.0126
Mean value of Fst_10         = 0.0002
Mean value of Fst_11         = 0.4374
Mean value of Fst_12         = 0.4340
Mean value of Fst_13         = 0.6933
Mean value of Fst_14         = 0.4184
Mean value of Fst_15         = 0.6425
Mean value of Fst_16         = 0.9304


Inferred ancestry of individuals:
        Label (%Miss) Pop:  Inferred clusters
  1 TGCP_WM1    (0)    1 :  0.015 0.767 0.002 0.008 0.009 0.040 0.061 0.004 0.006 0.006 0.011 0.007 0.013 0.003 0.012 0.037 
  2 TGCP_WM10    (1)    1 :  0.037 0.547 0.002 0.007 0.009 0.081 0.147 0.003 0.002 0.002 0.058 0.010 0.020 0.004 0.007 0.064 
  3 TGCP_WM2    (0)    1 :  0.014 0.408 0.002 0.008 0.010 0.037 0.337 0.005 0.028 0.039 0.036 0.007 0.012 0.005 0.007 0.045 
  4 TGCP_WM3    (1)    1 :  0.011 0.790 0.002 0.007 0.005 0.027 0.080 0.004 0.002 0.002 0.014 0.012 0.009 0.003 0.008 0.024 
  5 TGCP_WM4    (0)    1 :  0.010 0.800 0.002 0.008 0.008 0.020 0.031 0.003 0.004 0.004 0.010 0.051 0.010 0.004 0.007 0.027 
  6 TGCP_WM5    (0)    1 :  0.015 0.806 0.002 0.008 0.008 0.016 0.049 0.007 0.011 0.009 0.021 0.011 0.009 0.004 0.004 0.021 
  7 TGCP_WM6    (0)    1 :  0.011 0.846 0.002 0.007 0.007 0.016 0.045 0.008 0.002 0.002 0.013 0.008 0.008 0.003 0.006 0.017 
  8 TGCP_WM7    (0)    1 :  0.023 0.129 0.002 0.010 0.016 0.038 0.659 0.024 0.004 0.004 0.025 0.006 0.011 0.007 0.008 0.031 
  9 TGCP_WM8    (0)    1 :  0.009 0.875 0.002 0.005 0.004 0.010 0.017 0.016 0.002 0.002 0.014 0.018 0.007 0.003 0.004 0.011 
 10 TGCP_WM9    (0)    1 :  0.006 0.933 0.002 0.004 0.005 0.007 0.009 0.003 0.002 0.002 0.006 0.003 0.006 0.003 0.005 0.005 
 11 MRLP_WM123    (3)    2 :  0.661 0.011 0.002 0.009 0.012 0.018 0.009 0.005 0.110 0.073 0.041 0.013 0.009 0.006 0.005 0.017 
 12 MRLP_WM124    (4)    2 :  0.860 0.008 0.002 0.008 0.007 0.026 0.012 0.004 0.002 0.002 0.015 0.006 0.012 0.004 0.008 0.023 
 13 MRLP_WM125    (1)    2 :  0.646 0.026 0.002 0.007 0.004 0.016 0.035 0.004 0.065 0.064 0.042 0.014 0.006 0.049 0.003 0.019 
 14 MRLP_WM126    (2)    2 :  0.023 0.010 0.002 0.011 0.007 0.428 0.054 0.005 0.002 0.001 0.107 0.006 0.044 0.003 0.012 0.286 
 15 MRLP_WM127    (3)    2 :  0.036 0.127 0.003 0.009 0.013 0.077 0.450 0.005 0.005 0.006 0.100 0.008 0.017 0.031 0.011 0.103 
 16 MRLP_WM128    (3)    2 :  0.933 0.004 0.002 0.003 0.004 0.009 0.006 0.003 0.002 0.002 0.005 0.004 0.005 0.004 0.004 0.009 
 17 MRLP_WM129    (7)    2 :  0.576 0.029 0.002 0.004 0.265 0.013 0.044 0.004 0.006 0.003 0.017 0.005 0.013 0.003 0.004 0.013 
 18 MRLP_WM130    (5)    2 :  0.756 0.030 0.002 0.006 0.006 0.018 0.097 0.005 0.002 0.002 0.013 0.005 0.013 0.003 0.006 0.036 
 19 STT_WM183    (2)    3 :  0.016 0.009 0.002 0.010 0.006 0.063 0.021 0.005 0.071 0.075 0.043 0.011 0.620 0.004 0.010 0.035 
 20 STT_WM184    (3)    3 :  0.016 0.011 0.002 0.007 0.032 0.039 0.027 0.005 0.009 0.007 0.034 0.006 0.732 0.005 0.012 0.056 
 21 STT_WM185   (15)    3 :  0.043 0.020 0.002 0.017 0.009 0.392 0.113 0.005 0.002 0.002 0.084 0.004 0.043 0.004 0.014 0.246 
 22 STT_WM186   (13)    3 :  0.035 0.021 0.002 0.010 0.012 0.421 0.068 0.005 0.002 0.002 0.081 0.008 0.036 0.002 0.013 0.282 
 23 STT_WM187   (13)    3 :  0.011 0.008 0.002 0.004 0.005 0.035 0.014 0.004 0.002 0.002 0.015 0.006 0.848 0.004 0.009 0.031 
 24 STT_WM188    (3)    3 :  0.006 0.004 0.002 0.004 0.005 0.013 0.007 0.002 0.002 0.002 0.007 0.004 0.927 0.002 0.004 0.010 
 25 STT_WM189    (0)    3 :  0.022 0.009 0.002 0.011 0.006 0.434 0.058 0.005 0.002 0.001 0.069 0.006 0.031 0.003 0.007 0.334 
 26 STT_WM190   (11)    3 :  0.007 0.005 0.002 0.006 0.003 0.014 0.010 0.003 0.002 0.002 0.009 0.004 0.908 0.004 0.004 0.016 
 27 STT_WM191    (7)    3 :  0.019 0.016 0.002 0.011 0.010 0.145 0.037 0.004 0.003 0.002 0.063 0.005 0.554 0.003 0.009 0.118 
 28 STT_WM192   (12)    3 :  0.007 0.008 0.002 0.008 0.084 0.011 0.011 0.004 0.008 0.008 0.014 0.005 0.804 0.004 0.005 0.017 
 29 FSSP_WM241    (3)    4 :  0.145 0.078 0.002 0.023 0.163 0.192 0.038 0.036 0.008 0.008 0.086 0.028 0.038 0.014 0.015 0.126 
 30 FSSP_WM242   (15)    4 :  0.020 0.011 0.002 0.010 0.011 0.451 0.055 0.005 0.002 0.002 0.073 0.007 0.033 0.002 0.013 0.303 
 31 FSSP_WM243    (6)    4 :  0.007 0.009 0.002 0.006 0.887 0.011 0.007 0.006 0.013 0.009 0.011 0.006 0.009 0.003 0.006 0.008 
 32 FSSP_WM244    (5)    4 :  0.372 0.071 0.002 0.008 0.024 0.111 0.067 0.106 0.008 0.007 0.076 0.023 0.025 0.023 0.011 0.066 
 33 FSSP_WM245   (10)    4 :  0.022 0.018 0.003 0.021 0.312 0.241 0.046 0.005 0.002 0.003 0.075 0.006 0.047 0.004 0.012 0.184 
 34 FSSP_WM246    (6)    4 :  0.054 0.018 0.003 0.016 0.067 0.274 0.065 0.007 0.007 0.008 0.144 0.013 0.076 0.006 0.021 0.222 
 35 FSSP_WM247    (3)    4 :  0.012 0.019 0.002 0.006 0.837 0.018 0.013 0.016 0.010 0.008 0.019 0.010 0.008 0.007 0.004 0.010 
 36 FSSP_WM248    (9)    4 :  0.011 0.008 0.003 0.006 0.869 0.020 0.009 0.011 0.004 0.004 0.009 0.018 0.008 0.003 0.005 0.014 
 37 FSSP_WM249    (6)    4 :  0.013 0.013 0.003 0.007 0.787 0.050 0.011 0.004 0.004 0.004 0.015 0.034 0.020 0.003 0.009 0.023 
 38 FSSP_WM250    (2)    4 :  0.246 0.011 0.003 0.009 0.329 0.077 0.026 0.005 0.029 0.021 0.100 0.055 0.022 0.013 0.010 0.044 
 39 HNL_WM301    (3)    5 :  0.009 0.004 0.901 0.012 0.006 0.015 0.007 0.003 0.003 0.002 0.006 0.004 0.007 0.002 0.007 0.010 
 40 HNL_WM302    (2)    5 :  0.006 0.003 0.943 0.006 0.004 0.005 0.006 0.002 0.002 0.002 0.003 0.003 0.004 0.002 0.004 0.006 
 41 HNL_WM303    (2)    5 :  0.010 0.007 0.889 0.006 0.006 0.014 0.011 0.004 0.003 0.002 0.008 0.004 0.011 0.003 0.008 0.013 
 42 HNL_WM304    (3)    5 :  0.016 0.009 0.784 0.068 0.007 0.025 0.014 0.005 0.003 0.003 0.014 0.006 0.012 0.004 0.008 0.024 
 43 HNL_WM305    (3)    5 :  0.006 0.004 0.923 0.007 0.005 0.009 0.007 0.003 0.003 0.004 0.005 0.004 0.006 0.002 0.005 0.008 
 44 HNL_WM306    (0)    5 :  0.008 0.005 0.922 0.011 0.004 0.007 0.005 0.002 0.003 0.003 0.006 0.003 0.005 0.003 0.006 0.007 
 45 HNL_WM307    (3)    5 :  0.007 0.006 0.907 0.007 0.004 0.011 0.008 0.003 0.003 0.002 0.006 0.003 0.008 0.002 0.006 0.015 
 46 HNL_WM308    (3)    5 :  0.007 0.005 0.881 0.019 0.005 0.016 0.009 0.003 0.002 0.002 0.006 0.004 0.010 0.002 0.012 0.017 
 47 HNL_WM309    (0)    5 :  0.015 0.009 0.829 0.011 0.009 0.020 0.010 0.004 0.008 0.008 0.011 0.005 0.006 0.003 0.033 0.019 
 48 HNL_WM310   (10)    5 :  0.009 0.009 0.865 0.016 0.006 0.019 0.013 0.004 0.003 0.002 0.008 0.005 0.008 0.002 0.007 0.021 
 49 MPO_WM482    (2)    6 :  0.009 0.007 0.003 0.010 0.005 0.018 0.008 0.003 0.002 0.002 0.009 0.003 0.887 0.002 0.006 0.024 
 50 MPO_WM483    (3)    6 :  0.021 0.014 0.003 0.012 0.011 0.217 0.052 0.005 0.004 0.005 0.104 0.007 0.341 0.003 0.017 0.183 
 51 MPO_WM484    (1)    6 :  0.023 0.013 0.002 0.012 0.011 0.153 0.029 0.005 0.002 0.002 0.043 0.005 0.575 0.003 0.011 0.109 
 52 MPO_WM485    (0)    6 :  0.008 0.009 0.002 0.008 0.017 0.037 0.022 0.003 0.006 0.008 0.068 0.005 0.759 0.004 0.008 0.037 
 53 MPO_WM486   (21)    6 :  0.036 0.027 0.003 0.016 0.016 0.350 0.096 0.007 0.002 0.002 0.093 0.007 0.033 0.005 0.015 0.293 
 54 MPO_WM487   (19)    6 :  0.023 0.018 0.002 0.024 0.012 0.124 0.064 0.006 0.003 0.003 0.070 0.008 0.528 0.004 0.008 0.104 
 55 MPO_WM488    (9)    6 :  0.017 0.011 0.002 0.017 0.009 0.408 0.050 0.003 0.002 0.002 0.080 0.006 0.051 0.003 0.009 0.330 
 56 MPO_WM489    (3)    6 :  0.014 0.068 0.003 0.008 0.006 0.025 0.010 0.002 0.003 0.003 0.008 0.028 0.789 0.007 0.007 0.020 
 57 MPO_WM490   (24)    6 :  0.040 0.013 0.003 0.016 0.008 0.383 0.060 0.005 0.003 0.002 0.097 0.007 0.058 0.005 0.012 0.288 
 58 MPO_WM491   (11)    6 :  0.051 0.017 0.002 0.011 0.009 0.358 0.060 0.004 0.002 0.002 0.080 0.008 0.038 0.003 0.015 0.341 
 59 OICP_WM541    (1)    7 :  0.008 0.013 0.002 0.004 0.006 0.014 0.908 0.004 0.002 0.002 0.011 0.005 0.005 0.002 0.006 0.011 
 60 OICP_WM542    (2)    7 :  0.010 0.016 0.002 0.006 0.005 0.016 0.896 0.003 0.002 0.002 0.009 0.005 0.008 0.003 0.004 0.015 
 61 OICP_WM543    (0)    7 :  0.007 0.010 0.002 0.006 0.007 0.019 0.906 0.002 0.001 0.001 0.006 0.003 0.007 0.002 0.006 0.014 
 62 OICP_WM544    (1)    7 :  0.084 0.284 0.003 0.006 0.008 0.035 0.409 0.008 0.013 0.017 0.016 0.008 0.014 0.004 0.010 0.081 
 63 OICP_WM545    (0)    7 :  0.010 0.016 0.002 0.006 0.005 0.029 0.853 0.004 0.002 0.002 0.009 0.004 0.018 0.004 0.006 0.031 
 64 OICP_WM546    (3)    7 :  0.027 0.050 0.002 0.009 0.010 0.083 0.588 0.004 0.002 0.001 0.078 0.008 0.013 0.003 0.006 0.116 
 65 OICP_WM547    (2)    7 :  0.032 0.050 0.002 0.008 0.009 0.108 0.533 0.003 0.002 0.002 0.091 0.007 0.013 0.003 0.009 0.130 
 66 OICP_WM548    (3)    7 :  0.007 0.015 0.002 0.004 0.005 0.014 0.908 0.003 0.002 0.002 0.011 0.005 0.007 0.002 0.004 0.011 
 67 OICP_WM549    (0)    7 :  0.007 0.012 0.002 0.004 0.004 0.013 0.925 0.003 0.001 0.002 0.004 0.003 0.006 0.002 0.005 0.007 
 68 OICP_WM550    (1)    7 :  0.008 0.008 0.002 0.004 0.003 0.015 0.910 0.003 0.001 0.002 0.006 0.003 0.011 0.003 0.005 0.018 
 69 IRO_WM601    (2)    8 :  0.046 0.483 0.002 0.009 0.037 0.032 0.092 0.032 0.009 0.006 0.051 0.139 0.016 0.004 0.009 0.032 
 70 IRO_WM602    (1)    8 :  0.123 0.125 0.002 0.010 0.010 0.077 0.393 0.007 0.006 0.008 0.096 0.009 0.026 0.005 0.010 0.093 
 71 IRO_WM603    (2)    8 :  0.027 0.227 0.002 0.008 0.015 0.036 0.018 0.144 0.029 0.022 0.037 0.382 0.011 0.005 0.008 0.031 
 72 IRO_WM604    (0)    8 :  0.609 0.010 0.002 0.007 0.009 0.021 0.015 0.007 0.116 0.089 0.059 0.011 0.011 0.011 0.005 0.019 
 73 IRO_WM605    (3)    8 :  0.696 0.184 0.002 0.006 0.006 0.010 0.009 0.003 0.002 0.002 0.006 0.028 0.008 0.018 0.010 0.009 
 74 IRO_WM606    (3)    8 :  0.728 0.008 0.002 0.013 0.013 0.052 0.018 0.005 0.005 0.005 0.024 0.009 0.045 0.031 0.012 0.029 
 75 IRO_WM607    (2)    8 :  0.328 0.037 0.002 0.013 0.116 0.098 0.056 0.005 0.011 0.010 0.117 0.078 0.021 0.015 0.012 0.081 
 76 IRO_WM608    (0)    8 :  0.039 0.295 0.002 0.008 0.028 0.043 0.127 0.010 0.076 0.059 0.118 0.099 0.013 0.014 0.010 0.059 
 77 IRO_WM609    (0)    8 :  0.230 0.074 0.002 0.020 0.015 0.151 0.046 0.023 0.073 0.068 0.058 0.033 0.034 0.014 0.016 0.143 
 78 IRO_WM610   (13)    8 :  0.041 0.014 0.003 0.017 0.191 0.108 0.033 0.046 0.013 0.012 0.038 0.011 0.301 0.059 0.017 0.097 
 79 HGRF_WM661    (5)    9 :  0.039 0.073 0.002 0.013 0.008 0.113 0.509 0.004 0.002 0.002 0.068 0.005 0.024 0.003 0.009 0.127 
 80 HGRF_WM662    (5)    9 :  0.019 0.008 0.002 0.013 0.009 0.429 0.059 0.004 0.002 0.002 0.095 0.006 0.027 0.003 0.014 0.308 
 81 HGRF_WM663    (4)    9 :  0.032 0.053 0.002 0.009 0.007 0.097 0.544 0.004 0.002 0.002 0.107 0.006 0.012 0.003 0.009 0.110 
 82 HGRF_WM664    (3)    9 :  0.021 0.018 0.002 0.010 0.007 0.395 0.112 0.003 0.001 0.002 0.097 0.005 0.024 0.002 0.010 0.291 
 83 HGRF_WM665    (1)    9 :  0.060 0.104 0.003 0.015 0.012 0.092 0.430 0.008 0.010 0.009 0.077 0.007 0.028 0.004 0.012 0.128 
 84 HGRF_WM666    (5)    9 :  0.022 0.010 0.002 0.013 0.007 0.465 0.048 0.003 0.001 0.001 0.077 0.005 0.028 0.003 0.015 0.299 
 85 HGRF_WM667    (0)    9 :  0.018 0.012 0.002 0.011 0.010 0.447 0.068 0.004 0.001 0.001 0.087 0.004 0.034 0.003 0.010 0.288 
 86 HGRF_WM668    (4)    9 :  0.029 0.048 0.002 0.009 0.006 0.095 0.545 0.004 0.002 0.002 0.080 0.005 0.016 0.002 0.008 0.147 
 87 HGRF_WM669    (5)    9 :  0.023 0.009 0.002 0.012 0.007 0.396 0.046 0.003 0.002 0.001 0.086 0.005 0.047 0.003 0.012 0.346 
 88 HGRF_WM670    (9)    9 :  0.019 0.033 0.002 0.010 0.007 0.374 0.120 0.005 0.001 0.002 0.090 0.007 0.023 0.003 0.009 0.296 
 89 PTP_WM721    (2)   10 :  0.027 0.018 0.003 0.022 0.019 0.380 0.062 0.006 0.010 0.010 0.118 0.010 0.058 0.007 0.018 0.231 
 90 PTP_WM722    (2)   10 :  0.012 0.012 0.002 0.012 0.013 0.043 0.045 0.005 0.011 0.011 0.018 0.008 0.046 0.005 0.010 0.744 
 91 PTP_WM723   (25)   10 :  0.045 0.013 0.003 0.013 0.008 0.320 0.094 0.004 0.002 0.002 0.091 0.007 0.040 0.004 0.016 0.336 
 92 PTP_WM724   (13)   10 :  0.027 0.019 0.002 0.011 0.008 0.385 0.059 0.005 0.002 0.002 0.102 0.009 0.043 0.004 0.021 0.302 
 93 PTP_WM725   (25)   10 :  0.018 0.025 0.002 0.029 0.019 0.425 0.053 0.005 0.002 0.002 0.084 0.008 0.040 0.004 0.013 0.273 
 94 PTP_WM726   (13)   10 :  0.028 0.015 0.002 0.009 0.008 0.454 0.065 0.005 0.002 0.002 0.078 0.007 0.035 0.003 0.010 0.277 
 95 PTP_WM727   (10)   10 :  0.055 0.011 0.002 0.019 0.008 0.400 0.050 0.004 0.002 0.002 0.089 0.006 0.028 0.003 0.010 0.312 
 96 PTP_WM728    (8)   10 :  0.021 0.011 0.002 0.011 0.009 0.426 0.063 0.004 0.002 0.002 0.088 0.006 0.027 0.003 0.013 0.311 
 97 PTP_WM729    (9)   10 :  0.014 0.009 0.002 0.006 0.007 0.042 0.062 0.004 0.002 0.002 0.019 0.006 0.060 0.003 0.005 0.758 
 98 PTP_WM730    (8)   10 :  0.014 0.005 0.002 0.006 0.007 0.020 0.061 0.003 0.002 0.002 0.009 0.004 0.063 0.003 0.004 0.796 
 99 RRL_WM782    (9)   11 :  0.024 0.011 0.002 0.014 0.007 0.435 0.053 0.005 0.002 0.002 0.092 0.007 0.031 0.003 0.012 0.301 
100 RRL_WM783    (8)   11 :  0.014 0.068 0.002 0.008 0.007 0.020 0.010 0.017 0.004 0.005 0.007 0.793 0.013 0.006 0.006 0.020 
101 RRL_WM784    (1)   11 :  0.035 0.007 0.003 0.006 0.008 0.033 0.022 0.013 0.004 0.004 0.015 0.787 0.016 0.007 0.009 0.032 
102 RRL_WM785    (1)   11 :  0.018 0.013 0.002 0.009 0.007 0.482 0.050 0.004 0.002 0.002 0.088 0.005 0.025 0.003 0.009 0.282 
103 RRL_WM786    (2)   11 :  0.073 0.014 0.002 0.006 0.013 0.011 0.007 0.004 0.008 0.003 0.011 0.801 0.006 0.026 0.005 0.010 
104 RRL_WM787    (3)   11 :  0.022 0.108 0.002 0.005 0.011 0.022 0.073 0.008 0.010 0.008 0.034 0.661 0.008 0.008 0.005 0.014 
105 RRL_WM788    (0)   11 :  0.009 0.006 0.002 0.004 0.015 0.009 0.006 0.006 0.080 0.088 0.071 0.685 0.005 0.004 0.003 0.007 
106 RRL_WM789    (2)   11 :  0.012 0.024 0.001 0.004 0.004 0.007 0.008 0.008 0.003 0.002 0.005 0.900 0.005 0.004 0.004 0.008 
107 RRL_WM790    (0)   11 :  0.216 0.008 0.002 0.010 0.008 0.041 0.015 0.006 0.096 0.097 0.039 0.398 0.013 0.013 0.007 0.031 
108 RRL_WM791    (0)   11 :  0.017 0.050 0.002 0.011 0.047 0.077 0.026 0.004 0.009 0.008 0.045 0.623 0.018 0.002 0.008 0.053 
109 RRO_WM842    (0)   12 :  0.078 0.021 0.002 0.006 0.021 0.037 0.013 0.005 0.004 0.005 0.027 0.737 0.011 0.012 0.009 0.013 
110 RRO_WM843    (7)   12 :  0.046 0.029 0.002 0.012 0.007 0.023 0.013 0.298 0.009 0.012 0.014 0.485 0.008 0.009 0.009 0.025 
111 RRO_WM844    (2)   12 :  0.370 0.015 0.002 0.006 0.007 0.079 0.026 0.348 0.002 0.003 0.015 0.038 0.021 0.006 0.006 0.054 
112 RRO_WM845    (4)   12 :  0.010 0.010 0.001 0.006 0.004 0.016 0.005 0.034 0.002 0.002 0.008 0.874 0.007 0.004 0.004 0.013 
113 RRO_WM846   (10)   12 :  0.017 0.012 0.002 0.009 0.019 0.053 0.022 0.018 0.004 0.002 0.027 0.735 0.020 0.005 0.010 0.046 
114 RRO_WM847    (6)   12 :  0.154 0.054 0.002 0.009 0.011 0.032 0.011 0.081 0.004 0.004 0.025 0.549 0.015 0.008 0.009 0.033 
115 RRO_WM848    (4)   12 :  0.022 0.044 0.003 0.015 0.076 0.136 0.049 0.018 0.011 0.010 0.035 0.399 0.050 0.004 0.015 0.113 
116 RRO_WM849    (5)   12 :  0.013 0.342 0.002 0.006 0.007 0.033 0.011 0.018 0.004 0.003 0.018 0.488 0.012 0.003 0.008 0.031 
117 RRO_WM850    (2)   12 :  0.019 0.009 0.002 0.013 0.007 0.035 0.012 0.005 0.003 0.003 0.023 0.828 0.015 0.003 0.008 0.017 
118 RRO_WM851    (1)   12 :  0.025 0.016 0.002 0.010 0.011 0.197 0.032 0.072 0.004 0.004 0.033 0.451 0.025 0.004 0.013 0.103 
119 CPS_WM901    (2)   13 :  0.025 0.007 0.002 0.004 0.007 0.019 0.009 0.874 0.003 0.003 0.006 0.016 0.005 0.004 0.005 0.010 
120 CPS_WM902    (2)   13 :  0.007 0.037 0.002 0.007 0.004 0.013 0.043 0.840 0.003 0.003 0.007 0.007 0.009 0.008 0.003 0.008 
121 CPS_WM903    (5)   13 :  0.014 0.005 0.002 0.005 0.005 0.006 0.006 0.910 0.002 0.002 0.005 0.013 0.006 0.009 0.004 0.007 
122 CPS_WM904    (1)   13 :  0.010 0.007 0.002 0.006 0.008 0.009 0.011 0.843 0.017 0.016 0.018 0.010 0.009 0.021 0.004 0.009 
123 CPS_WM905    (2)   13 :  0.006 0.006 0.002 0.005 0.028 0.008 0.006 0.830 0.020 0.032 0.019 0.007 0.017 0.004 0.006 0.006 
124 CPS_WM906    (3)   13 :  0.013 0.011 0.002 0.008 0.005 0.022 0.012 0.875 0.002 0.002 0.008 0.004 0.009 0.003 0.007 0.016 
125 CPS_WM907    (6)   13 :  0.016 0.012 0.002 0.009 0.010 0.057 0.023 0.750 0.002 0.002 0.022 0.005 0.017 0.003 0.008 0.061 
126 CPS_WM908    (3)   13 :  0.021 0.010 0.003 0.014 0.012 0.056 0.028 0.730 0.006 0.007 0.020 0.010 0.019 0.007 0.010 0.049 
127 CPS_WM909    (2)   13 :  0.017 0.013 0.002 0.009 0.006 0.041 0.020 0.793 0.003 0.002 0.013 0.008 0.016 0.005 0.010 0.041 
128 CPS_WM910    (1)   13 :  0.009 0.008 0.002 0.005 0.006 0.015 0.010 0.875 0.010 0.009 0.013 0.006 0.010 0.003 0.006 0.013 
129 PPNP_WM962    (1)   14 :  0.007 0.004 0.019 0.029 0.003 0.008 0.006 0.002 0.005 0.004 0.005 0.003 0.006 0.002 0.892 0.005 
130 PPNP_WM963    (0)   14 :  0.012 0.006 0.013 0.011 0.010 0.048 0.021 0.005 0.005 0.004 0.030 0.006 0.021 0.003 0.758 0.047 
131 PPNP_WM964    (0)   14 :  0.007 0.005 0.029 0.005 0.004 0.007 0.008 0.004 0.005 0.006 0.007 0.003 0.006 0.003 0.890 0.010 
132 PPNP_WM965    (4)   14 :  0.009 0.011 0.002 0.013 0.006 0.031 0.014 0.004 0.001 0.002 0.014 0.006 0.009 0.003 0.830 0.044 
133 PPNP_WM966    (4)   14 :  0.006 0.005 0.001 0.004 0.003 0.008 0.005 0.003 0.001 0.002 0.003 0.003 0.005 0.002 0.940 0.008 
134 PPNP_WM967    (4)   14 :  0.016 0.014 0.002 0.012 0.009 0.071 0.025 0.005 0.002 0.002 0.019 0.006 0.021 0.003 0.749 0.043 
135 PPNP_WM968    (5)   14 :  0.029 0.018 0.012 0.019 0.021 0.258 0.056 0.005 0.005 0.006 0.086 0.010 0.082 0.004 0.145 0.243 
136 PPNP_WM969    (2)   14 :  0.012 0.007 0.002 0.006 0.009 0.035 0.014 0.005 0.002 0.002 0.015 0.005 0.016 0.002 0.834 0.034 
137 PPNP_WM970    (2)   14 :  0.016 0.012 0.006 0.026 0.011 0.102 0.032 0.003 0.003 0.003 0.029 0.004 0.027 0.003 0.638 0.084 
138 PPNP_WM971    (2)   14 :  0.015 0.012 0.004 0.034 0.006 0.065 0.034 0.004 0.002 0.002 0.019 0.007 0.017 0.004 0.735 0.040 
139 FPPI_WM1021    (4)   15 :  0.016 0.009 0.002 0.844 0.007 0.019 0.023 0.005 0.006 0.006 0.019 0.006 0.008 0.003 0.006 0.020 
140 FPPI_WM1022    (4)   15 :  0.009 0.008 0.012 0.691 0.008 0.027 0.017 0.004 0.003 0.003 0.009 0.005 0.153 0.003 0.008 0.039 
141 FPPI_WM1023    (1)   15 :  0.016 0.007 0.005 0.830 0.005 0.028 0.015 0.003 0.002 0.002 0.021 0.005 0.014 0.003 0.016 0.026 
142 FPPI_WM1024    (5)   15 :  0.023 0.011 0.002 0.236 0.007 0.067 0.034 0.005 0.003 0.005 0.033 0.006 0.030 0.004 0.496 0.040 
143 FPPI_WM1025    (6)   15 :  0.013 0.015 0.003 0.789 0.009 0.043 0.029 0.004 0.001 0.002 0.017 0.004 0.012 0.003 0.008 0.048 
144 FPPI_WM1026    (1)   15 :  0.008 0.004 0.002 0.922 0.006 0.014 0.008 0.002 0.002 0.002 0.005 0.005 0.005 0.002 0.004 0.010 
145 FPPI_WM1027    (3)   15 :  0.007 0.004 0.002 0.699 0.003 0.009 0.005 0.003 0.002 0.003 0.004 0.004 0.006 0.003 0.241 0.007 
146 FPPI_WM1028    (2)   15 :  0.010 0.006 0.004 0.896 0.004 0.020 0.011 0.003 0.002 0.002 0.008 0.004 0.007 0.003 0.006 0.015 
147 FPPI_WM1029    (3)   15 :  0.023 0.008 0.007 0.579 0.007 0.130 0.031 0.006 0.002 0.002 0.040 0.005 0.023 0.003 0.010 0.124 
148 FPPI_WM1030    (1)   15 :  0.007 0.005 0.003 0.881 0.005 0.014 0.008 0.004 0.016 0.015 0.011 0.003 0.005 0.004 0.011 0.010 
149 CRWA_WM1082    (2)   16 :  0.006 0.004 0.001 0.003 0.936 0.006 0.005 0.002 0.002 0.002 0.008 0.003 0.006 0.002 0.004 0.007 
150 CRWA_WM1084    (5)   16 :  0.085 0.040 0.002 0.010 0.466 0.036 0.140 0.004 0.003 0.003 0.132 0.005 0.013 0.007 0.007 0.047 
151 CRWA_WM1085    (2)   16 :  0.049 0.012 0.002 0.009 0.567 0.083 0.033 0.003 0.003 0.003 0.134 0.009 0.020 0.009 0.008 0.056 
152 CRWA_WM1086    (9)   16 :  0.033 0.030 0.002 0.014 0.154 0.130 0.043 0.006 0.009 0.007 0.195 0.050 0.161 0.005 0.014 0.149 
153 CRWA_WM1087    (0)   16 :  0.020 0.011 0.002 0.007 0.503 0.086 0.022 0.020 0.076 0.066 0.078 0.008 0.025 0.017 0.008 0.053 
154 CRWA_WM1088    (1)   16 :  0.083 0.078 0.003 0.010 0.089 0.044 0.215 0.005 0.021 0.025 0.225 0.006 0.092 0.018 0.011 0.078 
155 CRWA_WM1089    (3)   16 :  0.019 0.029 0.002 0.007 0.652 0.118 0.026 0.005 0.003 0.002 0.027 0.005 0.025 0.004 0.014 0.063 
156 CRWA_WM1090    (0)   16 :  0.308 0.011 0.002 0.013 0.196 0.113 0.035 0.003 0.008 0.007 0.102 0.020 0.023 0.049 0.010 0.100 
157 CRWA_WM1092    (1)   16 :  0.018 0.021 0.002 0.007 0.534 0.064 0.017 0.004 0.075 0.078 0.089 0.008 0.014 0.008 0.008 0.052 
158 CRWA_WM1093    (1)   16 :  0.025 0.044 0.002 0.011 0.604 0.037 0.095 0.004 0.046 0.042 0.032 0.006 0.015 0.004 0.010 0.023 
159 PCRA_WM1141    (3)   17 :  0.226 0.010 0.002 0.010 0.053 0.053 0.026 0.006 0.004 0.003 0.027 0.014 0.013 0.515 0.007 0.032 
160 PCRA_WM1142    (3)   17 :  0.047 0.021 0.003 0.011 0.015 0.087 0.035 0.007 0.002 0.002 0.028 0.006 0.019 0.656 0.012 0.050 
161 PCRA_WM1143    (1)   17 :  0.092 0.016 0.002 0.010 0.011 0.136 0.058 0.005 0.002 0.002 0.043 0.007 0.024 0.449 0.012 0.130 
162 PCRA_WM1144    (2)   17 :  0.017 0.257 0.002 0.013 0.008 0.066 0.024 0.021 0.003 0.002 0.023 0.483 0.015 0.009 0.008 0.049 
163 PCRA_WM1145    (4)   17 :  0.087 0.022 0.002 0.017 0.022 0.144 0.080 0.024 0.008 0.007 0.083 0.011 0.022 0.334 0.010 0.126 
164 PCRA_WM1146    (2)   17 :  0.016 0.055 0.002 0.006 0.066 0.011 0.007 0.006 0.009 0.010 0.015 0.018 0.017 0.747 0.006 0.009 
165 PCRA_WM1147    (1)   17 :  0.274 0.012 0.002 0.009 0.071 0.144 0.031 0.004 0.002 0.003 0.201 0.005 0.015 0.127 0.010 0.090 
166 PCRA_WM1148    (0)   17 :  0.027 0.010 0.002 0.005 0.006 0.012 0.007 0.004 0.010 0.008 0.009 0.005 0.010 0.875 0.004 0.008 
167 PCRA_WM1149    (1)   17 :  0.011 0.034 0.002 0.006 0.008 0.012 0.016 0.075 0.014 0.013 0.012 0.029 0.012 0.742 0.007 0.007 
168 PCRA_WM1150    (0)   17 :  0.012 0.034 0.005 0.006 0.007 0.010 0.021 0.006 0.013 0.018 0.019 0.014 0.010 0.809 0.005 0.011 
169 DHFA_WM1202    (3)   18 :  0.016 0.013 0.689 0.029 0.012 0.086 0.023 0.004 0.003 0.003 0.020 0.006 0.028 0.004 0.013 0.052 
170 DHFA_WM1203    (1)   18 :  0.019 0.016 0.711 0.016 0.010 0.060 0.025 0.006 0.004 0.003 0.030 0.008 0.021 0.003 0.023 0.045 
171 DHFA_WM1204    (2)   18 :  0.019 0.012 0.756 0.013 0.015 0.046 0.022 0.006 0.004 0.002 0.019 0.007 0.022 0.004 0.013 0.042 
172 DHFA_WM1205    (5)   18 :  0.008 0.005 0.917 0.008 0.004 0.008 0.006 0.003 0.002 0.003 0.007 0.003 0.008 0.003 0.005 0.010 
173 DHFA_WM1206    (4)   18 :  0.009 0.005 0.898 0.007 0.005 0.012 0.009 0.004 0.002 0.002 0.012 0.004 0.009 0.003 0.005 0.013 
174 DHFA_WM1207    (2)   18 :  0.006 0.004 0.939 0.003 0.004 0.008 0.004 0.003 0.003 0.002 0.004 0.003 0.005 0.002 0.004 0.005 
175 DHFA_WM1208    (3)   18 :  0.009 0.005 0.911 0.006 0.005 0.012 0.009 0.004 0.003 0.003 0.004 0.003 0.007 0.002 0.007 0.010 
176 DHFA_WM1209    (1)   18 :  0.007 0.003 0.922 0.005 0.003 0.007 0.004 0.003 0.009 0.007 0.008 0.003 0.005 0.003 0.004 0.006 
177 DHFA_WM1210    (0)   18 :  0.004 0.002 0.953 0.003 0.002 0.003 0.003 0.002 0.005 0.006 0.003 0.002 0.003 0.002 0.003 0.004 
178 DHFA_WM1211    (2)   18 :  0.023 0.013 0.753 0.013 0.012 0.058 0.020 0.004 0.003 0.003 0.022 0.007 0.015 0.003 0.012 0.039 


Estimated Allele Frequencies in each cluster
First column gives estimated ancestral frequencies


Locus 1 : 953_21 
2 alleles
4.5% missing data
 120   (0.961) 1.000 0.999 0.997 0.808 0.999 1.000 1.000 0.998 0.962 0.961 0.983 0.998 0.999 0.996 0.998 1.000 
 100   (0.039) 0.000 0.001 0.003 0.192 0.001 0.000 0.000 0.002 0.038 0.039 0.017 0.002 0.001 0.004 0.002 0.000 

Locus 2 : 2370_26 
2 alleles
6.2% missing data
 110   (0.961) 0.999 0.999 0.997 0.999 0.999 1.000 1.000 0.998 0.962 0.961 0.981 0.998 0.999 0.996 0.615 1.000 
 130   (0.039) 0.001 0.001 0.003 0.001 0.001 0.000 0.000 0.002 0.038 0.039 0.019 0.002 0.001 0.004 0.385 0.000 

Locus 3 : 2692_87 
2 alleles
1.7% missing data
 130   (0.952) 0.999 0.999 0.765 0.999 0.998 1.000 1.000 0.997 0.953 0.952 0.975 0.998 0.999 0.995 0.998 1.000 
 120   (0.048) 0.001 0.001 0.235 0.001 0.002 0.000 0.000 0.003 0.047 0.048 0.025 0.002 0.001 0.005 0.002 0.000 

Locus 4 : 2828_58 
2 alleles
6.7% missing data
 100   (0.930) 0.998 0.984 0.995 0.997 0.996 1.000 0.993 0.995 0.929 0.930 0.957 0.994 0.998 0.823 0.997 0.999 
 120   (0.070) 0.002 0.016 0.005 0.003 0.004 0.000 0.007 0.005 0.071 0.070 0.043 0.006 0.002 0.177 0.003 0.001 

Locus 5 : 6398_73 
2 alleles
6.2% missing data
 130   (0.923) 0.999 0.998 0.650 0.584 0.997 1.000 1.000 0.995 0.925 0.923 0.961 0.996 0.998 0.991 0.998 1.000 
 100   (0.077) 0.001 0.002 0.350 0.416 0.003 0.000 0.000 0.005 0.075 0.077 0.039 0.004 0.002 0.009 0.002 0.000 

Locus 6 : 7469_71 
2 alleles
5.1% missing data
 130   (0.958) 0.999 0.998 0.997 0.997 0.997 1.000 0.999 0.996 0.959 0.958 0.978 0.997 0.998 0.993 0.997 0.989 
 110   (0.042) 0.001 0.002 0.003 0.003 0.003 0.000 0.001 0.004 0.041 0.042 0.022 0.003 0.002 0.007 0.003 0.011 

Locus 7 : 7615_47 
2 alleles
5.1% missing data
 130   (0.957) 0.999 0.997 0.996 0.997 0.997 0.998 0.999 0.996 0.957 0.957 0.975 0.997 0.997 0.993 0.997 0.997 
 100   (0.043) 0.001 0.003 0.004 0.003 0.003 0.002 0.001 0.004 0.043 0.043 0.025 0.003 0.003 0.007 0.003 0.003 

Locus 8 : 8211_10 
2 alleles
2.8% missing data
 120   (0.959) 0.999 0.999 0.936 0.999 0.999 1.000 1.000 0.997 0.960 0.959 0.980 0.998 0.999 0.995 0.999 1.000 
 100   (0.041) 0.001 0.001 0.064 0.001 0.001 0.000 0.000 0.003 0.040 0.041 0.020 0.002 0.001 0.005 0.001 0.000 

Locus 9 : 8394_14 
2 alleles
2.2% missing data
 110   (0.955) 0.999 0.999 0.997 0.752 0.998 1.000 1.000 0.997 0.956 0.955 0.976 0.998 0.999 0.995 0.987 1.000 
 130   (0.045) 0.001 0.001 0.003 0.248 0.002 0.000 0.000 0.003 0.044 0.045 0.024 0.002 0.001 0.005 0.013 0.000 

Locus 10 : 9621_63 
2 alleles
3.9% missing data
 130   (0.954) 0.999 0.999 0.939 0.998 0.998 1.000 1.000 0.997 0.955 0.954 0.977 0.998 0.999 0.995 0.999 1.000 
 110   (0.046) 0.001 0.001 0.061 0.002 0.002 0.000 0.000 0.003 0.045 0.046 0.023 0.002 0.001 0.005 0.001 0.000 

Locus 11 : 9880_35 
2 alleles
4.5% missing data
 120   (0.951) 0.999 0.999 0.705 0.999 0.998 1.000 1.000 0.996 0.954 0.951 0.975 0.997 0.999 0.995 0.998 1.000 
 100   (0.049) 0.001 0.001 0.295 0.001 0.002 0.000 0.000 0.004 0.046 0.049 0.025 0.003 0.001 0.005 0.002 0.000 

Locus 12 : 11163_16 
2 alleles
7.9% missing data
 130   (0.953) 0.999 0.999 0.913 0.999 0.998 1.000 1.000 0.997 0.954 0.953 0.976 0.998 0.999 0.995 0.998 1.000 
 110   (0.047) 0.001 0.001 0.087 0.001 0.002 0.000 0.000 0.003 0.046 0.047 0.024 0.002 0.001 0.005 0.002 0.000 

Locus 13 : 11991_31 
2 alleles
4.5% missing data
 120   (0.932) 0.992 0.991 0.995 0.997 0.991 1.000 0.999 0.995 0.925 0.932 0.952 0.973 0.998 0.988 0.997 0.999 
 100   (0.068) 0.008 0.009 0.005 0.003 0.009 0.000 0.001 0.005 0.075 0.068 0.048 0.027 0.002 0.012 0.003 0.001 

Locus 14 : 12766_17 
2 alleles
2.2% missing data
 120   (0.957) 0.999 0.998 0.997 0.999 0.998 1.000 1.000 0.995 0.958 0.957 0.979 0.997 0.999 0.933 0.999 1.000 
 100   (0.043) 0.001 0.002 0.003 0.001 0.002 0.000 0.000 0.005 0.042 0.043 0.021 0.003 0.001 0.067 0.001 0.000 

Locus 15 : 13496_14 
2 alleles
5.1% missing data
 110   (0.959) 0.999 0.999 0.997 0.999 0.998 1.000 1.000 0.689 0.959 0.959 0.980 0.998 0.999 0.995 0.999 1.000 
 100   (0.041) 0.001 0.001 0.003 0.001 0.002 0.000 0.000 0.311 0.041 0.041 0.020 0.002 0.001 0.005 0.001 0.000 

Locus 16 : 14394_41 
2 alleles
2.2% missing data
 130   (0.961) 0.999 0.999 0.997 0.999 0.999 1.000 1.000 0.997 0.961 0.961 0.982 0.998 0.999 0.929 0.999 1.000 
 110   (0.039) 0.001 0.001 0.003 0.001 0.001 0.000 0.000 0.003 0.039 0.039 0.018 0.002 0.001 0.071 0.001 0.000 

Locus 17 : 16285_24 
2 alleles
6.2% missing data
 130   (0.951) 0.999 0.999 0.875 0.999 0.998 1.000 1.000 0.997 0.953 0.951 0.977 0.997 0.999 0.995 0.998 1.000 
 100   (0.049) 0.001 0.001 0.125 0.001 0.002 0.000 0.000 0.003 0.047 0.049 0.023 0.003 0.001 0.005 0.002 0.000 

Locus 18 : 18821_69 
2 alleles
7.3% missing data
 120   (0.954) 0.999 0.999 0.997 0.998 0.998 1.000 1.000 0.997 0.956 0.954 0.975 0.997 0.729 0.995 0.998 1.000 
 110   (0.046) 0.001 0.001 0.003 0.002 0.002 0.000 0.000 0.003 0.044 0.046 0.025 0.003 0.271 0.005 0.002 0.000 

Locus 19 : 19006_32 
2 alleles
6.7% missing data
 120   (0.915) 0.999 0.998 0.662 0.643 0.997 1.000 0.999 0.994 0.917 0.915 0.959 0.996 0.998 0.990 0.969 1.000 
 110   (0.085) 0.001 0.002 0.338 0.357 0.003 0.000 0.001 0.006 0.083 0.085 0.041 0.004 0.002 0.010 0.031 0.000 

Locus 20 : 19602_58 
2 alleles
4.5% missing data
 120   (0.959) 0.999 0.999 0.974 0.999 0.999 1.000 1.000 0.997 0.961 0.959 0.980 0.998 0.999 0.995 0.999 1.000 
 100   (0.041) 0.001 0.001 0.026 0.001 0.001 0.000 0.000 0.003 0.039 0.041 0.020 0.002 0.001 0.005 0.001 0.000 

Locus 21 : 20143_24 
2 alleles
3.4% missing data
 120   (0.961) 0.999 0.999 0.997 0.999 0.998 1.000 1.000 0.966 0.962 0.961 0.981 0.998 0.999 0.995 0.999 1.000 
 100   (0.039) 0.001 0.001 0.003 0.001 0.002 0.000 0.000 0.034 0.038 0.039 0.019 0.002 0.001 0.005 0.001 0.000 

Locus 22 : 21661_29 
2 alleles
2.2% missing data
 120   (0.955) 0.999 0.999 0.892 0.999 0.998 1.000 1.000 0.997 0.957 0.955 0.979 0.998 0.999 0.995 0.999 1.000 
 100   (0.045) 0.001 0.001 0.108 0.001 0.002 0.000 0.000 0.003 0.043 0.045 0.021 0.002 0.001 0.005 0.001 0.000 

Locus 23 : 22603_12 
2 alleles
5.1% missing data
 130   (0.959) 0.999 0.999 0.945 0.999 0.998 1.000 1.000 0.997 0.961 0.959 0.981 0.998 0.999 0.996 0.999 1.000 
 110   (0.041) 0.001 0.001 0.055 0.001 0.002 0.000 0.000 0.003 0.039 0.041 0.019 0.002 0.001 0.004 0.001 0.000 

Locus 24 : 25109_23 
2 alleles
1.7% missing data
 120   (0.930) 0.992 0.996 0.995 0.997 0.831 1.000 0.999 0.994 0.931 0.930 0.965 0.995 0.998 0.945 0.997 0.999 
 100   (0.070) 0.008 0.004 0.005 0.003 0.169 0.000 0.001 0.006 0.069 0.070 0.035 0.005 0.002 0.055 0.003 0.001 

Locus 25 : 25511_77 
2 alleles
5.1% missing data
 130   (0.959) 0.999 0.999 0.997 0.999 0.998 1.000 1.000 0.997 0.960 0.959 0.980 0.998 0.999 0.995 0.874 1.000 
 110   (0.041) 0.001 0.001 0.003 0.001 0.002 0.000 0.000 0.003 0.040 0.041 0.020 0.002 0.001 0.005 0.126 0.000 

Locus 26 : 26816_9 
2 alleles
5.6% missing data
 110   (0.868) 0.979 0.960 0.990 0.996 0.683 1.000 0.999 0.983 0.857 0.868 0.909 0.800 0.995 0.982 0.995 0.999 
 130   (0.132) 0.021 0.040 0.010 0.004 0.317 0.000 0.001 0.017 0.143 0.132 0.091 0.200 0.005 0.018 0.005 0.001 

Locus 27 : 29455_86 
2 alleles
5.6% missing data
 120   (0.961) 0.996 0.999 0.997 0.999 0.999 1.000 1.000 0.997 0.960 0.961 0.980 0.998 0.999 0.990 0.999 1.000 
 110   (0.039) 0.004 0.001 0.003 0.001 0.001 0.000 0.000 0.003 0.040 0.039 0.020 0.002 0.001 0.010 0.001 0.000 

Locus 28 : 30970_30 
2 alleles
6.7% missing data
 120   (0.957) 0.999 0.999 0.997 0.999 0.998 1.000 1.000 0.961 0.958 0.957 0.978 0.997 0.999 0.993 0.999 1.000 
 110   (0.043) 0.001 0.001 0.003 0.001 0.002 0.000 0.000 0.039 0.042 0.043 0.022 0.003 0.001 0.007 0.001 0.000 

Locus 29 : 33052_5 
2 alleles
1.1% missing data
 130   (0.958) 0.999 0.999 0.997 0.998 0.994 1.000 1.000 0.997 0.958 0.958 0.979 0.998 0.973 0.994 0.998 1.000 
 110   (0.042) 0.001 0.001 0.003 0.002 0.006 0.000 0.000 0.003 0.042 0.042 0.021 0.002 0.027 0.006 0.002 0.000 

Locus 30 : 33744_32 
2 alleles
2.8% missing data
 130   (0.957) 0.999 0.999 0.997 0.999 0.999 1.000 1.000 0.997 0.958 0.957 0.978 0.998 0.888 0.995 0.999 1.000 
 110   (0.043) 0.001 0.001 0.003 0.001 0.001 0.000 0.000 0.003 0.042 0.043 0.022 0.002 0.112 0.005 0.001 0.000 

Locus 31 : 34805_8 
2 alleles
4.5% missing data
 110   (0.938) 0.996 0.998 0.996 0.998 0.998 1.000 1.000 0.996 0.939 0.938 0.967 0.997 0.999 0.748 0.998 1.000 
 120   (0.062) 0.004 0.002 0.004 0.002 0.002 0.000 0.000 0.004 0.061 0.062 0.033 0.003 0.001 0.252 0.002 0.000 

Locus 32 : 35345_10 
2 alleles
5.1% missing data
 130   (0.953) 0.999 0.998 0.996 0.998 0.997 0.999 0.999 0.997 0.954 0.953 0.970 0.997 0.943 0.993 0.998 0.997 
 110   (0.047) 0.001 0.002 0.004 0.002 0.003 0.001 0.001 0.003 0.046 0.047 0.030 0.003 0.057 0.007 0.002 0.003 

Locus 33 : 35769_30 
2 alleles
6.2% missing data
 110   (0.942) 0.999 0.997 0.996 0.998 0.996 1.000 1.000 0.962 0.943 0.942 0.971 0.997 0.999 0.927 0.998 1.000 
 100   (0.058) 0.001 0.003 0.004 0.002 0.004 0.000 0.000 0.038 0.057 0.058 0.029 0.003 0.001 0.073 0.002 0.000 

Locus 34 : 35965_89 
2 alleles
3.4% missing data
 130   (0.960) 0.999 0.998 0.997 0.998 0.982 1.000 0.999 0.997 0.960 0.960 0.979 0.998 0.999 0.995 0.998 1.000 
 100   (0.040) 0.001 0.002 0.003 0.002 0.018 0.000 0.001 0.003 0.040 0.040 0.021 0.002 0.001 0.005 0.002 0.000 

Locus 35 : 39654_13 
2 alleles
5.6% missing data
 120   (0.958) 0.999 0.999 0.997 0.999 0.998 1.000 1.000 0.997 0.956 0.957 0.974 0.987 0.999 0.995 0.999 1.000 
 100   (0.042) 0.001 0.001 0.003 0.001 0.002 0.000 0.000 0.003 0.044 0.043 0.026 0.013 0.001 0.005 0.001 0.000 

Locus 36 : 39700_65 
2 alleles
3.4% missing data
 110   (0.957) 0.998 0.998 0.997 0.999 0.998 1.000 1.000 0.997 0.957 0.957 0.976 0.997 0.999 0.994 0.998 1.000 
 120   (0.043) 0.002 0.002 0.003 0.001 0.002 0.000 0.000 0.003 0.043 0.043 0.024 0.003 0.001 0.006 0.002 0.000 

Locus 37 : 40824_7 
2 alleles
5.1% missing data
 130   (0.956) 0.999 0.999 0.997 0.999 0.998 1.000 1.000 0.997 0.958 0.956 0.978 0.925 0.999 0.995 0.998 1.000 
 110   (0.044) 0.001 0.001 0.003 0.001 0.002 0.000 0.000 0.003 0.042 0.044 0.022 0.075 0.001 0.005 0.002 0.000 

Locus 38 : 41554_43 
2 alleles
7.3% missing data
 120   (0.959) 0.999 0.999 0.997 0.998 0.998 1.000 1.000 0.959 0.959 0.959 0.980 0.997 0.999 0.994 0.998 1.000 
 100   (0.041) 0.001 0.001 0.003 0.002 0.002 0.000 0.000 0.041 0.041 0.041 0.020 0.003 0.001 0.006 0.002 0.000 

Locus 39 : 42501_5 
2 alleles
5.6% missing data
 120   (0.960) 1.000 0.999 0.918 0.999 0.999 1.000 1.000 0.997 0.961 0.960 0.982 0.998 0.999 0.996 0.999 1.000 
 110   (0.040) 0.000 0.001 0.082 0.001 0.001 0.000 0.000 0.003 0.039 0.040 0.018 0.002 0.001 0.004 0.001 0.000 

Locus 40 : 42989_15 
2 alleles
3.4% missing data
 130   (0.959) 0.999 0.999 0.997 0.998 0.998 1.000 1.000 0.997 0.960 0.959 0.978 0.923 0.999 0.995 0.998 1.000 
 110   (0.041) 0.001 0.001 0.003 0.002 0.002 0.000 0.000 0.003 0.040 0.041 0.022 0.077 0.001 0.005 0.002 0.000 

Locus 41 : 44631_16 
2 alleles
5.6% missing data
 120   (0.956) 0.999 0.999 0.997 0.999 0.998 1.000 1.000 0.848 0.957 0.956 0.978 0.998 0.999 0.995 0.999 1.000 
 110   (0.044) 0.001 0.001 0.003 0.001 0.002 0.000 0.000 0.152 0.043 0.044 0.022 0.002 0.001 0.005 0.001 0.000 

Locus 42 : 45332_74 
2 alleles
3.4% missing data
 130   (0.897) 0.968 0.616 0.992 0.996 0.996 1.000 0.998 0.993 0.899 0.897 0.946 0.789 0.985 0.840 0.996 1.000 
 110   (0.103) 0.032 0.384 0.008 0.004 0.004 0.000 0.002 0.007 0.101 0.103 0.054 0.211 0.015 0.160 0.004 0.000 

Locus 43 : 45964_12 
2 alleles
2.2% missing data
 100   (0.960) 0.999 0.999 0.996 0.999 0.999 1.000 1.000 0.997 0.961 0.960 0.979 0.998 0.999 0.995 0.959 1.000 
 130   (0.040) 0.001 0.001 0.004 0.001 0.001 0.000 0.000 0.003 0.039 0.040 0.021 0.002 0.001 0.005 0.041 0.000 

Locus 44 : 47772_18 
2 alleles
1.7% missing data
 120   (0.952) 0.999 0.999 0.813 0.999 0.998 1.000 1.000 0.997 0.953 0.952 0.977 0.998 0.999 0.995 0.999 1.000 
 100   (0.048) 0.001 0.001 0.187 0.001 0.002 0.000 0.000 0.003 0.047 0.048 0.023 0.002 0.001 0.005 0.001 0.000 

Locus 45 : 48505_7 
2 alleles
2.8% missing data
 130   (0.959) 0.999 0.986 0.997 0.999 0.998 1.000 0.999 0.997 0.959 0.958 0.977 0.998 0.999 0.995 0.999 1.000 
 110   (0.041) 0.001 0.014 0.003 0.001 0.002 0.000 0.001 0.003 0.041 0.042 0.023 0.002 0.001 0.005 0.001 0.000 

Locus 46 : 49838_13 
2 alleles
5.1% missing data
 120   (0.959) 0.999 0.869 0.997 0.999 0.998 1.000 1.000 0.997 0.961 0.959 0.979 0.998 0.999 0.995 0.999 1.000 
 100   (0.041) 0.001 0.131 0.003 0.001 0.002 0.000 0.000 0.003 0.039 0.041 0.021 0.002 0.001 0.005 0.001 0.000 

Locus 47 : 50793_47 
2 alleles
6.2% missing data
 120   (0.948) 0.998 0.997 0.996 0.998 0.998 1.000 1.000 0.988 0.949 0.948 0.973 0.863 0.999 0.994 0.998 1.000 
 100   (0.052) 0.002 0.003 0.004 0.002 0.002 0.000 0.000 0.012 0.051 0.052 0.027 0.137 0.001 0.006 0.002 0.000 

Locus 48 : 51471_5 
2 alleles
2.2% missing data
 110   (0.958) 0.999 0.999 0.997 0.888 0.999 1.000 1.000 0.997 0.960 0.958 0.979 0.998 0.999 0.995 0.999 1.000 
 120   (0.042) 0.001 0.001 0.003 0.112 0.001 0.000 0.000 0.003 0.040 0.042 0.021 0.002 0.001 0.005 0.001 0.000 

Locus 49 : 52408_45 
2 alleles
2.2% missing data
 130   (0.957) 0.999 0.999 0.997 0.999 0.999 1.000 1.000 0.814 0.959 0.957 0.979 0.998 0.999 0.995 0.999 1.000 
 110   (0.043) 0.001 0.001 0.003 0.001 0.001 0.000 0.000 0.186 0.041 0.043 0.021 0.002 0.001 0.005 0.001 0.000 

Locus 50 : 53046_18 
2 alleles
0.6% missing data
 120   (0.945) 0.999 0.998 0.996 0.998 0.998 1.000 1.000 0.996 0.945 0.945 0.972 0.924 0.995 0.994 0.998 1.000 
 100   (0.055) 0.001 0.002 0.004 0.002 0.002 0.000 0.000 0.004 0.055 0.055 0.028 0.076 0.005 0.006 0.002 0.000 

Locus 51 : 53230_50 
2 alleles
4.5% missing data
 120   (0.958) 0.999 0.999 0.997 0.999 0.999 1.000 1.000 0.997 0.959 0.958 0.979 0.998 0.999 0.995 0.833 1.000 
 110   (0.042) 0.001 0.001 0.003 0.001 0.001 0.000 0.000 0.003 0.041 0.042 0.021 0.002 0.001 0.005 0.167 0.000 

Locus 52 : 53957_5 
2 alleles
3.9% missing data
 130   (0.956) 0.999 0.999 0.997 0.999 0.998 1.000 1.000 0.997 0.955 0.956 0.977 0.991 0.999 0.994 0.999 1.000 
 110   (0.044) 0.001 0.001 0.003 0.001 0.002 0.000 0.000 0.003 0.045 0.044 0.023 0.009 0.001 0.006 0.001 0.000 

Locus 53 : 58003_89 
2 alleles
3.9% missing data
 120   (0.946) 0.991 0.998 0.996 0.997 0.977 0.999 0.999 0.996 0.945 0.946 0.960 0.993 0.995 0.990 0.997 0.997 
 100   (0.054) 0.009 0.002 0.004 0.003 0.023 0.001 0.001 0.004 0.055 0.054 0.040 0.007 0.005 0.010 0.003 0.003 

Locus 54 : 58412_58 
2 alleles
2.2% missing data
 110   (0.958) 0.999 0.999 0.975 0.999 0.999 1.000 1.000 0.997 0.960 0.958 0.980 0.998 0.999 0.995 0.998 1.000 
 100   (0.042) 0.001 0.001 0.025 0.001 0.001 0.000 0.000 0.003 0.040 0.042 0.020 0.002 0.001 0.005 0.002 0.000 

Locus 55 : 58452_11 
2 alleles
3.4% missing data
 120   (0.961) 0.999 0.999 0.997 0.999 0.989 1.000 1.000 0.997 0.961 0.961 0.979 0.998 0.999 0.995 0.999 1.000 
 130   (0.039) 0.001 0.001 0.003 0.001 0.011 0.000 0.000 0.003 0.039 0.039 0.021 0.002 0.001 0.005 0.001 0.000 

Locus 56 : 59409_85 
2 alleles
2.8% missing data
 130   (0.959) 0.998 0.999 0.997 0.999 0.998 1.000 1.000 0.997 0.959 0.959 0.979 0.998 0.999 0.995 0.999 1.000 
 100   (0.041) 0.002 0.001 0.003 0.001 0.002 0.000 0.000 0.003 0.041 0.041 0.021 0.002 0.001 0.005 0.001 0.000 

Locus 57 : 60620_10 
2 alleles
1.1% missing data
 120   (0.961) 1.000 0.999 0.892 0.999 0.999 1.000 1.000 0.997 0.962 0.961 0.982 0.998 0.999 0.996 0.999 1.000 
 130   (0.039) 0.000 0.001 0.108 0.001 0.001 0.000 0.000 0.003 0.038 0.039 0.018 0.002 0.001 0.004 0.001 0.000 

Locus 58 : 61541_77 
2 alleles
3.4% missing data
 120   (0.954) 0.999 0.999 0.840 0.999 0.998 1.000 1.000 0.997 0.955 0.954 0.978 0.998 0.999 0.995 0.999 1.000 
 100   (0.046) 0.001 0.001 0.160 0.001 0.002 0.000 0.000 0.003 0.045 0.046 0.022 0.002 0.001 0.005 0.001 0.000 

Locus 59 : 61756_42 
2 alleles
1.1% missing data
 130   (0.955) 0.999 0.999 0.822 0.999 0.998 1.000 1.000 0.997 0.956 0.955 0.978 0.998 0.999 0.995 0.999 1.000 
 110   (0.045) 0.001 0.001 0.178 0.001 0.002 0.000 0.000 0.003 0.044 0.045 0.022 0.002 0.001 0.005 0.001 0.000 

Locus 60 : 62497_19 
2 alleles
6.2% missing data
 130   (0.909) 0.985 0.988 0.993 0.995 0.963 0.999 0.987 0.869 0.910 0.909 0.949 0.994 0.997 0.940 0.996 0.999 
 110   (0.091) 0.015 0.012 0.007 0.005 0.037 0.001 0.013 0.131 0.090 0.091 0.051 0.006 0.003 0.060 0.004 0.001 

Locus 61 : 63024_50 
2 alleles
2.8% missing data
 120   (0.948) 0.999 0.998 0.996 0.998 0.961 1.000 1.000 0.996 0.947 0.948 0.972 0.997 0.999 0.993 0.998 1.000 
 100   (0.052) 0.001 0.002 0.004 0.002 0.039 0.000 0.000 0.004 0.053 0.052 0.028 0.003 0.001 0.007 0.002 0.000 

Locus 62 : 64492_50 
2 alleles
7.3% missing data
 120   (0.919) 0.998 0.997 0.994 0.997 0.955 1.000 0.999 0.890 0.920 0.919 0.962 0.926 0.998 0.988 0.997 1.000 
 100   (0.081) 0.002 0.003 0.006 0.003 0.045 0.000 0.001 0.110 0.080 0.081 0.038 0.074 0.002 0.012 0.003 0.000 

Locus 63 : 67984_34 
2 alleles
2.2% missing data
 120   (0.954) 0.999 0.999 0.866 0.999 0.998 1.000 1.000 0.997 0.955 0.954 0.979 0.998 0.999 0.995 0.999 1.000 
 100   (0.046) 0.001 0.001 0.134 0.001 0.002 0.000 0.000 0.003 0.045 0.046 0.021 0.002 0.001 0.005 0.001 0.000 

Locus 64 : 69199_10 
2 alleles
4.5% missing data
 120   (0.944) 0.999 0.998 0.996 0.998 0.358 1.000 1.000 0.996 0.944 0.944 0.963 0.997 0.998 0.993 0.998 1.000 
 100   (0.056) 0.001 0.002 0.004 0.002 0.642 0.000 0.000 0.004 0.056 0.056 0.037 0.003 0.002 0.007 0.002 0.000 

Locus 65 : 71368_77 
2 alleles
6.7% missing data
 100   (0.954) 0.999 0.999 0.997 0.551 0.998 1.000 1.000 0.997 0.955 0.954 0.978 0.998 0.999 0.995 0.998 1.000 
 110   (0.046) 0.001 0.001 0.003 0.449 0.002 0.000 0.000 0.003 0.045 0.046 0.022 0.002 0.001 0.005 0.002 0.000 

Locus 66 : 72276_35 
2 alleles
5.1% missing data
 130   (0.954) 0.999 0.998 0.997 0.999 0.998 1.000 1.000 0.997 0.955 0.954 0.974 0.895 0.999 0.995 0.998 1.000 
 120   (0.046) 0.001 0.002 0.003 0.001 0.002 0.000 0.000 0.003 0.045 0.046 0.026 0.105 0.001 0.005 0.002 0.000 

Locus 67 : 73554_16 
2 alleles
3.9% missing data
 100   (0.956) 0.999 0.999 0.997 0.999 0.998 1.000 1.000 0.997 0.957 0.956 0.980 0.998 0.999 0.843 0.999 1.000 
 130   (0.044) 0.001 0.001 0.003 0.001 0.002 0.000 0.000 0.003 0.043 0.044 0.020 0.002 0.001 0.157 0.001 0.000 

Locus 68 : 74575_32 
2 alleles
1.7% missing data
 120   (0.955) 0.999 0.999 0.997 0.999 0.998 1.000 1.000 0.997 0.954 0.955 0.974 0.989 0.999 0.995 0.999 1.000 
 100   (0.045) 0.001 0.001 0.003 0.001 0.002 0.000 0.000 0.003 0.046 0.045 0.026 0.011 0.001 0.005 0.001 0.000 

Locus 69 : 76504_10 
2 alleles
1.1% missing data
 110   (0.952) 0.999 0.999 0.996 0.999 0.998 1.000 1.000 0.997 0.953 0.952 0.977 0.998 0.807 0.995 0.999 1.000 
 100   (0.048) 0.001 0.001 0.004 0.001 0.002 0.000 0.000 0.003 0.047 0.048 0.023 0.002 0.193 0.005 0.001 0.000 

Locus 70 : 76561_35 
2 alleles
5.6% missing data
 120   (0.952) 0.999 0.999 0.996 0.999 0.998 1.000 1.000 0.552 0.954 0.952 0.977 0.998 0.999 0.994 0.998 1.000 
 100   (0.048) 0.001 0.001 0.004 0.001 0.002 0.000 0.000 0.448 0.046 0.048 0.023 0.002 0.001 0.006 0.002 0.000 

Locus 71 : 77346_16 
2 alleles
2.2% missing data
 130   (0.960) 0.999 0.999 0.997 0.999 0.998 1.000 1.000 0.998 0.961 0.960 0.980 0.998 0.922 0.996 0.999 1.000 
 110   (0.040) 0.001 0.001 0.003 0.001 0.002 0.000 0.000 0.002 0.039 0.040 0.020 0.002 0.078 0.004 0.001 0.000 

Locus 72 : 78631_40 
2 alleles
7.9% missing data
 120   (0.949) 0.999 0.998 0.996 0.998 0.997 1.000 1.000 0.995 0.951 0.949 0.972 0.810 0.999 0.994 0.998 1.000 
 110   (0.051) 0.001 0.002 0.004 0.002 0.003 0.000 0.000 0.005 0.049 0.051 0.028 0.190 0.001 0.006 0.002 0.000 

Locus 73 : 80366_12 
2 alleles
6.7% missing data
 130   (0.957) 0.998 0.998 0.997 0.999 0.998 1.000 1.000 0.997 0.957 0.957 0.977 0.997 0.999 0.994 0.998 1.000 
 110   (0.043) 0.002 0.002 0.003 0.001 0.002 0.000 0.000 0.003 0.043 0.043 0.023 0.003 0.001 0.006 0.002 0.000 

Locus 74 : 80499_10 
2 alleles
6.2% missing data
 130   (0.960) 0.999 0.999 0.997 0.998 0.999 1.000 1.000 0.997 0.961 0.960 0.979 0.998 0.999 0.996 0.811 1.000 
 100   (0.040) 0.001 0.001 0.003 0.002 0.001 0.000 0.000 0.003 0.039 0.040 0.021 0.002 0.001 0.004 0.189 0.000 

Locus 75 : 81141_31 
2 alleles
2.8% missing data
 120   (0.960) 0.999 0.987 0.997 0.999 0.998 1.000 0.999 0.997 0.960 0.960 0.978 0.998 0.999 0.995 0.998 1.000 
 100   (0.040) 0.001 0.013 0.003 0.001 0.002 0.000 0.001 0.003 0.040 0.040 0.022 0.002 0.001 0.005 0.002 0.000 

Locus 76 : 81662_33 
2 alleles
3.4% missing data
 120   (0.959) 0.996 0.999 0.997 0.999 0.998 1.000 1.000 0.997 0.956 0.959 0.980 0.998 0.999 0.995 0.999 1.000 
 110   (0.041) 0.004 0.001 0.003 0.001 0.002 0.000 0.000 0.003 0.044 0.041 0.020 0.002 0.001 0.005 0.001 0.000 

Locus 77 : 82002_8 
2 alleles
6.7% missing data
 100   (0.950) 0.999 0.999 0.676 0.999 0.998 1.000 1.000 0.997 0.952 0.950 0.975 0.998 0.999 0.995 0.998 1.000 
 110   (0.050) 0.001 0.001 0.324 0.001 0.002 0.000 0.000 0.003 0.048 0.050 0.025 0.002 0.001 0.005 0.002 0.000 

Locus 78 : 82631_34 
2 alleles
7.9% missing data
 120   (0.957) 0.999 0.994 0.997 0.999 0.998 1.000 1.000 0.996 0.955 0.957 0.975 0.994 0.999 0.994 0.999 1.000 
 100   (0.043) 0.001 0.006 0.003 0.001 0.002 0.000 0.000 0.004 0.045 0.043 0.025 0.006 0.001 0.006 0.001 0.000 

Locus 79 : 83247_84 
2 alleles
3.4% missing data
 110   (0.939) 0.999 0.998 0.996 0.998 0.998 1.000 1.000 0.996 0.940 0.939 0.967 0.775 0.999 0.993 0.998 1.000 
 100   (0.061) 0.001 0.002 0.004 0.002 0.002 0.000 0.000 0.004 0.060 0.061 0.033 0.225 0.001 0.007 0.002 0.000 

Locus 80 : 83916_5 
2 alleles
3.9% missing data
 130   (0.958) 0.999 0.998 0.997 0.999 0.998 1.000 0.837 0.997 0.959 0.958 0.980 0.998 0.999 0.995 0.999 1.000 
 110   (0.042) 0.001 0.002 0.003 0.001 0.002 0.000 0.163 0.003 0.041 0.042 0.020 0.002 0.001 0.005 0.001 0.000 

Locus 81 : 84971_7 
2 alleles
2.2% missing data
 120   (0.942) 0.997 0.995 0.996 0.997 0.986 0.999 0.998 0.996 0.941 0.941 0.944 0.995 0.960 0.990 0.997 0.996 
 110   (0.058) 0.003 0.005 0.004 0.003 0.014 0.001 0.002 0.004 0.059 0.059 0.056 0.005 0.040 0.010 0.003 0.004 

Locus 82 : 85247_77 
2 alleles
7.9% missing data
 120   (0.961) 0.998 0.994 0.997 0.998 0.997 1.000 0.993 0.996 0.961 0.961 0.979 0.997 0.998 0.994 0.997 0.999 
 110   (0.039) 0.002 0.006 0.003 0.002 0.003 0.000 0.007 0.004 0.039 0.039 0.021 0.003 0.002 0.006 0.003 0.001 

Locus 83 : 85248_24 
2 alleles
5.1% missing data
 100   (0.955) 0.999 0.999 0.859 0.999 0.998 1.000 1.000 0.997 0.956 0.955 0.979 0.998 0.999 0.995 0.999 1.000 
 120   (0.045) 0.001 0.001 0.141 0.001 0.002 0.000 0.000 0.003 0.044 0.045 0.021 0.002 0.001 0.005 0.001 0.000 

Locus 84 : 85402_12 
2 alleles
3.4% missing data
 120   (0.960) 0.998 0.999 0.997 0.999 0.999 1.000 1.000 0.997 0.959 0.960 0.977 0.998 0.999 0.995 0.999 1.000 
 100   (0.040) 0.002 0.001 0.003 0.001 0.001 0.000 0.000 0.003 0.041 0.040 0.023 0.002 0.001 0.005 0.001 0.000 

Locus 85 : 86588_18 
2 alleles
3.9% missing data
 120   (0.956) 0.999 0.999 0.997 0.999 0.986 1.000 1.000 0.997 0.956 0.956 0.975 0.998 0.999 0.994 0.998 1.000 
 100   (0.044) 0.001 0.001 0.003 0.001 0.014 0.000 0.000 0.003 0.044 0.044 0.025 0.002 0.001 0.006 0.002 0.000 

Locus 86 : 87070_60 
2 alleles
2.2% missing data
 100   (0.960) 0.999 0.999 0.997 0.999 0.998 1.000 1.000 0.997 0.960 0.960 0.981 0.998 0.999 0.857 0.999 1.000 
 130   (0.040) 0.001 0.001 0.003 0.001 0.002 0.000 0.000 0.003 0.040 0.040 0.019 0.002 0.001 0.143 0.001 0.000 

Locus 87 : 87747_31 
2 alleles
6.2% missing data
 120   (0.959) 0.999 0.999 0.915 0.999 0.998 1.000 1.000 0.997 0.960 0.959 0.980 0.997 0.999 0.995 0.999 1.000 
 110   (0.041) 0.001 0.001 0.085 0.001 0.002 0.000 0.000 0.003 0.040 0.041 0.020 0.003 0.001 0.005 0.001 0.000 

Locus 88 : 88455_10 
2 alleles
5.1% missing data
 130   (0.960) 0.999 0.999 0.997 0.999 0.998 1.000 1.000 0.787 0.961 0.960 0.979 0.997 0.999 0.995 0.999 1.000 
 100   (0.040) 0.001 0.001 0.003 0.001 0.002 0.000 0.000 0.213 0.039 0.040 0.021 0.003 0.001 0.005 0.001 0.000 

Locus 89 : 89005_12 
2 alleles
1.1% missing data
 120   (0.954) 0.999 0.999 0.893 0.999 0.998 1.000 1.000 0.997 0.955 0.954 0.977 0.998 0.999 0.995 0.999 1.000 
 130   (0.046) 0.001 0.001 0.107 0.001 0.002 0.000 0.000 0.003 0.045 0.046 0.023 0.002 0.001 0.005 0.001 0.000 

Locus 90 : 89213_8 
2 alleles
3.4% missing data
 130   (0.965) 1.000 0.999 0.972 0.999 0.999 1.000 1.000 0.998 0.966 0.965 0.984 0.998 0.999 0.996 0.999 1.000 
 110   (0.035) 0.000 0.001 0.028 0.001 0.001 0.000 0.000 0.002 0.034 0.035 0.016 0.002 0.001 0.004 0.001 0.000 

Locus 91 : 93475_13 
2 alleles
2.2% missing data
 130   (0.952) 0.999 0.999 0.866 0.999 0.998 1.000 1.000 0.997 0.953 0.952 0.977 0.998 0.999 0.995 0.999 1.000 
 110   (0.048) 0.001 0.001 0.134 0.001 0.002 0.000 0.000 0.003 0.047 0.048 0.023 0.002 0.001 0.005 0.001 0.000 

Locus 92 : 95749_27 
2 alleles
3.9% missing data
 120   (0.957) 0.999 0.999 0.971 0.999 0.999 1.000 1.000 0.997 0.958 0.957 0.979 0.998 0.999 0.995 0.999 1.000 
 100   (0.043) 0.001 0.001 0.029 0.001 0.001 0.000 0.000 0.003 0.042 0.043 0.021 0.002 0.001 0.005 0.001 0.000 

Locus 93 : 98167_26 
2 alleles
3.4% missing data
 120   (0.942) 0.978 0.998 0.996 0.997 0.990 0.999 0.999 0.993 0.943 0.942 0.968 0.996 0.989 0.896 0.997 0.999 
 110   (0.058) 0.022 0.002 0.004 0.003 0.010 0.001 0.001 0.007 0.057 0.058 0.032 0.004 0.011 0.104 0.003 0.001 

Locus 94 : 98988_58 
2 alleles
2.2% missing data
 130   (0.959) 0.999 0.999 0.975 0.999 0.998 1.000 1.000 0.997 0.960 0.959 0.980 0.998 0.999 0.995 0.998 1.000 
 110   (0.041) 0.001 0.001 0.025 0.001 0.002 0.000 0.000 0.003 0.040 0.041 0.020 0.002 0.001 0.005 0.002 0.000 

Locus 95 : 103824_15 
2 alleles
3.4% missing data
 130   (0.952) 0.999 0.999 0.811 0.998 0.998 1.000 1.000 0.997 0.953 0.952 0.975 0.998 0.999 0.995 0.999 1.000 
 110   (0.048) 0.001 0.001 0.189 0.002 0.002 0.000 0.000 0.003 0.047 0.048 0.025 0.002 0.001 0.005 0.001 0.000 

Locus 96 : 108043_8 
2 alleles
4.5% missing data
 130   (0.960) 0.999 0.999 0.997 0.998 0.999 1.000 1.000 0.997 0.961 0.960 0.980 0.998 0.916 0.995 0.999 1.000 
 110   (0.040) 0.001 0.001 0.003 0.002 0.001 0.000 0.000 0.003 0.039 0.040 0.020 0.002 0.084 0.005 0.001 0.000 

Locus 97 : 108049_79 
2 alleles
2.8% missing data
 120   (0.959) 0.996 0.999 0.997 0.999 0.999 1.000 1.000 0.997 0.957 0.959 0.979 0.998 0.999 0.995 0.999 1.000 
 100   (0.041) 0.004 0.001 0.003 0.001 0.001 0.000 0.000 0.003 0.043 0.041 0.021 0.002 0.001 0.005 0.001 0.000 

Locus 98 : 108366_5 
2 alleles
2.8% missing data
 130   (0.954) 0.999 0.999 0.919 0.999 0.998 1.000 1.000 0.997 0.956 0.954 0.978 0.998 0.999 0.995 0.999 1.000 
 100   (0.046) 0.001 0.001 0.081 0.001 0.002 0.000 0.000 0.003 0.044 0.046 0.022 0.002 0.001 0.005 0.001 0.000 

Locus 99 : 108403_10 
2 alleles
6.2% missing data
 130   (0.957) 0.999 0.999 0.996 0.999 0.999 1.000 1.000 0.997 0.957 0.957 0.978 0.997 0.994 0.995 0.999 1.000 
 110   (0.043) 0.001 0.001 0.004 0.001 0.001 0.000 0.000 0.003 0.043 0.043 0.022 0.003 0.006 0.005 0.001 0.000 

Locus 100 : 109283_38 
2 alleles
3.9% missing data
 120   (0.874) 0.902 0.520 0.991 0.995 0.958 0.999 0.516 0.992 0.871 0.874 0.893 0.982 0.996 0.983 0.996 0.977 
 100   (0.126) 0.098 0.480 0.009 0.005 0.042 0.001 0.484 0.008 0.129 0.126 0.107 0.018 0.004 0.017 0.004 0.023 

Locus 101 : 109527_54 
2 alleles
7.3% missing data
 110   (0.945) 0.996 0.998 0.996 0.998 0.998 1.000 1.000 0.997 0.945 0.945 0.971 0.814 0.999 0.992 0.998 1.000 
 130   (0.055) 0.004 0.002 0.004 0.002 0.002 0.000 0.000 0.003 0.055 0.055 0.029 0.186 0.001 0.008 0.002 0.000 

Locus 102 : 109804_31 
2 alleles
2.2% missing data
 130   (0.956) 0.999 0.999 0.946 0.999 0.998 1.000 1.000 0.997 0.958 0.956 0.981 0.998 0.999 0.995 0.999 1.000 
 100   (0.044) 0.001 0.001 0.054 0.001 0.002 0.000 0.000 0.003 0.042 0.044 0.019 0.002 0.001 0.005 0.001 0.000 

Locus 103 : 112614_46 
2 alleles
5.1% missing data
 120   (0.954) 0.999 0.999 0.886 0.998 0.998 1.000 1.000 0.997 0.956 0.955 0.976 0.998 0.999 0.994 0.999 1.000 
 100   (0.046) 0.001 0.001 0.114 0.002 0.002 0.000 0.000 0.003 0.044 0.045 0.024 0.002 0.001 0.006 0.001 0.000 

Locus 104 : 112906_14 
2 alleles
3.9% missing data
 110   (0.889) 0.998 0.865 0.992 0.996 0.995 1.000 0.999 0.701 0.888 0.889 0.944 0.739 0.997 0.954 0.996 1.000 
 120   (0.111) 0.002 0.135 0.008 0.004 0.005 0.000 0.001 0.299 0.112 0.111 0.056 0.261 0.003 0.046 0.004 0.000 

Locus 105 : 113735_32 
2 alleles
6.7% missing data
 120   (0.959) 0.999 0.999 0.997 0.999 0.998 1.000 1.000 0.967 0.960 0.959 0.980 0.998 0.999 0.995 0.999 1.000 
 100   (0.041) 0.001 0.001 0.003 0.001 0.002 0.000 0.000 0.033 0.040 0.041 0.020 0.002 0.001 0.005 0.001 0.000 

Locus 106 : 115028_7 
2 alleles
3.9% missing data
 120   (0.962) 0.999 0.999 0.997 0.999 0.999 1.000 1.000 0.961 0.963 0.962 0.980 0.998 0.999 0.996 0.999 1.000 
 100   (0.038) 0.001 0.001 0.003 0.001 0.001 0.000 0.000 0.039 0.037 0.038 0.020 0.002 0.001 0.004 0.001 0.000 

Locus 107 : 115179_16 
2 alleles
2.2% missing data
 120   (0.959) 0.999 0.999 0.910 0.999 0.999 1.000 1.000 0.997 0.960 0.959 0.980 0.998 0.999 0.995 0.998 1.000 
 110   (0.041) 0.001 0.001 0.090 0.001 0.001 0.000 0.000 0.003 0.040 0.041 0.020 0.002 0.001 0.005 0.002 0.000 

Locus 108 : 116753_51 
2 alleles
7.3% missing data
 120   (0.958) 0.999 0.912 0.997 0.998 0.998 1.000 0.999 0.997 0.959 0.958 0.978 0.997 0.999 0.994 0.999 1.000 
 100   (0.042) 0.001 0.088 0.003 0.002 0.002 0.000 0.001 0.003 0.041 0.042 0.022 0.003 0.001 0.006 0.001 0.000 

Locus 109 : 116931_31 
2 alleles
7.9% missing data
 120   (0.957) 0.999 0.999 0.997 0.999 0.988 1.000 1.000 0.997 0.957 0.957 0.975 0.998 0.999 0.995 0.998 1.000 
 110   (0.043) 0.001 0.001 0.003 0.001 0.012 0.000 0.000 0.003 0.043 0.043 0.025 0.002 0.001 0.005 0.002 0.000 

Locus 110 : 116938_8 
2 alleles
4.5% missing data
 130   (0.922) 0.999 0.840 0.994 0.997 0.996 1.000 0.999 0.995 0.924 0.922 0.958 0.873 0.998 0.947 0.997 1.000 
 110   (0.078) 0.001 0.160 0.006 0.003 0.004 0.000 0.001 0.005 0.076 0.078 0.042 0.127 0.002 0.053 0.003 0.000 

Locus 111 : 122302_80 
2 alleles
10.1% missing data
 110   (0.959) 0.999 0.998 0.997 0.999 0.962 1.000 1.000 0.996 0.960 0.959 0.980 0.998 0.999 0.995 0.998 1.000 
 100   (0.041) 0.001 0.002 0.003 0.001 0.038 0.000 0.000 0.004 0.040 0.041 0.020 0.002 0.001 0.005 0.002 0.000 

Locus 112 : 123190_14 
2 alleles
3.4% missing data
 120   (0.951) 0.999 0.998 0.997 0.998 0.950 1.000 1.000 0.997 0.951 0.951 0.971 0.997 0.999 0.994 0.998 1.000 
 130   (0.049) 0.001 0.002 0.003 0.002 0.050 0.000 0.000 0.003 0.049 0.049 0.029 0.003 0.001 0.006 0.002 0.000 

Locus 113 : 123271_36 
2 alleles
3.9% missing data
 100   (0.954) 0.999 0.999 0.858 0.998 0.998 1.000 1.000 0.997 0.955 0.954 0.978 0.998 0.999 0.995 0.999 1.000 
 110   (0.046) 0.001 0.001 0.142 0.002 0.002 0.000 0.000 0.003 0.045 0.046 0.022 0.002 0.001 0.005 0.001 0.000 

Locus 114 : 124147_18 
2 alleles
2.2% missing data
 130   (0.952) 0.999 0.999 0.997 0.999 0.998 1.000 1.000 0.997 0.953 0.952 0.976 0.997 0.999 0.759 0.998 1.000 
 110   (0.048) 0.001 0.001 0.003 0.001 0.002 0.000 0.000 0.003 0.047 0.048 0.024 0.003 0.001 0.241 0.002 0.000 

Locus 115 : 124184_33 
2 alleles
5.6% missing data
 110   (0.959) 0.999 0.999 0.910 0.999 0.998 1.000 1.000 0.997 0.960 0.959 0.981 0.998 0.999 0.995 0.999 1.000 
 100   (0.041) 0.001 0.001 0.090 0.001 0.002 0.000 0.000 0.003 0.040 0.041 0.019 0.002 0.001 0.005 0.001 0.000 

Locus 116 : 125404_24 
2 alleles
1.1% missing data
 130   (0.953) 0.999 0.999 0.997 0.999 0.998 1.000 1.000 0.764 0.955 0.953 0.976 0.998 0.999 0.995 0.999 1.000 
 110   (0.047) 0.001 0.001 0.003 0.001 0.002 0.000 0.000 0.236 0.045 0.047 0.024 0.002 0.001 0.005 0.001 0.000 

Locus 117 : 125436_43 
2 alleles
3.9% missing data
 130   (0.926) 0.999 0.997 0.995 0.998 0.997 1.000 1.000 0.702 0.928 0.926 0.964 0.837 0.998 0.991 0.998 1.000 
 100   (0.074) 0.001 0.003 0.005 0.002 0.003 0.000 0.000 0.298 0.072 0.074 0.036 0.163 0.002 0.009 0.002 0.000 

Locus 118 : 126013_18 
2 alleles
2.8% missing data
 130   (0.956) 0.999 0.999 0.996 0.998 0.998 1.000 1.000 0.997 0.957 0.956 0.980 0.998 0.999 0.995 0.793 1.000 
 110   (0.044) 0.001 0.001 0.004 0.002 0.002 0.000 0.000 0.003 0.043 0.044 0.020 0.002 0.001 0.005 0.207 0.000 

Locus 119 : 126137_19 
2 alleles
3.9% missing data
 120   (0.960) 0.999 0.998 0.997 0.999 0.999 1.000 1.000 0.985 0.961 0.960 0.980 0.983 0.999 0.995 0.999 1.000 
 110   (0.040) 0.001 0.002 0.003 0.001 0.001 0.000 0.000 0.015 0.039 0.040 0.020 0.017 0.001 0.005 0.001 0.000 

Locus 120 : 126845_22 
2 alleles
5.6% missing data
 130   (0.960) 0.999 0.999 0.997 0.999 0.998 1.000 1.000 0.962 0.961 0.960 0.980 0.998 0.999 0.993 0.999 1.000 
 110   (0.040) 0.001 0.001 0.003 0.001 0.002 0.000 0.000 0.038 0.039 0.040 0.020 0.002 0.001 0.007 0.001 0.000 

Locus 121 : 127512_8 
2 alleles
1.1% missing data
 130   (0.956) 0.999 0.999 0.997 0.999 0.998 1.000 1.000 0.997 0.958 0.956 0.976 0.998 0.999 0.995 0.842 1.000 
 100   (0.044) 0.001 0.001 0.003 0.001 0.002 0.000 0.000 0.003 0.042 0.044 0.024 0.002 0.001 0.005 0.158 0.000 

Locus 122 : 127692_13 
2 alleles
2.8% missing data
 100   (0.956) 0.999 0.999 0.997 0.999 0.998 1.000 1.000 0.997 0.957 0.956 0.977 0.939 0.999 0.995 0.999 1.000 
 120   (0.044) 0.001 0.001 0.003 0.001 0.002 0.000 0.000 0.003 0.043 0.044 0.023 0.061 0.001 0.005 0.001 0.000 

Locus 123 : 128195_18 
2 alleles
7.3% missing data
 130   (0.872) 0.415 0.994 0.990 0.995 0.975 1.000 0.999 0.989 0.868 0.872 0.914 0.930 0.997 0.438 0.996 0.999 
 110   (0.128) 0.585 0.006 0.010 0.005 0.025 0.000 0.001 0.011 0.132 0.128 0.086 0.070 0.003 0.562 0.004 0.001 

Locus 124 : 128198_14 
2 alleles
4.5% missing data
 130   (0.930) 0.999 0.998 0.921 0.998 0.998 1.000 1.000 0.996 0.932 0.930 0.964 0.996 0.998 0.992 0.822 1.000 
 120   (0.070) 0.001 0.002 0.079 0.002 0.002 0.000 0.000 0.004 0.068 0.070 0.036 0.004 0.002 0.008 0.178 0.000 

Locus 125 : 128423_39 
2 alleles
4.5% missing data
 130   (0.957) 0.996 0.999 0.997 0.999 0.998 1.000 1.000 0.997 0.956 0.957 0.977 0.998 0.999 0.990 0.999 1.000 
 100   (0.043) 0.004 0.001 0.003 0.001 0.002 0.000 0.000 0.003 0.044 0.043 0.023 0.002 0.001 0.010 0.001 0.000 

Locus 126 : 131572_48 
2 alleles
1.1% missing data
 120   (0.950) 0.999 0.945 0.996 0.998 0.998 1.000 0.997 0.997 0.950 0.950 0.973 0.997 0.999 0.994 0.998 1.000 
 100   (0.050) 0.001 0.055 0.004 0.002 0.002 0.000 0.003 0.003 0.050 0.050 0.027 0.003 0.001 0.006 0.002 0.000 

Locus 127 : 132199_62 
2 alleles
3.9% missing data
 100   (0.955) 0.999 0.999 0.752 0.999 0.998 1.000 1.000 0.997 0.956 0.955 0.978 0.998 0.999 0.995 0.999 1.000 
 120   (0.045) 0.001 0.001 0.248 0.001 0.002 0.000 0.000 0.003 0.044 0.045 0.022 0.002 0.001 0.005 0.001 0.000 

Locus 128 : 135566_64 
2 alleles
7.3% missing data
 130   (0.960) 0.997 0.999 0.997 0.999 0.998 1.000 1.000 0.997 0.959 0.960 0.978 0.998 0.999 0.995 0.999 1.000 
 110   (0.040) 0.003 0.001 0.003 0.001 0.002 0.000 0.000 0.003 0.041 0.040 0.022 0.002 0.001 0.005 0.001 0.000 

Locus 129 : 135761_5 
2 alleles
7.9% missing data
 130   (0.957) 0.999 0.999 0.905 0.999 0.998 1.000 1.000 0.997 0.958 0.957 0.978 0.998 0.999 0.995 0.998 1.000 
 100   (0.043) 0.001 0.001 0.095 0.001 0.002 0.000 0.000 0.003 0.042 0.043 0.022 0.002 0.001 0.005 0.002 0.000 

Locus 130 : 137219_35 
2 alleles
3.4% missing data
 120   (0.943) 0.985 0.998 0.996 0.998 0.998 1.000 1.000 0.996 0.940 0.943 0.966 0.997 0.999 0.993 0.998 1.000 
 100   (0.057) 0.015 0.002 0.004 0.002 0.002 0.000 0.000 0.004 0.060 0.057 0.034 0.003 0.001 0.007 0.002 0.000 

Locus 131 : 139081_20 
2 alleles
5.6% missing data
 120   (0.942) 0.999 0.994 0.996 0.998 0.997 1.000 0.999 0.996 0.943 0.942 0.969 0.972 0.999 0.932 0.998 1.000 
 110   (0.058) 0.001 0.006 0.004 0.002 0.003 0.000 0.001 0.004 0.057 0.058 0.031 0.028 0.001 0.068 0.002 0.000 

Locus 132 : 139084_52 
2 alleles
5.1% missing data
 120   (0.919) 0.995 0.997 0.994 0.997 0.937 1.000 0.999 0.994 0.918 0.919 0.957 0.995 0.998 0.825 0.997 0.999 
 110   (0.081) 0.005 0.003 0.006 0.003 0.063 0.000 0.001 0.006 0.082 0.081 0.043 0.005 0.002 0.175 0.003 0.001 

Locus 133 : 139433_54 
2 alleles
3.9% missing data
 120   (0.955) 0.999 0.999 0.946 0.999 0.998 1.000 1.000 0.997 0.957 0.955 0.977 0.998 0.999 0.995 0.998 1.000 
 100   (0.045) 0.001 0.001 0.054 0.001 0.002 0.000 0.000 0.003 0.043 0.045 0.023 0.002 0.001 0.005 0.002 0.000 

Locus 134 : 140063_88 
2 alleles
7.9% missing data
 110   (0.957) 0.999 0.999 0.997 0.999 0.998 1.000 1.000 0.997 0.956 0.957 0.978 0.991 0.999 0.993 0.999 1.000 
 100   (0.043) 0.001 0.001 0.003 0.001 0.002 0.000 0.000 0.003 0.044 0.043 0.022 0.009 0.001 0.007 0.001 0.000 

Locus 135 : 140194_73 
2 alleles
2.8% missing data
 120   (0.957) 0.999 0.999 0.997 0.953 0.998 1.000 1.000 0.997 0.958 0.958 0.979 0.998 0.999 0.993 0.999 1.000 
 110   (0.043) 0.001 0.001 0.003 0.047 0.002 0.000 0.000 0.003 0.042 0.042 0.021 0.002 0.001 0.007 0.001 0.000 

Locus 136 : 141313_8 
2 alleles
2.8% missing data
 120   (0.956) 0.999 0.999 0.919 0.999 0.998 1.000 1.000 0.997 0.958 0.956 0.978 0.998 0.999 0.995 0.999 1.000 
 100   (0.044) 0.001 0.001 0.081 0.001 0.002 0.000 0.000 0.003 0.042 0.044 0.022 0.002 0.001 0.005 0.001 0.000 

Locus 137 : 145284_28 
2 alleles
2.8% missing data
 130   (0.955) 0.999 0.999 0.997 0.999 0.998 1.000 1.000 0.997 0.956 0.955 0.978 0.998 0.999 0.613 0.999 1.000 
 110   (0.045) 0.001 0.001 0.003 0.001 0.002 0.000 0.000 0.003 0.044 0.045 0.022 0.002 0.001 0.387 0.001 0.000 

Locus 138 : 145957_11 
2 alleles
4.5% missing data
 130   (0.959) 0.999 0.998 0.997 0.999 0.999 1.000 0.863 0.997 0.960 0.959 0.980 0.998 0.999 0.995 0.999 1.000 
 110   (0.041) 0.001 0.002 0.003 0.001 0.001 0.000 0.137 0.003 0.040 0.041 0.020 0.002 0.001 0.005 0.001 0.000 

Locus 139 : 160306_34 
2 alleles
2.8% missing data
 120   (0.930) 0.998 0.976 0.995 0.998 0.997 1.000 0.999 0.782 0.929 0.930 0.966 0.960 0.998 0.991 0.998 1.000 
 100   (0.070) 0.002 0.024 0.005 0.002 0.003 0.000 0.001 0.218 0.071 0.070 0.034 0.040 0.002 0.009 0.002 0.000 

Locus 140 : 162107_37 
2 alleles
3.4% missing data
 120   (0.935) 0.999 0.998 0.995 0.998 0.998 1.000 1.000 0.904 0.936 0.935 0.962 0.988 0.999 0.993 0.998 1.000 
 100   (0.065) 0.001 0.002 0.005 0.002 0.002 0.000 0.000 0.096 0.064 0.065 0.038 0.012 0.001 0.007 0.002 0.000 

Locus 141 : 163290_36 
2 alleles
5.1% missing data
 130   (0.922) 0.973 0.996 0.994 0.997 0.924 0.999 0.997 0.995 0.924 0.922 0.912 0.996 0.997 0.754 0.997 0.996 
 110   (0.078) 0.027 0.004 0.006 0.003 0.076 0.001 0.003 0.005 0.076 0.078 0.088 0.004 0.003 0.246 0.003 0.004 

Locus 142 : 163453_13 
2 alleles
5.6% missing data
 120   (0.964) 0.999 0.999 0.997 0.999 0.990 1.000 1.000 0.998 0.964 0.964 0.982 0.998 0.999 0.995 0.998 1.000 
 110   (0.036) 0.001 0.001 0.003 0.001 0.010 0.000 0.000 0.002 0.036 0.036 0.018 0.002 0.001 0.005 0.002 0.000 

Locus 143 : 163580_14 
2 alleles
10.1% missing data
 120   (0.958) 0.999 0.999 0.997 0.999 0.998 1.000 0.993 0.997 0.959 0.958 0.979 0.998 0.990 0.995 0.999 0.862 
 100   (0.042) 0.001 0.001 0.003 0.001 0.002 0.000 0.007 0.003 0.041 0.042 0.021 0.002 0.010 0.005 0.001 0.138 

Locus 144 : 164461_13 
2 alleles
5.6% missing data
 100   (0.952) 0.999 0.999 0.997 0.999 0.852 1.000 1.000 0.997 0.953 0.952 0.977 0.997 0.999 0.995 0.999 1.000 
 120   (0.048) 0.001 0.001 0.003 0.001 0.148 0.000 0.000 0.003 0.047 0.048 0.023 0.003 0.001 0.005 0.001 0.000 

Locus 145 : 165413_43 
2 alleles
1.7% missing data
 110   (0.950) 0.999 0.998 0.996 0.998 0.997 1.000 1.000 0.997 0.950 0.950 0.970 0.945 0.999 0.994 0.998 1.000 
 130   (0.050) 0.001 0.002 0.004 0.002 0.003 0.000 0.000 0.003 0.050 0.050 0.030 0.055 0.001 0.006 0.002 0.000 

Locus 146 : 168629_44 
2 alleles
5.6% missing data
 130   (0.943) 0.993 0.998 0.996 0.998 0.985 1.000 1.000 0.996 0.942 0.943 0.968 0.962 0.998 0.990 0.997 1.000 
 110   (0.057) 0.007 0.002 0.004 0.002 0.015 0.000 0.000 0.004 0.058 0.057 0.032 0.038 0.002 0.010 0.003 0.000 

Locus 147 : 168991_77 
2 alleles
5.6% missing data
 110   (0.854) 0.959 0.875 0.990 0.995 0.987 0.999 0.998 0.651 0.848 0.854 0.915 0.905 0.996 0.977 0.995 0.999 
 100   (0.146) 0.041 0.125 0.010 0.005 0.013 0.001 0.002 0.349 0.152 0.146 0.085 0.095 0.004 0.023 0.005 0.001 

Locus 148 : 169478_88 
2 alleles
5.1% missing data
 130   (0.961) 0.999 0.999 0.997 0.964 0.998 1.000 1.000 0.997 0.961 0.961 0.980 0.998 0.999 0.995 0.998 1.000 
 100   (0.039) 0.001 0.001 0.003 0.036 0.002 0.000 0.000 0.003 0.039 0.039 0.020 0.002 0.001 0.005 0.002 0.000 

Locus 149 : 169898_8 
2 alleles
6.2% missing data
 120   (0.942) 0.998 0.997 0.995 0.998 0.968 1.000 1.000 0.996 0.943 0.942 0.971 0.915 0.999 0.993 0.998 1.000 
 100   (0.058) 0.002 0.003 0.005 0.002 0.032 0.000 0.000 0.004 0.057 0.058 0.029 0.085 0.001 0.007 0.002 0.000 

Locus 150 : 170224_42 
2 alleles
7.3% missing data
 100   (0.916) 0.977 0.997 0.993 0.997 0.797 1.000 0.999 0.994 0.913 0.916 0.929 0.941 0.998 0.981 0.997 0.999 
 120   (0.084) 0.023 0.003 0.007 0.003 0.203 0.000 0.001 0.006 0.087 0.084 0.071 0.059 0.002 0.019 0.003 0.001 

Locus 151 : 174083_22 
2 alleles
3.9% missing data
 120   (0.952) 0.999 0.999 0.786 0.999 0.998 1.000 1.000 0.997 0.954 0.952 0.978 0.998 0.999 0.995 0.999 1.000 
 100   (0.048) 0.001 0.001 0.214 0.001 0.002 0.000 0.000 0.003 0.046 0.048 0.022 0.002 0.001 0.005 0.001 0.000 

Locus 152 : 174223_24 
2 alleles
2.8% missing data
 120   (0.957) 0.999 0.999 0.997 0.999 0.999 1.000 1.000 0.997 0.957 0.957 0.979 0.998 0.993 0.995 0.999 1.000 
 100   (0.043) 0.001 0.001 0.003 0.001 0.001 0.000 0.000 0.003 0.043 0.043 0.021 0.002 0.007 0.005 0.001 0.000 

Locus 153 : 174263_44 
2 alleles
3.9% missing data
 130   (0.958) 0.999 0.999 0.997 0.997 0.999 1.000 1.000 0.997 0.960 0.958 0.979 0.998 0.999 0.996 0.707 1.000 
 110   (0.042) 0.001 0.001 0.003 0.003 0.001 0.000 0.000 0.003 0.040 0.042 0.021 0.002 0.001 0.004 0.293 0.000 

Locus 154 : 175657_6 
2 alleles
8.4% missing data
 100   (0.933) 0.999 0.998 0.994 0.998 0.998 1.000 1.000 0.763 0.935 0.933 0.966 0.921 0.999 0.992 0.998 1.000 
 130   (0.067) 0.001 0.002 0.006 0.002 0.002 0.000 0.000 0.237 0.065 0.067 0.034 0.079 0.001 0.008 0.002 0.000 

Locus 155 : 176570_23 
2 alleles
3.9% missing data
 130   (0.952) 0.993 0.972 0.996 0.998 0.998 1.000 0.979 0.995 0.953 0.952 0.972 0.997 0.998 0.993 0.998 0.997 
 110   (0.048) 0.007 0.028 0.004 0.002 0.002 0.000 0.021 0.005 0.047 0.048 0.028 0.003 0.002 0.007 0.002 0.003 

Locus 156 : 176775_13 
2 alleles
6.7% missing data
 130   (0.952) 0.999 0.999 0.706 0.999 0.998 1.000 1.000 0.997 0.953 0.952 0.976 0.997 0.999 0.994 0.999 1.000 
 110   (0.048) 0.001 0.001 0.294 0.001 0.002 0.000 0.000 0.003 0.047 0.048 0.024 0.003 0.001 0.006 0.001 0.000 

Locus 157 : 178448_19 
2 alleles
3.4% missing data
 120   (0.956) 0.999 0.999 0.882 0.999 0.998 1.000 1.000 0.997 0.957 0.956 0.977 0.998 0.999 0.995 0.999 1.000 
 100   (0.044) 0.001 0.001 0.118 0.001 0.002 0.000 0.000 0.003 0.043 0.044 0.023 0.002 0.001 0.005 0.001 0.000 

Locus 158 : 179162_16 
2 alleles
6.2% missing data
 120   (0.960) 0.999 0.999 0.972 0.999 0.998 1.000 1.000 0.997 0.961 0.960 0.980 0.998 0.999 0.995 0.999 1.000 
 100   (0.040) 0.001 0.001 0.028 0.001 0.002 0.000 0.000 0.003 0.039 0.040 0.020 0.002 0.001 0.005 0.001 0.000 

Locus 159 : 179286_31 
2 alleles
2.8% missing data
 120   (0.929) 0.998 0.988 0.995 0.998 0.997 1.000 1.000 0.892 0.930 0.929 0.965 0.919 0.998 0.991 0.998 1.000 
 100   (0.071) 0.002 0.012 0.005 0.002 0.003 0.000 0.000 0.108 0.070 0.071 0.035 0.081 0.002 0.009 0.002 0.000 

Locus 160 : 179594_17 
2 alleles
4.5% missing data
 120   (0.907) 0.998 0.997 0.993 0.996 0.978 1.000 0.999 0.741 0.908 0.907 0.951 0.995 0.991 0.918 0.997 1.000 
 100   (0.093) 0.002 0.003 0.007 0.004 0.022 0.000 0.001 0.259 0.092 0.093 0.049 0.005 0.009 0.082 0.003 0.000 

Locus 161 : 180413_54 
2 alleles
3.9% missing data
 100   (0.955) 0.999 0.999 0.881 0.999 0.998 1.000 1.000 0.997 0.956 0.955 0.978 0.998 0.999 0.995 0.999 1.000 
 110   (0.045) 0.001 0.001 0.119 0.001 0.002 0.000 0.000 0.003 0.044 0.045 0.022 0.002 0.001 0.005 0.001 0.000 

Locus 162 : 182862_79 
2 alleles
3.4% missing data
 130   (0.958) 0.999 0.999 0.868 0.999 0.999 1.000 1.000 0.997 0.960 0.958 0.980 0.998 0.999 0.995 0.999 1.000 
 110   (0.042) 0.001 0.001 0.132 0.001 0.001 0.000 0.000 0.003 0.040 0.042 0.020 0.002 0.001 0.005 0.001 0.000 

Locus 163 : 183288_63 
2 alleles
10.1% missing data
 100   (0.962) 0.999 0.999 0.972 0.999 0.998 1.000 1.000 0.997 0.963 0.962 0.981 0.998 0.999 0.995 0.999 1.000 
 120   (0.038) 0.001 0.001 0.028 0.001 0.002 0.000 0.000 0.003 0.037 0.038 0.019 0.002 0.001 0.005 0.001 0.000 

Locus 164 : 183906_55 
2 alleles
6.7% missing data
 130   (0.956) 0.999 0.999 0.946 0.999 0.998 1.000 1.000 0.997 0.957 0.956 0.977 0.998 0.999 0.995 0.998 1.000 
 100   (0.044) 0.001 0.001 0.054 0.001 0.002 0.000 0.000 0.003 0.043 0.044 0.023 0.002 0.001 0.005 0.002 0.000 

Locus 165 : 183990_7 
2 alleles
3.4% missing data
 120   (0.952) 0.837 0.998 0.997 0.999 0.997 1.000 1.000 0.997 0.946 0.952 0.977 0.998 0.999 0.995 0.999 1.000 
 100   (0.048) 0.163 0.002 0.003 0.001 0.003 0.000 0.000 0.003 0.054 0.048 0.023 0.002 0.001 0.005 0.001 0.000 

Locus 166 : 185904_60 
2 alleles
3.4% missing data
 120   (0.953) 0.999 0.998 0.996 0.999 0.919 1.000 1.000 0.997 0.954 0.953 0.977 0.997 0.999 0.995 0.998 1.000 
 100   (0.047) 0.001 0.002 0.004 0.001 0.081 0.000 0.000 0.003 0.046 0.047 0.023 0.003 0.001 0.005 0.002 0.000 

Locus 167 : 191703_64 
2 alleles
1.7% missing data
 130   (0.931) 0.999 0.998 0.995 0.998 0.998 1.000 1.000 0.864 0.933 0.931 0.967 0.997 0.999 0.676 0.998 1.000 
 110   (0.069) 0.001 0.002 0.005 0.002 0.002 0.000 0.000 0.136 0.067 0.069 0.033 0.003 0.001 0.324 0.002 0.000 

Locus 168 : 193854_7 
2 alleles
1.7% missing data
 130   (0.939) 0.999 0.998 0.884 0.998 0.997 1.000 1.000 0.996 0.941 0.939 0.971 0.997 0.998 0.993 0.962 1.000 
 110   (0.061) 0.001 0.002 0.116 0.002 0.003 0.000 0.000 0.004 0.059 0.061 0.029 0.003 0.002 0.007 0.038 0.000 

Locus 169 : 194868_38 
2 alleles
5.6% missing data
 120   (0.939) 0.995 0.997 0.996 0.998 0.998 1.000 1.000 0.970 0.939 0.939 0.967 0.897 0.999 0.992 0.998 1.000 
 100   (0.061) 0.005 0.003 0.004 0.002 0.002 0.000 0.000 0.030 0.061 0.061 0.033 0.103 0.001 0.008 0.002 0.000 

Locus 170 : 195463_36 
2 alleles
5.1% missing data
 120   (0.959) 0.999 0.999 0.997 0.999 0.999 1.000 1.000 0.860 0.960 0.959 0.980 0.998 0.999 0.996 0.999 1.000 
 100   (0.041) 0.001 0.001 0.003 0.001 0.001 0.000 0.000 0.140 0.040 0.041 0.020 0.002 0.001 0.004 0.001 0.000 

Locus 171 : 195727_20 
2 alleles
1.7% missing data
 130   (0.956) 0.999 0.999 0.914 0.999 0.998 1.000 1.000 0.997 0.957 0.956 0.979 0.998 0.999 0.995 0.999 1.000 
 110   (0.044) 0.001 0.001 0.086 0.001 0.002 0.000 0.000 0.003 0.043 0.044 0.021 0.002 0.001 0.005 0.001 0.000 

Locus 172 : 197508_5 
2 alleles
2.2% missing data
 120   (0.963) 0.999 0.999 0.997 0.999 0.999 1.000 1.000 0.998 0.961 0.963 0.980 0.992 0.999 0.995 0.999 1.000 
 100   (0.037) 0.001 0.001 0.003 0.001 0.001 0.000 0.000 0.002 0.039 0.037 0.020 0.008 0.001 0.005 0.001 0.000 

Locus 173 : 199140_10 
2 alleles
4.5% missing data
 130   (0.957) 0.998 0.999 0.997 0.999 0.998 1.000 1.000 0.997 0.957 0.957 0.976 0.998 0.999 0.995 0.999 1.000 
 110   (0.043) 0.002 0.001 0.003 0.001 0.002 0.000 0.000 0.003 0.043 0.043 0.024 0.002 0.001 0.005 0.001 0.000 

Locus 174 : 199429_51 
2 alleles
5.1% missing data
 130   (0.959) 0.999 0.999 0.997 0.999 0.987 1.000 1.000 0.997 0.958 0.959 0.977 0.998 0.999 0.994 0.999 1.000 
 100   (0.041) 0.001 0.001 0.003 0.001 0.013 0.000 0.000 0.003 0.042 0.041 0.023 0.002 0.001 0.006 0.001 0.000 

Locus 175 : 199635_9 
2 alleles
3.4% missing data
 120   (0.950) 0.999 0.999 0.830 0.999 0.998 1.000 1.000 0.997 0.952 0.950 0.974 0.997 0.999 0.995 0.999 1.000 
 100   (0.050) 0.001 0.001 0.170 0.001 0.002 0.000 0.000 0.003 0.048 0.050 0.026 0.003 0.001 0.005 0.001 0.000 

Locus 176 : 200923_8 
2 alleles
5.1% missing data
 100   (0.962) 0.999 0.999 0.997 0.999 0.998 1.000 1.000 0.995 0.963 0.963 0.983 0.998 0.999 0.936 0.999 1.000 
 110   (0.038) 0.001 0.001 0.003 0.001 0.002 0.000 0.000 0.005 0.037 0.037 0.017 0.002 0.001 0.064 0.001 0.000 

Locus 177 : 201090_64 
2 alleles
5.1% missing data
 130   (0.960) 0.999 0.999 0.997 0.999 0.963 1.000 1.000 0.997 0.961 0.960 0.980 0.998 0.999 0.995 0.999 1.000 
 100   (0.040) 0.001 0.001 0.003 0.001 0.037 0.000 0.000 0.003 0.039 0.040 0.020 0.002 0.001 0.005 0.001 0.000 

Locus 178 : 201549_57 
2 alleles
4.5% missing data
 120   (0.958) 0.999 0.999 0.997 0.999 0.999 1.000 1.000 0.906 0.959 0.958 0.983 0.998 0.999 0.995 0.999 1.000 
 110   (0.042) 0.001 0.001 0.003 0.001 0.001 0.000 0.000 0.094 0.041 0.042 0.017 0.002 0.001 0.005 0.001 0.000 

Locus 179 : 203565_40 
2 alleles
3.9% missing data
 120   (0.962) 1.000 0.999 0.997 0.999 0.998 1.000 1.000 0.997 0.962 0.962 0.981 0.998 0.999 0.936 0.999 1.000 
 100   (0.038) 0.000 0.001 0.003 0.001 0.002 0.000 0.000 0.003 0.038 0.038 0.019 0.002 0.001 0.064 0.001 0.000 

Locus 180 : 205184_19 
2 alleles
7.3% missing data
 110   (0.907) 0.999 0.997 0.760 0.875 0.996 1.000 0.999 0.994 0.910 0.908 0.954 0.995 0.998 0.990 0.893 1.000 
 120   (0.093) 0.001 0.003 0.240 0.125 0.004 0.000 0.001 0.006 0.090 0.092 0.046 0.005 0.002 0.010 0.107 0.000 

Locus 181 : 206551_17 
2 alleles
6.2% missing data
 120   (0.905) 0.995 0.996 0.993 0.997 0.637 1.000 0.999 0.968 0.906 0.905 0.952 0.995 0.869 0.940 0.997 0.996 
 100   (0.095) 0.005 0.004 0.007 0.003 0.363 0.000 0.001 0.032 0.094 0.095 0.048 0.005 0.131 0.060 0.003 0.004 

Locus 182 : 216246_19 
2 alleles
2.8% missing data
 110   (0.944) 0.994 0.991 0.996 0.998 0.998 1.000 1.000 0.991 0.940 0.944 0.969 0.985 0.999 0.989 0.998 1.000 
 130   (0.056) 0.006 0.009 0.004 0.002 0.002 0.000 0.000 0.009 0.060 0.056 0.031 0.015 0.001 0.011 0.002 0.000 

Locus 183 : 216776_13 
2 alleles
5.6% missing data
 120   (0.918) 0.999 0.998 0.729 0.977 0.997 1.000 0.999 0.995 0.921 0.918 0.959 0.996 0.843 0.991 0.997 1.000 
 110   (0.082) 0.001 0.002 0.271 0.023 0.003 0.000 0.001 0.005 0.079 0.082 0.041 0.004 0.157 0.009 0.003 0.000 

Locus 184 : 217291_37 
2 alleles
3.9% missing data
 120   (0.959) 1.000 0.999 0.997 0.999 0.998 1.000 1.000 0.913 0.960 0.959 0.979 0.998 0.999 0.995 0.999 1.000 
 100   (0.041) 0.000 0.001 0.003 0.001 0.002 0.000 0.000 0.087 0.040 0.041 0.021 0.002 0.001 0.005 0.001 0.000 

Locus 185 : 217570_13 
2 alleles
3.9% missing data
 130   (0.955) 0.999 0.999 0.866 0.999 0.998 1.000 1.000 0.997 0.957 0.955 0.979 0.998 0.999 0.995 0.999 1.000 
 110   (0.045) 0.001 0.001 0.134 0.001 0.002 0.000 0.000 0.003 0.043 0.045 0.021 0.002 0.001 0.005 0.001 0.000 

Locus 186 : 220422_65 
2 alleles
3.4% missing data
 120   (0.946) 0.999 0.982 0.996 0.998 0.998 1.000 0.999 0.991 0.941 0.946 0.968 0.981 0.999 0.993 0.998 1.000 
 110   (0.054) 0.001 0.018 0.004 0.002 0.002 0.000 0.001 0.009 0.059 0.054 0.032 0.019 0.001 0.007 0.002 0.000 

Locus 187 : 220502_40 
2 alleles
6.7% missing data
 120   (0.959) 0.999 0.967 0.997 0.998 0.998 1.000 0.999 0.997 0.959 0.959 0.979 0.997 0.999 0.995 0.998 1.000 
 110   (0.041) 0.001 0.033 0.003 0.002 0.002 0.000 0.001 0.003 0.041 0.041 0.021 0.003 0.001 0.005 0.002 0.000 

Locus 188 : 220519_81 
2 alleles
4.5% missing data
 130   (0.934) 0.999 0.998 0.859 0.998 0.998 1.000 1.000 0.996 0.936 0.934 0.968 0.996 0.999 0.936 0.998 1.000 
 110   (0.066) 0.001 0.002 0.141 0.002 0.002 0.000 0.000 0.004 0.064 0.066 0.032 0.004 0.001 0.064 0.002 0.000 

Locus 189 : 222347_17 
2 alleles
3.9% missing data
 120   (0.954) 0.999 0.999 0.892 0.999 0.998 1.000 1.000 0.997 0.955 0.954 0.979 0.998 0.999 0.995 0.998 1.000 
 100   (0.046) 0.001 0.001 0.108 0.001 0.002 0.000 0.000 0.003 0.045 0.046 0.021 0.002 0.001 0.005 0.002 0.000 

Locus 190 : 222896_46 
2 alleles
0.6% missing data
 110   (0.955) 0.999 0.999 0.945 0.999 0.998 1.000 1.000 0.997 0.956 0.955 0.975 0.998 0.999 0.995 0.999 1.000 
 130   (0.045) 0.001 0.001 0.055 0.001 0.002 0.000 0.000 0.003 0.044 0.045 0.025 0.002 0.001 0.005 0.001 0.000 

Locus 191 : 223181_12 
2 alleles
3.4% missing data
 120   (0.952) 0.999 0.999 0.724 0.999 0.998 1.000 1.000 0.997 0.953 0.952 0.975 0.998 0.999 0.995 0.998 1.000 
 100   (0.048) 0.001 0.001 0.276 0.001 0.002 0.000 0.000 0.003 0.047 0.048 0.025 0.002 0.001 0.005 0.002 0.000 

Locus 192 : 224649_57 
2 alleles
5.1% missing data
 100   (0.961) 0.999 0.999 0.997 0.961 0.998 1.000 1.000 0.997 0.962 0.961 0.980 0.998 0.999 0.994 0.998 1.000 
 110   (0.039) 0.001 0.001 0.003 0.039 0.002 0.000 0.000 0.003 0.038 0.039 0.020 0.002 0.001 0.006 0.002 0.000 

Locus 193 : 226245_11 
2 alleles
5.1% missing data
 130   (0.959) 0.999 0.915 0.997 0.999 0.999 1.000 1.000 0.997 0.960 0.959 0.981 0.998 0.999 0.995 0.998 1.000 
 110   (0.041) 0.001 0.085 0.003 0.001 0.001 0.000 0.000 0.003 0.040 0.041 0.019 0.002 0.001 0.005 0.002 0.000 

Locus 194 : 226342_59 
2 alleles
6.2% missing data
 120   (0.925) 0.998 0.997 0.910 0.995 0.996 0.999 0.999 0.995 0.926 0.925 0.960 0.995 0.996 0.990 0.941 0.998 
 100   (0.075) 0.002 0.003 0.090 0.005 0.004 0.001 0.001 0.005 0.074 0.075 0.040 0.005 0.004 0.010 0.059 0.002 

Locus 195 : 228970_13 
2 alleles
3.9% missing data
 120   (0.960) 0.999 0.999 0.997 0.999 0.998 1.000 1.000 0.960 0.961 0.960 0.980 0.998 0.999 0.995 0.999 1.000 
 100   (0.040) 0.001 0.001 0.003 0.001 0.002 0.000 0.000 0.040 0.039 0.040 0.020 0.002 0.001 0.005 0.001 0.000 

Locus 196 : 229097_27 
2 alleles
5.1% missing data
 130   (0.957) 0.999 0.999 0.793 0.999 0.998 1.000 1.000 0.997 0.958 0.957 0.980 0.998 0.999 0.995 0.999 1.000 
 110   (0.043) 0.001 0.001 0.207 0.001 0.002 0.000 0.000 0.003 0.042 0.043 0.020 0.002 0.001 0.005 0.001 0.000 

Locus 197 : 229177_29 
2 alleles
7.3% missing data
 130   (0.952) 0.999 0.998 0.997 0.998 0.997 1.000 0.999 0.997 0.954 0.952 0.969 0.997 0.805 0.994 0.998 0.997 
 110   (0.048) 0.001 0.002 0.003 0.002 0.003 0.000 0.001 0.003 0.046 0.048 0.031 0.003 0.195 0.006 0.002 0.003 

Locus 198 : 229612_7 
2 alleles
6.2% missing data
 100   (0.959) 0.999 0.999 0.997 0.999 0.998 1.000 1.000 0.997 0.959 0.959 0.977 0.991 0.999 0.995 0.999 1.000 
 120   (0.041) 0.001 0.001 0.003 0.001 0.002 0.000 0.000 0.003 0.041 0.041 0.023 0.009 0.001 0.005 0.001 0.000 

Locus 199 : 229936_67 
2 alleles
3.9% missing data
 120   (0.957) 0.993 0.972 0.997 0.999 0.998 1.000 0.978 0.996 0.958 0.957 0.973 0.997 0.998 0.994 0.998 0.997 
 100   (0.043) 0.007 0.028 0.003 0.001 0.002 0.000 0.022 0.004 0.042 0.043 0.027 0.003 0.002 0.006 0.002 0.003 

Locus 200 : 232937_62 
2 alleles
2.2% missing data
 100   (0.962) 0.999 0.999 0.997 0.999 0.999 1.000 1.000 0.997 0.961 0.962 0.978 0.998 0.994 0.996 0.999 1.000 
 120   (0.038) 0.001 0.001 0.003 0.001 0.001 0.000 0.000 0.003 0.039 0.038 0.022 0.002 0.006 0.004 0.001 0.000 

Locus 201 : 233194_6 
2 alleles
2.8% missing data
 120   (0.929) 0.999 0.998 0.671 0.998 0.997 1.000 1.000 0.995 0.931 0.929 0.965 0.996 0.999 0.992 0.916 1.000 
 100   (0.071) 0.001 0.002 0.329 0.002 0.003 0.000 0.000 0.005 0.069 0.071 0.035 0.004 0.001 0.008 0.084 0.000 

Locus 202 : 234346_33 
2 alleles
4.5% missing data
 110   (0.962) 1.000 0.999 0.997 0.997 0.999 1.000 1.000 0.998 0.963 0.962 0.981 0.998 0.999 0.996 0.680 1.000 
 130   (0.038) 0.000 0.001 0.003 0.003 0.001 0.000 0.000 0.002 0.037 0.038 0.019 0.002 0.001 0.004 0.320 0.000 

Locus 203 : 235241_77 
2 alleles
2.2% missing data
 130   (0.951) 0.999 0.999 0.839 0.999 0.998 1.000 1.000 0.997 0.952 0.951 0.975 0.998 0.999 0.995 0.998 1.000 
 100   (0.049) 0.001 0.001 0.161 0.001 0.002 0.000 0.000 0.003 0.048 0.049 0.025 0.002 0.001 0.005 0.002 0.000 

Locus 204 : 236207_44 
2 alleles
6.2% missing data
 120   (0.899) 0.999 0.782 0.993 0.997 0.996 1.000 0.780 0.962 0.902 0.899 0.948 0.994 0.998 0.867 0.997 1.000 
 100   (0.101) 0.001 0.218 0.007 0.003 0.004 0.000 0.220 0.038 0.098 0.101 0.052 0.006 0.002 0.133 0.003 0.000 

Locus 205 : 236307_12 
2 alleles
1.7% missing data
 130   (0.960) 0.628 0.999 0.997 0.999 0.998 1.000 1.000 0.994 0.960 0.960 0.982 0.998 0.999 0.994 0.999 1.000 
 110   (0.040) 0.372 0.001 0.003 0.001 0.002 0.000 0.000 0.006 0.040 0.040 0.018 0.002 0.001 0.006 0.001 0.000 

Locus 206 : 236931_45 
2 alleles
6.7% missing data
 120   (0.891) 0.997 0.992 0.992 0.997 0.996 1.000 0.999 0.715 0.894 0.891 0.945 0.700 0.998 0.452 0.997 1.000 
 100   (0.109) 0.003 0.008 0.008 0.003 0.004 0.000 0.001 0.285 0.106 0.109 0.055 0.300 0.002 0.548 0.003 0.000 

Locus 207 : 236999_38 
2 alleles
2.8% missing data
 120   (0.957) 0.999 0.999 0.945 0.999 0.998 1.000 1.000 0.997 0.958 0.957 0.980 0.998 0.999 0.995 0.999 1.000 
 100   (0.043) 0.001 0.001 0.055 0.001 0.002 0.000 0.000 0.003 0.042 0.043 0.020 0.002 0.001 0.005 0.001 0.000 

Locus 208 : 240398_42 
2 alleles
3.9% missing data
 110   (0.849) 0.673 0.995 0.989 0.995 0.994 1.000 0.999 0.885 0.851 0.849 0.921 0.827 0.997 0.451 0.995 0.999 
 130   (0.151) 0.327 0.005 0.011 0.005 0.006 0.000 0.001 0.115 0.149 0.151 0.079 0.173 0.003 0.549 0.005 0.001 

Locus 209 : 240825_22 
2 alleles
6.2% missing data
 130   (0.955) 0.998 0.997 0.997 0.998 0.994 1.000 0.998 0.997 0.954 0.955 0.971 0.997 0.996 0.991 0.998 1.000 
 110   (0.045) 0.002 0.003 0.003 0.002 0.006 0.000 0.002 0.003 0.046 0.045 0.029 0.003 0.004 0.009 0.002 0.000 

Locus 210 : 244435_48 
2 alleles
1.7% missing data
 110   (0.957) 0.999 0.915 0.997 0.999 0.998 1.000 1.000 0.997 0.959 0.957 0.979 0.998 0.999 0.995 0.999 1.000 
 130   (0.043) 0.001 0.085 0.003 0.001 0.002 0.000 0.000 0.003 0.041 0.043 0.021 0.002 0.001 0.005 0.001 0.000 

Locus 211 : 245971_21 
2 alleles
5.1% missing data
 130   (0.963) 1.000 0.999 0.915 0.999 0.999 1.000 1.000 0.998 0.965 0.963 0.983 0.998 0.999 0.996 0.999 1.000 
 120   (0.037) 0.000 0.001 0.085 0.001 0.001 0.000 0.000 0.002 0.035 0.037 0.017 0.002 0.001 0.004 0.001 0.000 

Locus 212 : 246895_22 
2 alleles
3.4% missing data
 120   (0.956) 0.996 0.999 0.997 0.999 0.998 1.000 1.000 0.997 0.953 0.955 0.976 0.998 0.999 0.994 0.999 1.000 
 110   (0.044) 0.004 0.001 0.003 0.001 0.002 0.000 0.000 0.003 0.047 0.045 0.024 0.002 0.001 0.006 0.001 0.000 

Locus 213 : 248131_26 
2 alleles
7.9% missing data
 130   (0.946) 0.999 0.996 0.996 0.998 0.956 1.000 0.999 0.994 0.946 0.946 0.970 0.978 0.998 0.992 0.998 0.999 
 110   (0.054) 0.001 0.004 0.004 0.002 0.044 0.000 0.001 0.006 0.054 0.054 0.030 0.022 0.002 0.008 0.002 0.001 

Locus 214 : 250844_49 
2 alleles
7.3% missing data
 130   (0.960) 0.999 0.999 0.997 0.999 0.998 1.000 1.000 0.997 0.958 0.960 0.978 0.988 0.999 0.995 0.999 1.000 
 100   (0.040) 0.001 0.001 0.003 0.001 0.002 0.000 0.000 0.003 0.042 0.040 0.022 0.012 0.001 0.005 0.001 0.000 

Locus 215 : 251283_19 
2 alleles
5.6% missing data
 120   (0.954) 0.999 0.999 0.997 0.999 0.998 1.000 1.000 0.997 0.955 0.954 0.978 0.998 0.999 0.827 0.998 1.000 
 100   (0.046) 0.001 0.001 0.003 0.001 0.002 0.000 0.000 0.003 0.045 0.046 0.022 0.002 0.001 0.173 0.002 0.000 

Locus 216 : 251358_15 
2 alleles
8.4% missing data
 110   (0.935) 0.999 0.957 0.995 0.997 0.997 1.000 1.000 0.995 0.937 0.935 0.963 0.811 0.999 0.990 0.998 1.000 
 120   (0.065) 0.001 0.043 0.005 0.003 0.003 0.000 0.000 0.005 0.063 0.065 0.037 0.189 0.001 0.010 0.002 0.000 

Locus 217 : 251901_42 
2 alleles
2.2% missing data
 120   (0.962) 0.999 0.998 0.997 0.999 0.982 1.000 1.000 0.997 0.963 0.962 0.980 0.998 0.999 0.995 0.999 1.000 
 100   (0.038) 0.001 0.002 0.003 0.001 0.018 0.000 0.000 0.003 0.037 0.038 0.020 0.002 0.001 0.005 0.001 0.000 

Locus 218 : 252158_43 
2 alleles
0.0% missing data
 120   (0.960) 1.000 0.999 0.919 0.999 0.999 1.000 1.000 0.998 0.962 0.961 0.981 0.998 0.999 0.996 0.999 1.000 
 100   (0.040) 0.000 0.001 0.081 0.001 0.001 0.000 0.000 0.002 0.038 0.039 0.019 0.002 0.001 0.004 0.001 0.000 

Locus 219 : 252988_16 
2 alleles
7.9% missing data
 110   (0.949) 0.998 0.998 0.996 0.998 0.727 1.000 1.000 0.997 0.949 0.949 0.974 0.996 0.999 0.993 0.998 1.000 
 100   (0.051) 0.002 0.002 0.004 0.002 0.273 0.000 0.000 0.003 0.051 0.051 0.026 0.004 0.001 0.007 0.002 0.000 

Locus 220 : 254425_88 
2 alleles
5.6% missing data
 130   (0.928) 0.999 0.998 0.780 0.759 0.997 1.000 1.000 0.996 0.930 0.928 0.966 0.996 0.998 0.992 0.998 1.000 
 110   (0.072) 0.001 0.002 0.220 0.241 0.003 0.000 0.000 0.004 0.070 0.072 0.034 0.004 0.002 0.008 0.002 0.000 

Locus 221 : 256337_57 
2 alleles
5.6% missing data
 110   (0.960) 0.999 0.999 0.997 0.999 0.998 1.000 1.000 0.997 0.961 0.960 0.981 0.998 0.999 0.929 0.999 1.000 
 130   (0.040) 0.001 0.001 0.003 0.001 0.002 0.000 0.000 0.003 0.039 0.040 0.019 0.002 0.001 0.071 0.001 0.000 

Locus 222 : 259058_15 
2 alleles
1.7% missing data
 120   (0.960) 1.000 0.999 0.997 0.999 0.999 1.000 1.000 0.998 0.961 0.960 0.981 0.998 0.999 0.996 0.762 1.000 
 100   (0.040) 0.000 0.001 0.003 0.001 0.001 0.000 0.000 0.002 0.039 0.040 0.019 0.002 0.001 0.004 0.238 0.000 

Locus 223 : 259869_81 
2 alleles
0.6% missing data
 120   (0.958) 0.999 0.999 0.997 0.892 0.999 1.000 1.000 0.997 0.959 0.958 0.979 0.998 0.999 0.995 0.997 1.000 
 130   (0.042) 0.001 0.001 0.003 0.108 0.001 0.000 0.000 0.003 0.041 0.042 0.021 0.002 0.001 0.005 0.003 0.000 

Locus 224 : 260700_55 
2 alleles
2.2% missing data
 130   (0.959) 0.999 0.998 0.997 0.998 0.997 1.000 0.999 0.997 0.960 0.959 0.979 0.998 0.976 0.994 0.998 0.999 
 110   (0.041) 0.001 0.002 0.003 0.002 0.003 0.000 0.001 0.003 0.040 0.041 0.021 0.002 0.024 0.006 0.002 0.001 

Locus 225 : 262223_11 
2 alleles
4.5% missing data
 130   (0.964) 1.000 0.999 0.997 0.999 0.999 1.000 1.000 0.997 0.964 0.964 0.981 0.998 0.865 0.996 0.999 1.000 
 100   (0.036) 0.000 0.001 0.003 0.001 0.001 0.000 0.000 0.003 0.036 0.036 0.019 0.002 0.135 0.004 0.001 0.000 

Locus 226 : 262346_48 
2 alleles
3.4% missing data
 130   (0.954) 0.999 0.999 0.997 0.999 0.998 1.000 1.000 0.997 0.955 0.954 0.977 0.998 0.999 0.404 0.999 1.000 
 110   (0.046) 0.001 0.001 0.003 0.001 0.002 0.000 0.000 0.003 0.045 0.046 0.023 0.002 0.001 0.596 0.001 0.000 

Locus 227 : 262620_18 
2 alleles
3.9% missing data
 110   (0.942) 0.991 0.991 0.995 0.997 0.997 1.000 0.994 0.995 0.943 0.942 0.969 0.996 0.997 0.991 0.997 0.998 
 130   (0.058) 0.009 0.009 0.005 0.003 0.003 0.000 0.006 0.005 0.057 0.058 0.031 0.004 0.003 0.009 0.003 0.002 

Locus 228 : 263002_42 
2 alleles
3.4% missing data
 120   (0.952) 0.999 0.999 0.996 0.999 0.998 1.000 1.000 0.997 0.953 0.952 0.975 0.849 0.999 0.994 0.999 1.000 
 100   (0.048) 0.001 0.001 0.004 0.001 0.002 0.000 0.000 0.003 0.047 0.048 0.025 0.151 0.001 0.006 0.001 0.000 

Locus 229 : 263813_70 
2 alleles
10.1% missing data
 130   (0.961) 0.999 0.999 0.997 0.876 0.998 1.000 1.000 0.997 0.962 0.961 0.979 0.998 0.999 0.995 0.999 1.000 
 110   (0.039) 0.001 0.001 0.003 0.124 0.002 0.000 0.000 0.003 0.038 0.039 0.021 0.002 0.001 0.005 0.001 0.000 

Locus 230 : 264184_13 
2 alleles
10.1% missing data
 110   (0.918) 0.999 0.858 0.993 0.997 0.846 1.000 0.999 0.994 0.920 0.918 0.960 0.995 0.998 0.944 0.997 1.000 
 130   (0.082) 0.001 0.142 0.007 0.003 0.154 0.000 0.001 0.006 0.080 0.082 0.040 0.005 0.002 0.056 0.003 0.000 

Values of parameters used in structure:
DATAFILE=C:\Users\jmahg\OneDrive\Desktop\Transfers\TrkNbr-1524n1282n1083_AllPops_Structure_p18_r080_LDnHWEx\project_data,	OUTFILE=C:\Users\jmahg\OneDrive\Desktop\Transfers\TrkNbr-1524n1282n1083_AllPops_Structure_p18_r080_LDnHWEx\BI50000_MCMC100000\Results\BI50000_MCMC100000_run_160,	NUMINDS=178,	NUMLOCI=230,	MISSING=0,	LABEL=1,	POPDATA=1,	POPFLAG=0,	PHENOTYPE=0,	EXTRACOLS=0,	MAXPOPS=16,	BURNIN=50000,	NUMREPS=100000,	USEPOPINFO=0,	INFERALPHA=1,	INFERLAMBDA=0,	POPSPECIFICLAMBDA=0,	POPALPHAS=0,	COMPUTEPROB=1,	NOADMIX=0,	ADMBURNIN=2500,	UPDATEFREQ=1,	PRINTLIKES=0,	INTERMEDSAVE=0,	PRINTKLD=0,	PRINTNET=0,	PRINTLAMBDA=0,	ANCESTDIST=0,	NUMBOXES=1000,	ANCESTPINT=0.90000,	GENSBACK=2,	MIGRPRIOR=0.05000,	PRINTQHAT=0,	PRINTQSUM=0,	ALPHA=1.0000,	FREQSCORR=1,	FPRIORMEAN=0.0100,	FPRIORSD=0.0500,	ONEFST=0,	LAMBDA=1.0000,	UNIFPRIORALPHA=1,	ALPHAMAX=10.0000,	ALPHAPRIORA=1.0000,	ALPHAPRIORB=2.0000,	ALPHAPROPSD=0.0250,	STARTATPOPINFO=0,	RANDOMIZE=1,	LINKAGE=0,	METROFREQ=10,	REPORTHITRATE=0,	MARKOVPHASE=-1,	PHASED=0,	PLOIDY=2,	PHASEINFO=0	LOCPRIOR=0, 	LOCPRIORINIT=1.000000, 	LOCDATA=0, 	LOCISPOP=0, 	LOCPRIORSTEP=0.100000, 	MAXLOCPRIOR=20.000000, 	SEED=1603030231,	
[STRAT parameters]:    NUMSIMSTATS=1000,	PHENOTYPECOL=-9,	POOLFREQ=10,	LOCUSxONLY=0,	EMERROR=0.00100,	MISSINGPHENO=-9,	