

----------------------------------------------------
STRUCTURE by Pritchard, Stephens and Donnelly (2000)
     and Falush, Stephens and Pritchard (2003)
       Code by Pritchard, Falush and Hubisz
             Version 2.3.4 (Jul 2012)
----------------------------------------------------



Command line arguments:   bin\structure -m C:\Users\jmahg\OneDrive\Desktop\Transfers\TrkNbr-1524n1282n1083_AllPops_Structure_p18_r080_LDnHWEx\BI50000_MCMC100000\mainparams -e C:\Users\jmahg\OneDrive\Desktop\Transfers\TrkNbr-1524n1282n1083_AllPops_Structure_p18_r080_LDnHWEx\BI50000_MCMC100000\extraparams 
Input File:    C:\Users\jmahg\OneDrive\Desktop\Transfers\TrkNbr-1524n1282n1083_AllPops_Structure_p18_r080_LDnHWEx\project_data

Run parameters:
   178 individuals
   230 loci
   14 populations assumed
   50000 Burn-in period
   100000 Reps


--------------------------------------------
Proportion of membership of each pre-defined
 population in each of the 14 clusters

Given    Inferred Clusters                                                                                    Number of
 Pop       1      2      3      4      5      6      7      8      9     10     11     12     13     14      Individuals

  1:     0.060  0.025  0.002  0.007  0.018  0.769  0.009  0.023  0.005  0.010  0.012  0.021  0.027  0.011       10
  2:     0.143  0.008  0.002  0.009  0.548  0.036  0.026  0.063  0.012  0.033  0.004  0.021  0.079  0.016        8
  3:     0.083  0.007  0.002  0.009  0.016  0.014  0.011  0.110  0.004  0.020  0.004  0.009  0.146  0.565       10
  4:     0.087  0.023  0.002  0.011  0.098  0.028  0.007  0.112  0.008  0.433  0.018  0.009  0.136  0.027       10
  5:     0.015  0.005  0.896  0.011  0.008  0.008  0.003  0.016  0.003  0.005  0.003  0.003  0.016  0.009       10
  6:     0.112  0.009  0.002  0.011  0.022  0.026  0.003  0.182  0.004  0.009  0.004  0.004  0.203  0.409       10
  7:     0.177  0.005  0.002  0.007  0.018  0.656  0.003  0.042  0.003  0.008  0.005  0.010  0.052  0.014       10
  8:     0.166  0.072  0.002  0.010  0.285  0.086  0.036  0.065  0.019  0.049  0.052  0.041  0.070  0.046       10
  9:     0.336  0.006  0.002  0.011  0.021  0.073  0.002  0.209  0.003  0.008  0.004  0.006  0.290  0.029       10
 10:     0.133  0.007  0.003  0.014  0.022  0.020  0.003  0.454  0.004  0.009  0.005  0.004  0.273  0.050       10
 11:     0.067  0.601  0.002  0.007  0.039  0.020  0.023  0.073  0.009  0.012  0.007  0.022  0.102  0.015       10
 12:     0.044  0.631  0.002  0.009  0.064  0.022  0.004  0.043  0.006  0.013  0.084  0.006  0.055  0.017       10
 13:     0.023  0.010  0.002  0.007  0.011  0.014  0.008  0.023  0.008  0.009  0.839  0.008  0.026  0.013       10
 14:     0.041  0.006  0.010  0.762  0.012  0.012  0.004  0.053  0.003  0.007  0.003  0.004  0.065  0.017       10
 15:     0.032  0.005  0.007  0.794  0.011  0.010  0.004  0.038  0.003  0.006  0.004  0.005  0.046  0.033       10
 16:     0.177  0.013  0.002  0.010  0.053  0.031  0.027  0.084  0.013  0.448  0.006  0.019  0.078  0.040       10
 17:     0.071  0.077  0.003  0.009  0.065  0.035  0.006  0.058  0.533  0.027  0.019  0.007  0.072  0.018       10
 18:     0.023  0.005  0.855  0.009  0.011  0.010  0.003  0.026  0.003  0.006  0.004  0.003  0.029  0.012       10
--------------------------------------------

Allele-freq. divergence among pops (Net nucleotide distance),
computed using point estimates of P.

      1       2       3       4       5       6       7       8       9      10      11      12      13      14      
 1      -    0.0027  0.0075  0.0019  0.0029  0.0012  0.0035  0.0004  0.0089  0.0042  0.0052  0.0031  0.0003  0.0013  
 2   0.0027     -    0.0093  0.0040  0.0043  0.0039  0.0032  0.0026  0.0080  0.0057  0.0046  0.0030  0.0025  0.0034  
 3   0.0075  0.0093     -    0.0067  0.0099  0.0092  0.0062  0.0072  0.0151  0.0109  0.0117  0.0065  0.0072  0.0077  
 4   0.0019  0.0040  0.0067     -    0.0044  0.0037  0.0039  0.0017  0.0101  0.0055  0.0064  0.0037  0.0016  0.0026  
 5   0.0029  0.0043  0.0099  0.0044     -    0.0045  0.0046  0.0029  0.0067  0.0065  0.0072  0.0044  0.0028  0.0038  
 6   0.0012  0.0039  0.0092  0.0037  0.0045     -    0.0042  0.0021  0.0099  0.0058  0.0067  0.0038  0.0020  0.0031  
 7   0.0035  0.0032  0.0062  0.0039  0.0046  0.0042     -    0.0037  0.0073  0.0052  0.0049  0.0001  0.0037  0.0038  
 8   0.0004  0.0026  0.0072  0.0017  0.0029  0.0021  0.0037     -    0.0088  0.0041  0.0051  0.0034  0.0001  0.0011  
 9   0.0089  0.0080  0.0151  0.0101  0.0067  0.0099  0.0073  0.0088     -    0.0118  0.0106  0.0074  0.0087  0.0095  
10   0.0042  0.0057  0.0109  0.0055  0.0065  0.0058  0.0052  0.0041  0.0118     -    0.0085  0.0050  0.0040  0.0046  
11   0.0052  0.0046  0.0117  0.0064  0.0072  0.0067  0.0049  0.0051  0.0106  0.0085     -    0.0047  0.0050  0.0058  
12   0.0031  0.0030  0.0065  0.0037  0.0044  0.0038  0.0001  0.0034  0.0074  0.0050  0.0047     -    0.0034  0.0036  
13   0.0003  0.0025  0.0072  0.0016  0.0028  0.0020  0.0037  0.0001  0.0087  0.0040  0.0050  0.0034     -    0.0010  
14   0.0013  0.0034  0.0077  0.0026  0.0038  0.0031  0.0038  0.0011  0.0095  0.0046  0.0058  0.0036  0.0010     -    

Average distances (expected heterozygosity) between individuals in same cluster:
cluster  1  : 0.0049 
cluster  2  : 0.0314 
cluster  3  : 0.0663 
cluster  4  : 0.0224 
cluster  5  : 0.0127 
cluster  6  : 0.0138 
cluster  7  : 0.1071 
cluster  8  : 0.0024 
cluster  9  : 0.0447 
cluster 10  : 0.0235 
cluster 11  : 0.0390 
cluster 12  : 0.1001 
cluster 13  : 0.0009 
cluster 14  : 0.0137 

--------------------------------------------
Estimated Ln Prob of Data   = -3713.5
Mean value of ln likelihood = -3266.6
Variance of ln likelihood   = 893.9
Mean value of alpha         = 0.0349

Mean value of Fst_1         = 0.8792
Mean value of Fst_2         = 0.4804
Mean value of Fst_3         = 0.3006
Mean value of Fst_4         = 0.5848
Mean value of Fst_5         = 0.7882
Mean value of Fst_6         = 0.7163
Mean value of Fst_7         = 0.0240
Mean value of Fst_8         = 0.9281
Mean value of Fst_9         = 0.4518
Mean value of Fst_10         = 0.6024
Mean value of Fst_11         = 0.4633
Mean value of Fst_12         = 0.1041
Mean value of Fst_13         = 0.9636
Mean value of Fst_14         = 0.7178


Inferred ancestry of individuals:
        Label (%Miss) Pop:  Inferred clusters
  1 TGCP_WM1    (0)    1 :  0.048 0.008 0.002 0.011 0.010 0.817 0.007 0.023 0.006 0.007 0.005 0.022 0.026 0.008 
  2 TGCP_WM10    (1)    1 :  0.153 0.014 0.002 0.010 0.048 0.603 0.002 0.052 0.004 0.009 0.004 0.014 0.064 0.020 
  3 TGCP_WM2    (0)    1 :  0.075 0.006 0.003 0.009 0.012 0.701 0.035 0.023 0.007 0.010 0.005 0.066 0.034 0.015 
  4 TGCP_WM3    (1)    1 :  0.025 0.010 0.002 0.006 0.011 0.889 0.002 0.013 0.004 0.006 0.003 0.002 0.020 0.008 
  5 TGCP_WM4    (0)    1 :  0.025 0.090 0.002 0.008 0.010 0.794 0.004 0.012 0.005 0.015 0.005 0.006 0.014 0.010 
  6 TGCP_WM5    (0)    1 :  0.134 0.036 0.002 0.005 0.041 0.578 0.024 0.041 0.008 0.008 0.010 0.078 0.026 0.008 
  7 TGCP_WM6    (0)    1 :  0.021 0.023 0.002 0.006 0.005 0.873 0.003 0.011 0.004 0.011 0.018 0.003 0.012 0.008 
  8 TGCP_WM7    (0)    1 :  0.092 0.009 0.002 0.008 0.032 0.674 0.005 0.039 0.009 0.023 0.022 0.008 0.060 0.017 
  9 TGCP_WM8    (0)    1 :  0.021 0.047 0.002 0.005 0.010 0.820 0.003 0.013 0.003 0.005 0.043 0.007 0.011 0.010 
 10 TGCP_WM9    (0)    1 :  0.009 0.005 0.001 0.003 0.004 0.944 0.002 0.008 0.004 0.005 0.002 0.002 0.006 0.004 
 11 MRLP_WM123    (3)    2 :  0.069 0.016 0.002 0.007 0.629 0.009 0.118 0.027 0.004 0.012 0.004 0.073 0.019 0.010 
 12 MRLP_WM124    (4)    2 :  0.030 0.007 0.002 0.009 0.835 0.011 0.002 0.026 0.006 0.006 0.004 0.002 0.042 0.018 
 13 MRLP_WM125    (1)    2 :  0.070 0.010 0.003 0.008 0.647 0.025 0.077 0.018 0.042 0.006 0.003 0.063 0.019 0.008 
 14 MRLP_WM126    (2)    2 :  0.203 0.007 0.002 0.013 0.018 0.022 0.001 0.268 0.003 0.007 0.004 0.003 0.406 0.045 
 15 MRLP_WM127    (3)    2 :  0.518 0.006 0.003 0.014 0.033 0.137 0.005 0.100 0.030 0.009 0.005 0.012 0.111 0.016 
 16 MRLP_WM128    (3)    2 :  0.009 0.004 0.001 0.005 0.937 0.004 0.001 0.009 0.007 0.003 0.003 0.002 0.009 0.005 
 17 MRLP_WM129    (7)    2 :  0.122 0.006 0.002 0.006 0.559 0.028 0.004 0.020 0.003 0.213 0.004 0.008 0.012 0.013 
 18 MRLP_WM130    (5)    2 :  0.125 0.006 0.002 0.008 0.729 0.049 0.002 0.036 0.003 0.008 0.003 0.004 0.016 0.010 
 19 STT_WM183    (2)    3 :  0.034 0.022 0.002 0.007 0.017 0.017 0.085 0.022 0.005 0.007 0.005 0.057 0.038 0.682 
 20 STT_WM184    (3)    3 :  0.046 0.008 0.002 0.013 0.014 0.009 0.008 0.046 0.005 0.041 0.005 0.008 0.041 0.754 
 21 STT_WM185   (15)    3 :  0.241 0.005 0.002 0.014 0.039 0.030 0.002 0.245 0.003 0.009 0.004 0.004 0.363 0.038 
 22 STT_WM186   (13)    3 :  0.195 0.008 0.002 0.010 0.028 0.023 0.002 0.279 0.003 0.010 0.005 0.003 0.397 0.035 
 23 STT_WM187   (13)    3 :  0.022 0.005 0.002 0.007 0.011 0.008 0.002 0.020 0.004 0.004 0.005 0.003 0.015 0.893 
 24 STT_WM188    (3)    3 :  0.017 0.004 0.002 0.005 0.007 0.006 0.002 0.009 0.002 0.005 0.003 0.002 0.013 0.924 
 25 STT_WM189    (0)    3 :  0.164 0.004 0.002 0.008 0.018 0.017 0.002 0.338 0.003 0.005 0.004 0.003 0.404 0.029 
 26 STT_WM190   (11)    3 :  0.023 0.006 0.002 0.004 0.007 0.007 0.002 0.013 0.003 0.004 0.003 0.002 0.018 0.907 
 27 STT_WM191    (7)    3 :  0.080 0.006 0.002 0.011 0.012 0.014 0.002 0.115 0.003 0.011 0.005 0.003 0.167 0.570 
 28 STT_WM192   (12)    3 :  0.009 0.004 0.002 0.007 0.006 0.007 0.007 0.012 0.004 0.099 0.004 0.008 0.008 0.824 
 29 FSSP_WM241    (3)    4 :  0.150 0.022 0.002 0.011 0.148 0.052 0.008 0.165 0.012 0.165 0.034 0.018 0.184 0.027 
 30 FSSP_WM242   (15)    4 :  0.167 0.009 0.002 0.015 0.022 0.023 0.002 0.312 0.003 0.011 0.004 0.003 0.384 0.043 
 31 FSSP_WM243    (6)    4 :  0.012 0.005 0.002 0.005 0.006 0.004 0.009 0.011 0.003 0.903 0.004 0.009 0.015 0.013 
 32 FSSP_WM244    (5)    4 :  0.108 0.034 0.003 0.012 0.363 0.081 0.008 0.080 0.025 0.032 0.092 0.013 0.119 0.029 
 33 FSSP_WM245   (10)    4 :  0.128 0.010 0.003 0.020 0.021 0.026 0.002 0.169 0.004 0.291 0.004 0.003 0.277 0.042 
 34 FSSP_WM246    (6)    4 :  0.170 0.017 0.003 0.018 0.073 0.037 0.005 0.245 0.005 0.082 0.007 0.009 0.259 0.068 
 35 FSSP_WM247    (3)    4 :  0.022 0.010 0.002 0.005 0.018 0.018 0.008 0.014 0.008 0.847 0.017 0.007 0.013 0.010 
 36 FSSP_WM248    (9)    4 :  0.016 0.020 0.003 0.006 0.009 0.010 0.003 0.013 0.003 0.882 0.012 0.003 0.013 0.008 
 37 FSSP_WM249    (6)    4 :  0.031 0.038 0.002 0.009 0.014 0.014 0.004 0.046 0.004 0.775 0.003 0.006 0.042 0.012 
 38 FSSP_WM250    (2)    4 :  0.062 0.069 0.003 0.010 0.308 0.017 0.016 0.066 0.018 0.345 0.005 0.015 0.050 0.018 
 39 HNL_WM301    (3)    5 :  0.012 0.003 0.914 0.010 0.006 0.005 0.002 0.011 0.002 0.006 0.003 0.003 0.013 0.008 
 40 HNL_WM302    (2)    5 :  0.007 0.003 0.951 0.005 0.004 0.004 0.002 0.005 0.002 0.004 0.003 0.002 0.005 0.004 
 41 HNL_WM303    (2)    5 :  0.022 0.006 0.887 0.008 0.010 0.010 0.002 0.015 0.004 0.004 0.004 0.002 0.017 0.010 
 42 HNL_WM304    (3)    5 :  0.027 0.007 0.822 0.021 0.011 0.016 0.002 0.030 0.003 0.007 0.003 0.004 0.033 0.014 
 43 HNL_WM305    (3)    5 :  0.010 0.004 0.933 0.006 0.005 0.005 0.004 0.008 0.002 0.004 0.003 0.006 0.006 0.004 
 44 HNL_WM306    (0)    5 :  0.008 0.004 0.930 0.008 0.005 0.006 0.003 0.009 0.002 0.004 0.003 0.002 0.008 0.008 
 45 HNL_WM307    (3)    5 :  0.012 0.004 0.911 0.007 0.007 0.008 0.002 0.014 0.004 0.005 0.004 0.002 0.014 0.007 
 46 HNL_WM308    (3)    5 :  0.018 0.005 0.890 0.012 0.010 0.007 0.002 0.018 0.003 0.005 0.003 0.003 0.014 0.010 
 47 HNL_WM309    (0)    5 :  0.020 0.005 0.844 0.020 0.011 0.011 0.007 0.026 0.004 0.008 0.004 0.006 0.022 0.012 
 48 HNL_WM310   (10)    5 :  0.018 0.005 0.876 0.012 0.008 0.009 0.002 0.020 0.003 0.006 0.004 0.002 0.023 0.012 
 49 MPO_WM482    (2)    6 :  0.017 0.004 0.003 0.009 0.008 0.007 0.002 0.023 0.004 0.004 0.003 0.002 0.020 0.895 
 50 MPO_WM483    (3)    6 :  0.166 0.008 0.002 0.014 0.028 0.017 0.004 0.190 0.004 0.011 0.006 0.006 0.176 0.369 
 51 MPO_WM484    (1)    6 :  0.085 0.006 0.002 0.010 0.015 0.015 0.002 0.117 0.003 0.008 0.004 0.002 0.170 0.560 
 52 MPO_WM485    (0)    6 :  0.097 0.006 0.003 0.007 0.013 0.009 0.006 0.039 0.003 0.010 0.003 0.006 0.042 0.757 
 53 MPO_WM486   (21)    6 :  0.174 0.008 0.002 0.014 0.033 0.048 0.002 0.271 0.005 0.014 0.007 0.003 0.386 0.033 
 54 MPO_WM487   (19)    6 :  0.075 0.009 0.002 0.017 0.024 0.027 0.003 0.136 0.003 0.014 0.005 0.003 0.146 0.536 
 55 MPO_WM488    (9)    6 :  0.153 0.006 0.002 0.011 0.014 0.017 0.001 0.368 0.003 0.007 0.004 0.002 0.366 0.045 
 56 MPO_WM489    (3)    6 :  0.019 0.024 0.002 0.005 0.022 0.075 0.003 0.014 0.009 0.007 0.003 0.006 0.023 0.787 
 57 MPO_WM490   (24)    6 :  0.183 0.008 0.003 0.015 0.034 0.021 0.002 0.280 0.005 0.008 0.005 0.003 0.362 0.071 
 58 MPO_WM491   (11)    6 :  0.156 0.007 0.002 0.010 0.032 0.022 0.001 0.381 0.003 0.007 0.003 0.003 0.335 0.037 
 59 OICP_WM541    (1)    7 :  0.026 0.004 0.002 0.006 0.010 0.881 0.002 0.020 0.002 0.007 0.003 0.002 0.024 0.011 
 60 OICP_WM542    (2)    7 :  0.027 0.004 0.002 0.008 0.009 0.871 0.002 0.025 0.003 0.006 0.004 0.002 0.027 0.010 
 61 OICP_WM543    (0)    7 :  0.031 0.005 0.002 0.006 0.013 0.867 0.001 0.025 0.003 0.005 0.003 0.002 0.028 0.009 
 62 OICP_WM544    (1)    7 :  0.395 0.008 0.002 0.007 0.058 0.304 0.015 0.025 0.004 0.034 0.014 0.058 0.042 0.035 
 63 OICP_WM545    (0)    7 :  0.084 0.005 0.002 0.007 0.017 0.758 0.002 0.050 0.003 0.007 0.004 0.006 0.046 0.011 
 64 OICP_WM546    (3)    7 :  0.538 0.004 0.002 0.008 0.025 0.136 0.001 0.104 0.002 0.005 0.004 0.009 0.144 0.016 
 65 OICP_WM547    (2)    7 :  0.570 0.004 0.002 0.007 0.021 0.119 0.002 0.093 0.003 0.006 0.003 0.009 0.145 0.017 
 66 OICP_WM548    (3)    7 :  0.026 0.004 0.002 0.007 0.008 0.886 0.001 0.022 0.003 0.004 0.004 0.003 0.021 0.008 
 67 OICP_WM549    (0)    7 :  0.025 0.005 0.002 0.006 0.006 0.901 0.001 0.017 0.003 0.004 0.003 0.002 0.017 0.008 
 68 OICP_WM550    (1)    7 :  0.044 0.004 0.001 0.007 0.011 0.837 0.002 0.041 0.003 0.004 0.004 0.002 0.028 0.012 
 69 IRO_WM601    (2)    8 :  0.197 0.140 0.002 0.008 0.044 0.362 0.007 0.052 0.005 0.033 0.049 0.035 0.044 0.021 
 70 IRO_WM602    (1)    8 :  0.484 0.007 0.002 0.008 0.082 0.155 0.008 0.100 0.006 0.010 0.007 0.019 0.091 0.021 
 71 IRO_WM603    (2)    8 :  0.089 0.319 0.002 0.009 0.036 0.021 0.021 0.037 0.005 0.035 0.319 0.048 0.043 0.015 
 72 IRO_WM604    (0)    8 :  0.023 0.015 0.002 0.006 0.605 0.012 0.149 0.026 0.032 0.007 0.009 0.078 0.024 0.010 
 73 IRO_WM605    (3)    8 :  0.017 0.038 0.002 0.007 0.745 0.108 0.002 0.016 0.014 0.004 0.004 0.012 0.019 0.011 
 74 IRO_WM606    (3)    8 :  0.038 0.013 0.003 0.009 0.698 0.015 0.004 0.047 0.033 0.019 0.006 0.005 0.066 0.045 
 75 IRO_WM607    (2)    8 :  0.158 0.078 0.003 0.014 0.380 0.029 0.012 0.076 0.014 0.085 0.005 0.017 0.099 0.031 
 76 IRO_WM608    (0)    8 :  0.363 0.070 0.002 0.009 0.036 0.108 0.077 0.090 0.013 0.041 0.014 0.106 0.054 0.019 
 77 IRO_WM609    (0)    8 :  0.237 0.037 0.003 0.010 0.165 0.031 0.069 0.117 0.013 0.010 0.049 0.081 0.149 0.029 
 78 IRO_WM610   (13)    8 :  0.055 0.008 0.003 0.017 0.057 0.017 0.013 0.091 0.051 0.246 0.056 0.013 0.112 0.261 
 79 HGRF_WM661    (5)    9 :  0.568 0.005 0.002 0.007 0.024 0.105 0.002 0.114 0.003 0.005 0.003 0.004 0.139 0.019 
 80 HGRF_WM662    (5)    9 :  0.193 0.006 0.002 0.015 0.023 0.018 0.002 0.280 0.003 0.008 0.004 0.002 0.403 0.041 
 81 HGRF_WM663    (4)    9 :  0.577 0.005 0.003 0.007 0.019 0.122 0.001 0.104 0.003 0.007 0.003 0.008 0.127 0.013 
 82 HGRF_WM664    (3)    9 :  0.238 0.006 0.002 0.009 0.014 0.037 0.002 0.259 0.003 0.009 0.003 0.005 0.383 0.030 
 83 HGRF_WM665    (1)    9 :  0.488 0.011 0.003 0.013 0.023 0.219 0.008 0.078 0.005 0.012 0.007 0.019 0.089 0.024 
 84 HGRF_WM666    (5)    9 :  0.182 0.006 0.002 0.014 0.019 0.018 0.001 0.264 0.003 0.006 0.003 0.002 0.449 0.030 
 85 HGRF_WM667    (0)    9 :  0.195 0.006 0.002 0.011 0.018 0.022 0.001 0.248 0.003 0.009 0.004 0.002 0.436 0.043 
 86 HGRF_WM668    (4)    9 :  0.533 0.005 0.002 0.009 0.025 0.120 0.002 0.122 0.003 0.006 0.004 0.008 0.143 0.019 
 87 HGRF_WM669    (5)    9 :  0.162 0.005 0.002 0.014 0.021 0.019 0.002 0.357 0.003 0.007 0.004 0.002 0.365 0.039 
 88 HGRF_WM670    (9)    9 :  0.226 0.008 0.002 0.010 0.019 0.054 0.001 0.262 0.003 0.008 0.004 0.006 0.369 0.028 
 89 PTP_WM721    (2)   10 :  0.193 0.010 0.004 0.028 0.027 0.038 0.011 0.225 0.006 0.017 0.006 0.011 0.364 0.060 
 90 PTP_WM722    (2)   10 :  0.029 0.005 0.003 0.010 0.010 0.008 0.010 0.803 0.006 0.006 0.006 0.009 0.032 0.062 
 91 PTP_WM723   (25)   10 :  0.159 0.006 0.003 0.012 0.046 0.029 0.002 0.356 0.003 0.006 0.005 0.003 0.318 0.050 
 92 PTP_WM724   (13)   10 :  0.190 0.009 0.002 0.016 0.021 0.024 0.002 0.261 0.004 0.008 0.005 0.003 0.390 0.064 
 93 PTP_WM725   (25)   10 :  0.181 0.010 0.003 0.024 0.018 0.024 0.002 0.264 0.003 0.016 0.006 0.003 0.397 0.049 
 94 PTP_WM726   (13)   10 :  0.168 0.008 0.003 0.012 0.030 0.030 0.002 0.283 0.003 0.007 0.005 0.003 0.406 0.040 
 95 PTP_WM727   (10)   10 :  0.176 0.007 0.002 0.016 0.039 0.018 0.002 0.341 0.003 0.008 0.004 0.002 0.349 0.034 
 96 PTP_WM728    (8)   10 :  0.192 0.006 0.002 0.010 0.014 0.016 0.002 0.289 0.003 0.007 0.003 0.002 0.421 0.033 
 97 PTP_WM729    (9)   10 :  0.028 0.003 0.002 0.006 0.010 0.010 0.002 0.842 0.003 0.007 0.003 0.002 0.038 0.046 
 98 PTP_WM730    (8)   10 :  0.011 0.004 0.002 0.006 0.009 0.006 0.001 0.873 0.003 0.006 0.004 0.002 0.016 0.058 
 99 RRL_WM782    (9)   11 :  0.197 0.010 0.002 0.010 0.024 0.018 0.002 0.279 0.004 0.008 0.005 0.002 0.402 0.038 
100 RRL_WM783    (8)   11 :  0.014 0.876 0.002 0.009 0.010 0.014 0.003 0.014 0.005 0.009 0.009 0.005 0.017 0.013 
101 RRL_WM784    (1)   11 :  0.026 0.809 0.002 0.008 0.025 0.008 0.003 0.043 0.011 0.007 0.009 0.004 0.028 0.016 
102 RRL_WM785    (1)   11 :  0.175 0.006 0.002 0.010 0.019 0.018 0.001 0.267 0.003 0.006 0.003 0.002 0.461 0.027 
103 RRL_WM786    (2)   11 :  0.013 0.815 0.002 0.005 0.079 0.005 0.004 0.009 0.030 0.015 0.003 0.003 0.009 0.007 
104 RRL_WM787    (3)   11 :  0.104 0.704 0.002 0.005 0.021 0.072 0.008 0.019 0.008 0.007 0.010 0.017 0.015 0.006 
105 RRL_WM788    (0)   11 :  0.017 0.720 0.002 0.004 0.006 0.007 0.097 0.010 0.003 0.014 0.006 0.102 0.005 0.007 
106 RRL_WM789    (2)   11 :  0.011 0.923 0.002 0.003 0.007 0.008 0.002 0.008 0.007 0.003 0.011 0.002 0.007 0.006 
107 RRL_WM790    (0)   11 :  0.048 0.461 0.003 0.011 0.161 0.013 0.108 0.042 0.021 0.011 0.007 0.073 0.026 0.016 
108 RRL_WM791    (0)   11 :  0.059 0.686 0.003 0.008 0.037 0.035 0.006 0.043 0.003 0.039 0.004 0.009 0.050 0.018 
109 RRO_WM842    (0)   12 :  0.020 0.795 0.002 0.007 0.068 0.012 0.003 0.021 0.009 0.007 0.008 0.004 0.033 0.012 
110 RRO_WM843    (7)   12 :  0.028 0.485 0.003 0.009 0.043 0.016 0.009 0.019 0.007 0.006 0.320 0.022 0.021 0.012 
111 RRO_WM844    (2)   12 :  0.062 0.033 0.002 0.010 0.325 0.017 0.004 0.065 0.007 0.009 0.363 0.004 0.086 0.014 
112 RRO_WM845    (4)   12 :  0.011 0.896 0.002 0.005 0.006 0.007 0.002 0.012 0.003 0.004 0.031 0.002 0.012 0.006 
113 RRO_WM846   (10)   12 :  0.033 0.774 0.002 0.011 0.014 0.014 0.002 0.026 0.005 0.015 0.020 0.003 0.060 0.021 
114 RRO_WM847    (6)   12 :  0.044 0.694 0.003 0.007 0.108 0.014 0.002 0.029 0.010 0.007 0.046 0.006 0.020 0.012 
115 RRO_WM848    (4)   12 :  0.104 0.455 0.003 0.013 0.024 0.027 0.009 0.105 0.005 0.062 0.012 0.009 0.134 0.040 
116 RRO_WM849    (5)   12 :  0.032 0.755 0.003 0.009 0.014 0.081 0.002 0.035 0.004 0.006 0.009 0.003 0.029 0.018 
117 RRO_WM850    (2)   12 :  0.033 0.857 0.003 0.007 0.014 0.010 0.003 0.022 0.004 0.006 0.003 0.003 0.026 0.011 
118 RRO_WM851    (1)   12 :  0.075 0.562 0.002 0.018 0.026 0.020 0.002 0.096 0.004 0.006 0.031 0.002 0.132 0.023 
119 CPS_WM901    (2)   13 :  0.015 0.014 0.002 0.005 0.018 0.007 0.003 0.012 0.005 0.006 0.889 0.003 0.016 0.005 
120 CPS_WM902    (2)   13 :  0.010 0.009 0.002 0.005 0.006 0.050 0.002 0.011 0.015 0.004 0.864 0.003 0.010 0.009 
121 CPS_WM903    (5)   13 :  0.010 0.011 0.002 0.004 0.008 0.005 0.002 0.007 0.011 0.004 0.920 0.002 0.009 0.005 
122 CPS_WM904    (1)   13 :  0.015 0.012 0.002 0.005 0.008 0.008 0.020 0.012 0.017 0.007 0.857 0.013 0.016 0.008 
123 CPS_WM905    (2)   13 :  0.010 0.009 0.002 0.005 0.008 0.005 0.033 0.008 0.005 0.022 0.832 0.037 0.010 0.013 
124 CPS_WM906    (3)   13 :  0.016 0.006 0.002 0.007 0.006 0.010 0.002 0.025 0.003 0.006 0.890 0.003 0.015 0.011 
125 CPS_WM907    (6)   13 :  0.058 0.008 0.002 0.010 0.013 0.011 0.002 0.056 0.003 0.006 0.750 0.002 0.062 0.018 
126 CPS_WM908    (3)   13 :  0.043 0.011 0.002 0.014 0.025 0.020 0.004 0.053 0.009 0.013 0.713 0.004 0.055 0.034 
127 CPS_WM909    (2)   13 :  0.038 0.010 0.002 0.009 0.015 0.016 0.003 0.031 0.007 0.014 0.797 0.004 0.041 0.013 
128 CPS_WM910    (1)   13 :  0.012 0.007 0.002 0.008 0.010 0.009 0.007 0.019 0.004 0.006 0.875 0.009 0.023 0.010 
129 PPNP_WM962    (1)   14 :  0.007 0.004 0.005 0.936 0.004 0.005 0.003 0.010 0.002 0.003 0.003 0.003 0.011 0.004 
130 PPNP_WM963    (0)   14 :  0.039 0.008 0.014 0.768 0.015 0.012 0.008 0.048 0.004 0.007 0.006 0.006 0.047 0.018 
131 PPNP_WM964    (0)   14 :  0.014 0.005 0.050 0.852 0.005 0.006 0.014 0.013 0.004 0.006 0.003 0.010 0.012 0.007 
132 PPNP_WM965    (4)   14 :  0.020 0.005 0.003 0.868 0.010 0.008 0.001 0.029 0.003 0.006 0.003 0.003 0.030 0.010 
133 PPNP_WM966    (4)   14 :  0.010 0.003 0.002 0.936 0.007 0.005 0.001 0.010 0.002 0.005 0.002 0.002 0.009 0.006 
134 PPNP_WM967    (4)   14 :  0.045 0.007 0.002 0.770 0.016 0.016 0.002 0.055 0.004 0.008 0.003 0.002 0.056 0.014 
135 PPNP_WM968    (5)   14 :  0.151 0.009 0.015 0.117 0.019 0.023 0.006 0.232 0.004 0.018 0.004 0.007 0.338 0.057 
136 PPNP_WM969    (2)   14 :  0.036 0.007 0.002 0.820 0.018 0.013 0.001 0.026 0.003 0.006 0.004 0.003 0.042 0.019 
137 PPNP_WM970    (2)   14 :  0.040 0.007 0.004 0.769 0.016 0.017 0.002 0.065 0.003 0.007 0.003 0.002 0.048 0.016 
138 PPNP_WM971    (2)   14 :  0.044 0.007 0.003 0.786 0.012 0.017 0.002 0.039 0.003 0.007 0.003 0.003 0.056 0.018 
139 FPPI_WM1021    (4)   15 :  0.023 0.005 0.003 0.813 0.017 0.011 0.009 0.040 0.005 0.006 0.003 0.009 0.035 0.022 
140 FPPI_WM1022    (4)   15 :  0.046 0.004 0.019 0.568 0.011 0.010 0.005 0.050 0.003 0.006 0.006 0.005 0.062 0.203 
141 FPPI_WM1023    (1)   15 :  0.023 0.007 0.005 0.845 0.007 0.008 0.001 0.034 0.002 0.006 0.005 0.003 0.042 0.011 
142 FPPI_WM1024    (5)   15 :  0.052 0.005 0.003 0.777 0.012 0.011 0.002 0.047 0.003 0.009 0.003 0.003 0.053 0.022 
143 FPPI_WM1025    (6)   15 :  0.064 0.007 0.005 0.756 0.015 0.018 0.002 0.052 0.002 0.007 0.004 0.002 0.048 0.018 
144 FPPI_WM1026    (1)   15 :  0.011 0.005 0.002 0.926 0.007 0.005 0.002 0.010 0.003 0.005 0.003 0.003 0.013 0.005 
145 FPPI_WM1027    (3)   15 :  0.009 0.004 0.002 0.939 0.005 0.004 0.002 0.008 0.002 0.004 0.002 0.002 0.010 0.006 
146 FPPI_WM1028    (2)   15 :  0.014 0.004 0.007 0.896 0.008 0.008 0.002 0.021 0.003 0.004 0.004 0.002 0.018 0.010 
147 FPPI_WM1029    (3)   15 :  0.063 0.008 0.023 0.540 0.021 0.021 0.002 0.108 0.004 0.010 0.005 0.003 0.167 0.024 
148 FPPI_WM1030    (1)   15 :  0.016 0.005 0.005 0.877 0.009 0.007 0.016 0.016 0.004 0.005 0.005 0.015 0.014 0.007 
149 CRWA_WM1082    (2)   16 :  0.009 0.003 0.002 0.003 0.006 0.005 0.001 0.007 0.002 0.941 0.002 0.002 0.007 0.008 
150 CRWA_WM1084    (5)   16 :  0.323 0.010 0.002 0.009 0.040 0.056 0.003 0.098 0.007 0.365 0.005 0.003 0.074 0.007 
151 CRWA_WM1085    (2)   16 :  0.217 0.010 0.002 0.006 0.021 0.011 0.002 0.125 0.009 0.454 0.004 0.003 0.119 0.018 
152 CRWA_WM1086    (9)   16 :  0.284 0.047 0.003 0.009 0.032 0.024 0.006 0.142 0.005 0.112 0.005 0.011 0.142 0.178 
153 CRWA_WM1087    (0)   16 :  0.092 0.007 0.002 0.012 0.020 0.012 0.088 0.049 0.013 0.543 0.021 0.051 0.063 0.026 
154 CRWA_WM1088    (1)   16 :  0.491 0.005 0.003 0.011 0.026 0.073 0.021 0.123 0.018 0.039 0.004 0.020 0.094 0.071 
155 CRWA_WM1089    (3)   16 :  0.060 0.007 0.003 0.014 0.018 0.026 0.002 0.081 0.005 0.654 0.005 0.002 0.094 0.030 
156 CRWA_WM1090    (0)   16 :  0.109 0.024 0.002 0.013 0.341 0.018 0.006 0.106 0.057 0.171 0.004 0.009 0.106 0.032 
157 CRWA_WM1092    (1)   16 :  0.053 0.008 0.002 0.009 0.013 0.020 0.097 0.078 0.010 0.583 0.004 0.050 0.058 0.015 
158 CRWA_WM1093    (1)   16 :  0.129 0.006 0.003 0.010 0.015 0.065 0.042 0.032 0.006 0.617 0.004 0.035 0.021 0.014 
159 PCRA_WM1141    (3)   17 :  0.047 0.018 0.002 0.011 0.179 0.013 0.002 0.045 0.559 0.063 0.005 0.003 0.038 0.014 
160 PCRA_WM1142    (3)   17 :  0.063 0.009 0.002 0.013 0.025 0.022 0.002 0.070 0.651 0.011 0.005 0.002 0.102 0.024 
161 PCRA_WM1143    (1)   17 :  0.107 0.013 0.002 0.012 0.092 0.018 0.002 0.109 0.459 0.011 0.006 0.004 0.134 0.031 
162 PCRA_WM1144    (2)   17 :  0.056 0.652 0.002 0.009 0.014 0.111 0.002 0.040 0.010 0.007 0.014 0.003 0.062 0.018 
163 PCRA_WM1145    (4)   17 :  0.098 0.012 0.003 0.015 0.089 0.044 0.006 0.099 0.344 0.021 0.022 0.007 0.198 0.041 
164 PCRA_WM1146    (2)   17 :  0.015 0.012 0.002 0.004 0.019 0.039 0.009 0.013 0.753 0.090 0.007 0.010 0.010 0.017 
165 PCRA_WM1147    (1)   17 :  0.285 0.008 0.002 0.010 0.176 0.027 0.002 0.170 0.121 0.043 0.004 0.002 0.136 0.014 
166 PCRA_WM1148    (0)   17 :  0.009 0.008 0.002 0.005 0.029 0.011 0.010 0.011 0.882 0.004 0.004 0.009 0.008 0.007 
167 PCRA_WM1149    (1)   17 :  0.015 0.021 0.002 0.006 0.009 0.027 0.012 0.013 0.732 0.009 0.123 0.009 0.013 0.009 
168 PCRA_WM1150    (0)   17 :  0.018 0.013 0.005 0.006 0.018 0.034 0.015 0.010 0.824 0.007 0.004 0.023 0.014 0.008 
169 DHFA_WM1202    (3)   18 :  0.048 0.007 0.707 0.014 0.019 0.021 0.003 0.051 0.004 0.011 0.005 0.004 0.075 0.031 
170 DHFA_WM1203    (1)   18 :  0.042 0.009 0.725 0.026 0.022 0.010 0.003 0.066 0.004 0.009 0.007 0.003 0.052 0.021 
171 DHFA_WM1204    (2)   18 :  0.043 0.008 0.768 0.012 0.015 0.017 0.002 0.038 0.004 0.009 0.006 0.003 0.056 0.018 
172 DHFA_WM1205    (5)   18 :  0.009 0.004 0.927 0.007 0.006 0.005 0.002 0.012 0.002 0.004 0.003 0.002 0.010 0.007 
173 DHFA_WM1206    (4)   18 :  0.015 0.004 0.906 0.005 0.005 0.008 0.002 0.015 0.003 0.005 0.004 0.003 0.017 0.009 
174 DHFA_WM1207    (2)   18 :  0.008 0.004 0.946 0.004 0.003 0.005 0.002 0.006 0.003 0.003 0.003 0.002 0.008 0.004 
175 DHFA_WM1208    (3)   18 :  0.014 0.005 0.908 0.008 0.006 0.007 0.002 0.017 0.003 0.005 0.003 0.003 0.014 0.007 
176 DHFA_WM1209    (1)   18 :  0.008 0.004 0.930 0.006 0.007 0.006 0.007 0.007 0.004 0.004 0.002 0.006 0.006 0.005 
177 DHFA_WM1210    (0)   18 :  0.004 0.002 0.963 0.002 0.003 0.002 0.004 0.003 0.002 0.002 0.002 0.005 0.004 0.002 
178 DHFA_WM1211    (2)   18 :  0.037 0.008 0.769 0.012 0.018 0.016 0.002 0.044 0.004 0.011 0.005 0.003 0.052 0.019 


Estimated Allele Frequencies in each cluster
First column gives estimated ancestral frequencies


Locus 1 : 953_21 
2 alleles
4.5% missing data
 120   (0.950) 1.000 0.998 0.997 0.902 0.999 0.999 0.953 1.000 0.995 0.998 0.997 0.958 1.000 0.999 
 100   (0.050) 0.000 0.002 0.003 0.098 0.001 0.001 0.047 0.000 0.005 0.002 0.003 0.042 0.000 0.001 

Locus 2 : 2370_26 
2 alleles
6.2% missing data
 110   (0.951) 1.000 0.998 0.997 0.794 0.999 0.999 0.954 1.000 0.995 0.998 0.997 0.960 1.000 0.999 
 130   (0.049) 0.000 0.002 0.003 0.206 0.001 0.001 0.046 0.000 0.005 0.002 0.003 0.040 0.000 0.001 

Locus 3 : 2692_87 
2 alleles
1.7% missing data
 130   (0.946) 1.000 0.998 0.765 0.999 0.999 0.999 0.949 1.000 0.995 0.998 0.997 0.955 1.000 0.999 
 120   (0.054) 0.000 0.002 0.235 0.001 0.001 0.001 0.051 0.000 0.005 0.002 0.003 0.045 0.000 0.001 

Locus 4 : 2828_58 
2 alleles
6.7% missing data
 100   (0.919) 0.985 0.996 0.995 0.998 0.997 0.996 0.917 0.998 0.819 0.996 0.994 0.908 0.999 0.998 
 120   (0.081) 0.015 0.004 0.005 0.002 0.003 0.004 0.083 0.002 0.181 0.004 0.006 0.092 0.001 0.002 

Locus 5 : 6398_73 
2 alleles
6.2% missing data
 130   (0.912) 0.999 0.997 0.643 0.800 0.999 0.999 0.917 1.000 0.992 0.997 0.995 0.926 1.000 0.998 
 100   (0.088) 0.001 0.003 0.357 0.200 0.001 0.001 0.083 0.000 0.008 0.003 0.005 0.074 0.000 0.002 

Locus 6 : 7469_71 
2 alleles
5.1% missing data
 130   (0.954) 0.999 0.998 0.997 0.998 0.999 0.999 0.953 0.987 0.992 0.998 0.996 0.957 1.000 0.997 
 110   (0.046) 0.001 0.002 0.003 0.002 0.001 0.001 0.047 0.013 0.008 0.002 0.004 0.043 0.000 0.003 

Locus 7 : 7615_47 
2 alleles
5.1% missing data
 130   (0.953) 0.997 0.997 0.996 0.998 0.998 0.999 0.952 0.998 0.993 0.997 0.996 0.955 0.997 0.997 
 100   (0.047) 0.003 0.003 0.004 0.002 0.002 0.001 0.048 0.002 0.007 0.003 0.004 0.045 0.003 0.003 

Locus 8 : 8211_10 
2 alleles
2.8% missing data
 120   (0.951) 1.000 0.998 0.936 0.999 0.999 0.999 0.954 1.000 0.995 0.998 0.997 0.959 1.000 0.999 
 100   (0.049) 0.000 0.002 0.064 0.001 0.001 0.001 0.046 0.000 0.005 0.002 0.003 0.041 0.000 0.001 

Locus 9 : 8394_14 
2 alleles
2.2% missing data
 110   (0.950) 1.000 0.998 0.996 0.866 0.999 0.999 0.953 1.000 0.995 0.998 0.997 0.959 1.000 0.998 
 130   (0.050) 0.000 0.002 0.004 0.134 0.001 0.001 0.047 0.000 0.005 0.002 0.003 0.041 0.000 0.002 

Locus 10 : 9621_63 
2 alleles
3.9% missing data
 130   (0.951) 1.000 0.998 0.939 0.999 0.999 0.999 0.954 1.000 0.995 0.998 0.997 0.959 1.000 0.999 
 110   (0.049) 0.000 0.002 0.061 0.001 0.001 0.001 0.046 0.000 0.005 0.002 0.003 0.041 0.000 0.001 

Locus 11 : 9880_35 
2 alleles
4.5% missing data
 120   (0.945) 1.000 0.998 0.706 0.999 0.999 0.999 0.949 1.000 0.995 0.998 0.997 0.954 1.000 0.999 
 100   (0.055) 0.000 0.002 0.294 0.001 0.001 0.001 0.051 0.000 0.005 0.002 0.003 0.046 0.000 0.001 

Locus 12 : 11163_16 
2 alleles
7.9% missing data
 130   (0.948) 1.000 0.998 0.914 0.999 0.999 0.999 0.951 1.000 0.995 0.998 0.997 0.958 1.000 0.999 
 110   (0.052) 0.000 0.002 0.086 0.001 0.001 0.001 0.049 0.000 0.005 0.002 0.003 0.042 0.000 0.001 

Locus 13 : 11991_31 
2 alleles
4.5% missing data
 120   (0.921) 0.992 0.980 0.995 0.998 0.988 0.998 0.915 0.999 0.988 0.992 0.995 0.899 1.000 0.998 
 100   (0.079) 0.008 0.020 0.005 0.002 0.012 0.002 0.085 0.001 0.012 0.008 0.005 0.101 0.000 0.002 

Locus 14 : 12766_17 
2 alleles
2.2% missing data
 120   (0.956) 1.000 0.998 0.997 0.999 0.999 0.999 0.958 1.000 0.930 0.998 0.994 0.963 1.000 0.999 
 100   (0.044) 0.000 0.002 0.003 0.001 0.001 0.001 0.042 0.000 0.070 0.002 0.006 0.037 0.000 0.001 

Locus 15 : 13496_14 
2 alleles
5.1% missing data
 110   (0.948) 1.000 0.998 0.997 0.999 0.999 0.999 0.951 1.000 0.995 0.998 0.694 0.957 1.000 0.999 
 100   (0.052) 0.000 0.002 0.003 0.001 0.001 0.001 0.049 0.000 0.005 0.002 0.306 0.043 0.000 0.001 

Locus 16 : 14394_41 
2 alleles
2.2% missing data
 130   (0.953) 1.000 0.998 0.997 0.999 0.999 0.999 0.956 1.000 0.928 0.998 0.997 0.961 1.000 0.999 
 110   (0.047) 0.000 0.002 0.003 0.001 0.001 0.001 0.044 0.000 0.072 0.002 0.003 0.039 0.000 0.001 

Locus 17 : 16285_24 
2 alleles
6.2% missing data
 130   (0.950) 1.000 0.998 0.875 0.999 0.999 0.999 0.953 1.000 0.995 0.998 0.997 0.958 1.000 0.999 
 100   (0.050) 0.000 0.002 0.125 0.001 0.001 0.001 0.047 0.000 0.005 0.002 0.003 0.042 0.000 0.001 

Locus 18 : 18821_69 
2 alleles
7.3% missing data
 120   (0.951) 1.000 0.998 0.997 0.999 0.999 0.999 0.954 1.000 0.995 0.998 0.997 0.959 1.000 0.736 
 110   (0.049) 0.000 0.002 0.003 0.001 0.001 0.001 0.046 0.000 0.005 0.002 0.003 0.041 0.000 0.264 

Locus 19 : 19006_32 
2 alleles
6.7% missing data
 120   (0.912) 0.999 0.997 0.661 0.801 0.999 0.999 0.917 1.000 0.991 0.997 0.995 0.926 1.000 0.998 
 110   (0.088) 0.001 0.003 0.339 0.199 0.001 0.001 0.083 0.000 0.009 0.003 0.005 0.074 0.000 0.002 

Locus 20 : 19602_58 
2 alleles
4.5% missing data
 120   (0.953) 1.000 0.998 0.973 0.999 0.999 0.999 0.956 1.000 0.995 0.998 0.997 0.961 1.000 0.999 
 100   (0.047) 0.000 0.002 0.027 0.001 0.001 0.001 0.044 0.000 0.005 0.002 0.003 0.039 0.000 0.001 

Locus 21 : 20143_24 
2 alleles
3.4% missing data
 120   (0.954) 1.000 0.998 0.997 0.999 0.999 1.000 0.954 1.000 0.995 0.998 0.968 0.956 1.000 0.999 
 100   (0.046) 0.000 0.002 0.003 0.001 0.001 0.000 0.046 0.000 0.005 0.002 0.032 0.044 0.000 0.001 

Locus 22 : 21661_29 
2 alleles
2.2% missing data
 120   (0.952) 1.000 0.998 0.893 0.999 0.999 0.999 0.955 1.000 0.995 0.998 0.997 0.960 1.000 0.999 
 100   (0.048) 0.000 0.002 0.107 0.001 0.001 0.001 0.045 0.000 0.005 0.002 0.003 0.040 0.000 0.001 

Locus 23 : 22603_12 
2 alleles
5.1% missing data
 130   (0.950) 1.000 0.998 0.945 0.999 0.999 0.999 0.953 1.000 0.995 0.998 0.997 0.959 1.000 0.999 
 110   (0.050) 0.000 0.002 0.055 0.001 0.001 0.001 0.047 0.000 0.005 0.002 0.003 0.041 0.000 0.001 

Locus 24 : 25109_23 
2 alleles
1.7% missing data
 120   (0.927) 0.998 0.996 0.995 0.998 0.991 0.999 0.930 0.999 0.947 0.824 0.994 0.935 0.999 0.998 
 100   (0.073) 0.002 0.004 0.005 0.002 0.009 0.001 0.070 0.001 0.053 0.176 0.006 0.065 0.001 0.002 

Locus 25 : 25511_77 
2 alleles
5.1% missing data
 130   (0.950) 1.000 0.998 0.996 0.940 0.999 0.999 0.952 1.000 0.995 0.998 0.997 0.957 1.000 0.999 
 110   (0.050) 0.000 0.002 0.004 0.060 0.001 0.001 0.048 0.000 0.005 0.002 0.003 0.043 0.000 0.001 

Locus 26 : 26816_9 
2 alleles
5.6% missing data
 110   (0.859) 0.973 0.814 0.991 0.997 0.976 0.994 0.851 0.997 0.983 0.680 0.977 0.832 0.996 0.995 
 130   (0.141) 0.027 0.186 0.009 0.003 0.024 0.006 0.149 0.003 0.017 0.320 0.023 0.168 0.004 0.005 

Locus 27 : 29455_86 
2 alleles
5.6% missing data
 120   (0.953) 0.999 0.998 0.997 0.999 0.995 0.999 0.949 1.000 0.991 0.998 0.997 0.949 1.000 0.999 
 110   (0.047) 0.001 0.002 0.003 0.001 0.005 0.001 0.051 0.000 0.009 0.002 0.003 0.051 0.000 0.001 

Locus 28 : 30970_30 
2 alleles
6.7% missing data
 120   (0.953) 1.000 0.998 0.997 0.999 0.999 0.999 0.954 1.000 0.993 0.998 0.960 0.960 1.000 0.999 
 110   (0.047) 0.000 0.002 0.003 0.001 0.001 0.001 0.046 0.000 0.007 0.002 0.040 0.040 0.000 0.001 

Locus 29 : 33052_5 
2 alleles
1.1% missing data
 130   (0.953) 1.000 0.998 0.997 0.999 0.999 0.999 0.955 1.000 0.995 0.993 0.997 0.959 1.000 0.972 
 110   (0.047) 0.000 0.002 0.003 0.001 0.001 0.001 0.045 0.000 0.005 0.007 0.003 0.041 0.000 0.028 

Locus 30 : 33744_32 
2 alleles
2.8% missing data
 130   (0.948) 1.000 0.998 0.997 0.999 0.999 0.999 0.950 1.000 0.995 0.998 0.997 0.956 1.000 0.888 
 110   (0.052) 0.000 0.002 0.003 0.001 0.001 0.001 0.050 0.000 0.005 0.002 0.003 0.044 0.000 0.112 

Locus 31 : 34805_8 
2 alleles
4.5% missing data
 110   (0.933) 1.000 0.998 0.996 0.998 0.994 0.999 0.932 1.000 0.749 0.997 0.996 0.935 1.000 0.999 
 120   (0.067) 0.000 0.002 0.004 0.002 0.006 0.001 0.068 0.000 0.251 0.003 0.004 0.065 0.000 0.001 

Locus 32 : 35345_10 
2 alleles
5.1% missing data
 130   (0.948) 0.995 0.998 0.997 0.999 0.999 0.999 0.949 0.997 0.994 0.998 0.997 0.953 0.999 0.941 
 110   (0.052) 0.005 0.002 0.003 0.001 0.001 0.001 0.051 0.003 0.006 0.002 0.003 0.047 0.001 0.059 

Locus 33 : 35769_30 
2 alleles
6.2% missing data
 110   (0.935) 1.000 0.997 0.996 0.998 0.999 0.999 0.937 1.000 0.925 0.995 0.961 0.943 1.000 0.999 
 100   (0.065) 0.000 0.003 0.004 0.002 0.001 0.001 0.063 0.000 0.075 0.005 0.039 0.057 0.000 0.001 

Locus 34 : 35965_89 
2 alleles
3.4% missing data
 130   (0.954) 0.999 0.998 0.997 0.999 0.999 0.999 0.952 1.000 0.995 0.979 0.997 0.956 1.000 0.999 
 100   (0.046) 0.001 0.002 0.003 0.001 0.001 0.001 0.048 0.000 0.005 0.021 0.003 0.044 0.000 0.001 

Locus 35 : 39654_13 
2 alleles
5.6% missing data
 120   (0.953) 1.000 0.990 0.997 0.999 0.999 0.999 0.952 1.000 0.995 0.998 0.997 0.951 1.000 0.999 
 100   (0.047) 0.000 0.010 0.003 0.001 0.001 0.001 0.048 0.000 0.005 0.002 0.003 0.049 0.000 0.001 

Locus 36 : 39700_65 
2 alleles
3.4% missing data
 110   (0.954) 0.999 0.998 0.997 0.999 0.998 0.999 0.949 1.000 0.994 0.998 0.995 0.945 1.000 0.999 
 120   (0.046) 0.001 0.002 0.003 0.001 0.002 0.001 0.051 0.000 0.006 0.002 0.005 0.055 0.000 0.001 

Locus 37 : 40824_7 
2 alleles
5.1% missing data
 130   (0.952) 1.000 0.931 0.997 0.999 0.999 0.999 0.955 1.000 0.995 0.998 0.996 0.960 1.000 0.999 
 110   (0.048) 0.000 0.069 0.003 0.001 0.001 0.001 0.045 0.000 0.005 0.002 0.004 0.040 0.000 0.001 

Locus 38 : 41554_43 
2 alleles
7.3% missing data
 120   (0.954) 1.000 0.998 0.997 0.999 0.999 0.999 0.957 1.000 0.994 0.998 0.958 0.962 1.000 0.999 
 100   (0.046) 0.000 0.002 0.003 0.001 0.001 0.001 0.043 0.000 0.006 0.002 0.042 0.038 0.000 0.001 

Locus 39 : 42501_5 
2 alleles
5.6% missing data
 120   (0.949) 1.000 0.998 0.918 0.999 0.999 0.999 0.953 1.000 0.995 0.998 0.997 0.959 1.000 0.999 
 110   (0.051) 0.000 0.002 0.082 0.001 0.001 0.001 0.047 0.000 0.005 0.002 0.003 0.041 0.000 0.001 

Locus 40 : 42989_15 
2 alleles
3.4% missing data
 130   (0.952) 0.999 0.929 0.997 0.999 0.999 0.999 0.955 1.000 0.995 0.998 0.997 0.960 1.000 0.999 
 110   (0.048) 0.001 0.071 0.003 0.001 0.001 0.001 0.045 0.000 0.005 0.002 0.003 0.040 0.000 0.001 

Locus 41 : 44631_16 
2 alleles
5.6% missing data
 120   (0.951) 1.000 0.998 0.997 0.999 0.999 0.999 0.954 1.000 0.995 0.998 0.851 0.959 1.000 0.999 
 110   (0.049) 0.000 0.002 0.003 0.001 0.001 0.001 0.046 0.000 0.005 0.002 0.149 0.041 0.000 0.001 

Locus 42 : 45332_74 
2 alleles
3.4% missing data
 130   (0.867) 0.994 0.755 0.992 0.997 0.945 0.804 0.871 0.999 0.834 0.995 0.992 0.865 1.000 0.984 
 110   (0.133) 0.006 0.245 0.008 0.003 0.055 0.196 0.129 0.001 0.166 0.005 0.008 0.135 0.000 0.016 

Locus 43 : 45964_12 
2 alleles
2.2% missing data
 100   (0.953) 1.000 0.998 0.994 0.980 0.999 0.999 0.954 1.000 0.995 0.998 0.997 0.959 1.000 0.999 
 130   (0.047) 0.000 0.002 0.006 0.020 0.001 0.001 0.046 0.000 0.005 0.002 0.003 0.041 0.000 0.001 

Locus 44 : 47772_18 
2 alleles
1.7% missing data
 120   (0.947) 1.000 0.998 0.814 0.999 0.999 0.999 0.951 1.000 0.995 0.998 0.997 0.956 1.000 0.999 
 100   (0.053) 0.000 0.002 0.186 0.001 0.001 0.001 0.049 0.000 0.005 0.002 0.003 0.044 0.000 0.001 

Locus 45 : 48505_7 
2 alleles
2.8% missing data
 130   (0.954) 0.999 0.998 0.997 0.999 0.999 0.992 0.952 1.000 0.994 0.998 0.997 0.948 1.000 0.999 
 110   (0.046) 0.001 0.002 0.003 0.001 0.001 0.008 0.048 0.000 0.006 0.002 0.003 0.052 0.000 0.001 

Locus 46 : 49838_13 
2 alleles
5.1% missing data
 120   (0.953) 1.000 0.998 0.997 0.999 0.999 0.917 0.956 1.000 0.995 0.998 0.997 0.961 1.000 0.999 
 100   (0.047) 0.000 0.002 0.003 0.001 0.001 0.083 0.044 0.000 0.005 0.002 0.003 0.039 0.000 0.001 

Locus 47 : 50793_47 
2 alleles
6.2% missing data
 120   (0.950) 1.000 0.865 0.997 0.999 0.999 0.999 0.953 1.000 0.995 0.998 0.994 0.958 1.000 0.999 
 100   (0.050) 0.000 0.135 0.003 0.001 0.001 0.001 0.047 0.000 0.005 0.002 0.006 0.042 0.000 0.001 

Locus 48 : 51471_5 
2 alleles
2.2% missing data
 110   (0.952) 1.000 0.998 0.997 0.943 0.999 0.999 0.955 1.000 0.995 0.998 0.997 0.959 1.000 0.999 
 120   (0.048) 0.000 0.002 0.003 0.057 0.001 0.001 0.045 0.000 0.005 0.002 0.003 0.041 0.000 0.001 

Locus 49 : 52408_45 
2 alleles
2.2% missing data
 130   (0.952) 1.000 0.998 0.997 0.999 0.999 0.999 0.956 1.000 0.995 0.998 0.818 0.960 1.000 0.999 
 110   (0.048) 0.000 0.002 0.003 0.001 0.001 0.001 0.044 0.000 0.005 0.002 0.182 0.040 0.000 0.001 

Locus 50 : 53046_18 
2 alleles
0.6% missing data
 120   (0.931) 1.000 0.932 0.995 0.998 0.999 0.999 0.928 1.000 0.992 0.998 0.996 0.934 1.000 0.994 
 100   (0.069) 0.000 0.068 0.005 0.002 0.001 0.001 0.072 0.000 0.008 0.002 0.004 0.066 0.000 0.006 

Locus 51 : 53230_50 
2 alleles
4.5% missing data
 120   (0.953) 1.000 0.998 0.997 0.900 0.999 0.999 0.956 1.000 0.996 0.998 0.997 0.961 1.000 0.999 
 110   (0.047) 0.000 0.002 0.003 0.100 0.001 0.001 0.044 0.000 0.004 0.002 0.003 0.039 0.000 0.001 

Locus 52 : 53957_5 
2 alleles
3.9% missing data
 130   (0.953) 1.000 0.991 0.997 0.999 0.999 0.999 0.948 1.000 0.994 0.998 0.997 0.955 1.000 0.999 
 110   (0.047) 0.000 0.009 0.003 0.001 0.001 0.001 0.052 0.000 0.006 0.002 0.003 0.045 0.000 0.001 

Locus 53 : 58003_89 
2 alleles
3.9% missing data
 120   (0.943) 0.996 0.995 0.996 0.998 0.985 0.998 0.943 0.994 0.990 0.971 0.996 0.946 0.998 0.996 
 100   (0.057) 0.004 0.005 0.004 0.002 0.015 0.002 0.057 0.006 0.010 0.029 0.004 0.054 0.002 0.004 

Locus 54 : 58412_58 
2 alleles
2.2% missing data
 110   (0.953) 1.000 0.998 0.973 0.999 0.999 0.999 0.955 1.000 0.995 0.998 0.997 0.960 1.000 0.999 
 100   (0.047) 0.000 0.002 0.027 0.001 0.001 0.001 0.045 0.000 0.005 0.002 0.003 0.040 0.000 0.001 

Locus 55 : 58452_11 
2 alleles
3.4% missing data
 120   (0.953) 1.000 0.998 0.997 0.999 0.999 0.999 0.948 1.000 0.995 0.985 0.997 0.956 1.000 0.999 
 130   (0.047) 0.000 0.002 0.003 0.001 0.001 0.001 0.052 0.000 0.005 0.015 0.003 0.044 0.000 0.001 

Locus 56 : 59409_85 
2 alleles
2.8% missing data
 130   (0.952) 1.000 0.998 0.997 0.999 0.997 0.999 0.943 1.000 0.994 0.998 0.997 0.947 1.000 0.999 
 100   (0.048) 0.000 0.002 0.003 0.001 0.003 0.001 0.057 0.000 0.006 0.002 0.003 0.053 0.000 0.001 

Locus 57 : 60620_10 
2 alleles
1.1% missing data
 120   (0.948) 1.000 0.998 0.892 0.999 0.999 0.999 0.952 1.000 0.995 0.998 0.997 0.957 1.000 0.999 
 130   (0.052) 0.000 0.002 0.108 0.001 0.001 0.001 0.048 0.000 0.005 0.002 0.003 0.043 0.000 0.001 

Locus 58 : 61541_77 
2 alleles
3.4% missing data
 120   (0.947) 1.000 0.998 0.841 0.999 0.999 0.999 0.951 1.000 0.995 0.998 0.997 0.957 1.000 0.999 
 100   (0.053) 0.000 0.002 0.159 0.001 0.001 0.001 0.049 0.000 0.005 0.002 0.003 0.043 0.000 0.001 

Locus 59 : 61756_42 
2 alleles
1.1% missing data
 130   (0.948) 1.000 0.998 0.822 0.999 0.999 0.999 0.951 1.000 0.995 0.998 0.997 0.957 1.000 0.999 
 110   (0.052) 0.000 0.002 0.178 0.001 0.001 0.001 0.049 0.000 0.005 0.002 0.003 0.043 0.000 0.001 

Locus 60 : 62497_19 
2 alleles
6.2% missing data
 130   (0.894) 0.994 0.994 0.993 0.997 0.980 0.983 0.896 0.999 0.936 0.958 0.875 0.899 0.997 0.996 
 110   (0.106) 0.006 0.006 0.007 0.003 0.020 0.017 0.104 0.001 0.064 0.042 0.125 0.101 0.003 0.004 

Locus 61 : 63024_50 
2 alleles
2.8% missing data
 120   (0.943) 1.000 0.998 0.996 0.999 0.999 0.999 0.933 1.000 0.993 0.952 0.997 0.945 1.000 0.999 
 100   (0.057) 0.000 0.002 0.004 0.001 0.001 0.001 0.067 0.000 0.007 0.048 0.003 0.055 0.000 0.001 

Locus 62 : 64492_50 
2 alleles
7.3% missing data
 120   (0.908) 0.999 0.931 0.994 0.998 0.998 0.999 0.913 1.000 0.989 0.954 0.889 0.922 1.000 0.998 
 100   (0.092) 0.001 0.069 0.006 0.002 0.002 0.001 0.087 0.000 0.011 0.046 0.111 0.078 0.000 0.002 

Locus 63 : 67984_34 
2 alleles
2.2% missing data
 120   (0.948) 1.000 0.998 0.866 0.999 0.999 0.999 0.952 1.000 0.995 0.998 0.997 0.958 1.000 0.999 
 100   (0.052) 0.000 0.002 0.134 0.001 0.001 0.001 0.048 0.000 0.005 0.002 0.003 0.042 0.000 0.001 

Locus 64 : 69199_10 
2 alleles
4.5% missing data
 120   (0.936) 0.995 0.997 0.996 0.999 0.999 0.999 0.934 0.999 0.994 0.338 0.996 0.944 0.998 0.999 
 100   (0.064) 0.005 0.003 0.004 0.001 0.001 0.001 0.066 0.001 0.006 0.662 0.004 0.056 0.002 0.001 

Locus 65 : 71368_77 
2 alleles
6.7% missing data
 100   (0.949) 1.000 0.998 0.996 0.776 0.999 0.999 0.952 1.000 0.995 0.998 0.997 0.957 1.000 0.999 
 110   (0.051) 0.000 0.002 0.004 0.224 0.001 0.001 0.048 0.000 0.005 0.002 0.003 0.043 0.000 0.001 

Locus 66 : 72276_35 
2 alleles
5.1% missing data
 130   (0.950) 1.000 0.903 0.997 0.999 0.999 0.999 0.953 1.000 0.995 0.998 0.997 0.958 1.000 0.999 
 120   (0.050) 0.000 0.097 0.003 0.001 0.001 0.001 0.047 0.000 0.005 0.002 0.003 0.042 0.000 0.001 

Locus 67 : 73554_16 
2 alleles
3.9% missing data
 100   (0.951) 1.000 0.998 0.997 0.999 0.999 0.999 0.954 1.000 0.843 0.998 0.997 0.959 1.000 0.999 
 130   (0.049) 0.000 0.002 0.003 0.001 0.001 0.001 0.046 0.000 0.157 0.002 0.003 0.041 0.000 0.001 

Locus 68 : 74575_32 
2 alleles
1.7% missing data
 120   (0.953) 1.000 0.991 0.997 0.999 0.999 0.999 0.951 1.000 0.995 0.998 0.997 0.950 1.000 0.999 
 100   (0.047) 0.000 0.009 0.003 0.001 0.001 0.001 0.049 0.000 0.005 0.002 0.003 0.050 0.000 0.001 

Locus 69 : 76504_10 
2 alleles
1.1% missing data
 110   (0.950) 1.000 0.998 0.997 0.999 0.999 0.999 0.952 1.000 0.995 0.998 0.997 0.957 1.000 0.808 
 100   (0.050) 0.000 0.002 0.003 0.001 0.001 0.001 0.048 0.000 0.005 0.002 0.003 0.043 0.000 0.192 

Locus 70 : 76561_35 
2 alleles
5.6% missing data
 120   (0.949) 1.000 0.998 0.997 0.999 0.999 0.999 0.952 1.000 0.995 0.998 0.561 0.958 1.000 0.999 
 100   (0.051) 0.000 0.002 0.003 0.001 0.001 0.001 0.048 0.000 0.005 0.002 0.439 0.042 0.000 0.001 

Locus 71 : 77346_16 
2 alleles
2.2% missing data
 130   (0.953) 1.000 0.998 0.997 0.999 0.999 0.999 0.956 1.000 0.995 0.998 0.997 0.960 1.000 0.924 
 110   (0.047) 0.000 0.002 0.003 0.001 0.001 0.001 0.044 0.000 0.005 0.002 0.003 0.040 0.000 0.076 

Locus 72 : 78631_40 
2 alleles
7.9% missing data
 120   (0.945) 1.000 0.824 0.997 0.999 0.999 0.999 0.948 1.000 0.995 0.997 0.996 0.952 1.000 0.999 
 110   (0.055) 0.000 0.176 0.003 0.001 0.001 0.001 0.052 0.000 0.005 0.003 0.004 0.048 0.000 0.001 

Locus 73 : 80366_12 
2 alleles
6.7% missing data
 130   (0.955) 0.999 0.998 0.997 0.999 0.998 0.999 0.950 1.000 0.994 0.998 0.995 0.945 1.000 0.999 
 110   (0.045) 0.001 0.002 0.003 0.001 0.002 0.001 0.050 0.000 0.006 0.002 0.005 0.055 0.000 0.001 

Locus 74 : 80499_10 
2 alleles
6.2% missing data
 130   (0.952) 1.000 0.998 0.996 0.904 0.999 0.999 0.954 1.000 0.995 0.998 0.997 0.959 1.000 0.999 
 100   (0.048) 0.000 0.002 0.004 0.096 0.001 0.001 0.046 0.000 0.005 0.002 0.003 0.041 0.000 0.001 

Locus 75 : 81141_31 
2 alleles
2.8% missing data
 120   (0.953) 0.999 0.998 0.997 0.999 0.999 0.992 0.951 1.000 0.994 0.998 0.997 0.948 1.000 0.999 
 100   (0.047) 0.001 0.002 0.003 0.001 0.001 0.008 0.049 0.000 0.006 0.002 0.003 0.052 0.000 0.001 

Locus 76 : 81662_33 
2 alleles
3.4% missing data
 120   (0.953) 1.000 0.998 0.997 0.999 0.996 0.999 0.945 1.000 0.995 0.998 0.997 0.949 1.000 0.999 
 110   (0.047) 0.000 0.002 0.003 0.001 0.004 0.001 0.055 0.000 0.005 0.002 0.003 0.051 0.000 0.001 

Locus 77 : 82002_8 
2 alleles
6.7% missing data
 100   (0.943) 1.000 0.998 0.678 0.999 0.999 0.999 0.946 1.000 0.994 0.998 0.997 0.953 1.000 0.999 
 110   (0.057) 0.000 0.002 0.322 0.001 0.001 0.001 0.054 0.000 0.006 0.002 0.003 0.047 0.000 0.001 

Locus 78 : 82631_34 
2 alleles
7.9% missing data
 120   (0.954) 0.998 0.996 0.997 0.999 0.999 0.999 0.951 1.000 0.994 0.997 0.996 0.942 1.000 0.999 
 100   (0.046) 0.002 0.004 0.003 0.001 0.001 0.001 0.049 0.000 0.006 0.003 0.004 0.058 0.000 0.001 

Locus 79 : 83247_84 
2 alleles
3.4% missing data
 110   (0.942) 1.000 0.790 0.996 0.999 0.999 0.999 0.941 1.000 0.994 0.998 0.997 0.948 1.000 0.999 
 100   (0.058) 0.000 0.210 0.004 0.001 0.001 0.001 0.059 0.000 0.006 0.002 0.003 0.052 0.000 0.001 

Locus 80 : 83916_5 
2 alleles
3.9% missing data
 130   (0.953) 1.000 0.998 0.997 0.999 0.999 0.862 0.956 1.000 0.995 0.998 0.997 0.961 1.000 0.999 
 110   (0.047) 0.000 0.002 0.003 0.001 0.001 0.138 0.044 0.000 0.005 0.002 0.003 0.039 0.000 0.001 

Locus 81 : 84971_7 
2 alleles
2.2% missing data
 120   (0.935) 0.977 0.996 0.996 0.998 0.998 0.998 0.935 0.994 0.990 0.990 0.996 0.938 0.993 0.962 
 110   (0.065) 0.023 0.004 0.004 0.002 0.002 0.002 0.065 0.006 0.010 0.010 0.004 0.062 0.007 0.038 

Locus 82 : 85247_77 
2 alleles
7.9% missing data
 120   (0.954) 0.992 0.997 0.997 0.998 0.998 0.994 0.954 0.999 0.993 0.997 0.996 0.957 0.999 0.998 
 110   (0.046) 0.008 0.003 0.003 0.002 0.002 0.006 0.046 0.001 0.007 0.003 0.004 0.043 0.001 0.002 

Locus 83 : 85248_24 
2 alleles
5.1% missing data
 100   (0.949) 1.000 0.998 0.859 0.999 0.999 0.999 0.952 1.000 0.995 0.998 0.997 0.958 1.000 0.999 
 120   (0.051) 0.000 0.002 0.141 0.001 0.001 0.001 0.048 0.000 0.005 0.002 0.003 0.042 0.000 0.001 

Locus 84 : 85402_12 
2 alleles
3.4% missing data
 120   (0.952) 1.000 0.998 0.997 0.999 0.997 0.999 0.943 1.000 0.994 0.998 0.997 0.948 1.000 0.999 
 100   (0.048) 0.000 0.002 0.003 0.001 0.003 0.001 0.057 0.000 0.006 0.002 0.003 0.052 0.000 0.001 

Locus 85 : 86588_18 
2 alleles
3.9% missing data
 120   (0.954) 1.000 0.998 0.997 0.999 0.999 0.999 0.949 1.000 0.995 0.981 0.997 0.956 1.000 0.999 
 100   (0.046) 0.000 0.002 0.003 0.001 0.001 0.001 0.051 0.000 0.005 0.019 0.003 0.044 0.000 0.001 

Locus 86 : 87070_60 
2 alleles
2.2% missing data
 100   (0.952) 1.000 0.998 0.997 0.999 0.999 0.999 0.955 1.000 0.854 0.998 0.997 0.960 1.000 0.999 
 130   (0.048) 0.000 0.002 0.003 0.001 0.001 0.001 0.045 0.000 0.146 0.002 0.003 0.040 0.000 0.001 

Locus 87 : 87747_31 
2 alleles
6.2% missing data
 120   (0.949) 1.000 0.998 0.915 0.999 0.999 0.999 0.953 1.000 0.995 0.998 0.997 0.958 1.000 0.999 
 110   (0.051) 0.000 0.002 0.085 0.001 0.001 0.001 0.047 0.000 0.005 0.002 0.003 0.042 0.000 0.001 

Locus 88 : 88455_10 
2 alleles
5.1% missing data
 130   (0.951) 1.000 0.997 0.997 0.999 0.999 0.999 0.954 1.000 0.995 0.998 0.790 0.959 1.000 0.999 
 100   (0.049) 0.000 0.003 0.003 0.001 0.001 0.001 0.046 0.000 0.005 0.002 0.210 0.041 0.000 0.001 

Locus 89 : 89005_12 
2 alleles
1.1% missing data
 120   (0.948) 1.000 0.998 0.893 0.999 0.999 0.999 0.951 1.000 0.995 0.998 0.997 0.957 1.000 0.999 
 130   (0.052) 0.000 0.002 0.107 0.001 0.001 0.001 0.049 0.000 0.005 0.002 0.003 0.043 0.000 0.001 

Locus 90 : 89213_8 
2 alleles
3.4% missing data
 130   (0.955) 1.000 0.998 0.972 0.999 0.999 0.999 0.957 1.000 0.995 0.998 0.998 0.962 1.000 0.999 
 110   (0.045) 0.000 0.002 0.028 0.001 0.001 0.001 0.043 0.000 0.005 0.002 0.002 0.038 0.000 0.001 

Locus 91 : 93475_13 
2 alleles
2.2% missing data
 130   (0.948) 1.000 0.998 0.866 0.999 0.999 0.999 0.952 1.000 0.995 0.998 0.997 0.957 1.000 0.999 
 110   (0.052) 0.000 0.002 0.134 0.001 0.001 0.001 0.048 0.000 0.005 0.002 0.003 0.043 0.000 0.001 

Locus 92 : 95749_27 
2 alleles
3.9% missing data
 120   (0.954) 1.000 0.998 0.970 0.999 0.999 0.999 0.957 1.000 0.995 0.999 0.997 0.962 1.000 0.999 
 100   (0.046) 0.000 0.002 0.030 0.001 0.001 0.001 0.043 0.000 0.005 0.001 0.003 0.038 0.000 0.001 

Locus 93 : 98167_26 
2 alleles
3.4% missing data
 120   (0.927) 0.999 0.996 0.995 0.998 0.974 0.999 0.929 0.998 0.895 0.987 0.993 0.934 0.999 0.991 
 110   (0.073) 0.001 0.004 0.005 0.002 0.026 0.001 0.071 0.002 0.105 0.013 0.007 0.066 0.001 0.009 

Locus 94 : 98988_58 
2 alleles
2.2% missing data
 130   (0.954) 1.000 0.998 0.974 0.999 0.999 0.999 0.956 1.000 0.995 0.998 0.997 0.961 1.000 0.999 
 110   (0.046) 0.000 0.002 0.026 0.001 0.001 0.001 0.044 0.000 0.005 0.002 0.003 0.039 0.000 0.001 

Locus 95 : 103824_15 
2 alleles
3.4% missing data
 130   (0.945) 1.000 0.998 0.812 0.999 0.999 0.999 0.948 1.000 0.995 0.998 0.997 0.955 1.000 0.999 
 110   (0.055) 0.000 0.002 0.188 0.001 0.001 0.001 0.052 0.000 0.005 0.002 0.003 0.045 0.000 0.001 

Locus 96 : 108043_8 
2 alleles
4.5% missing data
 130   (0.953) 1.000 0.998 0.997 0.999 0.999 0.999 0.956 1.000 0.995 0.998 0.997 0.962 1.000 0.918 
 110   (0.047) 0.000 0.002 0.003 0.001 0.001 0.001 0.044 0.000 0.005 0.002 0.003 0.038 0.000 0.082 

Locus 97 : 108049_79 
2 alleles
2.8% missing data
 120   (0.953) 1.000 0.998 0.997 0.999 0.995 0.999 0.946 1.000 0.995 0.998 0.997 0.949 1.000 0.999 
 100   (0.047) 0.000 0.002 0.003 0.001 0.005 0.001 0.054 0.000 0.005 0.002 0.003 0.051 0.000 0.001 

Locus 98 : 108366_5 
2 alleles
2.8% missing data
 130   (0.949) 1.000 0.998 0.919 0.999 0.999 0.999 0.952 1.000 0.995 0.998 0.997 0.958 1.000 0.999 
 100   (0.051) 0.000 0.002 0.081 0.001 0.001 0.001 0.048 0.000 0.005 0.002 0.003 0.042 0.000 0.001 

Locus 99 : 108403_10 
2 alleles
6.2% missing data
 130   (0.952) 1.000 0.997 0.996 0.999 0.999 0.999 0.947 1.000 0.995 0.998 0.997 0.952 1.000 0.992 
 110   (0.048) 0.000 0.003 0.004 0.001 0.001 0.001 0.053 0.000 0.005 0.002 0.003 0.048 0.000 0.008 

Locus 100 : 109283_38 
2 alleles
3.9% missing data
 120   (0.870) 0.720 0.984 0.992 0.997 0.910 0.473 0.867 0.975 0.984 0.970 0.992 0.843 0.976 0.996 
 100   (0.130) 0.280 0.016 0.008 0.003 0.090 0.527 0.133 0.025 0.016 0.030 0.008 0.157 0.024 0.004 

Locus 101 : 109527_54 
2 alleles
7.3% missing data
 110   (0.943) 1.000 0.829 0.996 0.999 0.998 0.999 0.943 1.000 0.991 0.998 0.997 0.950 1.000 0.999 
 130   (0.057) 0.000 0.171 0.004 0.001 0.002 0.001 0.057 0.000 0.009 0.002 0.003 0.050 0.000 0.001 

Locus 102 : 109804_31 
2 alleles
2.2% missing data
 130   (0.950) 1.000 0.998 0.946 0.999 0.999 0.999 0.953 1.000 0.995 0.998 0.997 0.958 1.000 0.999 
 100   (0.050) 0.000 0.002 0.054 0.001 0.001 0.001 0.047 0.000 0.005 0.002 0.003 0.042 0.000 0.001 

Locus 103 : 112614_46 
2 alleles
5.1% missing data
 120   (0.949) 1.000 0.998 0.887 0.999 0.999 0.999 0.953 1.000 0.994 0.998 0.997 0.958 1.000 0.999 
 100   (0.051) 0.000 0.002 0.113 0.001 0.001 0.001 0.047 0.000 0.006 0.002 0.003 0.042 0.000 0.001 

Locus 104 : 112906_14 
2 alleles
3.9% missing data
 110   (0.881) 0.996 0.732 0.993 0.997 0.998 0.962 0.885 1.000 0.956 0.995 0.671 0.881 1.000 0.998 
 120   (0.119) 0.004 0.268 0.007 0.003 0.002 0.038 0.115 0.000 0.044 0.005 0.329 0.119 0.000 0.002 

Locus 105 : 113735_32 
2 alleles
6.7% missing data
 120   (0.953) 1.000 0.998 0.997 0.999 0.999 0.999 0.953 1.000 0.995 0.998 0.968 0.954 1.000 0.999 
 100   (0.047) 0.000 0.002 0.003 0.001 0.001 0.001 0.047 0.000 0.005 0.002 0.032 0.046 0.000 0.001 

Locus 106 : 115028_7 
2 alleles
3.9% missing data
 120   (0.954) 1.000 0.998 0.997 0.999 0.999 0.999 0.956 1.000 0.995 0.998 0.959 0.960 1.000 0.999 
 100   (0.046) 0.000 0.002 0.003 0.001 0.001 0.001 0.044 0.000 0.005 0.002 0.041 0.040 0.000 0.001 

Locus 107 : 115179_16 
2 alleles
2.2% missing data
 120   (0.950) 1.000 0.998 0.910 0.999 0.999 0.999 0.953 1.000 0.995 0.998 0.997 0.959 1.000 0.999 
 110   (0.050) 0.000 0.002 0.090 0.001 0.001 0.001 0.047 0.000 0.005 0.002 0.003 0.041 0.000 0.001 

Locus 108 : 116753_51 
2 alleles
7.3% missing data
 120   (0.949) 0.996 0.996 0.996 0.999 0.996 0.968 0.945 0.999 0.993 0.998 0.996 0.924 1.000 0.999 
 100   (0.051) 0.004 0.004 0.004 0.001 0.004 0.032 0.055 0.001 0.007 0.002 0.004 0.076 0.000 0.001 

Locus 109 : 116931_31 
2 alleles
7.9% missing data
 120   (0.953) 1.000 0.998 0.997 0.999 0.999 0.999 0.947 1.000 0.995 0.983 0.997 0.956 1.000 0.999 
 110   (0.047) 0.000 0.002 0.003 0.001 0.001 0.001 0.053 0.000 0.005 0.017 0.003 0.044 0.000 0.001 

Locus 110 : 116938_8 
2 alleles
4.5% missing data
 130   (0.907) 0.999 0.869 0.994 0.998 0.999 0.904 0.912 1.000 0.940 0.995 0.994 0.920 1.000 0.998 
 110   (0.093) 0.001 0.131 0.006 0.002 0.001 0.096 0.088 0.000 0.060 0.005 0.006 0.080 0.000 0.002 

Locus 111 : 122302_80 
2 alleles
10.1% missing data
 110   (0.953) 1.000 0.998 0.997 0.999 0.999 0.999 0.954 1.000 0.995 0.958 0.997 0.959 1.000 0.999 
 100   (0.047) 0.000 0.002 0.003 0.001 0.001 0.001 0.046 0.000 0.005 0.042 0.003 0.041 0.000 0.001 

Locus 112 : 123190_14 
2 alleles
3.4% missing data
 120   (0.945) 0.999 0.998 0.996 0.999 0.999 0.999 0.939 1.000 0.994 0.944 0.997 0.947 1.000 0.999 
 130   (0.055) 0.001 0.002 0.004 0.001 0.001 0.001 0.061 0.000 0.006 0.056 0.003 0.053 0.000 0.001 

Locus 113 : 123271_36 
2 alleles
3.9% missing data
 100   (0.946) 1.000 0.998 0.858 0.999 0.999 0.999 0.950 1.000 0.995 0.998 0.997 0.955 1.000 0.999 
 110   (0.054) 0.000 0.002 0.142 0.001 0.001 0.001 0.050 0.000 0.005 0.002 0.003 0.045 0.000 0.001 

Locus 114 : 124147_18 
2 alleles
2.2% missing data
 130   (0.951) 1.000 0.998 0.997 0.999 0.999 0.999 0.954 1.000 0.755 0.998 0.997 0.959 1.000 0.999 
 110   (0.049) 0.000 0.002 0.003 0.001 0.001 0.001 0.046 0.000 0.245 0.002 0.003 0.041 0.000 0.001 

Locus 115 : 124184_33 
2 alleles
5.6% missing data
 110   (0.949) 1.000 0.998 0.910 0.999 0.999 0.999 0.952 1.000 0.995 0.998 0.997 0.958 1.000 0.999 
 100   (0.051) 0.000 0.002 0.090 0.001 0.001 0.001 0.048 0.000 0.005 0.002 0.003 0.042 0.000 0.001 

Locus 116 : 125404_24 
2 alleles
1.1% missing data
 130   (0.950) 1.000 0.998 0.997 0.999 0.999 0.999 0.954 1.000 0.995 0.998 0.767 0.959 1.000 0.999 
 110   (0.050) 0.000 0.002 0.003 0.001 0.001 0.001 0.046 0.000 0.005 0.002 0.233 0.041 0.000 0.001 

Locus 117 : 125436_43 
2 alleles
3.9% missing data
 130   (0.921) 1.000 0.845 0.995 0.998 0.999 0.999 0.925 1.000 0.992 0.997 0.713 0.933 1.000 0.999 
 100   (0.079) 0.000 0.155 0.005 0.002 0.001 0.001 0.075 0.000 0.008 0.003 0.287 0.067 0.000 0.001 

Locus 118 : 126013_18 
2 alleles
2.8% missing data
 130   (0.952) 1.000 0.998 0.997 0.883 0.999 0.999 0.955 1.000 0.995 0.998 0.997 0.961 1.000 0.999 
 110   (0.048) 0.000 0.002 0.003 0.117 0.001 0.001 0.045 0.000 0.005 0.002 0.003 0.039 0.000 0.001 

Locus 119 : 126137_19 
2 alleles
3.9% missing data
 120   (0.955) 1.000 0.985 0.997 0.999 0.999 0.999 0.956 1.000 0.995 0.998 0.983 0.959 1.000 0.999 
 110   (0.045) 0.000 0.015 0.003 0.001 0.001 0.001 0.044 0.000 0.005 0.002 0.017 0.041 0.000 0.001 

Locus 120 : 126845_22 
2 alleles
5.6% missing data
 130   (0.953) 1.000 0.998 0.997 0.999 0.999 0.999 0.955 1.000 0.993 0.998 0.960 0.960 1.000 0.999 
 110   (0.047) 0.000 0.002 0.003 0.001 0.001 0.001 0.045 0.000 0.007 0.002 0.040 0.040 0.000 0.001 

Locus 121 : 127512_8 
2 alleles
1.1% missing data
 130   (0.951) 1.000 0.998 0.997 0.912 0.999 0.999 0.954 1.000 0.995 0.998 0.997 0.960 1.000 0.999 
 100   (0.049) 0.000 0.002 0.003 0.088 0.001 0.001 0.046 0.000 0.005 0.002 0.003 0.040 0.000 0.001 

Locus 122 : 127692_13 
2 alleles
2.8% missing data
 100   (0.946) 1.000 0.945 0.997 0.999 0.999 0.999 0.947 1.000 0.994 0.998 0.997 0.951 1.000 0.999 
 120   (0.054) 0.000 0.055 0.003 0.001 0.001 0.001 0.053 0.000 0.006 0.002 0.003 0.049 0.000 0.001 

Locus 123 : 128195_18 
2 alleles
7.3% missing data
 130   (0.862) 0.988 0.922 0.991 0.997 0.409 0.998 0.859 0.997 0.418 0.981 0.990 0.865 0.998 0.997 
 110   (0.138) 0.012 0.078 0.009 0.003 0.591 0.002 0.141 0.003 0.582 0.019 0.010 0.135 0.002 0.003 

Locus 124 : 128198_14 
2 alleles
4.5% missing data
 130   (0.923) 0.999 0.997 0.919 0.908 0.999 0.999 0.927 1.000 0.992 0.997 0.996 0.935 1.000 0.998 
 120   (0.077) 0.001 0.003 0.081 0.092 0.001 0.001 0.073 0.000 0.008 0.003 0.004 0.065 0.000 0.002 

Locus 125 : 128423_39 
2 alleles
4.5% missing data
 130   (0.954) 1.000 0.998 0.997 0.999 0.994 0.999 0.949 1.000 0.991 0.998 0.997 0.951 1.000 0.999 
 100   (0.046) 0.000 0.002 0.003 0.001 0.006 0.001 0.051 0.000 0.009 0.002 0.003 0.049 0.000 0.001 

Locus 126 : 131572_48 
2 alleles
1.1% missing data
 120   (0.944) 0.997 0.997 0.996 0.999 0.998 0.972 0.941 1.000 0.993 0.998 0.997 0.928 1.000 0.999 
 100   (0.056) 0.003 0.003 0.004 0.001 0.002 0.028 0.059 0.000 0.007 0.002 0.003 0.072 0.000 0.001 

Locus 127 : 132199_62 
2 alleles
3.9% missing data
 100   (0.946) 1.000 0.998 0.752 0.999 0.999 0.999 0.950 1.000 0.995 0.998 0.997 0.955 1.000 0.999 
 120   (0.054) 0.000 0.002 0.248 0.001 0.001 0.001 0.050 0.000 0.005 0.002 0.003 0.045 0.000 0.001 

Locus 128 : 135566_64 
2 alleles
7.3% missing data
 130   (0.954) 1.000 0.998 0.997 0.999 0.996 0.999 0.945 1.000 0.994 0.998 0.997 0.949 1.000 0.999 
 110   (0.046) 0.000 0.002 0.003 0.001 0.004 0.001 0.055 0.000 0.006 0.002 0.003 0.051 0.000 0.001 

Locus 129 : 135761_5 
2 alleles
7.9% missing data
 130   (0.949) 1.000 0.998 0.905 0.999 0.999 0.999 0.952 1.000 0.995 0.998 0.997 0.959 1.000 0.999 
 100   (0.051) 0.000 0.002 0.095 0.001 0.001 0.001 0.048 0.000 0.005 0.002 0.003 0.041 0.000 0.001 

Locus 130 : 137219_35 
2 alleles
3.4% missing data
 120   (0.938) 1.000 0.997 0.996 0.998 0.982 0.999 0.921 1.000 0.993 0.998 0.996 0.927 1.000 0.999 
 100   (0.062) 0.000 0.003 0.004 0.002 0.018 0.001 0.079 0.000 0.007 0.002 0.004 0.073 0.000 0.001 

Locus 131 : 139081_20 
2 alleles
5.6% missing data
 120   (0.934) 0.998 0.974 0.996 0.998 0.999 0.998 0.935 1.000 0.929 0.997 0.996 0.938 1.000 0.999 
 110   (0.066) 0.002 0.026 0.004 0.002 0.001 0.002 0.065 0.000 0.071 0.003 0.004 0.062 0.000 0.001 

Locus 132 : 139084_52 
2 alleles
5.1% missing data
 120   (0.907) 0.998 0.996 0.994 0.998 0.993 0.999 0.898 0.999 0.822 0.934 0.994 0.910 1.000 0.998 
 110   (0.093) 0.002 0.004 0.006 0.002 0.007 0.001 0.102 0.001 0.178 0.066 0.006 0.090 0.000 0.002 

Locus 133 : 139433_54 
2 alleles
3.9% missing data
 120   (0.951) 1.000 0.998 0.945 0.999 0.999 0.999 0.954 1.000 0.995 0.998 0.997 0.960 1.000 0.999 
 100   (0.049) 0.000 0.002 0.055 0.001 0.001 0.001 0.046 0.000 0.005 0.002 0.003 0.040 0.000 0.001 

Locus 134 : 140063_88 
2 alleles
7.9% missing data
 110   (0.953) 1.000 0.991 0.997 0.999 0.999 0.999 0.948 1.000 0.993 0.998 0.997 0.955 1.000 0.999 
 100   (0.047) 0.000 0.009 0.003 0.001 0.001 0.001 0.052 0.000 0.007 0.002 0.003 0.045 0.000 0.001 

Locus 135 : 140194_73 
2 alleles
2.8% missing data
 120   (0.954) 1.000 0.998 0.997 0.977 0.999 0.999 0.955 1.000 0.993 0.998 0.997 0.959 1.000 0.999 
 110   (0.046) 0.000 0.002 0.003 0.023 0.001 0.001 0.045 0.000 0.007 0.002 0.003 0.041 0.000 0.001 

Locus 136 : 141313_8 
2 alleles
2.8% missing data
 120   (0.951) 1.000 0.998 0.920 0.999 0.999 0.999 0.954 1.000 0.995 0.998 0.997 0.959 1.000 0.999 
 100   (0.049) 0.000 0.002 0.080 0.001 0.001 0.001 0.046 0.000 0.005 0.002 0.003 0.041 0.000 0.001 

Locus 137 : 145284_28 
2 alleles
2.8% missing data
 130   (0.951) 1.000 0.998 0.997 0.999 0.999 0.999 0.954 1.000 0.614 0.998 0.997 0.959 1.000 0.999 
 110   (0.049) 0.000 0.002 0.003 0.001 0.001 0.001 0.046 0.000 0.386 0.002 0.003 0.041 0.000 0.001 

Locus 138 : 145957_11 
2 alleles
4.5% missing data
 130   (0.953) 1.000 0.998 0.997 0.999 0.999 0.882 0.956 1.000 0.995 0.998 0.997 0.961 1.000 0.999 
 110   (0.047) 0.000 0.002 0.003 0.001 0.001 0.118 0.044 0.000 0.005 0.002 0.003 0.039 0.000 0.001 

Locus 139 : 160306_34 
2 alleles
2.8% missing data
 120   (0.928) 0.996 0.968 0.995 0.998 0.998 0.997 0.931 1.000 0.992 0.997 0.763 0.922 1.000 0.999 
 100   (0.072) 0.004 0.032 0.005 0.002 0.002 0.003 0.069 0.000 0.008 0.003 0.237 0.078 0.000 0.001 

Locus 140 : 162107_37 
2 alleles
3.4% missing data
 120   (0.928) 1.000 0.990 0.995 0.998 0.999 0.999 0.928 1.000 0.993 0.998 0.906 0.931 1.000 0.999 
 100   (0.072) 0.000 0.010 0.005 0.002 0.001 0.001 0.072 0.000 0.007 0.002 0.094 0.069 0.000 0.001 

Locus 141 : 163290_36 
2 alleles
5.1% missing data
 130   (0.914) 0.948 0.997 0.994 0.998 0.990 0.998 0.917 0.978 0.758 0.947 0.995 0.925 0.987 0.998 
 110   (0.086) 0.052 0.003 0.006 0.002 0.010 0.002 0.083 0.022 0.242 0.053 0.005 0.075 0.013 0.002 

Locus 142 : 163453_13 
2 alleles
5.6% missing data
 120   (0.953) 1.000 0.998 0.997 0.999 0.999 0.999 0.948 1.000 0.994 0.985 0.997 0.957 1.000 0.999 
 110   (0.047) 0.000 0.002 0.003 0.001 0.001 0.001 0.052 0.000 0.006 0.015 0.003 0.043 0.000 0.001 

Locus 143 : 163580_14 
2 alleles
10.1% missing data
 120   (0.952) 1.000 0.998 0.997 0.999 0.999 0.999 0.954 0.857 0.995 0.998 0.997 0.960 1.000 0.991 
 100   (0.048) 0.000 0.002 0.003 0.001 0.001 0.001 0.046 0.143 0.005 0.002 0.003 0.040 0.000 0.009 

Locus 144 : 164461_13 
2 alleles
5.6% missing data
 100   (0.951) 1.000 0.998 0.997 0.999 0.999 0.999 0.953 1.000 0.995 0.849 0.997 0.959 1.000 0.999 
 120   (0.049) 0.000 0.002 0.003 0.001 0.001 0.001 0.047 0.000 0.005 0.151 0.003 0.041 0.000 0.001 

Locus 145 : 165413_43 
2 alleles
1.7% missing data
 110   (0.944) 0.999 0.948 0.997 0.999 0.999 0.999 0.945 1.000 0.994 0.997 0.997 0.947 1.000 0.999 
 130   (0.056) 0.001 0.052 0.003 0.001 0.001 0.001 0.055 0.000 0.006 0.003 0.003 0.053 0.000 0.001 

Locus 146 : 168629_44 
2 alleles
5.6% missing data
 130   (0.940) 0.999 0.966 0.996 0.998 0.987 0.999 0.941 0.999 0.988 0.983 0.996 0.946 1.000 0.999 
 110   (0.060) 0.001 0.034 0.004 0.002 0.013 0.001 0.059 0.001 0.012 0.017 0.004 0.054 0.000 0.001 

Locus 147 : 168991_77 
2 alleles
5.6% missing data
 110   (0.833) 0.981 0.903 0.990 0.996 0.955 0.966 0.814 0.997 0.976 0.984 0.641 0.771 0.998 0.996 
 100   (0.167) 0.019 0.097 0.010 0.004 0.045 0.034 0.186 0.003 0.024 0.016 0.359 0.229 0.002 0.004 

Locus 148 : 169478_88 
2 alleles
5.1% missing data
 130   (0.954) 1.000 0.998 0.997 0.980 0.999 0.999 0.954 1.000 0.995 0.998 0.997 0.956 1.000 0.999 
 100   (0.046) 0.000 0.002 0.003 0.020 0.001 0.001 0.046 0.000 0.005 0.002 0.003 0.044 0.000 0.001 

Locus 149 : 169898_8 
2 alleles
6.2% missing data
 120   (0.933) 1.000 0.919 0.995 0.998 0.999 0.999 0.937 1.000 0.993 0.966 0.996 0.943 1.000 0.999 
 100   (0.067) 0.000 0.081 0.005 0.002 0.001 0.001 0.063 0.000 0.007 0.034 0.004 0.057 0.000 0.001 

Locus 150 : 170224_42 
2 alleles
7.3% missing data
 100   (0.900) 0.987 0.948 0.993 0.998 0.966 0.998 0.900 0.998 0.981 0.799 0.994 0.899 0.999 0.997 
 120   (0.100) 0.013 0.052 0.007 0.002 0.034 0.002 0.100 0.002 0.019 0.201 0.006 0.101 0.001 0.003 

Locus 151 : 174083_22 
2 alleles
3.9% missing data
 120   (0.946) 1.000 0.998 0.786 0.999 0.999 0.999 0.949 1.000 0.995 0.998 0.997 0.955 1.000 0.999 
 100   (0.054) 0.000 0.002 0.214 0.001 0.001 0.001 0.051 0.000 0.005 0.002 0.003 0.045 0.000 0.001 

Locus 152 : 174223_24 
2 alleles
2.8% missing data
 120   (0.954) 1.000 0.998 0.997 0.999 0.999 0.999 0.949 1.000 0.995 0.998 0.997 0.954 1.000 0.992 
 100   (0.046) 0.000 0.002 0.003 0.001 0.001 0.001 0.051 0.000 0.005 0.002 0.003 0.046 0.000 0.008 

Locus 153 : 174263_44 
2 alleles
3.9% missing data
 130   (0.952) 1.000 0.998 0.997 0.844 0.999 0.999 0.955 1.000 0.995 0.999 0.997 0.961 1.000 0.999 
 110   (0.048) 0.000 0.002 0.003 0.156 0.001 0.001 0.045 0.000 0.005 0.001 0.003 0.039 0.000 0.001 

Locus 154 : 175657_6 
2 alleles
8.4% missing data
 100   (0.925) 1.000 0.929 0.995 0.998 0.999 0.999 0.929 1.000 0.992 0.998 0.766 0.937 1.000 0.999 
 130   (0.075) 0.000 0.071 0.005 0.002 0.001 0.001 0.071 0.000 0.008 0.002 0.234 0.063 0.000 0.001 

Locus 155 : 176570_23 
2 alleles
3.9% missing data
 130   (0.950) 0.981 0.998 0.997 0.999 0.994 0.985 0.950 0.999 0.994 0.995 0.995 0.929 1.000 0.996 
 110   (0.050) 0.019 0.002 0.003 0.001 0.006 0.015 0.050 0.001 0.006 0.005 0.005 0.071 0.000 0.004 

Locus 156 : 176775_13 
2 alleles
6.7% missing data
 130   (0.944) 1.000 0.998 0.707 0.999 0.999 0.999 0.947 1.000 0.994 0.998 0.997 0.954 1.000 0.999 
 110   (0.056) 0.000 0.002 0.293 0.001 0.001 0.001 0.053 0.000 0.006 0.002 0.003 0.046 0.000 0.001 

Locus 157 : 178448_19 
2 alleles
3.4% missing data
 120   (0.949) 1.000 0.998 0.883 0.999 0.999 0.999 0.952 1.000 0.995 0.998 0.997 0.958 1.000 0.999 
 100   (0.051) 0.000 0.002 0.117 0.001 0.001 0.001 0.048 0.000 0.005 0.002 0.003 0.042 0.000 0.001 

Locus 158 : 179162_16 
2 alleles
6.2% missing data
 120   (0.954) 1.000 0.998 0.970 0.999 0.999 0.999 0.956 1.000 0.995 0.998 0.997 0.961 1.000 0.999 
 100   (0.046) 0.000 0.002 0.030 0.001 0.001 0.001 0.044 0.000 0.005 0.002 0.003 0.039 0.000 0.001 

Locus 159 : 179286_31 
2 alleles
2.8% missing data
 120   (0.924) 0.999 0.902 0.995 0.998 0.999 0.999 0.927 1.000 0.992 0.997 0.906 0.933 1.000 0.999 
 100   (0.076) 0.001 0.098 0.005 0.002 0.001 0.001 0.073 0.000 0.008 0.003 0.094 0.067 0.000 0.001 

Locus 160 : 179594_17 
2 alleles
4.5% missing data
 120   (0.907) 0.999 0.996 0.994 0.998 0.998 0.999 0.904 0.999 0.931 0.971 0.739 0.914 1.000 0.993 
 100   (0.093) 0.001 0.004 0.006 0.002 0.002 0.001 0.096 0.001 0.069 0.029 0.261 0.086 0.000 0.007 

Locus 161 : 180413_54 
2 alleles
3.9% missing data
 100   (0.948) 1.000 0.998 0.881 0.999 0.999 0.999 0.951 1.000 0.995 0.998 0.997 0.957 1.000 0.999 
 110   (0.052) 0.000 0.002 0.119 0.001 0.001 0.001 0.049 0.000 0.005 0.002 0.003 0.043 0.000 0.001 

Locus 162 : 182862_79 
2 alleles
3.4% missing data
 130   (0.948) 1.000 0.998 0.868 0.999 0.999 0.999 0.951 1.000 0.995 0.998 0.997 0.957 1.000 0.999 
 110   (0.052) 0.000 0.002 0.132 0.001 0.001 0.001 0.049 0.000 0.005 0.002 0.003 0.043 0.000 0.001 

Locus 163 : 183288_63 
2 alleles
10.1% missing data
 100   (0.953) 1.000 0.998 0.971 0.999 0.999 0.999 0.956 1.000 0.995 0.998 0.997 0.961 1.000 0.999 
 120   (0.047) 0.000 0.002 0.029 0.001 0.001 0.001 0.044 0.000 0.005 0.002 0.003 0.039 0.000 0.001 

Locus 164 : 183906_55 
2 alleles
6.7% missing data
 130   (0.949) 1.000 0.998 0.946 0.999 0.999 0.999 0.952 1.000 0.994 0.998 0.997 0.958 1.000 0.999 
 100   (0.051) 0.000 0.002 0.054 0.001 0.001 0.001 0.048 0.000 0.006 0.002 0.003 0.042 0.000 0.001 

Locus 165 : 183990_7 
2 alleles
3.4% missing data
 120   (0.945) 0.996 0.998 0.997 0.999 0.832 0.999 0.944 1.000 0.995 0.997 0.997 0.949 1.000 0.999 
 100   (0.055) 0.004 0.002 0.003 0.001 0.168 0.001 0.056 0.000 0.005 0.003 0.003 0.051 0.000 0.001 

Locus 166 : 185904_60 
2 alleles
3.4% missing data
 120   (0.950) 1.000 0.998 0.997 0.999 0.999 0.999 0.952 1.000 0.995 0.912 0.997 0.958 1.000 0.999 
 100   (0.050) 0.000 0.002 0.003 0.001 0.001 0.001 0.048 0.000 0.005 0.088 0.003 0.042 0.000 0.001 

Locus 167 : 191703_64 
2 alleles
1.7% missing data
 130   (0.920) 1.000 0.997 0.995 0.998 0.999 0.999 0.924 1.000 0.671 0.997 0.869 0.932 1.000 0.999 
 110   (0.080) 0.000 0.003 0.005 0.002 0.001 0.001 0.076 0.000 0.329 0.003 0.131 0.068 0.000 0.001 

Locus 168 : 193854_7 
2 alleles
1.7% missing data
 130   (0.929) 0.999 0.997 0.883 0.981 0.999 0.999 0.932 1.000 0.992 0.997 0.996 0.939 1.000 0.998 
 110   (0.071) 0.001 0.003 0.117 0.019 0.001 0.001 0.068 0.000 0.008 0.003 0.004 0.061 0.000 0.002 

Locus 169 : 194868_38 
2 alleles
5.6% missing data
 120   (0.935) 1.000 0.901 0.996 0.999 0.995 0.999 0.934 1.000 0.992 0.998 0.970 0.939 1.000 0.999 
 100   (0.065) 0.000 0.099 0.004 0.001 0.005 0.001 0.066 0.000 0.008 0.002 0.030 0.061 0.000 0.001 

Locus 170 : 195463_36 
2 alleles
5.1% missing data
 120   (0.951) 1.000 0.998 0.997 0.999 0.999 0.999 0.954 1.000 0.995 0.998 0.862 0.960 1.000 0.999 
 100   (0.049) 0.000 0.002 0.003 0.001 0.001 0.001 0.046 0.000 0.005 0.002 0.138 0.040 0.000 0.001 

Locus 171 : 195727_20 
2 alleles
1.7% missing data
 130   (0.949) 1.000 0.998 0.915 0.999 0.999 0.999 0.952 1.000 0.995 0.998 0.997 0.958 1.000 0.999 
 110   (0.051) 0.000 0.002 0.085 0.001 0.001 0.001 0.048 0.000 0.005 0.002 0.003 0.042 0.000 0.001 

Locus 172 : 197508_5 
2 alleles
2.2% missing data
 120   (0.955) 1.000 0.991 0.997 0.999 0.999 0.999 0.950 1.000 0.994 0.998 0.997 0.956 1.000 0.999 
 100   (0.045) 0.000 0.009 0.003 0.001 0.001 0.001 0.050 0.000 0.006 0.002 0.003 0.044 0.000 0.001 

Locus 173 : 199140_10 
2 alleles
4.5% missing data
 130   (0.954) 1.000 0.998 0.997 0.999 0.997 0.999 0.945 1.000 0.995 0.998 0.997 0.950 1.000 0.999 
 110   (0.046) 0.000 0.002 0.003 0.001 0.003 0.001 0.055 0.000 0.005 0.002 0.003 0.050 0.000 0.001 

Locus 174 : 199429_51 
2 alleles
5.1% missing data
 130   (0.953) 1.000 0.998 0.997 0.999 0.999 0.999 0.948 1.000 0.994 0.983 0.996 0.956 1.000 0.999 
 100   (0.047) 0.000 0.002 0.003 0.001 0.001 0.001 0.052 0.000 0.006 0.017 0.004 0.044 0.000 0.001 

Locus 175 : 199635_9 
2 alleles
3.4% missing data
 120   (0.947) 1.000 0.998 0.831 0.999 0.999 0.999 0.950 1.000 0.995 0.998 0.997 0.956 1.000 0.999 
 100   (0.053) 0.000 0.002 0.169 0.001 0.001 0.001 0.050 0.000 0.005 0.002 0.003 0.044 0.000 0.001 

Locus 176 : 200923_8 
2 alleles
5.1% missing data
 100   (0.954) 1.000 0.998 0.997 0.999 0.999 0.999 0.956 1.000 0.932 0.998 0.994 0.962 1.000 0.999 
 110   (0.046) 0.000 0.002 0.003 0.001 0.001 0.001 0.044 0.000 0.068 0.002 0.006 0.038 0.000 0.001 

Locus 177 : 201090_64 
2 alleles
5.1% missing data
 130   (0.953) 1.000 0.998 0.997 0.999 0.999 0.999 0.954 1.000 0.995 0.958 0.997 0.959 1.000 0.999 
 100   (0.047) 0.000 0.002 0.003 0.001 0.001 0.001 0.046 0.000 0.005 0.042 0.003 0.041 0.000 0.001 

Locus 178 : 201549_57 
2 alleles
4.5% missing data
 120   (0.950) 1.000 0.998 0.997 0.999 0.999 0.999 0.954 1.000 0.995 0.998 0.907 0.959 1.000 0.999 
 110   (0.050) 0.000 0.002 0.003 0.001 0.001 0.001 0.046 0.000 0.005 0.002 0.093 0.041 0.000 0.001 

Locus 179 : 203565_40 
2 alleles
3.9% missing data
 120   (0.952) 1.000 0.998 0.997 0.999 0.999 0.999 0.955 1.000 0.934 0.998 0.997 0.957 1.000 0.999 
 100   (0.048) 0.000 0.002 0.003 0.001 0.001 0.001 0.045 0.000 0.066 0.002 0.003 0.043 0.000 0.001 

Locus 180 : 205184_19 
2 alleles
7.3% missing data
 110   (0.917) 1.000 0.997 0.762 0.869 0.999 0.999 0.921 1.000 0.992 0.997 0.995 0.931 1.000 0.999 
 120   (0.083) 0.000 0.003 0.238 0.131 0.001 0.001 0.079 0.000 0.008 0.003 0.005 0.069 0.000 0.001 

Locus 181 : 206551_17 
2 alleles
6.2% missing data
 120   (0.888) 0.998 0.995 0.993 0.997 0.993 0.998 0.888 0.999 0.946 0.617 0.968 0.893 1.000 0.875 
 100   (0.112) 0.002 0.005 0.007 0.003 0.007 0.002 0.112 0.001 0.054 0.383 0.032 0.107 0.000 0.125 

Locus 182 : 216246_19 
2 alleles
2.8% missing data
 110   (0.936) 0.998 0.989 0.996 0.998 0.992 0.999 0.930 1.000 0.989 0.996 0.983 0.922 1.000 0.999 
 130   (0.064) 0.002 0.011 0.004 0.002 0.008 0.001 0.070 0.000 0.011 0.004 0.017 0.078 0.000 0.001 

Locus 183 : 216776_13 
2 alleles
5.6% missing data
 120   (0.909) 0.999 0.997 0.729 0.990 0.999 0.999 0.913 0.999 0.991 0.997 0.995 0.923 1.000 0.844 
 110   (0.091) 0.001 0.003 0.271 0.010 0.001 0.001 0.087 0.001 0.009 0.003 0.005 0.077 0.000 0.156 

Locus 184 : 217291_37 
2 alleles
3.9% missing data
 120   (0.949) 1.000 0.998 0.997 0.999 0.999 0.999 0.947 1.000 0.995 0.998 0.918 0.946 1.000 0.999 
 100   (0.051) 0.000 0.002 0.003 0.001 0.001 0.001 0.053 0.000 0.005 0.002 0.082 0.054 0.000 0.001 

Locus 185 : 217570_13 
2 alleles
3.9% missing data
 130   (0.947) 1.000 0.998 0.867 0.999 0.999 0.999 0.950 1.000 0.995 0.998 0.997 0.956 1.000 0.999 
 110   (0.053) 0.000 0.002 0.133 0.001 0.001 0.001 0.050 0.000 0.005 0.002 0.003 0.044 0.000 0.001 

Locus 186 : 220422_65 
2 alleles
3.4% missing data
 120   (0.937) 0.994 0.985 0.996 0.999 0.999 0.999 0.932 1.000 0.993 0.996 0.983 0.916 1.000 0.999 
 110   (0.063) 0.006 0.015 0.004 0.001 0.001 0.001 0.068 0.000 0.007 0.004 0.017 0.084 0.000 0.001 

Locus 187 : 220502_40 
2 alleles
6.7% missing data
 120   (0.952) 0.999 0.997 0.997 0.998 0.999 0.981 0.953 1.000 0.994 0.998 0.997 0.957 1.000 0.999 
 110   (0.048) 0.001 0.003 0.003 0.002 0.001 0.019 0.047 0.000 0.006 0.002 0.003 0.043 0.000 0.001 

Locus 188 : 220519_81 
2 alleles
4.5% missing data
 130   (0.924) 1.000 0.997 0.859 0.998 0.999 0.999 0.927 1.000 0.933 0.997 0.996 0.934 1.000 0.999 
 110   (0.076) 0.000 0.003 0.141 0.002 0.001 0.001 0.073 0.000 0.067 0.003 0.004 0.066 0.000 0.001 

Locus 189 : 222347_17 
2 alleles
3.9% missing data
 120   (0.948) 1.000 0.998 0.893 0.999 0.999 0.999 0.952 1.000 0.995 0.998 0.997 0.957 1.000 0.999 
 100   (0.052) 0.000 0.002 0.107 0.001 0.001 0.001 0.048 0.000 0.005 0.002 0.003 0.043 0.000 0.001 

Locus 190 : 222896_46 
2 alleles
0.6% missing data
 110   (0.952) 1.000 0.998 0.945 0.999 0.999 0.999 0.955 1.000 0.995 0.998 0.997 0.960 1.000 0.999 
 130   (0.048) 0.000 0.002 0.055 0.001 0.001 0.001 0.045 0.000 0.005 0.002 0.003 0.040 0.000 0.001 

Locus 191 : 223181_12 
2 alleles
3.4% missing data
 120   (0.944) 1.000 0.998 0.725 0.999 0.999 0.999 0.948 1.000 0.995 0.998 0.997 0.954 1.000 0.999 
 100   (0.056) 0.000 0.002 0.275 0.001 0.001 0.001 0.052 0.000 0.005 0.002 0.003 0.046 0.000 0.001 

Locus 192 : 224649_57 
2 alleles
5.1% missing data
 100   (0.952) 1.000 0.998 0.997 0.979 0.999 0.999 0.952 1.000 0.994 0.998 0.997 0.954 1.000 0.999 
 110   (0.048) 0.000 0.002 0.003 0.021 0.001 0.001 0.048 0.000 0.006 0.002 0.003 0.046 0.000 0.001 

Locus 193 : 226245_11 
2 alleles
5.1% missing data
 130   (0.952) 0.999 0.998 0.997 0.999 0.999 0.947 0.954 1.000 0.994 0.998 0.997 0.959 1.000 0.999 
 110   (0.048) 0.001 0.002 0.003 0.001 0.001 0.053 0.046 0.000 0.006 0.002 0.003 0.041 0.000 0.001 

Locus 194 : 226342_59 
2 alleles
6.2% missing data
 120   (0.915) 0.998 0.996 0.911 0.967 0.998 0.999 0.917 0.997 0.990 0.996 0.994 0.924 0.996 0.997 
 100   (0.085) 0.002 0.004 0.089 0.033 0.002 0.001 0.083 0.003 0.010 0.004 0.006 0.076 0.004 0.003 

Locus 195 : 228970_13 
2 alleles
3.9% missing data
 120   (0.955) 1.000 0.998 0.997 0.999 0.999 0.999 0.957 1.000 0.995 0.998 0.959 0.962 1.000 0.999 
 100   (0.045) 0.000 0.002 0.003 0.001 0.001 0.001 0.043 0.000 0.005 0.002 0.041 0.038 0.000 0.001 

Locus 196 : 229097_27 
2 alleles
5.1% missing data
 130   (0.944) 1.000 0.998 0.793 0.999 0.999 0.999 0.947 1.000 0.995 0.998 0.996 0.954 1.000 0.999 
 110   (0.056) 0.000 0.002 0.207 0.001 0.001 0.001 0.053 0.000 0.005 0.002 0.004 0.046 0.000 0.001 

Locus 197 : 229177_29 
2 alleles
7.3% missing data
 130   (0.944) 0.999 0.997 0.996 0.998 0.999 0.999 0.947 0.997 0.994 0.996 0.997 0.952 0.998 0.808 
 110   (0.056) 0.001 0.003 0.004 0.002 0.001 0.001 0.053 0.003 0.006 0.004 0.003 0.048 0.002 0.192 

Locus 198 : 229612_7 
2 alleles
6.2% missing data
 100   (0.954) 1.000 0.990 0.997 0.999 0.999 0.999 0.949 1.000 0.994 0.998 0.997 0.956 1.000 0.999 
 120   (0.046) 0.000 0.010 0.003 0.001 0.001 0.001 0.051 0.000 0.006 0.002 0.003 0.044 0.000 0.001 

Locus 199 : 229936_67 
2 alleles
3.9% missing data
 120   (0.950) 0.981 0.998 0.997 0.999 0.995 0.983 0.951 0.999 0.994 0.995 0.995 0.930 1.000 0.996 
 100   (0.050) 0.019 0.002 0.003 0.001 0.005 0.017 0.049 0.001 0.006 0.005 0.005 0.070 0.000 0.004 

Locus 200 : 232937_62 
2 alleles
2.2% missing data
 100   (0.954) 1.000 0.998 0.997 0.999 0.999 0.999 0.949 1.000 0.995 0.998 0.997 0.953 1.000 0.993 
 120   (0.046) 0.000 0.002 0.003 0.001 0.001 0.001 0.051 0.000 0.005 0.002 0.003 0.047 0.000 0.007 

Locus 201 : 233194_6 
2 alleles
2.8% missing data
 120   (0.924) 0.999 0.997 0.665 0.967 0.999 0.999 0.926 1.000 0.992 0.997 0.996 0.933 1.000 0.999 
 100   (0.076) 0.001 0.003 0.335 0.033 0.001 0.001 0.074 0.000 0.008 0.003 0.004 0.067 0.000 0.001 

Locus 202 : 234346_33 
2 alleles
4.5% missing data
 110   (0.952) 1.000 0.998 0.997 0.822 0.999 0.999 0.955 1.000 0.995 0.998 0.997 0.960 1.000 0.999 
 130   (0.048) 0.000 0.002 0.003 0.178 0.001 0.001 0.045 0.000 0.005 0.002 0.003 0.040 0.000 0.001 

Locus 203 : 235241_77 
2 alleles
2.2% missing data
 130   (0.947) 1.000 0.998 0.840 0.999 0.999 0.999 0.951 1.000 0.995 0.998 0.997 0.956 1.000 0.999 
 100   (0.053) 0.000 0.002 0.160 0.001 0.001 0.001 0.049 0.000 0.005 0.002 0.003 0.044 0.000 0.001 

Locus 204 : 236207_44 
2 alleles
6.2% missing data
 120   (0.908) 0.999 0.996 0.994 0.998 0.999 0.669 0.912 1.000 0.859 0.997 0.959 0.919 1.000 0.998 
 100   (0.092) 0.001 0.004 0.006 0.002 0.001 0.331 0.088 0.000 0.141 0.003 0.041 0.081 0.000 0.002 

Locus 205 : 236307_12 
2 alleles
1.7% missing data
 130   (0.946) 0.999 0.998 0.997 0.999 0.615 0.999 0.949 1.000 0.993 0.998 0.992 0.955 1.000 0.999 
 110   (0.054) 0.001 0.002 0.003 0.001 0.385 0.001 0.051 0.000 0.007 0.002 0.008 0.045 0.000 0.001 

Locus 206 : 236931_45 
2 alleles
6.7% missing data
 120   (0.879) 0.999 0.717 0.993 0.997 0.998 0.998 0.885 1.000 0.450 0.996 0.720 0.897 1.000 0.998 
 100   (0.121) 0.001 0.283 0.007 0.003 0.002 0.002 0.115 0.000 0.550 0.004 0.280 0.103 0.000 0.002 

Locus 207 : 236999_38 
2 alleles
2.8% missing data
 120   (0.952) 1.000 0.998 0.945 0.999 0.999 0.999 0.955 1.000 0.995 0.998 0.997 0.961 1.000 0.999 
 100   (0.048) 0.000 0.002 0.055 0.001 0.001 0.001 0.045 0.000 0.005 0.002 0.003 0.039 0.000 0.001 

Locus 208 : 240398_42 
2 alleles
3.9% missing data
 110   (0.836) 0.999 0.842 0.990 0.996 0.659 0.998 0.833 0.999 0.443 0.994 0.881 0.842 1.000 0.997 
 130   (0.164) 0.001 0.158 0.010 0.004 0.341 0.002 0.167 0.001 0.557 0.006 0.119 0.158 0.000 0.003 

Locus 209 : 240825_22 
2 alleles
6.2% missing data
 130   (0.954) 0.993 0.998 0.997 0.999 0.999 0.998 0.953 0.998 0.991 0.996 0.997 0.956 0.998 0.997 
 110   (0.046) 0.007 0.002 0.003 0.001 0.001 0.002 0.047 0.002 0.009 0.004 0.003 0.044 0.002 0.003 

Locus 210 : 244435_48 
2 alleles
1.7% missing data
 110   (0.953) 1.000 0.998 0.997 0.999 0.999 0.947 0.955 1.000 0.995 0.998 0.997 0.960 1.000 0.999 
 130   (0.047) 0.000 0.002 0.003 0.001 0.001 0.053 0.045 0.000 0.005 0.002 0.003 0.040 0.000 0.001 

Locus 211 : 245971_21 
2 alleles
5.1% missing data
 130   (0.951) 1.000 0.998 0.915 0.999 0.999 0.999 0.954 1.000 0.995 0.998 0.997 0.959 1.000 0.999 
 120   (0.049) 0.000 0.002 0.085 0.001 0.001 0.001 0.046 0.000 0.005 0.002 0.003 0.041 0.000 0.001 

Locus 212 : 246895_22 
2 alleles
3.4% missing data
 120   (0.953) 1.000 0.998 0.997 0.999 0.995 0.999 0.946 1.000 0.995 0.998 0.997 0.949 1.000 0.999 
 110   (0.047) 0.000 0.002 0.003 0.001 0.005 0.001 0.054 0.000 0.005 0.002 0.003 0.051 0.000 0.001 

Locus 213 : 248131_26 
2 alleles
7.9% missing data
 130   (0.936) 0.999 0.977 0.996 0.998 0.998 0.999 0.938 0.999 0.991 0.953 0.995 0.943 0.999 0.998 
 110   (0.064) 0.001 0.023 0.004 0.002 0.002 0.001 0.062 0.001 0.009 0.047 0.005 0.057 0.001 0.002 

Locus 214 : 250844_49 
2 alleles
7.3% missing data
 130   (0.953) 1.000 0.990 0.997 0.999 0.999 0.999 0.951 1.000 0.995 0.998 0.997 0.951 1.000 0.999 
 100   (0.047) 0.000 0.010 0.003 0.001 0.001 0.001 0.049 0.000 0.005 0.002 0.003 0.049 0.000 0.001 

Locus 215 : 251283_19 
2 alleles
5.6% missing data
 120   (0.950) 1.000 0.998 0.997 0.999 0.999 0.999 0.953 1.000 0.825 0.998 0.997 0.959 1.000 0.999 
 100   (0.050) 0.000 0.002 0.003 0.001 0.001 0.001 0.047 0.000 0.175 0.002 0.003 0.041 0.000 0.001 

Locus 216 : 251358_15 
2 alleles
8.4% missing data
 110   (0.937) 0.999 0.803 0.996 0.998 0.999 0.990 0.939 1.000 0.991 0.997 0.995 0.944 1.000 0.999 
 120   (0.063) 0.001 0.197 0.004 0.002 0.001 0.010 0.061 0.000 0.009 0.003 0.005 0.056 0.000 0.001 

Locus 217 : 251901_42 
2 alleles
2.2% missing data
 120   (0.953) 0.999 0.998 0.997 0.999 0.999 0.999 0.952 1.000 0.995 0.979 0.997 0.956 1.000 0.999 
 100   (0.047) 0.001 0.002 0.003 0.001 0.001 0.001 0.048 0.000 0.005 0.021 0.003 0.044 0.000 0.001 

Locus 218 : 252158_43 
2 alleles
0.0% missing data
 120   (0.950) 1.000 0.998 0.919 0.999 0.999 0.999 0.954 1.000 0.995 0.998 0.997 0.958 1.000 0.999 
 100   (0.050) 0.000 0.002 0.081 0.001 0.001 0.001 0.046 0.000 0.005 0.002 0.003 0.042 0.000 0.001 

Locus 219 : 252988_16 
2 alleles
7.9% missing data
 110   (0.947) 1.000 0.997 0.996 0.999 0.998 0.999 0.949 1.000 0.994 0.719 0.997 0.955 1.000 0.999 
 100   (0.053) 0.000 0.003 0.004 0.001 0.002 0.001 0.051 0.000 0.006 0.281 0.003 0.045 0.000 0.001 

Locus 220 : 254425_88 
2 alleles
5.6% missing data
 130   (0.914) 1.000 0.997 0.774 0.886 0.999 0.999 0.918 1.000 0.991 0.997 0.995 0.928 1.000 0.998 
 110   (0.086) 0.000 0.003 0.226 0.114 0.001 0.001 0.082 0.000 0.009 0.003 0.005 0.072 0.000 0.002 

Locus 221 : 256337_57 
2 alleles
5.6% missing data
 110   (0.953) 1.000 0.998 0.997 0.999 0.999 0.999 0.955 1.000 0.927 0.998 0.997 0.960 1.000 0.999 
 130   (0.047) 0.000 0.002 0.003 0.001 0.001 0.001 0.045 0.000 0.073 0.002 0.003 0.040 0.000 0.001 

Locus 222 : 259058_15 
2 alleles
1.7% missing data
 120   (0.952) 1.000 0.998 0.997 0.876 0.999 0.999 0.955 1.000 0.995 0.998 0.997 0.961 1.000 0.999 
 100   (0.048) 0.000 0.002 0.003 0.124 0.001 0.001 0.045 0.000 0.005 0.002 0.003 0.039 0.000 0.001 

Locus 223 : 259869_81 
2 alleles
0.6% missing data
 120   (0.951) 1.000 0.998 0.997 0.943 0.999 0.999 0.954 1.000 0.995 0.998 0.997 0.959 1.000 0.999 
 130   (0.049) 0.000 0.002 0.003 0.057 0.001 0.001 0.046 0.000 0.005 0.002 0.003 0.041 0.000 0.001 

Locus 224 : 260700_55 
2 alleles
2.2% missing data
 130   (0.955) 0.999 0.998 0.997 0.999 0.999 0.999 0.956 1.000 0.994 0.996 0.997 0.960 1.000 0.975 
 110   (0.045) 0.001 0.002 0.003 0.001 0.001 0.001 0.044 0.000 0.006 0.004 0.003 0.040 0.000 0.025 

Locus 225 : 262223_11 
2 alleles
4.5% missing data
 130   (0.952) 1.000 0.998 0.997 0.999 0.999 0.999 0.956 1.000 0.995 0.998 0.997 0.960 1.000 0.869 
 100   (0.048) 0.000 0.002 0.003 0.001 0.001 0.001 0.044 0.000 0.005 0.002 0.003 0.040 0.000 0.131 

Locus 226 : 262346_48 
2 alleles
3.4% missing data
 130   (0.949) 1.000 0.998 0.997 0.999 0.999 0.999 0.952 1.000 0.401 0.998 0.997 0.958 1.000 0.999 
 110   (0.051) 0.000 0.002 0.003 0.001 0.001 0.001 0.048 0.000 0.599 0.002 0.003 0.042 0.000 0.001 

Locus 227 : 262620_18 
2 alleles
3.9% missing data
 110   (0.938) 0.988 0.997 0.995 0.998 0.993 0.996 0.933 0.998 0.991 0.997 0.994 0.925 0.999 0.997 
 130   (0.062) 0.012 0.003 0.005 0.002 0.007 0.004 0.067 0.002 0.009 0.003 0.006 0.075 0.001 0.003 

Locus 228 : 263002_42 
2 alleles
3.4% missing data
 120   (0.946) 1.000 0.861 0.997 0.999 0.999 0.999 0.949 1.000 0.994 0.998 0.997 0.954 1.000 0.999 
 100   (0.054) 0.000 0.139 0.003 0.001 0.001 0.001 0.051 0.000 0.006 0.002 0.003 0.046 0.000 0.001 

Locus 229 : 263813_70 
2 alleles
10.1% missing data
 130   (0.950) 1.000 0.998 0.997 0.938 0.999 0.999 0.953 1.000 0.995 0.998 0.997 0.957 1.000 0.999 
 110   (0.050) 0.000 0.002 0.003 0.062 0.001 0.001 0.047 0.000 0.005 0.002 0.003 0.043 0.000 0.001 

Locus 230 : 264184_13 
2 alleles
10.1% missing data
 110   (0.905) 0.999 0.996 0.993 0.998 0.999 0.915 0.905 1.000 0.943 0.826 0.994 0.917 1.000 0.998 
 130   (0.095) 0.001 0.004 0.007 0.002 0.001 0.085 0.095 0.000 0.057 0.174 0.006 0.083 0.000 0.002 

Values of parameters used in structure:
DATAFILE=C:\Users\jmahg\OneDrive\Desktop\Transfers\TrkNbr-1524n1282n1083_AllPops_Structure_p18_r080_LDnHWEx\project_data,	OUTFILE=C:\Users\jmahg\OneDrive\Desktop\Transfers\TrkNbr-1524n1282n1083_AllPops_Structure_p18_r080_LDnHWEx\BI50000_MCMC100000\Results\BI50000_MCMC100000_run_137,	NUMINDS=178,	NUMLOCI=230,	MISSING=0,	LABEL=1,	POPDATA=1,	POPFLAG=0,	PHENOTYPE=0,	EXTRACOLS=0,	MAXPOPS=14,	BURNIN=50000,	NUMREPS=100000,	USEPOPINFO=0,	INFERALPHA=1,	INFERLAMBDA=0,	POPSPECIFICLAMBDA=0,	POPALPHAS=0,	COMPUTEPROB=1,	NOADMIX=0,	ADMBURNIN=2500,	UPDATEFREQ=1,	PRINTLIKES=0,	INTERMEDSAVE=0,	PRINTKLD=0,	PRINTNET=0,	PRINTLAMBDA=0,	ANCESTDIST=0,	NUMBOXES=1000,	ANCESTPINT=0.90000,	GENSBACK=2,	MIGRPRIOR=0.05000,	PRINTQHAT=0,	PRINTQSUM=0,	ALPHA=1.0000,	FREQSCORR=1,	FPRIORMEAN=0.0100,	FPRIORSD=0.0500,	ONEFST=0,	LAMBDA=1.0000,	UNIFPRIORALPHA=1,	ALPHAMAX=10.0000,	ALPHAPRIORA=1.0000,	ALPHAPRIORB=2.0000,	ALPHAPROPSD=0.0250,	STARTATPOPINFO=0,	RANDOMIZE=1,	LINKAGE=0,	METROFREQ=10,	REPORTHITRATE=0,	MARKOVPHASE=-1,	PHASED=0,	PLOIDY=2,	PHASEINFO=0	LOCPRIOR=0, 	LOCPRIORINIT=1.000000, 	LOCDATA=0, 	LOCISPOP=0, 	LOCPRIORSTEP=0.100000, 	MAXLOCPRIOR=20.000000, 	SEED=1602994802,	
[STRAT parameters]:    NUMSIMSTATS=1000,	PHENOTYPECOL=-9,	POOLFREQ=10,	LOCUSxONLY=0,	EMERROR=0.00100,	MISSINGPHENO=-9,	