

----------------------------------------------------
STRUCTURE by Pritchard, Stephens and Donnelly (2000)
     and Falush, Stephens and Pritchard (2003)
       Code by Pritchard, Falush and Hubisz
             Version 2.3.4 (Jul 2012)
----------------------------------------------------



Command line arguments:   bin\structure -m C:\Users\jmahg\OneDrive\Desktop\Transfers\TrkNbr-1524n1282n1083_AllPops_Structure_p18_r080_LDnHWEx\BI50000_MCMC100000\mainparams -e C:\Users\jmahg\OneDrive\Desktop\Transfers\TrkNbr-1524n1282n1083_AllPops_Structure_p18_r080_LDnHWEx\BI50000_MCMC100000\extraparams 
Input File:    C:\Users\jmahg\OneDrive\Desktop\Transfers\TrkNbr-1524n1282n1083_AllPops_Structure_p18_r080_LDnHWEx\project_data

Run parameters:
   178 individuals
   230 loci
   17 populations assumed
   50000 Burn-in period
   100000 Reps


--------------------------------------------
Proportion of membership of each pre-defined
 population in each of the 17 clusters

Given    Inferred Clusters                                                                                                         Number of
 Pop       1      2      3      4      5      6      7      8      9     10     11     12     13     14     15     16     17      Individuals

  1:     0.009  0.030  0.004  0.008  0.011  0.124  0.662  0.027  0.002  0.007  0.007  0.012  0.033  0.038  0.007  0.007  0.011       10
  2:     0.030  0.065  0.013  0.021  0.014  0.062  0.028  0.055  0.002  0.007  0.007  0.517  0.067  0.069  0.032  0.004  0.007        8
  3:     0.015  0.121  0.004  0.012  0.500  0.025  0.009  0.098  0.002  0.007  0.009  0.012  0.060  0.090  0.025  0.004  0.006       10
  4:     0.009  0.112  0.009  0.010  0.022  0.030  0.019  0.092  0.002  0.009  0.012  0.061  0.073  0.103  0.400  0.017  0.019       10
  5:     0.004  0.015  0.003  0.004  0.008  0.008  0.006  0.013  0.870  0.017  0.010  0.007  0.011  0.013  0.004  0.004  0.004       10
  6:     0.004  0.162  0.004  0.004  0.363  0.030  0.019  0.154  0.003  0.011  0.009  0.015  0.089  0.114  0.007  0.004  0.007       10
  7:     0.003  0.032  0.003  0.005  0.011  0.728  0.034  0.029  0.002  0.007  0.007  0.009  0.059  0.059  0.005  0.003  0.004       10
  8:     0.039  0.061  0.018  0.055  0.033  0.062  0.107  0.049  0.002  0.010  0.010  0.236  0.092  0.100  0.035  0.038  0.055       10
  9:     0.003  0.219  0.003  0.004  0.021  0.173  0.030  0.182  0.002  0.010  0.011  0.015  0.147  0.165  0.007  0.004  0.005       10
 10:     0.005  0.240  0.004  0.004  0.031  0.038  0.012  0.366  0.003  0.013  0.011  0.017  0.093  0.145  0.008  0.004  0.006       10
 11:     0.031  0.086  0.009  0.022  0.013  0.022  0.032  0.067  0.002  0.007  0.008  0.034  0.049  0.052  0.012  0.017  0.536       10
 12:     0.006  0.053  0.006  0.019  0.017  0.021  0.060  0.054  0.002  0.009  0.010  0.056  0.040  0.044  0.012  0.119  0.472       10
 13:     0.010  0.023  0.007  0.014  0.010  0.015  0.010  0.019  0.002  0.007  0.007  0.009  0.018  0.019  0.008  0.813  0.008       10
 14:     0.005  0.051  0.003  0.004  0.016  0.017  0.008  0.050  0.008  0.014  0.726  0.010  0.035  0.040  0.006  0.004  0.005       10
 15:     0.006  0.039  0.003  0.004  0.026  0.014  0.008  0.034  0.004  0.710  0.080  0.009  0.022  0.026  0.005  0.004  0.004       10
 16:     0.039  0.061  0.014  0.041  0.035  0.050  0.029  0.058  0.002  0.010  0.010  0.033  0.102  0.136  0.362  0.006  0.011       10
 17:     0.010  0.051  0.526  0.008  0.015  0.021  0.048  0.048  0.002  0.008  0.009  0.050  0.049  0.069  0.021  0.015  0.047       10
 18:     0.005  0.029  0.003  0.004  0.010  0.013  0.007  0.022  0.832  0.009  0.010  0.008  0.014  0.019  0.006  0.004  0.004       10
--------------------------------------------

Allele-freq. divergence among pops (Net nucleotide distance),
computed using point estimates of P.

      1       2       3       4       5       6       7       8       9      10      11      12      13      14      15      16      17      
 1      -    0.0026  0.0067  0.0001  0.0030  0.0033  0.0032  0.0026  0.0058  0.0046  0.0041  0.0048  0.0014  0.0022  0.0051  0.0044  0.0027  
 2   0.0026     -    0.0083  0.0022  0.0012  0.0017  0.0027  0.0001  0.0073  0.0034  0.0027  0.0041  0.0003  0.0001  0.0048  0.0050  0.0030  
 3   0.0067  0.0083     -    0.0068  0.0093  0.0096  0.0097  0.0084  0.0148  0.0114  0.0107  0.0068  0.0074  0.0080  0.0121  0.0101  0.0077  
 4   0.0001  0.0022  0.0068     -    0.0027  0.0030  0.0029  0.0022  0.0063  0.0045  0.0039  0.0046  0.0011  0.0019  0.0046  0.0041  0.0025  
 5   0.0030  0.0012  0.0093  0.0027     -    0.0029  0.0037  0.0013  0.0079  0.0045  0.0038  0.0052  0.0013  0.0012  0.0055  0.0060  0.0040  
 6   0.0033  0.0017  0.0096  0.0030  0.0029     -    0.0017  0.0018  0.0089  0.0051  0.0043  0.0054  0.0013  0.0013  0.0063  0.0065  0.0046  
 7   0.0032  0.0027  0.0097  0.0029  0.0037  0.0017     -    0.0027  0.0097  0.0059  0.0052  0.0062  0.0019  0.0022  0.0068  0.0066  0.0038  
 8   0.0026  0.0001  0.0084  0.0022  0.0013  0.0018  0.0027     -    0.0073  0.0035  0.0027  0.0041  0.0003  0.0002  0.0048  0.0050  0.0030  
 9   0.0058  0.0073  0.0148  0.0063  0.0079  0.0089  0.0097  0.0073     -    0.0073  0.0090  0.0111  0.0067  0.0073  0.0117  0.0117  0.0097  
10   0.0046  0.0034  0.0114  0.0045  0.0045  0.0051  0.0059  0.0035  0.0073     -    0.0057  0.0074  0.0034  0.0035  0.0080  0.0082  0.0062  
11   0.0041  0.0027  0.0107  0.0039  0.0038  0.0043  0.0052  0.0027  0.0090  0.0057     -    0.0067  0.0027  0.0027  0.0073  0.0074  0.0054  
12   0.0048  0.0041  0.0068  0.0046  0.0052  0.0054  0.0062  0.0041  0.0111  0.0074  0.0067     -    0.0038  0.0039  0.0085  0.0083  0.0056  
13   0.0014  0.0003  0.0074  0.0011  0.0013  0.0013  0.0019  0.0003  0.0067  0.0034  0.0027  0.0038     -    0.0001  0.0044  0.0045  0.0025  
14   0.0022  0.0001  0.0080  0.0019  0.0012  0.0013  0.0022  0.0002  0.0073  0.0035  0.0027  0.0039  0.0001     -    0.0045  0.0049  0.0029  
15   0.0051  0.0048  0.0121  0.0046  0.0055  0.0063  0.0068  0.0048  0.0117  0.0080  0.0073  0.0085  0.0044  0.0045     -    0.0092  0.0066  
16   0.0044  0.0050  0.0101  0.0041  0.0060  0.0065  0.0066  0.0050  0.0117  0.0082  0.0074  0.0083  0.0045  0.0049  0.0092     -    0.0049  
17   0.0027  0.0030  0.0077  0.0025  0.0040  0.0046  0.0038  0.0030  0.0097  0.0062  0.0054  0.0056  0.0025  0.0029  0.0066  0.0049     -    

Average distances (expected heterozygosity) between individuals in same cluster:
cluster  1  : 0.0901 
cluster  2  : 0.0006 
cluster  3  : 0.0440 
cluster  4  : 0.0799 
cluster  5  : 0.0145 
cluster  6  : 0.0081 
cluster  7  : 0.0196 
cluster  8  : 0.0017 
cluster  9  : 0.0668 
cluster 10  : 0.0195 
cluster 11  : 0.0213 
cluster 12  : 0.0125 
cluster 13  : 0.0239 
cluster 14  : 0.0059 
cluster 15  : 0.0236 
cluster 16  : 0.0394 
cluster 17  : 0.0359 

--------------------------------------------
Estimated Ln Prob of Data   = -3826.2
Mean value of ln likelihood = -3208.3
Variance of ln likelihood   = 1235.7
Mean value of alpha         = 0.0352

Mean value of Fst_1         = 0.0084
Mean value of Fst_2         = 0.9756
Mean value of Fst_3         = 0.4006
Mean value of Fst_4         = 0.1164
Mean value of Fst_5         = 0.6810
Mean value of Fst_6         = 0.8404
Mean value of Fst_7         = 0.6051
Mean value of Fst_8         = 0.9525
Mean value of Fst_9         = 0.2592
Mean value of Fst_10         = 0.6551
Mean value of Fst_11         = 0.6235
Mean value of Fst_12         = 0.7704
Mean value of Fst_13         = 0.6956
Mean value of Fst_14         = 0.8394
Mean value of Fst_15         = 0.5692
Mean value of Fst_16         = 0.4053
Mean value of Fst_17         = 0.4000


Inferred ancestry of individuals:
        Label (%Miss) Pop:  Inferred clusters
  1 TGCP_WM1    (0)    1 :  0.006 0.026 0.005 0.007 0.014 0.026 0.746 0.042 0.002 0.010 0.007 0.011 0.034 0.045 0.007 0.005 0.006 
  2 TGCP_WM10    (1)    1 :  0.003 0.071 0.005 0.003 0.019 0.116 0.465 0.065 0.002 0.010 0.007 0.028 0.088 0.096 0.005 0.003 0.012 
  3 TGCP_WM2    (0)    1 :  0.049 0.036 0.005 0.028 0.011 0.305 0.397 0.029 0.003 0.010 0.009 0.015 0.032 0.049 0.011 0.006 0.007 
  4 TGCP_WM3    (1)    1 :  0.003 0.027 0.005 0.003 0.011 0.073 0.772 0.025 0.002 0.007 0.007 0.007 0.022 0.022 0.004 0.003 0.008 
  5 TGCP_WM4    (0)    1 :  0.004 0.023 0.003 0.004 0.014 0.019 0.802 0.021 0.002 0.005 0.006 0.008 0.015 0.029 0.006 0.004 0.035 
  6 TGCP_WM5    (0)    1 :  0.011 0.025 0.003 0.016 0.014 0.029 0.777 0.017 0.002 0.005 0.005 0.010 0.041 0.021 0.004 0.008 0.011 
  7 TGCP_WM6    (0)    1 :  0.003 0.033 0.004 0.003 0.010 0.044 0.801 0.014 0.002 0.007 0.007 0.010 0.022 0.019 0.008 0.007 0.007 
  8 TGCP_WM7    (0)    1 :  0.006 0.039 0.008 0.005 0.007 0.583 0.116 0.030 0.002 0.008 0.008 0.022 0.050 0.075 0.019 0.017 0.005 
  9 TGCP_WM8    (0)    1 :  0.003 0.016 0.003 0.006 0.007 0.028 0.825 0.015 0.002 0.007 0.006 0.008 0.017 0.019 0.005 0.018 0.016 
 10 TGCP_WM9    (0)    1 :  0.002 0.007 0.003 0.003 0.004 0.014 0.922 0.008 0.002 0.003 0.004 0.003 0.007 0.010 0.004 0.002 0.003 
 11 MRLP_WM123    (3)    2 :  0.133 0.022 0.004 0.073 0.009 0.012 0.017 0.023 0.002 0.007 0.005 0.611 0.030 0.021 0.014 0.003 0.012 
 12 MRLP_WM124    (4)    2 :  0.002 0.031 0.005 0.003 0.014 0.013 0.010 0.042 0.002 0.010 0.006 0.794 0.023 0.030 0.006 0.003 0.005 
 13 MRLP_WM125    (1)    2 :  0.086 0.022 0.050 0.066 0.010 0.033 0.033 0.008 0.002 0.006 0.007 0.593 0.035 0.026 0.008 0.006 0.009 
 14 MRLP_WM126    (2)    2 :  0.002 0.321 0.003 0.003 0.030 0.040 0.009 0.247 0.002 0.009 0.009 0.018 0.138 0.156 0.006 0.004 0.004 
 15 MRLP_WM127    (3)    2 :  0.007 0.080 0.028 0.009 0.016 0.216 0.093 0.052 0.002 0.011 0.016 0.015 0.210 0.228 0.007 0.004 0.006 
 16 MRLP_WM128    (3)    2 :  0.002 0.011 0.006 0.002 0.004 0.005 0.005 0.010 0.002 0.005 0.005 0.917 0.007 0.010 0.004 0.003 0.005 
 17 MRLP_WM129    (7)    2 :  0.006 0.013 0.004 0.009 0.018 0.054 0.033 0.016 0.002 0.005 0.005 0.532 0.047 0.045 0.201 0.003 0.009 
 18 MRLP_WM130    (5)    2 :  0.003 0.022 0.002 0.003 0.014 0.122 0.026 0.039 0.002 0.006 0.007 0.656 0.043 0.037 0.008 0.003 0.004 
 19 STT_WM183    (2)    3 :  0.111 0.033 0.004 0.054 0.626 0.016 0.006 0.026 0.003 0.004 0.011 0.008 0.035 0.033 0.007 0.003 0.020 
 20 STT_WM184    (3)    3 :  0.014 0.058 0.006 0.024 0.580 0.023 0.007 0.034 0.003 0.007 0.010 0.013 0.026 0.123 0.059 0.006 0.005 
 21 STT_WM185   (15)    3 :  0.003 0.270 0.004 0.003 0.037 0.071 0.013 0.230 0.002 0.012 0.012 0.028 0.143 0.155 0.008 0.004 0.006 
 22 STT_WM186   (13)    3 :  0.003 0.325 0.003 0.004 0.031 0.036 0.011 0.237 0.002 0.009 0.012 0.020 0.135 0.154 0.009 0.004 0.006 
 23 STT_WM187   (13)    3 :  0.003 0.024 0.003 0.002 0.848 0.013 0.007 0.034 0.002 0.004 0.007 0.011 0.017 0.012 0.005 0.004 0.004 
 24 STT_WM188    (3)    3 :  0.003 0.013 0.003 0.002 0.905 0.006 0.004 0.012 0.002 0.004 0.005 0.005 0.008 0.016 0.006 0.004 0.002 
 25 STT_WM189    (0)    3 :  0.002 0.327 0.003 0.002 0.022 0.046 0.011 0.267 0.002 0.009 0.012 0.010 0.143 0.130 0.007 0.003 0.004 
 26 STT_WM190   (11)    3 :  0.002 0.011 0.003 0.002 0.867 0.011 0.006 0.012 0.002 0.006 0.004 0.006 0.015 0.042 0.005 0.003 0.003 
 27 STT_WM191    (7)    3 :  0.004 0.138 0.004 0.006 0.406 0.024 0.015 0.109 0.002 0.014 0.012 0.012 0.069 0.167 0.009 0.004 0.006 
 28 STT_WM192   (12)    3 :  0.009 0.010 0.004 0.021 0.681 0.007 0.007 0.016 0.002 0.006 0.006 0.005 0.011 0.069 0.137 0.004 0.004 
 29 FSSP_WM241    (3)    4 :  0.010 0.140 0.012 0.018 0.025 0.034 0.058 0.149 0.003 0.013 0.018 0.102 0.097 0.151 0.124 0.029 0.016 
 30 FSSP_WM242   (15)    4 :  0.003 0.314 0.003 0.002 0.030 0.037 0.012 0.246 0.002 0.009 0.011 0.013 0.144 0.158 0.006 0.006 0.005 
 31 FSSP_WM243    (6)    4 :  0.014 0.009 0.004 0.010 0.005 0.007 0.006 0.012 0.002 0.005 0.006 0.004 0.011 0.010 0.888 0.004 0.003 
 32 FSSP_WM244    (5)    4 :  0.008 0.088 0.025 0.023 0.021 0.066 0.040 0.078 0.003 0.010 0.014 0.249 0.092 0.161 0.016 0.078 0.026 
 33 FSSP_WM245   (10)    4 :  0.004 0.195 0.003 0.006 0.039 0.042 0.018 0.167 0.002 0.014 0.013 0.013 0.117 0.107 0.248 0.006 0.006 
 34 FSSP_WM246    (6)    4 :  0.007 0.225 0.005 0.007 0.038 0.049 0.011 0.160 0.002 0.010 0.025 0.022 0.139 0.230 0.051 0.007 0.011 
 35 FSSP_WM247    (3)    4 :  0.011 0.013 0.006 0.010 0.009 0.014 0.013 0.014 0.002 0.008 0.006 0.009 0.019 0.038 0.799 0.016 0.012 
 36 FSSP_WM248    (9)    4 :  0.004 0.016 0.004 0.003 0.013 0.012 0.008 0.016 0.002 0.009 0.007 0.009 0.012 0.013 0.843 0.013 0.016 
 37 FSSP_WM249    (6)    4 :  0.005 0.050 0.004 0.005 0.018 0.018 0.012 0.040 0.002 0.008 0.007 0.012 0.018 0.029 0.737 0.006 0.029 
 38 FSSP_WM250    (2)    4 :  0.029 0.068 0.021 0.020 0.022 0.019 0.016 0.040 0.002 0.007 0.012 0.172 0.086 0.128 0.292 0.004 0.061 
 39 HNL_WM301    (3)    5 :  0.003 0.012 0.003 0.004 0.005 0.008 0.006 0.012 0.886 0.016 0.008 0.007 0.008 0.012 0.004 0.004 0.004 
 40 HNL_WM302    (2)    5 :  0.002 0.005 0.002 0.002 0.004 0.005 0.003 0.006 0.939 0.006 0.003 0.004 0.004 0.006 0.002 0.002 0.003 
 41 HNL_WM303    (2)    5 :  0.003 0.018 0.003 0.003 0.007 0.010 0.006 0.017 0.865 0.009 0.009 0.007 0.016 0.014 0.004 0.004 0.005 
 42 HNL_WM304    (3)    5 :  0.003 0.037 0.003 0.003 0.013 0.009 0.008 0.021 0.761 0.058 0.009 0.011 0.017 0.029 0.005 0.005 0.006 
 43 HNL_WM305    (3)    5 :  0.005 0.009 0.002 0.005 0.005 0.005 0.003 0.011 0.913 0.008 0.007 0.005 0.005 0.007 0.004 0.003 0.003 
 44 HNL_WM306    (0)    5 :  0.005 0.009 0.003 0.004 0.006 0.006 0.005 0.011 0.903 0.013 0.004 0.005 0.007 0.008 0.004 0.004 0.004 
 45 HNL_WM307    (3)    5 :  0.004 0.013 0.003 0.002 0.008 0.009 0.004 0.011 0.897 0.006 0.006 0.005 0.008 0.012 0.006 0.003 0.003 
 46 HNL_WM308    (3)    5 :  0.004 0.012 0.003 0.003 0.008 0.008 0.007 0.012 0.869 0.022 0.014 0.007 0.011 0.010 0.003 0.004 0.003 
 47 HNL_WM309    (0)    5 :  0.008 0.016 0.003 0.009 0.012 0.011 0.010 0.016 0.815 0.012 0.033 0.008 0.016 0.017 0.005 0.004 0.005 
 48 HNL_WM310   (10)    5 :  0.004 0.017 0.003 0.003 0.008 0.012 0.006 0.014 0.853 0.019 0.010 0.007 0.014 0.016 0.006 0.004 0.006 
 49 MPO_WM482    (2)    6 :  0.002 0.026 0.003 0.002 0.871 0.007 0.006 0.021 0.004 0.006 0.004 0.006 0.015 0.015 0.004 0.003 0.003 
 50 MPO_WM483    (3)    6 :  0.007 0.177 0.004 0.007 0.269 0.030 0.012 0.167 0.003 0.015 0.012 0.018 0.112 0.151 0.006 0.005 0.006 
 51 MPO_WM484    (1)    6 :  0.003 0.108 0.003 0.003 0.532 0.028 0.011 0.120 0.002 0.010 0.008 0.013 0.065 0.074 0.012 0.004 0.005 
 52 MPO_WM485    (0)    6 :  0.010 0.030 0.003 0.011 0.678 0.012 0.010 0.039 0.002 0.006 0.005 0.007 0.082 0.092 0.005 0.004 0.005 
 53 MPO_WM486   (21)    6 :  0.003 0.290 0.005 0.003 0.027 0.063 0.015 0.241 0.002 0.011 0.015 0.018 0.131 0.150 0.014 0.006 0.006 
 54 MPO_WM487   (19)    6 :  0.004 0.106 0.004 0.006 0.413 0.055 0.012 0.113 0.003 0.019 0.011 0.016 0.074 0.141 0.011 0.005 0.008 
 55 MPO_WM488    (9)    6 :  0.002 0.282 0.003 0.003 0.034 0.029 0.009 0.290 0.002 0.016 0.008 0.012 0.134 0.162 0.005 0.003 0.004 
 56 MPO_WM489    (3)    6 :  0.005 0.027 0.008 0.003 0.736 0.010 0.093 0.022 0.002 0.009 0.007 0.016 0.019 0.017 0.004 0.003 0.018 
 57 MPO_WM490   (24)    6 :  0.003 0.283 0.005 0.004 0.046 0.031 0.011 0.246 0.003 0.011 0.013 0.022 0.126 0.176 0.007 0.006 0.006 
 58 MPO_WM491   (11)    6 :  0.002 0.289 0.003 0.002 0.023 0.036 0.012 0.281 0.002 0.009 0.010 0.022 0.131 0.161 0.006 0.004 0.006 
 59 OICP_WM541    (1)    7 :  0.002 0.013 0.002 0.002 0.005 0.898 0.008 0.016 0.002 0.006 0.007 0.005 0.009 0.011 0.006 0.003 0.003 
 60 OICP_WM542    (2)    7 :  0.002 0.021 0.003 0.002 0.010 0.876 0.006 0.022 0.002 0.005 0.007 0.007 0.015 0.013 0.003 0.003 0.004 
 61 OICP_WM543    (0)    7 :  0.002 0.017 0.002 0.002 0.008 0.870 0.009 0.017 0.002 0.005 0.005 0.007 0.023 0.017 0.005 0.004 0.004 
 62 OICP_WM544    (1)    7 :  0.012 0.030 0.009 0.034 0.021 0.355 0.182 0.021 0.003 0.015 0.011 0.006 0.158 0.129 0.006 0.004 0.004 
 63 OICP_WM545    (0)    7 :  0.002 0.026 0.002 0.003 0.011 0.817 0.013 0.029 0.002 0.007 0.005 0.010 0.021 0.036 0.007 0.004 0.004 
 64 OICP_WM546    (3)    7 :  0.002 0.078 0.003 0.002 0.014 0.428 0.046 0.061 0.002 0.007 0.010 0.017 0.148 0.167 0.006 0.003 0.005 
 65 OICP_WM547    (2)    7 :  0.002 0.087 0.003 0.002 0.020 0.354 0.051 0.078 0.002 0.008 0.007 0.015 0.180 0.177 0.005 0.005 0.004 
 66 OICP_WM548    (3)    7 :  0.002 0.018 0.003 0.002 0.007 0.892 0.011 0.016 0.002 0.005 0.004 0.007 0.006 0.014 0.004 0.003 0.003 
 67 OICP_WM549    (0)    7 :  0.002 0.010 0.002 0.002 0.006 0.911 0.009 0.010 0.002 0.005 0.004 0.007 0.011 0.008 0.005 0.003 0.003 
 68 OICP_WM550    (1)    7 :  0.002 0.018 0.003 0.002 0.009 0.884 0.007 0.019 0.002 0.005 0.005 0.006 0.014 0.016 0.003 0.003 0.003 
 69 IRO_WM601    (2)    8 :  0.008 0.031 0.004 0.027 0.016 0.097 0.341 0.026 0.003 0.006 0.008 0.030 0.101 0.122 0.028 0.038 0.113 
 70 IRO_WM602    (1)    8 :  0.011 0.059 0.006 0.012 0.023 0.262 0.089 0.073 0.002 0.012 0.012 0.041 0.197 0.180 0.009 0.007 0.007 
 71 IRO_WM603    (2)    8 :  0.020 0.028 0.004 0.105 0.010 0.012 0.156 0.024 0.002 0.008 0.007 0.011 0.047 0.082 0.024 0.215 0.244 
 72 IRO_WM604    (0)    8 :  0.142 0.020 0.018 0.119 0.010 0.008 0.011 0.014 0.002 0.008 0.004 0.584 0.020 0.023 0.004 0.008 0.005 
 73 IRO_WM605    (3)    8 :  0.002 0.014 0.012 0.002 0.010 0.009 0.203 0.013 0.002 0.005 0.006 0.662 0.011 0.015 0.004 0.003 0.027 
 74 IRO_WM606    (3)    8 :  0.006 0.061 0.028 0.009 0.039 0.026 0.012 0.063 0.002 0.009 0.010 0.630 0.041 0.038 0.015 0.006 0.006 
 75 IRO_WM607    (2)    8 :  0.016 0.097 0.019 0.024 0.020 0.057 0.030 0.074 0.002 0.011 0.010 0.229 0.134 0.163 0.051 0.004 0.060 
 76 IRO_WM608    (0)    8 :  0.065 0.042 0.014 0.133 0.016 0.075 0.162 0.035 0.003 0.010 0.007 0.028 0.155 0.166 0.015 0.011 0.063 
 77 IRO_WM609    (0)    8 :  0.098 0.140 0.017 0.081 0.025 0.040 0.049 0.095 0.002 0.014 0.015 0.110 0.149 0.106 0.008 0.032 0.018 
 78 IRO_WM610   (13)    8 :  0.018 0.115 0.055 0.035 0.166 0.033 0.015 0.079 0.003 0.015 0.017 0.036 0.060 0.102 0.189 0.054 0.008 
 79 HGRF_WM661    (5)    9 :  0.003 0.095 0.002 0.003 0.022 0.326 0.058 0.083 0.002 0.010 0.011 0.017 0.175 0.177 0.007 0.003 0.005 
 80 HGRF_WM662    (5)    9 :  0.002 0.327 0.003 0.003 0.022 0.037 0.009 0.248 0.002 0.011 0.017 0.015 0.143 0.146 0.006 0.004 0.004 
 81 HGRF_WM663    (4)    9 :  0.003 0.082 0.003 0.003 0.015 0.386 0.041 0.070 0.002 0.007 0.009 0.017 0.164 0.182 0.007 0.004 0.005 
 82 HGRF_WM664    (3)    9 :  0.002 0.279 0.003 0.003 0.019 0.102 0.015 0.243 0.002 0.008 0.008 0.014 0.129 0.154 0.008 0.004 0.004 
 83 HGRF_WM665    (1)    9 :  0.011 0.058 0.006 0.013 0.020 0.309 0.078 0.081 0.003 0.012 0.007 0.022 0.151 0.204 0.011 0.005 0.007 
 84 HGRF_WM666    (5)    9 :  0.002 0.326 0.003 0.002 0.022 0.043 0.009 0.248 0.002 0.011 0.014 0.009 0.154 0.140 0.006 0.005 0.005 
 85 HGRF_WM667    (0)    9 :  0.002 0.358 0.003 0.003 0.018 0.045 0.009 0.258 0.002 0.011 0.010 0.011 0.128 0.128 0.006 0.003 0.004 
 86 HGRF_WM668    (4)    9 :  0.003 0.093 0.002 0.003 0.018 0.363 0.044 0.085 0.002 0.007 0.010 0.016 0.148 0.193 0.005 0.004 0.004 
 87 HGRF_WM669    (5)    9 :  0.003 0.288 0.003 0.002 0.026 0.038 0.009 0.286 0.002 0.014 0.012 0.012 0.128 0.163 0.007 0.004 0.005 
 88 HGRF_WM670    (9)    9 :  0.003 0.284 0.003 0.003 0.028 0.081 0.023 0.215 0.002 0.010 0.010 0.012 0.146 0.164 0.006 0.003 0.006 
 89 PTP_WM721    (2)   10 :  0.015 0.260 0.007 0.011 0.057 0.059 0.020 0.197 0.004 0.023 0.018 0.024 0.095 0.180 0.011 0.006 0.013 
 90 PTP_WM722    (2)   10 :  0.014 0.099 0.005 0.011 0.019 0.020 0.013 0.610 0.003 0.012 0.006 0.009 0.022 0.139 0.007 0.004 0.008 
 91 PTP_WM723   (25)   10 :  0.003 0.271 0.004 0.003 0.031 0.059 0.011 0.299 0.003 0.008 0.014 0.025 0.126 0.126 0.006 0.005 0.006 
 92 PTP_WM724   (13)   10 :  0.002 0.329 0.004 0.003 0.045 0.033 0.015 0.231 0.002 0.009 0.020 0.013 0.122 0.153 0.007 0.005 0.007 
 93 PTP_WM725   (25)   10 :  0.003 0.290 0.003 0.004 0.034 0.037 0.015 0.234 0.003 0.031 0.011 0.012 0.146 0.152 0.013 0.005 0.007 
 94 PTP_WM726   (13)   10 :  0.002 0.294 0.004 0.002 0.027 0.055 0.015 0.240 0.002 0.010 0.010 0.019 0.150 0.154 0.007 0.005 0.005 
 95 PTP_WM727   (10)   10 :  0.002 0.286 0.003 0.004 0.029 0.041 0.009 0.299 0.003 0.013 0.010 0.034 0.128 0.123 0.007 0.004 0.006 
 96 PTP_WM728    (8)   10 :  0.002 0.325 0.003 0.002 0.024 0.048 0.008 0.267 0.002 0.008 0.013 0.014 0.113 0.152 0.008 0.004 0.005 
 97 PTP_WM729    (9)   10 :  0.002 0.132 0.003 0.002 0.020 0.017 0.005 0.621 0.002 0.006 0.007 0.008 0.022 0.138 0.005 0.003 0.004 
 98 PTP_WM730    (8)   10 :  0.002 0.119 0.004 0.002 0.023 0.013 0.004 0.663 0.002 0.006 0.005 0.007 0.011 0.128 0.006 0.003 0.004 
 99 RRL_WM782    (9)   11 :  0.003 0.300 0.003 0.002 0.027 0.046 0.011 0.243 0.002 0.013 0.010 0.015 0.137 0.171 0.007 0.005 0.006 
100 RRL_WM783    (8)   11 :  0.005 0.023 0.007 0.007 0.011 0.015 0.060 0.020 0.002 0.004 0.011 0.009 0.018 0.016 0.010 0.026 0.754 
101 RRL_WM784    (1)   11 :  0.006 0.039 0.009 0.006 0.017 0.023 0.008 0.028 0.002 0.008 0.013 0.025 0.032 0.025 0.007 0.068 0.682 
102 RRL_WM785    (1)   11 :  0.002 0.342 0.003 0.002 0.022 0.035 0.009 0.244 0.002 0.010 0.010 0.012 0.142 0.152 0.005 0.003 0.005 
103 RRL_WM786    (2)   11 :  0.005 0.010 0.028 0.006 0.007 0.007 0.011 0.012 0.002 0.005 0.006 0.093 0.009 0.015 0.015 0.005 0.764 
104 RRL_WM787    (3)   11 :  0.011 0.025 0.010 0.017 0.006 0.048 0.103 0.016 0.002 0.006 0.009 0.023 0.034 0.047 0.008 0.011 0.624 
105 RRL_WM788    (0)   11 :  0.135 0.008 0.003 0.080 0.004 0.007 0.006 0.005 0.002 0.005 0.004 0.008 0.019 0.007 0.018 0.009 0.678 
106 RRL_WM789    (2)   11 :  0.004 0.013 0.007 0.004 0.005 0.008 0.041 0.008 0.002 0.003 0.004 0.006 0.008 0.006 0.003 0.031 0.845 
107 RRL_WM790    (0)   11 :  0.127 0.044 0.015 0.080 0.010 0.013 0.013 0.036 0.002 0.007 0.008 0.134 0.037 0.021 0.004 0.009 0.440 
108 RRL_WM791    (0)   11 :  0.010 0.057 0.006 0.012 0.019 0.019 0.055 0.062 0.002 0.012 0.008 0.014 0.049 0.060 0.048 0.004 0.563 
109 RRO_WM842    (0)   12 :  0.006 0.030 0.010 0.007 0.011 0.015 0.015 0.028 0.002 0.007 0.007 0.060 0.032 0.028 0.015 0.008 0.719 
110 RRO_WM843    (7)   12 :  0.013 0.027 0.009 0.038 0.010 0.013 0.020 0.033 0.002 0.007 0.010 0.045 0.016 0.017 0.006 0.371 0.363 
111 RRO_WM844    (2)   12 :  0.004 0.081 0.007 0.004 0.016 0.031 0.010 0.062 0.003 0.010 0.010 0.278 0.040 0.041 0.009 0.347 0.047 
112 RRO_WM845    (4)   12 :  0.003 0.013 0.004 0.004 0.009 0.009 0.013 0.013 0.002 0.005 0.005 0.006 0.012 0.015 0.005 0.154 0.728 
113 RRO_WM846   (10)   12 :  0.005 0.061 0.005 0.005 0.019 0.020 0.011 0.051 0.002 0.012 0.015 0.015 0.034 0.036 0.011 0.016 0.682 
114 RRO_WM847    (6)   12 :  0.005 0.037 0.011 0.054 0.016 0.017 0.044 0.037 0.002 0.009 0.013 0.096 0.045 0.048 0.007 0.135 0.425 
115 RRO_WM848    (4)   12 :  0.014 0.111 0.004 0.021 0.033 0.031 0.067 0.134 0.003 0.012 0.015 0.017 0.063 0.109 0.045 0.040 0.279 
116 RRO_WM849    (5)   12 :  0.005 0.034 0.005 0.010 0.015 0.012 0.392 0.033 0.003 0.006 0.008 0.012 0.021 0.021 0.006 0.020 0.398 
117 RRO_WM850    (2)   12 :  0.003 0.043 0.004 0.010 0.011 0.018 0.015 0.041 0.002 0.006 0.005 0.016 0.028 0.026 0.006 0.004 0.763 
118 RRO_WM851    (1)   12 :  0.006 0.097 0.004 0.034 0.029 0.042 0.015 0.106 0.002 0.013 0.012 0.016 0.105 0.100 0.007 0.097 0.314 
119 CPS_WM901    (2)   13 :  0.004 0.012 0.005 0.018 0.006 0.007 0.006 0.012 0.002 0.005 0.005 0.017 0.009 0.009 0.005 0.864 0.013 
120 CPS_WM902    (2)   13 :  0.004 0.012 0.010 0.003 0.006 0.046 0.027 0.009 0.002 0.005 0.005 0.006 0.008 0.010 0.004 0.840 0.005 
121 CPS_WM903    (5)   13 :  0.003 0.007 0.008 0.002 0.005 0.006 0.006 0.009 0.002 0.004 0.004 0.009 0.007 0.010 0.003 0.907 0.008 
122 CPS_WM904    (1)   13 :  0.031 0.009 0.016 0.018 0.010 0.007 0.008 0.011 0.002 0.006 0.009 0.006 0.017 0.016 0.008 0.816 0.011 
123 CPS_WM905    (2)   13 :  0.033 0.006 0.007 0.062 0.012 0.005 0.007 0.006 0.002 0.004 0.005 0.005 0.015 0.009 0.024 0.792 0.005 
124 CPS_WM906    (3)   13 :  0.003 0.020 0.003 0.013 0.010 0.012 0.007 0.017 0.003 0.006 0.007 0.006 0.018 0.017 0.005 0.847 0.008 
125 CPS_WM907    (6)   13 :  0.003 0.059 0.003 0.003 0.013 0.015 0.010 0.039 0.002 0.008 0.009 0.011 0.041 0.042 0.009 0.726 0.007 
126 CPS_WM908    (3)   13 :  0.008 0.059 0.005 0.006 0.020 0.017 0.010 0.053 0.002 0.011 0.012 0.015 0.026 0.036 0.008 0.701 0.010 
127 CPS_WM909    (2)   13 :  0.003 0.033 0.007 0.008 0.010 0.023 0.012 0.022 0.003 0.011 0.009 0.009 0.026 0.027 0.010 0.784 0.005 
128 CPS_WM910    (1)   13 :  0.011 0.011 0.005 0.008 0.009 0.011 0.007 0.016 0.002 0.010 0.007 0.008 0.015 0.013 0.006 0.858 0.004 
129 PPNP_WM962    (1)   14 :  0.006 0.008 0.003 0.005 0.005 0.006 0.005 0.009 0.020 0.032 0.874 0.004 0.005 0.009 0.004 0.003 0.003 
130 PPNP_WM963    (0)   14 :  0.007 0.030 0.004 0.006 0.020 0.020 0.012 0.051 0.012 0.008 0.737 0.010 0.030 0.037 0.006 0.004 0.005 
131 PPNP_WM964    (0)   14 :  0.011 0.008 0.003 0.007 0.006 0.005 0.006 0.014 0.024 0.005 0.878 0.008 0.009 0.005 0.004 0.004 0.004 
132 PPNP_WM965    (4)   14 :  0.003 0.027 0.003 0.002 0.014 0.011 0.008 0.028 0.002 0.009 0.827 0.005 0.026 0.021 0.004 0.004 0.005 
133 PPNP_WM966    (4)   14 :  0.003 0.009 0.002 0.003 0.004 0.004 0.006 0.008 0.002 0.006 0.927 0.004 0.006 0.007 0.004 0.003 0.003 
134 PPNP_WM967    (4)   14 :  0.002 0.050 0.003 0.005 0.012 0.026 0.007 0.043 0.003 0.008 0.728 0.012 0.034 0.050 0.007 0.004 0.006 
135 PPNP_WM968    (5)   14 :  0.008 0.219 0.005 0.006 0.054 0.045 0.011 0.172 0.013 0.010 0.147 0.019 0.115 0.153 0.014 0.004 0.007 
136 PPNP_WM969    (2)   14 :  0.002 0.041 0.003 0.002 0.011 0.017 0.007 0.038 0.002 0.007 0.807 0.010 0.024 0.017 0.005 0.003 0.003 
137 PPNP_WM970    (2)   14 :  0.004 0.063 0.004 0.004 0.017 0.019 0.009 0.073 0.004 0.027 0.624 0.018 0.067 0.051 0.008 0.004 0.005 
138 PPNP_WM971    (2)   14 :  0.003 0.052 0.003 0.003 0.013 0.016 0.012 0.062 0.003 0.025 0.707 0.007 0.033 0.046 0.007 0.004 0.004 
139 FPPI_WM1021    (4)   15 :  0.010 0.036 0.006 0.005 0.015 0.012 0.010 0.019 0.002 0.811 0.009 0.011 0.015 0.025 0.006 0.004 0.004 
140 FPPI_WM1022    (4)   15 :  0.005 0.032 0.003 0.004 0.154 0.013 0.011 0.032 0.014 0.652 0.013 0.007 0.022 0.023 0.005 0.004 0.006 
141 FPPI_WM1023    (1)   15 :  0.003 0.041 0.003 0.004 0.013 0.012 0.009 0.032 0.005 0.800 0.013 0.010 0.015 0.027 0.005 0.004 0.004 
142 FPPI_WM1024    (5)   15 :  0.004 0.061 0.003 0.005 0.009 0.021 0.012 0.064 0.003 0.233 0.486 0.012 0.042 0.029 0.010 0.004 0.004 
143 FPPI_WM1025    (6)   15 :  0.003 0.053 0.003 0.002 0.011 0.028 0.009 0.037 0.003 0.750 0.009 0.007 0.032 0.037 0.006 0.004 0.005 
144 FPPI_WM1026    (1)   15 :  0.003 0.011 0.003 0.002 0.006 0.007 0.004 0.009 0.002 0.914 0.004 0.006 0.009 0.011 0.004 0.003 0.003 
145 FPPI_WM1027    (3)   15 :  0.004 0.010 0.003 0.003 0.007 0.006 0.007 0.008 0.002 0.684 0.238 0.004 0.006 0.008 0.004 0.003 0.003 
146 FPPI_WM1028    (2)   15 :  0.002 0.011 0.004 0.002 0.009 0.009 0.007 0.013 0.003 0.883 0.005 0.006 0.013 0.020 0.004 0.004 0.004 
147 FPPI_WM1029    (3)   15 :  0.003 0.127 0.003 0.003 0.028 0.024 0.009 0.121 0.006 0.515 0.011 0.016 0.051 0.070 0.006 0.004 0.004 
148 FPPI_WM1030    (1)   15 :  0.020 0.011 0.003 0.012 0.007 0.008 0.006 0.008 0.004 0.862 0.012 0.006 0.014 0.013 0.005 0.004 0.006 
149 CRWA_WM1082    (2)   16 :  0.003 0.007 0.002 0.006 0.005 0.004 0.004 0.009 0.002 0.005 0.005 0.005 0.011 0.013 0.911 0.002 0.003 
150 CRWA_WM1084    (5)   16 :  0.003 0.041 0.008 0.006 0.012 0.112 0.044 0.025 0.003 0.008 0.005 0.016 0.155 0.221 0.333 0.004 0.004 
151 CRWA_WM1085    (2)   16 :  0.004 0.054 0.008 0.006 0.023 0.019 0.016 0.080 0.002 0.013 0.011 0.012 0.134 0.217 0.387 0.005 0.010 
152 CRWA_WM1086    (9)   16 :  0.008 0.075 0.004 0.022 0.127 0.035 0.038 0.088 0.003 0.012 0.015 0.017 0.170 0.265 0.077 0.006 0.037 
153 CRWA_WM1087    (0)   16 :  0.136 0.076 0.016 0.124 0.024 0.034 0.011 0.082 0.003 0.010 0.009 0.014 0.074 0.058 0.303 0.020 0.005 
154 CRWA_WM1088    (1)   16 :  0.026 0.047 0.013 0.028 0.068 0.141 0.058 0.048 0.003 0.010 0.006 0.011 0.190 0.298 0.040 0.003 0.011 
155 CRWA_WM1089    (3)   16 :  0.003 0.099 0.003 0.015 0.039 0.029 0.028 0.064 0.002 0.009 0.010 0.020 0.066 0.055 0.551 0.003 0.005 
156 CRWA_WM1090    (0)   16 :  0.009 0.130 0.070 0.015 0.022 0.033 0.012 0.076 0.002 0.008 0.018 0.204 0.127 0.153 0.098 0.004 0.020 
157 CRWA_WM1092    (1)   16 :  0.144 0.060 0.010 0.109 0.015 0.027 0.021 0.086 0.002 0.009 0.017 0.015 0.057 0.046 0.370 0.004 0.007 
158 CRWA_WM1093    (1)   16 :  0.051 0.019 0.004 0.078 0.015 0.070 0.059 0.028 0.002 0.011 0.009 0.018 0.041 0.036 0.549 0.006 0.006 
159 PCRA_WM1141    (3)   17 :  0.004 0.035 0.542 0.005 0.013 0.014 0.010 0.034 0.002 0.012 0.009 0.202 0.022 0.033 0.046 0.006 0.009 
160 PCRA_WM1142    (3)   17 :  0.002 0.063 0.642 0.003 0.019 0.024 0.012 0.057 0.003 0.013 0.011 0.020 0.035 0.076 0.013 0.003 0.006 
161 PCRA_WM1143    (1)   17 :  0.003 0.106 0.456 0.003 0.024 0.031 0.010 0.082 0.003 0.012 0.016 0.069 0.065 0.102 0.007 0.005 0.006 
162 PCRA_WM1144    (2)   17 :  0.004 0.059 0.019 0.003 0.018 0.019 0.290 0.057 0.002 0.010 0.011 0.013 0.037 0.044 0.007 0.021 0.385 
163 PCRA_WM1145    (4)   17 :  0.008 0.128 0.344 0.010 0.024 0.041 0.015 0.100 0.003 0.014 0.014 0.048 0.093 0.113 0.018 0.016 0.010 
164 PCRA_WM1146    (2)   17 :  0.013 0.008 0.748 0.014 0.010 0.006 0.063 0.008 0.002 0.004 0.004 0.013 0.014 0.013 0.064 0.006 0.011 
165 PCRA_WM1147    (1)   17 :  0.004 0.085 0.106 0.003 0.022 0.023 0.009 0.113 0.002 0.006 0.009 0.102 0.185 0.280 0.040 0.004 0.006 
166 PCRA_WM1148    (0)   17 :  0.018 0.008 0.866 0.011 0.006 0.007 0.013 0.009 0.002 0.004 0.005 0.020 0.009 0.007 0.006 0.005 0.005 
167 PCRA_WM1149    (1)   17 :  0.021 0.010 0.736 0.017 0.008 0.028 0.026 0.013 0.002 0.004 0.005 0.006 0.011 0.009 0.007 0.080 0.016 
168 PCRA_WM1150    (0)   17 :  0.020 0.013 0.802 0.016 0.007 0.014 0.028 0.010 0.005 0.005 0.007 0.012 0.017 0.019 0.004 0.005 0.017 
169 DHFA_WM1202    (3)   18 :  0.004 0.061 0.004 0.003 0.025 0.024 0.008 0.048 0.681 0.021 0.015 0.017 0.023 0.045 0.009 0.006 0.006 
170 DHFA_WM1203    (1)   18 :  0.004 0.064 0.004 0.003 0.014 0.020 0.011 0.049 0.696 0.016 0.026 0.015 0.026 0.031 0.008 0.005 0.007 
171 DHFA_WM1204    (2)   18 :  0.004 0.058 0.004 0.005 0.016 0.020 0.009 0.030 0.726 0.011 0.018 0.010 0.029 0.038 0.013 0.004 0.005 
172 DHFA_WM1205    (5)   18 :  0.003 0.009 0.002 0.003 0.006 0.007 0.004 0.009 0.922 0.004 0.004 0.005 0.006 0.007 0.004 0.003 0.003 
173 DHFA_WM1206    (4)   18 :  0.004 0.012 0.003 0.003 0.008 0.009 0.006 0.013 0.890 0.005 0.005 0.007 0.011 0.010 0.006 0.004 0.004 
174 DHFA_WM1207    (2)   18 :  0.004 0.006 0.002 0.002 0.006 0.004 0.004 0.005 0.934 0.003 0.004 0.004 0.006 0.007 0.003 0.002 0.002 
175 DHFA_WM1208    (3)   18 :  0.003 0.012 0.003 0.003 0.006 0.008 0.007 0.013 0.893 0.005 0.006 0.007 0.008 0.010 0.007 0.003 0.004 
176 DHFA_WM1209    (1)   18 :  0.013 0.008 0.003 0.009 0.004 0.006 0.004 0.005 0.910 0.007 0.005 0.005 0.006 0.006 0.004 0.003 0.003 
177 DHFA_WM1210    (0)   18 :  0.006 0.004 0.002 0.004 0.003 0.002 0.002 0.003 0.953 0.002 0.003 0.002 0.005 0.003 0.002 0.002 0.002 
178 DHFA_WM1211    (2)   18 :  0.004 0.057 0.003 0.006 0.014 0.026 0.013 0.048 0.716 0.014 0.018 0.010 0.023 0.030 0.006 0.005 0.007 


Estimated Allele Frequencies in each cluster
First column gives estimated ancestral frequencies


Locus 1 : 953_21 
2 alleles
4.5% missing data
 120   (0.961) 0.962 1.000 0.995 0.970 0.999 1.000 0.999 1.000 0.997 0.798 0.998 0.999 0.992 1.000 0.998 0.997 0.997 
 100   (0.039) 0.038 0.000 0.005 0.030 0.001 0.000 0.001 0.000 0.003 0.202 0.002 0.001 0.008 0.000 0.002 0.003 0.003 

Locus 2 : 2370_26 
2 alleles
6.2% missing data
 110   (0.960) 0.962 1.000 0.995 0.969 0.999 1.000 0.999 1.000 0.997 0.999 0.612 0.999 0.992 1.000 0.998 0.997 0.997 
 130   (0.040) 0.038 0.000 0.005 0.031 0.001 0.000 0.001 0.000 0.003 0.001 0.388 0.001 0.008 0.000 0.002 0.003 0.003 

Locus 3 : 2692_87 
2 alleles
1.7% missing data
 130   (0.956) 0.958 1.000 0.995 0.967 0.999 1.000 0.999 1.000 0.763 0.999 0.999 0.999 0.991 1.000 0.998 0.997 0.997 
 120   (0.044) 0.042 0.000 0.005 0.033 0.001 0.000 0.001 0.000 0.237 0.001 0.001 0.001 0.009 0.000 0.002 0.003 0.003 

Locus 4 : 2828_58 
2 alleles
6.7% missing data
 100   (0.934) 0.934 1.000 0.830 0.932 0.998 0.996 0.989 1.000 0.995 0.997 0.997 0.998 0.969 0.986 0.996 0.995 0.994 
 120   (0.066) 0.066 0.000 0.170 0.068 0.002 0.004 0.011 0.000 0.005 0.003 0.003 0.002 0.031 0.014 0.004 0.005 0.006 

Locus 5 : 6398_73 
2 alleles
6.2% missing data
 130   (0.928) 0.930 1.000 0.991 0.945 0.998 0.999 0.998 1.000 0.647 0.566 0.997 0.999 0.988 0.999 0.997 0.995 0.995 
 100   (0.072) 0.070 0.000 0.009 0.055 0.002 0.001 0.002 0.000 0.353 0.434 0.003 0.001 0.012 0.001 0.003 0.005 0.005 

Locus 6 : 7469_71 
2 alleles
5.1% missing data
 130   (0.961) 0.960 0.998 0.993 0.964 0.998 0.999 0.998 0.992 0.997 0.997 0.998 0.999 0.990 0.996 0.997 0.996 0.996 
 110   (0.039) 0.040 0.002 0.007 0.036 0.002 0.001 0.002 0.008 0.003 0.003 0.002 0.001 0.010 0.004 0.003 0.004 0.004 

Locus 7 : 7615_47 
2 alleles
5.1% missing data
 130   (0.964) 0.964 0.999 0.993 0.967 0.996 0.999 0.997 0.998 0.996 0.997 0.997 0.998 0.991 0.995 0.997 0.996 0.996 
 100   (0.036) 0.036 0.001 0.007 0.033 0.004 0.001 0.003 0.002 0.004 0.003 0.003 0.002 0.009 0.005 0.003 0.004 0.004 

Locus 8 : 8211_10 
2 alleles
2.8% missing data
 120   (0.961) 0.963 1.000 0.995 0.970 0.999 1.000 0.999 1.000 0.935 0.999 0.999 0.999 0.991 1.000 0.998 0.997 0.997 
 100   (0.039) 0.037 0.000 0.005 0.030 0.001 0.000 0.001 0.000 0.065 0.001 0.001 0.001 0.009 0.000 0.002 0.003 0.003 

Locus 9 : 8394_14 
2 alleles
2.2% missing data
 110   (0.958) 0.960 1.000 0.995 0.968 0.999 1.000 0.999 1.000 0.997 0.742 0.986 0.999 0.991 0.999 0.998 0.997 0.997 
 130   (0.042) 0.040 0.000 0.005 0.032 0.001 0.000 0.001 0.000 0.003 0.258 0.014 0.001 0.009 0.001 0.002 0.003 0.003 

Locus 10 : 9621_63 
2 alleles
3.9% missing data
 130   (0.958) 0.959 1.000 0.995 0.967 0.999 1.000 0.999 1.000 0.939 0.998 0.999 0.999 0.992 1.000 0.998 0.997 0.997 
 110   (0.042) 0.041 0.000 0.005 0.033 0.001 0.000 0.001 0.000 0.061 0.002 0.001 0.001 0.008 0.000 0.002 0.003 0.003 

Locus 11 : 9880_35 
2 alleles
4.5% missing data
 120   (0.956) 0.957 1.000 0.995 0.966 0.999 1.000 0.999 1.000 0.703 0.999 0.998 0.999 0.992 1.000 0.998 0.996 0.997 
 100   (0.044) 0.043 0.000 0.005 0.034 0.001 0.000 0.001 0.000 0.297 0.001 0.002 0.001 0.008 0.000 0.002 0.004 0.003 

Locus 12 : 11163_16 
2 alleles
7.9% missing data
 130   (0.957) 0.958 1.000 0.995 0.966 0.999 1.000 0.999 1.000 0.913 0.999 0.998 0.999 0.990 1.000 0.998 0.997 0.997 
 110   (0.043) 0.042 0.000 0.005 0.034 0.001 0.000 0.001 0.000 0.087 0.001 0.002 0.001 0.010 0.000 0.002 0.003 0.003 

Locus 13 : 11991_31 
2 alleles
4.5% missing data
 120   (0.933) 0.930 1.000 0.987 0.916 0.998 0.998 0.993 1.000 0.995 0.997 0.997 0.993 0.970 0.989 0.994 0.995 0.970 
 100   (0.067) 0.070 0.000 0.013 0.084 0.002 0.002 0.007 0.000 0.005 0.003 0.003 0.007 0.030 0.011 0.006 0.005 0.030 

Locus 14 : 12766_17 
2 alleles
2.2% missing data
 120   (0.963) 0.963 1.000 0.933 0.970 0.999 1.000 0.999 1.000 0.997 0.999 0.999 0.999 0.992 1.000 0.998 0.995 0.997 
 100   (0.037) 0.037 0.000 0.067 0.030 0.001 0.000 0.001 0.000 0.003 0.001 0.001 0.001 0.008 0.000 0.002 0.005 0.003 

Locus 15 : 13496_14 
2 alleles
5.1% missing data
 110   (0.959) 0.961 1.000 0.995 0.968 0.999 1.000 0.999 1.000 0.997 0.999 0.999 0.999 0.993 1.000 0.998 0.697 0.997 
 100   (0.041) 0.039 0.000 0.005 0.032 0.001 0.000 0.001 0.000 0.003 0.001 0.001 0.001 0.007 0.000 0.002 0.303 0.003 

Locus 16 : 14394_41 
2 alleles
2.2% missing data
 130   (0.963) 0.964 1.000 0.932 0.971 0.999 1.000 0.999 1.000 0.997 0.999 0.999 0.999 0.992 1.000 0.998 0.997 0.997 
 110   (0.037) 0.036 0.000 0.068 0.029 0.001 0.000 0.001 0.000 0.003 0.001 0.001 0.001 0.008 0.000 0.002 0.003 0.003 

Locus 17 : 16285_24 
2 alleles
6.2% missing data
 130   (0.959) 0.960 1.000 0.995 0.969 0.999 1.000 0.999 1.000 0.874 0.999 0.999 0.999 0.992 1.000 0.998 0.997 0.997 
 100   (0.041) 0.040 0.000 0.005 0.031 0.001 0.000 0.001 0.000 0.126 0.001 0.001 0.001 0.008 0.000 0.002 0.003 0.003 

Locus 18 : 18821_69 
2 alleles
7.3% missing data
 120   (0.960) 0.961 1.000 0.995 0.969 0.701 1.000 0.998 1.000 0.997 0.999 0.999 0.999 0.990 0.999 0.998 0.997 0.997 
 110   (0.040) 0.039 0.000 0.005 0.031 0.299 0.000 0.002 0.000 0.003 0.001 0.001 0.001 0.010 0.001 0.002 0.003 0.003 

Locus 19 : 19006_32 
2 alleles
6.7% missing data
 120   (0.922) 0.924 1.000 0.991 0.940 0.998 0.999 0.998 1.000 0.660 0.630 0.970 0.999 0.986 0.999 0.996 0.994 0.995 
 110   (0.078) 0.076 0.000 0.009 0.060 0.002 0.001 0.002 0.000 0.340 0.370 0.030 0.001 0.014 0.001 0.004 0.006 0.005 

Locus 20 : 19602_58 
2 alleles
4.5% missing data
 120   (0.962) 0.963 1.000 0.995 0.971 0.999 1.000 0.999 1.000 0.973 0.999 0.999 0.999 0.992 1.000 0.998 0.997 0.997 
 100   (0.038) 0.037 0.000 0.005 0.029 0.001 0.000 0.001 0.000 0.027 0.001 0.001 0.001 0.008 0.000 0.002 0.003 0.003 

Locus 21 : 20143_24 
2 alleles
3.4% missing data
 120   (0.963) 0.963 1.000 0.995 0.965 0.999 1.000 0.999 1.000 0.997 0.999 0.998 0.999 0.991 1.000 0.998 0.968 0.997 
 100   (0.037) 0.037 0.000 0.005 0.035 0.001 0.000 0.001 0.000 0.003 0.001 0.002 0.001 0.009 0.000 0.002 0.032 0.003 

Locus 22 : 21661_29 
2 alleles
2.2% missing data
 120   (0.958) 0.959 1.000 0.995 0.968 0.999 1.000 0.999 1.000 0.891 0.999 0.999 0.999 0.992 1.000 0.998 0.997 0.997 
 100   (0.042) 0.041 0.000 0.005 0.032 0.001 0.000 0.001 0.000 0.109 0.001 0.001 0.001 0.008 0.000 0.002 0.003 0.003 

Locus 23 : 22603_12 
2 alleles
5.1% missing data
 130   (0.959) 0.961 1.000 0.995 0.969 0.999 1.000 0.999 1.000 0.944 0.999 0.999 0.999 0.992 1.000 0.998 0.997 0.997 
 110   (0.041) 0.039 0.000 0.005 0.031 0.001 0.000 0.001 0.000 0.056 0.001 0.001 0.001 0.008 0.000 0.002 0.003 0.003 

Locus 24 : 25109_23 
2 alleles
1.7% missing data
 120   (0.939) 0.940 1.000 0.947 0.949 0.998 0.999 0.996 0.999 0.995 0.997 0.997 0.990 0.986 0.998 0.804 0.994 0.995 
 100   (0.061) 0.060 0.000 0.053 0.051 0.002 0.001 0.004 0.001 0.005 0.003 0.003 0.010 0.014 0.002 0.196 0.006 0.005 

Locus 25 : 25511_77 
2 alleles
5.1% missing data
 130   (0.960) 0.961 1.000 0.995 0.969 0.999 1.000 0.999 1.000 0.997 0.999 0.875 0.999 0.991 0.999 0.998 0.997 0.997 
 110   (0.040) 0.039 0.000 0.005 0.031 0.001 0.000 0.001 0.000 0.003 0.001 0.125 0.001 0.009 0.001 0.002 0.003 0.003 

Locus 26 : 26816_9 
2 alleles
5.6% missing data
 110   (0.883) 0.879 1.000 0.983 0.858 0.995 0.998 0.968 0.999 0.991 0.996 0.995 0.972 0.952 0.965 0.655 0.982 0.776 
 130   (0.117) 0.121 0.000 0.017 0.142 0.005 0.002 0.032 0.001 0.009 0.004 0.005 0.028 0.048 0.035 0.345 0.018 0.224 

Locus 27 : 29455_86 
2 alleles
5.6% missing data
 120   (0.964) 0.962 1.000 0.990 0.964 0.999 1.000 0.998 1.000 0.997 0.999 0.999 0.994 0.991 0.999 0.998 0.997 0.997 
 110   (0.036) 0.038 0.000 0.010 0.036 0.001 0.000 0.002 0.000 0.003 0.001 0.001 0.006 0.009 0.001 0.002 0.003 0.003 

Locus 28 : 30970_30 
2 alleles
6.7% missing data
 120   (0.964) 0.964 1.000 0.994 0.971 0.999 1.000 0.999 1.000 0.997 0.999 0.999 0.999 0.994 1.000 0.998 0.963 0.997 
 110   (0.036) 0.036 0.000 0.006 0.029 0.001 0.000 0.001 0.000 0.003 0.001 0.001 0.001 0.006 0.000 0.002 0.037 0.003 

Locus 29 : 33052_5 
2 alleles
1.1% missing data
 130   (0.963) 0.963 1.000 0.995 0.967 0.973 1.000 0.999 1.000 0.997 0.998 0.999 0.999 0.993 0.998 0.990 0.997 0.997 
 110   (0.037) 0.037 0.000 0.005 0.033 0.027 0.000 0.001 0.000 0.003 0.002 0.001 0.001 0.007 0.002 0.010 0.003 0.003 

Locus 30 : 33744_32 
2 alleles
2.8% missing data
 130   (0.957) 0.957 1.000 0.995 0.966 0.870 1.000 0.999 1.000 0.997 0.999 0.998 0.999 0.990 1.000 0.998 0.997 0.997 
 110   (0.043) 0.043 0.000 0.005 0.034 0.130 0.000 0.001 0.000 0.003 0.001 0.002 0.001 0.010 0.000 0.002 0.003 0.003 

Locus 31 : 34805_8 
2 alleles
4.5% missing data
 110   (0.947) 0.947 1.000 0.751 0.954 0.999 1.000 0.998 1.000 0.996 0.998 0.998 0.994 0.988 0.999 0.997 0.996 0.996 
 120   (0.053) 0.053 0.000 0.249 0.046 0.001 0.000 0.002 0.000 0.004 0.002 0.002 0.006 0.012 0.001 0.003 0.004 0.004 

Locus 32 : 35345_10 
2 alleles
5.1% missing data
 130   (0.955) 0.955 0.998 0.994 0.961 0.947 0.999 0.998 0.997 0.996 0.998 0.998 0.998 0.983 0.991 0.998 0.996 0.996 
 110   (0.045) 0.045 0.002 0.006 0.039 0.053 0.001 0.002 0.003 0.004 0.002 0.002 0.002 0.017 0.009 0.002 0.004 0.004 

Locus 33 : 35769_30 
2 alleles
6.2% missing data
 110   (0.948) 0.948 1.000 0.930 0.956 0.999 1.000 0.997 1.000 0.996 0.998 0.998 0.999 0.989 0.999 0.994 0.964 0.996 
 100   (0.052) 0.052 0.000 0.070 0.044 0.001 0.000 0.003 0.000 0.004 0.002 0.002 0.001 0.011 0.001 0.006 0.036 0.004 

Locus 34 : 35965_89 
2 alleles
3.4% missing data
 130   (0.962) 0.962 1.000 0.995 0.961 0.999 0.999 0.998 1.000 0.997 0.999 0.999 0.999 0.991 0.999 0.978 0.997 0.997 
 100   (0.038) 0.038 0.000 0.005 0.039 0.001 0.001 0.002 0.000 0.003 0.001 0.001 0.001 0.009 0.001 0.022 0.003 0.003 

Locus 35 : 39654_13 
2 alleles
5.6% missing data
 120   (0.964) 0.962 1.000 0.996 0.967 0.999 1.000 0.999 1.000 0.997 0.999 0.999 0.999 0.992 1.000 0.998 0.997 0.981 
 100   (0.036) 0.038 0.000 0.004 0.033 0.001 0.000 0.001 0.000 0.003 0.001 0.001 0.001 0.008 0.000 0.002 0.003 0.019 

Locus 36 : 39700_65 
2 alleles
3.4% missing data
 110   (0.961) 0.958 1.000 0.994 0.960 0.999 0.999 0.998 1.000 0.997 0.999 0.998 0.998 0.989 0.999 0.998 0.996 0.997 
 120   (0.039) 0.042 0.000 0.006 0.040 0.001 0.001 0.002 0.000 0.003 0.001 0.002 0.002 0.011 0.001 0.002 0.004 0.003 

Locus 37 : 40824_7 
2 alleles
5.1% missing data
 130   (0.959) 0.960 1.000 0.995 0.967 0.999 1.000 0.999 1.000 0.997 0.999 0.998 0.999 0.992 1.000 0.998 0.997 0.912 
 110   (0.041) 0.040 0.000 0.005 0.033 0.001 0.000 0.001 0.000 0.003 0.001 0.002 0.001 0.008 0.000 0.002 0.003 0.088 

Locus 38 : 41554_43 
2 alleles
7.3% missing data
 120   (0.962) 0.963 1.000 0.994 0.971 0.999 1.000 0.999 1.000 0.997 0.998 0.998 0.999 0.992 0.999 0.998 0.959 0.997 
 100   (0.038) 0.037 0.000 0.006 0.029 0.001 0.000 0.001 0.000 0.003 0.002 0.002 0.001 0.008 0.001 0.002 0.041 0.003 

Locus 39 : 42501_5 
2 alleles
5.6% missing data
 120   (0.959) 0.960 1.000 0.995 0.969 0.999 1.000 0.999 1.000 0.917 0.999 0.999 0.999 0.992 1.000 0.998 0.997 0.997 
 110   (0.041) 0.040 0.000 0.005 0.031 0.001 0.000 0.001 0.000 0.083 0.001 0.001 0.001 0.008 0.000 0.002 0.003 0.003 

Locus 40 : 42989_15 
2 alleles
3.4% missing data
 130   (0.962) 0.963 1.000 0.995 0.969 0.999 1.000 0.998 1.000 0.997 0.999 0.999 0.999 0.992 0.999 0.998 0.997 0.911 
 110   (0.038) 0.037 0.000 0.005 0.031 0.001 0.000 0.002 0.000 0.003 0.001 0.001 0.001 0.008 0.001 0.002 0.003 0.089 

Locus 41 : 44631_16 
2 alleles
5.6% missing data
 120   (0.959) 0.961 1.000 0.995 0.968 0.999 1.000 0.999 1.000 0.997 0.999 0.999 0.999 0.992 1.000 0.998 0.852 0.997 
 110   (0.041) 0.039 0.000 0.005 0.032 0.001 0.000 0.001 0.000 0.003 0.001 0.001 0.001 0.008 0.000 0.002 0.148 0.003 

Locus 42 : 45332_74 
2 alleles
3.4% missing data
 130   (0.896) 0.898 1.000 0.845 0.914 0.984 0.998 0.579 1.000 0.992 0.996 0.996 0.964 0.973 0.996 0.995 0.992 0.766 
 110   (0.104) 0.102 0.000 0.155 0.086 0.016 0.002 0.421 0.000 0.008 0.004 0.004 0.036 0.027 0.004 0.005 0.008 0.234 

Locus 43 : 45964_12 
2 alleles
2.2% missing data
 100   (0.965) 0.965 1.000 0.995 0.972 0.999 1.000 0.999 1.000 0.996 0.999 0.959 0.999 0.993 1.000 0.998 0.997 0.997 
 130   (0.035) 0.035 0.000 0.005 0.028 0.001 0.000 0.001 0.000 0.004 0.001 0.041 0.001 0.007 0.000 0.002 0.003 0.003 

Locus 44 : 47772_18 
2 alleles
1.7% missing data
 120   (0.956) 0.958 1.000 0.995 0.967 0.999 1.000 0.999 1.000 0.812 0.999 0.998 0.999 0.991 1.000 0.998 0.997 0.997 
 100   (0.044) 0.042 0.000 0.005 0.033 0.001 0.000 0.001 0.000 0.188 0.001 0.002 0.001 0.009 0.000 0.002 0.003 0.003 

Locus 45 : 48505_7 
2 alleles
2.8% missing data
 130   (0.962) 0.960 1.000 0.995 0.967 0.999 0.998 0.984 1.000 0.997 0.998 0.998 0.999 0.990 0.999 0.998 0.997 0.997 
 110   (0.038) 0.040 0.000 0.005 0.033 0.001 0.002 0.016 0.000 0.003 0.002 0.002 0.001 0.010 0.001 0.002 0.003 0.003 

Locus 46 : 49838_13 
2 alleles
5.1% missing data
 120   (0.962) 0.963 1.000 0.996 0.971 0.999 1.000 0.858 1.000 0.997 0.999 0.999 0.999 0.991 1.000 0.998 0.997 0.997 
 100   (0.038) 0.037 0.000 0.004 0.029 0.001 0.000 0.142 0.000 0.003 0.001 0.001 0.001 0.009 0.000 0.002 0.003 0.003 

Locus 47 : 50793_47 
2 alleles
6.2% missing data
 120   (0.950) 0.951 1.000 0.993 0.947 0.998 1.000 0.997 1.000 0.996 0.998 0.998 0.998 0.987 0.998 0.998 0.984 0.860 
 100   (0.050) 0.049 0.000 0.007 0.053 0.002 0.000 0.003 0.000 0.004 0.002 0.002 0.002 0.013 0.002 0.002 0.016 0.140 

Locus 48 : 51471_5 
2 alleles
2.2% missing data
 110   (0.963) 0.965 1.000 0.996 0.972 0.999 1.000 0.999 1.000 0.997 0.882 0.999 0.999 0.993 1.000 0.998 0.997 0.998 
 120   (0.037) 0.035 0.000 0.004 0.028 0.001 0.000 0.001 0.000 0.003 0.118 0.001 0.001 0.007 0.000 0.002 0.003 0.002 

Locus 49 : 52408_45 
2 alleles
2.2% missing data
 130   (0.959) 0.960 1.000 0.995 0.969 0.999 1.000 0.999 1.000 0.997 0.999 0.999 0.999 0.990 1.000 0.998 0.819 0.997 
 110   (0.041) 0.040 0.000 0.005 0.031 0.001 0.000 0.001 0.000 0.003 0.001 0.001 0.001 0.010 0.000 0.002 0.181 0.003 

Locus 50 : 53046_18 
2 alleles
0.6% missing data
 120   (0.943) 0.941 1.000 0.992 0.951 0.992 1.000 0.998 1.000 0.995 0.998 0.998 0.999 0.988 0.999 0.997 0.992 0.918 
 100   (0.057) 0.059 0.000 0.008 0.049 0.008 0.000 0.002 0.000 0.005 0.002 0.002 0.001 0.012 0.001 0.003 0.008 0.082 

Locus 51 : 53230_50 
2 alleles
4.5% missing data
 120   (0.959) 0.961 1.000 0.995 0.969 0.999 1.000 0.999 1.000 0.997 0.998 0.832 0.999 0.991 1.000 0.998 0.997 0.997 
 110   (0.041) 0.039 0.000 0.005 0.031 0.001 0.000 0.001 0.000 0.003 0.002 0.168 0.001 0.009 0.000 0.002 0.003 0.003 

Locus 52 : 53957_5 
2 alleles
3.9% missing data
 130   (0.963) 0.962 1.000 0.995 0.967 0.999 1.000 0.999 1.000 0.997 0.999 0.999 0.999 0.992 1.000 0.998 0.997 0.986 
 110   (0.037) 0.038 0.000 0.005 0.033 0.001 0.000 0.001 0.000 0.003 0.001 0.001 0.001 0.008 0.000 0.002 0.003 0.014 

Locus 53 : 58003_89 
2 alleles
3.9% missing data
 120   (0.952) 0.952 0.995 0.990 0.955 0.997 0.999 0.998 0.997 0.996 0.997 0.997 0.993 0.983 0.986 0.975 0.996 0.992 
 100   (0.048) 0.048 0.005 0.010 0.045 0.003 0.001 0.002 0.003 0.004 0.003 0.003 0.007 0.017 0.014 0.025 0.004 0.008 

Locus 54 : 58412_58 
2 alleles
2.2% missing data
 110   (0.962) 0.963 1.000 0.995 0.970 0.999 1.000 0.999 1.000 0.974 0.999 0.999 0.999 0.992 1.000 0.998 0.997 0.997 
 100   (0.038) 0.037 0.000 0.005 0.030 0.001 0.000 0.001 0.000 0.026 0.001 0.001 0.001 0.008 0.000 0.002 0.003 0.003 

Locus 55 : 58452_11 
2 alleles
3.4% missing data
 120   (0.961) 0.958 1.000 0.995 0.959 0.999 1.000 0.999 1.000 0.997 0.999 0.999 0.999 0.990 1.000 0.991 0.997 0.997 
 130   (0.039) 0.042 0.000 0.005 0.041 0.001 0.000 0.001 0.000 0.003 0.001 0.001 0.001 0.010 0.000 0.009 0.003 0.003 

Locus 56 : 59409_85 
2 alleles
2.8% missing data
 130   (0.963) 0.960 1.000 0.995 0.961 0.999 1.000 0.999 1.000 0.997 0.999 0.999 0.996 0.991 1.000 0.998 0.997 0.997 
 100   (0.037) 0.040 0.000 0.005 0.039 0.001 0.000 0.001 0.000 0.003 0.001 0.001 0.004 0.009 0.000 0.002 0.003 0.003 

Locus 57 : 60620_10 
2 alleles
1.1% missing data
 120   (0.959) 0.960 1.000 0.995 0.969 0.999 1.000 0.999 1.000 0.891 0.999 0.999 0.999 0.993 1.000 0.998 0.997 0.997 
 130   (0.041) 0.040 0.000 0.005 0.031 0.001 0.000 0.001 0.000 0.109 0.001 0.001 0.001 0.007 0.000 0.002 0.003 0.003 

Locus 58 : 61541_77 
2 alleles
3.4% missing data
 120   (0.954) 0.956 1.000 0.995 0.965 0.999 1.000 0.999 1.000 0.838 0.998 0.998 0.999 0.989 1.000 0.998 0.997 0.997 
 100   (0.046) 0.044 0.000 0.005 0.035 0.001 0.000 0.001 0.000 0.162 0.002 0.002 0.001 0.011 0.000 0.002 0.003 0.003 

Locus 59 : 61756_42 
2 alleles
1.1% missing data
 130   (0.956) 0.958 1.000 0.995 0.967 0.999 1.000 0.999 1.000 0.821 0.999 0.999 0.999 0.990 1.000 0.998 0.997 0.997 
 110   (0.044) 0.042 0.000 0.005 0.033 0.001 0.000 0.001 0.000 0.179 0.001 0.001 0.001 0.010 0.000 0.002 0.003 0.003 

Locus 60 : 62497_19 
2 alleles
6.2% missing data
 130   (0.917) 0.918 0.999 0.944 0.928 0.997 0.985 0.991 0.998 0.993 0.995 0.995 0.986 0.973 0.984 0.957 0.882 0.992 
 110   (0.083) 0.082 0.001 0.056 0.072 0.003 0.015 0.009 0.002 0.007 0.005 0.005 0.014 0.027 0.016 0.043 0.118 0.008 

Locus 61 : 63024_50 
2 alleles
2.8% missing data
 120   (0.949) 0.944 1.000 0.993 0.938 0.999 1.000 0.998 1.000 0.996 0.998 0.998 0.999 0.987 0.999 0.972 0.996 0.997 
 100   (0.051) 0.056 0.000 0.007 0.062 0.001 0.000 0.002 0.000 0.004 0.002 0.002 0.001 0.013 0.001 0.028 0.004 0.003 

Locus 62 : 64492_50 
2 alleles
7.3% missing data
 120   (0.923) 0.924 1.000 0.988 0.938 0.998 0.999 0.997 0.999 0.994 0.997 0.997 0.998 0.983 0.999 0.947 0.894 0.913 
 100   (0.077) 0.076 0.000 0.012 0.062 0.002 0.001 0.003 0.001 0.006 0.003 0.003 0.002 0.017 0.001 0.053 0.106 0.087 

Locus 63 : 67984_34 
2 alleles
2.2% missing data
 120   (0.958) 0.959 1.000 0.995 0.968 0.999 1.000 0.999 1.000 0.864 0.999 0.999 0.999 0.991 1.000 0.998 0.997 0.997 
 100   (0.042) 0.041 0.000 0.005 0.032 0.001 0.000 0.001 0.000 0.136 0.001 0.001 0.001 0.009 0.000 0.002 0.003 0.003 

Locus 64 : 69199_10 
2 alleles
4.5% missing data
 120   (0.937) 0.935 1.000 0.992 0.920 0.998 0.999 0.998 0.999 0.995 0.998 0.998 0.999 0.979 0.992 0.283 0.996 0.995 
 100   (0.063) 0.065 0.000 0.008 0.080 0.002 0.001 0.002 0.001 0.005 0.002 0.002 0.001 0.021 0.008 0.717 0.004 0.005 

Locus 65 : 71368_77 
2 alleles
6.7% missing data
 100   (0.961) 0.962 1.000 0.995 0.970 0.999 1.000 0.999 1.000 0.997 0.535 0.998 0.999 0.992 1.000 0.998 0.997 0.997 
 110   (0.039) 0.038 0.000 0.005 0.030 0.001 0.000 0.001 0.000 0.003 0.465 0.002 0.001 0.008 0.000 0.002 0.003 0.003 

Locus 66 : 72276_35 
2 alleles
5.1% missing data
 130   (0.955) 0.956 1.000 0.994 0.964 0.999 1.000 0.997 1.000 0.997 0.998 0.998 0.999 0.990 0.999 0.997 0.997 0.878 
 120   (0.045) 0.044 0.000 0.006 0.036 0.001 0.000 0.003 0.000 0.003 0.002 0.002 0.001 0.010 0.001 0.003 0.003 0.122 

Locus 67 : 73554_16 
2 alleles
3.9% missing data
 100   (0.959) 0.960 1.000 0.850 0.968 0.999 1.000 0.999 1.000 0.997 0.999 0.999 0.999 0.991 1.000 0.998 0.997 0.997 
 130   (0.041) 0.040 0.000 0.150 0.032 0.001 0.000 0.001 0.000 0.003 0.001 0.001 0.001 0.009 0.000 0.002 0.003 0.003 

Locus 68 : 74575_32 
2 alleles
1.7% missing data
 120   (0.961) 0.959 1.000 0.995 0.965 0.999 1.000 0.999 1.000 0.997 0.999 0.999 0.999 0.991 1.000 0.998 0.997 0.982 
 100   (0.039) 0.041 0.000 0.005 0.035 0.001 0.000 0.001 0.000 0.003 0.001 0.001 0.001 0.009 0.000 0.002 0.003 0.018 

Locus 69 : 76504_10 
2 alleles
1.1% missing data
 110   (0.957) 0.957 1.000 0.995 0.966 0.779 1.000 0.999 1.000 0.997 0.999 0.999 0.999 0.991 0.999 0.997 0.997 0.997 
 100   (0.043) 0.043 0.000 0.005 0.034 0.221 0.000 0.001 0.000 0.003 0.001 0.001 0.001 0.009 0.001 0.003 0.003 0.003 

Locus 70 : 76561_35 
2 alleles
5.6% missing data
 120   (0.956) 0.958 1.000 0.995 0.966 0.999 1.000 0.999 1.000 0.996 0.999 0.998 0.999 0.992 1.000 0.998 0.566 0.997 
 100   (0.044) 0.042 0.000 0.005 0.034 0.001 0.000 0.001 0.000 0.004 0.001 0.002 0.001 0.008 0.000 0.002 0.434 0.003 

Locus 71 : 77346_16 
2 alleles
2.2% missing data
 130   (0.962) 0.963 1.000 0.995 0.971 0.913 1.000 0.999 1.000 0.997 0.999 0.999 0.999 0.993 0.999 0.998 0.997 0.997 
 110   (0.038) 0.037 0.000 0.005 0.029 0.087 0.000 0.001 0.000 0.003 0.001 0.001 0.001 0.007 0.001 0.002 0.003 0.003 

Locus 72 : 78631_40 
2 alleles
7.9% missing data
 120   (0.949) 0.949 1.000 0.994 0.956 0.999 1.000 0.997 1.000 0.996 0.998 0.998 0.999 0.988 0.999 0.997 0.972 0.818 
 110   (0.051) 0.051 0.000 0.006 0.044 0.001 0.000 0.003 0.000 0.004 0.002 0.002 0.001 0.012 0.001 0.003 0.028 0.182 

Locus 73 : 80366_12 
2 alleles
6.7% missing data
 130   (0.963) 0.959 1.000 0.994 0.961 0.999 0.999 0.998 1.000 0.997 0.999 0.999 0.998 0.989 0.999 0.998 0.996 0.997 
 110   (0.037) 0.041 0.000 0.006 0.039 0.001 0.001 0.002 0.000 0.003 0.001 0.001 0.002 0.011 0.001 0.002 0.004 0.003 

Locus 74 : 80499_10 
2 alleles
6.2% missing data
 130   (0.961) 0.962 1.000 0.996 0.970 0.999 1.000 0.999 1.000 0.997 0.998 0.810 0.999 0.993 1.000 0.998 0.997 0.997 
 100   (0.039) 0.038 0.000 0.004 0.030 0.001 0.000 0.001 0.000 0.003 0.002 0.190 0.001 0.007 0.000 0.002 0.003 0.003 

Locus 75 : 81141_31 
2 alleles
2.8% missing data
 120   (0.963) 0.961 1.000 0.995 0.968 0.999 0.998 0.984 1.000 0.997 0.998 0.998 0.999 0.992 0.999 0.998 0.997 0.997 
 100   (0.037) 0.039 0.000 0.005 0.032 0.001 0.002 0.016 0.000 0.003 0.002 0.002 0.001 0.008 0.001 0.002 0.003 0.003 

Locus 76 : 81662_33 
2 alleles
3.4% missing data
 120   (0.963) 0.960 1.000 0.996 0.965 0.999 1.000 0.999 1.000 0.997 0.999 0.999 0.995 0.991 1.000 0.998 0.997 0.997 
 110   (0.037) 0.040 0.000 0.004 0.035 0.001 0.000 0.001 0.000 0.003 0.001 0.001 0.005 0.009 0.000 0.002 0.003 0.003 

Locus 77 : 82002_8 
2 alleles
6.7% missing data
 100   (0.952) 0.954 1.000 0.994 0.963 0.999 1.000 0.999 1.000 0.675 0.998 0.998 0.999 0.989 1.000 0.998 0.997 0.997 
 110   (0.048) 0.046 0.000 0.006 0.037 0.001 0.000 0.001 0.000 0.325 0.002 0.002 0.001 0.011 0.000 0.002 0.003 0.003 

Locus 78 : 82631_34 
2 alleles
7.9% missing data
 120   (0.962) 0.962 1.000 0.994 0.955 0.999 1.000 0.996 1.000 0.997 0.998 0.998 0.999 0.988 0.996 0.998 0.997 0.994 
 100   (0.038) 0.038 0.000 0.006 0.045 0.001 0.000 0.004 0.000 0.003 0.002 0.002 0.001 0.012 0.004 0.002 0.003 0.006 

Locus 79 : 83247_84 
2 alleles
3.4% missing data
 110   (0.949) 0.949 1.000 0.994 0.955 0.999 1.000 0.998 1.000 0.996 0.998 0.998 0.999 0.988 0.999 0.998 0.996 0.739 
 100   (0.051) 0.051 0.000 0.006 0.045 0.001 0.000 0.002 0.000 0.004 0.002 0.002 0.001 0.012 0.001 0.002 0.004 0.261 

Locus 80 : 83916_5 
2 alleles
3.9% missing data
 130   (0.960) 0.961 1.000 0.995 0.969 0.999 0.807 0.999 1.000 0.997 0.999 0.999 0.999 0.991 1.000 0.998 0.997 0.997 
 110   (0.040) 0.039 0.000 0.005 0.031 0.001 0.193 0.001 0.000 0.003 0.001 0.001 0.001 0.009 0.000 0.002 0.003 0.003 

Locus 81 : 84971_7 
2 alleles
2.2% missing data
 120   (0.950) 0.949 0.999 0.992 0.951 0.961 0.998 0.996 0.998 0.996 0.997 0.998 0.999 0.969 0.967 0.992 0.996 0.994 
 110   (0.050) 0.051 0.001 0.008 0.049 0.039 0.002 0.004 0.002 0.004 0.003 0.002 0.001 0.031 0.033 0.008 0.004 0.006 

Locus 82 : 85247_77 
2 alleles
7.9% missing data
 120   (0.961) 0.961 1.000 0.993 0.965 0.998 0.994 0.994 0.999 0.997 0.997 0.998 0.998 0.987 0.994 0.997 0.996 0.996 
 110   (0.039) 0.039 0.000 0.007 0.035 0.002 0.006 0.006 0.001 0.003 0.003 0.002 0.002 0.013 0.006 0.003 0.004 0.004 

Locus 83 : 85248_24 
2 alleles
5.1% missing data
 100   (0.956) 0.957 1.000 0.995 0.966 0.999 1.000 0.999 1.000 0.858 0.998 0.998 0.999 0.991 1.000 0.998 0.997 0.997 
 120   (0.044) 0.043 0.000 0.005 0.034 0.001 0.000 0.001 0.000 0.142 0.002 0.002 0.001 0.009 0.000 0.002 0.003 0.003 

Locus 84 : 85402_12 
2 alleles
3.4% missing data
 120   (0.960) 0.957 1.000 0.995 0.959 0.999 1.000 0.999 1.000 0.997 0.999 0.999 0.996 0.990 1.000 0.998 0.997 0.997 
 100   (0.040) 0.043 0.000 0.005 0.041 0.001 0.000 0.001 0.000 0.003 0.001 0.001 0.004 0.010 0.000 0.002 0.003 0.003 

Locus 85 : 86588_18 
2 alleles
3.9% missing data
 120   (0.963) 0.961 1.000 0.995 0.960 0.999 1.000 0.999 1.000 0.997 0.999 0.999 0.999 0.992 1.000 0.989 0.997 0.998 
 100   (0.037) 0.039 0.000 0.005 0.040 0.001 0.000 0.001 0.000 0.003 0.001 0.001 0.001 0.008 0.000 0.011 0.003 0.002 

Locus 86 : 87070_60 
2 alleles
2.2% missing data
 100   (0.961) 0.962 1.000 0.858 0.970 0.999 1.000 0.999 1.000 0.997 0.999 0.999 0.999 0.992 0.999 0.998 0.997 0.997 
 130   (0.039) 0.038 0.000 0.142 0.030 0.001 0.000 0.001 0.000 0.003 0.001 0.001 0.001 0.008 0.001 0.002 0.003 0.003 

Locus 87 : 87747_31 
2 alleles
6.2% missing data
 120   (0.958) 0.959 1.000 0.995 0.968 0.999 1.000 0.999 1.000 0.914 0.999 0.999 0.999 0.990 1.000 0.998 0.997 0.997 
 110   (0.042) 0.041 0.000 0.005 0.032 0.001 0.000 0.001 0.000 0.086 0.001 0.001 0.001 0.010 0.000 0.002 0.003 0.003 

Locus 88 : 88455_10 
2 alleles
5.1% missing data
 130   (0.957) 0.958 1.000 0.995 0.966 0.999 1.000 0.998 1.000 0.997 0.999 0.998 0.999 0.991 0.999 0.998 0.793 0.995 
 100   (0.043) 0.042 0.000 0.005 0.034 0.001 0.000 0.002 0.000 0.003 0.001 0.002 0.001 0.009 0.001 0.002 0.207 0.005 

Locus 89 : 89005_12 
2 alleles
1.1% missing data
 120   (0.957) 0.959 1.000 0.995 0.967 0.999 1.000 0.999 1.000 0.891 0.999 0.999 0.999 0.991 1.000 0.998 0.997 0.997 
 130   (0.043) 0.041 0.000 0.005 0.033 0.001 0.000 0.001 0.000 0.109 0.001 0.001 0.001 0.009 0.000 0.002 0.003 0.003 

Locus 90 : 89213_8 
2 alleles
3.4% missing data
 130   (0.964) 0.965 1.000 0.996 0.972 0.999 1.000 0.999 1.000 0.972 0.999 0.999 0.999 0.993 1.000 0.998 0.997 0.997 
 110   (0.036) 0.035 0.000 0.004 0.028 0.001 0.000 0.001 0.000 0.028 0.001 0.001 0.001 0.007 0.000 0.002 0.003 0.003 

Locus 91 : 93475_13 
2 alleles
2.2% missing data
 130   (0.956) 0.958 1.000 0.995 0.966 0.999 1.000 0.999 1.000 0.865 0.998 0.998 0.999 0.990 1.000 0.998 0.997 0.997 
 110   (0.044) 0.042 0.000 0.005 0.034 0.001 0.000 0.001 0.000 0.135 0.002 0.002 0.001 0.010 0.000 0.002 0.003 0.003 

Locus 92 : 95749_27 
2 alleles
3.9% missing data
 120   (0.964) 0.965 1.000 0.996 0.972 0.999 1.000 0.999 1.000 0.971 0.999 0.999 0.999 0.992 1.000 0.998 0.997 0.998 
 100   (0.036) 0.035 0.000 0.004 0.028 0.001 0.000 0.001 0.000 0.029 0.001 0.001 0.001 0.008 0.000 0.002 0.003 0.002 

Locus 93 : 98167_26 
2 alleles
3.4% missing data
 120   (0.939) 0.940 1.000 0.896 0.945 0.992 0.999 0.997 1.000 0.995 0.997 0.997 0.973 0.986 0.997 0.987 0.992 0.994 
 110   (0.061) 0.060 0.000 0.104 0.055 0.008 0.001 0.003 0.000 0.005 0.003 0.003 0.027 0.014 0.003 0.013 0.008 0.006 

Locus 94 : 98988_58 
2 alleles
2.2% missing data
 130   (0.965) 0.966 1.000 0.995 0.972 0.999 1.000 0.999 1.000 0.975 0.999 0.998 0.999 0.993 1.000 0.998 0.997 0.998 
 110   (0.035) 0.034 0.000 0.005 0.028 0.001 0.000 0.001 0.000 0.025 0.001 0.002 0.001 0.007 0.000 0.002 0.003 0.002 

Locus 95 : 103824_15 
2 alleles
3.4% missing data
 130   (0.956) 0.958 1.000 0.995 0.966 0.999 1.000 0.999 1.000 0.809 0.998 0.999 0.999 0.990 1.000 0.998 0.997 0.997 
 110   (0.044) 0.042 0.000 0.005 0.034 0.001 0.000 0.001 0.000 0.191 0.002 0.001 0.001 0.010 0.000 0.002 0.003 0.003 

Locus 96 : 108043_8 
2 alleles
4.5% missing data
 130   (0.961) 0.962 1.000 0.995 0.971 0.906 1.000 0.998 1.000 0.997 0.999 0.999 0.999 0.992 1.000 0.998 0.997 0.997 
 110   (0.039) 0.038 0.000 0.005 0.029 0.094 0.000 0.002 0.000 0.003 0.001 0.001 0.001 0.008 0.000 0.002 0.003 0.003 

Locus 97 : 108049_79 
2 alleles
2.8% missing data
 120   (0.962) 0.960 1.000 0.995 0.964 0.999 1.000 0.999 1.000 0.997 0.999 0.999 0.995 0.991 1.000 0.998 0.997 0.997 
 100   (0.038) 0.040 0.000 0.005 0.036 0.001 0.000 0.001 0.000 0.003 0.001 0.001 0.005 0.009 0.000 0.002 0.003 0.003 

Locus 98 : 108366_5 
2 alleles
2.8% missing data
 130   (0.958) 0.960 1.000 0.995 0.968 0.999 1.000 0.999 1.000 0.918 0.999 0.999 0.999 0.991 1.000 0.998 0.997 0.997 
 100   (0.042) 0.040 0.000 0.005 0.032 0.001 0.000 0.001 0.000 0.082 0.001 0.001 0.001 0.009 0.000 0.002 0.003 0.003 

Locus 99 : 108403_10 
2 alleles
6.2% missing data
 130   (0.961) 0.959 1.000 0.995 0.964 0.991 1.000 0.999 1.000 0.996 0.999 0.999 0.999 0.991 1.000 0.998 0.997 0.996 
 110   (0.039) 0.041 0.000 0.005 0.036 0.009 0.000 0.001 0.000 0.004 0.001 0.001 0.001 0.009 0.000 0.002 0.003 0.004 

Locus 100 : 109283_38 
2 alleles
3.9% missing data
 120   (0.872) 0.873 0.999 0.982 0.872 0.995 0.489 0.517 0.995 0.990 0.995 0.995 0.919 0.853 0.876 0.966 0.991 0.979 
 100   (0.128) 0.127 0.001 0.018 0.128 0.005 0.511 0.483 0.005 0.010 0.005 0.005 0.081 0.147 0.124 0.034 0.009 0.021 

Locus 101 : 109527_54 
2 alleles
7.3% missing data
 110   (0.954) 0.954 1.000 0.991 0.962 0.999 1.000 0.998 1.000 0.996 0.998 0.998 0.997 0.991 0.999 0.998 0.997 0.782 
 130   (0.046) 0.046 0.000 0.009 0.038 0.001 0.000 0.002 0.000 0.004 0.002 0.002 0.003 0.009 0.001 0.002 0.003 0.218 

Locus 102 : 109804_31 
2 alleles
2.2% missing data
 130   (0.961) 0.962 1.000 0.995 0.970 0.999 1.000 0.999 1.000 0.946 0.999 0.999 0.999 0.992 1.000 0.998 0.997 0.997 
 100   (0.039) 0.038 0.000 0.005 0.030 0.001 0.000 0.001 0.000 0.054 0.001 0.001 0.001 0.008 0.000 0.002 0.003 0.003 

Locus 103 : 112614_46 
2 alleles
5.1% missing data
 120   (0.957) 0.958 1.000 0.994 0.967 0.999 1.000 0.999 1.000 0.884 0.998 0.999 0.999 0.992 1.000 0.998 0.997 0.997 
 100   (0.043) 0.042 0.000 0.006 0.033 0.001 0.000 0.001 0.000 0.116 0.002 0.001 0.001 0.008 0.000 0.002 0.003 0.003 

Locus 104 : 112906_14 
2 alleles
3.9% missing data
 110   (0.900) 0.902 1.000 0.954 0.876 0.997 0.999 0.850 0.999 0.992 0.996 0.996 0.998 0.980 0.997 0.995 0.670 0.778 
 120   (0.100) 0.098 0.000 0.046 0.124 0.003 0.001 0.150 0.001 0.008 0.004 0.004 0.002 0.020 0.003 0.005 0.330 0.222 

Locus 105 : 113735_32 
2 alleles
6.7% missing data
 120   (0.964) 0.964 1.000 0.995 0.966 0.999 1.000 0.999 1.000 0.997 0.999 0.999 0.999 0.993 1.000 0.998 0.969 0.997 
 100   (0.036) 0.036 0.000 0.005 0.034 0.001 0.000 0.001 0.000 0.003 0.001 0.001 0.001 0.007 0.000 0.002 0.031 0.003 

Locus 106 : 115028_7 
2 alleles
3.9% missing data
 120   (0.963) 0.964 1.000 0.995 0.970 0.999 1.000 0.999 1.000 0.997 0.999 0.999 0.999 0.993 1.000 0.998 0.960 0.997 
 100   (0.037) 0.036 0.000 0.005 0.030 0.001 0.000 0.001 0.000 0.003 0.001 0.001 0.001 0.007 0.000 0.002 0.040 0.003 

Locus 107 : 115179_16 
2 alleles
2.2% missing data
 120   (0.958) 0.959 1.000 0.995 0.968 0.999 1.000 0.999 1.000 0.908 0.999 0.998 0.999 0.991 1.000 0.998 0.997 0.997 
 110   (0.042) 0.041 0.000 0.005 0.032 0.001 0.000 0.001 0.000 0.092 0.001 0.002 0.001 0.009 0.000 0.002 0.003 0.003 

Locus 108 : 116753_51 
2 alleles
7.3% missing data
 120   (0.959) 0.960 0.999 0.995 0.961 0.998 0.998 0.908 1.000 0.997 0.998 0.999 0.999 0.984 0.998 0.998 0.996 0.996 
 100   (0.041) 0.040 0.001 0.005 0.039 0.002 0.002 0.092 0.000 0.003 0.002 0.001 0.001 0.016 0.002 0.002 0.004 0.004 

Locus 109 : 116931_31 
2 alleles
7.9% missing data
 120   (0.963) 0.960 1.000 0.995 0.961 0.999 1.000 0.999 1.000 0.997 0.999 0.998 0.999 0.991 0.999 0.990 0.997 0.997 
 110   (0.037) 0.040 0.000 0.005 0.039 0.001 0.000 0.001 0.000 0.003 0.001 0.002 0.001 0.009 0.001 0.010 0.003 0.003 

Locus 110 : 116938_8 
2 alleles
4.5% missing data
 130   (0.928) 0.930 1.000 0.948 0.941 0.998 0.999 0.816 1.000 0.994 0.997 0.997 0.999 0.985 0.999 0.996 0.995 0.863 
 110   (0.072) 0.070 0.000 0.052 0.059 0.002 0.001 0.184 0.000 0.006 0.003 0.003 0.001 0.015 0.001 0.004 0.005 0.137 

Locus 111 : 122302_80 
2 alleles
10.1% missing data
 110   (0.964) 0.964 1.000 0.995 0.971 0.999 1.000 0.999 1.000 0.997 0.999 0.998 0.999 0.993 0.999 0.953 0.997 0.997 
 100   (0.036) 0.036 0.000 0.005 0.029 0.001 0.000 0.001 0.000 0.003 0.001 0.002 0.001 0.007 0.001 0.047 0.003 0.003 

Locus 112 : 123190_14 
2 alleles
3.4% missing data
 120   (0.953) 0.951 1.000 0.994 0.940 0.999 0.999 0.998 1.000 0.996 0.998 0.998 0.999 0.988 0.999 0.955 0.997 0.997 
 130   (0.047) 0.049 0.000 0.006 0.060 0.001 0.001 0.002 0.000 0.004 0.002 0.002 0.001 0.012 0.001 0.045 0.003 0.003 

Locus 113 : 123271_36 
2 alleles
3.9% missing data
 100   (0.958) 0.960 1.000 0.995 0.969 0.999 1.000 0.999 1.000 0.857 0.998 0.999 0.999 0.992 1.000 0.998 0.997 0.997 
 110   (0.042) 0.040 0.000 0.005 0.031 0.001 0.000 0.001 0.000 0.143 0.002 0.001 0.001 0.008 0.000 0.002 0.003 0.003 

Locus 114 : 124147_18 
2 alleles
2.2% missing data
 130   (0.958) 0.959 1.000 0.762 0.967 0.999 1.000 0.999 1.000 0.997 0.999 0.999 0.999 0.990 1.000 0.998 0.997 0.997 
 110   (0.042) 0.041 0.000 0.238 0.033 0.001 0.000 0.001 0.000 0.003 0.001 0.001 0.001 0.010 0.000 0.002 0.003 0.003 

Locus 115 : 124184_33 
2 alleles
5.6% missing data
 110   (0.957) 0.959 1.000 0.995 0.967 0.999 1.000 0.999 1.000 0.909 0.999 0.998 0.999 0.990 1.000 0.998 0.997 0.997 
 100   (0.043) 0.041 0.000 0.005 0.033 0.001 0.000 0.001 0.000 0.091 0.001 0.002 0.001 0.010 0.000 0.002 0.003 0.003 

Locus 116 : 125404_24 
2 alleles
1.1% missing data
 130   (0.958) 0.959 1.000 0.995 0.968 0.999 1.000 0.999 1.000 0.997 0.999 0.999 0.999 0.990 1.000 0.998 0.769 0.997 
 110   (0.042) 0.041 0.000 0.005 0.032 0.001 0.000 0.001 0.000 0.003 0.001 0.001 0.001 0.010 0.000 0.002 0.231 0.003 

Locus 117 : 125436_43 
2 alleles
3.9% missing data
 130   (0.932) 0.934 1.000 0.991 0.940 0.998 0.999 0.998 1.000 0.995 0.998 0.998 0.999 0.985 0.999 0.997 0.690 0.846 
 100   (0.068) 0.066 0.000 0.009 0.060 0.002 0.001 0.002 0.000 0.005 0.002 0.002 0.001 0.015 0.001 0.003 0.310 0.154 

Locus 118 : 126013_18 
2 alleles
2.8% missing data
 130   (0.960) 0.962 1.000 0.995 0.969 0.999 1.000 0.999 1.000 0.997 0.998 0.790 0.999 0.992 1.000 0.998 0.997 0.997 
 110   (0.040) 0.038 0.000 0.005 0.031 0.001 0.000 0.001 0.000 0.003 0.002 0.210 0.001 0.008 0.000 0.002 0.003 0.003 

Locus 119 : 126137_19 
2 alleles
3.9% missing data
 120   (0.963) 0.963 1.000 0.995 0.966 0.999 1.000 0.998 1.000 0.997 0.999 0.999 0.999 0.992 1.000 0.998 0.981 0.984 
 110   (0.037) 0.037 0.000 0.005 0.034 0.001 0.000 0.002 0.000 0.003 0.001 0.001 0.001 0.008 0.000 0.002 0.019 0.016 

Locus 120 : 126845_22 
2 alleles
5.6% missing data
 130   (0.962) 0.963 1.000 0.994 0.968 0.999 1.000 0.999 1.000 0.997 0.999 0.999 0.999 0.992 1.000 0.998 0.963 0.997 
 110   (0.038) 0.037 0.000 0.006 0.032 0.001 0.000 0.001 0.000 0.003 0.001 0.001 0.001 0.008 0.000 0.002 0.037 0.003 

Locus 121 : 127512_8 
2 alleles
1.1% missing data
 130   (0.963) 0.964 1.000 0.996 0.972 0.999 1.000 0.999 1.000 0.997 0.999 0.840 0.999 0.993 1.000 0.998 0.997 0.997 
 100   (0.037) 0.036 0.000 0.004 0.028 0.001 0.000 0.001 0.000 0.003 0.001 0.160 0.001 0.007 0.000 0.002 0.003 0.003 

Locus 122 : 127692_13 
2 alleles
2.8% missing data
 100   (0.957) 0.957 1.000 0.994 0.963 0.999 1.000 0.999 1.000 0.997 0.999 0.998 0.999 0.992 0.999 0.998 0.994 0.933 
 120   (0.043) 0.043 0.000 0.006 0.037 0.001 0.000 0.001 0.000 0.003 0.001 0.002 0.001 0.008 0.001 0.002 0.006 0.067 

Locus 123 : 128195_18 
2 alleles
7.3% missing data
 130   (0.881) 0.880 0.995 0.435 0.885 0.996 0.999 0.994 0.997 0.990 0.995 0.996 0.311 0.956 0.966 0.982 0.988 0.914 
 110   (0.119) 0.120 0.005 0.565 0.115 0.004 0.001 0.006 0.003 0.010 0.005 0.004 0.689 0.044 0.034 0.018 0.012 0.086 

Locus 124 : 128198_14 
2 alleles
4.5% missing data
 130   (0.941) 0.942 1.000 0.993 0.955 0.998 1.000 0.998 1.000 0.922 0.998 0.819 0.999 0.989 0.999 0.997 0.996 0.996 
 120   (0.059) 0.058 0.000 0.007 0.045 0.002 0.000 0.002 0.000 0.078 0.002 0.181 0.001 0.011 0.001 0.003 0.004 0.004 

Locus 125 : 128423_39 
2 alleles
4.5% missing data
 130   (0.961) 0.960 1.000 0.990 0.962 0.999 1.000 0.998 1.000 0.997 0.999 0.999 0.993 0.989 0.999 0.998 0.997 0.997 
 100   (0.039) 0.040 0.000 0.010 0.038 0.001 0.000 0.002 0.000 0.003 0.001 0.001 0.007 0.011 0.001 0.002 0.003 0.003 

Locus 126 : 131572_48 
2 alleles
1.1% missing data
 120   (0.950) 0.949 1.000 0.994 0.955 0.999 0.997 0.940 1.000 0.996 0.998 0.998 0.999 0.982 0.999 0.997 0.996 0.996 
 100   (0.050) 0.051 0.000 0.006 0.045 0.001 0.003 0.060 0.000 0.004 0.002 0.002 0.001 0.018 0.001 0.003 0.004 0.004 

Locus 127 : 132199_62 
2 alleles
3.9% missing data
 100   (0.955) 0.957 1.000 0.995 0.966 0.999 1.000 0.999 1.000 0.750 0.999 0.998 0.999 0.992 1.000 0.998 0.997 0.997 
 120   (0.045) 0.043 0.000 0.005 0.034 0.001 0.000 0.001 0.000 0.250 0.001 0.002 0.001 0.008 0.000 0.002 0.003 0.003 

Locus 128 : 135566_64 
2 alleles
7.3% missing data
 130   (0.963) 0.960 1.000 0.995 0.962 0.999 1.000 0.999 1.000 0.997 0.999 0.999 0.996 0.992 1.000 0.998 0.997 0.997 
 110   (0.037) 0.040 0.000 0.005 0.038 0.001 0.000 0.001 0.000 0.003 0.001 0.001 0.004 0.008 0.000 0.002 0.003 0.003 

Locus 129 : 135761_5 
2 alleles
7.9% missing data
 130   (0.958) 0.960 1.000 0.995 0.968 0.999 1.000 0.999 1.000 0.904 0.998 0.998 0.999 0.990 1.000 0.998 0.997 0.997 
 100   (0.042) 0.040 0.000 0.005 0.032 0.001 0.000 0.001 0.000 0.096 0.002 0.002 0.001 0.010 0.000 0.002 0.003 0.003 

Locus 130 : 137219_35 
2 alleles
3.4% missing data
 120   (0.950) 0.944 1.000 0.994 0.946 0.999 1.000 0.998 1.000 0.996 0.998 0.998 0.975 0.988 0.999 0.998 0.997 0.996 
 100   (0.050) 0.056 0.000 0.006 0.054 0.001 0.000 0.002 0.000 0.004 0.002 0.002 0.025 0.012 0.001 0.002 0.003 0.004 

Locus 131 : 139081_20 
2 alleles
5.6% missing data
 120   (0.949) 0.950 1.000 0.935 0.957 0.999 0.999 0.995 1.000 0.996 0.998 0.998 0.999 0.989 0.998 0.997 0.996 0.966 
 110   (0.051) 0.050 0.000 0.065 0.043 0.001 0.001 0.005 0.000 0.004 0.002 0.002 0.001 0.011 0.002 0.003 0.004 0.034 

Locus 132 : 139084_52 
2 alleles
5.1% missing data
 120   (0.923) 0.918 0.999 0.820 0.913 0.998 0.999 0.997 0.999 0.994 0.997 0.997 0.993 0.975 0.996 0.960 0.994 0.993 
 110   (0.077) 0.082 0.001 0.180 0.087 0.002 0.001 0.003 0.001 0.006 0.003 0.003 0.007 0.025 0.004 0.040 0.006 0.007 

Locus 133 : 139433_54 
2 alleles
3.9% missing data
 120   (0.961) 0.963 1.000 0.996 0.970 0.999 1.000 0.999 1.000 0.945 0.999 0.999 0.999 0.992 1.000 0.998 0.997 0.997 
 100   (0.039) 0.037 0.000 0.004 0.030 0.001 0.000 0.001 0.000 0.055 0.001 0.001 0.001 0.008 0.000 0.002 0.003 0.003 

Locus 134 : 140063_88 
2 alleles
7.9% missing data
 110   (0.960) 0.959 1.000 0.994 0.964 0.999 1.000 0.999 1.000 0.997 0.999 0.999 0.999 0.992 1.000 0.998 0.996 0.985 
 100   (0.040) 0.041 0.000 0.006 0.036 0.001 0.000 0.001 0.000 0.003 0.001 0.001 0.001 0.008 0.000 0.002 0.004 0.015 

Locus 135 : 140194_73 
2 alleles
2.8% missing data
 120   (0.962) 0.963 1.000 0.993 0.970 0.998 1.000 0.998 1.000 0.997 0.950 0.998 0.999 0.992 0.999 0.998 0.997 0.997 
 110   (0.038) 0.037 0.000 0.007 0.030 0.002 0.000 0.002 0.000 0.003 0.050 0.002 0.001 0.008 0.001 0.002 0.003 0.003 

Locus 136 : 141313_8 
2 alleles
2.8% missing data
 120   (0.960) 0.961 1.000 0.995 0.970 0.999 1.000 0.999 1.000 0.919 0.999 0.998 0.999 0.993 1.000 0.998 0.997 0.997 
 100   (0.040) 0.039 0.000 0.005 0.030 0.001 0.000 0.001 0.000 0.081 0.001 0.002 0.001 0.007 0.000 0.002 0.003 0.003 

Locus 137 : 145284_28 
2 alleles
2.8% missing data
 130   (0.959) 0.960 1.000 0.622 0.969 0.999 1.000 0.999 1.000 0.997 0.999 0.999 0.999 0.992 1.000 0.998 0.997 0.997 
 110   (0.041) 0.040 0.000 0.378 0.031 0.001 0.000 0.001 0.000 0.003 0.001 0.001 0.001 0.008 0.000 0.002 0.003 0.003 

Locus 138 : 145957_11 
2 alleles
4.5% missing data
 130   (0.962) 0.963 1.000 0.995 0.971 0.999 0.834 0.999 1.000 0.997 0.999 0.999 0.999 0.992 1.000 0.998 0.997 0.998 
 110   (0.038) 0.037 0.000 0.005 0.029 0.001 0.166 0.001 0.000 0.003 0.001 0.001 0.001 0.008 0.000 0.002 0.003 0.002 

Locus 139 : 160306_34 
2 alleles
2.8% missing data
 120   (0.939) 0.940 1.000 0.992 0.927 0.998 0.999 0.981 1.000 0.995 0.998 0.998 0.998 0.986 0.997 0.996 0.777 0.969 
 100   (0.061) 0.060 0.000 0.008 0.073 0.002 0.001 0.019 0.000 0.005 0.002 0.002 0.002 0.014 0.003 0.004 0.223 0.031 

Locus 140 : 162107_37 
2 alleles
3.4% missing data
 120   (0.941) 0.940 1.000 0.993 0.949 0.999 0.999 0.998 1.000 0.995 0.998 0.998 0.999 0.986 0.999 0.997 0.906 0.982 
 100   (0.059) 0.060 0.000 0.007 0.051 0.001 0.001 0.002 0.000 0.005 0.002 0.002 0.001 0.014 0.001 0.003 0.094 0.018 

Locus 141 : 163290_36 
2 alleles
5.1% missing data
 130   (0.929) 0.930 1.000 0.773 0.941 0.995 0.998 0.996 0.995 0.994 0.997 0.997 0.994 0.934 0.927 0.942 0.995 0.995 
 110   (0.071) 0.070 0.000 0.227 0.059 0.005 0.002 0.004 0.005 0.006 0.003 0.003 0.006 0.066 0.073 0.058 0.005 0.005 

Locus 142 : 163453_13 
2 alleles
5.6% missing data
 120   (0.962) 0.959 1.000 0.994 0.961 0.999 1.000 0.999 1.000 0.997 0.999 0.998 0.999 0.991 1.000 0.991 0.997 0.997 
 110   (0.038) 0.041 0.000 0.006 0.039 0.001 0.000 0.001 0.000 0.003 0.001 0.002 0.001 0.009 0.000 0.009 0.003 0.003 

Locus 143 : 163580_14 
2 alleles
10.1% missing data
 120   (0.960) 0.961 0.976 0.994 0.969 0.996 0.999 0.999 0.866 0.997 0.999 0.998 0.999 0.992 0.971 0.998 0.997 0.997 
 100   (0.040) 0.039 0.024 0.006 0.031 0.004 0.001 0.001 0.134 0.003 0.001 0.002 0.001 0.008 0.029 0.002 0.003 0.003 

Locus 144 : 164461_13 
2 alleles
5.6% missing data
 100   (0.963) 0.964 1.000 0.996 0.971 0.999 1.000 0.999 1.000 0.997 0.999 0.999 0.999 0.992 1.000 0.827 0.997 0.997 
 120   (0.037) 0.036 0.000 0.004 0.029 0.001 0.000 0.001 0.000 0.003 0.001 0.001 0.001 0.008 0.000 0.173 0.003 0.003 

Locus 145 : 165413_43 
2 alleles
1.7% missing data
 110   (0.956) 0.956 1.000 0.994 0.961 0.999 1.000 0.998 1.000 0.997 0.998 0.998 0.999 0.989 0.999 0.996 0.997 0.934 
 130   (0.044) 0.044 0.000 0.006 0.039 0.001 0.000 0.002 0.000 0.003 0.002 0.002 0.001 0.011 0.001 0.004 0.003 0.066 

Locus 146 : 168629_44 
2 alleles
5.6% missing data
 130   (0.947) 0.947 1.000 0.988 0.954 0.998 0.999 0.998 1.000 0.996 0.998 0.997 0.990 0.986 0.997 0.983 0.996 0.955 
 110   (0.053) 0.053 0.000 0.012 0.046 0.002 0.001 0.002 0.000 0.004 0.002 0.003 0.010 0.014 0.003 0.017 0.004 0.045 

Locus 147 : 168991_77 
2 alleles
5.6% missing data
 110   (0.866) 0.861 0.999 0.978 0.804 0.995 0.997 0.886 0.997 0.989 0.995 0.995 0.963 0.952 0.980 0.985 0.657 0.917 
 100   (0.134) 0.139 0.001 0.022 0.196 0.005 0.003 0.114 0.003 0.011 0.005 0.005 0.037 0.048 0.020 0.015 0.343 0.083 

Locus 148 : 169478_88 
2 alleles
5.1% missing data
 130   (0.960) 0.960 1.000 0.995 0.967 0.999 1.000 0.999 1.000 0.997 0.959 0.998 0.999 0.990 0.999 0.998 0.997 0.997 
 100   (0.040) 0.040 0.000 0.005 0.033 0.001 0.000 0.001 0.000 0.003 0.041 0.002 0.001 0.010 0.001 0.002 0.003 0.003 

Locus 149 : 169898_8 
2 alleles
6.2% missing data
 120   (0.945) 0.946 1.000 0.993 0.956 0.998 1.000 0.997 1.000 0.995 0.998 0.998 0.998 0.988 0.999 0.962 0.995 0.904 
 100   (0.055) 0.054 0.000 0.007 0.044 0.002 0.000 0.003 0.000 0.005 0.002 0.002 0.002 0.012 0.001 0.038 0.005 0.096 

Locus 150 : 170224_42 
2 alleles
7.3% missing data
 100   (0.915) 0.913 0.997 0.976 0.918 0.997 0.999 0.995 0.999 0.993 0.996 0.996 0.979 0.960 0.974 0.789 0.993 0.930 
 120   (0.085) 0.087 0.003 0.024 0.082 0.003 0.001 0.005 0.001 0.007 0.004 0.004 0.021 0.040 0.026 0.211 0.007 0.070 

Locus 151 : 174083_22 
2 alleles
3.9% missing data
 120   (0.955) 0.956 1.000 0.995 0.966 0.999 1.000 0.999 1.000 0.783 0.999 0.998 0.999 0.990 1.000 0.998 0.997 0.997 
 100   (0.045) 0.044 0.000 0.005 0.034 0.001 0.000 0.001 0.000 0.217 0.001 0.002 0.001 0.010 0.000 0.002 0.003 0.003 

Locus 152 : 174223_24 
2 alleles
2.8% missing data
 120   (0.960) 0.958 1.000 0.995 0.963 0.989 1.000 0.999 1.000 0.997 0.999 0.999 0.999 0.990 1.000 0.998 0.997 0.996 
 100   (0.040) 0.042 0.000 0.005 0.037 0.011 0.000 0.001 0.000 0.003 0.001 0.001 0.001 0.010 0.000 0.002 0.003 0.004 

Locus 153 : 174263_44 
2 alleles
3.9% missing data
 130   (0.961) 0.962 1.000 0.995 0.970 0.999 1.000 0.999 1.000 0.997 0.996 0.707 0.999 0.992 1.000 0.998 0.997 0.997 
 110   (0.039) 0.038 0.000 0.005 0.030 0.001 0.000 0.001 0.000 0.003 0.004 0.293 0.001 0.008 0.000 0.002 0.003 0.003 

Locus 154 : 175657_6 
2 alleles
8.4% missing data
 100   (0.941) 0.943 1.000 0.993 0.954 0.999 1.000 0.998 1.000 0.995 0.998 0.998 0.999 0.988 0.999 0.997 0.758 0.925 
 130   (0.059) 0.057 0.000 0.007 0.046 0.001 0.000 0.002 0.000 0.005 0.002 0.002 0.001 0.012 0.001 0.003 0.242 0.075 

Locus 155 : 176570_23 
2 alleles
3.9% missing data
 130   (0.960) 0.961 1.000 0.992 0.954 0.998 0.978 0.981 1.000 0.997 0.997 0.998 0.999 0.977 0.990 0.998 0.997 0.997 
 110   (0.040) 0.039 0.000 0.008 0.046 0.002 0.022 0.019 0.000 0.003 0.003 0.002 0.001 0.023 0.010 0.002 0.003 0.003 

Locus 156 : 176775_13 
2 alleles
6.7% missing data
 130   (0.954) 0.956 1.000 0.994 0.965 0.999 1.000 0.998 1.000 0.703 0.998 0.998 0.999 0.991 0.999 0.998 0.997 0.996 
 110   (0.046) 0.044 0.000 0.006 0.035 0.001 0.000 0.002 0.000 0.297 0.002 0.002 0.001 0.009 0.001 0.002 0.003 0.004 

Locus 157 : 178448_19 
2 alleles
3.4% missing data
 120   (0.958) 0.959 1.000 0.995 0.968 0.999 1.000 0.999 1.000 0.881 0.999 0.999 0.999 0.990 1.000 0.998 0.997 0.997 
 100   (0.042) 0.041 0.000 0.005 0.032 0.001 0.000 0.001 0.000 0.119 0.001 0.001 0.001 0.010 0.000 0.002 0.003 0.003 

Locus 158 : 179162_16 
2 alleles
6.2% missing data
 120   (0.963) 0.964 1.000 0.996 0.971 0.999 1.000 0.999 1.000 0.971 0.999 0.999 0.999 0.992 1.000 0.998 0.997 0.997 
 100   (0.037) 0.036 0.000 0.004 0.029 0.001 0.000 0.001 0.000 0.029 0.001 0.001 0.001 0.008 0.000 0.002 0.003 0.003 

Locus 159 : 179286_31 
2 alleles
2.8% missing data
 120   (0.936) 0.937 1.000 0.992 0.926 0.998 0.999 0.984 1.000 0.995 0.997 0.998 0.999 0.987 0.999 0.997 0.889 0.932 
 100   (0.064) 0.063 0.000 0.008 0.074 0.002 0.001 0.016 0.000 0.005 0.003 0.002 0.001 0.013 0.001 0.003 0.111 0.068 

Locus 160 : 179594_17 
2 alleles
4.5% missing data
 120   (0.919) 0.917 1.000 0.923 0.914 0.994 0.999 0.997 0.999 0.993 0.997 0.997 0.998 0.979 0.998 0.978 0.747 0.994 
 100   (0.081) 0.083 0.000 0.077 0.086 0.006 0.001 0.003 0.001 0.007 0.003 0.003 0.002 0.021 0.002 0.022 0.253 0.006 

Locus 161 : 180413_54 
2 alleles
3.9% missing data
 100   (0.958) 0.959 1.000 0.995 0.967 0.999 1.000 0.999 1.000 0.879 0.999 0.999 0.999 0.991 1.000 0.998 0.997 0.997 
 110   (0.042) 0.041 0.000 0.005 0.033 0.001 0.000 0.001 0.000 0.121 0.001 0.001 0.001 0.009 0.000 0.002 0.003 0.003 

Locus 162 : 182862_79 
2 alleles
3.4% missing data
 130   (0.959) 0.960 1.000 0.995 0.968 0.999 1.000 0.999 1.000 0.866 0.999 0.999 0.999 0.992 1.000 0.998 0.997 0.997 
 110   (0.041) 0.040 0.000 0.005 0.032 0.001 0.000 0.001 0.000 0.134 0.001 0.001 0.001 0.008 0.000 0.002 0.003 0.003 

Locus 163 : 183288_63 
2 alleles
10.1% missing data
 100   (0.961) 0.962 1.000 0.995 0.970 0.999 1.000 0.999 1.000 0.971 0.999 0.999 0.999 0.992 1.000 0.998 0.997 0.997 
 120   (0.039) 0.038 0.000 0.005 0.030 0.001 0.000 0.001 0.000 0.029 0.001 0.001 0.001 0.008 0.000 0.002 0.003 0.003 

Locus 164 : 183906_55 
2 alleles
6.7% missing data
 130   (0.961) 0.962 1.000 0.995 0.970 0.999 1.000 0.999 1.000 0.945 0.999 0.998 0.999 0.992 1.000 0.998 0.997 0.997 
 100   (0.039) 0.038 0.000 0.005 0.030 0.001 0.000 0.001 0.000 0.055 0.001 0.002 0.001 0.008 0.000 0.002 0.003 0.003 

Locus 165 : 183990_7 
2 alleles
3.4% missing data
 120   (0.956) 0.956 1.000 0.995 0.965 0.999 1.000 0.998 1.000 0.997 0.999 0.999 0.788 0.990 0.999 0.997 0.997 0.997 
 100   (0.044) 0.044 0.000 0.005 0.035 0.001 0.000 0.002 0.000 0.003 0.001 0.001 0.212 0.010 0.001 0.003 0.003 0.003 

Locus 166 : 185904_60 
2 alleles
3.4% missing data
 120   (0.958) 0.959 1.000 0.995 0.961 0.999 1.000 0.998 1.000 0.997 0.998 0.998 0.999 0.991 0.999 0.906 0.997 0.997 
 100   (0.042) 0.041 0.000 0.005 0.039 0.001 0.000 0.002 0.000 0.003 0.002 0.002 0.001 0.009 0.001 0.094 0.003 0.003 

Locus 167 : 191703_64 
2 alleles
1.7% missing data
 130   (0.930) 0.932 1.000 0.680 0.943 0.998 0.999 0.998 1.000 0.995 0.998 0.998 0.999 0.983 0.999 0.997 0.869 0.995 
 110   (0.070) 0.068 0.000 0.320 0.057 0.002 0.001 0.002 0.000 0.005 0.002 0.002 0.001 0.017 0.001 0.003 0.131 0.005 

Locus 168 : 193854_7 
2 alleles
1.7% missing data
 130   (0.940) 0.941 1.000 0.992 0.952 0.998 0.999 0.998 1.000 0.883 0.998 0.962 0.999 0.987 0.999 0.997 0.996 0.996 
 110   (0.060) 0.059 0.000 0.008 0.048 0.002 0.001 0.002 0.000 0.117 0.002 0.038 0.001 0.013 0.001 0.003 0.004 0.004 

Locus 169 : 194868_38 
2 alleles
5.6% missing data
 120   (0.946) 0.946 1.000 0.991 0.946 0.998 1.000 0.997 1.000 0.996 0.998 0.998 0.996 0.987 0.999 0.997 0.959 0.893 
 100   (0.054) 0.054 0.000 0.009 0.054 0.002 0.000 0.003 0.000 0.004 0.002 0.002 0.004 0.013 0.001 0.003 0.041 0.107 

Locus 170 : 195463_36 
2 alleles
5.1% missing data
 120   (0.962) 0.964 1.000 0.995 0.972 0.999 1.000 0.999 1.000 0.997 0.999 0.999 0.999 0.993 1.000 0.998 0.863 0.997 
 100   (0.038) 0.036 0.000 0.005 0.028 0.001 0.000 0.001 0.000 0.003 0.001 0.001 0.001 0.007 0.000 0.002 0.137 0.003 

Locus 171 : 195727_20 
2 alleles
1.7% missing data
 130   (0.959) 0.960 1.000 0.995 0.969 0.999 1.000 0.999 1.000 0.914 0.999 0.999 0.999 0.992 1.000 0.998 0.997 0.997 
 110   (0.041) 0.040 0.000 0.005 0.031 0.001 0.000 0.001 0.000 0.086 0.001 0.001 0.001 0.008 0.000 0.002 0.003 0.003 

Locus 172 : 197508_5 
2 alleles
2.2% missing data
 120   (0.962) 0.961 1.000 0.995 0.966 0.999 1.000 0.999 1.000 0.997 0.999 0.999 0.999 0.992 1.000 0.998 0.997 0.986 
 100   (0.038) 0.039 0.000 0.005 0.034 0.001 0.000 0.001 0.000 0.003 0.001 0.001 0.001 0.008 0.000 0.002 0.003 0.014 

Locus 173 : 199140_10 
2 alleles
4.5% missing data
 130   (0.964) 0.961 1.000 0.995 0.962 0.999 1.000 0.999 1.000 0.997 0.999 0.999 0.996 0.992 1.000 0.998 0.997 0.998 
 110   (0.036) 0.039 0.000 0.005 0.038 0.001 0.000 0.001 0.000 0.003 0.001 0.001 0.004 0.008 0.000 0.002 0.003 0.002 

Locus 174 : 199429_51 
2 alleles
5.1% missing data
 130   (0.962) 0.959 1.000 0.994 0.959 0.999 1.000 0.999 1.000 0.997 0.999 0.999 0.999 0.990 0.999 0.989 0.996 0.997 
 100   (0.038) 0.041 0.000 0.006 0.041 0.001 0.000 0.001 0.000 0.003 0.001 0.001 0.001 0.010 0.001 0.011 0.004 0.003 

Locus 175 : 199635_9 
2 alleles
3.4% missing data
 120   (0.958) 0.960 1.000 0.995 0.968 0.999 1.000 0.999 1.000 0.828 0.999 0.999 0.999 0.991 1.000 0.998 0.997 0.997 
 100   (0.042) 0.040 0.000 0.005 0.032 0.001 0.000 0.001 0.000 0.172 0.001 0.001 0.001 0.009 0.000 0.002 0.003 0.003 

Locus 176 : 200923_8 
2 alleles
5.1% missing data
 100   (0.962) 0.963 1.000 0.937 0.969 0.999 1.000 0.998 1.000 0.997 0.999 0.999 0.999 0.992 1.000 0.998 0.995 0.997 
 110   (0.038) 0.037 0.000 0.063 0.031 0.001 0.000 0.002 0.000 0.003 0.001 0.001 0.001 0.008 0.000 0.002 0.005 0.003 

Locus 177 : 201090_64 
2 alleles
5.1% missing data
 130   (0.963) 0.963 1.000 0.995 0.969 0.999 1.000 0.999 1.000 0.997 0.998 0.999 0.999 0.992 1.000 0.952 0.997 0.997 
 100   (0.037) 0.037 0.000 0.005 0.031 0.001 0.000 0.001 0.000 0.003 0.002 0.001 0.001 0.008 0.000 0.048 0.003 0.003 

Locus 178 : 201549_57 
2 alleles
4.5% missing data
 120   (0.960) 0.961 1.000 0.995 0.970 0.999 1.000 0.999 1.000 0.997 0.999 0.999 0.999 0.991 1.000 0.998 0.908 0.997 
 110   (0.040) 0.039 0.000 0.005 0.030 0.001 0.000 0.001 0.000 0.003 0.001 0.001 0.001 0.009 0.000 0.002 0.092 0.003 

Locus 179 : 203565_40 
2 alleles
3.9% missing data
 120   (0.963) 0.964 1.000 0.937 0.971 0.999 1.000 0.998 1.000 0.997 0.999 0.999 0.999 0.992 1.000 0.998 0.997 0.997 
 100   (0.037) 0.036 0.000 0.063 0.029 0.001 0.000 0.002 0.000 0.003 0.001 0.001 0.001 0.008 0.000 0.002 0.003 0.003 

Locus 180 : 205184_19 
2 alleles
7.3% missing data
 110   (0.911) 0.914 1.000 0.989 0.930 0.998 0.999 0.997 1.000 0.759 0.870 0.888 0.998 0.982 0.999 0.996 0.994 0.994 
 120   (0.089) 0.086 0.000 0.011 0.070 0.002 0.001 0.003 0.000 0.241 0.130 0.112 0.002 0.018 0.001 0.004 0.006 0.006 

Locus 181 : 206551_17 
2 alleles
6.2% missing data
 120   (0.909) 0.910 1.000 0.941 0.894 0.897 0.999 0.996 0.999 0.993 0.997 0.996 0.993 0.980 0.977 0.568 0.968 0.993 
 100   (0.091) 0.090 0.000 0.059 0.106 0.103 0.001 0.004 0.001 0.007 0.003 0.004 0.007 0.020 0.023 0.432 0.032 0.007 

Locus 182 : 216246_19 
2 alleles
2.8% missing data
 110   (0.949) 0.947 1.000 0.989 0.938 0.999 0.999 0.993 1.000 0.996 0.998 0.998 0.992 0.986 0.996 0.996 0.987 0.987 
 130   (0.051) 0.053 0.000 0.011 0.062 0.001 0.001 0.007 0.000 0.004 0.002 0.002 0.008 0.014 0.004 0.004 0.013 0.013 

Locus 183 : 216776_13 
2 alleles
5.6% missing data
 120   (0.923) 0.925 1.000 0.991 0.940 0.821 0.999 0.997 1.000 0.726 0.978 0.997 0.999 0.983 0.999 0.997 0.995 0.994 
 110   (0.077) 0.075 0.000 0.009 0.060 0.179 0.001 0.003 0.000 0.274 0.022 0.003 0.001 0.017 0.001 0.003 0.005 0.006 

Locus 184 : 217291_37 
2 alleles
3.9% missing data
 120   (0.960) 0.960 1.000 0.995 0.956 0.999 1.000 0.999 1.000 0.997 0.999 0.998 0.999 0.991 1.000 0.998 0.920 0.997 
 100   (0.040) 0.040 0.000 0.005 0.044 0.001 0.000 0.001 0.000 0.003 0.001 0.002 0.001 0.009 0.000 0.002 0.080 0.003 

Locus 185 : 217570_13 
2 alleles
3.9% missing data
 130   (0.958) 0.960 1.000 0.995 0.968 0.999 1.000 0.999 1.000 0.865 0.999 0.998 0.999 0.992 1.000 0.998 0.997 0.997 
 110   (0.042) 0.040 0.000 0.005 0.032 0.001 0.000 0.001 0.000 0.135 0.001 0.002 0.001 0.008 0.000 0.002 0.003 0.003 

Locus 186 : 220422_65 
2 alleles
3.4% missing data
 120   (0.953) 0.952 1.000 0.994 0.930 0.999 1.000 0.989 1.000 0.996 0.998 0.998 0.999 0.983 0.991 0.997 0.989 0.984 
 110   (0.047) 0.048 0.000 0.006 0.070 0.001 0.000 0.011 0.000 0.004 0.002 0.002 0.001 0.017 0.009 0.003 0.011 0.016 

Locus 187 : 220502_40 
2 alleles
6.7% missing data
 120   (0.963) 0.964 1.000 0.994 0.969 0.999 0.999 0.964 1.000 0.997 0.998 0.998 0.999 0.991 0.999 0.998 0.997 0.997 
 110   (0.037) 0.036 0.000 0.006 0.031 0.001 0.001 0.036 0.000 0.003 0.002 0.002 0.001 0.009 0.001 0.002 0.003 0.003 

Locus 188 : 220519_81 
2 alleles
4.5% missing data
 130   (0.939) 0.941 1.000 0.937 0.952 0.999 0.999 0.998 1.000 0.858 0.998 0.998 0.999 0.988 0.999 0.997 0.996 0.996 
 110   (0.061) 0.059 0.000 0.063 0.048 0.001 0.001 0.002 0.000 0.142 0.002 0.002 0.001 0.012 0.001 0.003 0.004 0.004 

Locus 189 : 222347_17 
2 alleles
3.9% missing data
 120   (0.957) 0.958 1.000 0.995 0.967 0.999 1.000 0.999 1.000 0.891 0.998 0.998 0.999 0.991 1.000 0.998 0.997 0.997 
 100   (0.043) 0.042 0.000 0.005 0.033 0.001 0.000 0.001 0.000 0.109 0.002 0.002 0.001 0.009 0.000 0.002 0.003 0.003 

Locus 190 : 222896_46 
2 alleles
0.6% missing data
 110   (0.960) 0.961 1.000 0.995 0.969 0.999 1.000 0.999 1.000 0.944 0.999 0.999 0.999 0.991 1.000 0.998 0.997 0.997 
 130   (0.040) 0.039 0.000 0.005 0.031 0.001 0.000 0.001 0.000 0.056 0.001 0.001 0.001 0.009 0.000 0.002 0.003 0.003 

Locus 191 : 223181_12 
2 alleles
3.4% missing data
 120   (0.955) 0.956 1.000 0.995 0.965 0.999 1.000 0.999 1.000 0.722 0.998 0.998 0.999 0.990 1.000 0.998 0.997 0.997 
 100   (0.045) 0.044 0.000 0.005 0.035 0.001 0.000 0.001 0.000 0.278 0.002 0.002 0.001 0.010 0.000 0.002 0.003 0.003 

Locus 192 : 224649_57 
2 alleles
5.1% missing data
 100   (0.961) 0.962 1.000 0.994 0.968 0.999 1.000 0.999 1.000 0.997 0.955 0.998 0.999 0.992 0.999 0.998 0.997 0.997 
 110   (0.039) 0.038 0.000 0.006 0.032 0.001 0.000 0.001 0.000 0.003 0.045 0.002 0.001 0.008 0.001 0.002 0.003 0.003 

Locus 193 : 226245_11 
2 alleles
5.1% missing data
 130   (0.964) 0.965 1.000 0.995 0.972 0.999 1.000 0.907 1.000 0.997 0.999 0.999 0.999 0.993 1.000 0.998 0.997 0.997 
 110   (0.036) 0.035 0.000 0.005 0.028 0.001 0.000 0.093 0.000 0.003 0.001 0.001 0.001 0.007 0.000 0.002 0.003 0.003 

Locus 194 : 226342_59 
2 alleles
6.2% missing data
 120   (0.931) 0.932 0.999 0.990 0.943 0.996 0.999 0.997 0.999 0.909 0.995 0.941 0.998 0.981 0.996 0.996 0.994 0.994 
 100   (0.069) 0.068 0.001 0.010 0.057 0.004 0.001 0.003 0.001 0.091 0.005 0.059 0.002 0.019 0.004 0.004 0.006 0.006 

Locus 195 : 228970_13 
2 alleles
3.9% missing data
 120   (0.961) 0.962 1.000 0.995 0.969 0.999 1.000 0.999 1.000 0.997 0.999 0.998 0.999 0.992 1.000 0.998 0.959 0.997 
 100   (0.039) 0.038 0.000 0.005 0.031 0.001 0.000 0.001 0.000 0.003 0.001 0.002 0.001 0.008 0.000 0.002 0.041 0.003 

Locus 196 : 229097_27 
2 alleles
5.1% missing data
 130   (0.956) 0.957 1.000 0.995 0.966 0.999 1.000 0.999 1.000 0.791 0.998 0.998 0.999 0.992 1.000 0.998 0.996 0.997 
 110   (0.044) 0.043 0.000 0.005 0.034 0.001 0.000 0.001 0.000 0.209 0.002 0.002 0.001 0.008 0.000 0.002 0.004 0.003 

Locus 197 : 229177_29 
2 alleles
7.3% missing data
 130   (0.953) 0.954 1.000 0.994 0.959 0.811 0.999 0.998 0.999 0.996 0.997 0.998 0.999 0.987 0.974 0.994 0.996 0.996 
 110   (0.047) 0.046 0.000 0.006 0.041 0.189 0.001 0.002 0.001 0.004 0.003 0.002 0.001 0.013 0.026 0.006 0.004 0.004 

Locus 198 : 229612_7 
2 alleles
6.2% missing data
 100   (0.962) 0.961 1.000 0.995 0.966 0.999 1.000 0.999 1.000 0.997 0.999 0.999 0.999 0.991 1.000 0.998 0.997 0.985 
 120   (0.038) 0.039 0.000 0.005 0.034 0.001 0.000 0.001 0.000 0.003 0.001 0.001 0.001 0.009 0.000 0.002 0.003 0.015 

Locus 199 : 229936_67 
2 alleles
3.9% missing data
 120   (0.960) 0.961 1.000 0.992 0.954 0.998 0.976 0.981 1.000 0.997 0.997 0.998 0.999 0.976 0.989 0.998 0.997 0.997 
 100   (0.040) 0.039 0.000 0.008 0.046 0.002 0.024 0.019 0.000 0.003 0.003 0.002 0.001 0.024 0.011 0.002 0.003 0.003 

Locus 200 : 232937_62 
2 alleles
2.2% missing data
 100   (0.965) 0.963 1.000 0.996 0.968 0.990 1.000 0.999 1.000 0.997 0.999 0.999 0.999 0.992 1.000 0.998 0.998 0.997 
 120   (0.035) 0.037 0.000 0.004 0.032 0.010 0.000 0.001 0.000 0.003 0.001 0.001 0.001 0.008 0.000 0.002 0.002 0.003 

Locus 201 : 233194_6 
2 alleles
2.8% missing data
 120   (0.935) 0.936 1.000 0.992 0.948 0.999 1.000 0.998 1.000 0.670 0.998 0.914 0.999 0.986 0.999 0.997 0.995 0.995 
 100   (0.065) 0.064 0.000 0.008 0.052 0.001 0.000 0.002 0.000 0.330 0.002 0.086 0.001 0.014 0.001 0.003 0.005 0.005 

Locus 202 : 234346_33 
2 alleles
4.5% missing data
 110   (0.961) 0.962 1.000 0.995 0.970 0.999 1.000 0.999 1.000 0.997 0.996 0.677 0.999 0.992 1.000 0.998 0.997 0.997 
 130   (0.039) 0.038 0.000 0.005 0.030 0.001 0.000 0.001 0.000 0.003 0.004 0.323 0.001 0.008 0.000 0.002 0.003 0.003 

Locus 203 : 235241_77 
2 alleles
2.2% missing data
 130   (0.960) 0.961 1.000 0.995 0.970 0.999 1.000 0.999 1.000 0.838 0.999 0.999 0.999 0.993 1.000 0.998 0.997 0.997 
 100   (0.040) 0.039 0.000 0.005 0.030 0.001 0.000 0.001 0.000 0.162 0.001 0.001 0.001 0.007 0.000 0.002 0.003 0.003 

Locus 204 : 236207_44 
2 alleles
6.2% missing data
 120   (0.904) 0.906 1.000 0.869 0.923 0.998 0.732 0.768 1.000 0.992 0.997 0.997 0.998 0.979 0.999 0.995 0.963 0.992 
 100   (0.096) 0.094 0.000 0.131 0.077 0.002 0.268 0.232 0.000 0.008 0.003 0.003 0.002 0.021 0.001 0.005 0.037 0.008 

Locus 205 : 236307_12 
2 alleles
1.7% missing data
 130   (0.959) 0.960 1.000 0.994 0.968 0.999 1.000 0.999 1.000 0.997 0.999 0.999 0.530 0.992 0.999 0.998 0.993 0.997 
 110   (0.041) 0.040 0.000 0.006 0.032 0.001 0.000 0.001 0.000 0.003 0.001 0.001 0.470 0.008 0.001 0.002 0.007 0.003 

Locus 206 : 236931_45 
2 alleles
6.7% missing data
 120   (0.899) 0.901 1.000 0.457 0.920 0.997 0.999 0.991 1.000 0.992 0.997 0.996 0.997 0.979 0.999 0.995 0.705 0.685 
 100   (0.101) 0.099 0.000 0.543 0.080 0.003 0.001 0.009 0.000 0.008 0.003 0.004 0.003 0.021 0.001 0.005 0.295 0.315 

Locus 207 : 236999_38 
2 alleles
2.8% missing data
 120   (0.958) 0.959 1.000 0.995 0.968 0.999 1.000 0.999 1.000 0.945 0.999 0.999 0.999 0.991 1.000 0.998 0.997 0.997 
 100   (0.042) 0.041 0.000 0.005 0.032 0.001 0.000 0.001 0.000 0.055 0.001 0.001 0.001 0.009 0.000 0.002 0.003 0.003 

Locus 208 : 240398_42 
2 alleles
3.9% missing data
 110   (0.863) 0.862 1.000 0.453 0.878 0.996 0.999 0.995 0.999 0.989 0.995 0.995 0.570 0.970 0.998 0.994 0.876 0.816 
 130   (0.137) 0.138 0.000 0.547 0.122 0.004 0.001 0.005 0.001 0.011 0.005 0.005 0.430 0.030 0.002 0.006 0.124 0.184 

Locus 209 : 240825_22 
2 alleles
6.2% missing data
 130   (0.962) 0.961 1.000 0.993 0.967 0.996 0.998 0.997 1.000 0.997 0.998 0.998 0.999 0.986 0.991 0.996 0.997 0.997 
 110   (0.038) 0.039 0.000 0.007 0.033 0.004 0.002 0.003 0.000 0.003 0.002 0.002 0.001 0.014 0.009 0.004 0.003 0.003 

Locus 210 : 244435_48 
2 alleles
1.7% missing data
 110   (0.961) 0.962 1.000 0.995 0.970 0.999 1.000 0.907 1.000 0.997 0.999 0.999 0.999 0.993 1.000 0.998 0.997 0.997 
 130   (0.039) 0.038 0.000 0.005 0.030 0.001 0.000 0.093 0.000 0.003 0.001 0.001 0.001 0.007 0.000 0.002 0.003 0.003 

Locus 211 : 245971_21 
2 alleles
5.1% missing data
 130   (0.958) 0.960 1.000 0.995 0.968 0.999 1.000 0.999 1.000 0.914 0.998 0.998 0.999 0.992 1.000 0.998 0.997 0.997 
 120   (0.042) 0.040 0.000 0.005 0.032 0.001 0.000 0.001 0.000 0.086 0.002 0.002 0.001 0.008 0.000 0.002 0.003 0.003 

Locus 212 : 246895_22 
2 alleles
3.4% missing data
 120   (0.962) 0.959 1.000 0.995 0.964 0.999 1.000 0.998 1.000 0.997 0.999 0.999 0.994 0.990 1.000 0.998 0.997 0.997 
 110   (0.038) 0.041 0.000 0.005 0.036 0.001 0.000 0.002 0.000 0.003 0.001 0.001 0.006 0.010 0.000 0.002 0.003 0.003 

Locus 213 : 248131_26 
2 alleles
7.9% missing data
 130   (0.946) 0.946 1.000 0.992 0.951 0.998 0.999 0.995 0.999 0.995 0.998 0.997 0.998 0.988 0.997 0.953 0.992 0.980 
 110   (0.054) 0.054 0.000 0.008 0.049 0.002 0.001 0.005 0.001 0.005 0.002 0.003 0.002 0.012 0.003 0.047 0.008 0.020 

Locus 214 : 250844_49 
2 alleles
7.3% missing data
 130   (0.959) 0.957 1.000 0.995 0.963 0.999 1.000 0.999 1.000 0.996 0.999 0.999 0.999 0.990 1.000 0.998 0.997 0.982 
 100   (0.041) 0.043 0.000 0.005 0.037 0.001 0.000 0.001 0.000 0.004 0.001 0.001 0.001 0.010 0.000 0.002 0.003 0.018 

Locus 215 : 251283_19 
2 alleles
5.6% missing data
 120   (0.961) 0.962 1.000 0.830 0.970 0.999 1.000 0.999 1.000 0.997 0.999 0.999 0.999 0.993 1.000 0.998 0.997 0.997 
 100   (0.039) 0.038 0.000 0.170 0.030 0.001 0.000 0.001 0.000 0.003 0.001 0.001 0.001 0.007 0.000 0.002 0.003 0.003 

Locus 216 : 251358_15 
2 alleles
8.4% missing data
 110   (0.939) 0.940 1.000 0.990 0.950 0.998 0.999 0.944 1.000 0.995 0.997 0.998 0.999 0.988 0.999 0.997 0.995 0.792 
 120   (0.061) 0.060 0.000 0.010 0.050 0.002 0.001 0.056 0.000 0.005 0.003 0.002 0.001 0.012 0.001 0.003 0.005 0.208 

Locus 217 : 251901_42 
2 alleles
2.2% missing data
 120   (0.964) 0.963 1.000 0.995 0.962 0.999 0.999 0.998 1.000 0.997 0.999 0.999 0.999 0.992 0.999 0.979 0.997 0.997 
 100   (0.036) 0.037 0.000 0.005 0.038 0.001 0.001 0.002 0.000 0.003 0.001 0.001 0.001 0.008 0.001 0.021 0.003 0.003 

Locus 218 : 252158_43 
2 alleles
0.0% missing data
 120   (0.960) 0.961 1.000 0.995 0.969 0.999 1.000 0.999 1.000 0.918 0.999 0.999 0.999 0.992 1.000 0.998 0.997 0.997 
 100   (0.040) 0.039 0.000 0.005 0.031 0.001 0.000 0.001 0.000 0.082 0.001 0.001 0.001 0.008 0.000 0.002 0.003 0.003 

Locus 219 : 252988_16 
2 alleles
7.9% missing data
 110   (0.957) 0.958 1.000 0.994 0.965 0.999 1.000 0.998 1.000 0.996 0.998 0.998 0.998 0.991 0.999 0.677 0.997 0.996 
 100   (0.043) 0.042 0.000 0.006 0.035 0.001 0.000 0.002 0.000 0.004 0.002 0.002 0.002 0.009 0.001 0.323 0.003 0.004 

Locus 220 : 254425_88 
2 alleles
5.6% missing data
 130   (0.932) 0.935 1.000 0.992 0.949 0.998 0.999 0.998 1.000 0.778 0.750 0.998 0.999 0.984 0.999 0.997 0.995 0.995 
 110   (0.068) 0.065 0.000 0.008 0.051 0.002 0.001 0.002 0.000 0.222 0.250 0.002 0.001 0.016 0.001 0.003 0.005 0.005 

Locus 221 : 256337_57 
2 alleles
5.6% missing data
 110   (0.961) 0.962 1.000 0.931 0.969 0.999 1.000 0.999 1.000 0.997 0.999 0.999 0.999 0.992 1.000 0.998 0.997 0.997 
 130   (0.039) 0.038 0.000 0.069 0.031 0.001 0.000 0.001 0.000 0.003 0.001 0.001 0.001 0.008 0.000 0.002 0.003 0.003 

Locus 222 : 259058_15 
2 alleles
1.7% missing data
 120   (0.963) 0.964 1.000 0.996 0.972 0.999 1.000 0.999 1.000 0.997 0.999 0.760 0.999 0.992 1.000 0.998 0.997 0.997 
 100   (0.037) 0.036 0.000 0.004 0.028 0.001 0.000 0.001 0.000 0.003 0.001 0.240 0.001 0.008 0.000 0.002 0.003 0.003 

Locus 223 : 259869_81 
2 alleles
0.6% missing data
 120   (0.962) 0.963 1.000 0.995 0.971 0.999 1.000 0.999 1.000 0.997 0.888 0.997 0.999 0.992 0.999 0.998 0.997 0.997 
 130   (0.038) 0.037 0.000 0.005 0.029 0.001 0.000 0.001 0.000 0.003 0.112 0.003 0.001 0.008 0.001 0.002 0.003 0.003 

Locus 224 : 260700_55 
2 alleles
2.2% missing data
 130   (0.960) 0.961 1.000 0.994 0.966 0.979 1.000 0.998 1.000 0.997 0.998 0.998 0.999 0.991 0.996 0.994 0.997 0.997 
 110   (0.040) 0.039 0.000 0.006 0.034 0.021 0.000 0.002 0.000 0.003 0.002 0.002 0.001 0.009 0.004 0.006 0.003 0.003 

Locus 225 : 262223_11 
2 alleles
4.5% missing data
 130   (0.962) 0.963 1.000 0.996 0.972 0.848 1.000 0.999 1.000 0.997 0.999 0.999 0.999 0.993 1.000 0.998 0.997 0.998 
 100   (0.038) 0.037 0.000 0.004 0.028 0.152 0.000 0.001 0.000 0.003 0.001 0.001 0.001 0.007 0.000 0.002 0.003 0.002 

Locus 226 : 262346_48 
2 alleles
3.4% missing data
 130   (0.959) 0.961 1.000 0.413 0.968 0.999 1.000 0.999 1.000 0.997 0.999 0.999 0.999 0.991 1.000 0.998 0.997 0.997 
 110   (0.041) 0.039 0.000 0.587 0.032 0.001 0.000 0.001 0.000 0.003 0.001 0.001 0.001 0.009 0.000 0.002 0.003 0.003 

Locus 227 : 262620_18 
2 alleles
3.9% missing data
 110   (0.947) 0.944 1.000 0.991 0.945 0.997 0.994 0.993 0.999 0.995 0.997 0.997 0.995 0.977 0.994 0.996 0.995 0.995 
 130   (0.053) 0.056 0.000 0.009 0.055 0.003 0.006 0.007 0.001 0.005 0.003 0.003 0.005 0.023 0.006 0.004 0.005 0.005 

Locus 228 : 263002_42 
2 alleles
3.4% missing data
 120   (0.953) 0.954 1.000 0.994 0.962 0.999 1.000 0.998 1.000 0.996 0.998 0.998 0.999 0.990 0.999 0.998 0.992 0.836 
 100   (0.047) 0.046 0.000 0.006 0.038 0.001 0.000 0.002 0.000 0.004 0.002 0.002 0.001 0.010 0.001 0.002 0.008 0.164 

Locus 229 : 263813_70 
2 alleles
10.1% missing data
 130   (0.959) 0.961 1.000 0.995 0.969 0.999 1.000 0.999 1.000 0.997 0.870 0.999 0.999 0.991 1.000 0.998 0.997 0.997 
 110   (0.041) 0.039 0.000 0.005 0.031 0.001 0.000 0.001 0.000 0.003 0.130 0.001 0.001 0.009 0.000 0.002 0.003 0.003 

Locus 230 : 264184_13 
2 alleles
10.1% missing data
 110   (0.921) 0.921 1.000 0.948 0.926 0.998 0.999 0.844 1.000 0.993 0.997 0.997 0.998 0.983 0.999 0.828 0.994 0.994 
 130   (0.079) 0.079 0.000 0.052 0.074 0.002 0.001 0.156 0.000 0.007 0.003 0.003 0.002 0.017 0.001 0.172 0.006 0.006 

Values of parameters used in structure:
DATAFILE=C:\Users\jmahg\OneDrive\Desktop\Transfers\TrkNbr-1524n1282n1083_AllPops_Structure_p18_r080_LDnHWEx\project_data,	OUTFILE=C:\Users\jmahg\OneDrive\Desktop\Transfers\TrkNbr-1524n1282n1083_AllPops_Structure_p18_r080_LDnHWEx\BI50000_MCMC100000\Results\BI50000_MCMC100000_run_167,	NUMINDS=178,	NUMLOCI=230,	MISSING=0,	LABEL=1,	POPDATA=1,	POPFLAG=0,	PHENOTYPE=0,	EXTRACOLS=0,	MAXPOPS=17,	BURNIN=50000,	NUMREPS=100000,	USEPOPINFO=0,	INFERALPHA=1,	INFERLAMBDA=0,	POPSPECIFICLAMBDA=0,	POPALPHAS=0,	COMPUTEPROB=1,	NOADMIX=0,	ADMBURNIN=2500,	UPDATEFREQ=1,	PRINTLIKES=0,	INTERMEDSAVE=0,	PRINTKLD=0,	PRINTNET=0,	PRINTLAMBDA=0,	ANCESTDIST=0,	NUMBOXES=1000,	ANCESTPINT=0.90000,	GENSBACK=2,	MIGRPRIOR=0.05000,	PRINTQHAT=0,	PRINTQSUM=0,	ALPHA=1.0000,	FREQSCORR=1,	FPRIORMEAN=0.0100,	FPRIORSD=0.0500,	ONEFST=0,	LAMBDA=1.0000,	UNIFPRIORALPHA=1,	ALPHAMAX=10.0000,	ALPHAPRIORA=1.0000,	ALPHAPRIORB=2.0000,	ALPHAPROPSD=0.0250,	STARTATPOPINFO=0,	RANDOMIZE=1,	LINKAGE=0,	METROFREQ=10,	REPORTHITRATE=0,	MARKOVPHASE=-1,	PHASED=0,	PLOIDY=2,	PHASEINFO=0	LOCPRIOR=0, 	LOCPRIORINIT=1.000000, 	LOCDATA=0, 	LOCISPOP=0, 	LOCPRIORSTEP=0.100000, 	MAXLOCPRIOR=20.000000, 	SEED=1603041765,	
[STRAT parameters]:    NUMSIMSTATS=1000,	PHENOTYPECOL=-9,	POOLFREQ=10,	LOCUSxONLY=0,	EMERROR=0.00100,	MISSINGPHENO=-9,	