

----------------------------------------------------
STRUCTURE by Pritchard, Stephens and Donnelly (2000)
     and Falush, Stephens and Pritchard (2003)
       Code by Pritchard, Falush and Hubisz
             Version 2.3.4 (Jul 2012)
----------------------------------------------------



Command line arguments:   bin\structure -m C:\Users\jmahg\OneDrive\Desktop\Transfers\TrkNbr-1524n1282n1083_AllPops_Structure_p18_r080_LDnHWEx\BI50000_MCMC100000\mainparams -e C:\Users\jmahg\OneDrive\Desktop\Transfers\TrkNbr-1524n1282n1083_AllPops_Structure_p18_r080_LDnHWEx\BI50000_MCMC100000\extraparams 
Input File:    C:\Users\jmahg\OneDrive\Desktop\Transfers\TrkNbr-1524n1282n1083_AllPops_Structure_p18_r080_LDnHWEx\project_data

Run parameters:
   178 individuals
   230 loci
   16 populations assumed
   50000 Burn-in period
   100000 Reps


--------------------------------------------
Proportion of membership of each pre-defined
 population in each of the 16 clusters

Given    Inferred Clusters                                                                                                  Number of
 Pop       1      2      3      4      5      6      7      8      9     10     11     12     13     14     15     16      Individuals

  1:     0.009  0.675  0.007  0.012  0.011  0.122  0.004  0.008  0.007  0.031  0.002  0.029  0.010  0.033  0.015  0.025       10
  2:     0.035  0.029  0.004  0.451  0.007  0.066  0.015  0.029  0.007  0.122  0.002  0.066  0.014  0.070  0.035  0.046        8
  3:     0.030  0.010  0.005  0.011  0.007  0.026  0.004  0.015  0.008  0.067  0.002  0.104  0.509  0.096  0.012  0.095       10
  4:     0.419  0.020  0.015  0.062  0.018  0.029  0.007  0.008  0.009  0.100  0.002  0.110  0.020  0.095  0.011  0.074       10
  5:     0.006  0.006  0.003  0.006  0.004  0.010  0.003  0.003  0.012  0.013  0.877  0.016  0.008  0.016  0.004  0.013       10
  6:     0.011  0.018  0.004  0.017  0.007  0.032  0.004  0.003  0.011  0.101  0.002  0.143  0.368  0.138  0.009  0.129       10
  7:     0.006  0.036  0.003  0.010  0.004  0.711  0.003  0.002  0.006  0.063  0.002  0.032  0.010  0.057  0.025  0.029       10
  8:     0.045  0.084  0.038  0.236  0.089  0.069  0.016  0.039  0.009  0.110  0.003  0.063  0.034  0.066  0.047  0.053       10
  9:     0.008  0.032  0.004  0.014  0.005  0.165  0.003  0.003  0.010  0.160  0.002  0.198  0.019  0.215  0.018  0.144       10
 10:     0.010  0.013  0.004  0.015  0.005  0.033  0.004  0.004  0.011  0.112  0.003  0.194  0.024  0.176  0.007  0.384       10
 11:     0.014  0.025  0.007  0.032  0.557  0.025  0.010  0.027  0.007  0.054  0.002  0.074  0.013  0.074  0.022  0.057       10
 12:     0.017  0.055  0.086  0.051  0.519  0.021  0.006  0.005  0.009  0.049  0.002  0.055  0.017  0.052  0.008  0.048       10
 13:     0.010  0.012  0.803  0.010  0.008  0.018  0.007  0.009  0.006  0.021  0.002  0.027  0.011  0.024  0.009  0.022       10
 14:     0.009  0.010  0.004  0.009  0.005  0.018  0.003  0.005  0.717  0.039  0.009  0.055  0.015  0.050  0.006  0.046       10
 15:     0.007  0.009  0.004  0.008  0.005  0.017  0.003  0.004  0.756  0.030  0.007  0.036  0.035  0.037  0.006  0.035       10
 16:     0.422  0.033  0.006  0.031  0.012  0.047  0.014  0.030  0.008  0.111  0.002  0.071  0.035  0.074  0.050  0.052       10
 17:     0.031  0.047  0.016  0.049  0.048  0.023  0.516  0.008  0.008  0.056  0.002  0.067  0.013  0.057  0.014  0.045       10
 18:     0.008  0.007  0.003  0.009  0.005  0.014  0.003  0.004  0.009  0.021  0.831  0.024  0.011  0.024  0.004  0.021       10
--------------------------------------------

Allele-freq. divergence among pops (Net nucleotide distance),
computed using point estimates of P.

      1       2       3       4       5       6       7       8       9      10      11      12      13      14      15      16      
 1      -    0.0061  0.0088  0.0080  0.0060  0.0057  0.0117  0.0048  0.0058  0.0039  0.0111  0.0040  0.0048  0.0040  0.0043  0.0042  
 2   0.0061     -    0.0068  0.0062  0.0038  0.0016  0.0099  0.0034  0.0043  0.0020  0.0096  0.0025  0.0037  0.0023  0.0027  0.0027  
 3   0.0088  0.0068     -    0.0088  0.0050  0.0069  0.0107  0.0047  0.0069  0.0053  0.0121  0.0053  0.0064  0.0053  0.0046  0.0054  
 4   0.0080  0.0062  0.0088     -    0.0056  0.0056  0.0068  0.0051  0.0060  0.0038  0.0114  0.0041  0.0055  0.0042  0.0046  0.0044  
 5   0.0060  0.0038  0.0050  0.0056     -    0.0045  0.0079  0.0027  0.0045  0.0028  0.0098  0.0029  0.0040  0.0029  0.0025  0.0030  
 6   0.0057  0.0016  0.0069  0.0056  0.0045     -    0.0100  0.0036  0.0035  0.0012  0.0090  0.0017  0.0030  0.0015  0.0028  0.0019  
 7   0.0117  0.0099  0.0107  0.0068  0.0079  0.0100     -    0.0069  0.0102  0.0084  0.0151  0.0085  0.0097  0.0086  0.0070  0.0088  
 8   0.0048  0.0034  0.0047  0.0051  0.0027  0.0036  0.0069     -    0.0033  0.0025  0.0059  0.0028  0.0032  0.0028  0.0001  0.0029  
 9   0.0058  0.0043  0.0069  0.0060  0.0045  0.0035  0.0102  0.0033     -    0.0019  0.0069  0.0018  0.0030  0.0018  0.0029  0.0019  
10   0.0039  0.0020  0.0053  0.0038  0.0028  0.0012  0.0084  0.0025  0.0019     -    0.0074  0.0001  0.0014  0.0001  0.0018  0.0003  
11   0.0111  0.0096  0.0121  0.0114  0.0098  0.0090  0.0151  0.0059  0.0069  0.0074     -    0.0073  0.0080  0.0073  0.0062  0.0074  
12   0.0040  0.0025  0.0053  0.0041  0.0029  0.0017  0.0085  0.0028  0.0018  0.0001  0.0073     -    0.0013  0.0000  0.0021  0.0002  
13   0.0048  0.0037  0.0064  0.0055  0.0040  0.0030  0.0097  0.0032  0.0030  0.0014  0.0080  0.0013     -    0.0013  0.0027  0.0014  
14   0.0040  0.0023  0.0053  0.0042  0.0029  0.0015  0.0086  0.0028  0.0018  0.0001  0.0073  0.0000  0.0013     -    0.0021  0.0002  
15   0.0043  0.0027  0.0046  0.0046  0.0025  0.0028  0.0070  0.0001  0.0029  0.0018  0.0062  0.0021  0.0027  0.0021     -    0.0023  
16   0.0042  0.0027  0.0054  0.0044  0.0030  0.0019  0.0088  0.0029  0.0019  0.0003  0.0074  0.0002  0.0014  0.0002  0.0023     -    

Average distances (expected heterozygosity) between individuals in same cluster:
cluster  1  : 0.0230 
cluster  2  : 0.0194 
cluster  3  : 0.0403 
cluster  4  : 0.0131 
cluster  5  : 0.0356 
cluster  6  : 0.0080 
cluster  7  : 0.0452 
cluster  8  : 0.0950 
cluster  9  : 0.0237 
cluster 10  : 0.0062 
cluster 11  : 0.0669 
cluster 12  : 0.0016 
cluster 13  : 0.0148 
cluster 14  : 0.0017 
cluster 15  : 0.0807 
cluster 16  : 0.0025 

--------------------------------------------
Estimated Ln Prob of Data   = -3654.8
Mean value of ln likelihood = -3249.6
Variance of ln likelihood   = 810.2
Mean value of alpha         = 0.0359

Mean value of Fst_1         = 0.5796
Mean value of Fst_2         = 0.6190
Mean value of Fst_3         = 0.4202
Mean value of Fst_4         = 0.7708
Mean value of Fst_5         = 0.4047
Mean value of Fst_6         = 0.8495
Mean value of Fst_7         = 0.4054
Mean value of Fst_8         = 0.0057
Mean value of Fst_9         = 0.5355
Mean value of Fst_10         = 0.8617
Mean value of Fst_11         = 0.2692
Mean value of Fst_12         = 0.9355
Mean value of Fst_13         = 0.6872
Mean value of Fst_14         = 0.9354
Mean value of Fst_15         = 0.1519
Mean value of Fst_16         = 0.9202


Inferred ancestry of individuals:
        Label (%Miss) Pop:  Inferred clusters
  1 TGCP_WM1    (0)    1 :  0.007 0.733 0.005 0.011 0.007 0.034 0.004 0.008 0.007 0.037 0.002 0.041 0.014 0.047 0.019 0.023 
  2 TGCP_WM10    (1)    1 :  0.007 0.458 0.003 0.024 0.015 0.129 0.004 0.002 0.009 0.093 0.002 0.062 0.015 0.098 0.014 0.065 
  3 TGCP_WM2    (0)    1 :  0.013 0.437 0.004 0.012 0.007 0.296 0.006 0.042 0.008 0.030 0.003 0.032 0.011 0.025 0.047 0.028 
  4 TGCP_WM3    (1)    1 :  0.007 0.761 0.004 0.008 0.008 0.063 0.004 0.002 0.008 0.034 0.002 0.030 0.008 0.026 0.004 0.031 
  5 TGCP_WM4    (0)    1 :  0.011 0.805 0.005 0.008 0.037 0.017 0.004 0.004 0.007 0.021 0.002 0.020 0.010 0.024 0.005 0.020 
  6 TGCP_WM5    (0)    1 :  0.006 0.815 0.010 0.014 0.007 0.020 0.003 0.007 0.005 0.012 0.003 0.016 0.007 0.016 0.043 0.017 
  7 TGCP_WM6    (0)    1 :  0.009 0.818 0.007 0.009 0.008 0.047 0.003 0.002 0.007 0.016 0.002 0.018 0.011 0.020 0.004 0.018 
  8 TGCP_WM7    (0)    1 :  0.018 0.150 0.019 0.019 0.007 0.568 0.006 0.005 0.007 0.049 0.002 0.048 0.010 0.048 0.011 0.031 
  9 TGCP_WM8    (0)    1 :  0.006 0.852 0.010 0.008 0.015 0.034 0.003 0.002 0.005 0.014 0.002 0.011 0.008 0.015 0.006 0.009 
 10 TGCP_WM9    (0)    1 :  0.005 0.921 0.003 0.005 0.003 0.011 0.002 0.003 0.004 0.008 0.002 0.007 0.005 0.010 0.003 0.008 
 11 MRLP_WM123    (3)    2 :  0.018 0.012 0.006 0.476 0.014 0.012 0.005 0.112 0.005 0.147 0.002 0.022 0.008 0.021 0.120 0.021 
 12 MRLP_WM124    (4)    2 :  0.008 0.008 0.004 0.737 0.006 0.019 0.005 0.002 0.011 0.054 0.002 0.036 0.017 0.041 0.004 0.046 
 13 MRLP_WM125    (1)    2 :  0.006 0.032 0.004 0.552 0.013 0.047 0.068 0.102 0.006 0.051 0.003 0.023 0.008 0.019 0.054 0.012 
 14 MRLP_WM126    (2)    2 :  0.007 0.010 0.003 0.013 0.006 0.037 0.003 0.002 0.008 0.168 0.002 0.276 0.026 0.256 0.005 0.179 
 15 MRLP_WM127    (3)    2 :  0.007 0.119 0.005 0.018 0.007 0.267 0.028 0.006 0.010 0.167 0.003 0.102 0.019 0.147 0.038 0.055 
 16 MRLP_WM128    (3)    2 :  0.006 0.004 0.002 0.915 0.003 0.007 0.006 0.002 0.004 0.011 0.002 0.011 0.006 0.009 0.002 0.010 
 17 MRLP_WM129    (7)    2 :  0.219 0.024 0.002 0.400 0.009 0.049 0.005 0.004 0.004 0.174 0.002 0.022 0.015 0.021 0.031 0.020 
 18 MRLP_WM130    (5)    2 :  0.008 0.026 0.003 0.499 0.003 0.093 0.003 0.002 0.006 0.201 0.002 0.037 0.015 0.046 0.027 0.028 
 19 STT_WM183    (2)    3 :  0.006 0.012 0.006 0.006 0.022 0.016 0.004 0.112 0.006 0.015 0.002 0.033 0.636 0.042 0.056 0.026 
 20 STT_WM184    (3)    3 :  0.075 0.009 0.005 0.010 0.006 0.015 0.005 0.010 0.009 0.037 0.003 0.050 0.638 0.031 0.016 0.080 
 21 STT_WM185   (15)    3 :  0.009 0.014 0.004 0.027 0.005 0.077 0.004 0.002 0.013 0.150 0.002 0.253 0.033 0.221 0.010 0.176 
 22 STT_WM186   (13)    3 :  0.010 0.017 0.006 0.020 0.007 0.036 0.003 0.002 0.008 0.152 0.002 0.274 0.029 0.228 0.007 0.197 
 23 STT_WM187   (13)    3 :  0.007 0.007 0.005 0.009 0.006 0.014 0.002 0.002 0.009 0.016 0.002 0.030 0.821 0.031 0.003 0.034 
 24 STT_WM188    (3)    3 :  0.006 0.006 0.003 0.006 0.004 0.008 0.002 0.002 0.004 0.014 0.002 0.009 0.905 0.013 0.004 0.011 
 25 STT_WM189    (0)    3 :  0.007 0.011 0.004 0.010 0.004 0.039 0.004 0.002 0.009 0.167 0.002 0.240 0.027 0.273 0.007 0.193 
 26 STT_WM190   (11)    3 :  0.008 0.008 0.003 0.008 0.004 0.013 0.003 0.002 0.005 0.019 0.002 0.017 0.869 0.017 0.003 0.020 
 27 STT_WM191    (7)    3 :  0.015 0.015 0.005 0.014 0.005 0.030 0.004 0.003 0.008 0.084 0.003 0.124 0.416 0.091 0.007 0.177 
 28 STT_WM192   (12)    3 :  0.153 0.005 0.005 0.004 0.004 0.007 0.005 0.009 0.006 0.015 0.003 0.010 0.719 0.013 0.008 0.035 
 29 FSSP_WM241    (3)    4 :  0.130 0.057 0.023 0.128 0.023 0.038 0.012 0.008 0.011 0.120 0.003 0.144 0.028 0.130 0.015 0.131 
 30 FSSP_WM242   (15)    4 :  0.011 0.010 0.005 0.012 0.007 0.031 0.002 0.002 0.014 0.147 0.002 0.272 0.027 0.257 0.008 0.194 
 31 FSSP_WM243    (6)    4 :  0.895 0.008 0.005 0.007 0.004 0.009 0.003 0.013 0.004 0.006 0.002 0.008 0.006 0.010 0.010 0.009 
 32 FSSP_WM244    (5)    4 :  0.028 0.054 0.076 0.237 0.024 0.063 0.024 0.008 0.012 0.151 0.002 0.136 0.014 0.088 0.022 0.063 
 33 FSSP_WM245   (10)    4 :  0.294 0.018 0.005 0.014 0.006 0.048 0.004 0.003 0.012 0.138 0.002 0.130 0.037 0.146 0.008 0.134 
 34 FSSP_WM246    (6)    4 :  0.063 0.011 0.006 0.036 0.009 0.041 0.004 0.005 0.014 0.227 0.002 0.234 0.041 0.183 0.008 0.116 
 35 FSSP_WM247    (3)    4 :  0.816 0.019 0.013 0.011 0.010 0.011 0.007 0.007 0.009 0.019 0.002 0.026 0.008 0.020 0.009 0.012 
 36 FSSP_WM248    (9)    4 :  0.861 0.006 0.014 0.009 0.019 0.010 0.004 0.003 0.007 0.013 0.003 0.015 0.006 0.014 0.006 0.011 
 37 FSSP_WM249    (6)    4 :  0.769 0.008 0.005 0.009 0.030 0.016 0.004 0.003 0.005 0.036 0.002 0.032 0.023 0.028 0.006 0.024 
 38 FSSP_WM250    (2)    4 :  0.325 0.011 0.004 0.155 0.053 0.021 0.010 0.022 0.006 0.144 0.002 0.104 0.014 0.069 0.017 0.043 
 39 HNL_WM301    (3)    5 :  0.007 0.006 0.003 0.006 0.004 0.009 0.003 0.003 0.012 0.012 0.885 0.013 0.007 0.012 0.004 0.014 
 40 HNL_WM302    (2)    5 :  0.004 0.003 0.002 0.004 0.003 0.005 0.002 0.002 0.005 0.006 0.936 0.008 0.005 0.006 0.002 0.007 
 41 HNL_WM303    (2)    5 :  0.007 0.006 0.004 0.006 0.004 0.012 0.003 0.003 0.008 0.013 0.870 0.021 0.010 0.017 0.003 0.013 
 42 HNL_WM304    (3)    5 :  0.008 0.011 0.005 0.008 0.005 0.012 0.004 0.003 0.018 0.025 0.794 0.031 0.014 0.035 0.005 0.023 
 43 HNL_WM305    (3)    5 :  0.005 0.003 0.003 0.004 0.004 0.008 0.002 0.004 0.007 0.009 0.916 0.008 0.005 0.010 0.005 0.007 
 44 HNL_WM306    (0)    5 :  0.006 0.005 0.003 0.005 0.003 0.006 0.002 0.004 0.006 0.010 0.920 0.007 0.004 0.008 0.004 0.007 
 45 HNL_WM307    (3)    5 :  0.006 0.005 0.003 0.007 0.004 0.010 0.003 0.003 0.006 0.010 0.893 0.012 0.009 0.017 0.003 0.011 
 46 HNL_WM308    (3)    5 :  0.006 0.007 0.003 0.006 0.003 0.009 0.003 0.003 0.020 0.011 0.873 0.018 0.004 0.015 0.004 0.015 
 47 HNL_WM309    (0)    5 :  0.009 0.008 0.005 0.008 0.006 0.013 0.004 0.007 0.022 0.017 0.822 0.023 0.008 0.020 0.009 0.020 
 48 HNL_WM310   (10)    5 :  0.007 0.007 0.003 0.008 0.004 0.013 0.003 0.002 0.011 0.013 0.860 0.024 0.010 0.014 0.004 0.017 
 49 MPO_WM482    (2)    6 :  0.006 0.009 0.003 0.007 0.004 0.008 0.003 0.003 0.005 0.018 0.003 0.025 0.876 0.018 0.003 0.008 
 50 MPO_WM483    (3)    6 :  0.011 0.011 0.004 0.018 0.006 0.030 0.003 0.005 0.019 0.163 0.003 0.161 0.276 0.171 0.015 0.105 
 51 MPO_WM484    (1)    6 :  0.007 0.011 0.005 0.013 0.006 0.038 0.003 0.003 0.010 0.051 0.003 0.127 0.526 0.097 0.009 0.091 
 52 MPO_WM485    (0)    6 :  0.024 0.008 0.003 0.013 0.004 0.015 0.004 0.005 0.008 0.084 0.002 0.034 0.705 0.043 0.025 0.023 
 53 MPO_WM486   (21)    6 :  0.013 0.018 0.007 0.018 0.006 0.069 0.005 0.002 0.015 0.142 0.002 0.227 0.030 0.235 0.009 0.201 
 54 MPO_WM487   (19)    6 :  0.018 0.014 0.005 0.020 0.006 0.040 0.004 0.003 0.013 0.098 0.002 0.124 0.413 0.077 0.007 0.155 
 55 MPO_WM488    (9)    6 :  0.008 0.014 0.004 0.012 0.005 0.039 0.003 0.002 0.009 0.136 0.002 0.219 0.037 0.260 0.005 0.245 
 56 MPO_WM489    (3)    6 :  0.007 0.076 0.003 0.020 0.022 0.013 0.007 0.003 0.008 0.018 0.002 0.029 0.745 0.020 0.005 0.022 
 57 MPO_WM490   (24)    6 :  0.008 0.013 0.005 0.022 0.008 0.036 0.005 0.002 0.013 0.167 0.003 0.221 0.048 0.238 0.010 0.201 
 58 MPO_WM491   (11)    6 :  0.011 0.010 0.003 0.023 0.006 0.036 0.003 0.002 0.009 0.138 0.002 0.264 0.024 0.222 0.007 0.241 
 59 OICP_WM541    (1)    7 :  0.006 0.008 0.003 0.006 0.004 0.892 0.003 0.002 0.005 0.014 0.002 0.015 0.007 0.015 0.003 0.015 
 60 OICP_WM542    (2)    7 :  0.006 0.009 0.003 0.008 0.004 0.886 0.002 0.002 0.006 0.018 0.002 0.015 0.008 0.012 0.005 0.013 
 61 OICP_WM543    (0)    7 :  0.004 0.013 0.003 0.006 0.004 0.888 0.003 0.001 0.005 0.013 0.002 0.012 0.006 0.017 0.003 0.019 
 62 OICP_WM544    (1)    7 :  0.006 0.196 0.003 0.018 0.003 0.282 0.004 0.006 0.005 0.162 0.002 0.025 0.014 0.081 0.171 0.020 
 63 OICP_WM545    (0)    7 :  0.008 0.017 0.004 0.009 0.005 0.780 0.002 0.002 0.006 0.036 0.002 0.034 0.014 0.045 0.006 0.031 
 64 OICP_WM546    (3)    7 :  0.009 0.040 0.003 0.015 0.006 0.417 0.003 0.002 0.009 0.156 0.002 0.076 0.015 0.158 0.026 0.062 
 65 OICP_WM547    (2)    7 :  0.008 0.052 0.004 0.018 0.004 0.313 0.003 0.002 0.009 0.182 0.003 0.102 0.015 0.183 0.024 0.080 
 66 OICP_WM548    (3)    7 :  0.005 0.009 0.003 0.008 0.005 0.891 0.003 0.001 0.006 0.015 0.002 0.014 0.006 0.012 0.006 0.013 
 67 OICP_WM549    (0)    7 :  0.005 0.013 0.003 0.006 0.003 0.893 0.003 0.001 0.004 0.018 0.002 0.009 0.006 0.019 0.005 0.009 
 68 OICP_WM550    (1)    7 :  0.005 0.006 0.003 0.007 0.005 0.868 0.003 0.002 0.005 0.017 0.002 0.019 0.009 0.022 0.002 0.024 
 69 IRO_WM601    (2)    8 :  0.038 0.294 0.030 0.032 0.148 0.125 0.006 0.006 0.006 0.126 0.003 0.050 0.017 0.060 0.037 0.022 
 70 IRO_WM602    (1)    8 :  0.012 0.082 0.007 0.065 0.009 0.256 0.007 0.007 0.012 0.202 0.003 0.058 0.021 0.155 0.047 0.058 
 71 IRO_WM603    (2)    8 :  0.021 0.076 0.209 0.016 0.439 0.013 0.006 0.013 0.008 0.053 0.003 0.028 0.011 0.037 0.038 0.027 
 72 IRO_WM604    (0)    8 :  0.009 0.010 0.007 0.575 0.014 0.014 0.016 0.133 0.006 0.021 0.002 0.037 0.008 0.020 0.114 0.015 
 73 IRO_WM605    (3)    8 :  0.008 0.168 0.004 0.658 0.041 0.012 0.013 0.003 0.006 0.017 0.002 0.019 0.011 0.021 0.003 0.016 
 74 IRO_WM606    (3)    8 :  0.019 0.020 0.005 0.603 0.008 0.023 0.029 0.006 0.010 0.072 0.003 0.060 0.031 0.040 0.008 0.064 
 75 IRO_WM607    (2)    8 :  0.095 0.018 0.005 0.208 0.069 0.047 0.014 0.012 0.009 0.199 0.003 0.128 0.019 0.073 0.027 0.076 
 76 IRO_WM608    (0)    8 :  0.027 0.121 0.021 0.020 0.111 0.142 0.010 0.082 0.006 0.178 0.002 0.050 0.015 0.073 0.120 0.024 
 77 IRO_WM609    (0)    8 :  0.010 0.036 0.023 0.122 0.048 0.031 0.017 0.109 0.013 0.167 0.003 0.107 0.029 0.119 0.062 0.104 
 78 IRO_WM610   (13)    8 :  0.215 0.016 0.065 0.058 0.008 0.024 0.045 0.015 0.013 0.070 0.003 0.090 0.175 0.066 0.017 0.120 
 79 HGRF_WM661    (5)    9 :  0.008 0.045 0.003 0.016 0.004 0.330 0.003 0.002 0.008 0.170 0.002 0.102 0.019 0.193 0.025 0.069 
 80 HGRF_WM662    (5)    9 :  0.009 0.010 0.003 0.010 0.005 0.032 0.003 0.002 0.011 0.164 0.002 0.287 0.021 0.246 0.010 0.185 
 81 HGRF_WM663    (4)    9 :  0.008 0.051 0.004 0.015 0.005 0.349 0.003 0.002 0.008 0.168 0.002 0.104 0.013 0.178 0.027 0.064 
 82 HGRF_WM664    (3)    9 :  0.010 0.013 0.004 0.015 0.006 0.077 0.003 0.002 0.009 0.140 0.002 0.240 0.020 0.258 0.011 0.191 
 83 HGRF_WM665    (1)    9 :  0.012 0.094 0.006 0.020 0.007 0.311 0.005 0.010 0.010 0.191 0.004 0.092 0.023 0.112 0.054 0.049 
 84 HGRF_WM666    (5)    9 :  0.007 0.011 0.003 0.013 0.006 0.042 0.003 0.002 0.016 0.135 0.002 0.309 0.024 0.224 0.004 0.198 
 85 HGRF_WM667    (0)    9 :  0.007 0.009 0.004 0.012 0.005 0.047 0.002 0.002 0.008 0.166 0.002 0.260 0.020 0.265 0.006 0.184 
 86 HGRF_WM668    (4)    9 :  0.007 0.050 0.005 0.016 0.005 0.342 0.003 0.002 0.009 0.186 0.002 0.097 0.012 0.164 0.021 0.078 
 87 HGRF_WM669    (5)    9 :  0.008 0.010 0.003 0.010 0.004 0.033 0.003 0.002 0.010 0.128 0.002 0.258 0.023 0.257 0.006 0.243 
 88 HGRF_WM670    (9)    9 :  0.007 0.026 0.004 0.013 0.007 0.084 0.003 0.002 0.009 0.149 0.002 0.232 0.019 0.249 0.011 0.184 
 89 PTP_WM721    (2)   10 :  0.014 0.020 0.006 0.019 0.006 0.049 0.007 0.012 0.017 0.146 0.004 0.238 0.048 0.244 0.016 0.155 
 90 PTP_WM722    (2)   10 :  0.011 0.019 0.005 0.009 0.007 0.015 0.004 0.011 0.009 0.030 0.004 0.050 0.009 0.037 0.010 0.769 
 91 PTP_WM723   (25)   10 :  0.008 0.012 0.004 0.024 0.005 0.058 0.003 0.002 0.013 0.137 0.003 0.248 0.031 0.219 0.004 0.228 
 92 PTP_WM724   (13)   10 :  0.007 0.012 0.004 0.012 0.007 0.038 0.003 0.002 0.012 0.165 0.003 0.285 0.027 0.214 0.009 0.200 
 93 PTP_WM725   (25)   10 :  0.017 0.014 0.006 0.016 0.006 0.037 0.003 0.002 0.020 0.140 0.003 0.249 0.030 0.260 0.007 0.191 
 94 PTP_WM726   (13)   10 :  0.009 0.014 0.005 0.015 0.006 0.046 0.003 0.002 0.011 0.149 0.002 0.256 0.029 0.252 0.008 0.194 
 95 PTP_WM727   (10)   10 :  0.009 0.011 0.005 0.026 0.005 0.030 0.003 0.002 0.012 0.141 0.003 0.263 0.021 0.234 0.006 0.230 
 96 PTP_WM728    (8)   10 :  0.009 0.009 0.004 0.012 0.005 0.039 0.003 0.002 0.010 0.168 0.002 0.272 0.026 0.241 0.006 0.191 
 97 PTP_WM729    (9)   10 :  0.009 0.008 0.003 0.007 0.004 0.013 0.003 0.003 0.005 0.023 0.002 0.049 0.010 0.043 0.004 0.814 
 98 PTP_WM730    (8)   10 :  0.012 0.014 0.003 0.009 0.002 0.009 0.003 0.002 0.006 0.016 0.002 0.027 0.010 0.013 0.002 0.869 
 99 RRL_WM782    (9)   11 :  0.008 0.012 0.004 0.016 0.007 0.036 0.003 0.002 0.010 0.157 0.003 0.240 0.026 0.281 0.006 0.191 
100 RRL_WM783    (8)   11 :  0.022 0.043 0.007 0.010 0.795 0.010 0.007 0.004 0.007 0.019 0.002 0.022 0.009 0.021 0.005 0.016 
101 RRL_WM784    (1)   11 :  0.007 0.015 0.015 0.016 0.738 0.019 0.009 0.004 0.009 0.034 0.002 0.030 0.015 0.034 0.011 0.042 
102 RRL_WM785    (1)   11 :  0.008 0.009 0.003 0.011 0.004 0.038 0.003 0.002 0.011 0.163 0.002 0.268 0.019 0.260 0.007 0.193 
103 RRL_WM786    (2)   11 :  0.020 0.010 0.005 0.070 0.759 0.009 0.037 0.006 0.006 0.017 0.002 0.015 0.006 0.017 0.004 0.017 
104 RRL_WM787    (3)   11 :  0.010 0.061 0.007 0.013 0.651 0.086 0.008 0.011 0.005 0.049 0.002 0.013 0.009 0.029 0.029 0.016 
105 RRL_WM788    (0)   11 :  0.017 0.005 0.007 0.005 0.708 0.005 0.004 0.123 0.004 0.012 0.002 0.017 0.005 0.014 0.066 0.007 
106 RRL_WM789    (2)   11 :  0.006 0.032 0.015 0.008 0.871 0.008 0.008 0.003 0.006 0.007 0.002 0.009 0.006 0.010 0.004 0.006 
107 RRL_WM790    (0)   11 :  0.008 0.009 0.006 0.159 0.472 0.015 0.018 0.109 0.009 0.029 0.002 0.026 0.013 0.019 0.075 0.031 
108 RRL_WM791    (0)   11 :  0.034 0.054 0.005 0.013 0.561 0.021 0.005 0.009 0.008 0.051 0.003 0.098 0.020 0.052 0.015 0.052 
109 RRO_WM842    (0)   12 :  0.023 0.022 0.009 0.070 0.709 0.009 0.012 0.003 0.007 0.025 0.002 0.038 0.016 0.028 0.005 0.020 
110 RRO_WM843    (7)   12 :  0.008 0.010 0.181 0.059 0.607 0.010 0.007 0.009 0.008 0.019 0.002 0.016 0.010 0.022 0.011 0.019 
111 RRO_WM844    (2)   12 :  0.010 0.011 0.335 0.199 0.029 0.027 0.006 0.004 0.012 0.125 0.002 0.095 0.019 0.069 0.006 0.053 
112 RRO_WM845    (4)   12 :  0.005 0.008 0.071 0.005 0.816 0.007 0.004 0.002 0.009 0.011 0.002 0.013 0.008 0.022 0.003 0.014 
113 RRO_WM846   (10)   12 :  0.014 0.021 0.025 0.009 0.645 0.023 0.008 0.004 0.011 0.046 0.003 0.061 0.014 0.053 0.012 0.053 
114 RRO_WM847    (6)   12 :  0.013 0.029 0.112 0.113 0.513 0.015 0.010 0.004 0.007 0.055 0.002 0.041 0.016 0.034 0.004 0.031 
115 RRO_WM848    (4)   12 :  0.069 0.063 0.019 0.015 0.303 0.042 0.006 0.011 0.012 0.087 0.002 0.103 0.038 0.099 0.017 0.113 
116 RRO_WM849    (5)   12 :  0.007 0.352 0.021 0.011 0.430 0.013 0.005 0.004 0.006 0.023 0.002 0.037 0.011 0.035 0.005 0.039 
117 RRO_WM850    (2)   12 :  0.009 0.009 0.005 0.016 0.781 0.020 0.003 0.003 0.009 0.027 0.002 0.023 0.011 0.037 0.005 0.039 
118 RRO_WM851    (1)   12 :  0.013 0.023 0.081 0.010 0.360 0.043 0.003 0.005 0.010 0.069 0.003 0.121 0.025 0.125 0.006 0.103 
119 CPS_WM901    (2)   13 :  0.007 0.007 0.854 0.018 0.014 0.012 0.005 0.003 0.005 0.014 0.002 0.015 0.006 0.017 0.004 0.015 
120 CPS_WM902    (2)   13 :  0.006 0.036 0.818 0.006 0.005 0.051 0.010 0.002 0.005 0.010 0.002 0.018 0.007 0.010 0.004 0.011 
121 CPS_WM903    (5)   13 :  0.005 0.006 0.895 0.010 0.014 0.006 0.008 0.003 0.004 0.009 0.002 0.010 0.006 0.010 0.002 0.010 
122 CPS_WM904    (1)   13 :  0.010 0.008 0.830 0.007 0.009 0.012 0.017 0.028 0.006 0.010 0.002 0.018 0.009 0.011 0.016 0.009 
123 CPS_WM905    (2)   13 :  0.028 0.006 0.818 0.006 0.006 0.005 0.007 0.033 0.005 0.011 0.002 0.008 0.014 0.010 0.030 0.010 
124 CPS_WM906    (3)   13 :  0.006 0.010 0.840 0.008 0.006 0.014 0.003 0.002 0.009 0.019 0.002 0.029 0.006 0.018 0.004 0.024 
125 CPS_WM907    (6)   13 :  0.009 0.012 0.690 0.012 0.007 0.020 0.003 0.002 0.007 0.043 0.002 0.060 0.015 0.061 0.005 0.053 
126 CPS_WM908    (3)   13 :  0.013 0.011 0.675 0.012 0.007 0.027 0.011 0.006 0.010 0.050 0.003 0.042 0.018 0.055 0.009 0.051 
127 CPS_WM909    (2)   13 :  0.011 0.011 0.762 0.012 0.008 0.017 0.005 0.002 0.008 0.027 0.002 0.051 0.015 0.030 0.007 0.029 
128 CPS_WM910    (1)   13 :  0.008 0.010 0.852 0.006 0.005 0.012 0.004 0.009 0.006 0.018 0.002 0.020 0.010 0.017 0.009 0.014 
129 PPNP_WM962    (1)   14 :  0.004 0.006 0.004 0.004 0.004 0.007 0.002 0.003 0.922 0.006 0.005 0.008 0.005 0.008 0.004 0.008 
130 PPNP_WM963    (0)   14 :  0.008 0.011 0.005 0.010 0.006 0.029 0.004 0.011 0.693 0.049 0.013 0.040 0.021 0.048 0.009 0.043 
131 PPNP_WM964    (0)   14 :  0.005 0.006 0.003 0.006 0.004 0.007 0.004 0.016 0.845 0.010 0.046 0.010 0.008 0.012 0.009 0.010 
132 PPNP_WM965    (4)   14 :  0.007 0.009 0.004 0.007 0.006 0.010 0.003 0.002 0.841 0.018 0.002 0.031 0.011 0.025 0.003 0.022 
133 PPNP_WM966    (4)   14 :  0.005 0.004 0.003 0.005 0.003 0.007 0.003 0.002 0.917 0.010 0.001 0.010 0.009 0.009 0.003 0.009 
134 PPNP_WM967    (4)   14 :  0.010 0.009 0.005 0.009 0.006 0.022 0.003 0.002 0.695 0.041 0.003 0.063 0.015 0.063 0.004 0.050 
135 PPNP_WM968    (5)   14 :  0.022 0.018 0.005 0.015 0.006 0.035 0.005 0.007 0.100 0.139 0.013 0.245 0.042 0.165 0.013 0.169 
136 PPNP_WM969    (2)   14 :  0.010 0.010 0.003 0.012 0.005 0.017 0.003 0.002 0.751 0.040 0.002 0.032 0.012 0.045 0.003 0.053 
137 PPNP_WM970    (2)   14 :  0.008 0.012 0.004 0.012 0.004 0.028 0.004 0.003 0.690 0.038 0.004 0.059 0.015 0.067 0.004 0.048 
138 PPNP_WM971    (2)   14 :  0.009 0.012 0.004 0.013 0.005 0.021 0.003 0.002 0.714 0.043 0.003 0.050 0.013 0.058 0.004 0.046 
139 FPPI_WM1021    (4)   15 :  0.006 0.010 0.004 0.009 0.005 0.016 0.006 0.009 0.793 0.019 0.003 0.036 0.015 0.038 0.007 0.023 
140 FPPI_WM1022    (4)   15 :  0.008 0.010 0.005 0.009 0.006 0.018 0.003 0.004 0.497 0.037 0.019 0.042 0.246 0.047 0.006 0.042 
141 FPPI_WM1023    (1)   15 :  0.008 0.007 0.004 0.009 0.005 0.015 0.003 0.002 0.812 0.033 0.005 0.030 0.009 0.025 0.005 0.029 
142 FPPI_WM1024    (5)   15 :  0.009 0.009 0.004 0.010 0.006 0.022 0.004 0.002 0.738 0.042 0.003 0.058 0.013 0.039 0.007 0.035 
143 FPPI_WM1025    (6)   15 :  0.008 0.014 0.004 0.009 0.005 0.029 0.003 0.002 0.728 0.043 0.005 0.048 0.017 0.040 0.004 0.041 
144 FPPI_WM1026    (1)   15 :  0.006 0.006 0.003 0.009 0.004 0.010 0.004 0.002 0.898 0.011 0.003 0.013 0.007 0.010 0.003 0.012 
145 FPPI_WM1027    (3)   15 :  0.004 0.005 0.003 0.004 0.004 0.008 0.002 0.002 0.931 0.006 0.002 0.009 0.004 0.008 0.002 0.006 
146 FPPI_WM1028    (2)   15 :  0.008 0.006 0.003 0.006 0.005 0.010 0.003 0.002 0.848 0.016 0.007 0.021 0.010 0.029 0.004 0.021 
147 FPPI_WM1029    (3)   15 :  0.010 0.013 0.005 0.013 0.005 0.034 0.002 0.002 0.438 0.082 0.022 0.093 0.020 0.125 0.005 0.129 
148 FPPI_WM1030    (1)   15 :  0.006 0.007 0.004 0.006 0.005 0.008 0.004 0.016 0.873 0.011 0.005 0.010 0.010 0.009 0.016 0.011 
149 CRWA_WM1082    (2)   16 :  0.915 0.003 0.002 0.007 0.003 0.005 0.003 0.002 0.004 0.009 0.001 0.022 0.006 0.008 0.003 0.006 
150 CRWA_WM1084    (5)   16 :  0.386 0.043 0.004 0.026 0.005 0.119 0.008 0.003 0.008 0.169 0.002 0.057 0.010 0.101 0.029 0.031 
151 CRWA_WM1085    (2)   16 :  0.451 0.013 0.004 0.022 0.008 0.027 0.008 0.003 0.006 0.147 0.002 0.093 0.010 0.117 0.027 0.060 
152 CRWA_WM1086    (9)   16 :  0.133 0.022 0.005 0.021 0.043 0.027 0.005 0.008 0.009 0.216 0.003 0.097 0.130 0.104 0.062 0.114 
153 CRWA_WM1087    (0)   16 :  0.425 0.025 0.018 0.012 0.007 0.025 0.017 0.096 0.007 0.050 0.003 0.078 0.024 0.056 0.109 0.046 
154 CRWA_WM1088    (1)   16 :  0.089 0.070 0.005 0.032 0.008 0.116 0.015 0.022 0.009 0.241 0.002 0.048 0.090 0.115 0.084 0.056 
155 CRWA_WM1089    (3)   16 :  0.616 0.040 0.004 0.009 0.006 0.024 0.005 0.002 0.009 0.037 0.003 0.088 0.022 0.069 0.006 0.059 
156 CRWA_WM1090    (0)   16 :  0.150 0.015 0.004 0.165 0.030 0.026 0.065 0.006 0.010 0.164 0.003 0.160 0.025 0.093 0.013 0.073 
157 CRWA_WM1092    (1)   16 :  0.480 0.032 0.004 0.008 0.007 0.023 0.013 0.093 0.012 0.047 0.003 0.042 0.021 0.048 0.111 0.056 
158 CRWA_WM1093    (1)   16 :  0.576 0.068 0.005 0.011 0.004 0.083 0.004 0.060 0.006 0.032 0.003 0.028 0.012 0.028 0.057 0.022 
159 PCRA_WM1141    (3)   17 :  0.060 0.008 0.003 0.174 0.014 0.019 0.521 0.004 0.007 0.041 0.002 0.063 0.015 0.034 0.008 0.026 
160 PCRA_WM1142    (3)   17 :  0.014 0.011 0.004 0.017 0.006 0.032 0.643 0.002 0.011 0.048 0.002 0.079 0.020 0.056 0.004 0.050 
161 PCRA_WM1143    (1)   17 :  0.008 0.017 0.005 0.046 0.010 0.034 0.419 0.002 0.008 0.084 0.002 0.129 0.012 0.128 0.003 0.091 
162 PCRA_WM1144    (2)   17 :  0.011 0.277 0.017 0.015 0.385 0.017 0.017 0.003 0.008 0.049 0.002 0.067 0.018 0.059 0.009 0.046 
163 PCRA_WM1145    (4)   17 :  0.027 0.023 0.016 0.045 0.006 0.049 0.316 0.006 0.010 0.111 0.002 0.158 0.017 0.101 0.015 0.100 
164 PCRA_WM1146    (2)   17 :  0.084 0.047 0.009 0.015 0.013 0.006 0.750 0.013 0.005 0.008 0.002 0.009 0.013 0.009 0.008 0.009 
165 PCRA_WM1147    (1)   17 :  0.082 0.010 0.003 0.138 0.009 0.024 0.095 0.003 0.010 0.189 0.002 0.128 0.015 0.151 0.051 0.090 
166 PCRA_WM1148    (0)   17 :  0.007 0.010 0.005 0.025 0.005 0.008 0.861 0.011 0.006 0.007 0.002 0.010 0.007 0.008 0.013 0.014 
167 PCRA_WM1149    (1)   17 :  0.008 0.033 0.094 0.009 0.022 0.020 0.726 0.018 0.006 0.008 0.002 0.015 0.008 0.011 0.012 0.009 
168 PCRA_WM1150    (0)   17 :  0.008 0.033 0.006 0.010 0.013 0.027 0.807 0.017 0.007 0.013 0.006 0.013 0.005 0.012 0.014 0.011 
169 DHFA_WM1202    (3)   18 :  0.015 0.013 0.005 0.014 0.007 0.029 0.004 0.003 0.011 0.049 0.664 0.051 0.029 0.053 0.004 0.049 
170 DHFA_WM1203    (1)   18 :  0.012 0.012 0.004 0.018 0.005 0.026 0.003 0.003 0.027 0.052 0.695 0.054 0.014 0.037 0.003 0.035 
171 DHFA_WM1204    (2)   18 :  0.011 0.007 0.005 0.009 0.006 0.024 0.004 0.003 0.013 0.032 0.726 0.054 0.016 0.051 0.005 0.033 
172 DHFA_WM1205    (5)   18 :  0.005 0.005 0.003 0.006 0.003 0.009 0.002 0.003 0.006 0.008 0.905 0.010 0.009 0.013 0.003 0.011 
173 DHFA_WM1206    (4)   18 :  0.008 0.006 0.004 0.006 0.005 0.010 0.003 0.003 0.006 0.013 0.894 0.012 0.007 0.012 0.003 0.009 
174 DHFA_WM1207    (2)   18 :  0.005 0.004 0.002 0.004 0.003 0.004 0.002 0.002 0.004 0.006 0.935 0.005 0.006 0.007 0.003 0.009 
175 DHFA_WM1208    (3)   18 :  0.007 0.006 0.002 0.006 0.005 0.009 0.003 0.004 0.007 0.013 0.889 0.015 0.010 0.014 0.003 0.008 
176 DHFA_WM1209    (1)   18 :  0.004 0.004 0.003 0.006 0.004 0.005 0.003 0.009 0.006 0.006 0.918 0.006 0.006 0.006 0.009 0.007 
177 DHFA_WM1210    (0)   18 :  0.003 0.003 0.002 0.003 0.002 0.003 0.002 0.006 0.002 0.003 0.955 0.003 0.003 0.004 0.004 0.003 
178 DHFA_WM1211    (2)   18 :  0.010 0.014 0.005 0.013 0.005 0.021 0.005 0.004 0.011 0.032 0.733 0.034 0.013 0.042 0.006 0.050 


Estimated Allele Frequencies in each cluster
First column gives estimated ancestral frequencies


Locus 1 : 953_21 
2 alleles
4.5% missing data
 120   (0.959) 0.998 0.999 0.997 0.999 0.998 1.000 0.995 0.960 0.896 1.000 0.997 1.000 0.999 1.000 0.969 1.000 
 100   (0.041) 0.002 0.001 0.003 0.001 0.002 0.000 0.005 0.040 0.104 0.000 0.003 0.000 0.001 0.000 0.031 0.000 

Locus 2 : 2370_26 
2 alleles
6.2% missing data
 110   (0.957) 0.998 0.999 0.997 0.999 0.997 1.000 0.995 0.957 0.784 0.999 0.997 1.000 0.999 1.000 0.967 1.000 
 130   (0.043) 0.002 0.001 0.003 0.001 0.003 0.000 0.005 0.043 0.216 0.001 0.003 0.000 0.001 0.000 0.033 0.000 

Locus 3 : 2692_87 
2 alleles
1.7% missing data
 130   (0.954) 0.998 0.999 0.997 0.999 0.997 1.000 0.995 0.955 0.999 1.000 0.763 1.000 0.999 1.000 0.966 1.000 
 120   (0.046) 0.002 0.001 0.003 0.001 0.003 0.000 0.005 0.045 0.001 0.000 0.237 0.000 0.001 0.000 0.034 0.000 

Locus 4 : 2828_58 
2 alleles
6.7% missing data
 100   (0.927) 0.996 0.987 0.993 0.998 0.991 0.993 0.822 0.926 0.997 0.989 0.994 0.999 0.998 0.998 0.928 0.999 
 120   (0.073) 0.004 0.013 0.007 0.002 0.009 0.007 0.178 0.074 0.003 0.011 0.006 0.001 0.002 0.002 0.072 0.001 

Locus 5 : 6398_73 
2 alleles
6.2% missing data
 130   (0.920) 0.997 0.998 0.995 0.998 0.995 0.999 0.990 0.922 0.789 0.999 0.640 1.000 0.998 1.000 0.939 1.000 
 100   (0.080) 0.003 0.002 0.005 0.002 0.005 0.001 0.010 0.078 0.211 0.001 0.360 0.000 0.002 0.000 0.061 0.000 

Locus 6 : 7469_71 
2 alleles
5.1% missing data
 130   (0.961) 0.997 0.997 0.996 0.999 0.996 0.999 0.993 0.961 0.998 0.999 0.997 0.999 0.998 0.999 0.968 0.982 
 110   (0.039) 0.003 0.003 0.004 0.001 0.004 0.001 0.007 0.039 0.002 0.001 0.003 0.001 0.002 0.001 0.032 0.018 

Locus 7 : 7615_47 
2 alleles
5.1% missing data
 130   (0.959) 0.997 0.997 0.996 0.998 0.997 0.999 0.992 0.959 0.998 0.996 0.996 0.996 0.997 0.997 0.965 0.997 
 100   (0.041) 0.003 0.003 0.004 0.002 0.003 0.001 0.008 0.041 0.002 0.004 0.004 0.004 0.003 0.003 0.035 0.003 

Locus 8 : 8211_10 
2 alleles
2.8% missing data
 120   (0.959) 0.999 0.999 0.997 0.999 0.998 1.000 0.995 0.960 0.999 1.000 0.936 1.000 0.999 1.000 0.970 1.000 
 100   (0.041) 0.001 0.001 0.003 0.001 0.002 0.000 0.005 0.040 0.001 0.000 0.064 0.000 0.001 0.000 0.030 0.000 

Locus 9 : 8394_14 
2 alleles
2.2% missing data
 110   (0.958) 0.998 0.999 0.997 0.999 0.997 1.000 0.995 0.959 0.857 0.999 0.997 1.000 0.998 1.000 0.968 1.000 
 130   (0.042) 0.002 0.001 0.003 0.001 0.003 0.000 0.005 0.041 0.143 0.001 0.003 0.000 0.002 0.000 0.032 0.000 

Locus 10 : 9621_63 
2 alleles
3.9% missing data
 130   (0.958) 0.999 0.999 0.997 0.999 0.998 1.000 0.995 0.959 0.999 1.000 0.938 1.000 0.999 1.000 0.968 1.000 
 110   (0.042) 0.001 0.001 0.003 0.001 0.002 0.000 0.005 0.041 0.001 0.000 0.062 0.000 0.001 0.000 0.032 0.000 

Locus 11 : 9880_35 
2 alleles
4.5% missing data
 120   (0.949) 0.998 0.999 0.996 0.999 0.997 1.000 0.994 0.949 0.999 0.999 0.703 1.000 0.999 1.000 0.961 1.000 
 100   (0.051) 0.002 0.001 0.004 0.001 0.003 0.000 0.006 0.051 0.001 0.001 0.297 0.000 0.001 0.000 0.039 0.000 

Locus 12 : 11163_16 
2 alleles
7.9% missing data
 130   (0.957) 0.998 0.999 0.997 0.999 0.997 1.000 0.995 0.958 0.999 1.000 0.913 1.000 0.999 1.000 0.968 1.000 
 110   (0.043) 0.002 0.001 0.003 0.001 0.003 0.000 0.005 0.042 0.001 0.000 0.087 0.000 0.001 0.000 0.032 0.000 

Locus 13 : 11991_31 
2 alleles
4.5% missing data
 120   (0.935) 0.990 0.994 0.994 0.992 0.968 0.999 0.989 0.932 0.998 0.985 0.995 0.996 0.998 0.999 0.927 0.999 
 100   (0.065) 0.010 0.006 0.006 0.008 0.032 0.001 0.011 0.068 0.002 0.015 0.005 0.004 0.002 0.001 0.073 0.001 

Locus 14 : 12766_17 
2 alleles
2.2% missing data
 120   (0.959) 0.998 0.998 0.995 0.999 0.997 1.000 0.930 0.959 0.999 1.000 0.997 1.000 0.999 1.000 0.968 1.000 
 100   (0.041) 0.002 0.002 0.005 0.001 0.003 0.000 0.070 0.041 0.001 0.000 0.003 0.000 0.001 0.000 0.032 0.000 

Locus 15 : 13496_14 
2 alleles
5.1% missing data
 110   (0.955) 0.998 0.999 0.679 0.999 0.997 1.000 0.995 0.956 0.999 1.000 0.997 1.000 0.999 1.000 0.965 1.000 
 100   (0.045) 0.002 0.001 0.321 0.001 0.003 0.000 0.005 0.044 0.001 0.000 0.003 0.000 0.001 0.000 0.035 0.000 

Locus 16 : 14394_41 
2 alleles
2.2% missing data
 130   (0.961) 0.998 0.999 0.997 0.999 0.998 1.000 0.929 0.961 0.999 1.000 0.997 1.000 0.999 1.000 0.970 1.000 
 110   (0.039) 0.002 0.001 0.003 0.001 0.002 0.000 0.071 0.039 0.001 0.000 0.003 0.000 0.001 0.000 0.030 0.000 

Locus 17 : 16285_24 
2 alleles
6.2% missing data
 130   (0.957) 0.998 0.999 0.997 0.999 0.997 1.000 0.995 0.958 0.999 1.000 0.874 1.000 0.999 1.000 0.968 1.000 
 100   (0.043) 0.002 0.001 0.003 0.001 0.003 0.000 0.005 0.042 0.001 0.000 0.126 0.000 0.001 0.000 0.032 0.000 

Locus 18 : 18821_69 
2 alleles
7.3% missing data
 120   (0.959) 0.998 0.999 0.997 0.999 0.997 1.000 0.995 0.960 0.999 0.999 0.997 1.000 0.698 1.000 0.970 1.000 
 110   (0.041) 0.002 0.001 0.003 0.001 0.003 0.000 0.005 0.040 0.001 0.001 0.003 0.000 0.302 0.000 0.030 0.000 

Locus 19 : 19006_32 
2 alleles
6.7% missing data
 120   (0.924) 0.997 0.998 0.994 0.999 0.995 0.999 0.991 0.925 0.790 0.999 0.658 1.000 0.998 1.000 0.942 1.000 
 110   (0.076) 0.003 0.002 0.006 0.001 0.005 0.001 0.009 0.075 0.210 0.001 0.342 0.000 0.002 0.000 0.058 0.000 

Locus 20 : 19602_58 
2 alleles
4.5% missing data
 120   (0.960) 0.999 0.999 0.997 0.999 0.997 1.000 0.995 0.961 0.999 1.000 0.973 1.000 0.999 1.000 0.969 1.000 
 100   (0.040) 0.001 0.001 0.003 0.001 0.003 0.000 0.005 0.039 0.001 0.000 0.027 0.000 0.001 0.000 0.031 0.000 

Locus 21 : 20143_24 
2 alleles
3.4% missing data
 120   (0.960) 0.998 0.999 0.964 0.999 0.997 1.000 0.995 0.960 0.999 0.999 0.997 1.000 0.999 1.000 0.967 1.000 
 100   (0.040) 0.002 0.001 0.036 0.001 0.003 0.000 0.005 0.040 0.001 0.001 0.003 0.000 0.001 0.000 0.033 0.000 

Locus 22 : 21661_29 
2 alleles
2.2% missing data
 120   (0.955) 0.998 0.999 0.997 0.999 0.997 1.000 0.995 0.956 0.999 1.000 0.891 1.000 0.999 1.000 0.966 1.000 
 100   (0.045) 0.002 0.001 0.003 0.001 0.003 0.000 0.005 0.044 0.001 0.000 0.109 0.000 0.001 0.000 0.034 0.000 

Locus 23 : 22603_12 
2 alleles
5.1% missing data
 130   (0.958) 0.998 0.999 0.997 0.999 0.997 1.000 0.995 0.959 0.999 1.000 0.944 1.000 0.999 1.000 0.968 1.000 
 110   (0.042) 0.002 0.001 0.003 0.001 0.003 0.000 0.005 0.041 0.001 0.000 0.056 0.000 0.001 0.000 0.032 0.000 

Locus 24 : 25109_23 
2 alleles
1.7% missing data
 120   (0.939) 0.824 0.996 0.994 0.987 0.995 0.999 0.948 0.940 0.998 0.998 0.995 0.998 0.998 0.999 0.952 0.999 
 100   (0.061) 0.176 0.004 0.006 0.013 0.005 0.001 0.052 0.060 0.002 0.002 0.005 0.002 0.002 0.001 0.048 0.001 

Locus 25 : 25511_77 
2 alleles
5.1% missing data
 130   (0.957) 0.998 0.999 0.997 0.999 0.997 1.000 0.995 0.958 0.937 0.999 0.996 1.000 0.999 1.000 0.967 1.000 
 110   (0.043) 0.002 0.001 0.003 0.001 0.003 0.000 0.005 0.042 0.063 0.001 0.004 0.000 0.001 0.000 0.033 0.000 

Locus 26 : 26816_9 
2 alleles
5.6% missing data
 110   (0.885) 0.678 0.982 0.982 0.975 0.778 0.998 0.982 0.884 0.997 0.957 0.991 0.998 0.995 0.998 0.868 0.999 
 130   (0.115) 0.322 0.018 0.018 0.025 0.222 0.002 0.018 0.116 0.003 0.043 0.009 0.002 0.005 0.002 0.132 0.001 

Locus 27 : 29455_86 
2 alleles
5.6% missing data
 120   (0.958) 0.998 0.998 0.997 0.992 0.997 1.000 0.987 0.957 0.999 0.999 0.997 1.000 0.999 1.000 0.964 1.000 
 110   (0.042) 0.002 0.002 0.003 0.008 0.003 0.000 0.013 0.043 0.001 0.001 0.003 0.000 0.001 0.000 0.036 0.000 

Locus 28 : 30970_30 
2 alleles
6.7% missing data
 120   (0.957) 0.998 0.999 0.957 0.999 0.997 1.000 0.993 0.957 0.999 1.000 0.997 1.000 0.999 1.000 0.966 1.000 
 110   (0.043) 0.002 0.001 0.043 0.001 0.003 0.000 0.007 0.043 0.001 0.000 0.003 0.000 0.001 0.000 0.034 0.000 

Locus 29 : 33052_5 
2 alleles
1.1% missing data
 130   (0.960) 0.991 0.999 0.997 0.999 0.997 1.000 0.994 0.961 0.999 0.999 0.997 1.000 0.971 1.000 0.969 1.000 
 110   (0.040) 0.009 0.001 0.003 0.001 0.003 0.000 0.006 0.039 0.001 0.001 0.003 0.000 0.029 0.000 0.031 0.000 

Locus 30 : 33744_32 
2 alleles
2.8% missing data
 130   (0.955) 0.998 0.999 0.997 0.999 0.997 1.000 0.995 0.956 0.999 0.999 0.997 1.000 0.872 1.000 0.965 1.000 
 110   (0.045) 0.002 0.001 0.003 0.001 0.003 0.000 0.005 0.044 0.001 0.001 0.003 0.000 0.128 0.000 0.035 0.000 

Locus 31 : 34805_8 
2 alleles
4.5% missing data
 110   (0.943) 0.998 0.998 0.996 0.993 0.996 1.000 0.745 0.943 0.998 0.999 0.996 1.000 0.999 1.000 0.955 1.000 
 120   (0.057) 0.002 0.002 0.004 0.007 0.004 0.000 0.255 0.057 0.002 0.001 0.004 0.000 0.001 0.000 0.045 0.000 

Locus 32 : 35345_10 
2 alleles
5.1% missing data
 130   (0.956) 0.997 0.998 0.997 0.998 0.997 0.999 0.993 0.956 0.998 0.990 0.997 0.996 0.943 0.995 0.961 0.997 
 110   (0.044) 0.003 0.002 0.003 0.002 0.003 0.001 0.007 0.044 0.002 0.010 0.003 0.004 0.057 0.005 0.039 0.003 

Locus 33 : 35769_30 
2 alleles
6.2% missing data
 110   (0.943) 0.995 0.997 0.959 0.999 0.996 1.000 0.925 0.943 0.998 0.999 0.996 1.000 0.999 1.000 0.955 1.000 
 100   (0.057) 0.005 0.003 0.041 0.001 0.004 0.000 0.075 0.057 0.002 0.001 0.004 0.000 0.001 0.000 0.045 0.000 

Locus 34 : 35965_89 
2 alleles
3.4% missing data
 130   (0.959) 0.982 0.997 0.997 0.999 0.997 0.999 0.995 0.958 0.999 0.999 0.997 1.000 0.999 1.000 0.960 1.000 
 100   (0.041) 0.018 0.003 0.003 0.001 0.003 0.001 0.005 0.042 0.001 0.001 0.003 0.000 0.001 0.000 0.040 0.000 

Locus 35 : 39654_13 
2 alleles
5.6% missing data
 120   (0.960) 0.998 0.999 0.997 0.999 0.983 1.000 0.995 0.958 0.999 0.999 0.997 1.000 0.999 1.000 0.965 1.000 
 100   (0.040) 0.002 0.001 0.003 0.001 0.017 0.000 0.005 0.042 0.001 0.001 0.003 0.000 0.001 0.000 0.035 0.000 

Locus 36 : 39700_65 
2 alleles
3.4% missing data
 110   (0.962) 0.998 0.998 0.996 0.998 0.996 1.000 0.994 0.960 0.999 0.999 0.997 1.000 0.999 1.000 0.967 1.000 
 120   (0.038) 0.002 0.002 0.004 0.002 0.004 0.000 0.006 0.040 0.001 0.001 0.003 0.000 0.001 0.000 0.033 0.000 

Locus 37 : 40824_7 
2 alleles
5.1% missing data
 130   (0.956) 0.998 0.998 0.996 0.999 0.922 1.000 0.994 0.957 0.999 0.999 0.997 0.999 0.999 1.000 0.967 1.000 
 110   (0.044) 0.002 0.002 0.004 0.001 0.078 0.000 0.006 0.043 0.001 0.001 0.003 0.001 0.001 0.000 0.033 0.000 

Locus 38 : 41554_43 
2 alleles
7.3% missing data
 120   (0.960) 0.998 0.998 0.957 0.999 0.997 1.000 0.994 0.960 0.999 0.999 0.997 1.000 0.999 1.000 0.969 1.000 
 100   (0.040) 0.002 0.002 0.043 0.001 0.003 0.000 0.006 0.040 0.001 0.001 0.003 0.000 0.001 0.000 0.031 0.000 

Locus 39 : 42501_5 
2 alleles
5.6% missing data
 120   (0.956) 0.998 0.999 0.996 0.999 0.997 1.000 0.995 0.957 0.999 1.000 0.917 1.000 0.999 1.000 0.967 1.000 
 110   (0.044) 0.002 0.001 0.004 0.001 0.003 0.000 0.005 0.043 0.001 0.000 0.083 0.000 0.001 0.000 0.033 0.000 

Locus 40 : 42989_15 
2 alleles
3.4% missing data
 130   (0.958) 0.998 0.998 0.997 0.999 0.920 0.999 0.995 0.959 0.999 0.999 0.997 1.000 0.999 1.000 0.968 1.000 
 110   (0.042) 0.002 0.002 0.003 0.001 0.080 0.001 0.005 0.041 0.001 0.001 0.003 0.000 0.001 0.000 0.032 0.000 

Locus 41 : 44631_16 
2 alleles
5.6% missing data
 120   (0.957) 0.998 0.999 0.844 0.999 0.997 1.000 0.995 0.958 0.999 1.000 0.997 1.000 0.999 1.000 0.966 1.000 
 110   (0.043) 0.002 0.001 0.156 0.001 0.003 0.000 0.005 0.042 0.001 0.000 0.003 0.000 0.001 0.000 0.034 0.000 

Locus 42 : 45332_74 
2 alleles
3.4% missing data
 130   (0.888) 0.995 0.602 0.991 0.946 0.776 0.997 0.834 0.889 0.996 0.995 0.992 0.999 0.984 0.998 0.908 0.999 
 110   (0.112) 0.005 0.398 0.009 0.054 0.224 0.003 0.166 0.111 0.004 0.005 0.008 0.001 0.016 0.002 0.092 0.001 

Locus 43 : 45964_12 
2 alleles
2.2% missing data
 100   (0.961) 0.998 0.999 0.997 0.999 0.997 1.000 0.995 0.961 0.978 1.000 0.995 1.000 0.999 1.000 0.969 1.000 
 130   (0.039) 0.002 0.001 0.003 0.001 0.003 0.000 0.005 0.039 0.022 0.000 0.005 0.000 0.001 0.000 0.031 0.000 

Locus 44 : 47772_18 
2 alleles
1.7% missing data
 120   (0.956) 0.998 0.999 0.997 0.999 0.997 1.000 0.995 0.957 0.999 1.000 0.812 1.000 0.999 1.000 0.967 1.000 
 100   (0.044) 0.002 0.001 0.003 0.001 0.003 0.000 0.005 0.043 0.001 0.000 0.188 0.000 0.001 0.000 0.033 0.000 

Locus 45 : 48505_7 
2 alleles
2.8% missing data
 130   (0.961) 0.998 0.983 0.997 0.999 0.997 0.998 0.994 0.960 0.999 0.999 0.997 1.000 0.999 1.000 0.966 1.000 
 110   (0.039) 0.002 0.017 0.003 0.001 0.003 0.002 0.006 0.040 0.001 0.001 0.003 0.000 0.001 0.000 0.034 0.000 

Locus 46 : 49838_13 
2 alleles
5.1% missing data
 120   (0.960) 0.998 0.858 0.997 0.999 0.998 1.000 0.995 0.961 0.999 1.000 0.997 1.000 0.999 1.000 0.971 1.000 
 100   (0.040) 0.002 0.142 0.003 0.001 0.002 0.000 0.005 0.039 0.001 0.000 0.003 0.000 0.001 0.000 0.029 0.000 

Locus 47 : 50793_47 
2 alleles
6.2% missing data
 120   (0.953) 0.998 0.998 0.983 0.998 0.864 1.000 0.994 0.954 0.999 0.999 0.996 0.999 0.999 1.000 0.965 1.000 
 100   (0.047) 0.002 0.002 0.017 0.002 0.136 0.000 0.006 0.046 0.001 0.001 0.004 0.001 0.001 0.000 0.035 0.000 

Locus 48 : 51471_5 
2 alleles
2.2% missing data
 110   (0.958) 0.998 0.999 0.997 0.999 0.998 1.000 0.995 0.959 0.939 1.000 0.997 1.000 0.999 1.000 0.969 1.000 
 120   (0.042) 0.002 0.001 0.003 0.001 0.002 0.000 0.005 0.041 0.061 0.000 0.003 0.000 0.001 0.000 0.031 0.000 

Locus 49 : 52408_45 
2 alleles
2.2% missing data
 130   (0.958) 0.998 0.999 0.810 0.999 0.997 1.000 0.995 0.959 0.999 1.000 0.997 1.000 0.999 1.000 0.969 1.000 
 110   (0.042) 0.002 0.001 0.190 0.001 0.003 0.000 0.005 0.041 0.001 0.000 0.003 0.000 0.001 0.000 0.031 0.000 

Locus 50 : 53046_18 
2 alleles
0.6% missing data
 120   (0.943) 0.998 0.998 0.996 0.999 0.920 1.000 0.993 0.943 0.998 0.999 0.996 1.000 0.992 1.000 0.954 1.000 
 100   (0.057) 0.002 0.002 0.004 0.001 0.080 0.000 0.007 0.057 0.002 0.001 0.004 0.000 0.008 0.000 0.046 0.000 

Locus 51 : 53230_50 
2 alleles
4.5% missing data
 120   (0.960) 0.998 0.999 0.997 0.999 0.998 1.000 0.995 0.961 0.894 1.000 0.997 1.000 0.999 1.000 0.970 1.000 
 110   (0.040) 0.002 0.001 0.003 0.001 0.002 0.000 0.005 0.039 0.106 0.000 0.003 0.000 0.001 0.000 0.030 0.000 

Locus 52 : 53957_5 
2 alleles
3.9% missing data
 130   (0.960) 0.998 0.999 0.997 0.998 0.987 1.000 0.994 0.959 0.999 0.999 0.997 1.000 0.999 1.000 0.967 1.000 
 110   (0.040) 0.002 0.001 0.003 0.002 0.013 0.000 0.006 0.041 0.001 0.001 0.003 0.000 0.001 0.000 0.033 0.000 

Locus 53 : 58003_89 
2 alleles
3.9% missing data
 120   (0.954) 0.973 0.997 0.996 0.990 0.994 0.998 0.992 0.954 0.998 0.985 0.996 0.992 0.997 0.995 0.962 0.997 
 100   (0.046) 0.027 0.003 0.004 0.010 0.006 0.002 0.008 0.046 0.002 0.015 0.004 0.008 0.003 0.005 0.038 0.003 

Locus 54 : 58412_58 
2 alleles
2.2% missing data
 110   (0.961) 0.999 0.999 0.997 0.999 0.998 1.000 0.995 0.962 0.999 1.000 0.974 1.000 0.999 1.000 0.970 1.000 
 100   (0.039) 0.001 0.001 0.003 0.001 0.002 0.000 0.005 0.038 0.001 0.000 0.026 0.000 0.001 0.000 0.030 0.000 

Locus 55 : 58452_11 
2 alleles
3.4% missing data
 120   (0.958) 0.989 0.998 0.997 0.999 0.997 1.000 0.994 0.957 0.999 0.999 0.997 1.000 0.999 1.000 0.956 1.000 
 130   (0.042) 0.011 0.002 0.003 0.001 0.003 0.000 0.006 0.043 0.001 0.001 0.003 0.000 0.001 0.000 0.044 0.000 

Locus 56 : 59409_85 
2 alleles
2.8% missing data
 130   (0.958) 0.998 0.999 0.997 0.995 0.997 1.000 0.994 0.956 0.999 0.999 0.997 1.000 0.999 1.000 0.961 1.000 
 100   (0.042) 0.002 0.001 0.003 0.005 0.003 0.000 0.006 0.044 0.001 0.001 0.003 0.000 0.001 0.000 0.039 0.000 

Locus 57 : 60620_10 
2 alleles
1.1% missing data
 120   (0.955) 0.998 0.999 0.997 0.999 0.997 1.000 0.995 0.956 0.999 1.000 0.891 1.000 0.999 1.000 0.966 1.000 
 130   (0.045) 0.002 0.001 0.003 0.001 0.003 0.000 0.005 0.044 0.001 0.000 0.109 0.000 0.001 0.000 0.034 0.000 

Locus 58 : 61541_77 
2 alleles
3.4% missing data
 120   (0.955) 0.998 0.999 0.997 0.999 0.997 1.000 0.995 0.956 0.999 1.000 0.839 1.000 0.999 1.000 0.966 1.000 
 100   (0.045) 0.002 0.001 0.003 0.001 0.003 0.000 0.005 0.044 0.001 0.000 0.161 0.000 0.001 0.000 0.034 0.000 

Locus 59 : 61756_42 
2 alleles
1.1% missing data
 130   (0.954) 0.998 0.999 0.997 0.999 0.997 1.000 0.994 0.955 0.999 1.000 0.820 1.000 0.999 1.000 0.965 1.000 
 110   (0.046) 0.002 0.001 0.003 0.001 0.003 0.000 0.006 0.045 0.001 0.000 0.180 0.000 0.001 0.000 0.035 0.000 

Locus 60 : 62497_19 
2 alleles
6.2% missing data
 130   (0.912) 0.961 0.987 0.874 0.985 0.993 0.986 0.943 0.913 0.997 0.987 0.993 0.986 0.997 0.995 0.924 0.996 
 110   (0.088) 0.039 0.013 0.126 0.015 0.007 0.014 0.057 0.087 0.003 0.013 0.007 0.014 0.003 0.005 0.076 0.004 

Locus 61 : 63024_50 
2 alleles
2.8% missing data
 120   (0.949) 0.963 0.998 0.996 0.999 0.997 1.000 0.992 0.947 0.999 0.999 0.996 1.000 0.999 1.000 0.936 1.000 
 100   (0.051) 0.037 0.002 0.004 0.001 0.003 0.000 0.008 0.053 0.001 0.001 0.004 0.000 0.001 0.000 0.064 0.000 

Locus 62 : 64492_50 
2 alleles
7.3% missing data
 120   (0.920) 0.955 0.997 0.883 0.998 0.925 0.999 0.987 0.921 0.998 0.999 0.994 0.999 0.998 0.999 0.937 1.000 
 100   (0.080) 0.045 0.003 0.117 0.002 0.075 0.001 0.013 0.079 0.002 0.001 0.006 0.001 0.002 0.001 0.063 0.000 

Locus 63 : 67984_34 
2 alleles
2.2% missing data
 120   (0.955) 0.998 0.999 0.997 0.999 0.997 1.000 0.995 0.955 0.999 1.000 0.864 1.000 0.999 1.000 0.965 1.000 
 100   (0.045) 0.002 0.001 0.003 0.001 0.003 0.000 0.005 0.045 0.001 0.000 0.136 0.000 0.001 0.000 0.035 0.000 

Locus 64 : 69199_10 
2 alleles
4.5% missing data
 120   (0.941) 0.333 0.997 0.996 0.999 0.996 0.999 0.993 0.940 0.998 0.996 0.995 0.997 0.998 0.999 0.939 0.999 
 100   (0.059) 0.667 0.003 0.004 0.001 0.004 0.001 0.007 0.060 0.002 0.004 0.005 0.003 0.002 0.001 0.061 0.001 

Locus 65 : 71368_77 
2 alleles
6.7% missing data
 100   (0.958) 0.998 0.999 0.997 0.999 0.997 1.000 0.995 0.959 0.763 1.000 0.997 1.000 0.999 1.000 0.969 1.000 
 110   (0.042) 0.002 0.001 0.003 0.001 0.003 0.000 0.005 0.041 0.237 0.000 0.003 0.000 0.001 0.000 0.031 0.000 

Locus 66 : 72276_35 
2 alleles
5.1% missing data
 130   (0.956) 0.998 0.996 0.997 0.999 0.892 1.000 0.994 0.956 0.999 0.999 0.997 0.999 0.999 1.000 0.966 1.000 
 120   (0.044) 0.002 0.004 0.003 0.001 0.108 0.000 0.006 0.044 0.001 0.001 0.003 0.001 0.001 0.000 0.034 0.000 

Locus 67 : 73554_16 
2 alleles
3.9% missing data
 100   (0.958) 0.998 0.999 0.997 0.999 0.997 1.000 0.844 0.958 0.999 1.000 0.997 1.000 0.999 1.000 0.967 1.000 
 130   (0.042) 0.002 0.001 0.003 0.001 0.003 0.000 0.156 0.042 0.001 0.000 0.003 0.000 0.001 0.000 0.033 0.000 

Locus 68 : 74575_32 
2 alleles
1.7% missing data
 120   (0.961) 0.998 0.999 0.997 0.999 0.984 1.000 0.995 0.959 0.999 0.999 0.997 1.000 0.999 1.000 0.966 1.000 
 100   (0.039) 0.002 0.001 0.003 0.001 0.016 0.000 0.005 0.041 0.001 0.001 0.003 0.000 0.001 0.000 0.034 0.000 

Locus 69 : 76504_10 
2 alleles
1.1% missing data
 110   (0.958) 0.998 0.999 0.997 0.999 0.997 1.000 0.995 0.958 0.999 1.000 0.997 1.000 0.781 1.000 0.968 1.000 
 100   (0.042) 0.002 0.001 0.003 0.001 0.003 0.000 0.005 0.042 0.001 0.000 0.003 0.000 0.219 0.000 0.032 0.000 

Locus 70 : 76561_35 
2 alleles
5.6% missing data
 120   (0.955) 0.998 0.999 0.544 0.999 0.997 1.000 0.995 0.956 0.999 1.000 0.997 1.000 0.999 1.000 0.966 1.000 
 100   (0.045) 0.002 0.001 0.456 0.001 0.003 0.000 0.005 0.044 0.001 0.000 0.003 0.000 0.001 0.000 0.034 0.000 

Locus 71 : 77346_16 
2 alleles
2.2% missing data
 130   (0.959) 0.998 0.999 0.997 0.999 0.998 1.000 0.995 0.960 0.999 0.999 0.997 1.000 0.912 1.000 0.969 1.000 
 110   (0.041) 0.002 0.001 0.003 0.001 0.002 0.000 0.005 0.040 0.001 0.001 0.003 0.000 0.088 0.000 0.031 0.000 

Locus 72 : 78631_40 
2 alleles
7.9% missing data
 120   (0.952) 0.997 0.997 0.990 0.999 0.810 1.000 0.994 0.952 0.999 0.999 0.996 1.000 0.999 1.000 0.962 1.000 
 110   (0.048) 0.003 0.003 0.010 0.001 0.190 0.000 0.006 0.048 0.001 0.001 0.004 0.000 0.001 0.000 0.038 0.000 

Locus 73 : 80366_12 
2 alleles
6.7% missing data
 130   (0.959) 0.998 0.998 0.996 0.998 0.996 1.000 0.993 0.958 0.999 0.999 0.997 1.000 0.999 1.000 0.966 1.000 
 110   (0.041) 0.002 0.002 0.004 0.002 0.004 0.000 0.007 0.042 0.001 0.001 0.003 0.000 0.001 0.000 0.034 0.000 

Locus 74 : 80499_10 
2 alleles
6.2% missing data
 130   (0.955) 0.998 0.999 0.997 0.999 0.997 1.000 0.995 0.956 0.900 0.999 0.996 1.000 0.999 1.000 0.966 1.000 
 100   (0.045) 0.002 0.001 0.003 0.001 0.003 0.000 0.005 0.044 0.100 0.001 0.004 0.000 0.001 0.000 0.034 0.000 

Locus 75 : 81141_31 
2 alleles
2.8% missing data
 120   (0.961) 0.998 0.983 0.997 0.999 0.997 0.998 0.994 0.960 0.999 0.999 0.997 1.000 0.999 1.000 0.965 1.000 
 100   (0.039) 0.002 0.017 0.003 0.001 0.003 0.002 0.006 0.040 0.001 0.001 0.003 0.000 0.001 0.000 0.035 0.000 

Locus 76 : 81662_33 
2 alleles
3.4% missing data
 120   (0.958) 0.998 0.999 0.997 0.994 0.997 1.000 0.995 0.957 0.999 0.998 0.997 1.000 0.999 1.000 0.957 1.000 
 110   (0.042) 0.002 0.001 0.003 0.006 0.003 0.000 0.005 0.043 0.001 0.002 0.003 0.000 0.001 0.000 0.043 0.000 

Locus 77 : 82002_8 
2 alleles
6.7% missing data
 100   (0.950) 0.998 0.999 0.997 0.999 0.997 1.000 0.994 0.951 0.999 0.999 0.675 1.000 0.999 1.000 0.963 1.000 
 110   (0.050) 0.002 0.001 0.003 0.001 0.003 0.000 0.006 0.049 0.001 0.001 0.325 0.000 0.001 0.000 0.037 0.000 

Locus 78 : 82631_34 
2 alleles
7.9% missing data
 120   (0.960) 0.997 0.996 0.995 0.999 0.992 0.999 0.994 0.959 0.999 0.997 0.997 1.000 0.999 1.000 0.958 1.000 
 100   (0.040) 0.003 0.004 0.005 0.001 0.008 0.001 0.006 0.041 0.001 0.003 0.003 0.000 0.001 0.000 0.042 0.000 

Locus 79 : 83247_84 
2 alleles
3.4% missing data
 110   (0.951) 0.998 0.998 0.997 0.999 0.762 1.000 0.994 0.951 0.999 0.999 0.996 1.000 0.999 1.000 0.961 1.000 
 100   (0.049) 0.002 0.002 0.003 0.001 0.238 0.000 0.006 0.049 0.001 0.001 0.004 0.000 0.001 0.000 0.039 0.000 

Locus 80 : 83916_5 
2 alleles
3.9% missing data
 130   (0.957) 0.998 0.999 0.997 0.999 0.998 0.804 0.995 0.958 0.999 0.999 0.997 1.000 0.999 1.000 0.967 1.000 
 110   (0.043) 0.002 0.001 0.003 0.001 0.002 0.196 0.005 0.042 0.001 0.001 0.003 0.000 0.001 0.000 0.033 0.000 

Locus 81 : 84971_7 
2 alleles
2.2% missing data
 120   (0.946) 0.983 0.995 0.996 0.996 0.995 0.998 0.992 0.946 0.998 0.974 0.996 0.998 0.960 0.996 0.940 0.997 
 110   (0.054) 0.017 0.005 0.004 0.004 0.005 0.002 0.008 0.054 0.002 0.026 0.004 0.002 0.040 0.004 0.060 0.003 

Locus 82 : 85247_77 
2 alleles
7.9% missing data
 120   (0.961) 0.997 0.993 0.997 0.998 0.997 0.993 0.993 0.961 0.998 0.994 0.997 0.999 0.997 0.998 0.965 0.999 
 110   (0.039) 0.003 0.007 0.003 0.002 0.003 0.007 0.007 0.039 0.002 0.006 0.003 0.001 0.003 0.002 0.035 0.001 

Locus 83 : 85248_24 
2 alleles
5.1% missing data
 100   (0.956) 0.998 0.999 0.997 0.999 0.997 1.000 0.995 0.957 0.999 1.000 0.858 1.000 0.999 1.000 0.967 1.000 
 120   (0.044) 0.002 0.001 0.003 0.001 0.003 0.000 0.005 0.043 0.001 0.000 0.142 0.000 0.001 0.000 0.033 0.000 

Locus 84 : 85402_12 
2 alleles
3.4% missing data
 120   (0.961) 0.999 0.999 0.997 0.995 0.998 1.000 0.995 0.959 0.999 0.999 0.997 1.000 0.999 1.000 0.964 1.000 
 100   (0.039) 0.001 0.001 0.003 0.005 0.002 0.000 0.005 0.041 0.001 0.001 0.003 0.000 0.001 0.000 0.036 0.000 

Locus 85 : 86588_18 
2 alleles
3.9% missing data
 120   (0.960) 0.987 0.998 0.997 0.999 0.998 1.000 0.994 0.958 0.999 0.999 0.997 1.000 0.999 1.000 0.956 1.000 
 100   (0.040) 0.013 0.002 0.003 0.001 0.002 0.000 0.006 0.042 0.001 0.001 0.003 0.000 0.001 0.000 0.044 0.000 

Locus 86 : 87070_60 
2 alleles
2.2% missing data
 100   (0.957) 0.998 0.999 0.997 0.999 0.997 1.000 0.854 0.958 0.999 0.999 0.997 1.000 0.999 1.000 0.968 1.000 
 130   (0.043) 0.002 0.001 0.003 0.001 0.003 0.000 0.146 0.042 0.001 0.001 0.003 0.000 0.001 0.000 0.032 0.000 

Locus 87 : 87747_31 
2 alleles
6.2% missing data
 120   (0.959) 0.998 0.999 0.997 0.999 0.997 1.000 0.995 0.959 0.999 1.000 0.914 1.000 0.999 1.000 0.969 1.000 
 110   (0.041) 0.002 0.001 0.003 0.001 0.003 0.000 0.005 0.041 0.001 0.000 0.086 0.000 0.001 0.000 0.031 0.000 

Locus 88 : 88455_10 
2 alleles
5.1% missing data
 130   (0.956) 0.998 0.999 0.781 0.999 0.997 1.000 0.995 0.957 0.999 0.999 0.997 1.000 0.999 1.000 0.967 1.000 
 100   (0.044) 0.002 0.001 0.219 0.001 0.003 0.000 0.005 0.043 0.001 0.001 0.003 0.000 0.001 0.000 0.033 0.000 

Locus 89 : 89005_12 
2 alleles
1.1% missing data
 120   (0.954) 0.998 0.999 0.997 0.999 0.997 1.000 0.995 0.955 0.999 1.000 0.892 1.000 0.999 1.000 0.965 1.000 
 130   (0.046) 0.002 0.001 0.003 0.001 0.003 0.000 0.005 0.045 0.001 0.000 0.108 0.000 0.001 0.000 0.035 0.000 

Locus 90 : 89213_8 
2 alleles
3.4% missing data
 130   (0.960) 0.998 0.999 0.997 0.999 0.998 1.000 0.995 0.961 0.999 1.000 0.971 1.000 0.999 1.000 0.970 1.000 
 110   (0.040) 0.002 0.001 0.003 0.001 0.002 0.000 0.005 0.039 0.001 0.000 0.029 0.000 0.001 0.000 0.030 0.000 

Locus 91 : 93475_13 
2 alleles
2.2% missing data
 130   (0.955) 0.998 0.999 0.997 0.999 0.997 1.000 0.995 0.956 0.999 1.000 0.864 1.000 0.999 1.000 0.966 1.000 
 110   (0.045) 0.002 0.001 0.003 0.001 0.003 0.000 0.005 0.044 0.001 0.000 0.136 0.000 0.001 0.000 0.034 0.000 

Locus 92 : 95749_27 
2 alleles
3.9% missing data
 120   (0.959) 0.998 0.999 0.997 0.999 0.997 1.000 0.995 0.959 0.999 1.000 0.970 1.000 0.999 1.000 0.969 1.000 
 100   (0.041) 0.002 0.001 0.003 0.001 0.003 0.000 0.005 0.041 0.001 0.000 0.030 0.000 0.001 0.000 0.031 0.000 

Locus 93 : 98167_26 
2 alleles
3.4% missing data
 120   (0.937) 0.988 0.997 0.991 0.966 0.995 0.999 0.896 0.937 0.998 0.998 0.995 0.999 0.992 0.999 0.948 0.998 
 110   (0.063) 0.012 0.003 0.009 0.034 0.005 0.001 0.104 0.063 0.002 0.002 0.005 0.001 0.008 0.001 0.052 0.002 

Locus 94 : 98988_58 
2 alleles
2.2% missing data
 130   (0.959) 0.998 0.999 0.997 0.999 0.997 1.000 0.994 0.959 0.999 0.999 0.974 1.000 0.999 1.000 0.968 1.000 
 110   (0.041) 0.002 0.001 0.003 0.001 0.003 0.000 0.006 0.041 0.001 0.001 0.026 0.000 0.001 0.000 0.032 0.000 

Locus 95 : 103824_15 
2 alleles
3.4% missing data
 130   (0.951) 0.998 0.999 0.997 0.999 0.997 1.000 0.994 0.952 0.998 0.999 0.810 1.000 0.999 1.000 0.964 1.000 
 110   (0.049) 0.002 0.001 0.003 0.001 0.003 0.000 0.006 0.048 0.002 0.001 0.190 0.000 0.001 0.000 0.036 0.000 

Locus 96 : 108043_8 
2 alleles
4.5% missing data
 130   (0.960) 0.998 0.998 0.997 0.999 0.997 1.000 0.995 0.961 0.999 1.000 0.997 1.000 0.907 1.000 0.969 1.000 
 110   (0.040) 0.002 0.002 0.003 0.001 0.003 0.000 0.005 0.039 0.001 0.000 0.003 0.000 0.093 0.000 0.031 0.000 

Locus 97 : 108049_79 
2 alleles
2.8% missing data
 120   (0.958) 0.998 0.999 0.997 0.994 0.997 1.000 0.995 0.957 0.999 0.998 0.997 1.000 0.999 1.000 0.956 1.000 
 100   (0.042) 0.002 0.001 0.003 0.006 0.003 0.000 0.005 0.043 0.001 0.002 0.003 0.000 0.001 0.000 0.044 0.000 

Locus 98 : 108366_5 
2 alleles
2.8% missing data
 130   (0.958) 0.998 0.999 0.997 0.999 0.998 1.000 0.995 0.959 0.999 1.000 0.918 1.000 0.999 1.000 0.969 1.000 
 100   (0.042) 0.002 0.001 0.003 0.001 0.002 0.000 0.005 0.041 0.001 0.000 0.082 0.000 0.001 0.000 0.031 0.000 

Locus 99 : 108403_10 
2 alleles
6.2% missing data
 130   (0.960) 0.998 0.999 0.997 0.999 0.997 1.000 0.995 0.958 0.999 1.000 0.997 1.000 0.991 1.000 0.966 1.000 
 110   (0.040) 0.002 0.001 0.003 0.001 0.003 0.000 0.005 0.042 0.001 0.000 0.003 0.000 0.009 0.000 0.034 0.000 

Locus 100 : 109283_38 
2 alleles
3.9% missing data
 120   (0.873) 0.970 0.515 0.991 0.921 0.981 0.490 0.982 0.873 0.996 0.845 0.991 0.990 0.995 0.934 0.815 0.996 
 100   (0.127) 0.030 0.485 0.009 0.079 0.019 0.510 0.018 0.127 0.004 0.155 0.009 0.010 0.005 0.066 0.185 0.004 

Locus 101 : 109527_54 
2 alleles
7.3% missing data
 110   (0.950) 0.998 0.998 0.996 0.995 0.805 1.000 0.990 0.950 0.999 0.999 0.996 1.000 0.999 1.000 0.960 1.000 
 130   (0.050) 0.002 0.002 0.004 0.005 0.195 0.000 0.010 0.050 0.001 0.001 0.004 0.000 0.001 0.000 0.040 0.000 

Locus 102 : 109804_31 
2 alleles
2.2% missing data
 130   (0.959) 0.998 0.999 0.997 0.999 0.997 1.000 0.995 0.959 0.999 1.000 0.945 1.000 0.999 1.000 0.969 1.000 
 100   (0.041) 0.002 0.001 0.003 0.001 0.003 0.000 0.005 0.041 0.001 0.000 0.055 0.000 0.001 0.000 0.031 0.000 

Locus 103 : 112614_46 
2 alleles
5.1% missing data
 120   (0.953) 0.998 0.999 0.997 0.999 0.997 1.000 0.994 0.954 0.999 0.999 0.885 1.000 0.999 1.000 0.965 1.000 
 100   (0.047) 0.002 0.001 0.003 0.001 0.003 0.000 0.006 0.046 0.001 0.001 0.115 0.000 0.001 0.000 0.035 0.000 

Locus 104 : 112906_14 
2 alleles
3.9% missing data
 110   (0.892) 0.995 0.862 0.678 0.998 0.732 0.999 0.954 0.893 0.997 0.998 0.992 0.999 0.997 1.000 0.912 0.999 
 120   (0.108) 0.005 0.138 0.322 0.002 0.268 0.001 0.046 0.107 0.003 0.002 0.008 0.001 0.003 0.000 0.088 0.001 

Locus 105 : 113735_32 
2 alleles
6.7% missing data
 120   (0.962) 0.998 0.999 0.964 0.999 0.997 1.000 0.995 0.961 0.999 1.000 0.997 1.000 0.999 1.000 0.968 1.000 
 100   (0.038) 0.002 0.001 0.036 0.001 0.003 0.000 0.005 0.039 0.001 0.000 0.003 0.000 0.001 0.000 0.032 0.000 

Locus 106 : 115028_7 
2 alleles
3.9% missing data
 120   (0.962) 0.998 0.999 0.956 0.999 0.998 1.000 0.995 0.963 0.999 1.000 0.997 1.000 0.999 1.000 0.971 1.000 
 100   (0.038) 0.002 0.001 0.044 0.001 0.002 0.000 0.005 0.037 0.001 0.000 0.003 0.000 0.001 0.000 0.029 0.000 

Locus 107 : 115179_16 
2 alleles
2.2% missing data
 120   (0.956) 0.998 0.999 0.997 0.999 0.997 1.000 0.995 0.957 0.999 1.000 0.908 1.000 0.999 1.000 0.967 1.000 
 110   (0.044) 0.002 0.001 0.003 0.001 0.003 0.000 0.005 0.043 0.001 0.000 0.092 0.000 0.001 0.000 0.033 0.000 

Locus 108 : 116753_51 
2 alleles
7.3% missing data
 120   (0.958) 0.998 0.903 0.997 0.998 0.997 1.000 0.995 0.959 0.999 1.000 0.997 1.000 0.999 1.000 0.959 1.000 
 100   (0.042) 0.002 0.097 0.003 0.002 0.003 0.000 0.005 0.041 0.001 0.000 0.003 0.000 0.001 0.000 0.041 0.000 

Locus 109 : 116931_31 
2 alleles
7.9% missing data
 120   (0.960) 0.987 0.998 0.997 0.999 0.997 1.000 0.994 0.959 0.999 0.999 0.997 1.000 0.999 1.000 0.958 1.000 
 110   (0.040) 0.013 0.002 0.003 0.001 0.003 0.000 0.006 0.041 0.001 0.001 0.003 0.000 0.001 0.000 0.042 0.000 

Locus 110 : 116938_8 
2 alleles
4.5% missing data
 130   (0.921) 0.996 0.823 0.994 0.998 0.874 0.999 0.941 0.922 0.998 0.999 0.994 1.000 0.998 1.000 0.939 1.000 
 110   (0.079) 0.004 0.177 0.006 0.002 0.126 0.001 0.059 0.078 0.002 0.001 0.006 0.000 0.002 0.000 0.061 0.000 

Locus 111 : 122302_80 
2 alleles
10.1% missing data
 110   (0.961) 0.958 0.998 0.996 0.999 0.997 1.000 0.995 0.961 0.999 0.999 0.997 1.000 0.999 1.000 0.970 1.000 
 100   (0.039) 0.042 0.002 0.004 0.001 0.003 0.000 0.005 0.039 0.001 0.001 0.003 0.000 0.001 0.000 0.030 0.000 

Locus 112 : 123190_14 
2 alleles
3.4% missing data
 120   (0.950) 0.954 0.997 0.996 0.999 0.997 0.999 0.993 0.948 0.999 0.999 0.996 1.000 0.999 1.000 0.941 1.000 
 130   (0.050) 0.046 0.003 0.004 0.001 0.003 0.001 0.007 0.052 0.001 0.001 0.004 0.000 0.001 0.000 0.059 0.000 

Locus 113 : 123271_36 
2 alleles
3.9% missing data
 100   (0.957) 0.998 0.999 0.997 0.999 0.997 1.000 0.995 0.958 0.999 1.000 0.857 1.000 0.999 1.000 0.968 1.000 
 110   (0.043) 0.002 0.001 0.003 0.001 0.003 0.000 0.005 0.042 0.001 0.000 0.143 0.000 0.001 0.000 0.032 0.000 

Locus 114 : 124147_18 
2 alleles
2.2% missing data
 130   (0.957) 0.998 0.999 0.997 0.999 0.997 1.000 0.756 0.958 0.999 0.999 0.997 1.000 0.999 1.000 0.968 1.000 
 110   (0.043) 0.002 0.001 0.003 0.001 0.003 0.000 0.244 0.042 0.001 0.001 0.003 0.000 0.001 0.000 0.032 0.000 

Locus 115 : 124184_33 
2 alleles
5.6% missing data
 110   (0.952) 0.998 0.999 0.997 0.999 0.997 1.000 0.994 0.953 0.999 0.999 0.909 1.000 0.999 1.000 0.965 1.000 
 100   (0.048) 0.002 0.001 0.003 0.001 0.003 0.000 0.006 0.047 0.001 0.001 0.091 0.000 0.001 0.000 0.035 0.000 

Locus 116 : 125404_24 
2 alleles
1.1% missing data
 130   (0.958) 0.999 0.999 0.756 0.999 0.998 1.000 0.995 0.959 0.999 1.000 0.997 1.000 0.999 1.000 0.968 1.000 
 110   (0.042) 0.001 0.001 0.244 0.001 0.002 0.000 0.005 0.041 0.001 0.000 0.003 0.000 0.001 0.000 0.032 0.000 

Locus 117 : 125436_43 
2 alleles
3.9% missing data
 130   (0.930) 0.997 0.998 0.697 0.998 0.831 0.999 0.992 0.932 0.998 0.999 0.995 1.000 0.998 1.000 0.948 1.000 
 100   (0.070) 0.003 0.002 0.303 0.002 0.169 0.001 0.008 0.068 0.002 0.001 0.005 0.000 0.002 0.000 0.052 0.000 

Locus 118 : 126013_18 
2 alleles
2.8% missing data
 130   (0.957) 0.998 0.999 0.997 0.999 0.997 1.000 0.995 0.958 0.877 1.000 0.996 1.000 0.999 1.000 0.967 1.000 
 110   (0.043) 0.002 0.001 0.003 0.001 0.003 0.000 0.005 0.042 0.123 0.000 0.004 0.000 0.001 0.000 0.033 0.000 

Locus 119 : 126137_19 
2 alleles
3.9% missing data
 120   (0.959) 0.998 0.999 0.989 0.998 0.975 1.000 0.994 0.959 0.999 0.999 0.997 1.000 0.999 1.000 0.967 1.000 
 110   (0.041) 0.002 0.001 0.011 0.002 0.025 0.000 0.006 0.041 0.001 0.001 0.003 0.000 0.001 0.000 0.033 0.000 

Locus 120 : 126845_22 
2 alleles
5.6% missing data
 130   (0.961) 0.998 0.999 0.959 0.999 0.997 1.000 0.993 0.961 0.999 1.000 0.997 1.000 0.999 1.000 0.970 1.000 
 110   (0.039) 0.002 0.001 0.041 0.001 0.003 0.000 0.007 0.039 0.001 0.000 0.003 0.000 0.001 0.000 0.030 0.000 

Locus 121 : 127512_8 
2 alleles
1.1% missing data
 130   (0.958) 0.998 0.999 0.997 0.999 0.998 1.000 0.995 0.959 0.907 1.000 0.997 1.000 0.999 1.000 0.969 1.000 
 100   (0.042) 0.002 0.001 0.003 0.001 0.002 0.000 0.005 0.041 0.093 0.000 0.003 0.000 0.001 0.000 0.031 0.000 

Locus 122 : 127692_13 
2 alleles
2.8% missing data
 100   (0.952) 0.998 0.998 0.997 0.999 0.935 1.000 0.994 0.952 0.999 0.999 0.997 1.000 0.999 1.000 0.961 1.000 
 120   (0.048) 0.002 0.002 0.003 0.001 0.065 0.000 0.006 0.048 0.001 0.001 0.003 0.000 0.001 0.000 0.039 0.000 

Locus 123 : 128195_18 
2 alleles
7.3% missing data
 130   (0.874) 0.976 0.994 0.987 0.277 0.916 0.999 0.427 0.874 0.996 0.956 0.990 0.979 0.997 0.996 0.887 0.998 
 110   (0.126) 0.024 0.006 0.013 0.723 0.084 0.001 0.573 0.126 0.004 0.044 0.010 0.021 0.003 0.004 0.113 0.002 

Locus 124 : 128198_14 
2 alleles
4.5% missing data
 130   (0.932) 0.997 0.998 0.995 0.999 0.996 1.000 0.992 0.933 0.903 0.999 0.918 1.000 0.998 0.999 0.948 1.000 
 120   (0.068) 0.003 0.002 0.005 0.001 0.004 0.000 0.008 0.067 0.097 0.001 0.082 0.000 0.002 0.001 0.052 0.000 

Locus 125 : 128423_39 
2 alleles
4.5% missing data
 130   (0.959) 0.998 0.998 0.997 0.991 0.997 1.000 0.988 0.958 0.999 0.999 0.997 1.000 0.999 1.000 0.965 1.000 
 100   (0.041) 0.002 0.002 0.003 0.009 0.003 0.000 0.012 0.042 0.001 0.001 0.003 0.000 0.001 0.000 0.035 0.000 

Locus 126 : 131572_48 
2 alleles
1.1% missing data
 120   (0.952) 0.998 0.936 0.996 0.999 0.997 0.999 0.994 0.952 0.999 1.000 0.996 1.000 0.999 1.000 0.955 1.000 
 100   (0.048) 0.002 0.064 0.004 0.001 0.003 0.001 0.006 0.048 0.001 0.000 0.004 0.000 0.001 0.000 0.045 0.000 

Locus 127 : 132199_62 
2 alleles
3.9% missing data
 100   (0.955) 0.998 0.999 0.997 0.999 0.997 1.000 0.995 0.956 0.999 1.000 0.751 1.000 0.999 1.000 0.967 1.000 
 120   (0.045) 0.002 0.001 0.003 0.001 0.003 0.000 0.005 0.044 0.001 0.000 0.249 0.000 0.001 0.000 0.033 0.000 

Locus 128 : 135566_64 
2 alleles
7.3% missing data
 130   (0.961) 0.998 0.999 0.997 0.994 0.998 1.000 0.995 0.959 0.999 0.999 0.997 1.000 0.999 1.000 0.963 1.000 
 110   (0.039) 0.002 0.001 0.003 0.006 0.002 0.000 0.005 0.041 0.001 0.001 0.003 0.000 0.001 0.000 0.037 0.000 

Locus 129 : 135761_5 
2 alleles
7.9% missing data
 130   (0.955) 0.998 0.999 0.997 0.999 0.997 1.000 0.995 0.956 0.998 1.000 0.904 1.000 0.999 1.000 0.966 1.000 
 100   (0.045) 0.002 0.001 0.003 0.001 0.003 0.000 0.005 0.044 0.002 0.000 0.096 0.000 0.001 0.000 0.034 0.000 

Locus 130 : 137219_35 
2 alleles
3.4% missing data
 120   (0.942) 0.998 0.998 0.996 0.976 0.996 1.000 0.992 0.939 0.998 0.996 0.996 1.000 0.999 1.000 0.938 1.000 
 100   (0.058) 0.002 0.002 0.004 0.024 0.004 0.000 0.008 0.061 0.002 0.004 0.004 0.000 0.001 0.000 0.062 0.000 

Locus 131 : 139081_20 
2 alleles
5.6% missing data
 120   (0.940) 0.997 0.995 0.995 0.999 0.969 0.999 0.926 0.940 0.998 0.999 0.995 1.000 0.998 1.000 0.951 1.000 
 110   (0.060) 0.003 0.005 0.005 0.001 0.031 0.001 0.074 0.060 0.002 0.001 0.005 0.000 0.002 0.000 0.049 0.000 

Locus 132 : 139084_52 
2 alleles
5.1% missing data
 120   (0.920) 0.947 0.996 0.993 0.995 0.994 0.999 0.814 0.918 0.997 0.995 0.994 0.998 0.997 0.999 0.910 0.999 
 110   (0.080) 0.053 0.004 0.007 0.005 0.006 0.001 0.186 0.082 0.003 0.005 0.006 0.002 0.003 0.001 0.090 0.001 

Locus 133 : 139433_54 
2 alleles
3.9% missing data
 120   (0.958) 0.998 0.999 0.997 0.999 0.998 1.000 0.995 0.959 0.999 1.000 0.945 1.000 0.999 1.000 0.969 1.000 
 100   (0.042) 0.002 0.001 0.003 0.001 0.002 0.000 0.005 0.041 0.001 0.000 0.055 0.000 0.001 0.000 0.031 0.000 

Locus 134 : 140063_88 
2 alleles
7.9% missing data
 110   (0.961) 0.998 0.999 0.997 0.998 0.986 1.000 0.993 0.960 0.999 0.999 0.997 1.000 0.999 1.000 0.967 1.000 
 100   (0.039) 0.002 0.001 0.003 0.002 0.014 0.000 0.007 0.040 0.001 0.001 0.003 0.000 0.001 0.000 0.033 0.000 

Locus 135 : 140194_73 
2 alleles
2.8% missing data
 120   (0.960) 0.998 0.998 0.997 0.999 0.997 1.000 0.992 0.960 0.975 0.999 0.997 1.000 0.999 1.000 0.968 1.000 
 110   (0.040) 0.002 0.002 0.003 0.001 0.003 0.000 0.008 0.040 0.025 0.001 0.003 0.000 0.001 0.000 0.032 0.000 

Locus 136 : 141313_8 
2 alleles
2.8% missing data
 120   (0.956) 0.998 0.999 0.997 0.999 0.997 1.000 0.995 0.957 0.999 1.000 0.918 1.000 0.999 1.000 0.967 1.000 
 100   (0.044) 0.002 0.001 0.003 0.001 0.003 0.000 0.005 0.043 0.001 0.000 0.082 0.000 0.001 0.000 0.033 0.000 

Locus 137 : 145284_28 
2 alleles
2.8% missing data
 130   (0.956) 0.998 0.999 0.997 0.999 0.997 1.000 0.613 0.957 0.999 1.000 0.997 1.000 0.999 1.000 0.966 1.000 
 110   (0.044) 0.002 0.001 0.003 0.001 0.003 0.000 0.387 0.043 0.001 0.000 0.003 0.000 0.001 0.000 0.034 0.000 

Locus 138 : 145957_11 
2 alleles
4.5% missing data
 130   (0.959) 0.998 0.999 0.997 0.999 0.998 0.832 0.994 0.960 0.999 0.999 0.997 1.000 0.999 1.000 0.969 1.000 
 110   (0.041) 0.002 0.001 0.003 0.001 0.002 0.168 0.006 0.040 0.001 0.001 0.003 0.000 0.001 0.000 0.031 0.000 

Locus 139 : 160306_34 
2 alleles
2.8% missing data
 120   (0.932) 0.997 0.988 0.774 0.998 0.946 0.999 0.991 0.933 0.998 0.997 0.995 1.000 0.998 1.000 0.945 1.000 
 100   (0.068) 0.003 0.012 0.226 0.002 0.054 0.001 0.009 0.067 0.002 0.003 0.005 0.000 0.002 0.000 0.055 0.000 

Locus 140 : 162107_37 
2 alleles
3.4% missing data
 120   (0.940) 0.998 0.998 0.901 0.999 0.984 1.000 0.993 0.939 0.998 0.999 0.995 1.000 0.999 1.000 0.950 1.000 
 100   (0.060) 0.002 0.002 0.099 0.001 0.016 0.000 0.007 0.061 0.002 0.001 0.005 0.000 0.001 0.000 0.050 0.000 

Locus 141 : 163290_36 
2 alleles
5.1% missing data
 130   (0.926) 0.930 0.996 0.995 0.987 0.995 0.997 0.769 0.926 0.998 0.956 0.994 0.986 0.997 0.977 0.925 0.993 
 110   (0.074) 0.070 0.004 0.005 0.013 0.005 0.003 0.231 0.074 0.002 0.044 0.006 0.014 0.003 0.023 0.075 0.007 

Locus 142 : 163453_13 
2 alleles
5.6% missing data
 120   (0.959) 0.989 0.998 0.997 0.999 0.997 1.000 0.993 0.958 0.999 0.999 0.997 1.000 0.999 1.000 0.957 1.000 
 110   (0.041) 0.011 0.002 0.003 0.001 0.003 0.000 0.007 0.042 0.001 0.001 0.003 0.000 0.001 0.000 0.043 0.000 

Locus 143 : 163580_14 
2 alleles
10.1% missing data
 120   (0.958) 0.997 0.997 0.997 0.999 0.997 1.000 0.995 0.959 0.999 0.999 0.997 0.996 0.999 1.000 0.968 0.811 
 100   (0.042) 0.003 0.003 0.003 0.001 0.003 0.000 0.005 0.041 0.001 0.001 0.003 0.004 0.001 0.000 0.032 0.189 

Locus 144 : 164461_13 
2 alleles
5.6% missing data
 100   (0.958) 0.848 0.999 0.997 0.999 0.997 1.000 0.995 0.958 0.999 0.999 0.997 1.000 0.999 1.000 0.968 1.000 
 120   (0.042) 0.152 0.001 0.003 0.001 0.003 0.000 0.005 0.042 0.001 0.001 0.003 0.000 0.001 0.000 0.032 0.000 

Locus 145 : 165413_43 
2 alleles
1.7% missing data
 110   (0.952) 0.997 0.998 0.997 0.999 0.941 1.000 0.994 0.951 0.999 0.999 0.996 0.998 0.999 1.000 0.960 1.000 
 130   (0.048) 0.003 0.002 0.003 0.001 0.059 0.000 0.006 0.049 0.001 0.001 0.004 0.002 0.001 0.000 0.040 0.000 

Locus 146 : 168629_44 
2 alleles
5.6% missing data
 130   (0.948) 0.984 0.998 0.996 0.987 0.961 0.999 0.989 0.948 0.998 0.994 0.996 0.998 0.998 0.999 0.957 0.999 
 110   (0.052) 0.016 0.002 0.004 0.013 0.039 0.001 0.011 0.052 0.002 0.006 0.004 0.002 0.002 0.001 0.043 0.001 

Locus 147 : 168991_77 
2 alleles
5.6% missing data
 110   (0.853) 0.986 0.889 0.643 0.949 0.882 0.997 0.975 0.850 0.996 0.978 0.989 0.995 0.995 0.996 0.845 0.997 
 100   (0.147) 0.014 0.111 0.357 0.051 0.118 0.003 0.025 0.150 0.004 0.022 0.011 0.005 0.005 0.004 0.155 0.003 

Locus 148 : 169478_88 
2 alleles
5.1% missing data
 130   (0.958) 0.998 0.998 0.997 0.999 0.997 1.000 0.994 0.958 0.978 1.000 0.997 1.000 0.999 1.000 0.966 1.000 
 100   (0.042) 0.002 0.002 0.003 0.001 0.003 0.000 0.006 0.042 0.022 0.000 0.003 0.000 0.001 0.000 0.034 0.000 

Locus 149 : 169898_8 
2 alleles
6.2% missing data
 120   (0.942) 0.964 0.997 0.995 0.998 0.912 0.999 0.992 0.943 0.998 0.999 0.995 1.000 0.998 1.000 0.955 1.000 
 100   (0.058) 0.036 0.003 0.005 0.002 0.088 0.001 0.008 0.057 0.002 0.001 0.005 0.000 0.002 0.000 0.045 0.000 

Locus 150 : 170224_42 
2 alleles
7.3% missing data
 100   (0.918) 0.799 0.996 0.994 0.984 0.940 0.999 0.980 0.917 0.997 0.972 0.993 0.977 0.997 0.997 0.925 0.998 
 120   (0.082) 0.201 0.004 0.006 0.016 0.060 0.001 0.020 0.083 0.003 0.028 0.007 0.023 0.003 0.003 0.075 0.002 

Locus 151 : 174083_22 
2 alleles
3.9% missing data
 120   (0.953) 0.998 0.999 0.997 0.999 0.997 1.000 0.994 0.954 0.999 1.000 0.784 1.000 0.999 1.000 0.964 1.000 
 100   (0.047) 0.002 0.001 0.003 0.001 0.003 0.000 0.006 0.046 0.001 0.000 0.216 0.000 0.001 0.000 0.036 0.000 

Locus 152 : 174223_24 
2 alleles
2.8% missing data
 120   (0.959) 0.998 0.999 0.997 0.999 0.997 1.000 0.995 0.958 0.999 1.000 0.997 1.000 0.989 1.000 0.966 1.000 
 100   (0.041) 0.002 0.001 0.003 0.001 0.003 0.000 0.005 0.042 0.001 0.000 0.003 0.000 0.011 0.000 0.034 0.000 

Locus 153 : 174263_44 
2 alleles
3.9% missing data
 130   (0.957) 0.998 0.999 0.997 0.999 0.997 1.000 0.995 0.958 0.835 1.000 0.997 1.000 0.999 1.000 0.968 1.000 
 110   (0.043) 0.002 0.001 0.003 0.001 0.003 0.000 0.005 0.042 0.165 0.000 0.003 0.000 0.001 0.000 0.032 0.000 

Locus 154 : 175657_6 
2 alleles
8.4% missing data
 100   (0.933) 0.997 0.998 0.753 0.999 0.921 0.999 0.992 0.934 0.998 0.999 0.994 1.000 0.999 1.000 0.949 1.000 
 130   (0.067) 0.003 0.002 0.247 0.001 0.079 0.001 0.008 0.066 0.002 0.001 0.006 0.000 0.001 0.000 0.051 0.000 

Locus 155 : 176570_23 
2 alleles
3.9% missing data
 130   (0.957) 0.998 0.980 0.997 0.998 0.997 0.983 0.994 0.957 0.999 0.982 0.997 1.000 0.998 0.995 0.921 1.000 
 110   (0.043) 0.002 0.020 0.003 0.002 0.003 0.017 0.006 0.043 0.001 0.018 0.003 0.000 0.002 0.005 0.079 0.000 

Locus 156 : 176775_13 
2 alleles
6.7% missing data
 130   (0.950) 0.998 0.998 0.997 0.999 0.997 1.000 0.993 0.951 0.999 0.999 0.703 1.000 0.999 1.000 0.962 1.000 
 110   (0.050) 0.002 0.002 0.003 0.001 0.003 0.000 0.007 0.049 0.001 0.001 0.297 0.000 0.001 0.000 0.038 0.000 

Locus 157 : 178448_19 
2 alleles
3.4% missing data
 120   (0.954) 0.998 0.999 0.997 0.999 0.997 1.000 0.995 0.954 0.999 0.999 0.881 1.000 0.999 1.000 0.965 1.000 
 100   (0.046) 0.002 0.001 0.003 0.001 0.003 0.000 0.005 0.046 0.001 0.001 0.119 0.000 0.001 0.000 0.035 0.000 

Locus 158 : 179162_16 
2 alleles
6.2% missing data
 120   (0.960) 0.998 0.999 0.997 0.999 0.998 1.000 0.995 0.961 0.999 0.999 0.971 1.000 0.999 1.000 0.970 1.000 
 100   (0.040) 0.002 0.001 0.003 0.001 0.002 0.000 0.005 0.039 0.001 0.001 0.029 0.000 0.001 0.000 0.030 0.000 

Locus 159 : 179286_31 
2 alleles
2.8% missing data
 120   (0.930) 0.997 0.986 0.882 0.998 0.921 0.999 0.991 0.931 0.998 0.998 0.995 0.999 0.998 1.000 0.945 0.999 
 100   (0.070) 0.003 0.014 0.118 0.002 0.079 0.001 0.009 0.069 0.002 0.002 0.005 0.001 0.002 0.000 0.055 0.001 

Locus 160 : 179594_17 
2 alleles
4.5% missing data
 120   (0.919) 0.977 0.997 0.728 0.997 0.995 0.999 0.924 0.917 0.997 0.999 0.993 1.000 0.994 1.000 0.921 0.999 
 100   (0.081) 0.023 0.003 0.272 0.003 0.005 0.001 0.076 0.083 0.003 0.001 0.007 0.000 0.006 0.000 0.079 0.001 

Locus 161 : 180413_54 
2 alleles
3.9% missing data
 100   (0.956) 0.998 0.999 0.997 0.999 0.997 1.000 0.995 0.956 0.999 1.000 0.880 1.000 0.999 1.000 0.967 1.000 
 110   (0.044) 0.002 0.001 0.003 0.001 0.003 0.000 0.005 0.044 0.001 0.000 0.120 0.000 0.001 0.000 0.033 0.000 

Locus 162 : 182862_79 
2 alleles
3.4% missing data
 130   (0.956) 0.998 0.999 0.997 0.999 0.997 1.000 0.995 0.957 0.999 1.000 0.867 1.000 0.999 1.000 0.967 1.000 
 110   (0.044) 0.002 0.001 0.003 0.001 0.003 0.000 0.005 0.043 0.001 0.000 0.133 0.000 0.001 0.000 0.033 0.000 

Locus 163 : 183288_63 
2 alleles
10.1% missing data
 100   (0.958) 0.998 0.999 0.997 0.999 0.997 1.000 0.995 0.959 0.999 0.999 0.971 1.000 0.999 1.000 0.967 1.000 
 120   (0.042) 0.002 0.001 0.003 0.001 0.003 0.000 0.005 0.041 0.001 0.001 0.029 0.000 0.001 0.000 0.033 0.000 

Locus 164 : 183906_55 
2 alleles
6.7% missing data
 130   (0.958) 0.998 0.999 0.997 0.999 0.997 1.000 0.994 0.958 0.999 1.000 0.945 1.000 0.999 1.000 0.968 1.000 
 100   (0.042) 0.002 0.001 0.003 0.001 0.003 0.000 0.006 0.042 0.001 0.000 0.055 0.000 0.001 0.000 0.032 0.000 

Locus 165 : 183990_7 
2 alleles
3.4% missing data
 120   (0.954) 0.997 0.998 0.997 0.823 0.997 1.000 0.995 0.954 0.999 0.958 0.997 1.000 0.999 1.000 0.948 1.000 
 100   (0.046) 0.003 0.002 0.003 0.177 0.003 0.000 0.005 0.046 0.001 0.042 0.003 0.000 0.001 0.000 0.052 0.000 

Locus 166 : 185904_60 
2 alleles
3.4% missing data
 120   (0.955) 0.915 0.998 0.997 0.999 0.997 1.000 0.995 0.955 0.999 1.000 0.996 1.000 0.999 1.000 0.962 1.000 
 100   (0.045) 0.085 0.002 0.003 0.001 0.003 0.000 0.005 0.045 0.001 0.000 0.004 0.000 0.001 0.000 0.038 0.000 

Locus 167 : 191703_64 
2 alleles
1.7% missing data
 130   (0.933) 0.997 0.998 0.861 0.999 0.996 0.999 0.673 0.934 0.998 0.999 0.995 1.000 0.998 1.000 0.948 1.000 
 110   (0.067) 0.003 0.002 0.139 0.001 0.004 0.001 0.327 0.066 0.002 0.001 0.005 0.000 0.002 0.000 0.052 0.000 

Locus 168 : 193854_7 
2 alleles
1.7% missing data
 130   (0.937) 0.997 0.998 0.995 0.999 0.996 0.999 0.992 0.937 0.980 0.999 0.881 1.000 0.998 1.000 0.951 0.999 
 110   (0.063) 0.003 0.002 0.005 0.001 0.004 0.001 0.008 0.063 0.020 0.001 0.119 0.000 0.002 0.000 0.049 0.001 

Locus 169 : 194868_38 
2 alleles
5.6% missing data
 120   (0.947) 0.998 0.998 0.984 0.992 0.870 1.000 0.993 0.947 0.998 0.999 0.996 1.000 0.999 1.000 0.958 1.000 
 100   (0.053) 0.002 0.002 0.016 0.008 0.130 0.000 0.007 0.053 0.002 0.001 0.004 0.000 0.001 0.000 0.042 0.000 

Locus 170 : 195463_36 
2 alleles
5.1% missing data
 120   (0.958) 0.998 0.999 0.855 0.999 0.997 1.000 0.995 0.958 0.999 1.000 0.997 1.000 0.999 1.000 0.968 1.000 
 100   (0.042) 0.002 0.001 0.145 0.001 0.003 0.000 0.005 0.042 0.001 0.000 0.003 0.000 0.001 0.000 0.032 0.000 

Locus 171 : 195727_20 
2 alleles
1.7% missing data
 130   (0.956) 0.998 0.999 0.997 0.999 0.997 1.000 0.995 0.957 0.999 1.000 0.914 1.000 0.999 1.000 0.967 1.000 
 110   (0.044) 0.002 0.001 0.003 0.001 0.003 0.000 0.005 0.043 0.001 0.000 0.086 0.000 0.001 0.000 0.033 0.000 

Locus 172 : 197508_5 
2 alleles
2.2% missing data
 120   (0.961) 0.998 0.999 0.997 0.998 0.987 1.000 0.994 0.960 0.999 1.000 0.997 1.000 0.999 1.000 0.968 1.000 
 100   (0.039) 0.002 0.001 0.003 0.002 0.013 0.000 0.006 0.040 0.001 0.000 0.003 0.000 0.001 0.000 0.032 0.000 

Locus 173 : 199140_10 
2 alleles
4.5% missing data
 130   (0.960) 0.999 0.999 0.997 0.995 0.997 1.000 0.995 0.958 0.999 0.999 0.997 1.000 0.999 1.000 0.962 1.000 
 110   (0.040) 0.001 0.001 0.003 0.005 0.003 0.000 0.005 0.042 0.001 0.001 0.003 0.000 0.001 0.000 0.038 0.000 

Locus 174 : 199429_51 
2 alleles
5.1% missing data
 130   (0.959) 0.988 0.998 0.996 0.999 0.997 1.000 0.994 0.957 0.999 0.999 0.997 1.000 0.999 1.000 0.956 1.000 
 100   (0.041) 0.012 0.002 0.004 0.001 0.003 0.000 0.006 0.043 0.001 0.001 0.003 0.000 0.001 0.000 0.044 0.000 

Locus 175 : 199635_9 
2 alleles
3.4% missing data
 120   (0.954) 0.998 0.999 0.997 0.999 0.997 1.000 0.995 0.954 0.999 1.000 0.829 1.000 0.999 1.000 0.965 1.000 
 100   (0.046) 0.002 0.001 0.003 0.001 0.003 0.000 0.005 0.046 0.001 0.000 0.171 0.000 0.001 0.000 0.035 0.000 

Locus 176 : 200923_8 
2 alleles
5.1% missing data
 100   (0.961) 0.998 0.998 0.994 0.999 0.997 1.000 0.933 0.961 0.999 1.000 0.997 1.000 0.999 1.000 0.970 1.000 
 110   (0.039) 0.002 0.002 0.006 0.001 0.003 0.000 0.067 0.039 0.001 0.000 0.003 0.000 0.001 0.000 0.030 0.000 

Locus 177 : 201090_64 
2 alleles
5.1% missing data
 130   (0.959) 0.958 0.999 0.996 0.999 0.997 1.000 0.995 0.960 0.999 1.000 0.997 1.000 0.999 1.000 0.968 1.000 
 100   (0.041) 0.042 0.001 0.004 0.001 0.003 0.000 0.005 0.040 0.001 0.000 0.003 0.000 0.001 0.000 0.032 0.000 

Locus 178 : 201549_57 
2 alleles
4.5% missing data
 120   (0.959) 0.999 0.999 0.903 0.999 0.998 1.000 0.995 0.960 0.999 1.000 0.997 1.000 0.999 1.000 0.969 1.000 
 110   (0.041) 0.001 0.001 0.097 0.001 0.002 0.000 0.005 0.040 0.001 0.000 0.003 0.000 0.001 0.000 0.031 0.000 

Locus 179 : 203565_40 
2 alleles
3.9% missing data
 120   (0.961) 0.998 0.998 0.997 0.999 0.997 1.000 0.933 0.962 0.999 1.000 0.997 1.000 0.999 1.000 0.970 1.000 
 100   (0.039) 0.002 0.002 0.003 0.001 0.003 0.000 0.067 0.038 0.001 0.000 0.003 0.000 0.001 0.000 0.030 0.000 

Locus 180 : 205184_19 
2 alleles
7.3% missing data
 110   (0.928) 0.997 0.998 0.995 0.999 0.995 0.999 0.991 0.929 0.861 0.999 0.759 1.000 0.998 1.000 0.946 1.000 
 120   (0.072) 0.003 0.002 0.005 0.001 0.005 0.001 0.009 0.071 0.139 0.001 0.241 0.000 0.002 0.000 0.054 0.000 

Locus 181 : 206551_17 
2 alleles
6.2% missing data
 120   (0.905) 0.604 0.996 0.964 0.993 0.994 0.999 0.941 0.904 0.997 0.996 0.993 0.999 0.884 1.000 0.915 0.995 
 100   (0.095) 0.396 0.004 0.036 0.007 0.006 0.001 0.059 0.096 0.003 0.004 0.007 0.001 0.116 0.000 0.085 0.005 

Locus 182 : 216246_19 
2 alleles
2.8% missing data
 110   (0.940) 0.997 0.996 0.986 0.989 0.979 0.999 0.985 0.939 0.998 0.997 0.996 1.000 0.999 1.000 0.943 1.000 
 130   (0.060) 0.003 0.004 0.014 0.011 0.021 0.001 0.015 0.061 0.002 0.003 0.004 0.000 0.001 0.000 0.057 0.000 

Locus 183 : 216776_13 
2 alleles
5.6% missing data
 120   (0.920) 0.997 0.997 0.994 0.998 0.995 0.999 0.990 0.921 0.992 0.999 0.726 1.000 0.815 1.000 0.939 1.000 
 110   (0.080) 0.003 0.003 0.006 0.002 0.005 0.001 0.010 0.079 0.008 0.001 0.274 0.000 0.185 0.000 0.061 0.000 

Locus 184 : 217291_37 
2 alleles
3.9% missing data
 120   (0.956) 0.998 0.999 0.909 0.999 0.997 1.000 0.994 0.956 0.999 1.000 0.997 1.000 0.999 1.000 0.962 1.000 
 100   (0.044) 0.002 0.001 0.091 0.001 0.003 0.000 0.006 0.044 0.001 0.000 0.003 0.000 0.001 0.000 0.038 0.000 

Locus 185 : 217570_13 
2 alleles
3.9% missing data
 130   (0.955) 0.998 0.999 0.997 0.999 0.997 1.000 0.995 0.956 0.999 1.000 0.866 1.000 0.999 1.000 0.966 1.000 
 110   (0.045) 0.002 0.001 0.003 0.001 0.003 0.000 0.005 0.044 0.001 0.000 0.134 0.000 0.001 0.000 0.034 0.000 

Locus 186 : 220422_65 
2 alleles
3.4% missing data
 120   (0.950) 0.997 0.993 0.986 0.999 0.973 0.999 0.993 0.949 0.998 0.994 0.996 1.000 0.999 1.000 0.943 1.000 
 110   (0.050) 0.003 0.007 0.014 0.001 0.027 0.001 0.007 0.051 0.002 0.006 0.004 0.000 0.001 0.000 0.057 0.000 

Locus 187 : 220502_40 
2 alleles
6.7% missing data
 120   (0.961) 0.998 0.964 0.997 0.999 0.997 0.999 0.995 0.961 0.999 0.999 0.997 1.000 0.998 1.000 0.968 1.000 
 110   (0.039) 0.002 0.036 0.003 0.001 0.003 0.001 0.005 0.039 0.001 0.001 0.003 0.000 0.002 0.000 0.032 0.000 

Locus 188 : 220519_81 
2 alleles
4.5% missing data
 130   (0.934) 0.997 0.997 0.995 0.998 0.996 0.999 0.932 0.935 0.998 0.999 0.857 1.000 0.998 1.000 0.949 1.000 
 110   (0.066) 0.003 0.003 0.005 0.002 0.004 0.001 0.068 0.065 0.002 0.001 0.143 0.000 0.002 0.000 0.051 0.000 

Locus 189 : 222347_17 
2 alleles
3.9% missing data
 120   (0.953) 0.998 0.999 0.997 0.999 0.997 1.000 0.995 0.954 0.999 0.999 0.891 1.000 0.999 1.000 0.964 1.000 
 100   (0.047) 0.002 0.001 0.003 0.001 0.003 0.000 0.005 0.046 0.001 0.001 0.109 0.000 0.001 0.000 0.036 0.000 

Locus 190 : 222896_46 
2 alleles
0.6% missing data
 110   (0.956) 0.998 0.999 0.997 0.999 0.997 1.000 0.995 0.957 0.999 1.000 0.944 1.000 0.999 1.000 0.966 1.000 
 130   (0.044) 0.002 0.001 0.003 0.001 0.003 0.000 0.005 0.043 0.001 0.000 0.056 0.000 0.001 0.000 0.034 0.000 

Locus 191 : 223181_12 
2 alleles
3.4% missing data
 120   (0.952) 0.998 0.999 0.997 0.999 0.997 1.000 0.994 0.953 0.999 1.000 0.722 1.000 0.999 1.000 0.964 1.000 
 100   (0.048) 0.002 0.001 0.003 0.001 0.003 0.000 0.006 0.047 0.001 0.000 0.278 0.000 0.001 0.000 0.036 0.000 

Locus 192 : 224649_57 
2 alleles
5.1% missing data
 100   (0.960) 0.998 0.998 0.997 0.999 0.997 1.000 0.994 0.960 0.976 0.999 0.997 1.000 0.999 1.000 0.967 1.000 
 110   (0.040) 0.002 0.002 0.003 0.001 0.003 0.000 0.006 0.040 0.024 0.001 0.003 0.000 0.001 0.000 0.033 0.000 

Locus 193 : 226245_11 
2 alleles
5.1% missing data
 130   (0.956) 0.998 0.909 0.997 0.999 0.997 1.000 0.994 0.957 0.999 0.999 0.997 1.000 0.999 1.000 0.967 1.000 
 110   (0.044) 0.002 0.091 0.003 0.001 0.003 0.000 0.006 0.043 0.001 0.001 0.003 0.000 0.001 0.000 0.033 0.000 

Locus 194 : 226342_59 
2 alleles
6.2% missing data
 120   (0.926) 0.996 0.997 0.994 0.998 0.994 0.999 0.989 0.927 0.965 0.997 0.911 0.997 0.996 0.998 0.940 0.997 
 100   (0.074) 0.004 0.003 0.006 0.002 0.006 0.001 0.011 0.073 0.035 0.003 0.089 0.003 0.004 0.002 0.060 0.003 

Locus 195 : 228970_13 
2 alleles
3.9% missing data
 120   (0.958) 0.998 0.998 0.956 0.999 0.997 1.000 0.995 0.959 0.999 0.999 0.997 1.000 0.999 1.000 0.968 1.000 
 100   (0.042) 0.002 0.002 0.044 0.001 0.003 0.000 0.005 0.041 0.001 0.001 0.003 0.000 0.001 0.000 0.032 0.000 

Locus 196 : 229097_27 
2 alleles
5.1% missing data
 130   (0.953) 0.998 0.999 0.996 0.999 0.997 1.000 0.994 0.953 0.999 1.000 0.791 1.000 0.999 1.000 0.964 1.000 
 110   (0.047) 0.002 0.001 0.004 0.001 0.003 0.000 0.006 0.047 0.001 0.000 0.209 0.000 0.001 0.000 0.036 0.000 

Locus 197 : 229177_29 
2 alleles
7.3% missing data
 130   (0.951) 0.993 0.998 0.996 0.999 0.996 0.999 0.994 0.952 0.998 0.998 0.996 0.998 0.802 0.999 0.961 0.988 
 110   (0.049) 0.007 0.002 0.004 0.001 0.004 0.001 0.006 0.048 0.002 0.002 0.004 0.002 0.198 0.001 0.039 0.012 

Locus 198 : 229612_7 
2 alleles
6.2% missing data
 100   (0.960) 0.998 0.999 0.997 0.998 0.986 1.000 0.994 0.959 0.999 1.000 0.997 1.000 0.999 1.000 0.966 1.000 
 120   (0.040) 0.002 0.001 0.003 0.002 0.014 0.000 0.006 0.041 0.001 0.000 0.003 0.000 0.001 0.000 0.034 0.000 

Locus 199 : 229936_67 
2 alleles
3.9% missing data
 120   (0.958) 0.998 0.981 0.997 0.998 0.997 0.981 0.994 0.958 0.999 0.982 0.997 1.000 0.998 0.994 0.922 1.000 
 100   (0.042) 0.002 0.019 0.003 0.002 0.003 0.019 0.006 0.042 0.001 0.018 0.003 0.000 0.002 0.006 0.078 0.000 

Locus 200 : 232937_62 
2 alleles
2.2% missing data
 100   (0.959) 0.998 0.999 0.997 0.999 0.997 1.000 0.995 0.958 0.999 1.000 0.997 1.000 0.990 1.000 0.966 1.000 
 120   (0.041) 0.002 0.001 0.003 0.001 0.003 0.000 0.005 0.042 0.001 0.000 0.003 0.000 0.010 0.000 0.034 0.000 

Locus 201 : 233194_6 
2 alleles
2.8% missing data
 120   (0.932) 0.997 0.998 0.995 0.999 0.996 0.999 0.992 0.933 0.962 0.999 0.664 1.000 0.998 1.000 0.948 1.000 
 100   (0.068) 0.003 0.002 0.005 0.001 0.004 0.001 0.008 0.067 0.038 0.001 0.336 0.000 0.002 0.000 0.052 0.000 

Locus 202 : 234346_33 
2 alleles
4.5% missing data
 110   (0.959) 0.999 0.999 0.997 0.999 0.997 1.000 0.995 0.959 0.811 1.000 0.997 1.000 0.999 1.000 0.969 1.000 
 130   (0.041) 0.001 0.001 0.003 0.001 0.003 0.000 0.005 0.041 0.189 0.000 0.003 0.000 0.001 0.000 0.031 0.000 

Locus 203 : 235241_77 
2 alleles
2.2% missing data
 130   (0.953) 0.998 0.999 0.997 0.999 0.997 1.000 0.994 0.954 0.999 1.000 0.838 1.000 0.999 1.000 0.964 1.000 
 100   (0.047) 0.002 0.001 0.003 0.001 0.003 0.000 0.006 0.046 0.001 0.000 0.162 0.000 0.001 0.000 0.036 0.000 

Locus 204 : 236207_44 
2 alleles
6.2% missing data
 120   (0.902) 0.996 0.760 0.961 0.998 0.993 0.728 0.869 0.903 0.997 0.999 0.992 1.000 0.998 1.000 0.923 1.000 
 100   (0.098) 0.004 0.240 0.039 0.002 0.007 0.272 0.131 0.097 0.003 0.001 0.008 0.000 0.002 0.000 0.077 0.000 

Locus 205 : 236307_12 
2 alleles
1.7% missing data
 130   (0.948) 0.998 0.998 0.990 0.547 0.996 0.999 0.993 0.949 0.998 0.959 0.996 1.000 0.999 1.000 0.953 1.000 
 110   (0.052) 0.002 0.002 0.010 0.453 0.004 0.001 0.007 0.051 0.002 0.041 0.004 0.000 0.001 0.000 0.047 0.000 

Locus 206 : 236931_45 
2 alleles
6.7% missing data
 120   (0.886) 0.995 0.991 0.700 0.997 0.701 0.999 0.449 0.887 0.997 0.998 0.992 0.999 0.997 1.000 0.911 0.999 
 100   (0.114) 0.005 0.009 0.300 0.003 0.299 0.001 0.551 0.113 0.003 0.002 0.008 0.001 0.003 0.000 0.089 0.001 

Locus 207 : 236999_38 
2 alleles
2.8% missing data
 120   (0.959) 0.998 0.999 0.997 0.999 0.997 1.000 0.995 0.959 0.999 1.000 0.945 1.000 0.999 1.000 0.969 1.000 
 100   (0.041) 0.002 0.001 0.003 0.001 0.003 0.000 0.005 0.041 0.001 0.000 0.055 0.000 0.001 0.000 0.031 0.000 

Locus 208 : 240398_42 
2 alleles
3.9% missing data
 110   (0.855) 0.994 0.995 0.888 0.543 0.809 0.999 0.440 0.854 0.996 0.997 0.989 0.999 0.996 0.999 0.883 0.999 
 130   (0.145) 0.006 0.005 0.112 0.457 0.191 0.001 0.560 0.146 0.004 0.003 0.011 0.001 0.004 0.001 0.117 0.001 

Locus 209 : 240825_22 
2 alleles
6.2% missing data
 130   (0.959) 0.993 0.996 0.997 0.998 0.997 0.998 0.992 0.959 0.999 0.993 0.997 1.000 0.995 0.999 0.961 0.999 
 110   (0.041) 0.007 0.004 0.003 0.002 0.003 0.002 0.008 0.041 0.001 0.007 0.003 0.000 0.005 0.001 0.039 0.001 

Locus 210 : 244435_48 
2 alleles
1.7% missing data
 110   (0.959) 0.998 0.908 0.997 0.999 0.997 1.000 0.995 0.959 0.999 1.000 0.997 1.000 0.999 1.000 0.969 1.000 
 130   (0.041) 0.002 0.092 0.003 0.001 0.003 0.000 0.005 0.041 0.001 0.000 0.003 0.000 0.001 0.000 0.031 0.000 

Locus 211 : 245971_21 
2 alleles
5.1% missing data
 130   (0.957) 0.998 0.999 0.997 0.999 0.997 1.000 0.995 0.957 0.999 1.000 0.914 1.000 0.999 1.000 0.967 1.000 
 120   (0.043) 0.002 0.001 0.003 0.001 0.003 0.000 0.005 0.043 0.001 0.000 0.086 0.000 0.001 0.000 0.033 0.000 

Locus 212 : 246895_22 
2 alleles
3.4% missing data
 120   (0.959) 0.998 0.998 0.997 0.993 0.997 1.000 0.995 0.958 0.999 0.998 0.997 1.000 0.999 1.000 0.957 1.000 
 110   (0.041) 0.002 0.002 0.003 0.007 0.003 0.000 0.005 0.042 0.001 0.002 0.003 0.000 0.001 0.000 0.043 0.000 

Locus 213 : 248131_26 
2 alleles
7.9% missing data
 130   (0.946) 0.953 0.995 0.994 0.998 0.979 0.999 0.991 0.946 0.998 0.998 0.996 0.999 0.997 0.998 0.954 0.999 
 110   (0.054) 0.047 0.005 0.006 0.002 0.021 0.001 0.009 0.054 0.002 0.002 0.004 0.001 0.003 0.002 0.046 0.001 

Locus 214 : 250844_49 
2 alleles
7.3% missing data
 130   (0.961) 0.998 0.999 0.997 0.999 0.984 1.000 0.995 0.959 0.999 1.000 0.997 1.000 0.999 1.000 0.965 1.000 
 100   (0.039) 0.002 0.001 0.003 0.001 0.016 0.000 0.005 0.041 0.001 0.000 0.003 0.000 0.001 0.000 0.035 0.000 

Locus 215 : 251283_19 
2 alleles
5.6% missing data
 120   (0.958) 0.998 0.999 0.997 0.999 0.998 1.000 0.827 0.959 0.999 1.000 0.997 1.000 0.999 1.000 0.969 1.000 
 100   (0.042) 0.002 0.001 0.003 0.001 0.002 0.000 0.173 0.041 0.001 0.000 0.003 0.000 0.001 0.000 0.031 0.000 

Locus 216 : 251358_15 
2 alleles
8.4% missing data
 110   (0.938) 0.997 0.946 0.995 0.999 0.810 0.999 0.990 0.938 0.998 0.999 0.995 0.999 0.998 1.000 0.951 1.000 
 120   (0.062) 0.003 0.054 0.005 0.001 0.190 0.001 0.010 0.062 0.002 0.001 0.005 0.001 0.002 0.000 0.049 0.000 

Locus 217 : 251901_42 
2 alleles
2.2% missing data
 120   (0.961) 0.982 0.997 0.997 0.999 0.998 1.000 0.995 0.960 0.999 0.999 0.997 1.000 0.999 1.000 0.962 1.000 
 100   (0.039) 0.018 0.003 0.003 0.001 0.002 0.000 0.005 0.040 0.001 0.001 0.003 0.000 0.001 0.000 0.038 0.000 

Locus 218 : 252158_43 
2 alleles
0.0% missing data
 120   (0.957) 0.998 0.999 0.997 0.999 0.998 1.000 0.995 0.958 0.999 1.000 0.918 1.000 0.999 1.000 0.968 1.000 
 100   (0.043) 0.002 0.001 0.003 0.001 0.002 0.000 0.005 0.042 0.001 0.000 0.082 0.000 0.001 0.000 0.032 0.000 

Locus 219 : 252988_16 
2 alleles
7.9% missing data
 110   (0.954) 0.715 0.998 0.997 0.999 0.996 1.000 0.994 0.954 0.999 0.999 0.996 0.999 0.999 0.999 0.964 1.000 
 100   (0.046) 0.285 0.002 0.003 0.001 0.004 0.000 0.006 0.046 0.001 0.001 0.004 0.001 0.001 0.001 0.036 0.000 

Locus 220 : 254425_88 
2 alleles
5.6% missing data
 130   (0.924) 0.997 0.998 0.995 0.998 0.995 0.999 0.990 0.925 0.879 0.999 0.771 1.000 0.997 1.000 0.943 1.000 
 110   (0.076) 0.003 0.002 0.005 0.002 0.005 0.001 0.010 0.075 0.121 0.001 0.229 0.000 0.003 0.000 0.057 0.000 

Locus 221 : 256337_57 
2 alleles
5.6% missing data
 110   (0.961) 0.998 0.999 0.997 0.999 0.997 1.000 0.928 0.961 0.999 1.000 0.997 1.000 0.999 1.000 0.969 1.000 
 130   (0.039) 0.002 0.001 0.003 0.001 0.003 0.000 0.072 0.039 0.001 0.000 0.003 0.000 0.001 0.000 0.031 0.000 

Locus 222 : 259058_15 
2 alleles
1.7% missing data
 120   (0.960) 0.999 0.999 0.997 0.999 0.997 1.000 0.995 0.961 0.869 1.000 0.997 1.000 0.999 1.000 0.970 1.000 
 100   (0.040) 0.001 0.001 0.003 0.001 0.003 0.000 0.005 0.039 0.131 0.000 0.003 0.000 0.001 0.000 0.030 0.000 

Locus 223 : 259869_81 
2 alleles
0.6% missing data
 120   (0.961) 0.999 0.999 0.997 0.999 0.998 1.000 0.995 0.961 0.939 1.000 0.997 1.000 0.999 1.000 0.971 1.000 
 130   (0.039) 0.001 0.001 0.003 0.001 0.002 0.000 0.005 0.039 0.061 0.000 0.003 0.000 0.001 0.000 0.029 0.000 

Locus 224 : 260700_55 
2 alleles
2.2% missing data
 130   (0.960) 0.994 0.998 0.997 0.999 0.997 1.000 0.994 0.960 0.998 0.999 0.997 1.000 0.975 1.000 0.967 0.999 
 110   (0.040) 0.006 0.002 0.003 0.001 0.003 0.000 0.006 0.040 0.002 0.001 0.003 0.000 0.025 0.000 0.033 0.001 

Locus 225 : 262223_11 
2 alleles
4.5% missing data
 130   (0.957) 0.998 0.999 0.996 0.999 0.998 1.000 0.995 0.958 0.999 1.000 0.997 1.000 0.850 1.000 0.967 1.000 
 100   (0.043) 0.002 0.001 0.004 0.001 0.002 0.000 0.005 0.042 0.001 0.000 0.003 0.000 0.150 0.000 0.033 0.000 

Locus 226 : 262346_48 
2 alleles
3.4% missing data
 130   (0.953) 0.998 0.999 0.997 0.999 0.997 1.000 0.407 0.953 0.999 1.000 0.996 1.000 0.999 1.000 0.964 1.000 
 110   (0.047) 0.002 0.001 0.003 0.001 0.003 0.000 0.593 0.047 0.001 0.000 0.004 0.000 0.001 0.000 0.036 0.000 

Locus 227 : 262620_18 
2 alleles
3.9% missing data
 110   (0.947) 0.997 0.993 0.995 0.990 0.994 0.995 0.990 0.945 0.998 0.989 0.995 0.999 0.997 0.995 0.951 0.998 
 130   (0.053) 0.003 0.007 0.005 0.010 0.006 0.005 0.010 0.055 0.002 0.011 0.005 0.001 0.003 0.005 0.049 0.002 

Locus 228 : 263002_42 
2 alleles
3.4% missing data
 120   (0.954) 0.998 0.999 0.996 0.999 0.843 1.000 0.994 0.955 0.999 0.999 0.996 1.000 0.999 1.000 0.965 1.000 
 100   (0.046) 0.002 0.001 0.004 0.001 0.157 0.000 0.006 0.045 0.001 0.001 0.004 0.000 0.001 0.000 0.035 0.000 

Locus 229 : 263813_70 
2 alleles
10.1% missing data
 130   (0.957) 0.998 0.999 0.997 0.999 0.997 1.000 0.994 0.958 0.934 1.000 0.997 1.000 0.999 1.000 0.968 1.000 
 110   (0.043) 0.002 0.001 0.003 0.001 0.003 0.000 0.006 0.042 0.066 0.000 0.003 0.000 0.001 0.000 0.032 0.000 

Locus 230 : 264184_13 
2 alleles
10.1% missing data
 110   (0.919) 0.842 0.845 0.994 0.998 0.995 0.999 0.944 0.919 0.998 0.999 0.993 1.000 0.998 1.000 0.932 1.000 
 130   (0.081) 0.158 0.155 0.006 0.002 0.005 0.001 0.056 0.081 0.002 0.001 0.007 0.000 0.002 0.000 0.068 0.000 

Values of parameters used in structure:
DATAFILE=C:\Users\jmahg\OneDrive\Desktop\Transfers\TrkNbr-1524n1282n1083_AllPops_Structure_p18_r080_LDnHWEx\project_data,	OUTFILE=C:\Users\jmahg\OneDrive\Desktop\Transfers\TrkNbr-1524n1282n1083_AllPops_Structure_p18_r080_LDnHWEx\BI50000_MCMC100000\Results\BI50000_MCMC100000_run_159,	NUMINDS=178,	NUMLOCI=230,	MISSING=0,	LABEL=1,	POPDATA=1,	POPFLAG=0,	PHENOTYPE=0,	EXTRACOLS=0,	MAXPOPS=16,	BURNIN=50000,	NUMREPS=100000,	USEPOPINFO=0,	INFERALPHA=1,	INFERLAMBDA=0,	POPSPECIFICLAMBDA=0,	POPALPHAS=0,	COMPUTEPROB=1,	NOADMIX=0,	ADMBURNIN=2500,	UPDATEFREQ=1,	PRINTLIKES=0,	INTERMEDSAVE=0,	PRINTKLD=0,	PRINTNET=0,	PRINTLAMBDA=0,	ANCESTDIST=0,	NUMBOXES=1000,	ANCESTPINT=0.90000,	GENSBACK=2,	MIGRPRIOR=0.05000,	PRINTQHAT=0,	PRINTQSUM=0,	ALPHA=1.0000,	FREQSCORR=1,	FPRIORMEAN=0.0100,	FPRIORSD=0.0500,	ONEFST=0,	LAMBDA=1.0000,	UNIFPRIORALPHA=1,	ALPHAMAX=10.0000,	ALPHAPRIORA=1.0000,	ALPHAPRIORB=2.0000,	ALPHAPROPSD=0.0250,	STARTATPOPINFO=0,	RANDOMIZE=1,	LINKAGE=0,	METROFREQ=10,	REPORTHITRATE=0,	MARKOVPHASE=-1,	PHASED=0,	PLOIDY=2,	PHASEINFO=0	LOCPRIOR=0, 	LOCPRIORINIT=1.000000, 	LOCDATA=0, 	LOCISPOP=0, 	LOCPRIORSTEP=0.100000, 	MAXLOCPRIOR=20.000000, 	SEED=1603028653,	
[STRAT parameters]:    NUMSIMSTATS=1000,	PHENOTYPECOL=-9,	POOLFREQ=10,	LOCUSxONLY=0,	EMERROR=0.00100,	MISSINGPHENO=-9,	