

----------------------------------------------------
STRUCTURE by Pritchard, Stephens and Donnelly (2000)
     and Falush, Stephens and Pritchard (2003)
       Code by Pritchard, Falush and Hubisz
             Version 2.3.4 (Jul 2012)
----------------------------------------------------



Command line arguments:   bin\structure -m C:\Users\jmahg\OneDrive\Desktop\Transfers\TrkNbr-1524n1282n1083_AllPops_Structure_p18_r080_LDnHWEx\BI50000_MCMC100000\mainparams -e C:\Users\jmahg\OneDrive\Desktop\Transfers\TrkNbr-1524n1282n1083_AllPops_Structure_p18_r080_LDnHWEx\BI50000_MCMC100000\extraparams 
Input File:    C:\Users\jmahg\OneDrive\Desktop\Transfers\TrkNbr-1524n1282n1083_AllPops_Structure_p18_r080_LDnHWEx\project_data

Run parameters:
   178 individuals
   230 loci
   17 populations assumed
   50000 Burn-in period
   100000 Reps


--------------------------------------------
Proportion of membership of each pre-defined
 population in each of the 17 clusters

Given    Inferred Clusters                                                                                                         Number of
 Pop       1      2      3      4      5      6      7      8      9     10     11     12     13     14     15     16     17      Individuals

  1:     0.010  0.220  0.002  0.025  0.005  0.010  0.007  0.031  0.007  0.028  0.013  0.008  0.020  0.006  0.011  0.026  0.571       10
  2:     0.005  0.063  0.002  0.062  0.021  0.514  0.019  0.062  0.032  0.053  0.007  0.019  0.016  0.006  0.016  0.063  0.039        8
  3:     0.005  0.024  0.002  0.115  0.003  0.012  0.011  0.062  0.021  0.096  0.006  0.009  0.007  0.008  0.508  0.093  0.016       10
  4:     0.020  0.027  0.002  0.101  0.009  0.070  0.007  0.071  0.403  0.095  0.021  0.009  0.015  0.009  0.020  0.094  0.030       10
  5:     0.004  0.008  0.883  0.013  0.003  0.007  0.003  0.009  0.005  0.014  0.004  0.003  0.004  0.010  0.007  0.016  0.007       10
  6:     0.005  0.031  0.003  0.151  0.004  0.017  0.003  0.083  0.007  0.146  0.007  0.005  0.006  0.010  0.355  0.139  0.027       10
  7:     0.005  0.683  0.002  0.039  0.003  0.018  0.003  0.058  0.006  0.046  0.004  0.007  0.006  0.006  0.011  0.043  0.059       10
  8:     0.047  0.063  0.002  0.077  0.020  0.238  0.030  0.074  0.034  0.061  0.058  0.038  0.045  0.010  0.036  0.066  0.101       10
  9:     0.005  0.128  0.002  0.190  0.003  0.023  0.003  0.149  0.007  0.187  0.005  0.005  0.004  0.010  0.020  0.194  0.065       10
 10:     0.006  0.030  0.002  0.169  0.004  0.020  0.003  0.098  0.008  0.339  0.006  0.004  0.005  0.011  0.027  0.245  0.022       10
 11:     0.013  0.020  0.002  0.074  0.008  0.029  0.021  0.049  0.012  0.061  0.540  0.017  0.035  0.007  0.013  0.065  0.035       10
 12:     0.106  0.018  0.002  0.054  0.006  0.059  0.005  0.032  0.013  0.041  0.478  0.006  0.057  0.008  0.016  0.049  0.049       10
 13:     0.818  0.015  0.002  0.020  0.006  0.010  0.008  0.015  0.007  0.020  0.009  0.010  0.009  0.006  0.010  0.023  0.010       10
 14:     0.005  0.013  0.009  0.055  0.003  0.010  0.004  0.035  0.007  0.047  0.005  0.005  0.005  0.717  0.015  0.052  0.012       10
 15:     0.005  0.014  0.007  0.036  0.003  0.010  0.004  0.020  0.006  0.038  0.004  0.005  0.005  0.761  0.031  0.040  0.011       10
 16:     0.007  0.044  0.002  0.102  0.013  0.037  0.022  0.073  0.361  0.057  0.013  0.038  0.033  0.009  0.032  0.105  0.051       10
 17:     0.022  0.027  0.002  0.059  0.536  0.042  0.008  0.034  0.022  0.039  0.048  0.011  0.013  0.008  0.016  0.061  0.050       10
 18:     0.004  0.012  0.837  0.025  0.003  0.009  0.004  0.015  0.006  0.023  0.004  0.004  0.004  0.009  0.010  0.022  0.009       10
--------------------------------------------

Allele-freq. divergence among pops (Net nucleotide distance),
computed using point estimates of P.

      1       2       3       4       5       6       7       8       9      10      11      12      13      14      15      16      17      
 1      -    0.0064  0.0115  0.0048  0.0101  0.0077  0.0043  0.0041  0.0092  0.0049  0.0047  0.0042  0.0040  0.0064  0.0059  0.0049  0.0060  
 2   0.0064     -    0.0089  0.0017  0.0096  0.0048  0.0035  0.0014  0.0065  0.0017  0.0044  0.0032  0.0030  0.0035  0.0030  0.0016  0.0011  
 3   0.0115  0.0089     -    0.0072  0.0148  0.0105  0.0058  0.0063  0.0117  0.0072  0.0096  0.0062  0.0064  0.0068  0.0079  0.0072  0.0090  
 4   0.0048  0.0017  0.0072     -    0.0082  0.0034  0.0026  0.0003  0.0047  0.0001  0.0028  0.0022  0.0020  0.0018  0.0012  0.0000  0.0019  
 5   0.0101  0.0096  0.0148  0.0082     -    0.0065  0.0068  0.0073  0.0122  0.0084  0.0077  0.0068  0.0067  0.0099  0.0093  0.0082  0.0092  
 6   0.0077  0.0048  0.0105  0.0034  0.0065     -    0.0045  0.0032  0.0080  0.0036  0.0050  0.0042  0.0040  0.0052  0.0047  0.0035  0.0049  
 7   0.0043  0.0035  0.0058  0.0026  0.0068  0.0045     -    0.0012  0.0054  0.0027  0.0027  0.0001  0.0002  0.0031  0.0031  0.0026  0.0029  
 8   0.0041  0.0014  0.0063  0.0003  0.0073  0.0032  0.0012     -    0.0044  0.0004  0.0022  0.0010  0.0008  0.0017  0.0013  0.0003  0.0014  
 9   0.0092  0.0065  0.0117  0.0047  0.0122  0.0080  0.0054  0.0044     -    0.0049  0.0066  0.0049  0.0048  0.0065  0.0055  0.0048  0.0064  
10   0.0049  0.0017  0.0072  0.0001  0.0084  0.0036  0.0027  0.0004  0.0049     -    0.0029  0.0024  0.0021  0.0018  0.0013  0.0000  0.0020  
11   0.0047  0.0044  0.0096  0.0028  0.0077  0.0050  0.0027  0.0022  0.0066  0.0029     -    0.0026  0.0021  0.0045  0.0040  0.0029  0.0035  
12   0.0042  0.0032  0.0062  0.0022  0.0068  0.0042  0.0001  0.0010  0.0049  0.0024  0.0026     -    0.0001  0.0030  0.0028  0.0023  0.0027  
13   0.0040  0.0030  0.0064  0.0020  0.0067  0.0040  0.0002  0.0008  0.0048  0.0021  0.0021  0.0001     -    0.0029  0.0027  0.0020  0.0022  
14   0.0064  0.0035  0.0068  0.0018  0.0099  0.0052  0.0031  0.0017  0.0065  0.0018  0.0045  0.0030  0.0029     -    0.0030  0.0018  0.0037  
15   0.0059  0.0030  0.0079  0.0012  0.0093  0.0047  0.0031  0.0013  0.0055  0.0013  0.0040  0.0028  0.0027  0.0030     -    0.0013  0.0032  
16   0.0049  0.0016  0.0072  0.0000  0.0082  0.0035  0.0026  0.0003  0.0048  0.0000  0.0029  0.0023  0.0020  0.0018  0.0013     -    0.0019  
17   0.0060  0.0011  0.0090  0.0019  0.0092  0.0049  0.0029  0.0014  0.0064  0.0020  0.0035  0.0027  0.0022  0.0037  0.0032  0.0019     -    

Average distances (expected heterozygosity) between individuals in same cluster:
cluster  1  : 0.0384 
cluster  2  : 0.0091 
cluster  3  : 0.0664 
cluster  4  : 0.0022 
cluster  5  : 0.0422 
cluster  6  : 0.0129 
cluster  7  : 0.0928 
cluster  8  : 0.0321 
cluster  9  : 0.0229 
cluster 10  : 0.0021 
cluster 11  : 0.0350 
cluster 12  : 0.0845 
cluster 13  : 0.0758 
cluster 14  : 0.0235 
cluster 15  : 0.0147 
cluster 16  : 0.0022 
cluster 17  : 0.0176 

--------------------------------------------
Estimated Ln Prob of Data   = -3786.4
Mean value of ln likelihood = -3262.8
Variance of ln likelihood   = 1047.2
Mean value of alpha         = 0.0348

Mean value of Fst_1         = 0.4223
Mean value of Fst_2         = 0.8254
Mean value of Fst_3         = 0.2642
Mean value of Fst_4         = 0.9249
Mean value of Fst_5         = 0.4294
Mean value of Fst_6         = 0.7685
Mean value of Fst_7         = 0.0004
Mean value of Fst_8         = 0.6275
Mean value of Fst_9         = 0.5944
Mean value of Fst_10         = 0.9328
Mean value of Fst_11         = 0.4165
Mean value of Fst_12         = 0.1080
Mean value of Fst_13         = 0.1962
Mean value of Fst_14         = 0.5303
Mean value of Fst_15         = 0.6862
Mean value of Fst_16         = 0.9394
Mean value of Fst_17         = 0.6512


Inferred ancestry of individuals:
        Label (%Miss) Pop:  Inferred clusters
  1 TGCP_WM1    (0)    1 :  0.006 0.118 0.002 0.036 0.004 0.008 0.009 0.031 0.007 0.026 0.010 0.008 0.026 0.008 0.015 0.039 0.646 
  2 TGCP_WM10    (1)    1 :  0.004 0.171 0.002 0.067 0.004 0.019 0.002 0.079 0.006 0.087 0.011 0.006 0.020 0.008 0.023 0.073 0.416 
  3 TGCP_WM2    (0)    1 :  0.005 0.323 0.002 0.029 0.007 0.009 0.031 0.051 0.007 0.025 0.007 0.027 0.022 0.005 0.012 0.022 0.415 
  4 TGCP_WM3    (1)    1 :  0.005 0.197 0.002 0.026 0.004 0.008 0.002 0.025 0.005 0.029 0.008 0.003 0.007 0.007 0.011 0.020 0.641 
  5 TGCP_WM4    (0)    1 :  0.004 0.119 0.002 0.014 0.003 0.009 0.005 0.018 0.008 0.014 0.045 0.005 0.024 0.007 0.008 0.022 0.695 
  6 TGCP_WM5    (0)    1 :  0.009 0.082 0.002 0.021 0.004 0.009 0.006 0.026 0.005 0.026 0.007 0.012 0.073 0.005 0.006 0.015 0.694 
  7 TGCP_WM6    (0)    1 :  0.011 0.184 0.002 0.017 0.003 0.007 0.002 0.017 0.010 0.022 0.009 0.005 0.010 0.006 0.010 0.019 0.668 
  8 TGCP_WM7    (0)    1 :  0.025 0.667 0.002 0.024 0.011 0.016 0.005 0.040 0.016 0.033 0.005 0.005 0.004 0.007 0.014 0.030 0.094 
  9 TGCP_WM8    (0)    1 :  0.031 0.176 0.002 0.010 0.003 0.005 0.003 0.017 0.004 0.016 0.020 0.004 0.008 0.005 0.009 0.012 0.676 
 10 TGCP_WM9    (0)    1 :  0.004 0.160 0.002 0.006 0.003 0.005 0.003 0.007 0.004 0.006 0.003 0.003 0.009 0.003 0.004 0.009 0.769 
 11 MRLP_WM123    (3)    2 :  0.005 0.023 0.002 0.023 0.006 0.590 0.080 0.040 0.023 0.009 0.010 0.077 0.049 0.006 0.010 0.021 0.026 
 12 MRLP_WM124    (4)    2 :  0.005 0.013 0.002 0.044 0.021 0.760 0.002 0.027 0.007 0.039 0.006 0.003 0.002 0.008 0.017 0.035 0.008 
 13 MRLP_WM125    (1)    2 :  0.009 0.038 0.002 0.018 0.066 0.580 0.059 0.048 0.007 0.017 0.007 0.040 0.048 0.007 0.008 0.023 0.024 
 14 MRLP_WM126    (2)    2 :  0.004 0.029 0.002 0.266 0.003 0.016 0.002 0.156 0.006 0.193 0.006 0.002 0.004 0.009 0.027 0.255 0.021 
 15 MRLP_WM127    (3)    2 :  0.007 0.256 0.003 0.092 0.030 0.034 0.006 0.139 0.011 0.116 0.007 0.016 0.011 0.005 0.019 0.115 0.134 
 16 MRLP_WM128    (3)    2 :  0.003 0.005 0.001 0.016 0.039 0.878 0.002 0.010 0.003 0.011 0.004 0.002 0.002 0.003 0.006 0.008 0.006 
 17 MRLP_WM129    (7)    2 :  0.004 0.062 0.002 0.015 0.004 0.550 0.003 0.035 0.187 0.021 0.010 0.008 0.012 0.004 0.033 0.014 0.038 
 18 MRLP_WM130    (5)    2 :  0.004 0.081 0.002 0.021 0.002 0.705 0.002 0.044 0.007 0.020 0.005 0.004 0.003 0.005 0.009 0.035 0.050 
 19 STT_WM183    (2)    3 :  0.005 0.020 0.002 0.040 0.004 0.008 0.080 0.043 0.006 0.037 0.020 0.051 0.033 0.007 0.598 0.031 0.015 
 20 STT_WM184    (3)    3 :  0.008 0.017 0.003 0.104 0.004 0.012 0.009 0.025 0.052 0.059 0.005 0.012 0.006 0.010 0.619 0.043 0.011 
 21 STT_WM185   (15)    3 :  0.004 0.063 0.003 0.242 0.005 0.031 0.002 0.141 0.007 0.222 0.005 0.003 0.003 0.010 0.028 0.194 0.037 
 22 STT_WM186   (13)    3 :  0.005 0.038 0.002 0.239 0.004 0.019 0.002 0.137 0.010 0.232 0.006 0.003 0.004 0.007 0.029 0.237 0.026 
 23 STT_WM187   (13)    3 :  0.009 0.011 0.002 0.026 0.003 0.011 0.002 0.019 0.004 0.028 0.005 0.003 0.003 0.007 0.833 0.026 0.008 
 24 STT_WM188    (3)    3 :  0.004 0.006 0.002 0.011 0.003 0.005 0.003 0.006 0.004 0.012 0.005 0.002 0.003 0.005 0.910 0.011 0.007 
 25 STT_WM189    (0)    3 :  0.004 0.032 0.002 0.267 0.003 0.011 0.002 0.162 0.005 0.233 0.005 0.002 0.004 0.010 0.022 0.219 0.018 
 26 STT_WM190   (11)    3 :  0.004 0.012 0.002 0.032 0.003 0.006 0.002 0.007 0.005 0.014 0.004 0.002 0.003 0.008 0.870 0.018 0.008 
 27 STT_WM191    (7)    3 :  0.005 0.029 0.002 0.160 0.004 0.014 0.003 0.068 0.012 0.106 0.006 0.004 0.006 0.010 0.415 0.140 0.018 
 28 STT_WM192   (12)    3 :  0.004 0.009 0.002 0.027 0.003 0.006 0.006 0.010 0.107 0.015 0.004 0.008 0.006 0.008 0.762 0.014 0.006 
 29 FSSP_WM241    (3)    4 :  0.030 0.037 0.002 0.139 0.014 0.100 0.009 0.099 0.110 0.161 0.020 0.010 0.025 0.011 0.023 0.135 0.074 
 30 FSSP_WM242   (15)    4 :  0.006 0.032 0.002 0.262 0.003 0.014 0.002 0.142 0.009 0.240 0.006 0.005 0.005 0.010 0.023 0.215 0.023 
 31 FSSP_WM243    (6)    4 :  0.006 0.008 0.002 0.014 0.003 0.006 0.011 0.009 0.873 0.012 0.006 0.011 0.008 0.004 0.008 0.011 0.006 
 32 FSSP_WM244    (5)    4 :  0.094 0.058 0.002 0.086 0.029 0.259 0.006 0.081 0.027 0.092 0.033 0.010 0.033 0.012 0.015 0.098 0.064 
 33 FSSP_WM245   (10)    4 :  0.005 0.028 0.002 0.134 0.003 0.019 0.003 0.088 0.255 0.173 0.006 0.004 0.005 0.011 0.037 0.195 0.033 
 34 FSSP_WM246    (6)    4 :  0.008 0.042 0.003 0.225 0.005 0.042 0.006 0.162 0.065 0.152 0.013 0.008 0.011 0.018 0.036 0.165 0.037 
 35 FSSP_WM247    (3)    4 :  0.024 0.012 0.002 0.014 0.009 0.012 0.007 0.018 0.802 0.020 0.011 0.009 0.012 0.006 0.009 0.020 0.013 
 36 FSSP_WM248    (9)    4 :  0.017 0.011 0.002 0.014 0.004 0.008 0.003 0.017 0.849 0.015 0.015 0.003 0.006 0.006 0.007 0.015 0.009 
 37 FSSP_WM249    (6)    4 :  0.007 0.020 0.004 0.027 0.004 0.014 0.005 0.021 0.723 0.045 0.028 0.005 0.022 0.008 0.018 0.040 0.011 
 38 FSSP_WM250    (2)    4 :  0.006 0.017 0.002 0.097 0.011 0.221 0.017 0.067 0.312 0.036 0.071 0.020 0.020 0.010 0.020 0.044 0.028 
 39 HNL_WM301    (3)    5 :  0.004 0.006 0.902 0.009 0.003 0.007 0.003 0.007 0.003 0.014 0.003 0.003 0.003 0.008 0.006 0.011 0.006 
 40 HNL_WM302    (2)    5 :  0.003 0.004 0.938 0.008 0.003 0.003 0.002 0.004 0.004 0.005 0.002 0.002 0.002 0.005 0.004 0.006 0.004 
 41 HNL_WM303    (2)    5 :  0.005 0.008 0.873 0.014 0.004 0.007 0.003 0.010 0.005 0.018 0.005 0.003 0.003 0.008 0.009 0.018 0.008 
 42 HNL_WM304    (3)    5 :  0.006 0.015 0.812 0.020 0.004 0.014 0.002 0.014 0.006 0.022 0.005 0.003 0.004 0.019 0.011 0.032 0.012 
 43 HNL_WM305    (3)    5 :  0.005 0.005 0.919 0.007 0.003 0.004 0.005 0.008 0.003 0.010 0.003 0.003 0.004 0.005 0.004 0.007 0.004 
 44 HNL_WM306    (0)    5 :  0.004 0.006 0.920 0.007 0.003 0.004 0.004 0.005 0.003 0.007 0.003 0.004 0.003 0.007 0.005 0.008 0.005 
 45 HNL_WM307    (3)    5 :  0.003 0.008 0.905 0.013 0.004 0.004 0.002 0.007 0.004 0.009 0.003 0.003 0.003 0.005 0.006 0.014 0.006 
 46 HNL_WM308    (3)    5 :  0.003 0.006 0.886 0.016 0.003 0.006 0.003 0.008 0.004 0.013 0.003 0.003 0.003 0.012 0.009 0.015 0.007 
 47 HNL_WM309    (0)    5 :  0.006 0.010 0.819 0.022 0.005 0.010 0.008 0.012 0.006 0.025 0.006 0.006 0.008 0.018 0.006 0.026 0.008 
 48 HNL_WM310   (10)    5 :  0.005 0.013 0.860 0.019 0.002 0.009 0.002 0.010 0.007 0.016 0.005 0.002 0.002 0.010 0.008 0.022 0.008 
 49 MPO_WM482    (2)    6 :  0.004 0.011 0.005 0.021 0.002 0.006 0.003 0.010 0.004 0.027 0.003 0.004 0.004 0.005 0.864 0.019 0.008 
 50 MPO_WM483    (3)    6 :  0.005 0.027 0.002 0.198 0.004 0.018 0.004 0.068 0.008 0.183 0.006 0.008 0.005 0.008 0.249 0.170 0.036 
 51 MPO_WM484    (1)    6 :  0.005 0.037 0.002 0.117 0.004 0.012 0.002 0.092 0.006 0.097 0.005 0.003 0.003 0.010 0.508 0.076 0.021 
 52 MPO_WM485    (0)    6 :  0.004 0.027 0.002 0.077 0.003 0.007 0.006 0.032 0.007 0.052 0.005 0.015 0.011 0.006 0.679 0.043 0.023 
 53 MPO_WM486   (21)    6 :  0.007 0.062 0.002 0.254 0.004 0.025 0.002 0.130 0.013 0.219 0.008 0.003 0.005 0.015 0.026 0.196 0.028 
 54 MPO_WM487   (19)    6 :  0.006 0.037 0.002 0.146 0.005 0.018 0.003 0.056 0.009 0.120 0.008 0.004 0.006 0.019 0.410 0.128 0.023 
 55 MPO_WM488    (9)    6 :  0.004 0.028 0.002 0.214 0.003 0.016 0.001 0.129 0.006 0.271 0.005 0.002 0.004 0.009 0.025 0.259 0.020 
 56 MPO_WM489    (3)    6 :  0.005 0.026 0.004 0.016 0.006 0.021 0.005 0.020 0.004 0.027 0.018 0.007 0.013 0.006 0.724 0.027 0.073 
 57 MPO_WM490   (24)    6 :  0.007 0.034 0.003 0.248 0.006 0.026 0.002 0.147 0.007 0.209 0.007 0.003 0.004 0.012 0.043 0.224 0.019 
 58 MPO_WM491   (11)    6 :  0.005 0.024 0.003 0.222 0.003 0.020 0.002 0.144 0.009 0.259 0.007 0.003 0.004 0.010 0.020 0.249 0.017 
 59 OICP_WM541    (1)    7 :  0.005 0.883 0.002 0.010 0.003 0.007 0.002 0.013 0.004 0.016 0.004 0.002 0.003 0.006 0.006 0.022 0.013 
 60 OICP_WM542    (2)    7 :  0.003 0.873 0.002 0.019 0.002 0.006 0.002 0.013 0.006 0.023 0.004 0.002 0.003 0.004 0.006 0.022 0.010 
 61 OICP_WM543    (0)    7 :  0.004 0.881 0.002 0.017 0.002 0.006 0.002 0.008 0.006 0.019 0.004 0.002 0.002 0.005 0.005 0.018 0.017 
 62 OICP_WM544    (1)    7 :  0.009 0.204 0.002 0.060 0.006 0.073 0.013 0.119 0.011 0.061 0.005 0.042 0.035 0.008 0.028 0.053 0.271 
 63 OICP_WM545    (0)    7 :  0.004 0.782 0.002 0.027 0.003 0.011 0.002 0.031 0.006 0.036 0.005 0.003 0.003 0.007 0.008 0.040 0.030 
 64 OICP_WM546    (3)    7 :  0.005 0.317 0.002 0.089 0.003 0.031 0.002 0.161 0.007 0.127 0.005 0.008 0.003 0.007 0.013 0.116 0.104 
 65 OICP_WM547    (2)    7 :  0.004 0.251 0.002 0.115 0.003 0.026 0.002 0.193 0.007 0.131 0.005 0.006 0.005 0.007 0.017 0.115 0.112 
 66 OICP_WM548    (3)    7 :  0.004 0.884 0.002 0.017 0.002 0.005 0.002 0.019 0.005 0.015 0.003 0.002 0.002 0.006 0.008 0.012 0.012 
 67 OICP_WM549    (0)    7 :  0.003 0.899 0.002 0.013 0.003 0.006 0.002 0.008 0.005 0.014 0.003 0.002 0.003 0.004 0.006 0.013 0.014 
 68 OICP_WM550    (1)    7 :  0.004 0.859 0.002 0.026 0.002 0.007 0.002 0.020 0.005 0.023 0.004 0.002 0.004 0.005 0.009 0.019 0.009 
 69 IRO_WM601    (2)    8 :  0.048 0.101 0.003 0.057 0.004 0.042 0.007 0.079 0.035 0.046 0.081 0.017 0.078 0.010 0.019 0.040 0.333 
 70 IRO_WM602    (1)    8 :  0.007 0.227 0.002 0.112 0.005 0.048 0.009 0.163 0.008 0.089 0.011 0.026 0.008 0.009 0.020 0.101 0.153 
 71 IRO_WM603    (2)    8 :  0.268 0.019 0.002 0.044 0.004 0.017 0.019 0.057 0.028 0.026 0.232 0.033 0.091 0.007 0.018 0.024 0.111 
 72 IRO_WM604    (0)    8 :  0.010 0.011 0.002 0.026 0.021 0.574 0.109 0.037 0.005 0.018 0.006 0.083 0.046 0.007 0.009 0.025 0.010 
 73 IRO_WM605    (3)    8 :  0.005 0.021 0.002 0.012 0.041 0.632 0.002 0.014 0.005 0.016 0.031 0.005 0.026 0.007 0.012 0.017 0.151 
 74 IRO_WM606    (3)    8 :  0.007 0.017 0.002 0.069 0.038 0.646 0.004 0.029 0.010 0.056 0.010 0.007 0.007 0.010 0.022 0.053 0.014 
 75 IRO_WM607    (2)    8 :  0.005 0.050 0.003 0.150 0.021 0.242 0.010 0.074 0.069 0.059 0.087 0.026 0.021 0.010 0.024 0.100 0.052 
 76 IRO_WM608    (0)    8 :  0.017 0.123 0.003 0.071 0.010 0.035 0.060 0.110 0.029 0.064 0.075 0.093 0.095 0.010 0.022 0.045 0.138 
 77 IRO_WM609    (0)    8 :  0.038 0.040 0.002 0.121 0.016 0.106 0.065 0.128 0.009 0.132 0.034 0.059 0.064 0.012 0.016 0.125 0.034 
 78 IRO_WM610   (13)    8 :  0.069 0.023 0.003 0.109 0.041 0.037 0.013 0.044 0.144 0.102 0.008 0.030 0.014 0.016 0.203 0.125 0.016 
 79 HGRF_WM661    (5)    9 :  0.006 0.252 0.002 0.102 0.003 0.036 0.002 0.164 0.007 0.130 0.005 0.010 0.004 0.008 0.020 0.134 0.114 
 80 HGRF_WM662    (5)    9 :  0.004 0.038 0.002 0.291 0.003 0.017 0.002 0.157 0.007 0.210 0.005 0.003 0.002 0.012 0.027 0.204 0.018 
 81 HGRF_WM663    (4)    9 :  0.005 0.252 0.002 0.113 0.003 0.038 0.002 0.152 0.007 0.132 0.004 0.006 0.005 0.009 0.014 0.159 0.096 
 82 HGRF_WM664    (3)    9 :  0.004 0.071 0.002 0.219 0.003 0.013 0.002 0.161 0.008 0.202 0.006 0.004 0.005 0.009 0.023 0.230 0.038 
 83 HGRF_WM665    (1)    9 :  0.007 0.224 0.003 0.114 0.004 0.036 0.009 0.163 0.010 0.096 0.009 0.008 0.009 0.012 0.018 0.126 0.151 
 84 HGRF_WM666    (5)    9 :  0.005 0.039 0.002 0.247 0.003 0.014 0.002 0.136 0.006 0.266 0.003 0.002 0.003 0.012 0.019 0.224 0.016 
 85 HGRF_WM667    (0)    9 :  0.005 0.036 0.002 0.280 0.003 0.017 0.002 0.120 0.007 0.239 0.004 0.002 0.002 0.007 0.021 0.233 0.019 
 86 HGRF_WM668    (4)    9 :  0.005 0.269 0.002 0.103 0.003 0.027 0.002 0.164 0.006 0.124 0.005 0.008 0.004 0.008 0.011 0.131 0.129 
 87 HGRF_WM669    (5)    9 :  0.004 0.028 0.002 0.232 0.003 0.013 0.002 0.132 0.005 0.259 0.005 0.002 0.004 0.009 0.025 0.257 0.019 
 88 HGRF_WM670    (9)    9 :  0.005 0.069 0.003 0.197 0.003 0.015 0.002 0.143 0.008 0.213 0.007 0.004 0.004 0.011 0.023 0.244 0.049 
 89 PTP_WM721    (2)   10 :  0.008 0.041 0.003 0.200 0.007 0.023 0.009 0.157 0.009 0.220 0.008 0.010 0.010 0.011 0.051 0.189 0.045 
 90 PTP_WM722    (2)   10 :  0.007 0.009 0.003 0.043 0.004 0.012 0.010 0.019 0.008 0.581 0.009 0.012 0.010 0.015 0.014 0.235 0.009 
 91 PTP_WM723   (25)   10 :  0.005 0.061 0.003 0.231 0.004 0.035 0.002 0.111 0.007 0.254 0.006 0.003 0.004 0.013 0.029 0.209 0.023 
 92 PTP_WM724   (13)   10 :  0.006 0.032 0.002 0.236 0.003 0.017 0.002 0.137 0.006 0.217 0.007 0.003 0.005 0.013 0.035 0.254 0.024 
 93 PTP_WM725   (25)   10 :  0.006 0.031 0.003 0.236 0.003 0.015 0.002 0.121 0.018 0.222 0.008 0.004 0.005 0.021 0.042 0.232 0.032 
 94 PTP_WM726   (13)   10 :  0.006 0.039 0.002 0.228 0.004 0.020 0.002 0.145 0.008 0.192 0.007 0.003 0.003 0.011 0.032 0.274 0.024 
 95 PTP_WM727   (10)   10 :  0.005 0.030 0.002 0.213 0.003 0.030 0.002 0.133 0.007 0.243 0.005 0.002 0.003 0.009 0.029 0.257 0.027 
 96 PTP_WM728    (8)   10 :  0.006 0.035 0.002 0.259 0.003 0.014 0.002 0.128 0.006 0.223 0.005 0.002 0.004 0.009 0.024 0.258 0.021 
 97 PTP_WM729    (9)   10 :  0.005 0.012 0.002 0.035 0.003 0.012 0.002 0.013 0.005 0.604 0.004 0.002 0.004 0.005 0.009 0.273 0.009 
 98 PTP_WM730    (8)   10 :  0.003 0.009 0.002 0.013 0.003 0.020 0.002 0.012 0.007 0.635 0.003 0.002 0.002 0.004 0.009 0.268 0.006 
 99 RRL_WM782    (9)   11 :  0.005 0.036 0.003 0.251 0.004 0.021 0.002 0.160 0.006 0.206 0.006 0.002 0.002 0.009 0.027 0.238 0.023 
100 RRL_WM783    (8)   11 :  0.026 0.012 0.002 0.015 0.006 0.011 0.003 0.011 0.014 0.016 0.683 0.004 0.119 0.005 0.013 0.015 0.046 
101 RRL_WM784    (1)   11 :  0.029 0.013 0.003 0.041 0.011 0.022 0.003 0.021 0.006 0.037 0.733 0.005 0.009 0.007 0.013 0.034 0.013 
102 RRL_WM785    (1)   11 :  0.005 0.036 0.002 0.270 0.003 0.014 0.002 0.141 0.007 0.223 0.005 0.002 0.003 0.010 0.022 0.229 0.026 
103 RRL_WM786    (2)   11 :  0.006 0.007 0.003 0.011 0.021 0.056 0.005 0.006 0.021 0.013 0.751 0.004 0.056 0.006 0.007 0.012 0.013 
104 RRL_WM787    (3)   11 :  0.010 0.053 0.002 0.030 0.008 0.013 0.009 0.029 0.010 0.014 0.645 0.010 0.023 0.007 0.009 0.021 0.108 
105 RRL_WM788    (0)   11 :  0.012 0.004 0.002 0.008 0.003 0.004 0.093 0.016 0.011 0.007 0.708 0.074 0.038 0.003 0.004 0.006 0.006 
106 RRL_WM789    (2)   11 :  0.026 0.006 0.002 0.007 0.004 0.008 0.004 0.007 0.004 0.012 0.860 0.003 0.009 0.004 0.006 0.009 0.030 
107 RRL_WM790    (0)   11 :  0.006 0.010 0.002 0.025 0.018 0.123 0.082 0.052 0.008 0.039 0.437 0.058 0.074 0.010 0.010 0.032 0.013 
108 RRL_WM791    (0)   11 :  0.006 0.020 0.002 0.080 0.004 0.015 0.011 0.043 0.027 0.042 0.572 0.011 0.014 0.008 0.020 0.052 0.072 
109 RRO_WM842    (0)   12 :  0.011 0.008 0.002 0.030 0.011 0.068 0.005 0.017 0.012 0.024 0.653 0.007 0.094 0.007 0.008 0.024 0.020 
110 RRO_WM843    (7)   12 :  0.318 0.011 0.003 0.018 0.007 0.031 0.012 0.015 0.006 0.022 0.404 0.013 0.082 0.010 0.011 0.020 0.016 
111 RRO_WM844    (2)   12 :  0.360 0.017 0.002 0.067 0.009 0.316 0.003 0.036 0.007 0.036 0.040 0.003 0.005 0.010 0.018 0.060 0.013 
112 RRO_WM845    (4)   12 :  0.090 0.009 0.002 0.012 0.003 0.007 0.002 0.008 0.004 0.012 0.810 0.002 0.005 0.005 0.009 0.013 0.007 
113 RRO_WM846   (10)   12 :  0.037 0.021 0.003 0.048 0.006 0.015 0.004 0.037 0.012 0.051 0.624 0.006 0.038 0.012 0.021 0.049 0.016 
114 RRO_WM847    (6)   12 :  0.112 0.016 0.002 0.041 0.012 0.085 0.005 0.030 0.010 0.023 0.475 0.006 0.098 0.007 0.009 0.033 0.037 
115 RRO_WM848    (4)   12 :  0.026 0.023 0.003 0.141 0.004 0.020 0.011 0.065 0.055 0.107 0.305 0.009 0.014 0.011 0.038 0.129 0.042 
116 RRO_WM849    (5)   12 :  0.020 0.029 0.002 0.020 0.005 0.011 0.003 0.020 0.010 0.023 0.393 0.005 0.105 0.007 0.010 0.029 0.308 
117 RRO_WM850    (2)   12 :  0.006 0.018 0.002 0.032 0.004 0.016 0.003 0.033 0.004 0.028 0.737 0.003 0.048 0.007 0.015 0.029 0.013 
118 RRO_WM851    (1)   12 :  0.077 0.032 0.002 0.134 0.004 0.019 0.004 0.053 0.008 0.081 0.336 0.004 0.086 0.007 0.023 0.109 0.020 
119 CPS_WM901    (2)   13 :  0.865 0.009 0.002 0.017 0.004 0.017 0.003 0.008 0.005 0.013 0.017 0.003 0.007 0.006 0.005 0.015 0.006 
120 CPS_WM902    (2)   13 :  0.828 0.055 0.002 0.009 0.011 0.005 0.002 0.008 0.005 0.010 0.007 0.004 0.003 0.005 0.008 0.016 0.022 
121 CPS_WM903    (5)   13 :  0.912 0.006 0.002 0.008 0.006 0.011 0.002 0.005 0.004 0.007 0.011 0.003 0.003 0.004 0.004 0.007 0.005 
122 CPS_WM904    (1)   13 :  0.819 0.008 0.002 0.013 0.015 0.007 0.024 0.016 0.006 0.014 0.012 0.021 0.012 0.006 0.009 0.009 0.005 
123 CPS_WM905    (2)   13 :  0.776 0.007 0.002 0.010 0.007 0.004 0.026 0.016 0.022 0.013 0.008 0.048 0.028 0.005 0.013 0.009 0.006 
124 CPS_WM906    (3)   13 :  0.868 0.008 0.002 0.013 0.003 0.007 0.002 0.015 0.005 0.017 0.007 0.003 0.011 0.006 0.009 0.014 0.013 
125 CPS_WM907    (6)   13 :  0.736 0.016 0.003 0.048 0.003 0.018 0.002 0.022 0.007 0.037 0.008 0.003 0.003 0.006 0.019 0.056 0.013 
126 CPS_WM908    (3)   13 :  0.712 0.019 0.003 0.045 0.006 0.015 0.006 0.026 0.007 0.049 0.008 0.005 0.009 0.011 0.019 0.051 0.011 
127 CPS_WM909    (2)   13 :  0.802 0.018 0.002 0.023 0.006 0.009 0.003 0.018 0.009 0.030 0.007 0.003 0.006 0.007 0.010 0.036 0.013 
128 CPS_WM910    (1)   13 :  0.861 0.009 0.002 0.015 0.003 0.008 0.009 0.013 0.005 0.015 0.007 0.008 0.009 0.008 0.006 0.015 0.008 
129 PPNP_WM962    (1)   14 :  0.003 0.005 0.005 0.006 0.003 0.006 0.004 0.011 0.004 0.009 0.003 0.003 0.003 0.915 0.003 0.009 0.006 
130 PPNP_WM963    (0)   14 :  0.006 0.015 0.012 0.067 0.004 0.012 0.008 0.036 0.008 0.050 0.005 0.012 0.008 0.674 0.015 0.054 0.014 
131 PPNP_WM964    (0)   14 :  0.005 0.008 0.045 0.015 0.003 0.007 0.009 0.016 0.004 0.011 0.004 0.009 0.018 0.822 0.008 0.010 0.007 
132 PPNP_WM965    (4)   14 :  0.005 0.013 0.002 0.022 0.003 0.007 0.002 0.009 0.006 0.019 0.005 0.003 0.002 0.857 0.011 0.023 0.012 
133 PPNP_WM966    (4)   14 :  0.003 0.007 0.002 0.011 0.003 0.004 0.001 0.005 0.003 0.013 0.004 0.002 0.002 0.916 0.006 0.011 0.005 
134 PPNP_WM967    (4)   14 :  0.006 0.014 0.002 0.050 0.004 0.012 0.002 0.041 0.006 0.050 0.006 0.003 0.003 0.723 0.016 0.047 0.014 
135 PPNP_WM968    (5)   14 :  0.006 0.027 0.012 0.217 0.004 0.015 0.008 0.142 0.015 0.170 0.010 0.007 0.008 0.093 0.041 0.202 0.026 
136 PPNP_WM969    (2)   14 :  0.005 0.009 0.002 0.031 0.004 0.016 0.001 0.037 0.006 0.050 0.005 0.003 0.003 0.752 0.017 0.050 0.011 
137 PPNP_WM970    (2)   14 :  0.004 0.021 0.004 0.072 0.003 0.009 0.003 0.024 0.005 0.052 0.004 0.004 0.006 0.689 0.016 0.066 0.015 
138 PPNP_WM971    (2)   14 :  0.004 0.014 0.003 0.063 0.003 0.010 0.002 0.031 0.009 0.048 0.003 0.003 0.002 0.725 0.017 0.053 0.012 
139 FPPI_WM1021    (4)   15 :  0.005 0.016 0.003 0.023 0.005 0.012 0.009 0.017 0.005 0.028 0.003 0.010 0.008 0.802 0.014 0.028 0.012 
140 FPPI_WM1022    (4)   15 :  0.005 0.015 0.022 0.044 0.004 0.012 0.006 0.029 0.007 0.053 0.006 0.008 0.006 0.521 0.202 0.051 0.010 
141 FPPI_WM1023    (1)   15 :  0.005 0.019 0.005 0.036 0.003 0.012 0.002 0.022 0.006 0.026 0.004 0.002 0.004 0.808 0.010 0.025 0.010 
142 FPPI_WM1024    (5)   15 :  0.005 0.018 0.002 0.039 0.003 0.012 0.003 0.021 0.006 0.057 0.005 0.002 0.003 0.741 0.017 0.053 0.013 
143 FPPI_WM1025    (6)   15 :  0.007 0.020 0.004 0.040 0.003 0.012 0.002 0.024 0.007 0.033 0.005 0.004 0.004 0.733 0.017 0.062 0.024 
144 FPPI_WM1026    (1)   15 :  0.004 0.005 0.002 0.011 0.003 0.007 0.002 0.008 0.004 0.009 0.003 0.003 0.002 0.915 0.007 0.010 0.004 
145 FPPI_WM1027    (3)   15 :  0.004 0.004 0.001 0.010 0.002 0.004 0.002 0.007 0.004 0.009 0.003 0.002 0.002 0.925 0.005 0.010 0.005 
146 FPPI_WM1028    (2)   15 :  0.004 0.008 0.007 0.029 0.003 0.006 0.002 0.016 0.005 0.022 0.004 0.003 0.002 0.859 0.008 0.016 0.007 
147 FPPI_WM1029    (3)   15 :  0.005 0.029 0.023 0.112 0.004 0.012 0.002 0.048 0.008 0.126 0.006 0.003 0.004 0.454 0.018 0.128 0.018 
148 FPPI_WM1030    (1)   15 :  0.007 0.009 0.005 0.015 0.003 0.011 0.014 0.011 0.004 0.014 0.004 0.014 0.011 0.851 0.009 0.015 0.004 
149 CRWA_WM1082    (2)   16 :  0.003 0.007 0.002 0.019 0.002 0.004 0.002 0.006 0.914 0.008 0.005 0.003 0.004 0.003 0.006 0.006 0.006 
150 CRWA_WM1084    (5)   16 :  0.004 0.083 0.002 0.124 0.007 0.023 0.004 0.105 0.309 0.050 0.007 0.013 0.006 0.006 0.008 0.163 0.086 
151 CRWA_WM1085    (2)   16 :  0.007 0.019 0.002 0.109 0.009 0.014 0.003 0.076 0.424 0.065 0.007 0.014 0.007 0.008 0.019 0.162 0.056 
152 CRWA_WM1086    (9)   16 :  0.008 0.027 0.002 0.184 0.006 0.025 0.008 0.088 0.079 0.107 0.053 0.031 0.026 0.012 0.127 0.160 0.059 
153 CRWA_WM1087    (0)   16 :  0.016 0.031 0.002 0.059 0.010 0.016 0.067 0.064 0.306 0.074 0.006 0.101 0.104 0.013 0.021 0.090 0.021 
154 CRWA_WM1088    (1)   16 :  0.007 0.096 0.003 0.125 0.013 0.023 0.021 0.149 0.040 0.045 0.007 0.044 0.029 0.007 0.062 0.205 0.123 
155 CRWA_WM1089    (3)   16 :  0.007 0.026 0.002 0.083 0.004 0.013 0.002 0.061 0.562 0.080 0.005 0.004 0.005 0.009 0.032 0.066 0.039 
156 CRWA_WM1090    (0)   16 :  0.005 0.037 0.002 0.199 0.062 0.217 0.010 0.073 0.117 0.065 0.035 0.014 0.013 0.014 0.015 0.089 0.032 
157 CRWA_WM1092    (1)   16 :  0.006 0.018 0.002 0.080 0.011 0.012 0.065 0.060 0.358 0.043 0.006 0.111 0.086 0.012 0.016 0.081 0.033 
158 CRWA_WM1093    (1)   16 :  0.005 0.099 0.002 0.035 0.004 0.023 0.042 0.048 0.503 0.031 0.005 0.049 0.049 0.008 0.014 0.025 0.059 
159 PCRA_WM1141    (3)   17 :  0.007 0.014 0.002 0.054 0.582 0.134 0.003 0.020 0.043 0.056 0.011 0.005 0.005 0.006 0.010 0.037 0.011 
160 PCRA_WM1142    (3)   17 :  0.006 0.017 0.002 0.067 0.665 0.021 0.002 0.027 0.009 0.049 0.005 0.002 0.005 0.009 0.019 0.073 0.021 
161 PCRA_WM1143    (1)   17 :  0.009 0.046 0.002 0.086 0.479 0.059 0.002 0.045 0.010 0.076 0.012 0.008 0.004 0.011 0.037 0.087 0.024 
162 PCRA_WM1144    (2)   17 :  0.023 0.036 0.002 0.047 0.018 0.012 0.002 0.035 0.008 0.060 0.373 0.002 0.028 0.010 0.012 0.062 0.270 
163 PCRA_WM1145    (4)   17 :  0.032 0.083 0.002 0.084 0.375 0.061 0.004 0.072 0.027 0.084 0.012 0.007 0.008 0.013 0.031 0.075 0.030 
164 PCRA_WM1146    (2)   17 :  0.010 0.011 0.002 0.009 0.753 0.010 0.011 0.011 0.066 0.010 0.015 0.018 0.010 0.006 0.015 0.009 0.034 
165 PCRA_WM1147    (1)   17 :  0.003 0.022 0.002 0.217 0.131 0.086 0.003 0.096 0.044 0.031 0.008 0.020 0.013 0.009 0.019 0.243 0.052 
166 PCRA_WM1148    (0)   17 :  0.004 0.007 0.002 0.009 0.867 0.018 0.015 0.008 0.004 0.009 0.006 0.012 0.013 0.005 0.006 0.007 0.009 
167 PCRA_WM1149    (1)   17 :  0.119 0.017 0.002 0.012 0.701 0.009 0.020 0.012 0.005 0.007 0.020 0.020 0.013 0.007 0.007 0.010 0.020 
168 PCRA_WM1150    (0)   17 :  0.006 0.019 0.004 0.008 0.791 0.007 0.022 0.015 0.007 0.009 0.015 0.017 0.026 0.004 0.005 0.011 0.033 
169 DHFA_WM1202    (3)   18 :  0.005 0.024 0.688 0.054 0.004 0.016 0.002 0.027 0.013 0.058 0.005 0.005 0.003 0.017 0.023 0.041 0.014 
170 DHFA_WM1203    (1)   18 :  0.005 0.020 0.707 0.047 0.004 0.017 0.003 0.032 0.010 0.039 0.007 0.004 0.004 0.020 0.015 0.044 0.023 
171 DHFA_WM1204    (2)   18 :  0.006 0.017 0.732 0.049 0.004 0.010 0.003 0.023 0.008 0.041 0.006 0.005 0.003 0.013 0.015 0.048 0.016 
172 DHFA_WM1205    (5)   18 :  0.005 0.006 0.913 0.010 0.002 0.004 0.003 0.007 0.003 0.009 0.003 0.003 0.004 0.004 0.008 0.009 0.005 
173 DHFA_WM1206    (4)   18 :  0.005 0.008 0.891 0.012 0.004 0.007 0.002 0.008 0.005 0.014 0.004 0.004 0.003 0.006 0.007 0.014 0.006 
174 DHFA_WM1207    (2)   18 :  0.003 0.005 0.937 0.008 0.002 0.003 0.003 0.005 0.003 0.006 0.002 0.003 0.002 0.004 0.003 0.005 0.005 
175 DHFA_WM1208    (3)   18 :  0.005 0.010 0.900 0.011 0.003 0.007 0.003 0.008 0.004 0.008 0.004 0.003 0.003 0.008 0.008 0.010 0.005 
176 DHFA_WM1209    (1)   18 :  0.004 0.006 0.916 0.007 0.003 0.005 0.008 0.005 0.004 0.007 0.003 0.006 0.009 0.004 0.005 0.005 0.004 
177 DHFA_WM1210    (0)   18 :  0.003 0.003 0.953 0.003 0.002 0.002 0.006 0.003 0.002 0.003 0.002 0.004 0.004 0.002 0.003 0.003 0.002 
178 DHFA_WM1211    (2)   18 :  0.005 0.018 0.730 0.046 0.005 0.016 0.004 0.029 0.007 0.046 0.005 0.005 0.004 0.010 0.016 0.044 0.013 


Estimated Allele Frequencies in each cluster
First column gives estimated ancestral frequencies


Locus 1 : 953_21 
2 alleles
4.5% missing data
 120   (0.959) 0.997 1.000 0.997 1.000 0.996 0.999 0.959 0.989 0.998 1.000 0.998 0.969 0.973 0.896 0.999 1.000 0.999 
 100   (0.041) 0.003 0.000 0.003 0.000 0.004 0.001 0.041 0.011 0.002 0.000 0.002 0.031 0.027 0.104 0.001 0.000 0.001 

Locus 2 : 2370_26 
2 alleles
6.2% missing data
 110   (0.957) 0.997 1.000 0.997 1.000 0.995 0.999 0.957 0.986 0.998 1.000 0.997 0.964 0.972 0.784 0.999 1.000 0.999 
 130   (0.043) 0.003 0.000 0.003 0.000 0.005 0.001 0.043 0.014 0.002 0.000 0.003 0.036 0.028 0.216 0.001 0.000 0.001 

Locus 3 : 2692_87 
2 alleles
1.7% missing data
 130   (0.954) 0.997 1.000 0.764 1.000 0.995 0.999 0.954 0.986 0.998 1.000 0.997 0.963 0.970 0.999 0.999 1.000 0.999 
 120   (0.046) 0.003 0.000 0.236 0.000 0.005 0.001 0.046 0.014 0.002 0.000 0.003 0.037 0.030 0.001 0.001 0.000 0.001 

Locus 4 : 2828_58 
2 alleles
6.7% missing data
 100   (0.935) 0.994 0.993 0.995 0.998 0.832 0.997 0.934 0.972 0.996 0.999 0.993 0.926 0.936 0.998 0.997 0.999 0.990 
 120   (0.065) 0.006 0.007 0.005 0.002 0.168 0.003 0.066 0.028 0.004 0.001 0.007 0.074 0.064 0.002 0.003 0.001 0.010 

Locus 5 : 6398_73 
2 alleles
6.2% missing data
 130   (0.927) 0.995 0.999 0.642 1.000 0.992 0.999 0.927 0.978 0.997 1.000 0.995 0.941 0.952 0.790 0.998 1.000 0.998 
 100   (0.073) 0.005 0.001 0.358 0.000 0.008 0.001 0.073 0.022 0.003 0.000 0.005 0.059 0.048 0.210 0.002 0.000 0.002 

Locus 6 : 7469_71 
2 alleles
5.1% missing data
 130   (0.964) 0.996 0.999 0.997 0.999 0.995 0.999 0.964 0.989 0.998 0.990 0.996 0.966 0.969 0.998 0.998 0.996 0.998 
 110   (0.036) 0.004 0.001 0.003 0.001 0.005 0.001 0.036 0.011 0.002 0.010 0.004 0.034 0.031 0.002 0.002 0.004 0.002 

Locus 7 : 7615_47 
2 alleles
5.1% missing data
 130   (0.962) 0.996 0.999 0.996 0.998 0.993 0.998 0.962 0.985 0.997 0.997 0.996 0.964 0.966 0.998 0.997 0.998 0.997 
 100   (0.038) 0.004 0.001 0.004 0.002 0.007 0.002 0.038 0.015 0.003 0.003 0.004 0.036 0.034 0.002 0.003 0.002 0.003 

Locus 8 : 8211_10 
2 alleles
2.8% missing data
 120   (0.959) 0.997 1.000 0.936 1.000 0.996 0.999 0.959 0.988 0.998 1.000 0.997 0.968 0.973 0.999 0.999 1.000 0.999 
 100   (0.041) 0.003 0.000 0.064 0.000 0.004 0.001 0.041 0.012 0.002 0.000 0.003 0.032 0.027 0.001 0.001 0.000 0.001 

Locus 9 : 8394_14 
2 alleles
2.2% missing data
 110   (0.956) 0.997 1.000 0.996 1.000 0.995 0.999 0.956 0.987 0.998 1.000 0.997 0.964 0.970 0.859 0.998 1.000 0.999 
 130   (0.044) 0.003 0.000 0.004 0.000 0.005 0.001 0.044 0.013 0.002 0.000 0.003 0.036 0.030 0.141 0.002 0.000 0.001 

Locus 10 : 9621_63 
2 alleles
3.9% missing data
 130   (0.957) 0.997 1.000 0.940 1.000 0.995 0.999 0.957 0.988 0.998 1.000 0.997 0.966 0.971 0.999 0.999 1.000 0.999 
 110   (0.043) 0.003 0.000 0.060 0.000 0.005 0.001 0.043 0.012 0.002 0.000 0.003 0.034 0.029 0.001 0.001 0.000 0.001 

Locus 11 : 9880_35 
2 alleles
4.5% missing data
 120   (0.951) 0.996 1.000 0.706 1.000 0.995 0.999 0.951 0.985 0.998 1.000 0.997 0.961 0.969 0.999 0.999 1.000 0.999 
 100   (0.049) 0.004 0.000 0.294 0.000 0.005 0.001 0.049 0.015 0.002 0.000 0.003 0.039 0.031 0.001 0.001 0.000 0.001 

Locus 12 : 11163_16 
2 alleles
7.9% missing data
 130   (0.958) 0.997 1.000 0.914 1.000 0.996 0.999 0.958 0.989 0.998 1.000 0.997 0.967 0.973 0.999 0.999 1.000 0.999 
 110   (0.042) 0.003 0.000 0.086 0.000 0.004 0.001 0.042 0.011 0.002 0.000 0.003 0.033 0.027 0.001 0.001 0.000 0.001 

Locus 13 : 11991_31 
2 alleles
4.5% missing data
 120   (0.932) 0.995 0.999 0.995 0.995 0.989 0.993 0.932 0.974 0.993 0.999 0.964 0.914 0.929 0.997 0.998 0.999 0.994 
 100   (0.068) 0.005 0.001 0.005 0.005 0.011 0.007 0.068 0.026 0.007 0.001 0.036 0.086 0.071 0.003 0.002 0.001 0.006 

Locus 14 : 12766_17 
2 alleles
2.2% missing data
 120   (0.961) 0.994 1.000 0.997 1.000 0.942 0.999 0.961 0.989 0.998 1.000 0.997 0.966 0.971 0.999 0.999 1.000 0.999 
 100   (0.039) 0.006 0.000 0.003 0.000 0.058 0.001 0.039 0.011 0.002 0.000 0.003 0.034 0.029 0.001 0.001 0.000 0.001 

Locus 15 : 13496_14 
2 alleles
5.1% missing data
 110   (0.959) 0.700 1.000 0.997 1.000 0.996 0.999 0.959 0.989 0.998 1.000 0.997 0.968 0.973 0.999 0.999 1.000 0.999 
 100   (0.041) 0.300 0.000 0.003 0.000 0.004 0.001 0.041 0.011 0.002 0.000 0.003 0.032 0.027 0.001 0.001 0.000 0.001 

Locus 16 : 14394_41 
2 alleles
2.2% missing data
 130   (0.964) 0.998 1.000 0.997 1.000 0.936 0.999 0.964 0.989 0.998 1.000 0.998 0.969 0.974 0.999 0.999 1.000 0.999 
 110   (0.036) 0.002 0.000 0.003 0.000 0.064 0.001 0.036 0.011 0.002 0.000 0.002 0.031 0.026 0.001 0.001 0.000 0.001 

Locus 17 : 16285_24 
2 alleles
6.2% missing data
 130   (0.954) 0.997 1.000 0.875 1.000 0.995 0.999 0.955 0.986 0.998 1.000 0.997 0.964 0.971 0.999 0.999 1.000 0.999 
 100   (0.046) 0.003 0.000 0.125 0.000 0.005 0.001 0.045 0.014 0.002 0.000 0.003 0.036 0.029 0.001 0.001 0.000 0.001 

Locus 18 : 18821_69 
2 alleles
7.3% missing data
 120   (0.957) 0.997 0.999 0.997 0.999 0.995 0.999 0.957 0.986 0.998 0.999 0.997 0.963 0.972 0.999 0.699 1.000 0.999 
 110   (0.043) 0.003 0.001 0.003 0.001 0.005 0.001 0.043 0.014 0.002 0.001 0.003 0.037 0.028 0.001 0.301 0.000 0.001 

Locus 19 : 19006_32 
2 alleles
6.7% missing data
 120   (0.926) 0.995 0.999 0.661 1.000 0.992 0.999 0.926 0.978 0.997 1.000 0.995 0.941 0.950 0.790 0.998 1.000 0.998 
 110   (0.074) 0.005 0.001 0.339 0.000 0.008 0.001 0.074 0.022 0.003 0.000 0.005 0.059 0.050 0.210 0.002 0.000 0.002 

Locus 20 : 19602_58 
2 alleles
4.5% missing data
 120   (0.960) 0.997 1.000 0.973 1.000 0.996 0.999 0.960 0.989 0.998 1.000 0.997 0.967 0.973 0.999 0.999 1.000 0.999 
 100   (0.040) 0.003 0.000 0.027 0.000 0.004 0.001 0.040 0.011 0.002 0.000 0.003 0.033 0.027 0.001 0.001 0.000 0.001 

Locus 21 : 20143_24 
2 alleles
3.4% missing data
 120   (0.961) 0.973 1.000 0.997 1.000 0.995 0.999 0.961 0.988 0.998 1.000 0.997 0.960 0.968 0.999 0.999 1.000 0.999 
 100   (0.039) 0.027 0.000 0.003 0.000 0.005 0.001 0.039 0.012 0.002 0.000 0.003 0.040 0.032 0.001 0.001 0.000 0.001 

Locus 22 : 21661_29 
2 alleles
2.2% missing data
 120   (0.957) 0.997 1.000 0.892 1.000 0.996 0.999 0.957 0.986 0.998 1.000 0.997 0.965 0.973 0.999 0.999 1.000 0.999 
 100   (0.043) 0.003 0.000 0.108 0.000 0.004 0.001 0.043 0.014 0.002 0.000 0.003 0.035 0.027 0.001 0.001 0.000 0.001 

Locus 23 : 22603_12 
2 alleles
5.1% missing data
 130   (0.960) 0.998 1.000 0.945 1.000 0.996 0.999 0.960 0.988 0.998 1.000 0.997 0.968 0.974 0.999 0.999 1.000 0.999 
 110   (0.040) 0.002 0.000 0.055 0.000 0.004 0.001 0.040 0.012 0.002 0.000 0.003 0.032 0.026 0.001 0.001 0.000 0.001 

Locus 24 : 25109_23 
2 alleles
1.7% missing data
 120   (0.939) 0.994 0.999 0.995 0.998 0.946 0.992 0.939 0.982 0.804 0.999 0.995 0.946 0.953 0.998 0.998 0.999 0.997 
 100   (0.061) 0.006 0.001 0.005 0.002 0.054 0.008 0.061 0.018 0.196 0.001 0.005 0.054 0.047 0.002 0.002 0.001 0.003 

Locus 25 : 25511_77 
2 alleles
5.1% missing data
 130   (0.957) 0.997 1.000 0.996 1.000 0.995 0.999 0.957 0.987 0.998 1.000 0.997 0.964 0.968 0.941 0.999 1.000 0.999 
 110   (0.043) 0.003 0.000 0.004 0.000 0.005 0.001 0.043 0.013 0.002 0.000 0.003 0.036 0.032 0.059 0.001 0.000 0.001 

Locus 26 : 26816_9 
2 alleles
5.6% missing data
 110   (0.875) 0.978 0.998 0.991 0.996 0.984 0.970 0.875 0.944 0.641 0.999 0.792 0.857 0.844 0.996 0.994 0.996 0.973 
 130   (0.125) 0.022 0.002 0.009 0.004 0.016 0.030 0.125 0.056 0.359 0.001 0.208 0.143 0.156 0.004 0.006 0.004 0.027 

Locus 27 : 29455_86 
2 alleles
5.6% missing data
 120   (0.963) 0.997 1.000 0.997 1.000 0.991 0.994 0.963 0.986 0.998 1.000 0.997 0.964 0.966 0.999 0.999 1.000 0.999 
 110   (0.037) 0.003 0.000 0.003 0.000 0.009 0.006 0.037 0.014 0.002 0.000 0.003 0.036 0.034 0.001 0.001 0.000 0.001 

Locus 28 : 30970_30 
2 alleles
6.7% missing data
 120   (0.961) 0.965 1.000 0.997 1.000 0.994 0.999 0.961 0.987 0.998 1.000 0.997 0.965 0.973 0.999 0.999 1.000 0.999 
 110   (0.039) 0.035 0.000 0.003 0.000 0.006 0.001 0.039 0.013 0.002 0.000 0.003 0.035 0.027 0.001 0.001 0.000 0.001 

Locus 29 : 33052_5 
2 alleles
1.1% missing data
 130   (0.964) 0.997 1.000 0.997 0.999 0.995 0.999 0.964 0.988 0.992 1.000 0.997 0.968 0.973 0.999 0.971 1.000 0.999 
 110   (0.036) 0.003 0.000 0.003 0.001 0.005 0.001 0.036 0.012 0.008 0.000 0.003 0.032 0.027 0.001 0.029 0.000 0.001 

Locus 30 : 33744_32 
2 alleles
2.8% missing data
 130   (0.957) 0.997 1.000 0.997 1.000 0.996 0.999 0.957 0.988 0.998 1.000 0.997 0.965 0.970 0.999 0.872 1.000 0.999 
 110   (0.043) 0.003 0.000 0.003 0.000 0.004 0.001 0.043 0.012 0.002 0.000 0.003 0.035 0.030 0.001 0.128 0.000 0.001 

Locus 31 : 34805_8 
2 alleles
4.5% missing data
 110   (0.942) 0.996 0.999 0.996 1.000 0.750 0.994 0.942 0.982 0.997 1.000 0.996 0.950 0.954 0.998 0.999 1.000 0.998 
 120   (0.058) 0.004 0.001 0.004 0.000 0.250 0.006 0.058 0.018 0.003 0.000 0.004 0.050 0.046 0.002 0.001 0.000 0.002 

Locus 32 : 35345_10 
2 alleles
5.1% missing data
 130   (0.956) 0.997 0.999 0.997 0.991 0.994 0.999 0.956 0.982 0.998 0.994 0.997 0.954 0.967 0.999 0.947 0.997 0.997 
 110   (0.044) 0.003 0.001 0.003 0.009 0.006 0.001 0.044 0.018 0.002 0.006 0.003 0.046 0.033 0.001 0.053 0.003 0.003 

Locus 33 : 35769_30 
2 alleles
6.2% missing data
 110   (0.948) 0.966 1.000 0.996 1.000 0.934 0.999 0.948 0.985 0.996 1.000 0.996 0.951 0.962 0.998 0.999 1.000 0.998 
 100   (0.052) 0.034 0.000 0.004 0.000 0.066 0.001 0.052 0.015 0.004 0.000 0.004 0.049 0.038 0.002 0.001 0.000 0.002 

Locus 34 : 35965_89 
2 alleles
3.4% missing data
 130   (0.963) 0.998 0.999 0.997 1.000 0.996 0.999 0.963 0.987 0.984 1.000 0.998 0.962 0.964 0.999 0.999 1.000 0.998 
 100   (0.037) 0.002 0.001 0.003 0.000 0.004 0.001 0.037 0.013 0.016 0.000 0.002 0.038 0.036 0.001 0.001 0.000 0.002 

Locus 35 : 39654_13 
2 alleles
5.6% missing data
 120   (0.960) 0.997 1.000 0.997 1.000 0.996 0.999 0.960 0.988 0.998 1.000 0.982 0.959 0.967 0.999 0.999 1.000 0.999 
 100   (0.040) 0.003 0.000 0.003 0.000 0.004 0.001 0.040 0.012 0.002 0.000 0.018 0.041 0.033 0.001 0.001 0.000 0.001 

Locus 36 : 39700_65 
2 alleles
3.4% missing data
 110   (0.962) 0.996 1.000 0.997 1.000 0.995 0.998 0.962 0.985 0.998 1.000 0.997 0.957 0.961 0.999 0.999 1.000 0.999 
 120   (0.038) 0.004 0.000 0.003 0.000 0.005 0.002 0.038 0.015 0.002 0.000 0.003 0.043 0.039 0.001 0.001 0.000 0.001 

Locus 37 : 40824_7 
2 alleles
5.1% missing data
 130   (0.960) 0.996 1.000 0.997 1.000 0.995 0.999 0.961 0.988 0.998 1.000 0.926 0.967 0.965 0.999 0.999 1.000 0.999 
 110   (0.040) 0.004 0.000 0.003 0.000 0.005 0.001 0.039 0.012 0.002 0.000 0.074 0.033 0.035 0.001 0.001 0.000 0.001 

Locus 38 : 41554_43 
2 alleles
7.3% missing data
 120   (0.962) 0.961 1.000 0.997 1.000 0.995 0.999 0.962 0.988 0.998 1.000 0.997 0.968 0.973 0.999 0.999 1.000 0.999 
 100   (0.038) 0.039 0.000 0.003 0.000 0.005 0.001 0.038 0.012 0.002 0.000 0.003 0.032 0.027 0.001 0.001 0.000 0.001 

Locus 39 : 42501_5 
2 alleles
5.6% missing data
 120   (0.960) 0.997 1.000 0.918 1.000 0.996 0.999 0.960 0.988 0.998 1.000 0.997 0.967 0.973 0.999 0.999 1.000 0.999 
 110   (0.040) 0.003 0.000 0.082 0.000 0.004 0.001 0.040 0.012 0.002 0.000 0.003 0.033 0.027 0.001 0.001 0.000 0.001 

Locus 40 : 42989_15 
2 alleles
3.4% missing data
 130   (0.958) 0.997 0.999 0.997 1.000 0.995 0.999 0.958 0.987 0.998 1.000 0.919 0.966 0.966 0.999 0.999 1.000 0.999 
 110   (0.042) 0.003 0.001 0.003 0.000 0.005 0.001 0.042 0.013 0.002 0.000 0.081 0.034 0.034 0.001 0.001 0.000 0.001 

Locus 41 : 44631_16 
2 alleles
5.6% missing data
 120   (0.957) 0.854 1.000 0.997 1.000 0.995 0.999 0.957 0.987 0.998 1.000 0.997 0.964 0.971 0.999 0.999 1.000 0.999 
 110   (0.043) 0.146 0.000 0.003 0.000 0.005 0.001 0.043 0.013 0.002 0.000 0.003 0.036 0.029 0.001 0.001 0.000 0.001 

Locus 42 : 45332_74 
2 alleles
3.4% missing data
 130   (0.892) 0.992 0.972 0.992 0.999 0.847 0.955 0.892 0.963 0.995 0.999 0.807 0.906 0.837 0.996 0.986 0.999 0.652 
 110   (0.108) 0.008 0.028 0.008 0.001 0.153 0.045 0.108 0.037 0.005 0.001 0.193 0.094 0.163 0.004 0.014 0.001 0.348 

Locus 43 : 45964_12 
2 alleles
2.2% missing data
 100   (0.960) 0.997 1.000 0.995 1.000 0.995 0.999 0.960 0.989 0.998 1.000 0.997 0.967 0.969 0.980 0.999 1.000 0.999 
 130   (0.040) 0.003 0.000 0.005 0.000 0.005 0.001 0.040 0.011 0.002 0.000 0.003 0.033 0.031 0.020 0.001 0.000 0.001 

Locus 44 : 47772_18 
2 alleles
1.7% missing data
 120   (0.959) 0.997 1.000 0.814 1.000 0.996 0.999 0.959 0.987 0.998 1.000 0.997 0.968 0.974 0.999 0.999 1.000 0.999 
 100   (0.041) 0.003 0.000 0.186 0.000 0.004 0.001 0.041 0.013 0.002 0.000 0.003 0.032 0.026 0.001 0.001 0.000 0.001 

Locus 45 : 48505_7 
2 alleles
2.8% missing data
 130   (0.964) 0.997 0.998 0.997 1.000 0.996 0.999 0.964 0.987 0.998 1.000 0.997 0.963 0.971 0.999 0.999 1.000 0.986 
 110   (0.036) 0.003 0.002 0.003 0.000 0.004 0.001 0.036 0.013 0.002 0.000 0.003 0.037 0.029 0.001 0.001 0.000 0.014 

Locus 46 : 49838_13 
2 alleles
5.1% missing data
 120   (0.962) 0.997 0.982 0.997 1.000 0.996 0.999 0.962 0.988 0.998 1.000 0.998 0.970 0.975 0.999 0.999 1.000 0.886 
 100   (0.038) 0.003 0.018 0.003 0.000 0.004 0.001 0.038 0.012 0.002 0.000 0.002 0.030 0.025 0.001 0.001 0.000 0.114 

Locus 47 : 50793_47 
2 alleles
6.2% missing data
 120   (0.953) 0.987 1.000 0.996 0.999 0.995 0.998 0.953 0.985 0.998 1.000 0.873 0.963 0.945 0.999 0.999 1.000 0.998 
 100   (0.047) 0.013 0.000 0.004 0.001 0.005 0.002 0.047 0.015 0.002 0.000 0.127 0.037 0.055 0.001 0.001 0.000 0.002 

Locus 48 : 51471_5 
2 alleles
2.2% missing data
 110   (0.960) 0.997 1.000 0.997 1.000 0.996 0.999 0.960 0.988 0.999 1.000 0.998 0.968 0.974 0.939 0.999 1.000 0.999 
 120   (0.040) 0.003 0.000 0.003 0.000 0.004 0.001 0.040 0.012 0.001 0.000 0.002 0.032 0.026 0.061 0.001 0.000 0.001 

Locus 49 : 52408_45 
2 alleles
2.2% missing data
 130   (0.961) 0.821 1.000 0.997 1.000 0.996 0.999 0.961 0.988 0.998 1.000 0.997 0.968 0.974 0.999 0.999 1.000 0.999 
 110   (0.039) 0.179 0.000 0.003 0.000 0.004 0.001 0.039 0.012 0.002 0.000 0.003 0.032 0.026 0.001 0.001 0.000 0.001 

Locus 50 : 53046_18 
2 alleles
0.6% missing data
 120   (0.943) 0.995 1.000 0.995 1.000 0.993 0.999 0.943 0.981 0.998 1.000 0.914 0.947 0.956 0.998 0.993 1.000 0.998 
 100   (0.057) 0.005 0.000 0.005 0.000 0.007 0.001 0.057 0.019 0.002 0.000 0.086 0.053 0.044 0.002 0.007 0.000 0.002 

Locus 51 : 53230_50 
2 alleles
4.5% missing data
 120   (0.959) 0.997 1.000 0.997 1.000 0.996 0.999 0.959 0.988 0.998 1.000 0.997 0.967 0.973 0.894 0.999 1.000 0.999 
 110   (0.041) 0.003 0.000 0.003 0.000 0.004 0.001 0.041 0.012 0.002 0.000 0.003 0.033 0.027 0.106 0.001 0.000 0.001 

Locus 52 : 53957_5 
2 alleles
3.9% missing data
 130   (0.962) 0.998 1.000 0.997 1.000 0.995 0.999 0.962 0.987 0.998 1.000 0.989 0.963 0.965 0.999 0.999 1.000 0.999 
 110   (0.038) 0.002 0.000 0.003 0.000 0.005 0.001 0.038 0.013 0.002 0.000 0.011 0.037 0.035 0.001 0.001 0.000 0.001 

Locus 53 : 58003_89 
2 alleles
3.9% missing data
 120   (0.951) 0.996 0.999 0.996 0.994 0.992 0.989 0.951 0.975 0.972 0.998 0.991 0.950 0.962 0.998 0.998 0.997 0.997 
 100   (0.049) 0.004 0.001 0.004 0.006 0.008 0.011 0.049 0.025 0.028 0.002 0.009 0.050 0.038 0.002 0.002 0.003 0.003 

Locus 54 : 58412_58 
2 alleles
2.2% missing data
 110   (0.961) 0.997 1.000 0.975 1.000 0.996 0.999 0.961 0.988 0.998 1.000 0.998 0.969 0.973 0.999 0.999 1.000 0.999 
 100   (0.039) 0.003 0.000 0.025 0.000 0.004 0.001 0.039 0.012 0.002 0.000 0.002 0.031 0.027 0.001 0.001 0.000 0.001 

Locus 55 : 58452_11 
2 alleles
3.4% missing data
 120   (0.961) 0.997 1.000 0.997 1.000 0.995 0.999 0.961 0.988 0.992 1.000 0.997 0.954 0.957 0.999 0.999 1.000 0.999 
 130   (0.039) 0.003 0.000 0.003 0.000 0.005 0.001 0.039 0.012 0.008 0.000 0.003 0.046 0.043 0.001 0.001 0.000 0.001 

Locus 56 : 59409_85 
2 alleles
2.8% missing data
 130   (0.961) 0.997 1.000 0.997 1.000 0.995 0.997 0.961 0.986 0.998 1.000 0.998 0.958 0.969 0.999 0.999 1.000 0.999 
 100   (0.039) 0.003 0.000 0.003 0.000 0.005 0.003 0.039 0.014 0.002 0.000 0.002 0.042 0.031 0.001 0.001 0.000 0.001 

Locus 57 : 60620_10 
2 alleles
1.1% missing data
 120   (0.956) 0.997 1.000 0.892 1.000 0.995 0.999 0.956 0.988 0.998 1.000 0.997 0.964 0.971 0.999 0.999 1.000 0.999 
 130   (0.044) 0.003 0.000 0.108 0.000 0.005 0.001 0.044 0.012 0.002 0.000 0.003 0.036 0.029 0.001 0.001 0.000 0.001 

Locus 58 : 61541_77 
2 alleles
3.4% missing data
 120   (0.954) 0.997 1.000 0.840 1.000 0.995 0.999 0.954 0.986 0.998 1.000 0.997 0.964 0.971 0.999 0.999 1.000 0.999 
 100   (0.046) 0.003 0.000 0.160 0.000 0.005 0.001 0.046 0.014 0.002 0.000 0.003 0.036 0.029 0.001 0.001 0.000 0.001 

Locus 59 : 61756_42 
2 alleles
1.1% missing data
 130   (0.958) 0.997 1.000 0.822 1.000 0.995 0.999 0.958 0.987 0.998 1.000 0.997 0.967 0.973 0.999 0.999 1.000 0.999 
 110   (0.042) 0.003 0.000 0.178 0.000 0.005 0.001 0.042 0.013 0.002 0.000 0.003 0.033 0.027 0.001 0.001 0.000 0.001 

Locus 60 : 62497_19 
2 alleles
6.2% missing data
 130   (0.920) 0.871 0.981 0.994 0.999 0.943 0.987 0.920 0.967 0.959 0.997 0.993 0.928 0.939 0.997 0.997 0.998 0.991 
 110   (0.080) 0.129 0.019 0.006 0.001 0.057 0.013 0.080 0.033 0.041 0.003 0.007 0.072 0.061 0.003 0.003 0.002 0.009 

Locus 61 : 63024_50 
2 alleles
2.8% missing data
 120   (0.947) 0.997 1.000 0.996 1.000 0.994 0.999 0.947 0.985 0.976 1.000 0.997 0.926 0.927 0.998 0.999 1.000 0.998 
 100   (0.053) 0.003 0.000 0.004 0.000 0.006 0.001 0.053 0.015 0.024 0.000 0.003 0.074 0.073 0.002 0.001 0.000 0.002 

Locus 62 : 64492_50 
2 alleles
7.3% missing data
 120   (0.921) 0.891 0.999 0.994 0.999 0.989 0.998 0.921 0.976 0.951 1.000 0.927 0.932 0.938 0.998 0.998 1.000 0.997 
 100   (0.079) 0.109 0.001 0.006 0.001 0.011 0.002 0.079 0.024 0.049 0.000 0.073 0.068 0.062 0.002 0.002 0.000 0.003 

Locus 63 : 67984_34 
2 alleles
2.2% missing data
 120   (0.957) 0.997 1.000 0.866 1.000 0.996 0.999 0.957 0.987 0.998 1.000 0.997 0.965 0.972 0.999 0.999 1.000 0.999 
 100   (0.043) 0.003 0.000 0.134 0.000 0.004 0.001 0.043 0.013 0.002 0.000 0.003 0.035 0.028 0.001 0.001 0.000 0.001 

Locus 64 : 69199_10 
2 alleles
4.5% missing data
 120   (0.942) 0.996 0.999 0.995 0.995 0.994 0.999 0.942 0.979 0.274 0.999 0.996 0.929 0.937 0.998 0.998 0.997 0.996 
 100   (0.058) 0.004 0.001 0.005 0.005 0.006 0.001 0.058 0.021 0.726 0.001 0.004 0.071 0.063 0.002 0.002 0.003 0.004 

Locus 65 : 71368_77 
2 alleles
6.7% missing data
 100   (0.957) 0.997 1.000 0.996 1.000 0.996 0.999 0.957 0.987 0.998 1.000 0.997 0.966 0.972 0.763 0.999 1.000 0.999 
 110   (0.043) 0.003 0.000 0.004 0.000 0.004 0.001 0.043 0.013 0.002 0.000 0.003 0.034 0.028 0.237 0.001 0.000 0.001 

Locus 66 : 72276_35 
2 alleles
5.1% missing data
 130   (0.958) 0.997 1.000 0.997 1.000 0.996 0.999 0.958 0.987 0.998 1.000 0.882 0.966 0.969 0.999 0.999 1.000 0.996 
 120   (0.042) 0.003 0.000 0.003 0.000 0.004 0.001 0.042 0.013 0.002 0.000 0.118 0.034 0.031 0.001 0.001 0.000 0.004 

Locus 67 : 73554_16 
2 alleles
3.9% missing data
 100   (0.958) 0.997 1.000 0.997 1.000 0.853 0.999 0.958 0.987 0.998 1.000 0.997 0.965 0.968 0.999 0.999 1.000 0.999 
 130   (0.042) 0.003 0.000 0.003 0.000 0.147 0.001 0.042 0.013 0.002 0.000 0.003 0.035 0.032 0.001 0.001 0.000 0.001 

Locus 68 : 74575_32 
2 alleles
1.7% missing data
 120   (0.962) 0.997 1.000 0.997 1.000 0.996 0.999 0.962 0.989 0.998 1.000 0.983 0.960 0.968 0.999 0.999 1.000 0.999 
 100   (0.038) 0.003 0.000 0.003 0.000 0.004 0.001 0.038 0.011 0.002 0.000 0.017 0.040 0.032 0.001 0.001 0.000 0.001 

Locus 69 : 76504_10 
2 alleles
1.1% missing data
 110   (0.957) 0.997 1.000 0.997 1.000 0.996 0.999 0.957 0.986 0.998 1.000 0.997 0.963 0.971 0.999 0.779 1.000 0.999 
 100   (0.043) 0.003 0.000 0.003 0.000 0.004 0.001 0.043 0.014 0.002 0.000 0.003 0.037 0.029 0.001 0.221 0.000 0.001 

Locus 70 : 76561_35 
2 alleles
5.6% missing data
 120   (0.954) 0.568 1.000 0.996 1.000 0.995 0.999 0.955 0.987 0.998 1.000 0.997 0.963 0.971 0.999 0.999 1.000 0.999 
 100   (0.046) 0.432 0.000 0.004 0.000 0.005 0.001 0.045 0.013 0.002 0.000 0.003 0.037 0.029 0.001 0.001 0.000 0.001 

Locus 71 : 77346_16 
2 alleles
2.2% missing data
 130   (0.958) 0.997 1.000 0.997 1.000 0.995 0.999 0.958 0.987 0.998 1.000 0.997 0.965 0.972 0.999 0.915 1.000 0.999 
 110   (0.042) 0.003 0.000 0.003 0.000 0.005 0.001 0.042 0.013 0.002 0.000 0.003 0.035 0.028 0.001 0.085 0.000 0.001 

Locus 72 : 78631_40 
2 alleles
7.9% missing data
 120   (0.956) 0.990 1.000 0.997 1.000 0.995 0.999 0.956 0.986 0.997 1.000 0.793 0.964 0.969 0.999 0.999 1.000 0.998 
 110   (0.044) 0.010 0.000 0.003 0.000 0.005 0.001 0.044 0.014 0.003 0.000 0.207 0.036 0.031 0.001 0.001 0.000 0.002 

Locus 73 : 80366_12 
2 alleles
6.7% missing data
 130   (0.958) 0.996 1.000 0.997 1.000 0.994 0.998 0.958 0.984 0.998 1.000 0.996 0.953 0.959 0.999 0.999 1.000 0.998 
 110   (0.042) 0.004 0.000 0.003 0.000 0.006 0.002 0.042 0.016 0.002 0.000 0.004 0.047 0.041 0.001 0.001 0.000 0.002 

Locus 74 : 80499_10 
2 alleles
6.2% missing data
 130   (0.957) 0.997 1.000 0.996 1.000 0.996 0.999 0.958 0.987 0.998 1.000 0.997 0.965 0.971 0.901 0.999 1.000 0.999 
 100   (0.043) 0.003 0.000 0.004 0.000 0.004 0.001 0.042 0.013 0.002 0.000 0.003 0.035 0.029 0.099 0.001 0.000 0.001 

Locus 75 : 81141_31 
2 alleles
2.8% missing data
 120   (0.958) 0.997 0.998 0.997 1.000 0.995 0.999 0.958 0.987 0.998 1.000 0.997 0.960 0.966 0.999 0.999 1.000 0.986 
 100   (0.042) 0.003 0.002 0.003 0.000 0.005 0.001 0.042 0.013 0.002 0.000 0.003 0.040 0.034 0.001 0.001 0.000 0.014 

Locus 76 : 81662_33 
2 alleles
3.4% missing data
 120   (0.962) 0.998 1.000 0.997 1.000 0.996 0.994 0.962 0.985 0.998 1.000 0.997 0.961 0.971 0.999 0.999 1.000 0.999 
 110   (0.038) 0.002 0.000 0.003 0.000 0.004 0.006 0.038 0.015 0.002 0.000 0.003 0.039 0.029 0.001 0.001 0.000 0.001 

Locus 77 : 82002_8 
2 alleles
6.7% missing data
 100   (0.953) 0.997 1.000 0.678 1.000 0.995 0.999 0.954 0.985 0.998 1.000 0.997 0.963 0.970 0.999 0.999 1.000 0.999 
 110   (0.047) 0.003 0.000 0.322 0.000 0.005 0.001 0.046 0.015 0.002 0.000 0.003 0.037 0.030 0.001 0.001 0.000 0.001 

Locus 78 : 82631_34 
2 alleles
7.9% missing data
 120   (0.961) 0.996 0.999 0.997 1.000 0.995 0.999 0.961 0.985 0.997 1.000 0.994 0.954 0.961 0.999 0.999 1.000 0.997 
 100   (0.039) 0.004 0.001 0.003 0.000 0.005 0.001 0.039 0.015 0.003 0.000 0.006 0.046 0.039 0.001 0.001 0.000 0.003 

Locus 79 : 83247_84 
2 alleles
3.4% missing data
 110   (0.946) 0.996 1.000 0.996 1.000 0.994 0.999 0.946 0.982 0.998 1.000 0.754 0.953 0.953 0.998 0.999 1.000 0.998 
 100   (0.054) 0.004 0.000 0.004 0.000 0.006 0.001 0.054 0.018 0.002 0.000 0.246 0.047 0.047 0.002 0.001 0.000 0.002 

Locus 80 : 83916_5 
2 alleles
3.9% missing data
 130   (0.958) 0.997 0.807 0.997 1.000 0.996 0.999 0.958 0.988 0.998 1.000 0.997 0.966 0.972 0.999 0.999 1.000 0.999 
 110   (0.042) 0.003 0.193 0.003 0.000 0.004 0.001 0.042 0.012 0.002 0.000 0.003 0.034 0.028 0.001 0.001 0.000 0.001 

Locus 81 : 84971_7 
2 alleles
2.2% missing data
 120   (0.947) 0.996 0.998 0.996 0.984 0.992 0.998 0.947 0.975 0.992 0.998 0.994 0.936 0.949 0.998 0.961 0.990 0.991 
 110   (0.053) 0.004 0.002 0.004 0.016 0.008 0.002 0.053 0.025 0.008 0.002 0.006 0.064 0.051 0.002 0.039 0.010 0.009 

Locus 82 : 85247_77 
2 alleles
7.9% missing data
 120   (0.959) 0.997 0.995 0.997 0.998 0.995 0.997 0.959 0.984 0.997 0.999 0.996 0.964 0.966 0.998 0.998 0.998 0.993 
 110   (0.041) 0.003 0.005 0.003 0.002 0.005 0.003 0.041 0.016 0.003 0.001 0.004 0.036 0.034 0.002 0.002 0.002 0.007 

Locus 83 : 85248_24 
2 alleles
5.1% missing data
 100   (0.953) 0.997 1.000 0.859 1.000 0.995 0.999 0.953 0.987 0.998 1.000 0.997 0.963 0.970 0.999 0.999 1.000 0.999 
 120   (0.047) 0.003 0.000 0.141 0.000 0.005 0.001 0.047 0.013 0.002 0.000 0.003 0.037 0.030 0.001 0.001 0.000 0.001 

Locus 84 : 85402_12 
2 alleles
3.4% missing data
 120   (0.962) 0.997 1.000 0.997 1.000 0.996 0.997 0.962 0.986 0.999 1.000 0.998 0.960 0.970 0.999 0.999 1.000 0.999 
 100   (0.038) 0.003 0.000 0.003 0.000 0.004 0.003 0.038 0.014 0.001 0.000 0.002 0.040 0.030 0.001 0.001 0.000 0.001 

Locus 85 : 86588_18 
2 alleles
3.9% missing data
 120   (0.961) 0.997 1.000 0.997 1.000 0.995 0.999 0.961 0.987 0.991 1.000 0.998 0.955 0.955 0.999 0.999 1.000 0.999 
 100   (0.039) 0.003 0.000 0.003 0.000 0.005 0.001 0.039 0.013 0.009 0.000 0.002 0.045 0.045 0.001 0.001 0.000 0.001 

Locus 86 : 87070_60 
2 alleles
2.2% missing data
 100   (0.958) 0.997 1.000 0.997 1.000 0.859 0.999 0.958 0.988 0.998 1.000 0.997 0.965 0.971 0.999 0.999 1.000 0.999 
 130   (0.042) 0.003 0.000 0.003 0.000 0.141 0.001 0.042 0.012 0.002 0.000 0.003 0.035 0.029 0.001 0.001 0.000 0.001 

Locus 87 : 87747_31 
2 alleles
6.2% missing data
 120   (0.955) 0.997 1.000 0.914 1.000 0.995 0.999 0.955 0.988 0.998 1.000 0.997 0.964 0.970 0.999 0.999 1.000 0.999 
 110   (0.045) 0.003 0.000 0.086 0.000 0.005 0.001 0.045 0.012 0.002 0.000 0.003 0.036 0.030 0.001 0.001 0.000 0.001 

Locus 88 : 88455_10 
2 alleles
5.1% missing data
 130   (0.958) 0.795 1.000 0.997 1.000 0.995 0.999 0.958 0.987 0.998 1.000 0.996 0.967 0.973 0.999 0.999 1.000 0.999 
 100   (0.042) 0.205 0.000 0.003 0.000 0.005 0.001 0.042 0.013 0.002 0.000 0.004 0.033 0.027 0.001 0.001 0.000 0.001 

Locus 89 : 89005_12 
2 alleles
1.1% missing data
 120   (0.958) 0.997 1.000 0.892 1.000 0.996 0.999 0.958 0.988 0.998 1.000 0.997 0.966 0.972 0.999 0.999 1.000 0.999 
 130   (0.042) 0.003 0.000 0.108 0.000 0.004 0.001 0.042 0.012 0.002 0.000 0.003 0.034 0.028 0.001 0.001 0.000 0.001 

Locus 90 : 89213_8 
2 alleles
3.4% missing data
 130   (0.962) 0.998 1.000 0.972 1.000 0.996 0.999 0.962 0.988 0.998 1.000 0.998 0.970 0.975 0.999 0.999 1.000 0.999 
 110   (0.038) 0.002 0.000 0.028 0.000 0.004 0.001 0.038 0.012 0.002 0.000 0.002 0.030 0.025 0.001 0.001 0.000 0.001 

Locus 91 : 93475_13 
2 alleles
2.2% missing data
 130   (0.959) 0.997 1.000 0.866 1.000 0.996 0.999 0.959 0.989 0.998 1.000 0.997 0.967 0.972 0.999 0.999 1.000 0.999 
 110   (0.041) 0.003 0.000 0.134 0.000 0.004 0.001 0.041 0.011 0.002 0.000 0.003 0.033 0.028 0.001 0.001 0.000 0.001 

Locus 92 : 95749_27 
2 alleles
3.9% missing data
 120   (0.960) 0.997 1.000 0.971 1.000 0.996 0.999 0.960 0.989 0.998 1.000 0.998 0.967 0.973 0.999 0.999 1.000 0.999 
 100   (0.040) 0.003 0.000 0.029 0.000 0.004 0.001 0.040 0.011 0.002 0.000 0.002 0.033 0.027 0.001 0.001 0.000 0.001 

Locus 93 : 98167_26 
2 alleles
3.4% missing data
 120   (0.937) 0.991 0.999 0.995 0.998 0.907 0.973 0.937 0.980 0.991 0.997 0.994 0.936 0.946 0.998 0.993 0.999 0.998 
 110   (0.063) 0.009 0.001 0.005 0.002 0.093 0.027 0.063 0.020 0.009 0.003 0.006 0.064 0.054 0.002 0.007 0.001 0.002 

Locus 94 : 98988_58 
2 alleles
2.2% missing data
 130   (0.960) 0.997 1.000 0.975 1.000 0.995 0.999 0.960 0.988 0.998 1.000 0.997 0.967 0.971 0.999 0.999 1.000 0.999 
 110   (0.040) 0.003 0.000 0.025 0.000 0.005 0.001 0.040 0.012 0.002 0.000 0.003 0.033 0.029 0.001 0.001 0.000 0.001 

Locus 95 : 103824_15 
2 alleles
3.4% missing data
 130   (0.954) 0.997 1.000 0.811 1.000 0.995 0.999 0.954 0.987 0.998 1.000 0.997 0.964 0.970 0.999 0.999 1.000 0.999 
 110   (0.046) 0.003 0.000 0.189 0.000 0.005 0.001 0.046 0.013 0.002 0.000 0.003 0.036 0.030 0.001 0.001 0.000 0.001 

Locus 96 : 108043_8 
2 alleles
4.5% missing data
 130   (0.959) 0.997 1.000 0.997 1.000 0.996 0.999 0.959 0.988 0.998 0.999 0.997 0.964 0.972 0.999 0.910 1.000 0.998 
 110   (0.041) 0.003 0.000 0.003 0.000 0.004 0.001 0.041 0.012 0.002 0.001 0.003 0.036 0.028 0.001 0.090 0.000 0.002 

Locus 97 : 108049_79 
2 alleles
2.8% missing data
 120   (0.963) 0.998 1.000 0.997 1.000 0.996 0.995 0.963 0.985 0.998 1.000 0.997 0.962 0.970 0.999 0.999 1.000 0.999 
 100   (0.037) 0.002 0.000 0.003 0.000 0.004 0.005 0.037 0.015 0.002 0.000 0.003 0.038 0.030 0.001 0.001 0.000 0.001 

Locus 98 : 108366_5 
2 alleles
2.8% missing data
 130   (0.958) 0.997 1.000 0.919 1.000 0.996 0.999 0.958 0.989 0.998 1.000 0.997 0.967 0.973 0.999 0.999 1.000 0.999 
 100   (0.042) 0.003 0.000 0.081 0.000 0.004 0.001 0.042 0.011 0.002 0.000 0.003 0.033 0.027 0.001 0.001 0.000 0.001 

Locus 99 : 108403_10 
2 alleles
6.2% missing data
 130   (0.961) 0.997 1.000 0.997 1.000 0.996 0.999 0.961 0.988 0.998 1.000 0.997 0.963 0.968 0.999 0.993 1.000 0.999 
 110   (0.039) 0.003 0.000 0.003 0.000 0.004 0.001 0.039 0.012 0.002 0.000 0.003 0.037 0.032 0.001 0.007 0.000 0.001 

Locus 100 : 109283_38 
2 alleles
3.9% missing data
 120   (0.871) 0.991 0.489 0.990 0.966 0.983 0.892 0.871 0.862 0.974 0.966 0.979 0.861 0.871 0.996 0.994 0.949 0.542 
 100   (0.129) 0.009 0.511 0.010 0.034 0.017 0.108 0.129 0.138 0.026 0.034 0.021 0.139 0.129 0.004 0.006 0.051 0.458 

Locus 101 : 109527_54 
2 alleles
7.3% missing data
 110   (0.949) 0.997 1.000 0.996 1.000 0.994 0.998 0.949 0.983 0.998 1.000 0.788 0.957 0.949 0.999 0.999 1.000 0.998 
 130   (0.051) 0.003 0.000 0.004 0.000 0.006 0.002 0.051 0.017 0.002 0.000 0.212 0.043 0.051 0.001 0.001 0.000 0.002 

Locus 102 : 109804_31 
2 alleles
2.2% missing data
 130   (0.958) 0.997 1.000 0.946 1.000 0.995 0.999 0.958 0.987 0.998 1.000 0.997 0.967 0.972 0.999 0.999 1.000 0.999 
 100   (0.042) 0.003 0.000 0.054 0.000 0.005 0.001 0.042 0.013 0.002 0.000 0.003 0.033 0.028 0.001 0.001 0.000 0.001 

Locus 103 : 112614_46 
2 alleles
5.1% missing data
 120   (0.957) 0.997 1.000 0.886 1.000 0.995 0.999 0.957 0.987 0.998 1.000 0.997 0.965 0.971 0.999 0.999 1.000 0.999 
 100   (0.043) 0.003 0.000 0.114 0.000 0.005 0.001 0.043 0.013 0.002 0.000 0.003 0.035 0.029 0.001 0.001 0.000 0.001 

Locus 104 : 112906_14 
2 alleles
3.9% missing data
 110   (0.893) 0.676 0.993 0.992 0.999 0.962 0.998 0.893 0.964 0.995 0.999 0.754 0.903 0.889 0.997 0.997 1.000 0.886 
 120   (0.107) 0.324 0.007 0.008 0.001 0.038 0.002 0.107 0.036 0.005 0.001 0.246 0.097 0.111 0.003 0.003 0.000 0.114 

Locus 105 : 113735_32 
2 alleles
6.7% missing data
 120   (0.960) 0.972 1.000 0.997 1.000 0.995 0.999 0.960 0.988 0.998 1.000 0.997 0.959 0.967 0.999 0.999 1.000 0.999 
 100   (0.040) 0.028 0.000 0.003 0.000 0.005 0.001 0.040 0.012 0.002 0.000 0.003 0.041 0.033 0.001 0.001 0.000 0.001 

Locus 106 : 115028_7 
2 alleles
3.9% missing data
 120   (0.962) 0.961 1.000 0.997 1.000 0.996 0.999 0.962 0.989 0.998 1.000 0.997 0.968 0.974 0.999 0.999 1.000 0.999 
 100   (0.038) 0.039 0.000 0.003 0.000 0.004 0.001 0.038 0.011 0.002 0.000 0.003 0.032 0.026 0.001 0.001 0.000 0.001 

Locus 107 : 115179_16 
2 alleles
2.2% missing data
 120   (0.961) 0.998 1.000 0.910 1.000 0.996 0.999 0.961 0.989 0.998 1.000 0.998 0.969 0.974 0.999 0.999 1.000 0.999 
 110   (0.039) 0.002 0.000 0.090 0.000 0.004 0.001 0.039 0.011 0.002 0.000 0.002 0.031 0.026 0.001 0.001 0.000 0.001 

Locus 108 : 116753_51 
2 alleles
7.3% missing data
 120   (0.960) 0.997 0.996 0.997 1.000 0.995 0.999 0.960 0.986 0.998 1.000 0.997 0.963 0.953 0.999 0.999 1.000 0.919 
 100   (0.040) 0.003 0.004 0.003 0.000 0.005 0.001 0.040 0.014 0.002 0.000 0.003 0.037 0.047 0.001 0.001 0.000 0.081 

Locus 109 : 116931_31 
2 alleles
7.9% missing data
 120   (0.962) 0.998 1.000 0.997 1.000 0.995 0.999 0.962 0.988 0.991 1.000 0.997 0.954 0.958 0.999 0.999 1.000 0.999 
 110   (0.038) 0.002 0.000 0.003 0.000 0.005 0.001 0.038 0.012 0.009 0.000 0.003 0.046 0.042 0.001 0.001 0.000 0.001 

Locus 110 : 116938_8 
2 alleles
4.5% missing data
 130   (0.922) 0.994 0.979 0.994 1.000 0.947 0.998 0.922 0.978 0.996 1.000 0.857 0.934 0.940 0.998 0.998 1.000 0.855 
 110   (0.078) 0.006 0.021 0.006 0.000 0.053 0.002 0.078 0.022 0.004 0.000 0.143 0.066 0.060 0.002 0.002 0.000 0.145 

Locus 111 : 122302_80 
2 alleles
10.1% missing data
 110   (0.961) 0.997 1.000 0.997 1.000 0.996 0.999 0.961 0.989 0.955 1.000 0.997 0.966 0.972 0.999 0.999 1.000 0.999 
 100   (0.039) 0.003 0.000 0.003 0.000 0.004 0.001 0.039 0.011 0.045 0.000 0.003 0.034 0.028 0.001 0.001 0.000 0.001 

Locus 112 : 123190_14 
2 alleles
3.4% missing data
 120   (0.950) 0.997 0.999 0.996 1.000 0.994 0.999 0.950 0.984 0.963 1.000 0.997 0.939 0.937 0.999 0.999 1.000 0.998 
 130   (0.050) 0.003 0.001 0.004 0.000 0.006 0.001 0.050 0.016 0.037 0.000 0.003 0.061 0.063 0.001 0.001 0.000 0.002 

Locus 113 : 123271_36 
2 alleles
3.9% missing data
 100   (0.955) 0.997 1.000 0.858 1.000 0.995 0.999 0.955 0.987 0.998 1.000 0.997 0.965 0.971 0.999 0.999 1.000 0.999 
 110   (0.045) 0.003 0.000 0.142 0.000 0.005 0.001 0.045 0.013 0.002 0.000 0.003 0.035 0.029 0.001 0.001 0.000 0.001 

Locus 114 : 124147_18 
2 alleles
2.2% missing data
 130   (0.959) 0.997 1.000 0.997 1.000 0.764 0.999 0.959 0.988 0.998 1.000 0.997 0.966 0.972 0.999 0.999 1.000 0.999 
 110   (0.041) 0.003 0.000 0.003 0.000 0.236 0.001 0.041 0.012 0.002 0.000 0.003 0.034 0.028 0.001 0.001 0.000 0.001 

Locus 115 : 124184_33 
2 alleles
5.6% missing data
 110   (0.956) 0.997 1.000 0.910 1.000 0.995 0.999 0.956 0.988 0.998 1.000 0.997 0.966 0.970 0.999 0.999 1.000 0.999 
 100   (0.044) 0.003 0.000 0.090 0.000 0.005 0.001 0.044 0.012 0.002 0.000 0.003 0.034 0.030 0.001 0.001 0.000 0.001 

Locus 116 : 125404_24 
2 alleles
1.1% missing data
 130   (0.962) 0.772 1.000 0.997 1.000 0.996 0.999 0.962 0.988 0.999 1.000 0.998 0.969 0.975 0.999 0.999 1.000 0.999 
 110   (0.038) 0.228 0.000 0.003 0.000 0.004 0.001 0.038 0.012 0.001 0.000 0.002 0.031 0.025 0.001 0.001 0.000 0.001 

Locus 117 : 125436_43 
2 alleles
3.9% missing data
 130   (0.930) 0.707 0.999 0.995 1.000 0.992 0.998 0.930 0.977 0.997 1.000 0.845 0.942 0.934 0.998 0.998 1.000 0.998 
 100   (0.070) 0.293 0.001 0.005 0.000 0.008 0.002 0.070 0.023 0.003 0.000 0.155 0.058 0.066 0.002 0.002 0.000 0.002 

Locus 118 : 126013_18 
2 alleles
2.8% missing data
 130   (0.959) 0.997 1.000 0.997 1.000 0.996 0.999 0.959 0.988 0.998 1.000 0.997 0.967 0.972 0.877 0.999 1.000 0.999 
 110   (0.041) 0.003 0.000 0.003 0.000 0.004 0.001 0.041 0.012 0.002 0.000 0.003 0.033 0.028 0.123 0.001 0.000 0.001 

Locus 119 : 126137_19 
2 alleles
3.9% missing data
 120   (0.961) 0.985 1.000 0.997 1.000 0.995 0.999 0.961 0.989 0.998 1.000 0.985 0.964 0.961 0.999 0.999 1.000 0.999 
 110   (0.039) 0.015 0.000 0.003 0.000 0.005 0.001 0.039 0.011 0.002 0.000 0.015 0.036 0.039 0.001 0.001 0.000 0.001 

Locus 120 : 126845_22 
2 alleles
5.6% missing data
 130   (0.961) 0.967 1.000 0.997 1.000 0.994 0.999 0.961 0.987 0.998 1.000 0.997 0.966 0.973 0.999 0.999 1.000 0.999 
 110   (0.039) 0.033 0.000 0.003 0.000 0.006 0.001 0.039 0.013 0.002 0.000 0.003 0.034 0.027 0.001 0.001 0.000 0.001 

Locus 121 : 127512_8 
2 alleles
1.1% missing data
 130   (0.962) 0.998 1.000 0.997 1.000 0.996 0.999 0.962 0.989 0.999 1.000 0.998 0.969 0.974 0.908 0.999 1.000 0.999 
 100   (0.038) 0.002 0.000 0.003 0.000 0.004 0.001 0.038 0.011 0.001 0.000 0.002 0.031 0.026 0.092 0.001 0.000 0.001 

Locus 122 : 127692_13 
2 alleles
2.8% missing data
 100   (0.955) 0.996 1.000 0.997 1.000 0.995 0.999 0.955 0.987 0.998 1.000 0.929 0.960 0.966 0.999 0.999 1.000 0.999 
 120   (0.045) 0.004 0.000 0.003 0.000 0.005 0.001 0.045 0.013 0.002 0.000 0.071 0.040 0.034 0.001 0.001 0.000 0.001 

Locus 123 : 128195_18 
2 alleles
7.3% missing data
 130   (0.880) 0.988 0.999 0.991 0.980 0.414 0.363 0.880 0.952 0.979 0.999 0.915 0.881 0.887 0.996 0.997 0.996 0.989 
 110   (0.120) 0.012 0.001 0.009 0.020 0.586 0.637 0.120 0.048 0.021 0.001 0.085 0.119 0.113 0.004 0.003 0.004 0.011 

Locus 124 : 128198_14 
2 alleles
4.5% missing data
 130   (0.933) 0.996 0.999 0.918 1.000 0.993 0.999 0.933 0.980 0.997 1.000 0.995 0.945 0.955 0.905 0.998 1.000 0.998 
 120   (0.067) 0.004 0.001 0.082 0.000 0.007 0.001 0.067 0.020 0.003 0.000 0.005 0.055 0.045 0.095 0.002 0.000 0.002 

Locus 125 : 128423_39 
2 alleles
4.5% missing data
 130   (0.962) 0.997 1.000 0.997 1.000 0.991 0.993 0.962 0.988 0.998 1.000 0.997 0.963 0.965 0.999 0.999 1.000 0.999 
 100   (0.038) 0.003 0.000 0.003 0.000 0.009 0.007 0.038 0.012 0.002 0.000 0.003 0.037 0.035 0.001 0.001 0.000 0.001 

Locus 126 : 131572_48 
2 alleles
1.1% missing data
 120   (0.956) 0.997 0.996 0.997 1.000 0.995 0.999 0.956 0.985 0.998 1.000 0.997 0.956 0.958 0.999 0.999 1.000 0.945 
 100   (0.044) 0.003 0.004 0.003 0.000 0.005 0.001 0.044 0.015 0.002 0.000 0.003 0.044 0.042 0.001 0.001 0.000 0.055 

Locus 127 : 132199_62 
2 alleles
3.9% missing data
 100   (0.954) 0.997 1.000 0.752 1.000 0.995 0.999 0.955 0.987 0.998 1.000 0.997 0.963 0.970 0.999 0.999 1.000 0.999 
 120   (0.046) 0.003 0.000 0.248 0.000 0.005 0.001 0.045 0.013 0.002 0.000 0.003 0.037 0.030 0.001 0.001 0.000 0.001 

Locus 128 : 135566_64 
2 alleles
7.3% missing data
 130   (0.956) 0.997 1.000 0.997 1.000 0.995 0.996 0.956 0.985 0.998 1.000 0.997 0.955 0.964 0.999 0.999 1.000 0.999 
 110   (0.044) 0.003 0.000 0.003 0.000 0.005 0.004 0.044 0.015 0.002 0.000 0.003 0.045 0.036 0.001 0.001 0.000 0.001 

Locus 129 : 135761_5 
2 alleles
7.9% missing data
 130   (0.958) 0.997 1.000 0.905 1.000 0.996 0.999 0.958 0.987 0.998 1.000 0.997 0.966 0.973 0.999 0.999 1.000 0.999 
 100   (0.042) 0.003 0.000 0.095 0.000 0.004 0.001 0.042 0.013 0.002 0.000 0.003 0.034 0.027 0.001 0.001 0.000 0.001 

Locus 130 : 137219_35 
2 alleles
3.4% missing data
 120   (0.947) 0.997 1.000 0.996 1.000 0.994 0.976 0.947 0.977 0.998 1.000 0.997 0.941 0.957 0.998 0.999 1.000 0.998 
 100   (0.053) 0.003 0.000 0.004 0.000 0.006 0.024 0.053 0.023 0.002 0.000 0.003 0.059 0.043 0.002 0.001 0.000 0.002 

Locus 131 : 139081_20 
2 alleles
5.6% missing data
 120   (0.947) 0.996 0.999 0.996 1.000 0.940 0.999 0.947 0.982 0.997 1.000 0.969 0.953 0.952 0.998 0.999 1.000 0.995 
 110   (0.053) 0.004 0.001 0.004 0.000 0.060 0.001 0.053 0.018 0.003 0.000 0.031 0.047 0.048 0.002 0.001 0.000 0.005 

Locus 132 : 139084_52 
2 alleles
5.1% missing data
 120   (0.917) 0.994 0.999 0.994 0.997 0.837 0.994 0.917 0.973 0.960 0.999 0.993 0.896 0.901 0.997 0.998 0.999 0.997 
 110   (0.083) 0.006 0.001 0.006 0.003 0.163 0.006 0.083 0.027 0.040 0.001 0.007 0.104 0.099 0.003 0.002 0.001 0.003 

Locus 133 : 139433_54 
2 alleles
3.9% missing data
 120   (0.959) 0.997 1.000 0.946 1.000 0.996 0.999 0.959 0.987 0.998 1.000 0.997 0.968 0.974 0.999 0.999 1.000 0.999 
 100   (0.041) 0.003 0.000 0.054 0.000 0.004 0.001 0.041 0.013 0.002 0.000 0.003 0.032 0.026 0.001 0.001 0.000 0.001 

Locus 134 : 140063_88 
2 alleles
7.9% missing data
 110   (0.962) 0.997 1.000 0.997 1.000 0.994 0.999 0.962 0.988 0.998 1.000 0.988 0.962 0.964 0.999 0.999 1.000 0.999 
 100   (0.038) 0.003 0.000 0.003 0.000 0.006 0.001 0.038 0.012 0.002 0.000 0.012 0.038 0.036 0.001 0.001 0.000 0.001 

Locus 135 : 140194_73 
2 alleles
2.8% missing data
 120   (0.960) 0.997 1.000 0.997 1.000 0.993 0.999 0.960 0.989 0.998 1.000 0.997 0.966 0.970 0.976 0.999 1.000 0.999 
 110   (0.040) 0.003 0.000 0.003 0.000 0.007 0.001 0.040 0.011 0.002 0.000 0.003 0.034 0.030 0.024 0.001 0.000 0.001 

Locus 136 : 141313_8 
2 alleles
2.8% missing data
 120   (0.959) 0.997 1.000 0.919 1.000 0.996 0.999 0.959 0.988 0.998 1.000 0.997 0.968 0.974 0.999 0.999 1.000 0.999 
 100   (0.041) 0.003 0.000 0.081 0.000 0.004 0.001 0.041 0.012 0.002 0.000 0.003 0.032 0.026 0.001 0.001 0.000 0.001 

Locus 137 : 145284_28 
2 alleles
2.8% missing data
 130   (0.959) 0.997 1.000 0.997 1.000 0.624 0.999 0.959 0.986 0.998 1.000 0.997 0.967 0.974 0.999 0.999 1.000 0.999 
 110   (0.041) 0.003 0.000 0.003 0.000 0.376 0.001 0.041 0.014 0.002 0.000 0.003 0.033 0.026 0.001 0.001 0.000 0.001 

Locus 138 : 145957_11 
2 alleles
4.5% missing data
 130   (0.962) 0.998 0.835 0.997 1.000 0.995 0.999 0.962 0.989 0.998 1.000 0.998 0.970 0.975 0.999 0.999 1.000 0.999 
 110   (0.038) 0.002 0.165 0.003 0.000 0.005 0.001 0.038 0.011 0.002 0.000 0.002 0.030 0.025 0.001 0.001 0.000 0.001 

Locus 139 : 160306_34 
2 alleles
2.8% missing data
 120   (0.936) 0.778 0.999 0.995 1.000 0.993 0.998 0.936 0.977 0.997 1.000 0.973 0.942 0.932 0.998 0.998 1.000 0.986 
 100   (0.064) 0.222 0.001 0.005 0.000 0.007 0.002 0.064 0.023 0.003 0.000 0.027 0.058 0.068 0.002 0.002 0.000 0.014 

Locus 140 : 162107_37 
2 alleles
3.4% missing data
 120   (0.942) 0.907 0.999 0.995 1.000 0.994 0.999 0.942 0.982 0.998 1.000 0.983 0.946 0.956 0.998 0.999 1.000 0.998 
 100   (0.058) 0.093 0.001 0.005 0.000 0.006 0.001 0.058 0.018 0.002 0.000 0.017 0.054 0.044 0.002 0.001 0.000 0.002 

Locus 141 : 163290_36 
2 alleles
5.1% missing data
 130   (0.930) 0.995 0.998 0.994 0.968 0.765 0.996 0.930 0.958 0.944 0.999 0.995 0.927 0.945 0.998 0.997 0.949 0.983 
 110   (0.070) 0.005 0.002 0.006 0.032 0.235 0.004 0.070 0.042 0.056 0.001 0.005 0.073 0.055 0.002 0.003 0.051 0.017 

Locus 142 : 163453_13 
2 alleles
5.6% missing data
 120   (0.959) 0.997 1.000 0.997 1.000 0.995 0.999 0.959 0.987 0.992 1.000 0.997 0.952 0.956 0.999 0.999 1.000 0.999 
 110   (0.041) 0.003 0.000 0.003 0.000 0.005 0.001 0.041 0.013 0.008 0.000 0.003 0.048 0.044 0.001 0.001 0.000 0.001 

Locus 143 : 163580_14 
2 alleles
10.1% missing data
 120   (0.957) 0.997 1.000 0.996 1.000 0.995 0.998 0.957 0.987 0.998 0.867 0.997 0.966 0.971 0.999 0.999 0.944 0.999 
 100   (0.043) 0.003 0.000 0.004 0.000 0.005 0.002 0.043 0.013 0.002 0.133 0.003 0.034 0.029 0.001 0.001 0.056 0.001 

Locus 144 : 164461_13 
2 alleles
5.6% missing data
 100   (0.960) 0.997 1.000 0.997 1.000 0.996 0.999 0.960 0.988 0.826 1.000 0.997 0.968 0.974 0.999 0.999 1.000 0.999 
 120   (0.040) 0.003 0.000 0.003 0.000 0.004 0.001 0.040 0.012 0.174 0.000 0.003 0.032 0.026 0.001 0.001 0.000 0.001 

Locus 145 : 165413_43 
2 alleles
1.7% missing data
 110   (0.957) 0.997 1.000 0.997 0.999 0.995 0.999 0.957 0.986 0.998 1.000 0.935 0.958 0.963 0.999 0.999 1.000 0.998 
 130   (0.043) 0.003 0.000 0.003 0.001 0.005 0.001 0.043 0.014 0.002 0.000 0.065 0.042 0.037 0.001 0.001 0.000 0.002 

Locus 146 : 168629_44 
2 alleles
5.6% missing data
 130   (0.949) 0.996 0.999 0.996 0.998 0.991 0.991 0.949 0.983 0.982 1.000 0.958 0.954 0.955 0.998 0.998 1.000 0.998 
 110   (0.051) 0.004 0.001 0.004 0.002 0.009 0.009 0.051 0.017 0.018 0.000 0.042 0.046 0.045 0.002 0.002 0.000 0.002 

Locus 147 : 168991_77 
2 alleles
5.6% missing data
 110   (0.854) 0.652 0.994 0.989 0.995 0.979 0.966 0.854 0.934 0.986 0.996 0.909 0.833 0.823 0.996 0.995 0.998 0.906 
 100   (0.146) 0.348 0.006 0.011 0.005 0.021 0.034 0.146 0.066 0.014 0.004 0.091 0.167 0.177 0.004 0.005 0.002 0.094 

Locus 148 : 169478_88 
2 alleles
5.1% missing data
 130   (0.961) 0.997 1.000 0.997 1.000 0.995 0.999 0.961 0.988 0.998 1.000 0.997 0.966 0.970 0.979 0.999 1.000 0.999 
 100   (0.039) 0.003 0.000 0.003 0.000 0.005 0.001 0.039 0.012 0.002 0.000 0.003 0.034 0.030 0.021 0.001 0.000 0.001 

Locus 149 : 169898_8 
2 alleles
6.2% missing data
 120   (0.945) 0.996 0.999 0.995 1.000 0.993 0.998 0.945 0.984 0.964 1.000 0.923 0.954 0.936 0.998 0.998 1.000 0.998 
 100   (0.055) 0.004 0.001 0.005 0.000 0.007 0.002 0.055 0.016 0.036 0.000 0.077 0.046 0.064 0.002 0.002 0.000 0.002 

Locus 150 : 170224_42 
2 alleles
7.3% missing data
 100   (0.917) 0.994 0.998 0.993 0.975 0.982 0.981 0.917 0.970 0.785 0.999 0.922 0.911 0.922 0.997 0.997 0.996 0.991 
 120   (0.083) 0.006 0.002 0.007 0.025 0.018 0.019 0.083 0.030 0.215 0.001 0.078 0.089 0.078 0.003 0.003 0.004 0.009 

Locus 151 : 174083_22 
2 alleles
3.9% missing data
 120   (0.955) 0.997 1.000 0.786 1.000 0.995 0.999 0.955 0.988 0.998 1.000 0.997 0.964 0.971 0.999 0.999 1.000 0.999 
 100   (0.045) 0.003 0.000 0.214 0.000 0.005 0.001 0.045 0.012 0.002 0.000 0.003 0.036 0.029 0.001 0.001 0.000 0.001 

Locus 152 : 174223_24 
2 alleles
2.8% missing data
 120   (0.963) 0.998 1.000 0.997 1.000 0.996 0.999 0.963 0.989 0.998 1.000 0.997 0.965 0.969 0.999 0.991 1.000 0.999 
 100   (0.037) 0.002 0.000 0.003 0.000 0.004 0.001 0.037 0.011 0.002 0.000 0.003 0.035 0.031 0.001 0.009 0.000 0.001 

Locus 153 : 174263_44 
2 alleles
3.9% missing data
 130   (0.957) 0.997 1.000 0.997 1.000 0.996 0.999 0.957 0.987 0.998 1.000 0.997 0.966 0.972 0.836 0.999 1.000 0.999 
 110   (0.043) 0.003 0.000 0.003 0.000 0.004 0.001 0.043 0.013 0.002 0.000 0.003 0.034 0.028 0.164 0.001 0.000 0.001 

Locus 154 : 175657_6 
2 alleles
8.4% missing data
 100   (0.937) 0.766 0.999 0.995 1.000 0.993 0.999 0.937 0.982 0.998 1.000 0.919 0.950 0.956 0.998 0.999 1.000 0.998 
 130   (0.063) 0.234 0.001 0.005 0.000 0.007 0.001 0.063 0.018 0.002 0.000 0.081 0.050 0.044 0.002 0.001 0.000 0.002 

Locus 155 : 176570_23 
2 alleles
3.9% missing data
 130   (0.959) 0.996 0.989 0.997 0.999 0.994 0.993 0.959 0.976 0.997 0.998 0.997 0.954 0.951 0.999 0.997 0.998 0.972 
 110   (0.041) 0.004 0.011 0.003 0.001 0.006 0.007 0.041 0.024 0.003 0.002 0.003 0.046 0.049 0.001 0.003 0.002 0.028 

Locus 156 : 176775_13 
2 alleles
6.7% missing data
 130   (0.953) 0.997 1.000 0.706 1.000 0.994 0.999 0.953 0.986 0.998 1.000 0.997 0.962 0.969 0.999 0.999 1.000 0.999 
 110   (0.047) 0.003 0.000 0.294 0.000 0.006 0.001 0.047 0.014 0.002 0.000 0.003 0.038 0.031 0.001 0.001 0.000 0.001 

Locus 157 : 178448_19 
2 alleles
3.4% missing data
 120   (0.954) 0.997 1.000 0.882 1.000 0.995 0.999 0.954 0.986 0.998 1.000 0.997 0.963 0.970 0.999 0.999 1.000 0.999 
 100   (0.046) 0.003 0.000 0.118 0.000 0.005 0.001 0.046 0.014 0.002 0.000 0.003 0.037 0.030 0.001 0.001 0.000 0.001 

Locus 158 : 179162_16 
2 alleles
6.2% missing data
 120   (0.962) 0.998 1.000 0.972 1.000 0.996 0.999 0.962 0.988 0.998 1.000 0.998 0.969 0.974 0.999 0.999 1.000 0.999 
 100   (0.038) 0.002 0.000 0.028 0.000 0.004 0.001 0.038 0.012 0.002 0.000 0.002 0.031 0.026 0.001 0.001 0.000 0.001 

Locus 159 : 179286_31 
2 alleles
2.8% missing data
 120   (0.933) 0.897 0.999 0.995 1.000 0.992 0.999 0.933 0.981 0.997 1.000 0.929 0.943 0.930 0.998 0.998 1.000 0.989 
 100   (0.067) 0.103 0.001 0.005 0.000 0.008 0.001 0.067 0.019 0.003 0.000 0.071 0.057 0.070 0.002 0.002 0.000 0.011 

Locus 160 : 179594_17 
2 alleles
4.5% missing data
 120   (0.916) 0.743 0.999 0.993 0.999 0.944 0.998 0.916 0.973 0.983 0.999 0.994 0.905 0.920 0.997 0.994 0.999 0.997 
 100   (0.084) 0.257 0.001 0.007 0.001 0.056 0.002 0.084 0.027 0.017 0.001 0.006 0.095 0.080 0.003 0.006 0.001 0.003 

Locus 161 : 180413_54 
2 alleles
3.9% missing data
 100   (0.955) 0.997 1.000 0.881 1.000 0.995 0.999 0.955 0.987 0.998 1.000 0.997 0.964 0.971 0.999 0.999 1.000 0.999 
 110   (0.045) 0.003 0.000 0.119 0.000 0.005 0.001 0.045 0.013 0.002 0.000 0.003 0.036 0.029 0.001 0.001 0.000 0.001 

Locus 162 : 182862_79 
2 alleles
3.4% missing data
 130   (0.957) 0.997 1.000 0.868 1.000 0.996 0.999 0.957 0.987 0.998 1.000 0.997 0.966 0.972 0.999 0.999 1.000 0.999 
 110   (0.043) 0.003 0.000 0.132 0.000 0.004 0.001 0.043 0.013 0.002 0.000 0.003 0.034 0.028 0.001 0.001 0.000 0.001 

Locus 163 : 183288_63 
2 alleles
10.1% missing data
 100   (0.960) 0.997 1.000 0.972 1.000 0.995 0.999 0.960 0.988 0.998 1.000 0.997 0.967 0.972 0.999 0.999 1.000 0.999 
 120   (0.040) 0.003 0.000 0.028 0.000 0.005 0.001 0.040 0.012 0.002 0.000 0.003 0.033 0.028 0.001 0.001 0.000 0.001 

Locus 164 : 183906_55 
2 alleles
6.7% missing data
 130   (0.957) 0.997 1.000 0.946 1.000 0.995 0.999 0.957 0.988 0.998 1.000 0.997 0.965 0.971 0.999 0.999 1.000 0.999 
 100   (0.043) 0.003 0.000 0.054 0.000 0.005 0.001 0.043 0.012 0.002 0.000 0.003 0.035 0.029 0.001 0.001 0.000 0.001 

Locus 165 : 183990_7 
2 alleles
3.4% missing data
 120   (0.958) 0.997 0.996 0.997 1.000 0.995 0.802 0.958 0.982 0.997 1.000 0.997 0.962 0.971 0.999 0.999 1.000 0.997 
 100   (0.042) 0.003 0.004 0.003 0.000 0.005 0.198 0.042 0.018 0.003 0.000 0.003 0.038 0.029 0.001 0.001 0.000 0.003 

Locus 166 : 185904_60 
2 alleles
3.4% missing data
 120   (0.955) 0.997 1.000 0.996 1.000 0.995 0.999 0.955 0.987 0.906 1.000 0.997 0.958 0.963 0.999 0.999 1.000 0.999 
 100   (0.045) 0.003 0.000 0.004 0.000 0.005 0.001 0.045 0.013 0.094 0.000 0.003 0.042 0.037 0.001 0.001 0.000 0.001 

Locus 167 : 191703_64 
2 alleles
1.7% missing data
 130   (0.935) 0.872 0.999 0.995 1.000 0.684 0.999 0.935 0.980 0.997 1.000 0.996 0.946 0.955 0.998 0.998 1.000 0.998 
 110   (0.065) 0.128 0.001 0.005 0.000 0.316 0.001 0.065 0.020 0.003 0.000 0.004 0.054 0.045 0.002 0.002 0.000 0.002 

Locus 168 : 193854_7 
2 alleles
1.7% missing data
 130   (0.937) 0.996 0.999 0.883 1.000 0.993 0.999 0.937 0.982 0.997 1.000 0.996 0.947 0.955 0.981 0.998 1.000 0.998 
 110   (0.063) 0.004 0.001 0.117 0.000 0.007 0.001 0.063 0.018 0.003 0.000 0.004 0.053 0.045 0.019 0.002 0.000 0.002 

Locus 169 : 194868_38 
2 alleles
5.6% missing data
 120   (0.946) 0.971 1.000 0.996 1.000 0.993 0.998 0.946 0.983 0.998 1.000 0.903 0.950 0.914 0.998 0.998 1.000 0.998 
 100   (0.054) 0.029 0.000 0.004 0.000 0.007 0.002 0.054 0.017 0.002 0.000 0.097 0.050 0.086 0.002 0.002 0.000 0.002 

Locus 170 : 195463_36 
2 alleles
5.1% missing data
 120   (0.958) 0.865 1.000 0.997 1.000 0.996 0.999 0.958 0.987 0.998 1.000 0.997 0.966 0.972 0.999 0.999 1.000 0.999 
 100   (0.042) 0.135 0.000 0.003 0.000 0.004 0.001 0.042 0.013 0.002 0.000 0.003 0.034 0.028 0.001 0.001 0.000 0.001 

Locus 171 : 195727_20 
2 alleles
1.7% missing data
 130   (0.959) 0.997 1.000 0.915 1.000 0.996 0.999 0.959 0.988 0.998 1.000 0.997 0.968 0.972 0.999 0.999 1.000 0.999 
 110   (0.041) 0.003 0.000 0.085 0.000 0.004 0.001 0.041 0.012 0.002 0.000 0.003 0.032 0.028 0.001 0.001 0.000 0.001 

Locus 172 : 197508_5 
2 alleles
2.2% missing data
 120   (0.962) 0.998 1.000 0.997 1.000 0.995 0.999 0.962 0.988 0.998 1.000 0.990 0.963 0.964 0.999 0.999 1.000 0.999 
 100   (0.038) 0.002 0.000 0.003 0.000 0.005 0.001 0.038 0.012 0.002 0.000 0.010 0.037 0.036 0.001 0.001 0.000 0.001 

Locus 173 : 199140_10 
2 alleles
4.5% missing data
 130   (0.962) 0.997 1.000 0.997 1.000 0.995 0.997 0.961 0.986 0.998 1.000 0.998 0.959 0.970 0.999 0.999 1.000 0.999 
 110   (0.038) 0.003 0.000 0.003 0.000 0.005 0.003 0.039 0.014 0.002 0.000 0.002 0.041 0.030 0.001 0.001 0.000 0.001 

Locus 174 : 199429_51 
2 alleles
5.1% missing data
 130   (0.963) 0.997 1.000 0.997 1.000 0.996 0.999 0.963 0.988 0.991 1.000 0.997 0.955 0.957 0.999 0.999 1.000 0.999 
 100   (0.037) 0.003 0.000 0.003 0.000 0.004 0.001 0.037 0.012 0.009 0.000 0.003 0.045 0.043 0.001 0.001 0.000 0.001 

Locus 175 : 199635_9 
2 alleles
3.4% missing data
 120   (0.955) 0.997 1.000 0.830 1.000 0.995 0.999 0.955 0.986 0.998 1.000 0.997 0.964 0.971 0.999 0.999 1.000 0.999 
 100   (0.045) 0.003 0.000 0.170 0.000 0.005 0.001 0.045 0.014 0.002 0.000 0.003 0.036 0.029 0.001 0.001 0.000 0.001 

Locus 176 : 200923_8 
2 alleles
5.1% missing data
 100   (0.962) 0.994 1.000 0.997 1.000 0.944 0.999 0.962 0.989 0.998 1.000 0.997 0.968 0.972 0.999 0.999 1.000 0.999 
 110   (0.038) 0.006 0.000 0.003 0.000 0.056 0.001 0.038 0.011 0.002 0.000 0.003 0.032 0.028 0.001 0.001 0.000 0.001 

Locus 177 : 201090_64 
2 alleles
5.1% missing data
 130   (0.958) 0.997 1.000 0.997 1.000 0.995 0.999 0.958 0.987 0.955 1.000 0.997 0.964 0.970 0.999 0.999 1.000 0.999 
 100   (0.042) 0.003 0.000 0.003 0.000 0.005 0.001 0.042 0.013 0.045 0.000 0.003 0.036 0.030 0.001 0.001 0.000 0.001 

Locus 178 : 201549_57 
2 alleles
4.5% missing data
 120   (0.960) 0.910 1.000 0.997 1.000 0.996 0.999 0.960 0.988 0.999 1.000 0.998 0.968 0.974 0.999 0.999 1.000 0.999 
 110   (0.040) 0.090 0.000 0.003 0.000 0.004 0.001 0.040 0.012 0.001 0.000 0.002 0.032 0.026 0.001 0.001 0.000 0.001 

Locus 179 : 203565_40 
2 alleles
3.9% missing data
 120   (0.961) 0.997 1.000 0.997 1.000 0.943 0.999 0.961 0.989 0.998 1.000 0.997 0.966 0.968 0.999 0.999 1.000 0.998 
 100   (0.039) 0.003 0.000 0.003 0.000 0.057 0.001 0.039 0.011 0.002 0.000 0.003 0.034 0.032 0.001 0.001 0.000 0.002 

Locus 180 : 205184_19 
2 alleles
7.3% missing data
 110   (0.930) 0.995 0.999 0.761 1.000 0.992 0.999 0.930 0.980 0.997 1.000 0.995 0.943 0.952 0.863 0.998 1.000 0.998 
 120   (0.070) 0.005 0.001 0.239 0.000 0.008 0.001 0.070 0.020 0.003 0.000 0.005 0.057 0.048 0.137 0.002 0.000 0.002 

Locus 181 : 206551_17 
2 alleles
6.2% missing data
 120   (0.906) 0.971 0.999 0.993 0.997 0.949 0.992 0.906 0.968 0.574 0.999 0.993 0.895 0.918 0.997 0.868 0.999 0.996 
 100   (0.094) 0.029 0.001 0.007 0.003 0.051 0.008 0.094 0.032 0.426 0.001 0.007 0.105 0.082 0.003 0.132 0.001 0.004 

Locus 182 : 216246_19 
2 alleles
2.8% missing data
 110   (0.948) 0.987 0.999 0.996 1.000 0.989 0.992 0.948 0.979 0.996 1.000 0.989 0.944 0.944 0.998 0.998 1.000 0.995 
 130   (0.052) 0.013 0.001 0.004 0.000 0.011 0.008 0.052 0.021 0.004 0.000 0.011 0.056 0.056 0.002 0.002 0.000 0.005 

Locus 183 : 216776_13 
2 alleles
5.6% missing data
 120   (0.919) 0.995 0.999 0.728 0.999 0.991 0.999 0.919 0.976 0.997 0.998 0.995 0.932 0.942 0.990 0.826 1.000 0.997 
 110   (0.081) 0.005 0.001 0.272 0.001 0.009 0.001 0.081 0.024 0.003 0.002 0.005 0.068 0.058 0.010 0.174 0.000 0.003 

Locus 184 : 217291_37 
2 alleles
3.9% missing data
 120   (0.958) 0.927 1.000 0.997 1.000 0.995 0.999 0.958 0.985 0.998 1.000 0.997 0.951 0.964 0.999 0.999 1.000 0.999 
 100   (0.042) 0.073 0.000 0.003 0.000 0.005 0.001 0.042 0.015 0.002 0.000 0.003 0.049 0.036 0.001 0.001 0.000 0.001 

Locus 185 : 217570_13 
2 alleles
3.9% missing data
 130   (0.957) 0.997 1.000 0.867 1.000 0.995 0.999 0.957 0.988 0.998 1.000 0.997 0.965 0.972 0.999 0.999 1.000 0.999 
 110   (0.043) 0.003 0.000 0.133 0.000 0.005 0.001 0.043 0.012 0.002 0.000 0.003 0.035 0.028 0.001 0.001 0.000 0.001 

Locus 186 : 220422_65 
2 alleles
3.4% missing data
 120   (0.948) 0.987 0.999 0.996 1.000 0.994 0.999 0.948 0.976 0.997 1.000 0.985 0.937 0.942 0.998 0.998 1.000 0.992 
 110   (0.052) 0.013 0.001 0.004 0.000 0.006 0.001 0.052 0.024 0.003 0.000 0.015 0.063 0.058 0.002 0.002 0.000 0.008 

Locus 187 : 220502_40 
2 alleles
6.7% missing data
 120   (0.961) 0.997 0.998 0.997 1.000 0.995 0.999 0.961 0.988 0.998 1.000 0.996 0.966 0.969 0.999 0.999 0.999 0.972 
 110   (0.039) 0.003 0.002 0.003 0.000 0.005 0.001 0.039 0.012 0.002 0.000 0.004 0.034 0.031 0.001 0.001 0.001 0.028 

Locus 188 : 220519_81 
2 alleles
4.5% missing data
 130   (0.935) 0.996 0.999 0.859 1.000 0.942 0.999 0.935 0.980 0.997 1.000 0.996 0.945 0.951 0.998 0.998 1.000 0.998 
 110   (0.065) 0.004 0.001 0.141 0.000 0.058 0.001 0.065 0.020 0.003 0.000 0.004 0.055 0.049 0.002 0.002 0.000 0.002 

Locus 189 : 222347_17 
2 alleles
3.9% missing data
 120   (0.953) 0.997 1.000 0.892 1.000 0.995 0.999 0.953 0.986 0.998 1.000 0.997 0.963 0.969 0.999 0.999 1.000 0.999 
 100   (0.047) 0.003 0.000 0.108 0.000 0.005 0.001 0.047 0.014 0.002 0.000 0.003 0.037 0.031 0.001 0.001 0.000 0.001 

Locus 190 : 222896_46 
2 alleles
0.6% missing data
 110   (0.958) 0.997 1.000 0.945 1.000 0.996 0.999 0.958 0.988 0.998 1.000 0.997 0.966 0.972 0.999 0.999 1.000 0.999 
 130   (0.042) 0.003 0.000 0.055 0.000 0.004 0.001 0.042 0.012 0.002 0.000 0.003 0.034 0.028 0.001 0.001 0.000 0.001 

Locus 191 : 223181_12 
2 alleles
3.4% missing data
 120   (0.951) 0.997 1.000 0.724 1.000 0.995 0.999 0.952 0.987 0.998 1.000 0.997 0.962 0.967 0.999 0.999 1.000 0.999 
 100   (0.049) 0.003 0.000 0.276 0.000 0.005 0.001 0.048 0.013 0.002 0.000 0.003 0.038 0.033 0.001 0.001 0.000 0.001 

Locus 192 : 224649_57 
2 alleles
5.1% missing data
 100   (0.960) 0.997 1.000 0.997 1.000 0.995 0.999 0.960 0.987 0.998 1.000 0.997 0.965 0.969 0.978 0.999 1.000 0.999 
 110   (0.040) 0.003 0.000 0.003 0.000 0.005 0.001 0.040 0.013 0.002 0.000 0.003 0.035 0.031 0.022 0.001 0.000 0.001 

Locus 193 : 226245_11 
2 alleles
5.1% missing data
 130   (0.958) 0.997 0.993 0.997 1.000 0.995 0.999 0.958 0.986 0.998 1.000 0.997 0.966 0.970 0.999 0.999 1.000 0.923 
 110   (0.042) 0.003 0.007 0.003 0.000 0.005 0.001 0.042 0.014 0.002 0.000 0.003 0.034 0.030 0.001 0.001 0.000 0.077 

Locus 194 : 226342_59 
2 alleles
6.2% missing data
 120   (0.926) 0.994 0.999 0.912 0.997 0.990 0.998 0.927 0.975 0.996 0.998 0.994 0.936 0.946 0.967 0.997 0.998 0.996 
 100   (0.074) 0.006 0.001 0.088 0.003 0.010 0.002 0.073 0.025 0.004 0.002 0.006 0.064 0.054 0.033 0.003 0.002 0.004 

Locus 195 : 228970_13 
2 alleles
3.9% missing data
 120   (0.961) 0.960 1.000 0.997 1.000 0.996 0.999 0.961 0.988 0.998 1.000 0.997 0.967 0.974 0.999 0.999 1.000 0.999 
 100   (0.039) 0.040 0.000 0.003 0.000 0.004 0.001 0.039 0.012 0.002 0.000 0.003 0.033 0.026 0.001 0.001 0.000 0.001 

Locus 196 : 229097_27 
2 alleles
5.1% missing data
 130   (0.957) 0.997 1.000 0.792 1.000 0.995 0.999 0.957 0.988 0.998 1.000 0.997 0.965 0.971 0.999 0.999 1.000 0.999 
 110   (0.043) 0.003 0.000 0.208 0.000 0.005 0.001 0.043 0.012 0.002 0.000 0.003 0.035 0.029 0.001 0.001 0.000 0.001 

Locus 197 : 229177_29 
2 alleles
7.3% missing data
 130   (0.949) 0.996 0.999 0.996 0.986 0.994 0.999 0.949 0.984 0.996 0.998 0.996 0.955 0.963 0.998 0.799 0.997 0.998 
 110   (0.051) 0.004 0.001 0.004 0.014 0.006 0.001 0.051 0.016 0.004 0.002 0.004 0.045 0.037 0.002 0.201 0.003 0.002 

Locus 198 : 229612_7 
2 alleles
6.2% missing data
 100   (0.962) 0.997 1.000 0.997 1.000 0.995 0.999 0.962 0.987 0.998 1.000 0.989 0.962 0.965 0.999 0.999 1.000 0.999 
 120   (0.038) 0.003 0.000 0.003 0.000 0.005 0.001 0.038 0.013 0.002 0.000 0.011 0.038 0.035 0.001 0.001 0.000 0.001 

Locus 199 : 229936_67 
2 alleles
3.9% missing data
 120   (0.955) 0.996 0.987 0.997 0.999 0.993 0.993 0.955 0.973 0.996 0.999 0.997 0.951 0.949 0.999 0.996 0.999 0.973 
 100   (0.045) 0.004 0.013 0.003 0.001 0.007 0.007 0.045 0.027 0.004 0.001 0.003 0.049 0.051 0.001 0.004 0.001 0.027 

Locus 200 : 232937_62 
2 alleles
2.2% missing data
 100   (0.960) 0.997 1.000 0.997 1.000 0.996 0.999 0.960 0.987 0.998 1.000 0.997 0.962 0.967 0.999 0.992 1.000 0.999 
 120   (0.040) 0.003 0.000 0.003 0.000 0.004 0.001 0.040 0.013 0.002 0.000 0.003 0.038 0.033 0.001 0.008 0.000 0.001 

Locus 201 : 233194_6 
2 alleles
2.8% missing data
 120   (0.938) 0.996 0.999 0.667 1.000 0.993 0.999 0.938 0.982 0.997 1.000 0.996 0.948 0.951 0.964 0.998 1.000 0.998 
 100   (0.062) 0.004 0.001 0.333 0.000 0.007 0.001 0.062 0.018 0.003 0.000 0.004 0.052 0.049 0.036 0.002 0.000 0.002 

Locus 202 : 234346_33 
2 alleles
4.5% missing data
 110   (0.960) 0.997 1.000 0.997 1.000 0.996 0.999 0.960 0.989 0.998 1.000 0.997 0.968 0.973 0.812 0.999 1.000 0.999 
 130   (0.040) 0.003 0.000 0.003 0.000 0.004 0.001 0.040 0.011 0.002 0.000 0.003 0.032 0.027 0.188 0.001 0.000 0.001 

Locus 203 : 235241_77 
2 alleles
2.2% missing data
 130   (0.957) 0.997 1.000 0.839 1.000 0.996 0.999 0.957 0.987 0.998 1.000 0.997 0.966 0.972 0.999 0.999 1.000 0.999 
 100   (0.043) 0.003 0.000 0.161 0.000 0.004 0.001 0.043 0.013 0.002 0.000 0.003 0.034 0.028 0.001 0.001 0.000 0.001 

Locus 204 : 236207_44 
2 alleles
6.2% missing data
 120   (0.909) 0.964 0.700 0.993 1.000 0.881 0.998 0.909 0.974 0.996 1.000 0.993 0.924 0.934 0.997 0.998 1.000 0.807 
 100   (0.091) 0.036 0.300 0.007 0.000 0.119 0.002 0.091 0.026 0.004 0.000 0.007 0.076 0.066 0.003 0.002 0.000 0.193 

Locus 205 : 236307_12 
2 alleles
1.7% missing data
 130   (0.957) 0.993 0.999 0.997 0.999 0.987 0.546 0.957 0.986 0.998 1.000 0.997 0.964 0.970 0.999 0.999 1.000 0.999 
 110   (0.043) 0.007 0.001 0.003 0.001 0.013 0.454 0.043 0.014 0.002 0.000 0.003 0.036 0.030 0.001 0.001 0.000 0.001 

Locus 206 : 236931_45 
2 alleles
6.7% missing data
 120   (0.889) 0.712 0.999 0.992 0.999 0.465 0.997 0.889 0.966 0.995 1.000 0.689 0.909 0.906 0.997 0.997 1.000 0.992 
 100   (0.111) 0.288 0.001 0.008 0.001 0.535 0.003 0.111 0.034 0.005 0.000 0.311 0.091 0.094 0.003 0.003 0.000 0.008 

Locus 207 : 236999_38 
2 alleles
2.8% missing data
 120   (0.957) 0.997 1.000 0.945 1.000 0.995 0.999 0.957 0.987 0.998 1.000 0.997 0.966 0.972 0.999 0.999 1.000 0.999 
 100   (0.043) 0.003 0.000 0.055 0.000 0.005 0.001 0.043 0.013 0.002 0.000 0.003 0.034 0.028 0.001 0.001 0.000 0.001 

Locus 208 : 240398_42 
2 alleles
3.9% missing data
 110   (0.860) 0.882 0.999 0.990 0.999 0.444 0.619 0.860 0.951 0.994 0.999 0.812 0.867 0.866 0.996 0.996 0.999 0.996 
 130   (0.140) 0.118 0.001 0.010 0.001 0.556 0.381 0.140 0.049 0.006 0.001 0.188 0.133 0.134 0.004 0.004 0.001 0.004 

Locus 209 : 240825_22 
2 alleles
6.2% missing data
 130   (0.961) 0.997 0.999 0.997 0.997 0.993 0.999 0.960 0.986 0.996 1.000 0.997 0.959 0.964 0.998 0.997 0.997 0.997 
 110   (0.039) 0.003 0.001 0.003 0.003 0.007 0.001 0.040 0.014 0.004 0.000 0.003 0.041 0.036 0.002 0.003 0.003 0.003 

Locus 210 : 244435_48 
2 alleles
1.7% missing data
 110   (0.960) 0.997 0.992 0.997 1.000 0.995 0.999 0.960 0.988 0.998 1.000 0.997 0.968 0.972 0.999 0.999 1.000 0.923 
 130   (0.040) 0.003 0.008 0.003 0.000 0.005 0.001 0.040 0.012 0.002 0.000 0.003 0.032 0.028 0.001 0.001 0.000 0.077 

Locus 211 : 245971_21 
2 alleles
5.1% missing data
 130   (0.959) 0.997 1.000 0.915 1.000 0.996 0.999 0.959 0.987 0.998 1.000 0.997 0.968 0.973 0.999 0.999 1.000 0.999 
 120   (0.041) 0.003 0.000 0.085 0.000 0.004 0.001 0.041 0.013 0.002 0.000 0.003 0.032 0.027 0.001 0.001 0.000 0.001 

Locus 212 : 246895_22 
2 alleles
3.4% missing data
 120   (0.959) 0.997 1.000 0.997 1.000 0.995 0.994 0.959 0.984 0.998 1.000 0.997 0.959 0.968 0.999 0.999 1.000 0.999 
 110   (0.041) 0.003 0.000 0.003 0.000 0.005 0.006 0.041 0.016 0.002 0.000 0.003 0.041 0.032 0.001 0.001 0.000 0.001 

Locus 213 : 248131_26 
2 alleles
7.9% missing data
 130   (0.947) 0.993 0.999 0.996 0.999 0.992 0.998 0.947 0.981 0.953 0.998 0.977 0.953 0.955 0.998 0.997 0.999 0.997 
 110   (0.053) 0.007 0.001 0.004 0.001 0.008 0.002 0.053 0.019 0.047 0.002 0.023 0.047 0.045 0.002 0.003 0.001 0.003 

Locus 214 : 250844_49 
2 alleles
7.3% missing data
 130   (0.963) 0.997 1.000 0.997 1.000 0.996 0.999 0.963 0.989 0.998 1.000 0.983 0.962 0.970 0.999 0.999 1.000 0.999 
 100   (0.037) 0.003 0.000 0.003 0.000 0.004 0.001 0.037 0.011 0.002 0.000 0.017 0.038 0.030 0.001 0.001 0.000 0.001 

Locus 215 : 251283_19 
2 alleles
5.6% missing data
 120   (0.961) 0.997 1.000 0.997 1.000 0.832 0.999 0.961 0.988 0.998 1.000 0.998 0.969 0.973 0.999 0.999 1.000 0.999 
 100   (0.039) 0.003 0.000 0.003 0.000 0.168 0.001 0.039 0.012 0.002 0.000 0.002 0.031 0.027 0.001 0.001 0.000 0.001 

Locus 216 : 251358_15 
2 alleles
8.4% missing data
 110   (0.940) 0.995 0.998 0.995 1.000 0.991 0.999 0.940 0.982 0.997 0.999 0.796 0.949 0.945 0.998 0.999 1.000 0.957 
 120   (0.060) 0.005 0.002 0.005 0.000 0.009 0.001 0.060 0.018 0.003 0.001 0.204 0.051 0.055 0.002 0.001 0.000 0.043 

Locus 217 : 251901_42 
2 alleles
2.2% missing data
 120   (0.963) 0.998 0.999 0.997 1.000 0.996 0.999 0.963 0.988 0.984 1.000 0.997 0.961 0.962 0.999 0.999 1.000 0.998 
 100   (0.037) 0.002 0.001 0.003 0.000 0.004 0.001 0.037 0.012 0.016 0.000 0.003 0.039 0.038 0.001 0.001 0.000 0.002 

Locus 218 : 252158_43 
2 alleles
0.0% missing data
 120   (0.959) 0.997 1.000 0.919 1.000 0.996 0.999 0.959 0.988 0.998 1.000 0.997 0.967 0.973 0.999 0.999 1.000 0.999 
 100   (0.041) 0.003 0.000 0.081 0.000 0.004 0.001 0.041 0.012 0.002 0.000 0.003 0.033 0.027 0.001 0.001 0.000 0.001 

Locus 219 : 252988_16 
2 alleles
7.9% missing data
 110   (0.955) 0.997 1.000 0.996 0.999 0.995 0.998 0.955 0.988 0.674 1.000 0.996 0.962 0.969 0.998 0.999 1.000 0.998 
 100   (0.045) 0.003 0.000 0.004 0.001 0.005 0.002 0.045 0.012 0.326 0.000 0.004 0.038 0.031 0.002 0.001 0.000 0.002 

Locus 220 : 254425_88 
2 alleles
5.6% missing data
 130   (0.927) 0.995 0.999 0.773 1.000 0.992 0.999 0.927 0.979 0.997 1.000 0.995 0.941 0.950 0.881 0.997 1.000 0.998 
 110   (0.073) 0.005 0.001 0.227 0.000 0.008 0.001 0.073 0.021 0.003 0.000 0.005 0.059 0.050 0.119 0.003 0.000 0.002 

Locus 221 : 256337_57 
2 alleles
5.6% missing data
 110   (0.962) 0.998 1.000 0.997 1.000 0.935 0.999 0.962 0.988 0.998 1.000 0.997 0.968 0.973 0.999 0.999 1.000 0.999 
 130   (0.038) 0.002 0.000 0.003 0.000 0.065 0.001 0.038 0.012 0.002 0.000 0.003 0.032 0.027 0.001 0.001 0.000 0.001 

Locus 222 : 259058_15 
2 alleles
1.7% missing data
 120   (0.963) 0.998 1.000 0.997 1.000 0.996 0.999 0.963 0.989 0.999 1.000 0.997 0.970 0.976 0.870 0.999 1.000 0.999 
 100   (0.037) 0.002 0.000 0.003 0.000 0.004 0.001 0.037 0.011 0.001 0.000 0.003 0.030 0.024 0.130 0.001 0.000 0.001 

Locus 223 : 259869_81 
2 alleles
0.6% missing data
 120   (0.959) 0.997 1.000 0.997 1.000 0.996 0.999 0.959 0.987 0.998 1.000 0.997 0.967 0.973 0.939 0.999 1.000 0.999 
 130   (0.041) 0.003 0.000 0.003 0.000 0.004 0.001 0.041 0.013 0.002 0.000 0.003 0.033 0.027 0.061 0.001 0.000 0.001 

Locus 224 : 260700_55 
2 alleles
2.2% missing data
 130   (0.961) 0.997 0.999 0.997 0.998 0.995 0.999 0.961 0.987 0.995 0.999 0.997 0.965 0.971 0.999 0.976 1.000 0.999 
 110   (0.039) 0.003 0.001 0.003 0.002 0.005 0.001 0.039 0.013 0.005 0.001 0.003 0.035 0.029 0.001 0.024 0.000 0.001 

Locus 225 : 262223_11 
2 alleles
4.5% missing data
 130   (0.957) 0.997 1.000 0.997 1.000 0.995 0.999 0.957 0.987 0.998 1.000 0.997 0.965 0.972 0.999 0.848 1.000 0.999 
 100   (0.043) 0.003 0.000 0.003 0.000 0.005 0.001 0.043 0.013 0.002 0.000 0.003 0.035 0.028 0.001 0.152 0.000 0.001 

Locus 226 : 262346_48 
2 alleles
3.4% missing data
 130   (0.961) 0.997 1.000 0.997 1.000 0.416 0.999 0.961 0.988 0.998 1.000 0.998 0.969 0.975 0.999 0.999 1.000 0.999 
 110   (0.039) 0.003 0.000 0.003 0.000 0.584 0.001 0.039 0.012 0.002 0.000 0.002 0.031 0.025 0.001 0.001 0.000 0.001 

Locus 227 : 262620_18 
2 alleles
3.9% missing data
 110   (0.948) 0.995 0.995 0.995 0.997 0.992 0.995 0.948 0.973 0.997 0.998 0.995 0.942 0.943 0.998 0.998 0.998 0.993 
 130   (0.052) 0.005 0.005 0.005 0.003 0.008 0.005 0.052 0.027 0.003 0.002 0.005 0.058 0.057 0.002 0.002 0.002 0.007 

Locus 228 : 263002_42 
2 alleles
3.4% missing data
 120   (0.954) 0.996 1.000 0.996 1.000 0.995 0.999 0.954 0.986 0.998 1.000 0.832 0.961 0.966 0.999 0.999 1.000 0.999 
 100   (0.046) 0.004 0.000 0.004 0.000 0.005 0.001 0.046 0.014 0.002 0.000 0.168 0.039 0.034 0.001 0.001 0.000 0.001 

Locus 229 : 263813_70 
2 alleles
10.1% missing data
 130   (0.960) 0.997 1.000 0.997 1.000 0.995 0.999 0.960 0.988 0.998 1.000 0.997 0.967 0.973 0.934 0.999 1.000 0.999 
 110   (0.040) 0.003 0.000 0.003 0.000 0.005 0.001 0.040 0.012 0.002 0.000 0.003 0.033 0.027 0.066 0.001 0.000 0.001 

Locus 230 : 264184_13 
2 alleles
10.1% missing data
 110   (0.919) 0.994 0.986 0.993 1.000 0.947 0.998 0.919 0.974 0.826 1.000 0.994 0.921 0.929 0.997 0.998 1.000 0.873 
 130   (0.081) 0.006 0.014 0.007 0.000 0.053 0.002 0.081 0.026 0.174 0.000 0.006 0.079 0.071 0.003 0.002 0.000 0.127 

Values of parameters used in structure:
DATAFILE=C:\Users\jmahg\OneDrive\Desktop\Transfers\TrkNbr-1524n1282n1083_AllPops_Structure_p18_r080_LDnHWEx\project_data,	OUTFILE=C:\Users\jmahg\OneDrive\Desktop\Transfers\TrkNbr-1524n1282n1083_AllPops_Structure_p18_r080_LDnHWEx\BI50000_MCMC100000\Results\BI50000_MCMC100000_run_169,	NUMINDS=178,	NUMLOCI=230,	MISSING=0,	LABEL=1,	POPDATA=1,	POPFLAG=0,	PHENOTYPE=0,	EXTRACOLS=0,	MAXPOPS=17,	BURNIN=50000,	NUMREPS=100000,	USEPOPINFO=0,	INFERALPHA=1,	INFERLAMBDA=0,	POPSPECIFICLAMBDA=0,	POPALPHAS=0,	COMPUTEPROB=1,	NOADMIX=0,	ADMBURNIN=2500,	UPDATEFREQ=1,	PRINTLIKES=0,	INTERMEDSAVE=0,	PRINTKLD=0,	PRINTNET=0,	PRINTLAMBDA=0,	ANCESTDIST=0,	NUMBOXES=1000,	ANCESTPINT=0.90000,	GENSBACK=2,	MIGRPRIOR=0.05000,	PRINTQHAT=0,	PRINTQSUM=0,	ALPHA=1.0000,	FREQSCORR=1,	FPRIORMEAN=0.0100,	FPRIORSD=0.0500,	ONEFST=0,	LAMBDA=1.0000,	UNIFPRIORALPHA=1,	ALPHAMAX=10.0000,	ALPHAPRIORA=1.0000,	ALPHAPRIORB=2.0000,	ALPHAPROPSD=0.0250,	STARTATPOPINFO=0,	RANDOMIZE=1,	LINKAGE=0,	METROFREQ=10,	REPORTHITRATE=0,	MARKOVPHASE=-1,	PHASED=0,	PLOIDY=2,	PHASEINFO=0	LOCPRIOR=0, 	LOCPRIORINIT=1.000000, 	LOCDATA=0, 	LOCISPOP=0, 	LOCPRIORSTEP=0.100000, 	MAXLOCPRIOR=20.000000, 	SEED=1603045115,	
[STRAT parameters]:    NUMSIMSTATS=1000,	PHENOTYPECOL=-9,	POOLFREQ=10,	LOCUSxONLY=0,	EMERROR=0.00100,	MISSINGPHENO=-9,	