

----------------------------------------------------
STRUCTURE by Pritchard, Stephens and Donnelly (2000)
     and Falush, Stephens and Pritchard (2003)
       Code by Pritchard, Falush and Hubisz
             Version 2.3.4 (Jul 2012)
----------------------------------------------------



Command line arguments:   bin\structure -m C:\Users\jmahg\OneDrive\Desktop\Transfers\TrkNbr-1524n1282n1083_AllPops_Structure_p18_r080_LDnHWEx\BI50000_MCMC100000\mainparams -e C:\Users\jmahg\OneDrive\Desktop\Transfers\TrkNbr-1524n1282n1083_AllPops_Structure_p18_r080_LDnHWEx\BI50000_MCMC100000\extraparams 
Input File:    C:\Users\jmahg\OneDrive\Desktop\Transfers\TrkNbr-1524n1282n1083_AllPops_Structure_p18_r080_LDnHWEx\project_data

Run parameters:
   178 individuals
   230 loci
   15 populations assumed
   50000 Burn-in period
   100000 Reps


--------------------------------------------
Proportion of membership of each pre-defined
 population in each of the 15 clusters

Given    Inferred Clusters                                                                                           Number of
 Pop       1      2      3      4      5      6      7      8      9     10     11     12     13     14     15      Individuals

  1:     0.003  0.027  0.125  0.014  0.033  0.006  0.011  0.008  0.004  0.027  0.006  0.012  0.007  0.007  0.709       10
  2:     0.003  0.072  0.086  0.006  0.084  0.023  0.015  0.008  0.012  0.073  0.021  0.526  0.039  0.004  0.028        8
  3:     0.003  0.122  0.035  0.006  0.089  0.010  0.550  0.009  0.003  0.100  0.011  0.020  0.028  0.004  0.010       10
  4:     0.003  0.113  0.042  0.023  0.092  0.007  0.028  0.011  0.009  0.093  0.007  0.090  0.436  0.018  0.027       10
  5:     0.899  0.014  0.009  0.004  0.013  0.003  0.009  0.011  0.003  0.012  0.003  0.007  0.005  0.003  0.006       10
  6:     0.003  0.165  0.045  0.008  0.132  0.003  0.428  0.011  0.004  0.144  0.003  0.021  0.008  0.004  0.020       10
  7:     0.002  0.043  0.745  0.005  0.067  0.003  0.012  0.006  0.003  0.058  0.003  0.010  0.006  0.003  0.035       10
  8:     0.003  0.066  0.085  0.063  0.095  0.028  0.036  0.010  0.020  0.067  0.034  0.267  0.047  0.044  0.135       10
  9:     0.003  0.235  0.214  0.006  0.203  0.002  0.032  0.012  0.003  0.214  0.002  0.024  0.009  0.004  0.037       10
 10:     0.003  0.435  0.059  0.008  0.159  0.004  0.052  0.016  0.004  0.187  0.003  0.038  0.013  0.005  0.014       10
 11:     0.003  0.082  0.026  0.596  0.064  0.021  0.017  0.008  0.008  0.071  0.024  0.038  0.012  0.006  0.025       10
 12:     0.003  0.043  0.024  0.594  0.045  0.004  0.020  0.011  0.006  0.041  0.004  0.059  0.013  0.092  0.042       10
 13:     0.003  0.021  0.018  0.010  0.020  0.007  0.011  0.007  0.007  0.018  0.007  0.011  0.009  0.841  0.010       10
 14:     0.012  0.055  0.019  0.005  0.043  0.004  0.020  0.755  0.003  0.047  0.004  0.012  0.007  0.004  0.009       10
 15:     0.008  0.035  0.017  0.005  0.029  0.004  0.036  0.801  0.003  0.029  0.004  0.009  0.006  0.004  0.008       10
 16:     0.003  0.091  0.055  0.013  0.110  0.022  0.042  0.009  0.013  0.092  0.022  0.045  0.455  0.006  0.022       10
 17:     0.003  0.066  0.031  0.063  0.065  0.007  0.019  0.008  0.536  0.049  0.007  0.062  0.028  0.016  0.042       10
 18:     0.859  0.025  0.014  0.004  0.020  0.004  0.013  0.009  0.003  0.021  0.004  0.009  0.006  0.003  0.007       10
--------------------------------------------

Allele-freq. divergence among pops (Net nucleotide distance),
computed using point estimates of P.

      1       2       3       4       5       6       7       8       9      10      11      12      13      14      15      
 1      -    0.0071  0.0083  0.0092  0.0066  0.0059  0.0075  0.0066  0.0147  0.0065  0.0059  0.0100  0.0106  0.0114  0.0092  
 2   0.0071     -    0.0013  0.0026  0.0002  0.0032  0.0010  0.0017  0.0085  0.0002  0.0032  0.0031  0.0039  0.0050  0.0024  
 3   0.0083  0.0013     -    0.0039  0.0010  0.0037  0.0024  0.0030  0.0095  0.0012  0.0038  0.0042  0.0051  0.0062  0.0014  
 4   0.0092  0.0026  0.0039     -    0.0022  0.0029  0.0034  0.0040  0.0077  0.0022  0.0029  0.0046  0.0056  0.0046  0.0034  
 5   0.0066  0.0002  0.0010  0.0022     -    0.0022  0.0010  0.0016  0.0078  0.0000  0.0023  0.0028  0.0036  0.0045  0.0019  
 6   0.0059  0.0032  0.0037  0.0029  0.0022     -    0.0034  0.0035  0.0070  0.0023  0.0000  0.0046  0.0048  0.0046  0.0036  
 7   0.0075  0.0010  0.0024  0.0034  0.0010  0.0034     -    0.0025  0.0093  0.0009  0.0035  0.0040  0.0045  0.0057  0.0033  
 8   0.0066  0.0017  0.0030  0.0040  0.0016  0.0035  0.0025     -    0.0099  0.0015  0.0035  0.0047  0.0054  0.0063  0.0040  
 9   0.0147  0.0085  0.0095  0.0077  0.0078  0.0070  0.0093  0.0099     -    0.0079  0.0070  0.0066  0.0114  0.0103  0.0097  
10   0.0065  0.0002  0.0012  0.0022  0.0000  0.0023  0.0009  0.0015  0.0079     -    0.0023  0.0029  0.0033  0.0045  0.0020  
11   0.0059  0.0032  0.0038  0.0029  0.0023  0.0000  0.0035  0.0035  0.0070  0.0023     -    0.0047  0.0049  0.0047  0.0036  
12   0.0100  0.0031  0.0042  0.0046  0.0028  0.0046  0.0040  0.0047  0.0066  0.0029  0.0047     -    0.0067  0.0074  0.0051  
13   0.0106  0.0039  0.0051  0.0056  0.0036  0.0048  0.0045  0.0054  0.0114  0.0033  0.0049  0.0067     -    0.0083  0.0058  
14   0.0114  0.0050  0.0062  0.0046  0.0045  0.0046  0.0057  0.0063  0.0103  0.0045  0.0047  0.0074  0.0083     -    0.0063  
15   0.0092  0.0024  0.0014  0.0034  0.0019  0.0036  0.0033  0.0040  0.0097  0.0020  0.0036  0.0051  0.0058  0.0063     -    

Average distances (expected heterozygosity) between individuals in same cluster:
cluster  1  : 0.0656 
cluster  2  : 0.0028 
cluster  3  : 0.0076 
cluster  4  : 0.0321 
cluster  5  : 0.0174 
cluster  6  : 0.1012 
cluster  7  : 0.0131 
cluster  8  : 0.0223 
cluster  9  : 0.0441 
cluster 10  : 0.0178 
cluster 11  : 0.1022 
cluster 12  : 0.0116 
cluster 13  : 0.0232 
cluster 14  : 0.0390 
cluster 15  : 0.0188 

--------------------------------------------
Estimated Ln Prob of Data   = -3743.0
Mean value of ln likelihood = -3258.4
Variance of ln likelihood   = 969.2
Mean value of alpha         = 0.0338

Mean value of Fst_1         = 0.2871
Mean value of Fst_2         = 0.9146
Mean value of Fst_3         = 0.8496
Mean value of Fst_4         = 0.4595
Mean value of Fst_5         = 0.8006
Mean value of Fst_6         = 0.0258
Mean value of Fst_7         = 0.7189
Mean value of Fst_8         = 0.5712
Mean value of Fst_9         = 0.4362
Mean value of Fst_10         = 0.8093
Mean value of Fst_11         = 0.0082
Mean value of Fst_12         = 0.8068
Mean value of Fst_13         = 0.5917
Mean value of Fst_14         = 0.4446
Mean value of Fst_15         = 0.6446


Inferred ancestry of individuals:
        Label (%Miss) Pop:  Inferred clusters
  1 TGCP_WM1    (0)    1 :  0.003 0.034 0.038 0.010 0.042 0.005 0.016 0.010 0.004 0.033 0.007 0.008 0.009 0.005 0.776 
  2 TGCP_WM10    (1)    1 :  0.003 0.066 0.129 0.011 0.113 0.002 0.019 0.009 0.005 0.083 0.002 0.020 0.009 0.005 0.525 
  3 TGCP_WM2    (0)    1 :  0.004 0.040 0.256 0.006 0.045 0.027 0.015 0.010 0.005 0.033 0.035 0.012 0.007 0.004 0.501 
  4 TGCP_WM3    (1)    1 :  0.003 0.023 0.063 0.009 0.021 0.002 0.009 0.008 0.003 0.023 0.002 0.007 0.004 0.004 0.820 
  5 TGCP_WM4    (0)    1 :  0.003 0.020 0.018 0.060 0.022 0.004 0.012 0.008 0.004 0.014 0.004 0.014 0.010 0.004 0.804 
  6 TGCP_WM5    (0)    1 :  0.002 0.020 0.050 0.011 0.018 0.009 0.007 0.006 0.004 0.012 0.005 0.012 0.006 0.008 0.829 
  7 TGCP_WM6    (0)    1 :  0.003 0.018 0.028 0.010 0.013 0.002 0.009 0.007 0.003 0.019 0.002 0.007 0.008 0.005 0.868 
  8 TGCP_WM7    (0)    1 :  0.003 0.026 0.636 0.006 0.040 0.004 0.012 0.006 0.008 0.038 0.004 0.028 0.013 0.021 0.155 
  9 TGCP_WM8    (0)    1 :  0.003 0.013 0.024 0.013 0.011 0.002 0.007 0.007 0.004 0.014 0.002 0.009 0.005 0.016 0.870 
 10 TGCP_WM9    (0)    1 :  0.003 0.006 0.011 0.005 0.006 0.002 0.005 0.004 0.003 0.005 0.002 0.005 0.003 0.002 0.939 
 11 MRLP_WM123    (3)    2 :  0.003 0.019 0.023 0.008 0.072 0.093 0.006 0.007 0.006 0.023 0.092 0.611 0.023 0.004 0.009 
 12 MRLP_WM124    (4)    2 :  0.003 0.038 0.010 0.006 0.026 0.002 0.015 0.013 0.004 0.039 0.002 0.821 0.008 0.004 0.011 
 13 MRLP_WM125    (1)    2 :  0.004 0.015 0.055 0.008 0.031 0.080 0.009 0.006 0.048 0.025 0.059 0.621 0.006 0.004 0.029 
 14 MRLP_WM126    (2)    2 :  0.003 0.313 0.059 0.005 0.231 0.002 0.042 0.011 0.002 0.294 0.001 0.018 0.006 0.004 0.009 
 15 MRLP_WM127    (3)    2 :  0.004 0.112 0.362 0.007 0.190 0.004 0.020 0.010 0.026 0.120 0.005 0.024 0.011 0.007 0.099 
 16 MRLP_WM128    (3)    2 :  0.002 0.007 0.006 0.004 0.008 0.001 0.009 0.004 0.003 0.005 0.001 0.936 0.006 0.002 0.005 
 17 MRLP_WM129    (7)    2 :  0.003 0.027 0.058 0.007 0.055 0.004 0.012 0.005 0.003 0.038 0.003 0.515 0.241 0.003 0.028 
 18 MRLP_WM130    (5)    2 :  0.002 0.044 0.118 0.004 0.061 0.002 0.006 0.005 0.003 0.042 0.002 0.661 0.014 0.003 0.033 
 19 STT_WM183    (2)    3 :  0.003 0.037 0.020 0.013 0.037 0.074 0.669 0.009 0.003 0.032 0.077 0.008 0.006 0.004 0.006 
 20 STT_WM184    (3)    3 :  0.003 0.074 0.010 0.004 0.037 0.011 0.662 0.007 0.005 0.061 0.009 0.029 0.073 0.006 0.009 
 21 STT_WM185   (15)    3 :  0.003 0.250 0.129 0.006 0.229 0.002 0.051 0.016 0.004 0.227 0.002 0.052 0.009 0.004 0.018 
 22 STT_WM186   (13)    3 :  0.003 0.327 0.063 0.006 0.215 0.002 0.047 0.010 0.003 0.245 0.002 0.039 0.012 0.005 0.020 
 23 STT_WM187   (13)    3 :  0.003 0.026 0.010 0.005 0.017 0.002 0.873 0.007 0.003 0.024 0.002 0.010 0.005 0.005 0.007 
 24 STT_WM188    (3)    3 :  0.002 0.010 0.007 0.003 0.010 0.002 0.937 0.004 0.002 0.007 0.001 0.005 0.003 0.002 0.004 
 25 STT_WM189    (0)    3 :  0.003 0.343 0.064 0.005 0.237 0.001 0.034 0.010 0.003 0.249 0.002 0.029 0.007 0.004 0.009 
 26 STT_WM190   (11)    3 :  0.003 0.012 0.007 0.004 0.015 0.002 0.911 0.007 0.002 0.015 0.002 0.006 0.006 0.003 0.006 
 27 STT_WM191    (7)    3 :  0.003 0.128 0.038 0.006 0.087 0.002 0.570 0.010 0.003 0.101 0.002 0.021 0.012 0.004 0.013 
 28 STT_WM192   (12)    3 :  0.003 0.012 0.006 0.005 0.008 0.007 0.746 0.004 0.003 0.038 0.008 0.006 0.145 0.004 0.004 
 29 FSSP_WM241    (3)    4 :  0.003 0.159 0.048 0.021 0.153 0.009 0.033 0.014 0.009 0.126 0.008 0.134 0.163 0.041 0.080 
 30 FSSP_WM242   (15)    4 :  0.003 0.326 0.068 0.010 0.198 0.002 0.057 0.017 0.003 0.263 0.002 0.027 0.009 0.004 0.014 
 31 FSSP_WM243    (6)    4 :  0.003 0.010 0.007 0.005 0.009 0.010 0.006 0.004 0.003 0.013 0.009 0.006 0.903 0.006 0.005 
 32 FSSP_WM244    (5)    4 :  0.004 0.090 0.071 0.030 0.093 0.007 0.019 0.014 0.027 0.073 0.006 0.384 0.020 0.088 0.073 
 33 FSSP_WM245   (10)    4 :  0.003 0.178 0.053 0.006 0.169 0.002 0.050 0.011 0.003 0.157 0.003 0.017 0.324 0.005 0.019 
 34 FSSP_WM246    (6)    4 :  0.003 0.258 0.093 0.012 0.188 0.006 0.053 0.023 0.007 0.179 0.007 0.054 0.080 0.005 0.034 
 35 FSSP_WM247    (3)    4 :  0.003 0.013 0.017 0.014 0.018 0.008 0.008 0.006 0.006 0.017 0.009 0.015 0.838 0.015 0.014 
 36 FSSP_WM248    (9)    4 :  0.003 0.014 0.013 0.019 0.016 0.003 0.007 0.005 0.004 0.015 0.004 0.009 0.870 0.013 0.005 
 37 FSSP_WM249    (6)    4 :  0.003 0.024 0.016 0.045 0.021 0.004 0.016 0.010 0.005 0.049 0.004 0.008 0.783 0.003 0.009 
 38 FSSP_WM250    (2)    4 :  0.003 0.057 0.035 0.070 0.059 0.016 0.032 0.011 0.024 0.042 0.019 0.243 0.366 0.004 0.017 
 39 HNL_WM301    (3)    5 :  0.911 0.011 0.008 0.005 0.013 0.002 0.005 0.007 0.002 0.014 0.002 0.006 0.005 0.003 0.005 
 40 HNL_WM302    (2)    5 :  0.950 0.005 0.004 0.003 0.006 0.002 0.005 0.004 0.002 0.005 0.002 0.004 0.004 0.002 0.003 
 41 HNL_WM303    (2)    5 :  0.896 0.014 0.009 0.004 0.021 0.002 0.008 0.008 0.003 0.013 0.002 0.006 0.005 0.003 0.007 
 42 HNL_WM304    (3)    5 :  0.838 0.025 0.016 0.005 0.019 0.002 0.015 0.022 0.003 0.024 0.002 0.008 0.007 0.004 0.010 
 43 HNL_WM305    (3)    5 :  0.927 0.006 0.007 0.004 0.008 0.004 0.007 0.008 0.003 0.005 0.004 0.005 0.003 0.002 0.005 
 44 HNL_WM306    (0)    5 :  0.927 0.009 0.007 0.004 0.006 0.003 0.005 0.010 0.003 0.007 0.004 0.005 0.003 0.003 0.004 
 45 HNL_WM307    (3)    5 :  0.910 0.014 0.010 0.004 0.011 0.003 0.009 0.005 0.003 0.012 0.002 0.006 0.004 0.002 0.006 
 46 HNL_WM308    (3)    5 :  0.902 0.012 0.008 0.004 0.012 0.002 0.010 0.016 0.003 0.010 0.002 0.008 0.005 0.002 0.005 
 47 HNL_WM309    (0)    5 :  0.847 0.020 0.010 0.006 0.024 0.007 0.011 0.015 0.005 0.021 0.007 0.010 0.007 0.004 0.008 
 48 HNL_WM310   (10)    5 :  0.883 0.018 0.015 0.005 0.014 0.002 0.011 0.012 0.003 0.014 0.002 0.008 0.007 0.003 0.005 
 49 MPO_WM482    (2)    6 :  0.004 0.017 0.006 0.004 0.014 0.002 0.914 0.005 0.003 0.012 0.002 0.006 0.003 0.003 0.004 
 50 MPO_WM483    (3)    6 :  0.003 0.135 0.054 0.006 0.176 0.004 0.408 0.013 0.004 0.149 0.004 0.016 0.007 0.003 0.019 
 51 MPO_WM484    (1)    6 :  0.002 0.109 0.034 0.005 0.065 0.002 0.640 0.007 0.003 0.092 0.002 0.014 0.009 0.004 0.010 
 52 MPO_WM485    (0)    6 :  0.003 0.032 0.010 0.005 0.082 0.006 0.771 0.007 0.005 0.041 0.007 0.008 0.008 0.004 0.011 
 53 MPO_WM486   (21)    6 :  0.003 0.274 0.099 0.006 0.225 0.002 0.040 0.018 0.004 0.264 0.002 0.027 0.012 0.005 0.020 
 54 MPO_WM487   (19)    6 :  0.003 0.131 0.054 0.007 0.072 0.003 0.548 0.014 0.004 0.104 0.002 0.025 0.013 0.007 0.013 
 55 MPO_WM488    (9)    6 :  0.003 0.339 0.053 0.006 0.215 0.002 0.059 0.016 0.003 0.264 0.002 0.015 0.006 0.004 0.014 
 56 MPO_WM489    (3)    6 :  0.003 0.014 0.011 0.025 0.016 0.004 0.789 0.007 0.007 0.012 0.003 0.014 0.006 0.003 0.085 
 57 MPO_WM490   (24)    6 :  0.003 0.272 0.066 0.007 0.233 0.002 0.072 0.013 0.005 0.262 0.002 0.034 0.010 0.005 0.013 
 58 MPO_WM491   (11)    6 :  0.002 0.331 0.060 0.007 0.224 0.002 0.040 0.009 0.003 0.242 0.002 0.054 0.008 0.003 0.012 
 59 OICP_WM541    (1)    7 :  0.003 0.015 0.908 0.004 0.013 0.001 0.008 0.004 0.002 0.017 0.002 0.007 0.005 0.004 0.008 
 60 OICP_WM542    (2)    7 :  0.002 0.017 0.897 0.004 0.023 0.002 0.006 0.007 0.003 0.014 0.001 0.007 0.004 0.003 0.010 
 61 OICP_WM543    (0)    7 :  0.002 0.012 0.916 0.004 0.012 0.001 0.007 0.006 0.003 0.013 0.001 0.006 0.004 0.002 0.009 
 62 OICP_WM544    (1)    7 :  0.003 0.099 0.218 0.005 0.207 0.012 0.029 0.008 0.003 0.219 0.016 0.010 0.013 0.006 0.152 
 63 OICP_WM545    (0)    7 :  0.002 0.028 0.835 0.007 0.037 0.001 0.012 0.006 0.003 0.033 0.002 0.010 0.005 0.004 0.016 
 64 OICP_WM546    (3)    7 :  0.002 0.099 0.500 0.006 0.172 0.002 0.017 0.006 0.003 0.114 0.001 0.016 0.007 0.003 0.052 
 65 OICP_WM547    (2)    7 :  0.003 0.117 0.456 0.005 0.174 0.001 0.018 0.009 0.003 0.118 0.002 0.022 0.007 0.004 0.062 
 66 OICP_WM548    (3)    7 :  0.003 0.015 0.914 0.004 0.010 0.002 0.007 0.004 0.002 0.012 0.002 0.007 0.004 0.003 0.012 
 67 OICP_WM549    (0)    7 :  0.002 0.010 0.912 0.003 0.007 0.001 0.006 0.006 0.002 0.014 0.001 0.007 0.004 0.002 0.022 
 68 OICP_WM550    (1)    7 :  0.002 0.015 0.893 0.005 0.016 0.001 0.009 0.004 0.002 0.025 0.002 0.007 0.005 0.004 0.011 
 69 IRO_WM601    (2)    8 :  0.003 0.054 0.101 0.100 0.054 0.006 0.016 0.010 0.006 0.051 0.006 0.023 0.037 0.038 0.496 
 70 IRO_WM602    (1)    8 :  0.003 0.103 0.353 0.007 0.227 0.006 0.019 0.011 0.005 0.078 0.006 0.072 0.008 0.006 0.095 
 71 IRO_WM603    (2)    8 :  0.003 0.040 0.021 0.257 0.065 0.019 0.019 0.008 0.005 0.042 0.019 0.016 0.024 0.273 0.189 
 72 IRO_WM604    (0)    8 :  0.002 0.016 0.014 0.011 0.049 0.088 0.013 0.007 0.027 0.017 0.133 0.600 0.005 0.008 0.011 
 73 IRO_WM605    (3)    8 :  0.003 0.013 0.012 0.031 0.014 0.002 0.008 0.004 0.019 0.009 0.002 0.657 0.004 0.003 0.218 
 74 IRO_WM606    (3)    8 :  0.004 0.050 0.028 0.008 0.045 0.005 0.024 0.010 0.035 0.041 0.005 0.712 0.017 0.004 0.012 
 75 IRO_WM607    (2)    8 :  0.004 0.095 0.068 0.085 0.103 0.010 0.024 0.015 0.015 0.073 0.012 0.347 0.107 0.005 0.038 
 76 IRO_WM608    (0)    8 :  0.003 0.064 0.130 0.083 0.158 0.062 0.017 0.006 0.014 0.117 0.069 0.022 0.030 0.020 0.205 
 77 IRO_WM609    (0)    8 :  0.003 0.127 0.087 0.036 0.152 0.069 0.029 0.015 0.017 0.111 0.073 0.169 0.008 0.035 0.069 
 78 IRO_WM610   (13)    8 :  0.004 0.095 0.039 0.009 0.087 0.011 0.195 0.018 0.060 0.129 0.012 0.054 0.225 0.047 0.016 
 79 HGRF_WM661    (5)    9 :  0.003 0.108 0.421 0.006 0.193 0.002 0.023 0.009 0.003 0.134 0.001 0.025 0.008 0.004 0.061 
 80 HGRF_WM662    (5)    9 :  0.003 0.325 0.048 0.004 0.240 0.001 0.029 0.017 0.003 0.283 0.001 0.022 0.010 0.003 0.010 
 81 HGRF_WM663    (4)    9 :  0.003 0.141 0.415 0.006 0.180 0.002 0.019 0.008 0.003 0.136 0.001 0.018 0.008 0.004 0.054 
 82 HGRF_WM664    (3)    9 :  0.002 0.248 0.135 0.006 0.220 0.002 0.038 0.012 0.003 0.274 0.002 0.027 0.008 0.004 0.020 
 83 HGRF_WM665    (1)    9 :  0.003 0.111 0.397 0.006 0.160 0.008 0.027 0.013 0.005 0.121 0.008 0.023 0.013 0.008 0.096 
 84 HGRF_WM666    (5)    9 :  0.003 0.314 0.076 0.007 0.221 0.002 0.041 0.017 0.003 0.261 0.002 0.027 0.008 0.004 0.015 
 85 HGRF_WM667    (0)    9 :  0.003 0.294 0.078 0.006 0.217 0.001 0.033 0.010 0.003 0.302 0.001 0.027 0.008 0.003 0.013 
 86 HGRF_WM668    (4)    9 :  0.003 0.163 0.369 0.005 0.167 0.002 0.020 0.011 0.003 0.162 0.001 0.030 0.007 0.004 0.053 
 87 HGRF_WM669    (5)    9 :  0.003 0.371 0.062 0.006 0.207 0.002 0.052 0.012 0.002 0.240 0.002 0.019 0.009 0.003 0.009 
 88 HGRF_WM670    (9)    9 :  0.003 0.279 0.139 0.008 0.224 0.002 0.039 0.010 0.003 0.222 0.002 0.018 0.008 0.005 0.038 
 89 PTP_WM721    (2)   10 :  0.004 0.253 0.058 0.011 0.184 0.011 0.083 0.031 0.007 0.281 0.009 0.032 0.011 0.008 0.017 
 90 PTP_WM722    (2)   10 :  0.003 0.724 0.023 0.010 0.040 0.010 0.055 0.013 0.007 0.027 0.009 0.042 0.018 0.006 0.012 
 91 PTP_WM723   (25)   10 :  0.004 0.291 0.115 0.008 0.198 0.002 0.047 0.017 0.004 0.236 0.002 0.047 0.009 0.005 0.015 
 92 PTP_WM724   (13)   10 :  0.003 0.305 0.079 0.008 0.224 0.002 0.059 0.017 0.004 0.257 0.002 0.016 0.008 0.004 0.014 
 93 PTP_WM725   (25)   10 :  0.003 0.291 0.067 0.012 0.236 0.002 0.056 0.028 0.003 0.230 0.002 0.023 0.017 0.008 0.022 
 94 PTP_WM726   (13)   10 :  0.003 0.296 0.082 0.008 0.212 0.002 0.056 0.012 0.003 0.267 0.002 0.028 0.009 0.004 0.015 
 95 PTP_WM727   (10)   10 :  0.002 0.353 0.052 0.007 0.176 0.002 0.049 0.015 0.003 0.258 0.001 0.058 0.007 0.004 0.012 
 96 PTP_WM728    (8)   10 :  0.003 0.302 0.085 0.005 0.240 0.002 0.036 0.010 0.004 0.269 0.002 0.018 0.007 0.005 0.014 
 97 PTP_WM729    (9)   10 :  0.002 0.764 0.014 0.004 0.040 0.002 0.040 0.007 0.003 0.029 0.002 0.059 0.019 0.004 0.010 
 98 PTP_WM730    (8)   10 :  0.002 0.768 0.012 0.005 0.041 0.002 0.044 0.005 0.003 0.019 0.002 0.058 0.026 0.002 0.011 
 99 RRL_WM782    (9)   11 :  0.003 0.299 0.063 0.006 0.238 0.001 0.054 0.016 0.004 0.256 0.002 0.029 0.009 0.003 0.017 
100 RRL_WM783    (8)   11 :  0.003 0.018 0.010 0.852 0.014 0.003 0.013 0.006 0.004 0.015 0.004 0.008 0.010 0.011 0.031 
101 RRL_WM784    (1)   11 :  0.004 0.029 0.017 0.813 0.028 0.003 0.015 0.012 0.009 0.031 0.003 0.014 0.006 0.008 0.009 
102 RRL_WM785    (1)   11 :  0.002 0.336 0.061 0.004 0.223 0.001 0.038 0.011 0.002 0.274 0.001 0.021 0.008 0.003 0.012 
103 RRL_WM786    (2)   11 :  0.003 0.009 0.007 0.853 0.011 0.005 0.005 0.005 0.019 0.009 0.004 0.039 0.019 0.004 0.010 
104 RRL_WM787    (3)   11 :  0.003 0.026 0.054 0.680 0.038 0.008 0.007 0.005 0.009 0.021 0.008 0.013 0.007 0.008 0.112 
105 RRL_WM788    (0)   11 :  0.003 0.006 0.006 0.723 0.010 0.089 0.005 0.004 0.003 0.024 0.102 0.007 0.006 0.007 0.006 
106 RRL_WM789    (2)   11 :  0.002 0.006 0.006 0.918 0.006 0.002 0.007 0.004 0.006 0.008 0.002 0.007 0.003 0.009 0.014 
107 RRL_WM790    (0)   11 :  0.003 0.030 0.019 0.435 0.026 0.090 0.009 0.009 0.017 0.026 0.107 0.212 0.007 0.004 0.006 
108 RRL_WM791    (0)   11 :  0.003 0.059 0.018 0.675 0.041 0.006 0.015 0.007 0.003 0.047 0.008 0.033 0.047 0.004 0.033 
109 RRO_WM842    (0)   12 :  0.002 0.020 0.013 0.800 0.019 0.003 0.012 0.008 0.008 0.019 0.004 0.063 0.012 0.007 0.009 
110 RRO_WM843    (7)   12 :  0.003 0.019 0.009 0.463 0.021 0.012 0.010 0.009 0.008 0.024 0.008 0.034 0.005 0.363 0.014 
111 RRO_WM844    (2)   12 :  0.003 0.051 0.046 0.049 0.060 0.004 0.017 0.017 0.007 0.052 0.003 0.326 0.005 0.351 0.010 
112 RRO_WM845    (4)   12 :  0.002 0.013 0.010 0.887 0.012 0.002 0.007 0.006 0.003 0.010 0.002 0.007 0.004 0.027 0.008 
113 RRO_WM846   (10)   12 :  0.003 0.042 0.028 0.757 0.037 0.002 0.022 0.016 0.005 0.035 0.003 0.013 0.014 0.010 0.013 
114 RRO_WM847    (6)   12 :  0.003 0.035 0.017 0.596 0.046 0.005 0.016 0.009 0.010 0.038 0.003 0.082 0.009 0.084 0.046 
115 RRO_WM848    (4)   12 :  0.003 0.092 0.055 0.405 0.123 0.008 0.049 0.013 0.005 0.092 0.008 0.017 0.057 0.014 0.058 
116 RRO_WM849    (5)   12 :  0.002 0.021 0.016 0.608 0.026 0.002 0.015 0.006 0.004 0.024 0.002 0.013 0.006 0.013 0.242 
117 RRO_WM850    (2)   12 :  0.003 0.025 0.015 0.838 0.025 0.003 0.018 0.007 0.002 0.024 0.003 0.017 0.009 0.004 0.007 
118 RRO_WM851    (1)   12 :  0.003 0.111 0.034 0.532 0.077 0.003 0.030 0.015 0.004 0.094 0.002 0.023 0.011 0.043 0.017 
119 CPS_WM901    (2)   13 :  0.003 0.013 0.009 0.022 0.014 0.002 0.006 0.004 0.004 0.011 0.002 0.016 0.006 0.882 0.005 
120 CPS_WM902    (2)   13 :  0.002 0.009 0.046 0.005 0.007 0.003 0.007 0.004 0.012 0.007 0.002 0.007 0.003 0.857 0.029 
121 CPS_WM903    (5)   13 :  0.003 0.010 0.005 0.010 0.006 0.002 0.005 0.005 0.007 0.009 0.002 0.009 0.004 0.919 0.006 
122 CPS_WM904    (1)   13 :  0.004 0.011 0.013 0.015 0.010 0.014 0.010 0.006 0.016 0.013 0.020 0.009 0.008 0.847 0.005 
123 CPS_WM905    (2)   13 :  0.003 0.006 0.004 0.006 0.017 0.030 0.013 0.005 0.008 0.012 0.025 0.005 0.027 0.834 0.005 
124 CPS_WM906    (3)   13 :  0.003 0.018 0.012 0.008 0.020 0.002 0.011 0.008 0.002 0.017 0.002 0.009 0.006 0.874 0.007 
125 CPS_WM907    (6)   13 :  0.003 0.052 0.030 0.007 0.052 0.002 0.016 0.015 0.003 0.033 0.002 0.016 0.008 0.752 0.010 
126 CPS_WM908    (3)   13 :  0.003 0.038 0.027 0.012 0.036 0.004 0.020 0.010 0.009 0.043 0.005 0.023 0.012 0.746 0.013 
127 CPS_WM909    (2)   13 :  0.003 0.032 0.027 0.009 0.026 0.002 0.011 0.008 0.008 0.026 0.002 0.013 0.008 0.815 0.009 
128 CPS_WM910    (1)   13 :  0.003 0.017 0.009 0.005 0.010 0.008 0.011 0.008 0.004 0.013 0.007 0.006 0.005 0.886 0.009 
129 PPNP_WM962    (1)   14 :  0.007 0.005 0.004 0.003 0.007 0.003 0.004 0.943 0.003 0.006 0.004 0.005 0.003 0.002 0.003 
130 PPNP_WM963    (0)   14 :  0.018 0.069 0.018 0.007 0.031 0.007 0.019 0.726 0.004 0.051 0.010 0.010 0.011 0.005 0.013 
131 PPNP_WM964    (0)   14 :  0.060 0.012 0.008 0.004 0.008 0.014 0.010 0.826 0.003 0.018 0.015 0.008 0.005 0.004 0.006 
132 PPNP_WM965    (4)   14 :  0.003 0.025 0.013 0.006 0.022 0.002 0.008 0.864 0.003 0.026 0.002 0.009 0.005 0.003 0.008 
133 PPNP_WM966    (4)   14 :  0.002 0.009 0.008 0.004 0.009 0.002 0.005 0.931 0.002 0.010 0.002 0.005 0.004 0.004 0.004 
134 PPNP_WM967    (4)   14 :  0.003 0.054 0.021 0.005 0.056 0.002 0.012 0.761 0.003 0.042 0.002 0.014 0.008 0.005 0.012 
135 PPNP_WM968    (5)   14 :  0.015 0.242 0.055 0.008 0.179 0.005 0.094 0.129 0.005 0.191 0.006 0.034 0.016 0.004 0.016 
136 PPNP_WM969    (2)   14 :  0.003 0.038 0.022 0.005 0.029 0.002 0.014 0.817 0.003 0.033 0.002 0.012 0.007 0.004 0.010 
137 PPNP_WM970    (2)   14 :  0.004 0.053 0.021 0.007 0.046 0.002 0.018 0.762 0.004 0.051 0.002 0.011 0.007 0.004 0.008 
138 PPNP_WM971    (2)   14 :  0.005 0.045 0.020 0.006 0.046 0.002 0.014 0.786 0.004 0.040 0.002 0.013 0.007 0.004 0.006 
139 FPPI_WM1021    (4)   15 :  0.004 0.027 0.014 0.005 0.018 0.007 0.015 0.852 0.005 0.016 0.006 0.010 0.005 0.005 0.011 
140 FPPI_WM1022    (4)   15 :  0.021 0.053 0.019 0.007 0.035 0.005 0.247 0.529 0.004 0.046 0.004 0.011 0.007 0.004 0.009 
141 FPPI_WM1023    (1)   15 :  0.006 0.029 0.016 0.006 0.019 0.002 0.017 0.847 0.003 0.029 0.002 0.010 0.007 0.003 0.006 
142 FPPI_WM1024    (5)   15 :  0.003 0.040 0.020 0.005 0.039 0.002 0.018 0.796 0.003 0.035 0.002 0.016 0.007 0.004 0.010 
143 FPPI_WM1025    (6)   15 :  0.005 0.028 0.031 0.007 0.042 0.002 0.015 0.791 0.004 0.034 0.002 0.012 0.007 0.003 0.016 
144 FPPI_WM1026    (1)   15 :  0.004 0.010 0.006 0.004 0.010 0.002 0.006 0.928 0.002 0.009 0.002 0.004 0.004 0.003 0.005 
145 FPPI_WM1027    (3)   15 :  0.003 0.010 0.006 0.003 0.005 0.001 0.005 0.943 0.002 0.005 0.001 0.005 0.003 0.002 0.003 
146 FPPI_WM1028    (2)   15 :  0.008 0.019 0.009 0.004 0.015 0.002 0.010 0.893 0.002 0.017 0.002 0.006 0.007 0.003 0.005 
147 FPPI_WM1029    (3)   15 :  0.022 0.129 0.039 0.006 0.091 0.002 0.021 0.551 0.003 0.089 0.002 0.016 0.011 0.005 0.012 
148 FPPI_WM1030    (1)   15 :  0.005 0.007 0.010 0.005 0.013 0.017 0.008 0.886 0.004 0.011 0.014 0.004 0.006 0.002 0.007 
149 CRWA_WM1082    (2)   16 :  0.002 0.006 0.006 0.003 0.009 0.003 0.005 0.004 0.002 0.012 0.001 0.005 0.934 0.003 0.004 
150 CRWA_WM1084    (5)   16 :  0.003 0.115 0.113 0.006 0.164 0.002 0.012 0.007 0.008 0.103 0.002 0.022 0.406 0.003 0.032 
151 CRWA_WM1085    (2)   16 :  0.002 0.133 0.037 0.010 0.180 0.002 0.018 0.009 0.008 0.098 0.003 0.021 0.462 0.004 0.013 
152 CRWA_WM1086    (9)   16 :  0.003 0.151 0.037 0.048 0.222 0.006 0.192 0.015 0.005 0.122 0.006 0.026 0.142 0.006 0.020 
153 CRWA_WM1087    (0)   16 :  0.003 0.062 0.024 0.005 0.061 0.075 0.017 0.010 0.016 0.093 0.071 0.010 0.525 0.016 0.012 
154 CRWA_WM1088    (1)   16 :  0.003 0.155 0.155 0.007 0.259 0.021 0.089 0.006 0.013 0.126 0.018 0.013 0.083 0.004 0.047 
155 CRWA_WM1089    (3)   16 :  0.003 0.085 0.029 0.006 0.060 0.003 0.025 0.011 0.004 0.100 0.002 0.020 0.624 0.006 0.022 
156 CRWA_WM1090    (0)   16 :  0.003 0.116 0.030 0.035 0.070 0.007 0.034 0.011 0.060 0.113 0.005 0.305 0.192 0.006 0.012 
157 CRWA_WM1092    (1)   16 :  0.003 0.058 0.026 0.007 0.039 0.061 0.014 0.009 0.013 0.077 0.086 0.018 0.571 0.004 0.014 
158 CRWA_WM1093    (1)   16 :  0.003 0.029 0.096 0.005 0.033 0.046 0.011 0.007 0.004 0.072 0.025 0.012 0.613 0.004 0.041 
159 PCRA_WM1141    (3)   17 :  0.003 0.031 0.020 0.014 0.031 0.003 0.020 0.009 0.560 0.041 0.004 0.181 0.069 0.004 0.010 
160 PCRA_WM1142    (3)   17 :  0.003 0.075 0.029 0.010 0.067 0.002 0.030 0.011 0.654 0.059 0.002 0.029 0.010 0.006 0.012 
161 PCRA_WM1143    (1)   17 :  0.003 0.147 0.057 0.011 0.084 0.002 0.019 0.010 0.456 0.096 0.003 0.082 0.010 0.007 0.013 
162 PCRA_WM1144    (2)   17 :  0.003 0.061 0.022 0.521 0.045 0.002 0.017 0.009 0.013 0.034 0.002 0.016 0.005 0.014 0.235 
163 PCRA_WM1145    (4)   17 :  0.003 0.113 0.086 0.011 0.129 0.007 0.038 0.012 0.339 0.114 0.007 0.089 0.019 0.019 0.012 
164 PCRA_WM1146    (2)   17 :  0.003 0.010 0.007 0.011 0.011 0.008 0.009 0.003 0.767 0.013 0.011 0.011 0.079 0.006 0.051 
165 PCRA_WM1147    (1)   17 :  0.003 0.183 0.037 0.007 0.256 0.002 0.032 0.008 0.113 0.094 0.002 0.176 0.075 0.004 0.009 
166 PCRA_WM1148    (0)   17 :  0.002 0.009 0.007 0.008 0.009 0.011 0.010 0.004 0.878 0.012 0.012 0.017 0.004 0.004 0.013 
167 PCRA_WM1149    (1)   17 :  0.002 0.012 0.019 0.020 0.009 0.012 0.007 0.005 0.758 0.014 0.010 0.008 0.007 0.084 0.033 
168 PCRA_WM1150    (0)   17 :  0.007 0.016 0.020 0.015 0.010 0.017 0.006 0.005 0.825 0.010 0.015 0.011 0.006 0.006 0.031 
169 DHFA_WM1202    (3)   18 :  0.731 0.058 0.030 0.007 0.037 0.003 0.038 0.012 0.004 0.038 0.002 0.015 0.009 0.004 0.011 
170 DHFA_WM1203    (1)   18 :  0.735 0.052 0.024 0.005 0.045 0.003 0.022 0.023 0.004 0.045 0.003 0.016 0.009 0.004 0.011 
171 DHFA_WM1204    (2)   18 :  0.765 0.043 0.021 0.008 0.034 0.004 0.018 0.010 0.003 0.047 0.003 0.019 0.009 0.005 0.012 
172 DHFA_WM1205    (5)   18 :  0.926 0.009 0.006 0.004 0.007 0.002 0.010 0.005 0.002 0.007 0.002 0.007 0.004 0.003 0.004 
173 DHFA_WM1206    (4)   18 :  0.906 0.014 0.010 0.004 0.012 0.002 0.008 0.006 0.003 0.013 0.003 0.006 0.005 0.003 0.006 
174 DHFA_WM1207    (2)   18 :  0.951 0.005 0.005 0.003 0.004 0.002 0.006 0.003 0.002 0.005 0.002 0.004 0.003 0.002 0.004 
175 DHFA_WM1208    (3)   18 :  0.918 0.010 0.009 0.003 0.010 0.003 0.008 0.006 0.002 0.011 0.002 0.007 0.005 0.002 0.004 
176 DHFA_WM1209    (1)   18 :  0.928 0.007 0.005 0.003 0.006 0.008 0.006 0.003 0.003 0.007 0.009 0.006 0.003 0.002 0.004 
177 DHFA_WM1210    (0)   18 :  0.958 0.003 0.002 0.002 0.003 0.005 0.002 0.002 0.002 0.004 0.006 0.002 0.002 0.002 0.003 
178 DHFA_WM1211    (2)   18 :  0.769 0.047 0.028 0.005 0.043 0.003 0.016 0.013 0.005 0.032 0.003 0.013 0.007 0.005 0.012 


Estimated Allele Frequencies in each cluster
First column gives estimated ancestral frequencies


Locus 1 : 953_21 
2 alleles
4.5% missing data
 120   (0.957) 0.997 1.000 1.000 0.998 0.995 0.959 0.999 0.901 0.996 0.995 0.958 1.000 0.998 0.998 0.999 
 100   (0.043) 0.003 0.000 0.000 0.002 0.005 0.041 0.001 0.099 0.004 0.005 0.042 0.000 0.002 0.002 0.001 

Locus 2 : 2370_26 
2 alleles
6.2% missing data
 110   (0.954) 0.997 1.000 1.000 0.998 0.995 0.956 0.999 0.795 0.995 0.994 0.955 0.999 0.998 0.997 0.999 
 130   (0.046) 0.003 0.000 0.000 0.002 0.005 0.044 0.001 0.205 0.005 0.006 0.045 0.001 0.002 0.003 0.001 

Locus 3 : 2692_87 
2 alleles
1.7% missing data
 130   (0.949) 0.768 1.000 1.000 0.998 0.995 0.952 0.999 0.999 0.995 0.994 0.950 0.999 0.998 0.997 0.999 
 120   (0.051) 0.232 0.000 0.000 0.002 0.005 0.048 0.001 0.001 0.005 0.006 0.050 0.001 0.002 0.003 0.001 

Locus 4 : 2828_58 
2 alleles
6.7% missing data
 100   (0.925) 0.995 0.997 0.993 0.995 0.975 0.924 0.998 0.998 0.828 0.984 0.924 0.998 0.996 0.994 0.989 
 120   (0.075) 0.005 0.003 0.007 0.005 0.025 0.076 0.002 0.002 0.172 0.016 0.076 0.002 0.004 0.006 0.011 

Locus 5 : 6398_73 
2 alleles
6.2% missing data
 130   (0.916) 0.648 1.000 0.999 0.996 0.990 0.920 0.999 0.800 0.991 0.989 0.918 0.999 0.997 0.995 0.998 
 100   (0.084) 0.352 0.000 0.001 0.004 0.010 0.080 0.001 0.200 0.009 0.011 0.082 0.001 0.003 0.005 0.002 

Locus 6 : 7469_71 
2 alleles
5.1% missing data
 130   (0.956) 0.997 0.987 1.000 0.997 0.993 0.954 0.998 0.998 0.993 0.994 0.955 0.998 0.997 0.996 0.998 
 110   (0.044) 0.003 0.013 0.000 0.003 0.007 0.046 0.002 0.002 0.007 0.006 0.045 0.002 0.003 0.004 0.002 

Locus 7 : 7615_47 
2 alleles
5.1% missing data
 130   (0.956) 0.996 0.997 0.999 0.997 0.992 0.955 0.997 0.998 0.993 0.989 0.956 0.998 0.997 0.996 0.998 
 100   (0.044) 0.004 0.003 0.001 0.003 0.008 0.045 0.003 0.002 0.007 0.011 0.044 0.002 0.003 0.004 0.002 

Locus 8 : 8211_10 
2 alleles
2.8% missing data
 120   (0.953) 0.937 1.000 1.000 0.998 0.995 0.955 0.999 0.999 0.995 0.995 0.954 0.999 0.998 0.997 0.999 
 100   (0.047) 0.063 0.000 0.000 0.002 0.005 0.045 0.001 0.001 0.005 0.005 0.046 0.001 0.002 0.003 0.001 

Locus 9 : 8394_14 
2 alleles
2.2% missing data
 110   (0.951) 0.996 1.000 1.000 0.998 0.994 0.953 0.998 0.867 0.995 0.993 0.952 0.999 0.998 0.997 0.999 
 130   (0.049) 0.004 0.000 0.000 0.002 0.006 0.047 0.002 0.133 0.005 0.007 0.048 0.001 0.002 0.003 0.001 

Locus 10 : 9621_63 
2 alleles
3.9% missing data
 130   (0.953) 0.940 1.000 1.000 0.998 0.995 0.955 0.999 0.999 0.995 0.995 0.954 0.999 0.998 0.997 0.999 
 110   (0.047) 0.060 0.000 0.000 0.002 0.005 0.045 0.001 0.001 0.005 0.005 0.046 0.001 0.002 0.003 0.001 

Locus 11 : 9880_35 
2 alleles
4.5% missing data
 120   (0.950) 0.711 1.000 1.000 0.998 0.995 0.952 0.999 0.999 0.995 0.994 0.951 0.999 0.998 0.997 0.999 
 100   (0.050) 0.289 0.000 0.000 0.002 0.005 0.048 0.001 0.001 0.005 0.006 0.049 0.001 0.002 0.003 0.001 

Locus 12 : 11163_16 
2 alleles
7.9% missing data
 130   (0.953) 0.916 1.000 1.000 0.998 0.995 0.955 0.999 0.999 0.995 0.995 0.954 0.999 0.998 0.997 0.999 
 110   (0.047) 0.084 0.000 0.000 0.002 0.005 0.045 0.001 0.001 0.005 0.005 0.046 0.001 0.002 0.003 0.001 

Locus 13 : 11991_31 
2 alleles
4.5% missing data
 120   (0.925) 0.995 0.998 0.998 0.975 0.980 0.921 0.998 0.998 0.989 0.982 0.921 0.991 0.993 0.995 0.992 
 100   (0.075) 0.005 0.002 0.002 0.025 0.020 0.079 0.002 0.002 0.011 0.018 0.079 0.009 0.007 0.005 0.008 

Locus 14 : 12766_17 
2 alleles
2.2% missing data
 120   (0.957) 0.997 1.000 1.000 0.998 0.995 0.958 0.999 0.999 0.930 0.994 0.958 0.999 0.998 0.996 0.998 
 100   (0.043) 0.003 0.000 0.000 0.002 0.005 0.042 0.001 0.001 0.070 0.006 0.042 0.001 0.002 0.004 0.002 

Locus 15 : 13496_14 
2 alleles
5.1% missing data
 110   (0.953) 0.997 1.000 1.000 0.998 0.995 0.956 0.999 0.999 0.995 0.995 0.954 0.999 0.998 0.695 0.999 
 100   (0.047) 0.003 0.000 0.000 0.002 0.005 0.044 0.001 0.001 0.005 0.005 0.046 0.001 0.002 0.305 0.001 

Locus 16 : 14394_41 
2 alleles
2.2% missing data
 130   (0.956) 0.997 1.000 1.000 0.998 0.995 0.958 0.999 0.999 0.931 0.994 0.957 0.999 0.998 0.997 0.999 
 110   (0.044) 0.003 0.000 0.000 0.002 0.005 0.042 0.001 0.001 0.069 0.006 0.043 0.001 0.002 0.003 0.001 

Locus 17 : 16285_24 
2 alleles
6.2% missing data
 130   (0.951) 0.877 1.000 1.000 0.998 0.994 0.954 0.999 0.999 0.995 0.993 0.952 0.999 0.998 0.997 0.999 
 100   (0.049) 0.123 0.000 0.000 0.002 0.006 0.046 0.001 0.001 0.005 0.007 0.048 0.001 0.002 0.003 0.001 

Locus 18 : 18821_69 
2 alleles
7.3% missing data
 120   (0.953) 0.997 1.000 1.000 0.998 0.995 0.954 0.736 0.999 0.995 0.994 0.954 0.999 0.998 0.997 0.999 
 110   (0.047) 0.003 0.000 0.000 0.002 0.005 0.046 0.264 0.001 0.005 0.006 0.046 0.001 0.002 0.003 0.001 

Locus 19 : 19006_32 
2 alleles
6.7% missing data
 120   (0.916) 0.665 1.000 0.999 0.996 0.990 0.920 0.999 0.802 0.991 0.989 0.918 0.999 0.997 0.995 0.998 
 110   (0.084) 0.335 0.000 0.001 0.004 0.010 0.080 0.001 0.198 0.009 0.011 0.082 0.001 0.003 0.005 0.002 

Locus 20 : 19602_58 
2 alleles
4.5% missing data
 120   (0.958) 0.974 1.000 1.000 0.998 0.995 0.960 0.999 0.999 0.995 0.994 0.959 0.999 0.999 0.998 0.999 
 100   (0.042) 0.026 0.000 0.000 0.002 0.005 0.040 0.001 0.001 0.005 0.006 0.041 0.001 0.001 0.002 0.001 

Locus 21 : 20143_24 
2 alleles
3.4% missing data
 120   (0.957) 0.997 1.000 1.000 0.998 0.993 0.958 0.999 0.999 0.995 0.994 0.957 1.000 0.998 0.967 0.999 
 100   (0.043) 0.003 0.000 0.000 0.002 0.007 0.042 0.001 0.001 0.005 0.006 0.043 0.000 0.002 0.033 0.001 

Locus 22 : 21661_29 
2 alleles
2.2% missing data
 120   (0.952) 0.894 1.000 1.000 0.998 0.995 0.955 0.999 0.999 0.995 0.994 0.953 0.999 0.998 0.997 0.999 
 100   (0.048) 0.106 0.000 0.000 0.002 0.005 0.045 0.001 0.001 0.005 0.006 0.047 0.001 0.002 0.003 0.001 

Locus 23 : 22603_12 
2 alleles
5.1% missing data
 130   (0.953) 0.946 1.000 1.000 0.998 0.995 0.956 0.999 0.999 0.995 0.994 0.954 0.999 0.998 0.997 0.999 
 110   (0.047) 0.054 0.000 0.000 0.002 0.005 0.044 0.001 0.001 0.005 0.006 0.046 0.001 0.002 0.003 0.001 

Locus 24 : 25109_23 
2 alleles
1.7% missing data
 120   (0.932) 0.995 0.999 0.999 0.996 0.991 0.933 0.998 0.998 0.950 0.991 0.932 0.992 0.828 0.994 0.996 
 100   (0.068) 0.005 0.001 0.001 0.004 0.009 0.067 0.002 0.002 0.050 0.009 0.068 0.008 0.172 0.006 0.004 

Locus 25 : 25511_77 
2 alleles
5.1% missing data
 130   (0.951) 0.996 1.000 1.000 0.998 0.994 0.953 0.999 0.942 0.995 0.993 0.952 0.999 0.998 0.997 0.999 
 110   (0.049) 0.004 0.000 0.000 0.002 0.006 0.047 0.001 0.058 0.005 0.007 0.048 0.001 0.002 0.003 0.001 

Locus 26 : 26816_9 
2 alleles
5.6% missing data
 110   (0.864) 0.991 0.995 0.998 0.808 0.945 0.857 0.995 0.997 0.984 0.967 0.860 0.985 0.687 0.977 0.963 
 130   (0.136) 0.009 0.005 0.002 0.192 0.055 0.143 0.005 0.003 0.016 0.033 0.140 0.015 0.313 0.023 0.037 

Locus 27 : 29455_86 
2 alleles
5.6% missing data
 120   (0.954) 0.997 1.000 1.000 0.998 0.993 0.952 0.999 0.999 0.989 0.993 0.953 0.995 0.998 0.997 0.998 
 110   (0.046) 0.003 0.000 0.000 0.002 0.007 0.048 0.001 0.001 0.011 0.007 0.047 0.005 0.002 0.003 0.002 

Locus 28 : 30970_30 
2 alleles
6.7% missing data
 120   (0.957) 0.997 1.000 1.000 0.998 0.994 0.959 0.999 0.999 0.994 0.994 0.957 0.999 0.998 0.960 0.999 
 110   (0.043) 0.003 0.000 0.000 0.002 0.006 0.041 0.001 0.001 0.006 0.006 0.043 0.001 0.002 0.040 0.001 

Locus 29 : 33052_5 
2 alleles
1.1% missing data
 130   (0.957) 0.997 1.000 1.000 0.998 0.995 0.958 0.976 0.999 0.995 0.991 0.958 0.999 0.991 0.997 0.999 
 110   (0.043) 0.003 0.000 0.000 0.002 0.005 0.042 0.024 0.001 0.005 0.009 0.042 0.001 0.009 0.003 0.001 

Locus 30 : 33744_32 
2 alleles
2.8% missing data
 130   (0.953) 0.997 1.000 1.000 0.998 0.994 0.955 0.888 0.999 0.995 0.993 0.953 0.999 0.998 0.997 0.999 
 110   (0.047) 0.003 0.000 0.000 0.002 0.006 0.045 0.112 0.001 0.005 0.007 0.047 0.001 0.002 0.003 0.001 

Locus 31 : 34805_8 
2 alleles
4.5% missing data
 110   (0.937) 0.996 1.000 1.000 0.997 0.992 0.936 0.999 0.999 0.752 0.991 0.936 0.995 0.997 0.996 0.998 
 120   (0.063) 0.004 0.000 0.000 0.003 0.008 0.064 0.001 0.001 0.248 0.009 0.064 0.005 0.003 0.004 0.002 

Locus 32 : 35345_10 
2 alleles
5.1% missing data
 130   (0.951) 0.997 0.998 0.999 0.998 0.987 0.952 0.942 0.999 0.994 0.991 0.951 0.999 0.998 0.997 0.998 
 110   (0.049) 0.003 0.002 0.001 0.002 0.013 0.048 0.058 0.001 0.006 0.009 0.049 0.001 0.002 0.003 0.002 

Locus 33 : 35769_30 
2 alleles
6.2% missing data
 110   (0.939) 0.996 1.000 1.000 0.997 0.991 0.941 0.999 0.999 0.927 0.991 0.939 0.999 0.996 0.962 0.998 
 100   (0.061) 0.004 0.000 0.000 0.003 0.009 0.059 0.001 0.001 0.073 0.009 0.061 0.001 0.004 0.038 0.002 

Locus 34 : 35965_89 
2 alleles
3.4% missing data
 130   (0.958) 0.997 1.000 0.999 0.998 0.995 0.954 0.999 0.999 0.995 0.990 0.957 0.999 0.978 0.997 0.998 
 100   (0.042) 0.003 0.000 0.001 0.002 0.005 0.046 0.001 0.001 0.005 0.010 0.043 0.001 0.022 0.003 0.002 

Locus 35 : 39654_13 
2 alleles
5.6% missing data
 120   (0.957) 0.997 1.000 1.000 0.988 0.995 0.956 0.999 0.999 0.995 0.993 0.955 0.999 0.998 0.997 0.999 
 100   (0.043) 0.003 0.000 0.000 0.012 0.005 0.044 0.001 0.001 0.005 0.007 0.045 0.001 0.002 0.003 0.001 

Locus 36 : 39700_65 
2 alleles
3.4% missing data
 110   (0.957) 0.997 1.000 0.999 0.997 0.991 0.953 0.999 0.999 0.994 0.993 0.954 0.998 0.998 0.996 0.998 
 120   (0.043) 0.003 0.000 0.001 0.003 0.009 0.047 0.001 0.001 0.006 0.007 0.046 0.002 0.002 0.004 0.002 

Locus 37 : 40824_7 
2 alleles
5.1% missing data
 130   (0.955) 0.997 1.000 1.000 0.926 0.995 0.958 0.999 0.999 0.995 0.995 0.956 0.999 0.998 0.997 0.999 
 110   (0.045) 0.003 0.000 0.000 0.074 0.005 0.042 0.001 0.001 0.005 0.005 0.044 0.001 0.002 0.003 0.001 

Locus 38 : 41554_43 
2 alleles
7.3% missing data
 120   (0.955) 0.997 1.000 1.000 0.997 0.995 0.957 0.999 0.999 0.994 0.994 0.956 0.999 0.998 0.958 0.999 
 100   (0.045) 0.003 0.000 0.000 0.003 0.005 0.043 0.001 0.001 0.006 0.006 0.044 0.001 0.002 0.042 0.001 

Locus 39 : 42501_5 
2 alleles
5.6% missing data
 120   (0.951) 0.919 1.000 1.000 0.998 0.995 0.954 0.999 0.999 0.995 0.994 0.952 0.999 0.998 0.997 0.999 
 110   (0.049) 0.081 0.000 0.000 0.002 0.005 0.046 0.001 0.001 0.005 0.006 0.048 0.001 0.002 0.003 0.001 

Locus 40 : 42989_15 
2 alleles
3.4% missing data
 130   (0.957) 0.997 1.000 1.000 0.926 0.995 0.960 0.999 0.999 0.996 0.994 0.958 0.999 0.998 0.997 0.999 
 110   (0.043) 0.003 0.000 0.000 0.074 0.005 0.040 0.001 0.001 0.004 0.006 0.042 0.001 0.002 0.003 0.001 

Locus 41 : 44631_16 
2 alleles
5.6% missing data
 120   (0.952) 0.997 1.000 1.000 0.998 0.993 0.955 0.999 0.999 0.995 0.993 0.953 0.999 0.998 0.851 0.999 
 110   (0.048) 0.003 0.000 0.000 0.002 0.007 0.045 0.001 0.001 0.005 0.007 0.047 0.001 0.002 0.149 0.001 

Locus 42 : 45332_74 
2 alleles
3.4% missing data
 130   (0.884) 0.992 0.999 0.997 0.774 0.984 0.887 0.987 0.997 0.842 0.984 0.885 0.977 0.995 0.992 0.615 
 110   (0.116) 0.008 0.001 0.003 0.226 0.016 0.113 0.013 0.003 0.158 0.016 0.115 0.023 0.005 0.008 0.385 

Locus 43 : 45964_12 
2 alleles
2.2% missing data
 100   (0.957) 0.994 1.000 1.000 0.998 0.994 0.957 0.999 0.981 0.995 0.994 0.957 0.999 0.998 0.997 0.999 
 130   (0.043) 0.006 0.000 0.000 0.002 0.006 0.043 0.001 0.019 0.005 0.006 0.043 0.001 0.002 0.003 0.001 

Locus 44 : 47772_18 
2 alleles
1.7% missing data
 120   (0.950) 0.817 1.000 1.000 0.998 0.995 0.952 0.999 0.999 0.995 0.994 0.951 0.999 0.998 0.997 0.999 
 100   (0.050) 0.183 0.000 0.000 0.002 0.005 0.048 0.001 0.001 0.005 0.006 0.049 0.001 0.002 0.003 0.001 

Locus 45 : 48505_7 
2 alleles
2.8% missing data
 130   (0.957) 0.997 1.000 0.998 0.998 0.994 0.956 0.999 0.999 0.995 0.994 0.956 0.999 0.998 0.997 0.983 
 110   (0.043) 0.003 0.000 0.002 0.002 0.006 0.044 0.001 0.001 0.005 0.006 0.044 0.001 0.002 0.003 0.017 

Locus 46 : 49838_13 
2 alleles
5.1% missing data
 120   (0.956) 0.997 1.000 1.000 0.998 0.995 0.958 0.999 0.999 0.995 0.994 0.957 1.000 0.998 0.997 0.864 
 100   (0.044) 0.003 0.000 0.000 0.002 0.005 0.042 0.001 0.001 0.005 0.006 0.043 0.000 0.002 0.003 0.136 

Locus 47 : 50793_47 
2 alleles
6.2% missing data
 120   (0.951) 0.996 1.000 1.000 0.863 0.995 0.954 0.999 0.999 0.995 0.994 0.953 0.999 0.998 0.991 0.998 
 100   (0.049) 0.004 0.000 0.000 0.137 0.005 0.046 0.001 0.001 0.005 0.006 0.047 0.001 0.002 0.009 0.002 

Locus 48 : 51471_5 
2 alleles
2.2% missing data
 110   (0.954) 0.997 1.000 1.000 0.998 0.995 0.957 0.999 0.942 0.995 0.994 0.955 0.999 0.998 0.997 0.999 
 120   (0.046) 0.003 0.000 0.000 0.002 0.005 0.043 0.001 0.058 0.005 0.006 0.045 0.001 0.002 0.003 0.001 

Locus 49 : 52408_45 
2 alleles
2.2% missing data
 130   (0.954) 0.997 1.000 1.000 0.998 0.995 0.957 0.999 0.999 0.995 0.994 0.955 0.999 0.998 0.817 0.999 
 110   (0.046) 0.003 0.000 0.000 0.002 0.005 0.043 0.001 0.001 0.005 0.006 0.045 0.001 0.002 0.183 0.001 

Locus 50 : 53046_18 
2 alleles
0.6% missing data
 120   (0.937) 0.996 1.000 1.000 0.928 0.991 0.936 0.994 0.998 0.993 0.992 0.935 0.999 0.998 0.996 0.998 
 100   (0.063) 0.004 0.000 0.000 0.072 0.009 0.064 0.006 0.002 0.007 0.008 0.065 0.001 0.002 0.004 0.002 

Locus 51 : 53230_50 
2 alleles
4.5% missing data
 120   (0.956) 0.997 1.000 1.000 0.998 0.995 0.958 0.999 0.900 0.995 0.994 0.957 0.999 0.998 0.997 0.999 
 110   (0.044) 0.003 0.000 0.000 0.002 0.005 0.042 0.001 0.100 0.005 0.006 0.043 0.001 0.002 0.003 0.001 

Locus 52 : 53957_5 
2 alleles
3.9% missing data
 130   (0.956) 0.997 1.000 1.000 0.992 0.995 0.954 0.999 0.999 0.995 0.994 0.954 0.999 0.998 0.997 0.999 
 110   (0.044) 0.003 0.000 0.000 0.008 0.005 0.046 0.001 0.001 0.005 0.006 0.046 0.001 0.002 0.003 0.001 

Locus 53 : 58003_89 
2 alleles
3.9% missing data
 120   (0.947) 0.996 0.995 0.998 0.994 0.987 0.947 0.996 0.998 0.989 0.988 0.946 0.989 0.974 0.996 0.996 
 100   (0.053) 0.004 0.005 0.002 0.006 0.013 0.053 0.004 0.002 0.011 0.012 0.054 0.011 0.026 0.004 0.004 

Locus 54 : 58412_58 
2 alleles
2.2% missing data
 110   (0.957) 0.975 1.000 1.000 0.998 0.994 0.958 0.999 0.999 0.995 0.994 0.958 0.999 0.999 0.997 0.999 
 100   (0.043) 0.025 0.000 0.000 0.002 0.006 0.042 0.001 0.001 0.005 0.006 0.042 0.001 0.001 0.003 0.001 

Locus 55 : 58452_11 
2 alleles
3.4% missing data
 120   (0.957) 0.997 1.000 1.000 0.998 0.995 0.955 0.999 0.999 0.995 0.990 0.956 0.999 0.987 0.997 0.999 
 130   (0.043) 0.003 0.000 0.000 0.002 0.005 0.045 0.001 0.001 0.005 0.010 0.044 0.001 0.013 0.003 0.001 

Locus 56 : 59409_85 
2 alleles
2.8% missing data
 130   (0.956) 0.997 1.000 1.000 0.998 0.992 0.954 0.999 0.999 0.995 0.994 0.953 0.997 0.998 0.997 0.999 
 100   (0.044) 0.003 0.000 0.000 0.002 0.008 0.046 0.001 0.001 0.005 0.006 0.047 0.003 0.002 0.003 0.001 

Locus 57 : 60620_10 
2 alleles
1.1% missing data
 120   (0.954) 0.894 1.000 1.000 0.998 0.995 0.957 0.999 0.999 0.995 0.995 0.955 0.999 0.998 0.997 0.999 
 130   (0.046) 0.106 0.000 0.000 0.002 0.005 0.043 0.001 0.001 0.005 0.005 0.045 0.001 0.002 0.003 0.001 

Locus 58 : 61541_77 
2 alleles
3.4% missing data
 120   (0.952) 0.842 1.000 1.000 0.998 0.994 0.954 0.999 0.999 0.995 0.994 0.953 0.999 0.998 0.997 0.999 
 100   (0.048) 0.158 0.000 0.000 0.002 0.006 0.046 0.001 0.001 0.005 0.006 0.047 0.001 0.002 0.003 0.001 

Locus 59 : 61756_42 
2 alleles
1.1% missing data
 130   (0.950) 0.825 1.000 1.000 0.998 0.994 0.953 0.999 0.999 0.995 0.994 0.951 0.999 0.998 0.997 0.999 
 110   (0.050) 0.175 0.000 0.000 0.002 0.006 0.047 0.001 0.001 0.005 0.006 0.049 0.001 0.002 0.003 0.001 

Locus 60 : 62497_19 
2 alleles
6.2% missing data
 130   (0.900) 0.993 0.998 0.981 0.994 0.980 0.901 0.997 0.997 0.941 0.984 0.901 0.981 0.965 0.875 0.987 
 110   (0.100) 0.007 0.002 0.019 0.006 0.020 0.099 0.003 0.003 0.059 0.016 0.099 0.019 0.035 0.125 0.013 

Locus 61 : 63024_50 
2 alleles
2.8% missing data
 120   (0.945) 0.996 1.000 1.000 0.998 0.993 0.937 0.999 0.999 0.993 0.979 0.943 0.999 0.955 0.997 0.998 
 100   (0.055) 0.004 0.000 0.000 0.002 0.007 0.063 0.001 0.001 0.007 0.021 0.057 0.001 0.045 0.003 0.002 

Locus 62 : 64492_50 
2 alleles
7.3% missing data
 120   (0.914) 0.994 1.000 0.999 0.926 0.989 0.917 0.998 0.998 0.989 0.988 0.915 0.999 0.955 0.893 0.997 
 100   (0.086) 0.006 0.000 0.001 0.074 0.011 0.083 0.002 0.002 0.011 0.012 0.085 0.001 0.045 0.107 0.003 

Locus 63 : 67984_34 
2 alleles
2.2% missing data
 120   (0.949) 0.868 1.000 1.000 0.998 0.995 0.952 0.999 0.999 0.995 0.994 0.951 0.999 0.998 0.997 0.999 
 100   (0.051) 0.132 0.000 0.000 0.002 0.005 0.048 0.001 0.001 0.005 0.006 0.049 0.001 0.002 0.003 0.001 

Locus 64 : 69199_10 
2 alleles
4.5% missing data
 120   (0.940) 0.996 0.998 1.000 0.997 0.990 0.936 0.999 0.999 0.993 0.962 0.940 0.999 0.353 0.996 0.998 
 100   (0.060) 0.004 0.002 0.000 0.003 0.010 0.064 0.001 0.001 0.007 0.038 0.060 0.001 0.647 0.004 0.002 

Locus 65 : 71368_77 
2 alleles
6.7% missing data
 100   (0.954) 0.997 1.000 1.000 0.998 0.995 0.956 0.999 0.775 0.995 0.994 0.955 0.999 0.998 0.997 0.999 
 110   (0.046) 0.003 0.000 0.000 0.002 0.005 0.044 0.001 0.225 0.005 0.006 0.045 0.001 0.002 0.003 0.001 

Locus 66 : 72276_35 
2 alleles
5.1% missing data
 130   (0.952) 0.997 1.000 1.000 0.897 0.995 0.954 0.999 0.999 0.995 0.995 0.953 0.999 0.998 0.997 0.998 
 120   (0.048) 0.003 0.000 0.000 0.103 0.005 0.046 0.001 0.001 0.005 0.005 0.047 0.001 0.002 0.003 0.002 

Locus 67 : 73554_16 
2 alleles
3.9% missing data
 100   (0.954) 0.997 1.000 1.000 0.998 0.995 0.956 0.999 0.999 0.849 0.992 0.955 0.999 0.998 0.997 0.999 
 130   (0.046) 0.003 0.000 0.000 0.002 0.005 0.044 0.001 0.001 0.151 0.008 0.045 0.001 0.002 0.003 0.001 

Locus 68 : 74575_32 
2 alleles
1.7% missing data
 120   (0.958) 0.997 1.000 1.000 0.990 0.995 0.957 0.999 0.999 0.995 0.993 0.956 0.999 0.999 0.997 0.999 
 100   (0.042) 0.003 0.000 0.000 0.010 0.005 0.043 0.001 0.001 0.005 0.007 0.044 0.001 0.001 0.003 0.001 

Locus 69 : 76504_10 
2 alleles
1.1% missing data
 110   (0.951) 0.997 1.000 1.000 0.998 0.995 0.953 0.809 0.999 0.995 0.994 0.952 0.999 0.998 0.997 0.999 
 100   (0.049) 0.003 0.000 0.000 0.002 0.005 0.047 0.191 0.001 0.005 0.006 0.048 0.001 0.002 0.003 0.001 

Locus 70 : 76561_35 
2 alleles
5.6% missing data
 120   (0.951) 0.997 1.000 1.000 0.998 0.995 0.953 0.999 0.999 0.995 0.994 0.952 0.999 0.998 0.559 0.999 
 100   (0.049) 0.003 0.000 0.000 0.002 0.005 0.047 0.001 0.001 0.005 0.006 0.048 0.001 0.002 0.441 0.001 

Locus 71 : 77346_16 
2 alleles
2.2% missing data
 130   (0.956) 0.997 1.000 1.000 0.998 0.994 0.958 0.924 0.999 0.995 0.995 0.957 0.999 0.998 0.997 0.999 
 110   (0.044) 0.003 0.000 0.000 0.002 0.006 0.042 0.076 0.001 0.005 0.005 0.043 0.001 0.002 0.003 0.001 

Locus 72 : 78631_40 
2 alleles
7.9% missing data
 120   (0.947) 0.996 1.000 1.000 0.817 0.994 0.949 0.999 0.999 0.994 0.994 0.948 0.999 0.998 0.995 0.998 
 110   (0.053) 0.004 0.000 0.000 0.183 0.006 0.051 0.001 0.001 0.006 0.006 0.052 0.001 0.002 0.005 0.002 

Locus 73 : 80366_12 
2 alleles
6.7% missing data
 130   (0.956) 0.997 1.000 1.000 0.997 0.990 0.953 0.999 0.999 0.994 0.993 0.954 0.998 0.998 0.996 0.997 
 110   (0.044) 0.003 0.000 0.000 0.003 0.010 0.047 0.001 0.001 0.006 0.007 0.046 0.002 0.002 0.004 0.003 

Locus 74 : 80499_10 
2 alleles
6.2% missing data
 130   (0.953) 0.996 1.000 1.000 0.998 0.994 0.955 0.999 0.906 0.995 0.994 0.954 0.999 0.998 0.997 0.999 
 100   (0.047) 0.004 0.000 0.000 0.002 0.006 0.045 0.001 0.094 0.005 0.006 0.046 0.001 0.002 0.003 0.001 

Locus 75 : 81141_31 
2 alleles
2.8% missing data
 120   (0.956) 0.997 1.000 0.998 0.998 0.995 0.955 0.999 0.999 0.995 0.994 0.956 0.999 0.998 0.997 0.983 
 100   (0.044) 0.003 0.000 0.002 0.002 0.005 0.045 0.001 0.001 0.005 0.006 0.044 0.001 0.002 0.003 0.017 

Locus 76 : 81662_33 
2 alleles
3.4% missing data
 120   (0.956) 0.997 1.000 1.000 0.998 0.989 0.951 0.999 0.999 0.995 0.992 0.953 0.997 0.998 0.997 0.999 
 110   (0.044) 0.003 0.000 0.000 0.002 0.011 0.049 0.001 0.001 0.005 0.008 0.047 0.003 0.002 0.003 0.001 

Locus 77 : 82002_8 
2 alleles
6.7% missing data
 100   (0.947) 0.682 1.000 1.000 0.998 0.994 0.949 0.999 0.999 0.994 0.993 0.948 0.999 0.998 0.997 0.999 
 110   (0.053) 0.318 0.000 0.000 0.002 0.006 0.051 0.001 0.001 0.006 0.007 0.052 0.001 0.002 0.003 0.001 

Locus 78 : 82631_34 
2 alleles
7.9% missing data
 120   (0.956) 0.997 1.000 0.999 0.995 0.988 0.953 0.999 0.999 0.994 0.993 0.955 0.999 0.998 0.996 0.995 
 100   (0.044) 0.003 0.000 0.001 0.005 0.012 0.047 0.001 0.001 0.006 0.007 0.045 0.001 0.002 0.004 0.005 

Locus 79 : 83247_84 
2 alleles
3.4% missing data
 110   (0.944) 0.996 1.000 1.000 0.783 0.994 0.944 0.999 0.999 0.994 0.993 0.943 0.999 0.998 0.997 0.998 
 100   (0.056) 0.004 0.000 0.000 0.217 0.006 0.056 0.001 0.001 0.006 0.007 0.057 0.001 0.002 0.003 0.002 

Locus 80 : 83916_5 
2 alleles
3.9% missing data
 130   (0.956) 0.997 1.000 0.826 0.998 0.995 0.958 0.999 0.999 0.996 0.994 0.957 0.999 0.998 0.997 0.999 
 110   (0.044) 0.003 0.000 0.174 0.002 0.005 0.042 0.001 0.001 0.004 0.006 0.043 0.001 0.002 0.003 0.001 

Locus 81 : 84971_7 
2 alleles
2.2% missing data
 120   (0.939) 0.996 0.992 0.998 0.995 0.966 0.938 0.962 0.998 0.991 0.981 0.939 0.999 0.989 0.996 0.997 
 110   (0.061) 0.004 0.008 0.002 0.005 0.034 0.062 0.038 0.002 0.009 0.019 0.061 0.001 0.011 0.004 0.003 

Locus 82 : 85247_77 
2 alleles
7.9% missing data
 120   (0.958) 0.997 0.998 0.992 0.998 0.990 0.958 0.998 0.998 0.994 0.991 0.958 0.998 0.998 0.997 0.995 
 110   (0.042) 0.003 0.002 0.008 0.002 0.010 0.042 0.002 0.002 0.006 0.009 0.042 0.002 0.002 0.003 0.005 

Locus 83 : 85248_24 
2 alleles
5.1% missing data
 100   (0.952) 0.862 1.000 1.000 0.998 0.995 0.954 0.999 0.999 0.995 0.994 0.953 0.999 0.998 0.997 0.999 
 120   (0.048) 0.138 0.000 0.000 0.002 0.005 0.046 0.001 0.001 0.005 0.006 0.047 0.001 0.002 0.003 0.001 

Locus 84 : 85402_12 
2 alleles
3.4% missing data
 120   (0.958) 0.997 1.000 1.000 0.998 0.993 0.956 0.999 0.999 0.995 0.995 0.955 0.997 0.998 0.997 0.999 
 100   (0.042) 0.003 0.000 0.000 0.002 0.007 0.044 0.001 0.001 0.005 0.005 0.045 0.003 0.002 0.003 0.001 

Locus 85 : 86588_18 
2 alleles
3.9% missing data
 120   (0.955) 0.997 1.000 1.000 0.998 0.995 0.950 0.999 0.999 0.994 0.987 0.954 0.999 0.984 0.997 0.999 
 100   (0.045) 0.003 0.000 0.000 0.002 0.005 0.050 0.001 0.001 0.006 0.013 0.046 0.001 0.016 0.003 0.001 

Locus 86 : 87070_60 
2 alleles
2.2% missing data
 100   (0.953) 0.997 1.000 1.000 0.998 0.995 0.955 0.999 0.999 0.859 0.993 0.954 0.999 0.998 0.997 0.999 
 130   (0.047) 0.003 0.000 0.000 0.002 0.005 0.045 0.001 0.001 0.141 0.007 0.046 0.001 0.002 0.003 0.001 

Locus 87 : 87747_31 
2 alleles
6.2% missing data
 120   (0.953) 0.916 1.000 1.000 0.998 0.995 0.955 0.999 0.999 0.995 0.994 0.954 0.999 0.998 0.997 0.999 
 110   (0.047) 0.084 0.000 0.000 0.002 0.005 0.045 0.001 0.001 0.005 0.006 0.046 0.001 0.002 0.003 0.001 

Locus 88 : 88455_10 
2 alleles
5.1% missing data
 130   (0.952) 0.997 1.000 1.000 0.997 0.995 0.954 0.999 0.999 0.995 0.994 0.953 0.999 0.998 0.791 0.999 
 100   (0.048) 0.003 0.000 0.000 0.003 0.005 0.046 0.001 0.001 0.005 0.006 0.047 0.001 0.002 0.209 0.001 

Locus 89 : 89005_12 
2 alleles
1.1% missing data
 120   (0.955) 0.895 1.000 1.000 0.998 0.994 0.957 0.999 0.999 0.995 0.994 0.956 0.999 0.999 0.997 0.999 
 130   (0.045) 0.105 0.000 0.000 0.002 0.006 0.043 0.001 0.001 0.005 0.006 0.044 0.001 0.001 0.003 0.001 

Locus 90 : 89213_8 
2 alleles
3.4% missing data
 130   (0.956) 0.972 1.000 1.000 0.998 0.995 0.958 0.999 0.999 0.995 0.995 0.957 0.999 0.998 0.997 0.999 
 110   (0.044) 0.028 0.000 0.000 0.002 0.005 0.042 0.001 0.001 0.005 0.005 0.043 0.001 0.002 0.003 0.001 

Locus 91 : 93475_13 
2 alleles
2.2% missing data
 130   (0.952) 0.868 1.000 1.000 0.998 0.995 0.954 0.999 0.999 0.995 0.994 0.953 0.999 0.998 0.997 0.999 
 110   (0.048) 0.132 0.000 0.000 0.002 0.005 0.046 0.001 0.001 0.005 0.006 0.047 0.001 0.002 0.003 0.001 

Locus 92 : 95749_27 
2 alleles
3.9% missing data
 120   (0.955) 0.971 1.000 1.000 0.998 0.995 0.957 0.999 0.999 0.995 0.994 0.956 0.999 0.998 0.997 0.999 
 100   (0.045) 0.029 0.000 0.000 0.002 0.005 0.043 0.001 0.001 0.005 0.006 0.044 0.001 0.002 0.003 0.001 

Locus 93 : 98167_26 
2 alleles
3.4% missing data
 120   (0.931) 0.995 0.998 0.999 0.996 0.990 0.933 0.994 0.998 0.894 0.982 0.932 0.976 0.988 0.993 0.997 
 110   (0.069) 0.005 0.002 0.001 0.004 0.010 0.067 0.006 0.002 0.106 0.018 0.068 0.024 0.012 0.007 0.003 

Locus 94 : 98988_58 
2 alleles
2.2% missing data
 130   (0.956) 0.975 1.000 1.000 0.998 0.994 0.958 0.999 0.999 0.994 0.994 0.957 0.999 0.998 0.997 0.999 
 110   (0.044) 0.025 0.000 0.000 0.002 0.006 0.042 0.001 0.001 0.006 0.006 0.043 0.001 0.002 0.003 0.001 

Locus 95 : 103824_15 
2 alleles
3.4% missing data
 130   (0.948) 0.814 1.000 1.000 0.998 0.995 0.951 0.999 0.999 0.995 0.994 0.950 0.999 0.998 0.997 0.999 
 110   (0.052) 0.186 0.000 0.000 0.002 0.005 0.049 0.001 0.001 0.005 0.006 0.050 0.001 0.002 0.003 0.001 

Locus 96 : 108043_8 
2 alleles
4.5% missing data
 130   (0.954) 0.997 1.000 1.000 0.998 0.994 0.956 0.919 0.999 0.995 0.994 0.955 0.999 0.998 0.997 0.999 
 110   (0.046) 0.003 0.000 0.000 0.002 0.006 0.044 0.081 0.001 0.005 0.006 0.045 0.001 0.002 0.003 0.001 

Locus 97 : 108049_79 
2 alleles
2.8% missing data
 120   (0.958) 0.997 1.000 1.000 0.998 0.989 0.953 0.999 0.999 0.995 0.992 0.955 0.997 0.998 0.998 0.999 
 100   (0.042) 0.003 0.000 0.000 0.002 0.011 0.047 0.001 0.001 0.005 0.008 0.045 0.003 0.002 0.002 0.001 

Locus 98 : 108366_5 
2 alleles
2.8% missing data
 130   (0.956) 0.920 1.000 1.000 0.998 0.995 0.958 0.999 0.999 0.996 0.994 0.957 1.000 0.998 0.997 0.999 
 100   (0.044) 0.080 0.000 0.000 0.002 0.005 0.042 0.001 0.001 0.004 0.006 0.043 0.000 0.002 0.003 0.001 

Locus 99 : 108403_10 
2 alleles
6.2% missing data
 130   (0.957) 0.997 1.000 1.000 0.998 0.993 0.955 0.994 0.999 0.996 0.994 0.955 0.999 0.998 0.997 0.999 
 110   (0.043) 0.003 0.000 0.000 0.002 0.007 0.045 0.006 0.001 0.004 0.006 0.045 0.001 0.002 0.003 0.001 

Locus 100 : 109283_38 
2 alleles
3.9% missing data
 120   (0.865) 0.991 0.958 0.533 0.985 0.878 0.864 0.996 0.996 0.983 0.917 0.864 0.931 0.964 0.992 0.517 
 100   (0.135) 0.009 0.042 0.467 0.015 0.122 0.136 0.004 0.004 0.017 0.083 0.136 0.069 0.036 0.008 0.483 

Locus 101 : 109527_54 
2 alleles
7.3% missing data
 110   (0.944) 0.996 1.000 1.000 0.818 0.993 0.945 0.999 0.999 0.994 0.992 0.944 0.998 0.998 0.997 0.999 
 130   (0.056) 0.004 0.000 0.000 0.182 0.007 0.055 0.001 0.001 0.006 0.008 0.056 0.002 0.002 0.003 0.001 

Locus 102 : 109804_31 
2 alleles
2.2% missing data
 130   (0.953) 0.947 1.000 1.000 0.998 0.995 0.955 0.999 0.999 0.995 0.994 0.954 0.999 0.998 0.997 0.999 
 100   (0.047) 0.053 0.000 0.000 0.002 0.005 0.045 0.001 0.001 0.005 0.006 0.046 0.001 0.002 0.003 0.001 

Locus 103 : 112614_46 
2 alleles
5.1% missing data
 120   (0.953) 0.888 1.000 1.000 0.998 0.994 0.956 0.999 0.999 0.995 0.994 0.954 0.999 0.998 0.997 0.999 
 100   (0.047) 0.112 0.000 0.000 0.002 0.006 0.044 0.001 0.001 0.005 0.006 0.046 0.001 0.002 0.003 0.001 

Locus 104 : 112906_14 
2 alleles
3.9% missing data
 110   (0.883) 0.992 0.999 0.999 0.754 0.977 0.886 0.998 0.997 0.953 0.983 0.884 0.998 0.995 0.686 0.869 
 120   (0.117) 0.008 0.001 0.001 0.246 0.023 0.114 0.002 0.003 0.047 0.017 0.116 0.002 0.005 0.314 0.131 

Locus 105 : 113735_32 
2 alleles
6.7% missing data
 120   (0.955) 0.997 1.000 1.000 0.998 0.993 0.956 0.999 0.999 0.995 0.993 0.955 0.999 0.998 0.967 0.999 
 100   (0.045) 0.003 0.000 0.000 0.002 0.007 0.044 0.001 0.001 0.005 0.007 0.045 0.001 0.002 0.033 0.001 

Locus 106 : 115028_7 
2 alleles
3.9% missing data
 120   (0.956) 0.997 1.000 1.000 0.998 0.994 0.958 0.999 0.999 0.995 0.994 0.957 0.999 0.998 0.959 0.999 
 100   (0.044) 0.003 0.000 0.000 0.002 0.006 0.042 0.001 0.001 0.005 0.006 0.043 0.001 0.002 0.041 0.001 

Locus 107 : 115179_16 
2 alleles
2.2% missing data
 120   (0.952) 0.911 1.000 1.000 0.998 0.995 0.954 0.999 0.999 0.995 0.994 0.953 0.999 0.998 0.997 0.999 
 110   (0.048) 0.089 0.000 0.000 0.002 0.005 0.046 0.001 0.001 0.005 0.006 0.047 0.001 0.002 0.003 0.001 

Locus 108 : 116753_51 
2 alleles
7.3% missing data
 120   (0.953) 0.997 1.000 0.998 0.997 0.993 0.955 0.999 0.999 0.995 0.993 0.954 0.999 0.998 0.997 0.905 
 100   (0.047) 0.003 0.000 0.002 0.003 0.007 0.045 0.001 0.001 0.005 0.007 0.046 0.001 0.002 0.003 0.095 

Locus 109 : 116931_31 
2 alleles
7.9% missing data
 120   (0.955) 0.997 1.000 1.000 0.998 0.995 0.952 0.999 0.999 0.995 0.990 0.954 0.999 0.985 0.997 0.999 
 110   (0.045) 0.003 0.000 0.000 0.002 0.005 0.048 0.001 0.001 0.005 0.010 0.046 0.001 0.015 0.003 0.001 

Locus 110 : 116938_8 
2 alleles
4.5% missing data
 130   (0.916) 0.994 1.000 0.999 0.874 0.990 0.920 0.999 0.998 0.944 0.989 0.918 0.999 0.996 0.995 0.840 
 110   (0.084) 0.006 0.000 0.001 0.126 0.010 0.080 0.001 0.002 0.056 0.011 0.082 0.001 0.004 0.005 0.160 

Locus 111 : 122302_80 
2 alleles
10.1% missing data
 110   (0.955) 0.997 1.000 1.000 0.998 0.995 0.956 0.999 0.999 0.995 0.994 0.956 0.999 0.959 0.996 0.999 
 100   (0.045) 0.003 0.000 0.000 0.002 0.005 0.044 0.001 0.001 0.005 0.006 0.044 0.001 0.041 0.004 0.001 

Locus 112 : 123190_14 
2 alleles
3.4% missing data
 120   (0.949) 0.997 1.000 1.000 0.998 0.993 0.941 0.999 0.999 0.994 0.978 0.948 0.999 0.945 0.997 0.999 
 130   (0.051) 0.003 0.000 0.000 0.002 0.007 0.059 0.001 0.001 0.006 0.022 0.052 0.001 0.055 0.003 0.001 

Locus 113 : 123271_36 
2 alleles
3.9% missing data
 100   (0.951) 0.860 1.000 1.000 0.998 0.995 0.954 0.999 0.999 0.995 0.994 0.952 0.999 0.998 0.997 0.999 
 110   (0.049) 0.140 0.000 0.000 0.002 0.005 0.046 0.001 0.001 0.005 0.006 0.048 0.001 0.002 0.003 0.001 

Locus 114 : 124147_18 
2 alleles
2.2% missing data
 130   (0.951) 0.997 1.000 1.000 0.998 0.995 0.953 0.999 0.999 0.761 0.994 0.952 0.999 0.998 0.997 0.999 
 110   (0.049) 0.003 0.000 0.000 0.002 0.005 0.047 0.001 0.001 0.239 0.006 0.048 0.001 0.002 0.003 0.001 

Locus 115 : 124184_33 
2 alleles
5.6% missing data
 110   (0.953) 0.912 1.000 1.000 0.998 0.995 0.955 0.999 0.999 0.995 0.994 0.954 0.999 0.998 0.997 0.999 
 100   (0.047) 0.088 0.000 0.000 0.002 0.005 0.045 0.001 0.001 0.005 0.006 0.046 0.001 0.002 0.003 0.001 

Locus 116 : 125404_24 
2 alleles
1.1% missing data
 130   (0.956) 0.997 1.000 1.000 0.998 0.995 0.959 0.999 0.999 0.996 0.994 0.957 0.999 0.999 0.768 0.999 
 110   (0.044) 0.003 0.000 0.000 0.002 0.005 0.041 0.001 0.001 0.004 0.006 0.043 0.001 0.001 0.232 0.001 

Locus 117 : 125436_43 
2 alleles
3.9% missing data
 130   (0.924) 0.995 1.000 0.999 0.839 0.991 0.927 0.999 0.998 0.992 0.991 0.925 0.999 0.997 0.710 0.998 
 100   (0.076) 0.005 0.000 0.001 0.161 0.009 0.073 0.001 0.002 0.008 0.009 0.075 0.001 0.003 0.290 0.002 

Locus 118 : 126013_18 
2 alleles
2.8% missing data
 130   (0.955) 0.997 1.000 1.000 0.998 0.995 0.958 0.999 0.883 0.995 0.995 0.956 0.999 0.998 0.997 0.999 
 110   (0.045) 0.003 0.000 0.000 0.002 0.005 0.042 0.001 0.117 0.005 0.005 0.044 0.001 0.002 0.003 0.001 

Locus 119 : 126137_19 
2 alleles
3.9% missing data
 120   (0.956) 0.997 1.000 1.000 0.984 0.994 0.957 0.999 0.999 0.994 0.994 0.957 0.999 0.998 0.981 0.999 
 110   (0.044) 0.003 0.000 0.000 0.016 0.006 0.043 0.001 0.001 0.006 0.006 0.043 0.001 0.002 0.019 0.001 

Locus 120 : 126845_22 
2 alleles
5.6% missing data
 130   (0.956) 0.997 1.000 1.000 0.998 0.994 0.958 0.999 0.999 0.994 0.994 0.956 0.999 0.998 0.961 0.999 
 110   (0.044) 0.003 0.000 0.000 0.002 0.006 0.042 0.001 0.001 0.006 0.006 0.044 0.001 0.002 0.039 0.001 

Locus 121 : 127512_8 
2 alleles
1.1% missing data
 130   (0.955) 0.997 1.000 1.000 0.998 0.995 0.957 0.999 0.912 0.996 0.994 0.956 0.999 0.999 0.997 0.999 
 100   (0.045) 0.003 0.000 0.000 0.002 0.005 0.043 0.001 0.088 0.004 0.006 0.044 0.001 0.001 0.003 0.001 

Locus 122 : 127692_13 
2 alleles
2.8% missing data
 100   (0.949) 0.997 1.000 1.000 0.941 0.994 0.951 0.999 0.999 0.994 0.993 0.949 0.999 0.998 0.997 0.999 
 120   (0.051) 0.003 0.000 0.000 0.059 0.006 0.049 0.001 0.001 0.006 0.007 0.051 0.001 0.002 0.003 0.001 

Locus 123 : 128195_18 
2 alleles
7.3% missing data
 130   (0.874) 0.991 0.994 0.999 0.920 0.962 0.874 0.997 0.997 0.429 0.977 0.873 0.373 0.978 0.990 0.995 
 110   (0.126) 0.009 0.006 0.001 0.080 0.038 0.126 0.003 0.003 0.571 0.023 0.127 0.627 0.022 0.010 0.005 

Locus 124 : 128198_14 
2 alleles
4.5% missing data
 130   (0.926) 0.919 1.000 1.000 0.997 0.991 0.929 0.998 0.909 0.992 0.991 0.928 0.999 0.997 0.996 0.998 
 120   (0.074) 0.081 0.000 0.000 0.003 0.009 0.071 0.002 0.091 0.008 0.009 0.072 0.001 0.003 0.004 0.002 

Locus 125 : 128423_39 
2 alleles
4.5% missing data
 130   (0.957) 0.997 1.000 1.000 0.998 0.994 0.955 0.999 0.999 0.990 0.994 0.957 0.995 0.998 0.997 0.998 
 100   (0.043) 0.003 0.000 0.000 0.002 0.006 0.045 0.001 0.001 0.010 0.006 0.043 0.005 0.002 0.003 0.002 

Locus 126 : 131572_48 
2 alleles
1.1% missing data
 120   (0.949) 0.997 1.000 0.997 0.998 0.994 0.949 0.999 0.999 0.994 0.994 0.949 0.999 0.998 0.997 0.936 
 100   (0.051) 0.003 0.000 0.003 0.002 0.006 0.051 0.001 0.001 0.006 0.006 0.051 0.001 0.002 0.003 0.064 

Locus 127 : 132199_62 
2 alleles
3.9% missing data
 100   (0.950) 0.756 1.000 1.000 0.998 0.995 0.953 0.999 0.999 0.995 0.994 0.951 0.999 0.998 0.997 0.999 
 120   (0.050) 0.244 0.000 0.000 0.002 0.005 0.047 0.001 0.001 0.005 0.006 0.049 0.001 0.002 0.003 0.001 

Locus 128 : 135566_64 
2 alleles
7.3% missing data
 130   (0.956) 0.997 1.000 1.000 0.998 0.993 0.954 0.999 0.999 0.995 0.995 0.953 0.997 0.998 0.997 0.999 
 110   (0.044) 0.003 0.000 0.000 0.002 0.007 0.046 0.001 0.001 0.005 0.005 0.047 0.003 0.002 0.003 0.001 

Locus 129 : 135761_5 
2 alleles
7.9% missing data
 130   (0.951) 0.907 1.000 1.000 0.998 0.995 0.953 0.999 0.999 0.995 0.994 0.952 0.999 0.998 0.997 0.999 
 100   (0.049) 0.093 0.000 0.000 0.002 0.005 0.047 0.001 0.001 0.005 0.006 0.048 0.001 0.002 0.003 0.001 

Locus 130 : 137219_35 
2 alleles
3.4% missing data
 120   (0.940) 0.996 1.000 1.000 0.997 0.983 0.934 0.999 0.998 0.993 0.990 0.935 0.983 0.998 0.996 0.998 
 100   (0.060) 0.004 0.000 0.000 0.003 0.017 0.066 0.001 0.002 0.007 0.010 0.065 0.017 0.002 0.004 0.002 

Locus 131 : 139081_20 
2 alleles
5.6% missing data
 120   (0.939) 0.996 0.999 0.999 0.974 0.992 0.940 0.999 0.999 0.931 0.992 0.940 0.999 0.997 0.996 0.994 
 110   (0.061) 0.004 0.001 0.001 0.026 0.008 0.060 0.001 0.001 0.069 0.008 0.060 0.001 0.003 0.004 0.006 

Locus 132 : 139084_52 
2 alleles
5.1% missing data
 120   (0.918) 0.995 0.999 0.999 0.995 0.990 0.910 0.998 0.998 0.823 0.973 0.917 0.995 0.933 0.994 0.997 
 110   (0.082) 0.005 0.001 0.001 0.005 0.010 0.090 0.002 0.002 0.177 0.027 0.083 0.005 0.067 0.006 0.003 

Locus 133 : 139433_54 
2 alleles
3.9% missing data
 120   (0.953) 0.946 1.000 1.000 0.998 0.995 0.955 0.999 0.999 0.995 0.994 0.954 0.999 0.998 0.997 0.999 
 100   (0.047) 0.054 0.000 0.000 0.002 0.005 0.045 0.001 0.001 0.005 0.006 0.046 0.001 0.002 0.003 0.001 

Locus 134 : 140063_88 
2 alleles
7.9% missing data
 110   (0.954) 0.997 1.000 1.000 0.991 0.993 0.951 0.999 0.999 0.993 0.992 0.951 0.999 0.998 0.997 0.999 
 100   (0.046) 0.003 0.000 0.000 0.009 0.007 0.049 0.001 0.001 0.007 0.008 0.049 0.001 0.002 0.003 0.001 

Locus 135 : 140194_73 
2 alleles
2.8% missing data
 120   (0.956) 0.997 1.000 1.000 0.998 0.995 0.957 0.999 0.976 0.993 0.994 0.957 0.999 0.998 0.997 0.999 
 110   (0.044) 0.003 0.000 0.000 0.002 0.005 0.043 0.001 0.024 0.007 0.006 0.043 0.001 0.002 0.003 0.001 

Locus 136 : 141313_8 
2 alleles
2.8% missing data
 120   (0.953) 0.921 1.000 1.000 0.998 0.994 0.956 0.999 0.999 0.995 0.993 0.954 0.999 0.999 0.997 0.999 
 100   (0.047) 0.079 0.000 0.000 0.002 0.006 0.044 0.001 0.001 0.005 0.007 0.046 0.001 0.001 0.003 0.001 

Locus 137 : 145284_28 
2 alleles
2.8% missing data
 130   (0.951) 0.997 1.000 1.000 0.998 0.995 0.953 0.999 0.999 0.618 0.994 0.952 0.999 0.998 0.997 0.999 
 110   (0.049) 0.003 0.000 0.000 0.002 0.005 0.047 0.001 0.001 0.382 0.006 0.048 0.001 0.002 0.003 0.001 

Locus 138 : 145957_11 
2 alleles
4.5% missing data
 130   (0.957) 0.997 1.000 0.854 0.998 0.995 0.959 0.999 0.999 0.995 0.995 0.958 0.999 0.998 0.998 0.999 
 110   (0.043) 0.003 0.000 0.146 0.002 0.005 0.041 0.001 0.001 0.005 0.005 0.042 0.001 0.002 0.002 0.001 

Locus 139 : 160306_34 
2 alleles
2.8% missing data
 120   (0.930) 0.995 0.999 0.999 0.973 0.986 0.931 0.999 0.998 0.992 0.990 0.931 0.998 0.996 0.766 0.978 
 100   (0.070) 0.005 0.001 0.001 0.027 0.014 0.069 0.001 0.002 0.008 0.010 0.069 0.002 0.004 0.234 0.022 

Locus 140 : 162107_37 
2 alleles
3.4% missing data
 120   (0.935) 0.995 1.000 1.000 0.989 0.993 0.936 0.999 0.999 0.993 0.990 0.934 0.999 0.998 0.905 0.998 
 100   (0.065) 0.005 0.000 0.000 0.011 0.007 0.064 0.001 0.001 0.007 0.010 0.066 0.001 0.002 0.095 0.002 

Locus 141 : 163290_36 
2 alleles
5.1% missing data
 130   (0.921) 0.994 0.974 0.997 0.996 0.944 0.923 0.996 0.998 0.764 0.973 0.921 0.992 0.935 0.995 0.996 
 110   (0.079) 0.006 0.026 0.003 0.004 0.056 0.077 0.004 0.002 0.236 0.027 0.079 0.008 0.065 0.005 0.004 

Locus 142 : 163453_13 
2 alleles
5.6% missing data
 120   (0.955) 0.997 1.000 1.000 0.998 0.994 0.952 0.999 0.999 0.995 0.989 0.954 0.999 0.987 0.997 0.999 
 110   (0.045) 0.003 0.000 0.000 0.002 0.006 0.048 0.001 0.001 0.005 0.011 0.046 0.001 0.013 0.003 0.001 

Locus 143 : 163580_14 
2 alleles
10.1% missing data
 120   (0.954) 0.997 0.865 1.000 0.998 0.989 0.953 0.995 0.999 0.995 0.992 0.955 0.991 0.995 0.997 0.998 
 100   (0.046) 0.003 0.135 0.000 0.002 0.011 0.047 0.005 0.001 0.005 0.008 0.045 0.009 0.005 0.003 0.002 

Locus 144 : 164461_13 
2 alleles
5.6% missing data
 100   (0.955) 0.997 1.000 1.000 0.998 0.994 0.957 0.999 0.999 0.995 0.993 0.956 0.999 0.851 0.997 0.999 
 120   (0.045) 0.003 0.000 0.000 0.002 0.006 0.043 0.001 0.001 0.005 0.007 0.044 0.001 0.149 0.003 0.001 

Locus 145 : 165413_43 
2 alleles
1.7% missing data
 110   (0.949) 0.997 1.000 1.000 0.945 0.994 0.950 0.999 0.999 0.994 0.992 0.948 0.999 0.997 0.997 0.998 
 130   (0.051) 0.003 0.000 0.000 0.055 0.006 0.050 0.001 0.001 0.006 0.008 0.052 0.001 0.003 0.003 0.002 

Locus 146 : 168629_44 
2 alleles
5.6% missing data
 130   (0.943) 0.996 1.000 0.999 0.962 0.991 0.945 0.999 0.998 0.989 0.992 0.943 0.992 0.983 0.996 0.998 
 110   (0.057) 0.004 0.000 0.001 0.038 0.009 0.055 0.001 0.002 0.011 0.008 0.057 0.008 0.017 0.004 0.002 

Locus 147 : 168991_77 
2 alleles
5.6% missing data
 110   (0.844) 0.990 0.996 0.996 0.916 0.947 0.836 0.996 0.996 0.977 0.973 0.838 0.965 0.987 0.644 0.874 
 100   (0.156) 0.010 0.004 0.004 0.084 0.053 0.164 0.004 0.004 0.023 0.027 0.162 0.035 0.013 0.356 0.126 

Locus 148 : 169478_88 
2 alleles
5.1% missing data
 130   (0.957) 0.997 1.000 1.000 0.998 0.993 0.957 0.999 0.980 0.995 0.994 0.957 0.999 0.998 0.997 0.999 
 100   (0.043) 0.003 0.000 0.000 0.002 0.007 0.043 0.001 0.020 0.005 0.006 0.043 0.001 0.002 0.003 0.001 

Locus 149 : 169898_8 
2 alleles
6.2% missing data
 120   (0.937) 0.995 1.000 0.999 0.915 0.993 0.940 0.999 0.998 0.993 0.992 0.938 0.999 0.967 0.996 0.998 
 100   (0.063) 0.005 0.000 0.001 0.085 0.007 0.060 0.001 0.002 0.007 0.008 0.062 0.001 0.033 0.004 0.002 

Locus 150 : 170224_42 
2 alleles
7.3% missing data
 100   (0.906) 0.993 0.995 0.999 0.941 0.982 0.907 0.998 0.998 0.980 0.978 0.905 0.973 0.795 0.993 0.996 
 120   (0.094) 0.007 0.005 0.001 0.059 0.018 0.093 0.002 0.002 0.020 0.022 0.095 0.027 0.205 0.007 0.004 

Locus 151 : 174083_22 
2 alleles
3.9% missing data
 120   (0.948) 0.789 1.000 1.000 0.998 0.995 0.951 0.999 0.999 0.995 0.994 0.949 0.999 0.998 0.997 0.999 
 100   (0.052) 0.211 0.000 0.000 0.002 0.005 0.049 0.001 0.001 0.005 0.006 0.051 0.001 0.002 0.003 0.001 

Locus 152 : 174223_24 
2 alleles
2.8% missing data
 120   (0.956) 0.997 1.000 1.000 0.998 0.993 0.954 0.994 0.999 0.995 0.994 0.954 0.999 0.998 0.997 0.999 
 100   (0.044) 0.003 0.000 0.000 0.002 0.007 0.046 0.006 0.001 0.005 0.006 0.046 0.001 0.002 0.003 0.001 

Locus 153 : 174263_44 
2 alleles
3.9% missing data
 130   (0.954) 0.997 1.000 1.000 0.998 0.996 0.956 0.999 0.844 0.995 0.995 0.955 0.999 0.998 0.997 0.999 
 110   (0.046) 0.003 0.000 0.000 0.002 0.004 0.044 0.001 0.156 0.005 0.005 0.045 0.001 0.002 0.003 0.001 

Locus 154 : 175657_6 
2 alleles
8.4% missing data
 100   (0.928) 0.994 1.000 1.000 0.923 0.991 0.931 0.999 0.998 0.992 0.991 0.929 0.999 0.998 0.769 0.998 
 130   (0.072) 0.006 0.000 0.000 0.077 0.009 0.069 0.001 0.002 0.008 0.009 0.071 0.001 0.002 0.231 0.002 

Locus 155 : 176570_23 
2 alleles
3.9% missing data
 130   (0.953) 0.997 0.993 0.990 0.998 0.975 0.954 0.997 0.999 0.995 0.973 0.954 0.999 0.996 0.996 0.986 
 110   (0.047) 0.003 0.007 0.010 0.002 0.025 0.046 0.003 0.001 0.005 0.027 0.046 0.001 0.004 0.004 0.014 

Locus 156 : 176775_13 
2 alleles
6.7% missing data
 130   (0.948) 0.711 1.000 1.000 0.997 0.995 0.951 0.999 0.999 0.994 0.995 0.949 0.999 0.998 0.997 0.999 
 110   (0.052) 0.289 0.000 0.000 0.003 0.005 0.049 0.001 0.001 0.006 0.005 0.051 0.001 0.002 0.003 0.001 

Locus 157 : 178448_19 
2 alleles
3.4% missing data
 120   (0.951) 0.884 1.000 1.000 0.998 0.995 0.954 0.999 0.999 0.995 0.994 0.952 0.999 0.998 0.997 0.999 
 100   (0.049) 0.116 0.000 0.000 0.002 0.005 0.046 0.001 0.001 0.005 0.006 0.048 0.001 0.002 0.003 0.001 

Locus 158 : 179162_16 
2 alleles
6.2% missing data
 120   (0.955) 0.972 1.000 1.000 0.998 0.995 0.956 0.999 0.999 0.995 0.994 0.955 0.999 0.998 0.997 0.999 
 100   (0.045) 0.028 0.000 0.000 0.002 0.005 0.044 0.001 0.001 0.005 0.006 0.045 0.001 0.002 0.003 0.001 

Locus 159 : 179286_31 
2 alleles
2.8% missing data
 120   (0.926) 0.995 1.000 0.999 0.910 0.989 0.928 0.999 0.998 0.992 0.990 0.927 0.999 0.997 0.901 0.991 
 100   (0.074) 0.005 0.000 0.001 0.090 0.011 0.072 0.001 0.002 0.008 0.010 0.073 0.001 0.003 0.099 0.009 

Locus 160 : 179594_17 
2 alleles
4.5% missing data
 120   (0.910) 0.993 0.999 0.999 0.996 0.988 0.906 0.995 0.998 0.919 0.974 0.909 0.998 0.974 0.745 0.997 
 100   (0.090) 0.007 0.001 0.001 0.004 0.012 0.094 0.005 0.002 0.081 0.026 0.091 0.002 0.026 0.255 0.003 

Locus 161 : 180413_54 
2 alleles
3.9% missing data
 100   (0.950) 0.883 1.000 1.000 0.998 0.995 0.953 0.999 0.999 0.995 0.994 0.951 0.999 0.998 0.997 0.999 
 110   (0.050) 0.117 0.000 0.000 0.002 0.005 0.047 0.001 0.001 0.005 0.006 0.049 0.001 0.002 0.003 0.001 

Locus 162 : 182862_79 
2 alleles
3.4% missing data
 130   (0.951) 0.869 1.000 1.000 0.998 0.994 0.953 0.999 0.999 0.995 0.993 0.952 0.999 0.998 0.997 0.999 
 110   (0.049) 0.131 0.000 0.000 0.002 0.006 0.047 0.001 0.001 0.005 0.007 0.048 0.001 0.002 0.003 0.001 

Locus 163 : 183288_63 
2 alleles
10.1% missing data
 100   (0.955) 0.972 1.000 1.000 0.998 0.995 0.957 0.999 0.999 0.995 0.995 0.956 0.999 0.998 0.997 0.999 
 120   (0.045) 0.028 0.000 0.000 0.002 0.005 0.043 0.001 0.001 0.005 0.005 0.044 0.001 0.002 0.003 0.001 

Locus 164 : 183906_55 
2 alleles
6.7% missing data
 130   (0.954) 0.947 1.000 1.000 0.998 0.994 0.956 0.999 0.999 0.995 0.993 0.955 0.999 0.998 0.997 0.999 
 100   (0.046) 0.053 0.000 0.000 0.002 0.006 0.044 0.001 0.001 0.005 0.007 0.045 0.001 0.002 0.003 0.001 

Locus 165 : 183990_7 
2 alleles
3.4% missing data
 120   (0.951) 0.997 1.000 0.998 0.998 0.976 0.950 0.999 0.999 0.995 0.992 0.952 0.826 0.996 0.997 0.998 
 100   (0.049) 0.003 0.000 0.002 0.002 0.024 0.050 0.001 0.001 0.005 0.008 0.048 0.174 0.004 0.003 0.002 

Locus 166 : 185904_60 
2 alleles
3.4% missing data
 120   (0.954) 0.997 1.000 1.000 0.998 0.995 0.954 0.999 0.999 0.995 0.989 0.955 0.999 0.916 0.997 0.999 
 100   (0.046) 0.003 0.000 0.000 0.002 0.005 0.046 0.001 0.001 0.005 0.011 0.045 0.001 0.084 0.003 0.001 

Locus 167 : 191703_64 
2 alleles
1.7% missing data
 130   (0.926) 0.995 1.000 1.000 0.997 0.991 0.930 0.999 0.998 0.678 0.990 0.928 0.999 0.997 0.867 0.998 
 110   (0.074) 0.005 0.000 0.000 0.003 0.009 0.070 0.001 0.002 0.322 0.010 0.072 0.001 0.003 0.133 0.002 

Locus 168 : 193854_7 
2 alleles
1.7% missing data
 130   (0.935) 0.883 1.000 0.999 0.997 0.992 0.937 0.999 0.983 0.993 0.991 0.935 0.999 0.997 0.996 0.998 
 110   (0.065) 0.117 0.000 0.001 0.003 0.008 0.063 0.001 0.017 0.007 0.009 0.065 0.001 0.003 0.004 0.002 

Locus 169 : 194868_38 
2 alleles
5.6% missing data
 120   (0.937) 0.996 1.000 1.000 0.900 0.992 0.936 0.999 0.998 0.992 0.991 0.936 0.998 0.998 0.965 0.998 
 100   (0.063) 0.004 0.000 0.000 0.100 0.008 0.064 0.001 0.002 0.008 0.009 0.064 0.002 0.002 0.035 0.002 

Locus 170 : 195463_36 
2 alleles
5.1% missing data
 120   (0.954) 0.997 1.000 1.000 0.998 0.995 0.956 0.999 0.999 0.995 0.994 0.955 0.999 0.998 0.862 0.999 
 100   (0.046) 0.003 0.000 0.000 0.002 0.005 0.044 0.001 0.001 0.005 0.006 0.045 0.001 0.002 0.138 0.001 

Locus 171 : 195727_20 
2 alleles
1.7% missing data
 130   (0.950) 0.916 1.000 1.000 0.998 0.994 0.953 0.999 0.999 0.995 0.994 0.951 0.999 0.998 0.997 0.999 
 110   (0.050) 0.084 0.000 0.000 0.002 0.006 0.047 0.001 0.001 0.005 0.006 0.049 0.001 0.002 0.003 0.001 

Locus 172 : 197508_5 
2 alleles
2.2% missing data
 120   (0.957) 0.997 1.000 1.000 0.992 0.995 0.955 0.999 0.999 0.995 0.994 0.955 0.999 0.998 0.997 0.999 
 100   (0.043) 0.003 0.000 0.000 0.008 0.005 0.045 0.001 0.001 0.005 0.006 0.045 0.001 0.002 0.003 0.001 

Locus 173 : 199140_10 
2 alleles
4.5% missing data
 130   (0.955) 0.997 1.000 1.000 0.998 0.993 0.954 0.999 0.999 0.995 0.994 0.952 0.997 0.998 0.997 0.999 
 110   (0.045) 0.003 0.000 0.000 0.002 0.007 0.046 0.001 0.001 0.005 0.006 0.048 0.003 0.002 0.003 0.001 

Locus 174 : 199429_51 
2 alleles
5.1% missing data
 130   (0.957) 0.997 1.000 1.000 0.998 0.995 0.952 0.999 0.999 0.994 0.987 0.956 0.999 0.985 0.997 0.999 
 100   (0.043) 0.003 0.000 0.000 0.002 0.005 0.048 0.001 0.001 0.006 0.013 0.044 0.001 0.015 0.003 0.001 

Locus 175 : 199635_9 
2 alleles
3.4% missing data
 120   (0.951) 0.833 1.000 1.000 0.998 0.995 0.954 0.999 0.999 0.995 0.994 0.952 0.999 0.998 0.997 0.999 
 100   (0.049) 0.167 0.000 0.000 0.002 0.005 0.046 0.001 0.001 0.005 0.006 0.048 0.001 0.002 0.003 0.001 

Locus 176 : 200923_8 
2 alleles
5.1% missing data
 100   (0.956) 0.997 1.000 1.000 0.998 0.995 0.957 0.999 0.999 0.933 0.994 0.957 0.999 0.998 0.995 0.998 
 110   (0.044) 0.003 0.000 0.000 0.002 0.005 0.043 0.001 0.001 0.067 0.006 0.043 0.001 0.002 0.005 0.002 

Locus 177 : 201090_64 
2 alleles
5.1% missing data
 130   (0.957) 0.997 1.000 1.000 0.998 0.994 0.958 0.999 0.999 0.995 0.994 0.957 0.999 0.959 0.997 0.999 
 100   (0.043) 0.003 0.000 0.000 0.002 0.006 0.042 0.001 0.001 0.005 0.006 0.043 0.001 0.041 0.003 0.001 

Locus 178 : 201549_57 
2 alleles
4.5% missing data
 120   (0.955) 0.997 1.000 1.000 0.998 0.996 0.957 0.999 0.999 0.995 0.996 0.956 0.999 0.998 0.907 0.999 
 110   (0.045) 0.003 0.000 0.000 0.002 0.004 0.043 0.001 0.001 0.005 0.004 0.044 0.001 0.002 0.093 0.001 

Locus 179 : 203565_40 
2 alleles
3.9% missing data
 120   (0.957) 0.997 1.000 1.000 0.998 0.995 0.958 0.999 0.999 0.935 0.994 0.957 0.999 0.998 0.997 0.999 
 100   (0.043) 0.003 0.000 0.000 0.002 0.005 0.042 0.001 0.001 0.065 0.006 0.043 0.001 0.002 0.003 0.001 

Locus 180 : 205184_19 
2 alleles
7.3% missing data
 110   (0.925) 0.765 1.000 0.999 0.997 0.992 0.928 0.999 0.870 0.992 0.991 0.926 0.999 0.997 0.995 0.998 
 120   (0.075) 0.235 0.000 0.001 0.003 0.008 0.072 0.001 0.130 0.008 0.009 0.074 0.001 0.003 0.005 0.002 

Locus 181 : 206551_17 
2 alleles
6.2% missing data
 120   (0.901) 0.993 0.999 0.999 0.995 0.982 0.899 0.901 0.998 0.941 0.957 0.901 0.994 0.617 0.969 0.996 
 100   (0.099) 0.007 0.001 0.001 0.005 0.018 0.101 0.099 0.002 0.059 0.043 0.099 0.006 0.383 0.031 0.004 

Locus 182 : 216246_19 
2 alleles
2.8% missing data
 110   (0.938) 0.996 1.000 0.999 0.990 0.984 0.934 0.999 0.998 0.988 0.990 0.937 0.993 0.996 0.985 0.992 
 130   (0.062) 0.004 0.000 0.001 0.010 0.016 0.066 0.001 0.002 0.012 0.010 0.063 0.007 0.004 0.015 0.008 

Locus 183 : 216776_13 
2 alleles
5.6% missing data
 120   (0.915) 0.733 1.000 0.999 0.996 0.989 0.918 0.841 0.992 0.991 0.988 0.916 0.999 0.997 0.995 0.998 
 110   (0.085) 0.267 0.000 0.001 0.004 0.011 0.082 0.159 0.008 0.009 0.012 0.084 0.001 0.003 0.005 0.002 

Locus 184 : 217291_37 
2 alleles
3.9% missing data
 120   (0.953) 0.997 1.000 1.000 0.998 0.990 0.953 0.999 0.999 0.995 0.993 0.953 0.999 0.998 0.916 0.999 
 100   (0.047) 0.003 0.000 0.000 0.002 0.010 0.047 0.001 0.001 0.005 0.007 0.047 0.001 0.002 0.084 0.001 

Locus 185 : 217570_13 
2 alleles
3.9% missing data
 130   (0.952) 0.869 1.000 1.000 0.998 0.995 0.954 0.999 0.999 0.995 0.994 0.953 0.999 0.998 0.997 0.999 
 110   (0.048) 0.131 0.000 0.000 0.002 0.005 0.046 0.001 0.001 0.005 0.006 0.047 0.001 0.002 0.003 0.001 

Locus 186 : 220422_65 
2 alleles
3.4% missing data
 120   (0.943) 0.996 0.999 0.999 0.986 0.979 0.939 0.999 0.999 0.993 0.989 0.942 0.999 0.997 0.984 0.985 
 110   (0.057) 0.004 0.001 0.001 0.014 0.021 0.061 0.001 0.001 0.007 0.011 0.058 0.001 0.003 0.016 0.015 

Locus 187 : 220502_40 
2 alleles
6.7% missing data
 120   (0.955) 0.997 1.000 0.999 0.997 0.994 0.957 0.999 0.999 0.995 0.994 0.956 0.999 0.998 0.997 0.966 
 110   (0.045) 0.003 0.000 0.001 0.003 0.006 0.043 0.001 0.001 0.005 0.006 0.044 0.001 0.002 0.003 0.034 

Locus 188 : 220519_81 
2 alleles
4.5% missing data
 130   (0.930) 0.860 1.000 0.999 0.997 0.991 0.932 0.999 0.998 0.936 0.990 0.931 0.999 0.997 0.996 0.998 
 110   (0.070) 0.140 0.000 0.001 0.003 0.009 0.068 0.001 0.002 0.064 0.010 0.069 0.001 0.003 0.004 0.002 

Locus 189 : 222347_17 
2 alleles
3.9% missing data
 120   (0.951) 0.894 1.000 1.000 0.998 0.995 0.953 0.999 0.999 0.995 0.994 0.952 0.999 0.998 0.997 0.999 
 100   (0.049) 0.106 0.000 0.000 0.002 0.005 0.047 0.001 0.001 0.005 0.006 0.048 0.001 0.002 0.003 0.001 

Locus 190 : 222896_46 
2 alleles
0.6% missing data
 110   (0.956) 0.946 1.000 1.000 0.998 0.995 0.958 0.999 0.999 0.996 0.994 0.957 1.000 0.998 0.997 0.999 
 130   (0.044) 0.054 0.000 0.000 0.002 0.005 0.042 0.001 0.001 0.004 0.006 0.043 0.000 0.002 0.003 0.001 

Locus 191 : 223181_12 
2 alleles
3.4% missing data
 120   (0.951) 0.728 1.000 1.000 0.998 0.995 0.954 0.999 0.999 0.995 0.994 0.952 0.999 0.998 0.997 0.999 
 100   (0.049) 0.272 0.000 0.000 0.002 0.005 0.046 0.001 0.001 0.005 0.006 0.048 0.001 0.002 0.003 0.001 

Locus 192 : 224649_57 
2 alleles
5.1% missing data
 100   (0.957) 0.997 1.000 1.000 0.998 0.994 0.958 0.999 0.979 0.994 0.995 0.957 0.999 0.998 0.997 0.999 
 110   (0.043) 0.003 0.000 0.000 0.002 0.006 0.042 0.001 0.021 0.006 0.005 0.043 0.001 0.002 0.003 0.001 

Locus 193 : 226245_11 
2 alleles
5.1% missing data
 130   (0.955) 0.997 1.000 1.000 0.998 0.995 0.957 0.999 0.999 0.995 0.994 0.956 0.999 0.999 0.997 0.912 
 110   (0.045) 0.003 0.000 0.000 0.002 0.005 0.043 0.001 0.001 0.005 0.006 0.044 0.001 0.001 0.003 0.088 

Locus 194 : 226342_59 
2 alleles
6.2% missing data
 120   (0.923) 0.912 0.998 0.999 0.996 0.989 0.924 0.996 0.967 0.990 0.989 0.924 0.998 0.996 0.994 0.997 
 100   (0.077) 0.088 0.002 0.001 0.004 0.011 0.076 0.004 0.033 0.010 0.011 0.076 0.002 0.004 0.006 0.003 

Locus 195 : 228970_13 
2 alleles
3.9% missing data
 120   (0.955) 0.997 1.000 1.000 0.998 0.995 0.956 0.999 0.999 0.995 0.994 0.956 0.999 0.998 0.958 0.999 
 100   (0.045) 0.003 0.000 0.000 0.002 0.005 0.044 0.001 0.001 0.005 0.006 0.044 0.001 0.002 0.042 0.001 

Locus 196 : 229097_27 
2 alleles
5.1% missing data
 130   (0.949) 0.796 1.000 1.000 0.998 0.995 0.951 0.999 0.999 0.995 0.994 0.950 0.999 0.998 0.996 0.999 
 110   (0.051) 0.204 0.000 0.000 0.002 0.005 0.049 0.001 0.001 0.005 0.006 0.050 0.001 0.002 0.004 0.001 

Locus 197 : 229177_29 
2 alleles
7.3% missing data
 130   (0.949) 0.997 0.995 0.999 0.997 0.994 0.951 0.817 0.999 0.994 0.989 0.950 0.999 0.994 0.996 0.998 
 110   (0.051) 0.003 0.005 0.001 0.003 0.006 0.049 0.183 0.001 0.006 0.011 0.050 0.001 0.006 0.004 0.002 

Locus 198 : 229612_7 
2 alleles
6.2% missing data
 100   (0.957) 0.997 1.000 1.000 0.991 0.994 0.954 0.999 0.999 0.995 0.993 0.954 0.999 0.998 0.997 0.999 
 120   (0.043) 0.003 0.000 0.000 0.009 0.006 0.046 0.001 0.001 0.005 0.007 0.046 0.001 0.002 0.003 0.001 

Locus 199 : 229936_67 
2 alleles
3.9% missing data
 120   (0.954) 0.997 0.993 0.989 0.998 0.975 0.955 0.997 0.999 0.995 0.972 0.954 0.999 0.996 0.996 0.986 
 100   (0.046) 0.003 0.007 0.011 0.002 0.025 0.045 0.003 0.001 0.005 0.028 0.046 0.001 0.004 0.004 0.014 

Locus 200 : 232937_62 
2 alleles
2.2% missing data
 100   (0.958) 0.997 1.000 1.000 0.998 0.994 0.956 0.994 0.999 0.996 0.995 0.956 0.999 0.998 0.997 0.999 
 120   (0.042) 0.003 0.000 0.000 0.002 0.006 0.044 0.006 0.001 0.004 0.005 0.044 0.001 0.002 0.003 0.001 

Locus 201 : 233194_6 
2 alleles
2.8% missing data
 120   (0.928) 0.667 1.000 1.000 0.997 0.992 0.929 0.999 0.970 0.993 0.991 0.929 0.999 0.997 0.996 0.998 
 100   (0.072) 0.333 0.000 0.000 0.003 0.008 0.071 0.001 0.030 0.007 0.009 0.071 0.001 0.003 0.004 0.002 

Locus 202 : 234346_33 
2 alleles
4.5% missing data
 110   (0.954) 0.997 1.000 1.000 0.998 0.995 0.956 0.999 0.823 0.995 0.995 0.955 0.999 0.998 0.997 0.999 
 130   (0.046) 0.003 0.000 0.000 0.002 0.005 0.044 0.001 0.177 0.005 0.005 0.045 0.001 0.002 0.003 0.001 

Locus 203 : 235241_77 
2 alleles
2.2% missing data
 130   (0.950) 0.841 1.000 1.000 0.998 0.994 0.953 0.999 0.999 0.995 0.994 0.951 0.999 0.998 0.997 0.999 
 100   (0.050) 0.159 0.000 0.000 0.002 0.006 0.047 0.001 0.001 0.005 0.006 0.049 0.001 0.002 0.003 0.001 

Locus 204 : 236207_44 
2 alleles
6.2% missing data
 120   (0.891) 0.992 1.000 0.765 0.995 0.987 0.895 0.998 0.997 0.868 0.986 0.893 0.998 0.996 0.962 0.769 
 100   (0.109) 0.008 0.000 0.235 0.005 0.013 0.105 0.002 0.003 0.132 0.014 0.107 0.002 0.004 0.038 0.231 

Locus 205 : 236307_12 
2 alleles
1.7% missing data
 130   (0.948) 0.997 1.000 0.998 0.998 0.984 0.951 0.999 0.999 0.993 0.993 0.950 0.599 0.997 0.993 0.998 
 110   (0.052) 0.003 0.000 0.002 0.002 0.016 0.049 0.001 0.001 0.007 0.007 0.050 0.401 0.003 0.007 0.002 

Locus 206 : 236931_45 
2 alleles
6.7% missing data
 120   (0.884) 0.992 0.999 0.999 0.705 0.988 0.889 0.998 0.997 0.454 0.986 0.886 0.998 0.996 0.723 0.994 
 100   (0.116) 0.008 0.001 0.001 0.295 0.012 0.111 0.002 0.003 0.546 0.014 0.114 0.002 0.004 0.277 0.006 

Locus 207 : 236999_38 
2 alleles
2.8% missing data
 120   (0.954) 0.946 1.000 1.000 0.998 0.995 0.956 0.999 0.999 0.995 0.994 0.955 0.999 0.998 0.997 0.999 
 100   (0.046) 0.054 0.000 0.000 0.002 0.005 0.044 0.001 0.001 0.005 0.006 0.045 0.001 0.002 0.003 0.001 

Locus 208 : 240398_42 
2 alleles
3.9% missing data
 110   (0.846) 0.990 0.999 0.999 0.828 0.975 0.847 0.997 0.996 0.449 0.979 0.845 0.643 0.994 0.882 0.995 
 130   (0.154) 0.010 0.001 0.001 0.172 0.025 0.153 0.003 0.004 0.551 0.021 0.155 0.357 0.006 0.118 0.005 

Locus 209 : 240825_22 
2 alleles
6.2% missing data
 130   (0.954) 0.997 0.997 0.998 0.998 0.987 0.954 0.996 0.999 0.993 0.989 0.954 0.999 0.994 0.997 0.998 
 110   (0.046) 0.003 0.003 0.002 0.002 0.013 0.046 0.004 0.001 0.007 0.011 0.046 0.001 0.006 0.003 0.002 

Locus 210 : 244435_48 
2 alleles
1.7% missing data
 110   (0.955) 0.997 1.000 1.000 0.998 0.996 0.957 0.999 0.999 0.995 0.995 0.956 0.999 0.998 0.997 0.912 
 130   (0.045) 0.003 0.000 0.000 0.002 0.004 0.043 0.001 0.001 0.005 0.005 0.044 0.001 0.002 0.003 0.088 

Locus 211 : 245971_21 
2 alleles
5.1% missing data
 130   (0.952) 0.916 1.000 1.000 0.998 0.994 0.954 0.999 0.999 0.995 0.994 0.953 0.999 0.998 0.997 0.999 
 120   (0.048) 0.084 0.000 0.000 0.002 0.006 0.046 0.001 0.001 0.005 0.006 0.047 0.001 0.002 0.003 0.001 

Locus 212 : 246895_22 
2 alleles
3.4% missing data
 120   (0.956) 0.997 1.000 1.000 0.998 0.990 0.951 0.999 0.999 0.995 0.993 0.953 0.996 0.998 0.997 0.999 
 110   (0.044) 0.003 0.000 0.000 0.002 0.010 0.049 0.001 0.001 0.005 0.007 0.047 0.004 0.002 0.003 0.001 

Locus 213 : 248131_26 
2 alleles
7.9% missing data
 130   (0.941) 0.996 0.999 0.999 0.977 0.991 0.942 0.998 0.998 0.991 0.990 0.941 0.998 0.958 0.995 0.996 
 110   (0.059) 0.004 0.001 0.001 0.023 0.009 0.058 0.002 0.002 0.009 0.010 0.059 0.002 0.042 0.005 0.004 

Locus 214 : 250844_49 
2 alleles
7.3% missing data
 130   (0.954) 0.997 1.000 1.000 0.989 0.995 0.954 0.999 0.999 0.995 0.993 0.952 0.999 0.998 0.997 0.999 
 100   (0.046) 0.003 0.000 0.000 0.011 0.005 0.046 0.001 0.001 0.005 0.007 0.048 0.001 0.002 0.003 0.001 

Locus 215 : 251283_19 
2 alleles
5.6% missing data
 120   (0.952) 0.997 1.000 1.000 0.998 0.994 0.955 0.999 0.999 0.828 0.994 0.953 0.999 0.998 0.997 0.999 
 100   (0.048) 0.003 0.000 0.000 0.002 0.006 0.045 0.001 0.001 0.172 0.006 0.047 0.001 0.002 0.003 0.001 

Locus 216 : 251358_15 
2 alleles
8.4% missing data
 110   (0.933) 0.995 1.000 0.999 0.810 0.993 0.936 0.999 0.998 0.990 0.991 0.934 0.999 0.997 0.995 0.963 
 120   (0.067) 0.005 0.000 0.001 0.190 0.007 0.064 0.001 0.002 0.010 0.009 0.066 0.001 0.003 0.005 0.037 

Locus 217 : 251901_42 
2 alleles
2.2% missing data
 120   (0.957) 0.997 1.000 0.999 0.998 0.995 0.954 0.999 0.999 0.995 0.990 0.957 0.999 0.978 0.997 0.998 
 100   (0.043) 0.003 0.000 0.001 0.002 0.005 0.046 0.001 0.001 0.005 0.010 0.043 0.001 0.022 0.003 0.002 

Locus 218 : 252158_43 
2 alleles
0.0% missing data
 120   (0.952) 0.920 1.000 1.000 0.998 0.995 0.955 0.999 0.999 0.995 0.994 0.953 0.999 0.998 0.997 0.999 
 100   (0.048) 0.080 0.000 0.000 0.002 0.005 0.045 0.001 0.001 0.005 0.006 0.047 0.001 0.002 0.003 0.001 

Locus 219 : 252988_16 
2 alleles
7.9% missing data
 110   (0.949) 0.997 1.000 1.000 0.997 0.994 0.951 0.999 0.999 0.993 0.994 0.950 0.998 0.723 0.997 0.998 
 100   (0.051) 0.003 0.000 0.000 0.003 0.006 0.049 0.001 0.001 0.007 0.006 0.050 0.002 0.277 0.003 0.002 

Locus 220 : 254425_88 
2 alleles
5.6% missing data
 130   (0.920) 0.777 1.000 0.999 0.996 0.991 0.924 0.997 0.886 0.991 0.990 0.922 0.999 0.997 0.995 0.998 
 110   (0.080) 0.223 0.000 0.001 0.004 0.009 0.076 0.003 0.114 0.009 0.010 0.078 0.001 0.003 0.005 0.002 

Locus 221 : 256337_57 
2 alleles
5.6% missing data
 110   (0.955) 0.997 1.000 1.000 0.998 0.994 0.957 0.999 0.999 0.930 0.993 0.955 0.999 0.998 0.997 0.999 
 130   (0.045) 0.003 0.000 0.000 0.002 0.006 0.043 0.001 0.001 0.070 0.007 0.045 0.001 0.002 0.003 0.001 

Locus 222 : 259058_15 
2 alleles
1.7% missing data
 120   (0.955) 0.997 1.000 1.000 0.998 0.995 0.957 0.999 0.877 0.995 0.995 0.956 0.999 0.998 0.997 0.999 
 100   (0.045) 0.003 0.000 0.000 0.002 0.005 0.043 0.001 0.123 0.005 0.005 0.044 0.001 0.002 0.003 0.001 

Locus 223 : 259869_81 
2 alleles
0.6% missing data
 120   (0.956) 0.997 1.000 1.000 0.998 0.995 0.958 0.999 0.942 0.995 0.994 0.957 1.000 0.999 0.997 0.999 
 130   (0.044) 0.003 0.000 0.000 0.002 0.005 0.042 0.001 0.058 0.005 0.006 0.043 0.000 0.001 0.003 0.001 

Locus 224 : 260700_55 
2 alleles
2.2% missing data
 130   (0.955) 0.997 0.999 1.000 0.998 0.994 0.956 0.979 0.999 0.994 0.994 0.956 0.999 0.994 0.997 0.999 
 110   (0.045) 0.003 0.001 0.000 0.002 0.006 0.044 0.021 0.001 0.006 0.006 0.044 0.001 0.006 0.003 0.001 

Locus 225 : 262223_11 
2 alleles
4.5% missing data
 130   (0.955) 0.997 1.000 1.000 0.998 0.995 0.957 0.870 0.999 0.995 0.994 0.956 0.999 0.998 0.997 0.999 
 100   (0.045) 0.003 0.000 0.000 0.002 0.005 0.043 0.130 0.001 0.005 0.006 0.044 0.001 0.002 0.003 0.001 

Locus 226 : 262346_48 
2 alleles
3.4% missing data
 130   (0.952) 0.997 1.000 1.000 0.998 0.995 0.955 0.999 0.999 0.407 0.994 0.954 0.999 0.998 0.997 0.999 
 110   (0.048) 0.003 0.000 0.000 0.002 0.005 0.045 0.001 0.001 0.593 0.006 0.046 0.001 0.002 0.003 0.001 

Locus 227 : 262620_18 
2 alleles
3.9% missing data
 110   (0.939) 0.995 0.997 0.992 0.997 0.981 0.936 0.998 0.998 0.991 0.990 0.936 0.994 0.997 0.995 0.992 
 130   (0.061) 0.005 0.003 0.008 0.003 0.019 0.064 0.002 0.002 0.009 0.010 0.064 0.006 0.003 0.005 0.008 

Locus 228 : 263002_42 
2 alleles
3.4% missing data
 120   (0.951) 0.997 1.000 1.000 0.856 0.995 0.953 0.999 0.999 0.995 0.993 0.952 0.999 0.998 0.997 0.999 
 100   (0.049) 0.003 0.000 0.000 0.144 0.005 0.047 0.001 0.001 0.005 0.007 0.048 0.001 0.002 0.003 0.001 

Locus 229 : 263813_70 
2 alleles
10.1% missing data
 130   (0.954) 0.997 1.000 1.000 0.998 0.995 0.956 0.999 0.938 0.995 0.994 0.955 0.999 0.998 0.997 0.999 
 110   (0.046) 0.003 0.000 0.000 0.002 0.005 0.044 0.001 0.062 0.005 0.006 0.045 0.001 0.002 0.003 0.001 

Locus 230 : 264184_13 
2 alleles
10.1% missing data
 110   (0.911) 0.993 1.000 0.999 0.996 0.989 0.911 0.998 0.998 0.946 0.978 0.912 0.999 0.838 0.994 0.856 
 130   (0.089) 0.007 0.000 0.001 0.004 0.011 0.089 0.002 0.002 0.054 0.022 0.088 0.001 0.162 0.006 0.144 

Values of parameters used in structure:
DATAFILE=C:\Users\jmahg\OneDrive\Desktop\Transfers\TrkNbr-1524n1282n1083_AllPops_Structure_p18_r080_LDnHWEx\project_data,	OUTFILE=C:\Users\jmahg\OneDrive\Desktop\Transfers\TrkNbr-1524n1282n1083_AllPops_Structure_p18_r080_LDnHWEx\BI50000_MCMC100000\Results\BI50000_MCMC100000_run_142,	NUMINDS=178,	NUMLOCI=230,	MISSING=0,	LABEL=1,	POPDATA=1,	POPFLAG=0,	PHENOTYPE=0,	EXTRACOLS=0,	MAXPOPS=15,	BURNIN=50000,	NUMREPS=100000,	USEPOPINFO=0,	INFERALPHA=1,	INFERLAMBDA=0,	POPSPECIFICLAMBDA=0,	POPALPHAS=0,	COMPUTEPROB=1,	NOADMIX=0,	ADMBURNIN=2500,	UPDATEFREQ=1,	PRINTLIKES=0,	INTERMEDSAVE=0,	PRINTKLD=0,	PRINTNET=0,	PRINTLAMBDA=0,	ANCESTDIST=0,	NUMBOXES=1000,	ANCESTPINT=0.90000,	GENSBACK=2,	MIGRPRIOR=0.05000,	PRINTQHAT=0,	PRINTQSUM=0,	ALPHA=1.0000,	FREQSCORR=1,	FPRIORMEAN=0.0100,	FPRIORSD=0.0500,	ONEFST=0,	LAMBDA=1.0000,	UNIFPRIORALPHA=1,	ALPHAMAX=10.0000,	ALPHAPRIORA=1.0000,	ALPHAPRIORB=2.0000,	ALPHAPROPSD=0.0250,	STARTATPOPINFO=0,	RANDOMIZE=1,	LINKAGE=0,	METROFREQ=10,	REPORTHITRATE=0,	MARKOVPHASE=-1,	PHASED=0,	PLOIDY=2,	PHASEINFO=0	LOCPRIOR=0, 	LOCPRIORINIT=1.000000, 	LOCDATA=0, 	LOCISPOP=0, 	LOCPRIORSTEP=0.100000, 	MAXLOCPRIOR=20.000000, 	SEED=1603002203,	
[STRAT parameters]:    NUMSIMSTATS=1000,	PHENOTYPECOL=-9,	POOLFREQ=10,	LOCUSxONLY=0,	EMERROR=0.00100,	MISSINGPHENO=-9,	