

----------------------------------------------------
STRUCTURE by Pritchard, Stephens and Donnelly (2000)
     and Falush, Stephens and Pritchard (2003)
       Code by Pritchard, Falush and Hubisz
             Version 2.3.4 (Jul 2012)
----------------------------------------------------



Command line arguments:   bin\structure -m C:\Users\jmahg\OneDrive\Desktop\Transfers\TrkNbr-1524n1282n1083_AllPops_Structure_p18_r080_LDnHWEx\BI50000_MCMC100000\mainparams -e C:\Users\jmahg\OneDrive\Desktop\Transfers\TrkNbr-1524n1282n1083_AllPops_Structure_p18_r080_LDnHWEx\BI50000_MCMC100000\extraparams 
Input File:    C:\Users\jmahg\OneDrive\Desktop\Transfers\TrkNbr-1524n1282n1083_AllPops_Structure_p18_r080_LDnHWEx\project_data

Run parameters:
   178 individuals
   230 loci
   17 populations assumed
   50000 Burn-in period
   100000 Reps


--------------------------------------------
Proportion of membership of each pre-defined
 population in each of the 17 clusters

Given    Inferred Clusters                                                                                                         Number of
 Pop       1      2      3      4      5      6      7      8      9     10     11     12     13     14     15     16     17      Individuals

  1:     0.012  0.017  0.006  0.643  0.004  0.012  0.011  0.116  0.031  0.029  0.007  0.002  0.032  0.006  0.036  0.008  0.028       10
  2:     0.015  0.042  0.004  0.019  0.016  0.007  0.473  0.054  0.061  0.055  0.027  0.002  0.071  0.007  0.070  0.038  0.041        8
  3:     0.492  0.039  0.004  0.009  0.004  0.006  0.010  0.021  0.046  0.073  0.027  0.002  0.093  0.007  0.074  0.020  0.071       10
  4:     0.024  0.232  0.015  0.020  0.007  0.020  0.054  0.030  0.068  0.070  0.200  0.003  0.087  0.008  0.075  0.008  0.079       10
  5:     0.010  0.009  0.003  0.006  0.003  0.004  0.006  0.008  0.011  0.013  0.005  0.867  0.013  0.011  0.013  0.004  0.012       10
  6:     0.335  0.055  0.004  0.018  0.004  0.007  0.013  0.028  0.066  0.120  0.008  0.003  0.110  0.008  0.098  0.003  0.121       10
  7:     0.019  0.022  0.003  0.026  0.003  0.004  0.009  0.664  0.060  0.048  0.004  0.002  0.034  0.006  0.064  0.002  0.030       10
  8:     0.035  0.039  0.033  0.074  0.017  0.069  0.222  0.053  0.101  0.061  0.039  0.002  0.069  0.009  0.079  0.053  0.044       10
  9:     0.020  0.077  0.004  0.025  0.003  0.005  0.012  0.123  0.130  0.146  0.007  0.002  0.146  0.009  0.155  0.003  0.133       10
 10:     0.025  0.080  0.005  0.010  0.004  0.005  0.014  0.030  0.070  0.208  0.008  0.003  0.125  0.010  0.118  0.004  0.282       10
 11:     0.014  0.032  0.007  0.023  0.009  0.553  0.029  0.021  0.043  0.059  0.010  0.002  0.055  0.006  0.049  0.036  0.051       10
 12:     0.018  0.035  0.086  0.058  0.006  0.487  0.048  0.019  0.046  0.043  0.009  0.002  0.047  0.009  0.041  0.006  0.042       10
 13:     0.013  0.014  0.796  0.010  0.007  0.008  0.010  0.018  0.016  0.020  0.009  0.002  0.022  0.006  0.022  0.010  0.018       10
 14:     0.016  0.028  0.004  0.008  0.003  0.005  0.008  0.018  0.032  0.051  0.007  0.010  0.047  0.675  0.042  0.004  0.043       10
 15:     0.033  0.020  0.004  0.008  0.003  0.005  0.008  0.016  0.022  0.039  0.006  0.007  0.037  0.722  0.031  0.005  0.035       10
 16:     0.030  0.049  0.006  0.018  0.011  0.009  0.029  0.035  0.133  0.068  0.407  0.002  0.062  0.007  0.062  0.024  0.044       10
 17:     0.016  0.025  0.014  0.047  0.513  0.043  0.047  0.020  0.058  0.047  0.019  0.003  0.050  0.006  0.043  0.008  0.040       10
 18:     0.014  0.012  0.004  0.007  0.003  0.004  0.008  0.013  0.018  0.024  0.005  0.817  0.020  0.008  0.019  0.004  0.020       10
--------------------------------------------

Allele-freq. divergence among pops (Net nucleotide distance),
computed using point estimates of P.

      1       2       3       4       5       6       7       8       9      10      11      12      13      14      15      16      17      
 1      -    0.0026  0.0064  0.0041  0.0094  0.0042  0.0058  0.0032  0.0015  0.0013  0.0052  0.0081  0.0013  0.0032  0.0013  0.0029  0.0014  
 2   0.0026     -    0.0062  0.0039  0.0090  0.0036  0.0054  0.0032  0.0013  0.0014  0.0028  0.0085  0.0013  0.0033  0.0013  0.0025  0.0015  
 3   0.0064  0.0062     -    0.0071  0.0103  0.0051  0.0090  0.0071  0.0050  0.0053  0.0092  0.0122  0.0050  0.0071  0.0051  0.0045  0.0054  
 4   0.0041  0.0039  0.0071     -    0.0097  0.0041  0.0068  0.0019  0.0022  0.0027  0.0068  0.0100  0.0025  0.0048  0.0024  0.0033  0.0030  
 5   0.0094  0.0090  0.0103  0.0097     -    0.0076  0.0069  0.0098  0.0078  0.0083  0.0116  0.0149  0.0080  0.0101  0.0081  0.0066  0.0084  
 6   0.0042  0.0036  0.0051  0.0041  0.0076     -    0.0059  0.0049  0.0028  0.0030  0.0067  0.0100  0.0028  0.0049  0.0029  0.0026  0.0031  
 7   0.0058  0.0054  0.0090  0.0068  0.0069  0.0059     -    0.0061  0.0043  0.0045  0.0087  0.0117  0.0042  0.0065  0.0044  0.0051  0.0046  
 8   0.0032  0.0032  0.0071  0.0019  0.0098  0.0049  0.0061     -    0.0014  0.0018  0.0063  0.0093  0.0017  0.0039  0.0015  0.0034  0.0020  
 9   0.0015  0.0013  0.0050  0.0022  0.0078  0.0028  0.0043  0.0014     -    0.0002  0.0043  0.0075  0.0001  0.0022  0.0001  0.0019  0.0004  
10   0.0013  0.0014  0.0053  0.0027  0.0083  0.0030  0.0045  0.0018  0.0002     -    0.0046  0.0074  0.0001  0.0020  0.0001  0.0024  0.0000  
11   0.0052  0.0028  0.0092  0.0068  0.0116  0.0067  0.0087  0.0063  0.0043  0.0046     -    0.0116  0.0044  0.0065  0.0045  0.0047  0.0047  
12   0.0081  0.0085  0.0122  0.0100  0.0149  0.0100  0.0117  0.0093  0.0075  0.0074  0.0116     -    0.0073  0.0071  0.0074  0.0059  0.0075  
13   0.0013  0.0013  0.0050  0.0025  0.0080  0.0028  0.0042  0.0017  0.0001  0.0001  0.0044  0.0073     -    0.0020  0.0000  0.0020  0.0002  
14   0.0032  0.0033  0.0071  0.0048  0.0101  0.0049  0.0065  0.0039  0.0022  0.0020  0.0065  0.0071  0.0020     -    0.0020  0.0031  0.0021  
15   0.0013  0.0013  0.0051  0.0024  0.0081  0.0029  0.0044  0.0015  0.0001  0.0001  0.0045  0.0074  0.0000  0.0020     -    0.0021  0.0002  
16   0.0029  0.0025  0.0045  0.0033  0.0066  0.0026  0.0051  0.0034  0.0019  0.0024  0.0047  0.0059  0.0020  0.0031  0.0021     -    0.0025  
17   0.0014  0.0015  0.0054  0.0030  0.0084  0.0031  0.0046  0.0020  0.0004  0.0000  0.0047  0.0075  0.0002  0.0021  0.0002  0.0025     -    

Average distances (expected heterozygosity) between individuals in same cluster:
cluster  1  : 0.0155 
cluster  2  : 0.0198 
cluster  3  : 0.0409 
cluster  4  : 0.0206 
cluster  5  : 0.0457 
cluster  6  : 0.0370 
cluster  7  : 0.0130 
cluster  8  : 0.0084 
cluster  9  : 0.0123 
cluster 10  : 0.0031 
cluster 11  : 0.0281 
cluster 12  : 0.0673 
cluster 13  : 0.0078 
cluster 14  : 0.0251 
cluster 15  : 0.0070 
cluster 16  : 0.0888 
cluster 17  : 0.0028 

--------------------------------------------
Estimated Ln Prob of Data   = -3633.6
Mean value of ln likelihood = -3217.3
Variance of ln likelihood   = 832.6
Mean value of alpha         = 0.0364

Mean value of Fst_1         = 0.6578
Mean value of Fst_2         = 0.7311
Mean value of Fst_3         = 0.3888
Mean value of Fst_4         = 0.5920
Mean value of Fst_5         = 0.3740
Mean value of Fst_6         = 0.3689
Mean value of Fst_7         = 0.7639
Mean value of Fst_8         = 0.8334
Mean value of Fst_9         = 0.7818
Mean value of Fst_10         = 0.9200
Mean value of Fst_11         = 0.5181
Mean value of Fst_12         = 0.2530
Mean value of Fst_13         = 0.8698
Mean value of Fst_14         = 0.5026
Mean value of Fst_15         = 0.8624
Mean value of Fst_16         = 0.0010
Mean value of Fst_17         = 0.9087


Inferred ancestry of individuals:
        Label (%Miss) Pop:  Inferred clusters
  1 TGCP_WM1    (0)    1 :  0.015 0.016 0.004 0.679 0.004 0.010 0.011 0.033 0.036 0.040 0.007 0.002 0.031 0.008 0.045 0.008 0.052 
  2 TGCP_WM10    (1)    1 :  0.022 0.040 0.004 0.379 0.005 0.012 0.021 0.097 0.089 0.082 0.005 0.002 0.073 0.008 0.094 0.003 0.066 
  3 TGCP_WM2    (0)    1 :  0.018 0.013 0.005 0.467 0.007 0.008 0.019 0.236 0.033 0.026 0.012 0.004 0.034 0.010 0.039 0.044 0.026 
  4 TGCP_WM3    (1)    1 :  0.009 0.013 0.004 0.727 0.004 0.010 0.011 0.075 0.022 0.024 0.006 0.002 0.034 0.005 0.026 0.003 0.025 
  5 TGCP_WM4    (0)    1 :  0.011 0.016 0.004 0.779 0.004 0.043 0.011 0.016 0.021 0.017 0.005 0.002 0.022 0.005 0.022 0.003 0.019 
  6 TGCP_WM5    (0)    1 :  0.012 0.014 0.005 0.770 0.003 0.008 0.009 0.035 0.028 0.017 0.006 0.002 0.030 0.006 0.032 0.007 0.016 
  7 TGCP_WM6    (0)    1 :  0.010 0.012 0.005 0.793 0.003 0.008 0.007 0.051 0.018 0.023 0.007 0.002 0.020 0.006 0.014 0.002 0.019 
  8 TGCP_WM7    (0)    1 :  0.013 0.031 0.015 0.091 0.009 0.004 0.011 0.583 0.030 0.040 0.013 0.002 0.051 0.008 0.060 0.005 0.033 
  9 TGCP_WM8    (0)    1 :  0.008 0.007 0.011 0.829 0.003 0.012 0.008 0.023 0.021 0.015 0.004 0.002 0.015 0.006 0.015 0.002 0.019 
 10 TGCP_WM9    (0)    1 :  0.006 0.006 0.003 0.911 0.003 0.003 0.005 0.009 0.009 0.008 0.004 0.002 0.006 0.003 0.010 0.002 0.008 
 11 MRLP_WM123    (3)    2 :  0.012 0.033 0.004 0.006 0.006 0.016 0.554 0.011 0.033 0.015 0.019 0.003 0.100 0.007 0.018 0.151 0.013 
 12 MRLP_WM124    (4)    2 :  0.015 0.023 0.004 0.007 0.004 0.005 0.723 0.023 0.022 0.034 0.009 0.003 0.046 0.007 0.040 0.002 0.034 
 13 MRLP_WM125    (1)    2 :  0.015 0.025 0.004 0.021 0.071 0.007 0.544 0.038 0.031 0.014 0.006 0.003 0.021 0.007 0.034 0.133 0.026 
 14 MRLP_WM126    (2)    2 :  0.023 0.091 0.003 0.008 0.003 0.004 0.011 0.021 0.093 0.208 0.005 0.002 0.201 0.007 0.156 0.002 0.163 
 15 MRLP_WM127    (3)    2 :  0.016 0.044 0.005 0.064 0.028 0.007 0.015 0.213 0.206 0.096 0.008 0.003 0.072 0.007 0.168 0.006 0.044 
 16 MRLP_WM128    (3)    2 :  0.007 0.010 0.003 0.004 0.007 0.004 0.891 0.008 0.009 0.013 0.004 0.002 0.010 0.005 0.010 0.002 0.012 
 17 MRLP_WM129    (7)    2 :  0.021 0.057 0.004 0.017 0.003 0.007 0.493 0.041 0.045 0.020 0.151 0.002 0.063 0.005 0.052 0.004 0.013 
 18 MRLP_WM130    (5)    2 :  0.010 0.054 0.004 0.021 0.003 0.005 0.557 0.074 0.052 0.040 0.010 0.002 0.056 0.007 0.078 0.003 0.024 
 19 STT_WM183    (2)    3 :  0.621 0.012 0.003 0.010 0.004 0.018 0.008 0.015 0.027 0.023 0.007 0.002 0.021 0.009 0.035 0.162 0.023 
 20 STT_WM184    (3)    3 :  0.586 0.017 0.005 0.010 0.008 0.008 0.010 0.027 0.025 0.042 0.071 0.003 0.079 0.008 0.056 0.011 0.035 
 21 STT_WM185   (15)    3 :  0.026 0.090 0.005 0.015 0.005 0.006 0.021 0.055 0.102 0.177 0.006 0.002 0.199 0.010 0.135 0.002 0.144 
 22 STT_WM186   (13)    3 :  0.021 0.101 0.005 0.010 0.003 0.006 0.016 0.030 0.098 0.160 0.009 0.002 0.201 0.008 0.165 0.002 0.162 
 23 STT_WM187   (13)    3 :  0.807 0.018 0.006 0.007 0.003 0.006 0.007 0.010 0.016 0.034 0.006 0.003 0.022 0.005 0.020 0.002 0.028 
 24 STT_WM188    (3)    3 :  0.904 0.009 0.003 0.004 0.002 0.003 0.006 0.007 0.011 0.010 0.004 0.002 0.011 0.005 0.007 0.002 0.011 
 25 STT_WM189    (0)    3 :  0.019 0.089 0.003 0.009 0.003 0.005 0.009 0.031 0.108 0.173 0.006 0.002 0.203 0.007 0.168 0.002 0.164 
 26 STT_WM190   (11)    3 :  0.861 0.011 0.004 0.007 0.002 0.003 0.007 0.009 0.010 0.016 0.006 0.002 0.022 0.006 0.017 0.002 0.014 
 27 STT_WM191    (7)    3 :  0.363 0.037 0.005 0.013 0.004 0.004 0.010 0.024 0.052 0.083 0.012 0.003 0.142 0.010 0.115 0.003 0.120 
 28 STT_WM192   (12)    3 :  0.716 0.009 0.004 0.006 0.004 0.004 0.005 0.007 0.012 0.012 0.146 0.002 0.030 0.005 0.019 0.009 0.012 
 29 FSSP_WM241    (3)    4 :  0.025 0.180 0.023 0.058 0.007 0.019 0.095 0.040 0.074 0.067 0.049 0.003 0.102 0.011 0.110 0.008 0.130 
 30 FSSP_WM242   (15)    4 :  0.018 0.096 0.004 0.009 0.003 0.006 0.011 0.030 0.094 0.180 0.008 0.002 0.198 0.009 0.155 0.002 0.174 
 31 FSSP_WM243    (6)    4 :  0.013 0.414 0.004 0.008 0.004 0.004 0.008 0.010 0.008 0.015 0.453 0.003 0.012 0.005 0.015 0.010 0.014 
 32 FSSP_WM244    (5)    4 :  0.021 0.078 0.068 0.043 0.025 0.023 0.209 0.064 0.092 0.057 0.012 0.003 0.107 0.009 0.117 0.009 0.063 
 33 FSSP_WM245   (10)    4 :  0.032 0.119 0.005 0.015 0.004 0.009 0.012 0.032 0.102 0.105 0.155 0.003 0.136 0.011 0.133 0.004 0.124 
 34 FSSP_WM246    (6)    4 :  0.039 0.102 0.006 0.009 0.004 0.008 0.022 0.059 0.136 0.145 0.029 0.002 0.152 0.009 0.115 0.007 0.158 
 35 FSSP_WM247    (3)    4 :  0.012 0.403 0.015 0.029 0.006 0.007 0.008 0.015 0.017 0.009 0.399 0.003 0.022 0.008 0.027 0.008 0.014 
 36 FSSP_WM248    (9)    4 :  0.011 0.462 0.012 0.006 0.003 0.016 0.009 0.010 0.015 0.016 0.381 0.002 0.019 0.005 0.011 0.003 0.018 
 37 FSSP_WM249    (6)    4 :  0.046 0.307 0.005 0.012 0.007 0.029 0.008 0.018 0.025 0.049 0.367 0.002 0.050 0.008 0.024 0.005 0.040 
 38 FSSP_WM250    (2)    4 :  0.027 0.156 0.004 0.011 0.009 0.078 0.159 0.024 0.115 0.061 0.151 0.002 0.071 0.006 0.042 0.025 0.058 
 39 HNL_WM301    (3)    5 :  0.010 0.005 0.003 0.006 0.003 0.003 0.004 0.008 0.009 0.015 0.006 0.881 0.015 0.008 0.011 0.003 0.012 
 40 HNL_WM302    (2)    5 :  0.005 0.003 0.002 0.005 0.002 0.003 0.004 0.004 0.007 0.007 0.004 0.926 0.007 0.006 0.006 0.002 0.006 
 41 HNL_WM303    (2)    5 :  0.011 0.010 0.004 0.006 0.003 0.004 0.006 0.009 0.011 0.013 0.005 0.866 0.018 0.007 0.012 0.003 0.011 
 42 HNL_WM304    (3)    5 :  0.013 0.011 0.004 0.010 0.003 0.005 0.009 0.011 0.020 0.031 0.005 0.782 0.018 0.024 0.025 0.003 0.023 
 43 HNL_WM305    (3)    5 :  0.009 0.007 0.002 0.003 0.003 0.003 0.004 0.005 0.008 0.007 0.005 0.908 0.009 0.006 0.009 0.005 0.006 
 44 HNL_WM306    (0)    5 :  0.007 0.007 0.003 0.005 0.002 0.003 0.005 0.006 0.007 0.008 0.004 0.907 0.008 0.009 0.009 0.004 0.007 
 45 HNL_WM307    (3)    5 :  0.011 0.007 0.004 0.005 0.003 0.004 0.007 0.008 0.007 0.011 0.005 0.887 0.015 0.007 0.009 0.002 0.010 
 46 HNL_WM308    (3)    5 :  0.013 0.011 0.004 0.005 0.003 0.004 0.006 0.009 0.008 0.009 0.006 0.870 0.010 0.017 0.011 0.002 0.011 
 47 HNL_WM309    (0)    5 :  0.012 0.012 0.005 0.010 0.003 0.007 0.008 0.012 0.020 0.019 0.005 0.805 0.014 0.017 0.020 0.011 0.019 
 48 HNL_WM310   (10)    5 :  0.010 0.014 0.004 0.006 0.003 0.004 0.010 0.010 0.012 0.016 0.005 0.841 0.017 0.013 0.017 0.003 0.015 
 49 MPO_WM482    (2)    6 :  0.843 0.011 0.003 0.006 0.003 0.005 0.008 0.012 0.011 0.025 0.005 0.003 0.015 0.006 0.016 0.002 0.027 
 50 MPO_WM483    (3)    6 :  0.229 0.066 0.005 0.012 0.004 0.007 0.012 0.030 0.087 0.158 0.008 0.002 0.117 0.009 0.099 0.005 0.150 
 51 MPO_WM484    (1)    6 :  0.422 0.048 0.003 0.011 0.003 0.005 0.013 0.026 0.053 0.085 0.005 0.002 0.113 0.007 0.091 0.002 0.109 
 52 MPO_WM485    (0)    6 :  0.633 0.022 0.003 0.008 0.005 0.005 0.007 0.013 0.083 0.077 0.008 0.002 0.022 0.008 0.052 0.006 0.045 
 53 MPO_WM486   (21)    6 :  0.024 0.092 0.004 0.015 0.005 0.007 0.015 0.061 0.098 0.169 0.010 0.003 0.161 0.010 0.161 0.003 0.162 
 54 MPO_WM487   (19)    6 :  0.363 0.035 0.005 0.013 0.004 0.006 0.017 0.039 0.050 0.108 0.017 0.003 0.121 0.008 0.096 0.003 0.112 
 55 MPO_WM488    (9)    6 :  0.027 0.087 0.003 0.012 0.003 0.005 0.010 0.025 0.083 0.203 0.005 0.002 0.171 0.007 0.168 0.002 0.187 
 56 MPO_WM489    (3)    6 :  0.748 0.008 0.003 0.078 0.007 0.019 0.012 0.013 0.015 0.020 0.004 0.002 0.026 0.007 0.015 0.004 0.020 
 57 MPO_WM490   (24)    6 :  0.036 0.083 0.006 0.010 0.005 0.007 0.018 0.029 0.095 0.177 0.007 0.003 0.169 0.009 0.141 0.003 0.204 
 58 MPO_WM491   (11)    6 :  0.022 0.094 0.003 0.011 0.003 0.006 0.019 0.033 0.087 0.181 0.007 0.002 0.188 0.008 0.141 0.002 0.194 
 59 OICP_WM541    (1)    7 :  0.011 0.009 0.003 0.005 0.002 0.003 0.007 0.871 0.014 0.018 0.004 0.002 0.017 0.005 0.013 0.002 0.014 
 60 OICP_WM542    (2)    7 :  0.010 0.011 0.003 0.012 0.002 0.003 0.008 0.843 0.020 0.019 0.004 0.002 0.021 0.005 0.021 0.002 0.013 
 61 OICP_WM543    (0)    7 :  0.009 0.009 0.002 0.011 0.003 0.004 0.007 0.859 0.012 0.019 0.003 0.002 0.014 0.006 0.021 0.002 0.016 
 62 OICP_WM544    (1)    7 :  0.088 0.035 0.005 0.123 0.008 0.006 0.010 0.109 0.170 0.118 0.004 0.002 0.068 0.008 0.218 0.006 0.023 
 63 OICP_WM545    (0)    7 :  0.014 0.016 0.003 0.012 0.003 0.005 0.007 0.767 0.029 0.034 0.004 0.002 0.030 0.005 0.034 0.001 0.032 
 64 OICP_WM546    (3)    7 :  0.015 0.059 0.003 0.033 0.003 0.005 0.013 0.314 0.152 0.104 0.006 0.002 0.071 0.007 0.146 0.002 0.065 
 65 OICP_WM547    (2)    7 :  0.013 0.056 0.003 0.033 0.003 0.004 0.013 0.257 0.161 0.117 0.006 0.002 0.083 0.006 0.153 0.002 0.087 
 66 OICP_WM548    (3)    7 :  0.007 0.007 0.002 0.010 0.002 0.003 0.005 0.872 0.014 0.016 0.004 0.002 0.013 0.004 0.017 0.001 0.018 
 67 OICP_WM549    (0)    7 :  0.011 0.006 0.003 0.013 0.002 0.003 0.005 0.887 0.011 0.013 0.003 0.002 0.011 0.005 0.009 0.001 0.013 
 68 OICP_WM550    (1)    7 :  0.011 0.010 0.003 0.007 0.003 0.005 0.010 0.858 0.018 0.024 0.005 0.002 0.010 0.006 0.010 0.002 0.016 
 69 IRO_WM601    (2)    8 :  0.016 0.036 0.026 0.276 0.006 0.111 0.035 0.071 0.126 0.064 0.019 0.003 0.063 0.009 0.102 0.007 0.029 
 70 IRO_WM602    (1)    8 :  0.019 0.043 0.005 0.069 0.006 0.007 0.040 0.251 0.135 0.118 0.008 0.003 0.087 0.009 0.134 0.009 0.054 
 71 IRO_WM603    (2)    8 :  0.021 0.039 0.179 0.052 0.005 0.311 0.029 0.011 0.140 0.030 0.013 0.002 0.073 0.008 0.046 0.015 0.026 
 72 IRO_WM604    (0)    8 :  0.014 0.015 0.008 0.006 0.015 0.016 0.552 0.011 0.015 0.015 0.003 0.002 0.035 0.005 0.029 0.246 0.012 
 73 IRO_WM605    (3)    8 :  0.018 0.015 0.003 0.172 0.018 0.032 0.622 0.007 0.024 0.020 0.005 0.002 0.022 0.006 0.017 0.002 0.013 
 74 IRO_WM606    (3)    8 :  0.033 0.030 0.008 0.010 0.029 0.009 0.583 0.021 0.031 0.053 0.015 0.003 0.050 0.010 0.066 0.006 0.043 
 75 IRO_WM607    (2)    8 :  0.022 0.061 0.005 0.013 0.013 0.059 0.187 0.035 0.192 0.099 0.066 0.002 0.092 0.009 0.067 0.014 0.067 
 76 IRO_WM608    (0)    8 :  0.018 0.051 0.018 0.082 0.014 0.102 0.034 0.072 0.204 0.048 0.014 0.003 0.105 0.006 0.108 0.081 0.040 
 77 IRO_WM609    (0)    8 :  0.035 0.076 0.035 0.041 0.017 0.031 0.100 0.028 0.081 0.091 0.011 0.002 0.094 0.012 0.133 0.136 0.076 
 78 IRO_WM610   (13)    8 :  0.150 0.030 0.047 0.016 0.041 0.008 0.040 0.019 0.065 0.071 0.239 0.003 0.073 0.013 0.087 0.012 0.085 
 79 HGRF_WM661    (5)    9 :  0.019 0.057 0.004 0.048 0.003 0.005 0.017 0.237 0.173 0.107 0.007 0.002 0.087 0.008 0.137 0.002 0.088 
 80 HGRF_WM662    (5)    9 :  0.017 0.101 0.003 0.007 0.003 0.005 0.010 0.024 0.101 0.186 0.006 0.002 0.190 0.009 0.162 0.002 0.169 
 81 HGRF_WM663    (4)    9 :  0.014 0.059 0.003 0.030 0.003 0.004 0.016 0.244 0.182 0.111 0.007 0.002 0.086 0.006 0.158 0.002 0.072 
 82 HGRF_WM664    (3)    9 :  0.020 0.078 0.004 0.013 0.002 0.005 0.009 0.062 0.117 0.163 0.005 0.002 0.193 0.008 0.150 0.002 0.165 
 83 HGRF_WM665    (1)    9 :  0.020 0.038 0.006 0.061 0.005 0.007 0.013 0.278 0.156 0.078 0.012 0.002 0.066 0.013 0.173 0.012 0.058 
 84 HGRF_WM666    (5)    9 :  0.023 0.083 0.004 0.011 0.003 0.005 0.013 0.031 0.088 0.192 0.005 0.002 0.194 0.012 0.156 0.002 0.177 
 85 HGRF_WM667    (0)    9 :  0.020 0.096 0.003 0.008 0.003 0.005 0.010 0.045 0.097 0.167 0.005 0.002 0.200 0.009 0.147 0.002 0.178 
 86 HGRF_WM668    (4)    9 :  0.015 0.081 0.004 0.039 0.002 0.004 0.014 0.218 0.162 0.124 0.009 0.002 0.087 0.007 0.145 0.002 0.084 
 87 HGRF_WM669    (5)    9 :  0.027 0.087 0.004 0.009 0.003 0.005 0.009 0.029 0.113 0.169 0.004 0.002 0.184 0.009 0.156 0.002 0.189 
 88 HGRF_WM670    (9)    9 :  0.020 0.090 0.005 0.020 0.002 0.006 0.011 0.060 0.113 0.163 0.006 0.002 0.171 0.008 0.164 0.002 0.154 
 89 PTP_WM721    (2)   10 :  0.041 0.096 0.006 0.020 0.006 0.009 0.015 0.048 0.096 0.139 0.018 0.003 0.128 0.013 0.157 0.014 0.191 
 90 PTP_WM722    (2)   10 :  0.022 0.041 0.005 0.010 0.004 0.005 0.010 0.014 0.013 0.301 0.008 0.003 0.024 0.012 0.028 0.013 0.485 
 91 PTP_WM723   (25)   10 :  0.025 0.072 0.005 0.010 0.004 0.006 0.019 0.060 0.089 0.169 0.007 0.003 0.158 0.014 0.161 0.003 0.197 
 92 PTP_WM724   (13)   10 :  0.031 0.109 0.005 0.010 0.004 0.006 0.011 0.027 0.102 0.172 0.005 0.002 0.186 0.012 0.143 0.002 0.173 
 93 PTP_WM725   (25)   10 :  0.034 0.100 0.006 0.012 0.003 0.007 0.010 0.032 0.091 0.170 0.011 0.003 0.176 0.013 0.158 0.002 0.170 
 94 PTP_WM726   (13)   10 :  0.030 0.099 0.005 0.011 0.004 0.006 0.015 0.035 0.100 0.178 0.006 0.003 0.158 0.006 0.183 0.002 0.159 
 95 PTP_WM727   (10)   10 :  0.022 0.089 0.004 0.008 0.003 0.005 0.032 0.030 0.084 0.184 0.007 0.002 0.192 0.009 0.139 0.002 0.187 
 96 PTP_WM728    (8)   10 :  0.021 0.119 0.004 0.008 0.003 0.004 0.010 0.034 0.095 0.156 0.006 0.002 0.188 0.009 0.169 0.002 0.170 
 97 PTP_WM729    (9)   10 :  0.013 0.048 0.004 0.005 0.002 0.004 0.007 0.013 0.018 0.306 0.006 0.002 0.024 0.005 0.029 0.002 0.513 
 98 PTP_WM730    (8)   10 :  0.011 0.030 0.002 0.006 0.003 0.003 0.009 0.007 0.011 0.301 0.006 0.002 0.016 0.004 0.015 0.002 0.572 
 99 RRL_WM782    (9)   11 :  0.021 0.090 0.004 0.009 0.003 0.005 0.013 0.021 0.098 0.207 0.006 0.002 0.187 0.010 0.143 0.002 0.181 
100 RRL_WM783    (8)   11 :  0.015 0.025 0.013 0.041 0.007 0.750 0.011 0.014 0.018 0.019 0.009 0.002 0.026 0.006 0.014 0.005 0.025 
101 RRL_WM784    (1)   11 :  0.020 0.018 0.012 0.010 0.007 0.720 0.026 0.020 0.019 0.039 0.006 0.002 0.033 0.008 0.033 0.002 0.025 
102 RRL_WM785    (1)   11 :  0.018 0.096 0.004 0.009 0.003 0.004 0.010 0.032 0.100 0.204 0.005 0.002 0.173 0.007 0.169 0.002 0.163 
103 RRL_WM786    (2)   11 :  0.008 0.017 0.004 0.010 0.026 0.767 0.068 0.008 0.017 0.010 0.017 0.002 0.016 0.004 0.013 0.003 0.009 
104 RRL_WM787    (3)   11 :  0.008 0.021 0.007 0.062 0.008 0.634 0.011 0.067 0.063 0.018 0.008 0.002 0.024 0.005 0.033 0.012 0.018 
105 RRL_WM788    (0)   11 :  0.007 0.012 0.009 0.005 0.005 0.725 0.004 0.007 0.017 0.009 0.013 0.002 0.011 0.004 0.015 0.147 0.008 
106 RRL_WM789    (2)   11 :  0.010 0.008 0.010 0.024 0.006 0.868 0.006 0.009 0.010 0.008 0.003 0.002 0.008 0.004 0.010 0.003 0.012 
107 RRL_WM790    (0)   11 :  0.017 0.017 0.006 0.008 0.021 0.474 0.130 0.013 0.022 0.023 0.009 0.003 0.032 0.007 0.026 0.169 0.022 
108 RRL_WM791    (0)   11 :  0.020 0.020 0.005 0.046 0.004 0.585 0.012 0.020 0.064 0.057 0.024 0.003 0.037 0.006 0.041 0.010 0.046 
109 RRO_WM842    (0)   12 :  0.012 0.034 0.007 0.023 0.007 0.692 0.072 0.013 0.027 0.025 0.007 0.003 0.020 0.005 0.024 0.005 0.023 
110 RRO_WM843    (7)   12 :  0.013 0.013 0.252 0.011 0.009 0.496 0.022 0.018 0.035 0.022 0.005 0.002 0.031 0.009 0.022 0.012 0.027 
111 RRO_WM844    (2)   12 :  0.011 0.058 0.334 0.007 0.006 0.028 0.240 0.025 0.044 0.051 0.007 0.003 0.066 0.008 0.054 0.004 0.053 
112 RRO_WM845    (4)   12 :  0.008 0.009 0.050 0.006 0.003 0.823 0.007 0.013 0.011 0.017 0.004 0.002 0.014 0.006 0.013 0.002 0.012 
113 RRO_WM846   (10)   12 :  0.027 0.032 0.029 0.012 0.006 0.595 0.013 0.016 0.043 0.039 0.008 0.002 0.055 0.015 0.045 0.005 0.058 
114 RRO_WM847    (6)   12 :  0.015 0.022 0.075 0.053 0.012 0.488 0.072 0.019 0.073 0.034 0.006 0.002 0.041 0.009 0.031 0.005 0.043 
115 RRO_WM848    (4)   12 :  0.040 0.089 0.018 0.048 0.005 0.288 0.011 0.032 0.084 0.085 0.027 0.002 0.097 0.009 0.089 0.011 0.065 
116 RRO_WM849    (5)   12 :  0.014 0.018 0.020 0.392 0.004 0.373 0.012 0.015 0.027 0.025 0.006 0.002 0.024 0.009 0.031 0.003 0.025 
117 RRO_WM850    (2)   12 :  0.014 0.019 0.004 0.010 0.003 0.743 0.013 0.019 0.035 0.041 0.007 0.002 0.031 0.011 0.022 0.004 0.023 
118 RRO_WM851    (1)   12 :  0.024 0.053 0.067 0.017 0.004 0.339 0.013 0.025 0.079 0.089 0.010 0.002 0.096 0.008 0.078 0.005 0.091 
119 CPS_WM901    (2)   13 :  0.011 0.009 0.849 0.007 0.004 0.010 0.017 0.008 0.010 0.015 0.004 0.002 0.016 0.006 0.013 0.003 0.016 
120 CPS_WM902    (2)   13 :  0.009 0.007 0.812 0.030 0.010 0.006 0.005 0.062 0.009 0.011 0.003 0.002 0.011 0.004 0.008 0.003 0.009 
121 CPS_WM903    (5)   13 :  0.008 0.005 0.896 0.004 0.009 0.010 0.010 0.007 0.007 0.009 0.004 0.002 0.007 0.005 0.009 0.002 0.006 
122 CPS_WM904    (1)   13 :  0.008 0.012 0.822 0.007 0.012 0.008 0.007 0.009 0.016 0.012 0.005 0.002 0.018 0.006 0.015 0.032 0.009 
123 CPS_WM905    (2)   13 :  0.016 0.011 0.817 0.006 0.007 0.007 0.008 0.006 0.011 0.011 0.035 0.002 0.008 0.005 0.007 0.036 0.008 
124 CPS_WM906    (3)   13 :  0.012 0.010 0.831 0.012 0.003 0.005 0.006 0.012 0.022 0.019 0.006 0.002 0.014 0.008 0.021 0.004 0.016 
125 CPS_WM907    (6)   13 :  0.014 0.028 0.684 0.010 0.003 0.005 0.010 0.020 0.033 0.035 0.007 0.002 0.053 0.010 0.048 0.002 0.035 
126 CPS_WM908    (3)   13 :  0.029 0.033 0.669 0.012 0.007 0.010 0.014 0.026 0.018 0.047 0.007 0.003 0.039 0.009 0.034 0.007 0.034 
127 CPS_WM909    (2)   13 :  0.015 0.017 0.725 0.008 0.007 0.009 0.014 0.021 0.022 0.029 0.006 0.003 0.040 0.008 0.043 0.003 0.030 
128 CPS_WM910    (1)   13 :  0.010 0.011 0.853 0.007 0.003 0.005 0.008 0.008 0.011 0.016 0.007 0.002 0.010 0.006 0.020 0.008 0.014 
129 PPNP_WM962    (1)   14 :  0.008 0.008 0.002 0.004 0.002 0.003 0.004 0.007 0.009 0.008 0.004 0.006 0.008 0.903 0.008 0.004 0.011 
130 PPNP_WM963    (0)   14 :  0.014 0.024 0.003 0.010 0.005 0.007 0.009 0.021 0.029 0.066 0.009 0.012 0.057 0.643 0.035 0.008 0.048 
131 PPNP_WM964    (0)   14 :  0.008 0.009 0.003 0.006 0.003 0.005 0.007 0.010 0.012 0.007 0.005 0.053 0.015 0.819 0.012 0.011 0.014 
132 PPNP_WM965    (4)   14 :  0.014 0.020 0.004 0.009 0.003 0.005 0.009 0.012 0.010 0.036 0.004 0.002 0.030 0.785 0.028 0.002 0.027 
133 PPNP_WM966    (4)   14 :  0.008 0.008 0.003 0.004 0.002 0.003 0.006 0.007 0.008 0.010 0.004 0.002 0.009 0.899 0.011 0.002 0.012 
134 PPNP_WM967    (4)   14 :  0.021 0.025 0.004 0.008 0.004 0.004 0.010 0.025 0.033 0.044 0.006 0.003 0.063 0.643 0.057 0.002 0.047 
135 PPNP_WM968    (5)   14 :  0.044 0.102 0.005 0.011 0.006 0.006 0.011 0.035 0.115 0.134 0.016 0.013 0.140 0.083 0.137 0.008 0.135 
136 PPNP_WM969    (2)   14 :  0.014 0.018 0.005 0.005 0.003 0.005 0.008 0.018 0.021 0.060 0.004 0.003 0.046 0.706 0.040 0.002 0.045 
137 PPNP_WM970    (2)   14 :  0.012 0.029 0.005 0.012 0.003 0.005 0.009 0.027 0.042 0.079 0.008 0.004 0.053 0.619 0.042 0.003 0.048 
138 PPNP_WM971    (2)   14 :  0.014 0.037 0.003 0.008 0.003 0.005 0.010 0.019 0.038 0.064 0.007 0.003 0.045 0.647 0.052 0.002 0.042 
139 FPPI_WM1021    (4)   15 :  0.016 0.012 0.004 0.008 0.004 0.008 0.008 0.012 0.018 0.030 0.007 0.003 0.027 0.783 0.030 0.008 0.023 
140 FPPI_WM1022    (4)   15 :  0.208 0.021 0.005 0.009 0.003 0.004 0.009 0.019 0.027 0.053 0.008 0.018 0.052 0.478 0.041 0.005 0.039 
141 FPPI_WM1023    (1)   15 :  0.015 0.017 0.004 0.007 0.003 0.004 0.011 0.016 0.020 0.028 0.006 0.004 0.034 0.774 0.027 0.002 0.030 
142 FPPI_WM1024    (5)   15 :  0.016 0.026 0.005 0.006 0.004 0.004 0.011 0.018 0.031 0.056 0.006 0.002 0.059 0.672 0.030 0.002 0.052 
143 FPPI_WM1025    (6)   15 :  0.016 0.027 0.003 0.017 0.003 0.004 0.010 0.026 0.036 0.064 0.007 0.004 0.044 0.642 0.035 0.002 0.058 
144 FPPI_WM1026    (1)   15 :  0.009 0.008 0.003 0.004 0.003 0.003 0.007 0.008 0.010 0.019 0.004 0.003 0.008 0.888 0.011 0.003 0.010 
145 FPPI_WM1027    (3)   15 :  0.007 0.005 0.002 0.005 0.003 0.004 0.004 0.008 0.008 0.010 0.003 0.002 0.008 0.913 0.007 0.002 0.009 
146 FPPI_WM1028    (2)   15 :  0.011 0.015 0.004 0.006 0.003 0.004 0.008 0.013 0.020 0.017 0.004 0.007 0.020 0.831 0.015 0.002 0.019 
147 FPPI_WM1029    (3)   15 :  0.020 0.059 0.004 0.010 0.003 0.005 0.011 0.032 0.046 0.098 0.007 0.026 0.107 0.375 0.098 0.002 0.097 
148 FPPI_WM1030    (1)   15 :  0.011 0.011 0.004 0.005 0.003 0.005 0.006 0.011 0.006 0.013 0.006 0.004 0.015 0.861 0.011 0.017 0.010 
149 CRWA_WM1082    (2)   16 :  0.007 0.020 0.003 0.004 0.002 0.004 0.004 0.005 0.027 0.008 0.884 0.002 0.007 0.003 0.011 0.002 0.009 
150 CRWA_WM1084    (5)   16 :  0.013 0.053 0.003 0.019 0.009 0.005 0.014 0.071 0.265 0.056 0.287 0.003 0.067 0.007 0.090 0.004 0.034 
151 CRWA_WM1085    (2)   16 :  0.018 0.119 0.003 0.012 0.007 0.007 0.009 0.016 0.219 0.093 0.247 0.002 0.092 0.010 0.073 0.002 0.071 
152 CRWA_WM1086    (9)   16 :  0.094 0.077 0.006 0.021 0.004 0.030 0.021 0.021 0.235 0.136 0.048 0.003 0.089 0.010 0.106 0.007 0.092 
153 CRWA_WM1087    (0)   16 :  0.019 0.027 0.019 0.009 0.015 0.005 0.009 0.017 0.023 0.024 0.659 0.003 0.042 0.008 0.032 0.066 0.024 
154 CRWA_WM1088    (1)   16 :  0.071 0.041 0.005 0.031 0.015 0.008 0.016 0.093 0.288 0.117 0.046 0.002 0.082 0.005 0.099 0.021 0.062 
155 CRWA_WM1089    (3)   16 :  0.026 0.058 0.004 0.026 0.004 0.004 0.019 0.030 0.063 0.070 0.481 0.003 0.068 0.006 0.080 0.002 0.055 
156 CRWA_WM1090    (0)   16 :  0.022 0.051 0.005 0.014 0.039 0.017 0.171 0.015 0.151 0.109 0.182 0.002 0.087 0.008 0.064 0.007 0.055 
157 CRWA_WM1092    (1)   16 :  0.016 0.028 0.007 0.017 0.013 0.005 0.009 0.012 0.040 0.045 0.587 0.003 0.051 0.008 0.035 0.105 0.020 
158 CRWA_WM1093    (1)   16 :  0.012 0.019 0.005 0.032 0.004 0.005 0.014 0.073 0.024 0.026 0.654 0.003 0.036 0.007 0.035 0.028 0.023 
159 PCRA_WM1141    (3)   17 :  0.022 0.062 0.005 0.008 0.490 0.007 0.212 0.014 0.022 0.037 0.020 0.003 0.021 0.007 0.036 0.004 0.032 
160 PCRA_WM1142    (3)   17 :  0.022 0.027 0.006 0.012 0.612 0.008 0.024 0.020 0.033 0.052 0.008 0.003 0.062 0.010 0.050 0.003 0.047 
161 PCRA_WM1143    (1)   17 :  0.019 0.027 0.006 0.015 0.437 0.009 0.050 0.024 0.052 0.092 0.009 0.002 0.080 0.008 0.091 0.002 0.076 
162 PCRA_WM1144    (2)   17 :  0.018 0.021 0.016 0.287 0.019 0.341 0.011 0.020 0.037 0.066 0.007 0.003 0.057 0.007 0.043 0.003 0.045 
163 PCRA_WM1145    (4)   17 :  0.023 0.059 0.020 0.011 0.322 0.009 0.042 0.055 0.076 0.080 0.017 0.002 0.107 0.008 0.068 0.005 0.095 
164 PCRA_WM1146    (2)   17 :  0.015 0.008 0.008 0.056 0.736 0.016 0.017 0.007 0.012 0.008 0.074 0.002 0.010 0.003 0.012 0.008 0.010 
165 PCRA_WM1147    (1)   17 :  0.016 0.025 0.004 0.010 0.075 0.007 0.082 0.019 0.317 0.109 0.037 0.002 0.127 0.006 0.091 0.003 0.071 
166 PCRA_WM1148    (0)   17 :  0.011 0.004 0.004 0.010 0.885 0.005 0.016 0.005 0.009 0.008 0.005 0.002 0.007 0.003 0.009 0.009 0.008 
167 PCRA_WM1149    (1)   17 :  0.010 0.008 0.068 0.035 0.739 0.015 0.007 0.019 0.013 0.010 0.010 0.003 0.013 0.006 0.012 0.023 0.010 
168 PCRA_WM1150    (0)   17 :  0.010 0.007 0.003 0.027 0.818 0.012 0.011 0.015 0.014 0.011 0.007 0.006 0.012 0.006 0.013 0.019 0.009 
169 DHFA_WM1202    (3)   18 :  0.029 0.023 0.004 0.011 0.003 0.005 0.012 0.021 0.041 0.058 0.011 0.648 0.037 0.015 0.034 0.003 0.044 
170 DHFA_WM1203    (1)   18 :  0.024 0.025 0.005 0.007 0.004 0.007 0.011 0.027 0.039 0.038 0.009 0.676 0.043 0.016 0.032 0.003 0.033 
171 DHFA_WM1204    (2)   18 :  0.016 0.017 0.005 0.011 0.003 0.005 0.012 0.017 0.028 0.043 0.006 0.719 0.035 0.010 0.037 0.004 0.032 
172 DHFA_WM1205    (5)   18 :  0.011 0.008 0.003 0.005 0.003 0.003 0.004 0.008 0.010 0.012 0.004 0.887 0.009 0.006 0.012 0.003 0.010 
173 DHFA_WM1206    (4)   18 :  0.013 0.007 0.004 0.006 0.003 0.004 0.006 0.009 0.012 0.018 0.005 0.859 0.012 0.005 0.016 0.004 0.016 
174 DHFA_WM1207    (2)   18 :  0.006 0.004 0.002 0.003 0.003 0.003 0.004 0.005 0.006 0.009 0.003 0.926 0.006 0.003 0.006 0.003 0.008 
175 DHFA_WM1208    (3)   18 :  0.009 0.007 0.004 0.010 0.003 0.004 0.006 0.009 0.010 0.014 0.004 0.880 0.009 0.008 0.010 0.003 0.010 
176 DHFA_WM1209    (1)   18 :  0.006 0.007 0.003 0.004 0.003 0.004 0.006 0.005 0.006 0.007 0.003 0.915 0.005 0.004 0.006 0.010 0.005 
177 DHFA_WM1210    (0)   18 :  0.004 0.002 0.002 0.003 0.002 0.002 0.003 0.003 0.003 0.003 0.003 0.951 0.003 0.003 0.003 0.005 0.004 
178 DHFA_WM1211    (2)   18 :  0.018 0.023 0.006 0.009 0.003 0.006 0.013 0.026 0.023 0.038 0.006 0.711 0.036 0.010 0.031 0.003 0.037 


Estimated Allele Frequencies in each cluster
First column gives estimated ancestral frequencies


Locus 1 : 953_21 
2 alleles
4.5% missing data
 120   (0.960) 0.999 0.998 0.997 0.999 0.995 0.997 0.999 1.000 0.998 1.000 0.997 0.997 0.999 0.890 0.999 0.961 1.000 
 100   (0.040) 0.001 0.002 0.003 0.001 0.005 0.003 0.001 0.000 0.002 0.000 0.003 0.003 0.001 0.110 0.001 0.039 0.000 

Locus 2 : 2370_26 
2 alleles
6.2% missing data
 110   (0.960) 0.999 0.998 0.997 0.999 0.995 0.997 0.999 1.000 0.998 1.000 0.997 0.997 0.999 0.773 0.999 0.961 1.000 
 130   (0.040) 0.001 0.002 0.003 0.001 0.005 0.003 0.001 0.000 0.002 0.000 0.003 0.003 0.001 0.227 0.001 0.039 0.000 

Locus 3 : 2692_87 
2 alleles
1.7% missing data
 130   (0.957) 0.999 0.998 0.997 0.998 0.994 0.997 0.999 1.000 0.998 1.000 0.997 0.762 0.999 0.999 0.999 0.957 1.000 
 120   (0.043) 0.001 0.002 0.003 0.002 0.006 0.003 0.001 0.000 0.002 0.000 0.003 0.238 0.001 0.001 0.001 0.043 0.000 

Locus 4 : 2828_58 
2 alleles
6.7% missing data
 100   (0.933) 0.998 0.992 0.994 0.990 0.823 0.991 0.997 0.994 0.967 0.996 0.993 0.994 0.984 0.997 0.982 0.933 0.999 
 120   (0.067) 0.002 0.008 0.006 0.010 0.177 0.009 0.003 0.006 0.033 0.004 0.007 0.006 0.016 0.003 0.018 0.067 0.001 

Locus 5 : 6398_73 
2 alleles
6.2% missing data
 130   (0.926) 0.998 0.994 0.994 0.997 0.990 0.995 0.998 0.999 0.997 0.999 0.994 0.636 0.998 0.778 0.998 0.926 0.999 
 100   (0.074) 0.002 0.006 0.006 0.003 0.010 0.005 0.002 0.001 0.003 0.001 0.006 0.364 0.002 0.222 0.002 0.074 0.001 

Locus 6 : 7469_71 
2 alleles
5.1% missing data
 130   (0.963) 0.997 0.995 0.996 0.997 0.993 0.996 0.998 0.999 0.997 0.990 0.995 0.996 0.998 0.998 0.998 0.963 0.982 
 110   (0.037) 0.003 0.005 0.004 0.003 0.007 0.004 0.002 0.001 0.003 0.010 0.005 0.004 0.002 0.002 0.002 0.037 0.018 

Locus 7 : 7615_47 
2 alleles
5.1% missing data
 130   (0.962) 0.997 0.995 0.995 0.997 0.992 0.996 0.998 0.999 0.995 0.997 0.993 0.996 0.997 0.998 0.994 0.962 0.995 
 100   (0.038) 0.003 0.005 0.005 0.003 0.008 0.004 0.002 0.001 0.005 0.003 0.007 0.004 0.003 0.002 0.006 0.038 0.005 

Locus 8 : 8211_10 
2 alleles
2.8% missing data
 120   (0.961) 0.999 0.998 0.997 0.998 0.995 0.997 0.999 1.000 0.998 1.000 0.997 0.935 0.999 0.999 0.999 0.961 1.000 
 100   (0.039) 0.001 0.002 0.003 0.002 0.005 0.003 0.001 0.000 0.002 0.000 0.003 0.065 0.001 0.001 0.001 0.039 0.000 

Locus 9 : 8394_14 
2 alleles
2.2% missing data
 110   (0.960) 0.998 0.998 0.997 0.999 0.995 0.997 0.999 1.000 0.999 1.000 0.997 0.996 0.999 0.851 0.999 0.961 1.000 
 130   (0.040) 0.002 0.002 0.003 0.001 0.005 0.003 0.001 0.000 0.001 0.000 0.003 0.004 0.001 0.149 0.001 0.039 0.000 

Locus 10 : 9621_63 
2 alleles
3.9% missing data
 130   (0.960) 0.999 0.997 0.997 0.999 0.995 0.997 0.999 1.000 0.998 1.000 0.997 0.938 0.999 0.999 0.999 0.960 1.000 
 110   (0.040) 0.001 0.003 0.003 0.001 0.005 0.003 0.001 0.000 0.002 0.000 0.003 0.062 0.001 0.001 0.001 0.040 0.000 

Locus 11 : 9880_35 
2 alleles
4.5% missing data
 120   (0.957) 0.999 0.998 0.996 0.998 0.994 0.997 0.999 1.000 0.998 1.000 0.997 0.701 0.999 0.999 0.999 0.957 1.000 
 100   (0.043) 0.001 0.002 0.004 0.002 0.006 0.003 0.001 0.000 0.002 0.000 0.003 0.299 0.001 0.001 0.001 0.043 0.000 

Locus 12 : 11163_16 
2 alleles
7.9% missing data
 130   (0.958) 0.999 0.997 0.996 0.998 0.994 0.997 0.999 1.000 0.999 1.000 0.997 0.912 0.999 0.998 0.999 0.958 1.000 
 110   (0.042) 0.001 0.003 0.004 0.002 0.006 0.003 0.001 0.000 0.001 0.000 0.003 0.088 0.001 0.002 0.001 0.042 0.000 

Locus 13 : 11991_31 
2 alleles
4.5% missing data
 120   (0.942) 0.997 0.991 0.994 0.995 0.988 0.963 0.993 0.998 0.962 0.998 0.987 0.995 0.980 0.998 0.986 0.942 0.998 
 100   (0.058) 0.003 0.009 0.006 0.005 0.012 0.037 0.007 0.002 0.038 0.002 0.013 0.005 0.020 0.002 0.014 0.058 0.002 

Locus 14 : 12766_17 
2 alleles
2.2% missing data
 120   (0.963) 0.999 0.998 0.995 0.998 0.929 0.997 0.999 1.000 0.998 1.000 0.997 0.997 0.999 0.999 0.999 0.963 1.000 
 100   (0.037) 0.001 0.002 0.005 0.002 0.071 0.003 0.001 0.000 0.002 0.000 0.003 0.003 0.001 0.001 0.001 0.037 0.000 

Locus 15 : 13496_14 
2 alleles
5.1% missing data
 110   (0.960) 0.999 0.997 0.679 0.999 0.995 0.997 0.999 1.000 0.999 1.000 0.997 0.997 0.999 0.999 0.999 0.960 1.000 
 100   (0.040) 0.001 0.003 0.321 0.001 0.005 0.003 0.001 0.000 0.001 0.000 0.003 0.003 0.001 0.001 0.001 0.040 0.000 

Locus 16 : 14394_41 
2 alleles
2.2% missing data
 130   (0.964) 0.999 0.998 0.997 0.999 0.925 0.997 0.999 1.000 0.999 1.000 0.998 0.997 0.999 0.999 0.999 0.964 1.000 
 110   (0.036) 0.001 0.002 0.003 0.001 0.075 0.003 0.001 0.000 0.001 0.000 0.002 0.003 0.001 0.001 0.001 0.036 0.000 

Locus 17 : 16285_24 
2 alleles
6.2% missing data
 130   (0.958) 0.999 0.997 0.997 0.998 0.994 0.997 0.999 1.000 0.998 1.000 0.997 0.873 0.999 0.999 0.999 0.958 1.000 
 100   (0.042) 0.001 0.003 0.003 0.002 0.006 0.003 0.001 0.000 0.002 0.000 0.003 0.127 0.001 0.001 0.001 0.042 0.000 

Locus 18 : 18821_69 
2 alleles
7.3% missing data
 120   (0.960) 0.695 0.997 0.997 0.998 0.995 0.997 0.999 1.000 0.998 1.000 0.997 0.997 0.999 0.999 0.998 0.960 0.999 
 110   (0.040) 0.305 0.003 0.003 0.002 0.005 0.003 0.001 0.000 0.002 0.000 0.003 0.003 0.001 0.001 0.002 0.040 0.001 

Locus 19 : 19006_32 
2 alleles
6.7% missing data
 120   (0.929) 0.998 0.996 0.994 0.997 0.991 0.995 0.999 0.999 0.997 0.999 0.995 0.657 0.998 0.779 0.998 0.929 0.999 
 110   (0.071) 0.002 0.004 0.006 0.003 0.009 0.005 0.001 0.001 0.003 0.001 0.005 0.343 0.002 0.221 0.002 0.071 0.001 

Locus 20 : 19602_58 
2 alleles
4.5% missing data
 120   (0.962) 0.999 0.998 0.997 0.999 0.995 0.997 0.999 1.000 0.998 1.000 0.997 0.971 0.999 0.999 0.999 0.962 1.000 
 100   (0.038) 0.001 0.002 0.003 0.001 0.005 0.003 0.001 0.000 0.002 0.000 0.003 0.029 0.001 0.001 0.001 0.038 0.000 

Locus 21 : 20143_24 
2 alleles
3.4% missing data
 120   (0.963) 0.999 0.997 0.961 0.999 0.995 0.997 0.999 1.000 0.997 1.000 0.996 0.997 0.999 0.999 0.999 0.963 1.000 
 100   (0.037) 0.001 0.003 0.039 0.001 0.005 0.003 0.001 0.000 0.003 0.000 0.004 0.003 0.001 0.001 0.001 0.037 0.000 

Locus 22 : 21661_29 
2 alleles
2.2% missing data
 120   (0.959) 0.999 0.998 0.997 0.999 0.995 0.997 0.999 1.000 0.998 1.000 0.997 0.890 0.999 0.999 0.999 0.959 1.000 
 100   (0.041) 0.001 0.002 0.003 0.001 0.005 0.003 0.001 0.000 0.002 0.000 0.003 0.110 0.001 0.001 0.001 0.041 0.000 

Locus 23 : 22603_12 
2 alleles
5.1% missing data
 130   (0.962) 0.999 0.998 0.997 0.999 0.995 0.997 0.999 1.000 0.999 1.000 0.997 0.944 0.999 0.999 0.999 0.962 1.000 
 110   (0.038) 0.001 0.002 0.003 0.001 0.005 0.003 0.001 0.000 0.001 0.000 0.003 0.056 0.001 0.001 0.001 0.038 0.000 

Locus 24 : 25109_23 
2 alleles
1.7% missing data
 120   (0.943) 0.998 0.791 0.994 0.997 0.953 0.995 0.990 0.999 0.995 0.999 0.907 0.995 0.996 0.998 0.997 0.943 0.999 
 100   (0.057) 0.002 0.209 0.006 0.003 0.047 0.005 0.010 0.001 0.005 0.001 0.093 0.005 0.004 0.002 0.003 0.057 0.001 

Locus 25 : 25511_77 
2 alleles
5.1% missing data
 130   (0.962) 0.999 0.996 0.997 0.999 0.995 0.997 0.999 1.000 0.998 1.000 0.997 0.996 0.999 0.932 0.999 0.962 0.999 
 110   (0.038) 0.001 0.004 0.003 0.001 0.005 0.003 0.001 0.000 0.002 0.000 0.003 0.004 0.001 0.068 0.001 0.038 0.001 

Locus 26 : 26816_9 
2 alleles
5.6% missing data
 110   (0.883) 0.995 0.762 0.981 0.981 0.981 0.782 0.965 0.998 0.917 0.994 0.748 0.991 0.943 0.996 0.975 0.883 0.997 
 130   (0.117) 0.005 0.238 0.019 0.019 0.019 0.218 0.035 0.002 0.083 0.006 0.252 0.009 0.057 0.004 0.025 0.117 0.003 

Locus 27 : 29455_86 
2 alleles
5.6% missing data
 120   (0.964) 0.999 0.996 0.997 0.998 0.986 0.997 0.991 1.000 0.995 1.000 0.997 0.997 0.997 0.999 0.997 0.964 1.000 
 110   (0.036) 0.001 0.004 0.003 0.002 0.014 0.003 0.009 0.000 0.005 0.000 0.003 0.003 0.003 0.001 0.003 0.036 0.000 

Locus 28 : 30970_30 
2 alleles
6.7% missing data
 120   (0.962) 0.999 0.997 0.955 0.998 0.994 0.997 0.999 1.000 0.998 1.000 0.997 0.997 0.999 0.999 0.999 0.962 1.000 
 110   (0.038) 0.001 0.003 0.045 0.002 0.006 0.003 0.001 0.000 0.002 0.000 0.003 0.003 0.001 0.001 0.001 0.038 0.000 

Locus 29 : 33052_5 
2 alleles
1.1% missing data
 130   (0.962) 0.970 0.997 0.997 0.998 0.994 0.997 0.999 1.000 0.998 1.000 0.984 0.997 0.998 0.998 0.999 0.963 1.000 
 110   (0.038) 0.030 0.003 0.003 0.002 0.006 0.003 0.001 0.000 0.002 0.000 0.016 0.003 0.002 0.002 0.001 0.037 0.000 

Locus 30 : 33744_32 
2 alleles
2.8% missing data
 130   (0.960) 0.868 0.997 0.997 0.998 0.995 0.997 0.999 1.000 0.998 1.000 0.997 0.997 0.999 0.999 0.999 0.960 1.000 
 110   (0.040) 0.132 0.003 0.003 0.002 0.005 0.003 0.001 0.000 0.002 0.000 0.003 0.003 0.001 0.001 0.001 0.040 0.000 

Locus 31 : 34805_8 
2 alleles
4.5% missing data
 110   (0.948) 0.998 0.995 0.996 0.998 0.747 0.996 0.993 0.999 0.995 1.000 0.996 0.996 0.997 0.998 0.997 0.948 1.000 
 120   (0.052) 0.002 0.005 0.004 0.002 0.253 0.004 0.007 0.001 0.005 0.000 0.004 0.004 0.003 0.002 0.003 0.052 0.000 

Locus 32 : 35345_10 
2 alleles
5.1% missing data
 130   (0.960) 0.948 0.992 0.996 0.998 0.993 0.997 0.999 0.999 0.989 0.989 0.996 0.997 0.996 0.998 0.995 0.960 0.993 
 110   (0.040) 0.052 0.008 0.004 0.002 0.007 0.003 0.001 0.001 0.011 0.011 0.004 0.003 0.004 0.002 0.005 0.040 0.007 

Locus 33 : 35769_30 
2 alleles
6.2% missing data
 110   (0.947) 0.998 0.995 0.956 0.997 0.926 0.996 0.999 0.999 0.997 1.000 0.992 0.996 0.998 0.998 0.998 0.947 1.000 
 100   (0.053) 0.002 0.005 0.044 0.003 0.074 0.004 0.001 0.001 0.003 0.000 0.008 0.004 0.002 0.002 0.002 0.053 0.000 

Locus 34 : 35965_89 
2 alleles
3.4% missing data
 130   (0.963) 0.999 0.997 0.997 0.998 0.995 0.997 0.999 0.999 0.998 1.000 0.949 0.997 0.998 0.999 0.998 0.963 1.000 
 100   (0.037) 0.001 0.003 0.003 0.002 0.005 0.003 0.001 0.001 0.002 0.000 0.051 0.003 0.002 0.001 0.002 0.037 0.000 

Locus 35 : 39654_13 
2 alleles
5.6% missing data
 120   (0.962) 0.999 0.998 0.997 0.999 0.995 0.977 0.999 1.000 0.998 1.000 0.997 0.997 0.998 0.999 0.998 0.962 1.000 
 100   (0.038) 0.001 0.002 0.003 0.001 0.005 0.023 0.001 0.000 0.002 0.000 0.003 0.003 0.002 0.001 0.002 0.038 0.000 

Locus 36 : 39700_65 
2 alleles
3.4% missing data
 110   (0.962) 0.998 0.995 0.995 0.997 0.992 0.996 0.997 0.999 0.994 0.999 0.997 0.997 0.998 0.999 0.995 0.962 1.000 
 120   (0.038) 0.002 0.005 0.005 0.003 0.008 0.004 0.003 0.001 0.006 0.001 0.003 0.003 0.002 0.001 0.005 0.038 0.000 

Locus 37 : 40824_7 
2 alleles
5.1% missing data
 130   (0.961) 0.998 0.996 0.995 0.998 0.994 0.921 0.999 1.000 0.998 1.000 0.997 0.997 0.999 0.999 0.999 0.961 1.000 
 110   (0.039) 0.002 0.004 0.005 0.002 0.006 0.079 0.001 0.000 0.002 0.000 0.003 0.003 0.001 0.001 0.001 0.039 0.000 

Locus 38 : 41554_43 
2 alleles
7.3% missing data
 120   (0.963) 0.998 0.996 0.956 0.998 0.994 0.997 0.999 0.999 0.998 0.999 0.997 0.997 0.999 0.999 0.999 0.963 1.000 
 100   (0.037) 0.002 0.004 0.044 0.002 0.006 0.003 0.001 0.001 0.002 0.001 0.003 0.003 0.001 0.001 0.001 0.037 0.000 

Locus 39 : 42501_5 
2 alleles
5.6% missing data
 120   (0.961) 0.999 0.998 0.996 0.999 0.995 0.997 0.999 1.000 0.999 1.000 0.997 0.917 0.999 0.999 0.999 0.961 1.000 
 110   (0.039) 0.001 0.002 0.004 0.001 0.005 0.003 0.001 0.000 0.001 0.000 0.003 0.083 0.001 0.001 0.001 0.039 0.000 

Locus 40 : 42989_15 
2 alleles
3.4% missing data
 130   (0.963) 0.998 0.998 0.997 0.998 0.995 0.918 0.999 1.000 0.996 0.999 0.997 0.997 0.999 0.999 0.999 0.963 1.000 
 110   (0.037) 0.002 0.002 0.003 0.002 0.005 0.082 0.001 0.000 0.004 0.001 0.003 0.003 0.001 0.001 0.001 0.037 0.000 

Locus 41 : 44631_16 
2 alleles
5.6% missing data
 120   (0.959) 0.999 0.998 0.844 0.998 0.994 0.997 0.999 1.000 0.998 1.000 0.997 0.997 0.999 0.999 0.999 0.960 1.000 
 110   (0.041) 0.001 0.002 0.156 0.002 0.006 0.003 0.001 0.000 0.002 0.000 0.003 0.003 0.001 0.001 0.001 0.040 0.000 

Locus 42 : 45332_74 
2 alleles
3.4% missing data
 130   (0.895) 0.979 0.991 0.991 0.566 0.830 0.777 0.955 0.998 0.980 0.998 0.992 0.991 0.989 0.996 0.990 0.895 0.999 
 110   (0.105) 0.021 0.009 0.009 0.434 0.170 0.223 0.045 0.002 0.020 0.002 0.008 0.009 0.011 0.004 0.010 0.105 0.001 

Locus 43 : 45964_12 
2 alleles
2.2% missing data
 100   (0.963) 0.999 0.997 0.997 0.998 0.995 0.997 0.999 1.000 0.998 1.000 0.997 0.994 0.998 0.975 0.999 0.963 1.000 
 130   (0.037) 0.001 0.003 0.003 0.002 0.005 0.003 0.001 0.000 0.002 0.000 0.003 0.006 0.002 0.025 0.001 0.037 0.000 

Locus 44 : 47772_18 
2 alleles
1.7% missing data
 120   (0.957) 0.999 0.997 0.997 0.998 0.994 0.997 0.999 1.000 0.999 1.000 0.997 0.811 0.999 0.999 0.999 0.957 1.000 
 100   (0.043) 0.001 0.003 0.003 0.002 0.006 0.003 0.001 0.000 0.001 0.000 0.003 0.189 0.001 0.001 0.001 0.043 0.000 

Locus 45 : 48505_7 
2 alleles
2.8% missing data
 130   (0.963) 0.998 0.997 0.997 0.977 0.994 0.997 0.999 0.998 0.997 0.999 0.996 0.997 0.996 0.999 0.998 0.963 0.999 
 110   (0.037) 0.002 0.003 0.003 0.023 0.006 0.003 0.001 0.002 0.003 0.001 0.004 0.003 0.004 0.001 0.002 0.037 0.001 

Locus 46 : 49838_13 
2 alleles
5.1% missing data
 120   (0.961) 0.999 0.998 0.997 0.843 0.995 0.997 0.999 1.000 0.998 1.000 0.997 0.997 0.999 0.999 0.999 0.961 1.000 
 100   (0.039) 0.001 0.002 0.003 0.157 0.005 0.003 0.001 0.000 0.002 0.000 0.003 0.003 0.001 0.001 0.001 0.039 0.000 

Locus 47 : 50793_47 
2 alleles
6.2% missing data
 120   (0.953) 0.998 0.997 0.987 0.996 0.993 0.859 0.999 1.000 0.991 0.999 0.997 0.996 0.998 0.998 0.998 0.953 1.000 
 100   (0.047) 0.002 0.003 0.013 0.004 0.007 0.141 0.001 0.000 0.009 0.001 0.003 0.004 0.002 0.002 0.002 0.047 0.000 

Locus 48 : 51471_5 
2 alleles
2.2% missing data
 110   (0.961) 0.999 0.998 0.997 0.998 0.995 0.997 0.999 1.000 0.999 1.000 0.997 0.997 0.999 0.935 0.999 0.961 1.000 
 120   (0.039) 0.001 0.002 0.003 0.002 0.005 0.003 0.001 0.000 0.001 0.000 0.003 0.003 0.001 0.065 0.001 0.039 0.000 

Locus 49 : 52408_45 
2 alleles
2.2% missing data
 130   (0.960) 0.999 0.998 0.809 0.999 0.995 0.997 0.999 1.000 0.999 1.000 0.997 0.997 0.999 0.999 0.999 0.960 1.000 
 110   (0.040) 0.001 0.002 0.191 0.001 0.005 0.003 0.001 0.000 0.001 0.000 0.003 0.003 0.001 0.001 0.001 0.040 0.000 

Locus 50 : 53046_18 
2 alleles
0.6% missing data
 120   (0.946) 0.991 0.995 0.996 0.998 0.992 0.917 0.999 0.999 0.997 1.000 0.996 0.995 0.998 0.998 0.998 0.946 1.000 
 100   (0.054) 0.009 0.005 0.004 0.002 0.008 0.083 0.001 0.001 0.003 0.000 0.004 0.005 0.002 0.002 0.002 0.054 0.000 

Locus 51 : 53230_50 
2 alleles
4.5% missing data
 120   (0.964) 0.999 0.998 0.997 0.999 0.995 0.997 0.999 1.000 0.999 1.000 0.998 0.997 0.999 0.887 0.999 0.964 1.000 
 110   (0.036) 0.001 0.002 0.003 0.001 0.005 0.003 0.001 0.000 0.001 0.000 0.002 0.003 0.001 0.113 0.001 0.036 0.000 

Locus 52 : 53957_5 
2 alleles
3.9% missing data
 130   (0.961) 0.999 0.997 0.997 0.998 0.994 0.983 0.998 1.000 0.998 1.000 0.997 0.997 0.998 0.999 0.999 0.960 1.000 
 110   (0.039) 0.001 0.003 0.003 0.002 0.006 0.017 0.002 0.000 0.002 0.000 0.003 0.003 0.002 0.001 0.001 0.040 0.000 

Locus 53 : 58003_89 
2 alleles
3.9% missing data
 120   (0.954) 0.996 0.969 0.996 0.997 0.992 0.993 0.992 0.997 0.984 0.995 0.980 0.996 0.993 0.998 0.993 0.954 0.992 
 100   (0.046) 0.004 0.031 0.004 0.003 0.008 0.007 0.008 0.003 0.016 0.005 0.020 0.004 0.007 0.002 0.007 0.046 0.008 

Locus 54 : 58412_58 
2 alleles
2.2% missing data
 110   (0.964) 0.999 0.997 0.997 0.999 0.995 0.997 0.999 1.000 0.999 1.000 0.997 0.973 0.999 0.999 0.999 0.964 1.000 
 100   (0.036) 0.001 0.003 0.003 0.001 0.005 0.003 0.001 0.000 0.001 0.000 0.003 0.027 0.001 0.001 0.001 0.036 0.000 

Locus 55 : 58452_11 
2 alleles
3.4% missing data
 120   (0.964) 0.999 0.997 0.997 0.998 0.994 0.997 0.999 1.000 0.998 1.000 0.965 0.997 0.999 0.999 0.998 0.963 1.000 
 130   (0.036) 0.001 0.003 0.003 0.002 0.006 0.003 0.001 0.000 0.002 0.000 0.035 0.003 0.001 0.001 0.002 0.037 0.000 

Locus 56 : 59409_85 
2 alleles
2.8% missing data
 130   (0.963) 0.999 0.997 0.997 0.999 0.994 0.997 0.995 1.000 0.998 1.000 0.997 0.997 0.996 0.999 0.999 0.962 1.000 
 100   (0.037) 0.001 0.003 0.003 0.001 0.006 0.003 0.005 0.000 0.002 0.000 0.003 0.003 0.004 0.001 0.001 0.038 0.000 

Locus 57 : 60620_10 
2 alleles
1.1% missing data
 120   (0.958) 0.999 0.998 0.996 0.998 0.994 0.997 0.999 1.000 0.999 1.000 0.997 0.890 0.999 0.999 0.999 0.958 1.000 
 130   (0.042) 0.001 0.002 0.004 0.002 0.006 0.003 0.001 0.000 0.001 0.000 0.003 0.110 0.001 0.001 0.001 0.042 0.000 

Locus 58 : 61541_77 
2 alleles
3.4% missing data
 120   (0.957) 0.999 0.998 0.997 0.998 0.994 0.997 0.999 1.000 0.998 1.000 0.997 0.837 0.999 0.998 0.999 0.957 1.000 
 100   (0.043) 0.001 0.002 0.003 0.002 0.006 0.003 0.001 0.000 0.002 0.000 0.003 0.163 0.001 0.002 0.001 0.043 0.000 

Locus 59 : 61756_42 
2 alleles
1.1% missing data
 130   (0.956) 0.999 0.998 0.997 0.998 0.994 0.997 0.999 1.000 0.999 1.000 0.997 0.819 0.999 0.999 0.999 0.957 1.000 
 110   (0.044) 0.001 0.002 0.003 0.002 0.006 0.003 0.001 0.000 0.001 0.000 0.003 0.181 0.001 0.001 0.001 0.043 0.000 

Locus 60 : 62497_19 
2 alleles
6.2% missing data
 130   (0.920) 0.996 0.942 0.880 0.989 0.942 0.993 0.988 0.980 0.985 0.997 0.974 0.993 0.985 0.996 0.980 0.920 0.997 
 110   (0.080) 0.004 0.058 0.120 0.011 0.058 0.007 0.012 0.020 0.015 0.003 0.026 0.007 0.015 0.004 0.020 0.080 0.003 

Locus 61 : 63024_50 
2 alleles
2.8% missing data
 120   (0.957) 0.999 0.996 0.996 0.998 0.993 0.997 0.999 1.000 0.998 1.000 0.889 0.996 0.999 0.999 0.998 0.957 1.000 
 100   (0.043) 0.001 0.004 0.004 0.002 0.007 0.003 0.001 0.000 0.002 0.000 0.111 0.004 0.001 0.001 0.002 0.043 0.000 

Locus 62 : 64492_50 
2 alleles
7.3% missing data
 120   (0.926) 0.997 0.932 0.883 0.996 0.988 0.925 0.997 0.999 0.996 0.999 0.972 0.994 0.998 0.997 0.997 0.926 0.999 
 100   (0.074) 0.003 0.068 0.117 0.004 0.012 0.075 0.003 0.001 0.004 0.001 0.028 0.006 0.002 0.003 0.003 0.074 0.001 

Locus 63 : 67984_34 
2 alleles
2.2% missing data
 120   (0.959) 0.999 0.997 0.997 0.999 0.995 0.997 0.999 1.000 0.998 1.000 0.997 0.863 0.999 0.999 0.999 0.959 1.000 
 100   (0.041) 0.001 0.003 0.003 0.001 0.005 0.003 0.001 0.000 0.002 0.000 0.003 0.137 0.001 0.001 0.001 0.041 0.000 

Locus 64 : 69199_10 
2 alleles
4.5% missing data
 120   (0.940) 0.998 0.741 0.995 0.997 0.992 0.996 0.999 0.999 0.988 0.999 0.321 0.995 0.997 0.998 0.997 0.940 0.998 
 100   (0.060) 0.002 0.259 0.005 0.003 0.008 0.004 0.001 0.001 0.012 0.001 0.679 0.005 0.003 0.002 0.003 0.060 0.002 

Locus 65 : 71368_77 
2 alleles
6.7% missing data
 100   (0.959) 0.999 0.998 0.996 0.998 0.995 0.997 0.999 1.000 0.998 1.000 0.997 0.996 0.999 0.751 0.999 0.959 1.000 
 110   (0.041) 0.001 0.002 0.004 0.002 0.005 0.003 0.001 0.000 0.002 0.000 0.003 0.004 0.001 0.249 0.001 0.041 0.000 

Locus 66 : 72276_35 
2 alleles
5.1% missing data
 130   (0.959) 0.999 0.996 0.997 0.998 0.994 0.885 0.999 1.000 0.998 1.000 0.997 0.997 0.999 0.999 0.998 0.959 1.000 
 120   (0.041) 0.001 0.004 0.003 0.002 0.006 0.115 0.001 0.000 0.002 0.000 0.003 0.003 0.001 0.001 0.002 0.041 0.000 

Locus 67 : 73554_16 
2 alleles
3.9% missing data
 100   (0.962) 0.999 0.998 0.997 0.998 0.843 0.997 0.999 1.000 0.999 1.000 0.997 0.997 0.999 0.999 0.999 0.962 1.000 
 130   (0.038) 0.001 0.002 0.003 0.002 0.157 0.003 0.001 0.000 0.001 0.000 0.003 0.003 0.001 0.001 0.001 0.038 0.000 

Locus 68 : 74575_32 
2 alleles
1.7% missing data
 120   (0.965) 0.999 0.998 0.997 0.999 0.995 0.979 0.999 1.000 0.998 1.000 0.997 0.997 0.998 0.999 0.998 0.965 1.000 
 100   (0.035) 0.001 0.002 0.003 0.001 0.005 0.021 0.001 0.000 0.002 0.000 0.003 0.003 0.002 0.001 0.002 0.035 0.000 

Locus 69 : 76504_10 
2 alleles
1.1% missing data
 110   (0.959) 0.775 0.997 0.997 0.998 0.995 0.997 0.999 1.000 0.998 1.000 0.996 0.997 0.998 0.999 0.999 0.959 1.000 
 100   (0.041) 0.225 0.003 0.003 0.002 0.005 0.003 0.001 0.000 0.002 0.000 0.004 0.003 0.002 0.001 0.001 0.041 0.000 

Locus 70 : 76561_35 
2 alleles
5.6% missing data
 120   (0.960) 0.999 0.997 0.546 0.999 0.995 0.997 0.999 1.000 0.999 1.000 0.997 0.997 0.999 0.998 0.999 0.960 1.000 
 100   (0.040) 0.001 0.003 0.454 0.001 0.005 0.003 0.001 0.000 0.001 0.000 0.003 0.003 0.001 0.002 0.001 0.040 0.000 

Locus 71 : 77346_16 
2 alleles
2.2% missing data
 130   (0.963) 0.910 0.998 0.997 0.999 0.995 0.997 0.999 1.000 0.998 0.999 0.997 0.997 0.999 0.999 0.999 0.963 1.000 
 110   (0.037) 0.090 0.002 0.003 0.001 0.005 0.003 0.001 0.000 0.002 0.001 0.003 0.003 0.001 0.001 0.001 0.037 0.000 

Locus 72 : 78631_40 
2 alleles
7.9% missing data
 120   (0.955) 0.999 0.995 0.992 0.997 0.994 0.800 0.999 0.999 0.997 0.999 0.996 0.996 0.998 0.998 0.999 0.955 1.000 
 110   (0.045) 0.001 0.005 0.008 0.003 0.006 0.200 0.001 0.001 0.003 0.001 0.004 0.004 0.002 0.002 0.001 0.045 0.000 

Locus 73 : 80366_12 
2 alleles
6.7% missing data
 130   (0.962) 0.998 0.995 0.995 0.997 0.992 0.996 0.997 0.999 0.994 0.998 0.997 0.997 0.998 0.999 0.994 0.962 1.000 
 110   (0.038) 0.002 0.005 0.005 0.003 0.008 0.004 0.003 0.001 0.006 0.002 0.003 0.003 0.002 0.001 0.006 0.038 0.000 

Locus 74 : 80499_10 
2 alleles
6.2% missing data
 130   (0.960) 0.999 0.997 0.997 0.998 0.995 0.997 0.999 1.000 0.999 1.000 0.997 0.996 0.999 0.893 0.999 0.960 1.000 
 100   (0.040) 0.001 0.003 0.003 0.002 0.005 0.003 0.001 0.000 0.001 0.000 0.003 0.004 0.001 0.107 0.001 0.040 0.000 

Locus 75 : 81141_31 
2 alleles
2.8% missing data
 120   (0.962) 0.998 0.997 0.997 0.977 0.994 0.997 0.999 0.997 0.997 1.000 0.996 0.997 0.996 0.998 0.998 0.962 1.000 
 100   (0.038) 0.002 0.003 0.003 0.023 0.006 0.003 0.001 0.003 0.003 0.000 0.004 0.003 0.004 0.002 0.002 0.038 0.000 

Locus 76 : 81662_33 
2 alleles
3.4% missing data
 120   (0.961) 0.999 0.995 0.997 0.998 0.995 0.997 0.991 1.000 0.996 1.000 0.997 0.997 0.988 0.999 0.997 0.960 1.000 
 110   (0.039) 0.001 0.005 0.003 0.002 0.005 0.003 0.009 0.000 0.004 0.000 0.003 0.003 0.012 0.001 0.003 0.040 0.000 

Locus 77 : 82002_8 
2 alleles
6.7% missing data
 100   (0.959) 0.999 0.997 0.997 0.999 0.995 0.997 0.999 1.000 0.998 1.000 0.997 0.674 0.999 0.999 0.999 0.959 1.000 
 110   (0.041) 0.001 0.003 0.003 0.001 0.005 0.003 0.001 0.000 0.002 0.000 0.003 0.326 0.001 0.001 0.001 0.041 0.000 

Locus 78 : 82631_34 
2 alleles
7.9% missing data
 120   (0.963) 0.999 0.993 0.996 0.996 0.993 0.991 0.999 0.999 0.981 0.999 0.996 0.997 0.989 0.999 0.992 0.963 1.000 
 100   (0.037) 0.001 0.007 0.004 0.004 0.007 0.009 0.001 0.001 0.019 0.001 0.004 0.003 0.011 0.001 0.008 0.037 0.000 

Locus 79 : 83247_84 
2 alleles
3.4% missing data
 110   (0.955) 0.999 0.997 0.996 0.998 0.994 0.756 0.999 1.000 0.998 1.000 0.997 0.996 0.998 0.998 0.998 0.954 1.000 
 100   (0.045) 0.001 0.003 0.004 0.002 0.006 0.244 0.001 0.000 0.002 0.000 0.003 0.004 0.002 0.002 0.002 0.046 0.000 

Locus 80 : 83916_5 
2 alleles
3.9% missing data
 130   (0.962) 0.999 0.997 0.997 0.999 0.995 0.997 0.999 0.781 0.999 1.000 0.997 0.997 0.999 0.999 0.999 0.963 1.000 
 110   (0.038) 0.001 0.003 0.003 0.001 0.005 0.003 0.001 0.219 0.001 0.000 0.003 0.003 0.001 0.001 0.001 0.037 0.000 

Locus 81 : 84971_7 
2 alleles
2.2% missing data
 120   (0.952) 0.965 0.983 0.996 0.996 0.990 0.995 0.998 0.998 0.959 0.985 0.989 0.996 0.991 0.998 0.985 0.952 0.991 
 110   (0.048) 0.035 0.017 0.004 0.004 0.010 0.005 0.002 0.002 0.041 0.015 0.011 0.004 0.009 0.002 0.015 0.048 0.009 

Locus 82 : 85247_77 
2 alleles
7.9% missing data
 120   (0.962) 0.997 0.994 0.996 0.993 0.993 0.996 0.998 0.992 0.992 0.998 0.995 0.997 0.997 0.998 0.992 0.962 0.999 
 110   (0.038) 0.003 0.006 0.004 0.007 0.007 0.004 0.002 0.008 0.008 0.002 0.005 0.003 0.003 0.002 0.008 0.038 0.001 

Locus 83 : 85248_24 
2 alleles
5.1% missing data
 100   (0.957) 0.999 0.997 0.997 0.998 0.994 0.997 0.999 1.000 0.998 1.000 0.997 0.857 0.999 0.998 0.999 0.957 1.000 
 120   (0.043) 0.001 0.003 0.003 0.002 0.006 0.003 0.001 0.000 0.002 0.000 0.003 0.143 0.001 0.002 0.001 0.043 0.000 

Locus 84 : 85402_12 
2 alleles
3.4% missing data
 120   (0.964) 0.999 0.997 0.997 0.999 0.994 0.997 0.995 1.000 0.998 1.000 0.998 0.997 0.996 0.999 0.999 0.963 1.000 
 100   (0.036) 0.001 0.003 0.003 0.001 0.006 0.003 0.005 0.000 0.002 0.000 0.002 0.003 0.004 0.001 0.001 0.037 0.000 

Locus 85 : 86588_18 
2 alleles
3.9% missing data
 120   (0.962) 0.999 0.996 0.996 0.998 0.993 0.997 0.999 1.000 0.998 1.000 0.951 0.997 0.999 0.999 0.999 0.962 1.000 
 100   (0.038) 0.001 0.004 0.004 0.002 0.007 0.003 0.001 0.000 0.002 0.000 0.049 0.003 0.001 0.001 0.001 0.038 0.000 

Locus 86 : 87070_60 
2 alleles
2.2% missing data
 100   (0.962) 0.999 0.998 0.997 0.999 0.852 0.997 0.999 1.000 0.998 1.000 0.997 0.997 0.999 0.999 0.999 0.962 1.000 
 130   (0.038) 0.001 0.002 0.003 0.001 0.148 0.003 0.001 0.000 0.002 0.000 0.003 0.003 0.001 0.001 0.001 0.038 0.000 

Locus 87 : 87747_31 
2 alleles
6.2% missing data
 120   (0.959) 0.999 0.998 0.997 0.999 0.994 0.996 0.999 1.000 0.998 1.000 0.997 0.913 0.999 0.999 0.999 0.959 1.000 
 110   (0.041) 0.001 0.002 0.003 0.001 0.006 0.004 0.001 0.000 0.002 0.000 0.003 0.087 0.001 0.001 0.001 0.041 0.000 

Locus 88 : 88455_10 
2 alleles
5.1% missing data
 130   (0.958) 0.999 0.997 0.779 0.998 0.994 0.996 0.999 1.000 0.998 1.000 0.997 0.996 0.999 0.999 0.999 0.958 1.000 
 100   (0.042) 0.001 0.003 0.221 0.002 0.006 0.004 0.001 0.000 0.002 0.000 0.003 0.004 0.001 0.001 0.001 0.042 0.000 

Locus 89 : 89005_12 
2 alleles
1.1% missing data
 120   (0.958) 0.999 0.998 0.997 0.999 0.995 0.997 0.999 1.000 0.999 1.000 0.997 0.890 0.999 0.999 0.999 0.959 1.000 
 130   (0.042) 0.001 0.002 0.003 0.001 0.005 0.003 0.001 0.000 0.001 0.000 0.003 0.110 0.001 0.001 0.001 0.041 0.000 

Locus 90 : 89213_8 
2 alleles
3.4% missing data
 130   (0.962) 0.999 0.997 0.997 0.998 0.995 0.997 0.999 1.000 0.998 1.000 0.997 0.970 0.999 0.999 0.999 0.962 1.000 
 110   (0.038) 0.001 0.003 0.003 0.002 0.005 0.003 0.001 0.000 0.002 0.000 0.003 0.030 0.001 0.001 0.001 0.038 0.000 

Locus 91 : 93475_13 
2 alleles
2.2% missing data
 130   (0.959) 0.999 0.998 0.997 0.998 0.995 0.997 0.999 1.000 0.999 1.000 0.997 0.863 0.999 0.999 0.999 0.959 1.000 
 110   (0.041) 0.001 0.002 0.003 0.002 0.005 0.003 0.001 0.000 0.001 0.000 0.003 0.137 0.001 0.001 0.001 0.041 0.000 

Locus 92 : 95749_27 
2 alleles
3.9% missing data
 120   (0.963) 0.999 0.998 0.997 0.999 0.995 0.997 0.999 1.000 0.999 1.000 0.998 0.969 0.999 0.999 0.999 0.963 1.000 
 100   (0.037) 0.001 0.002 0.003 0.001 0.005 0.003 0.001 0.000 0.001 0.000 0.002 0.031 0.001 0.001 0.001 0.037 0.000 

Locus 93 : 98167_26 
2 alleles
3.4% missing data
 120   (0.943) 0.991 0.995 0.991 0.997 0.895 0.994 0.970 0.999 0.995 0.998 0.973 0.995 0.996 0.997 0.994 0.943 0.997 
 110   (0.057) 0.009 0.005 0.009 0.003 0.105 0.006 0.030 0.001 0.005 0.002 0.027 0.005 0.004 0.003 0.006 0.057 0.003 

Locus 94 : 98988_58 
2 alleles
2.2% missing data
 130   (0.963) 0.999 0.998 0.997 0.998 0.994 0.997 0.999 1.000 0.998 1.000 0.997 0.974 0.999 0.999 0.999 0.964 1.000 
 110   (0.037) 0.001 0.002 0.003 0.002 0.006 0.003 0.001 0.000 0.002 0.000 0.003 0.026 0.001 0.001 0.001 0.036 0.000 

Locus 95 : 103824_15 
2 alleles
3.4% missing data
 130   (0.958) 0.999 0.998 0.997 0.998 0.994 0.997 0.999 1.000 0.998 1.000 0.997 0.808 0.999 0.998 0.999 0.959 1.000 
 110   (0.042) 0.001 0.002 0.003 0.002 0.006 0.003 0.001 0.000 0.002 0.000 0.003 0.192 0.001 0.002 0.001 0.041 0.000 

Locus 96 : 108043_8 
2 alleles
4.5% missing data
 130   (0.964) 0.905 0.998 0.997 0.998 0.995 0.997 0.999 1.000 0.998 1.000 0.997 0.997 0.999 0.999 0.999 0.964 1.000 
 110   (0.036) 0.095 0.002 0.003 0.002 0.005 0.003 0.001 0.000 0.002 0.000 0.003 0.003 0.001 0.001 0.001 0.036 0.000 

Locus 97 : 108049_79 
2 alleles
2.8% missing data
 120   (0.961) 0.999 0.995 0.997 0.999 0.995 0.997 0.991 1.000 0.997 1.000 0.996 0.997 0.988 0.999 0.997 0.961 1.000 
 100   (0.039) 0.001 0.005 0.003 0.001 0.005 0.003 0.009 0.000 0.003 0.000 0.004 0.003 0.012 0.001 0.003 0.039 0.000 

Locus 98 : 108366_5 
2 alleles
2.8% missing data
 130   (0.960) 0.999 0.998 0.997 0.999 0.995 0.997 0.999 1.000 0.999 1.000 0.997 0.917 0.998 0.999 0.999 0.960 1.000 
 100   (0.040) 0.001 0.002 0.003 0.001 0.005 0.003 0.001 0.000 0.001 0.000 0.003 0.083 0.002 0.001 0.001 0.040 0.000 

Locus 99 : 108403_10 
2 alleles
6.2% missing data
 130   (0.962) 0.990 0.996 0.997 0.998 0.995 0.996 0.999 1.000 0.997 1.000 0.997 0.997 0.998 0.999 0.998 0.962 1.000 
 110   (0.038) 0.010 0.004 0.003 0.002 0.005 0.004 0.001 0.000 0.003 0.000 0.003 0.003 0.002 0.001 0.002 0.038 0.000 

Locus 100 : 109283_38 
2 alleles
3.9% missing data
 120   (0.872) 0.993 0.960 0.989 0.505 0.979 0.979 0.919 0.477 0.817 0.949 0.940 0.990 0.928 0.995 0.883 0.872 0.985 
 100   (0.128) 0.007 0.040 0.011 0.495 0.021 0.021 0.081 0.523 0.183 0.051 0.060 0.010 0.072 0.005 0.117 0.128 0.015 

Locus 101 : 109527_54 
2 alleles
7.3% missing data
 110   (0.954) 0.999 0.997 0.996 0.998 0.992 0.794 0.998 1.000 0.998 1.000 0.996 0.996 0.998 0.998 0.998 0.954 1.000 
 130   (0.046) 0.001 0.003 0.004 0.002 0.008 0.206 0.002 0.000 0.002 0.000 0.004 0.004 0.002 0.002 0.002 0.046 0.000 

Locus 102 : 109804_31 
2 alleles
2.2% missing data
 130   (0.963) 0.999 0.998 0.997 0.999 0.995 0.997 0.999 1.000 0.998 1.000 0.998 0.945 0.999 0.999 0.999 0.963 1.000 
 100   (0.037) 0.001 0.002 0.003 0.001 0.005 0.003 0.001 0.000 0.002 0.000 0.002 0.055 0.001 0.001 0.001 0.037 0.000 

Locus 103 : 112614_46 
2 alleles
5.1% missing data
 120   (0.958) 0.999 0.997 0.997 0.998 0.994 0.997 0.999 1.000 0.999 1.000 0.997 0.884 0.999 0.998 0.999 0.958 1.000 
 100   (0.042) 0.001 0.003 0.003 0.002 0.006 0.003 0.001 0.000 0.001 0.000 0.003 0.116 0.001 0.002 0.001 0.042 0.000 

Locus 104 : 112906_14 
2 alleles
3.9% missing data
 110   (0.894) 0.997 0.990 0.684 0.847 0.947 0.734 0.998 0.999 0.959 0.998 0.992 0.991 0.981 0.996 0.990 0.894 0.999 
 120   (0.106) 0.003 0.010 0.316 0.153 0.053 0.266 0.002 0.001 0.041 0.002 0.008 0.009 0.019 0.004 0.010 0.106 0.001 

Locus 105 : 113735_32 
2 alleles
6.7% missing data
 120   (0.962) 0.999 0.997 0.961 0.998 0.994 0.997 0.999 1.000 0.998 1.000 0.996 0.997 0.999 0.999 0.999 0.962 1.000 
 100   (0.038) 0.001 0.003 0.039 0.002 0.006 0.003 0.001 0.000 0.002 0.000 0.004 0.003 0.001 0.001 0.001 0.038 0.000 

Locus 106 : 115028_7 
2 alleles
3.9% missing data
 120   (0.964) 0.999 0.997 0.954 0.999 0.995 0.997 0.999 1.000 0.998 1.000 0.997 0.997 0.999 0.999 0.999 0.964 1.000 
 100   (0.036) 0.001 0.003 0.046 0.001 0.005 0.003 0.001 0.000 0.002 0.000 0.003 0.003 0.001 0.001 0.001 0.036 0.000 

Locus 107 : 115179_16 
2 alleles
2.2% missing data
 120   (0.963) 0.999 0.998 0.997 0.999 0.995 0.997 0.999 1.000 0.999 1.000 0.998 0.908 0.999 0.999 0.999 0.963 1.000 
 110   (0.037) 0.001 0.002 0.003 0.001 0.005 0.003 0.001 0.000 0.001 0.000 0.002 0.092 0.001 0.001 0.001 0.037 0.000 

Locus 108 : 116753_51 
2 alleles
7.3% missing data
 120   (0.962) 0.999 0.997 0.997 0.892 0.994 0.997 0.999 0.999 0.992 1.000 0.997 0.997 0.995 0.999 0.997 0.962 1.000 
 100   (0.038) 0.001 0.003 0.003 0.108 0.006 0.003 0.001 0.001 0.008 0.000 0.003 0.003 0.005 0.001 0.003 0.038 0.000 

Locus 109 : 116931_31 
2 alleles
7.9% missing data
 120   (0.960) 0.999 0.997 0.997 0.998 0.994 0.997 0.999 1.000 0.998 1.000 0.960 0.997 0.999 0.999 0.998 0.960 0.999 
 110   (0.040) 0.001 0.003 0.003 0.002 0.006 0.003 0.001 0.000 0.002 0.000 0.040 0.003 0.001 0.001 0.002 0.040 0.001 

Locus 110 : 116938_8 
2 alleles
4.5% missing data
 130   (0.926) 0.998 0.995 0.994 0.806 0.944 0.865 0.998 0.999 0.997 0.999 0.993 0.994 0.998 0.997 0.998 0.926 0.999 
 110   (0.074) 0.002 0.005 0.006 0.194 0.056 0.135 0.002 0.001 0.003 0.001 0.007 0.006 0.002 0.003 0.002 0.074 0.001 

Locus 111 : 122302_80 
2 alleles
10.1% missing data
 110   (0.961) 0.998 0.954 0.996 0.998 0.994 0.997 0.999 1.000 0.998 1.000 0.971 0.996 0.998 0.999 0.999 0.961 1.000 
 100   (0.039) 0.002 0.046 0.004 0.002 0.006 0.003 0.001 0.000 0.002 0.000 0.029 0.004 0.002 0.001 0.001 0.039 0.000 

Locus 112 : 123190_14 
2 alleles
3.4% missing data
 120   (0.959) 0.999 0.997 0.997 0.998 0.994 0.997 0.999 1.000 0.998 1.000 0.876 0.997 0.999 0.999 0.998 0.959 1.000 
 130   (0.041) 0.001 0.003 0.003 0.002 0.006 0.003 0.001 0.000 0.002 0.000 0.124 0.003 0.001 0.001 0.002 0.041 0.000 

Locus 113 : 123271_36 
2 alleles
3.9% missing data
 100   (0.961) 0.999 0.998 0.997 0.999 0.995 0.997 0.999 1.000 0.999 1.000 0.997 0.856 0.999 0.999 0.999 0.961 1.000 
 110   (0.039) 0.001 0.002 0.003 0.001 0.005 0.003 0.001 0.000 0.001 0.000 0.003 0.144 0.001 0.001 0.001 0.039 0.000 

Locus 114 : 124147_18 
2 alleles
2.2% missing data
 130   (0.961) 0.999 0.998 0.997 0.998 0.758 0.997 0.999 1.000 0.999 1.000 0.997 0.997 0.999 0.999 0.998 0.961 1.000 
 110   (0.039) 0.001 0.002 0.003 0.002 0.242 0.003 0.001 0.000 0.001 0.000 0.003 0.003 0.001 0.001 0.002 0.039 0.000 

Locus 115 : 124184_33 
2 alleles
5.6% missing data
 110   (0.958) 0.999 0.997 0.997 0.998 0.994 0.997 0.999 1.000 0.998 1.000 0.997 0.909 0.999 0.999 0.999 0.958 1.000 
 100   (0.042) 0.001 0.003 0.003 0.002 0.006 0.003 0.001 0.000 0.002 0.000 0.003 0.091 0.001 0.001 0.001 0.042 0.000 

Locus 116 : 125404_24 
2 alleles
1.1% missing data
 130   (0.961) 0.999 0.998 0.756 0.999 0.995 0.997 0.999 1.000 0.999 1.000 0.997 0.997 0.999 0.999 0.999 0.961 1.000 
 110   (0.039) 0.001 0.002 0.244 0.001 0.005 0.003 0.001 0.000 0.001 0.000 0.003 0.003 0.001 0.001 0.001 0.039 0.000 

Locus 117 : 125436_43 
2 alleles
3.9% missing data
 130   (0.935) 0.998 0.996 0.692 0.997 0.991 0.826 0.998 0.999 0.996 1.000 0.996 0.995 0.998 0.998 0.997 0.935 1.000 
 100   (0.065) 0.002 0.004 0.308 0.003 0.009 0.174 0.002 0.001 0.004 0.000 0.004 0.005 0.002 0.002 0.003 0.065 0.000 

Locus 118 : 126013_18 
2 alleles
2.8% missing data
 130   (0.959) 0.999 0.998 0.997 0.999 0.995 0.997 0.999 1.000 0.999 1.000 0.997 0.996 0.999 0.870 0.999 0.959 0.999 
 110   (0.041) 0.001 0.002 0.003 0.001 0.005 0.003 0.001 0.000 0.001 0.000 0.003 0.004 0.001 0.130 0.001 0.041 0.001 

Locus 119 : 126137_19 
2 alleles
3.9% missing data
 120   (0.962) 0.999 0.997 0.984 0.998 0.994 0.978 0.999 1.000 0.997 1.000 0.997 0.997 0.997 0.999 0.997 0.962 1.000 
 110   (0.038) 0.001 0.003 0.016 0.002 0.006 0.022 0.001 0.000 0.003 0.000 0.003 0.003 0.003 0.001 0.003 0.038 0.000 

Locus 120 : 126845_22 
2 alleles
5.6% missing data
 130   (0.964) 0.999 0.997 0.957 0.999 0.994 0.997 0.999 1.000 0.998 1.000 0.997 0.997 0.999 0.999 0.999 0.964 1.000 
 110   (0.036) 0.001 0.003 0.043 0.001 0.006 0.003 0.001 0.000 0.002 0.000 0.003 0.003 0.001 0.001 0.001 0.036 0.000 

Locus 121 : 127512_8 
2 alleles
1.1% missing data
 130   (0.961) 0.999 0.998 0.997 0.999 0.995 0.997 0.999 1.000 0.998 1.000 0.997 0.997 0.999 0.902 0.999 0.961 1.000 
 100   (0.039) 0.001 0.002 0.003 0.001 0.005 0.003 0.001 0.000 0.002 0.000 0.003 0.003 0.001 0.098 0.001 0.039 0.000 

Locus 122 : 127692_13 
2 alleles
2.8% missing data
 100   (0.958) 0.999 0.997 0.996 0.998 0.994 0.928 0.999 1.000 0.998 1.000 0.997 0.997 0.999 0.999 0.999 0.958 1.000 
 120   (0.042) 0.001 0.003 0.004 0.002 0.006 0.072 0.001 0.000 0.002 0.000 0.003 0.003 0.001 0.001 0.001 0.042 0.000 

Locus 123 : 128195_18 
2 alleles
7.3% missing data
 130   (0.881) 0.996 0.963 0.988 0.994 0.448 0.908 0.261 0.998 0.943 0.994 0.973 0.990 0.970 0.996 0.983 0.881 0.997 
 110   (0.119) 0.004 0.037 0.012 0.006 0.552 0.092 0.739 0.002 0.057 0.006 0.027 0.010 0.030 0.004 0.017 0.119 0.003 

Locus 124 : 128198_14 
2 alleles
4.5% missing data
 130   (0.937) 0.998 0.996 0.995 0.998 0.991 0.995 0.999 0.999 0.997 1.000 0.996 0.916 0.998 0.899 0.998 0.937 0.999 
 120   (0.063) 0.002 0.004 0.005 0.002 0.009 0.005 0.001 0.001 0.003 0.000 0.004 0.084 0.002 0.101 0.002 0.063 0.001 

Locus 125 : 128423_39 
2 alleles
4.5% missing data
 130   (0.962) 0.999 0.996 0.997 0.998 0.986 0.997 0.991 1.000 0.994 1.000 0.997 0.997 0.996 0.999 0.997 0.961 1.000 
 100   (0.038) 0.001 0.004 0.003 0.002 0.014 0.003 0.009 0.000 0.006 0.000 0.003 0.003 0.004 0.001 0.003 0.039 0.000 

Locus 126 : 131572_48 
2 alleles
1.1% missing data
 120   (0.959) 0.999 0.997 0.996 0.926 0.994 0.997 0.999 0.996 0.995 0.999 0.996 0.997 0.994 0.998 0.996 0.959 1.000 
 100   (0.041) 0.001 0.003 0.004 0.074 0.006 0.003 0.001 0.004 0.005 0.001 0.004 0.003 0.006 0.002 0.004 0.041 0.000 

Locus 127 : 132199_62 
2 alleles
3.9% missing data
 100   (0.957) 0.999 0.997 0.997 0.998 0.994 0.997 0.999 1.000 0.998 1.000 0.997 0.749 0.999 0.999 0.999 0.957 1.000 
 120   (0.043) 0.001 0.003 0.003 0.002 0.006 0.003 0.001 0.000 0.002 0.000 0.003 0.251 0.001 0.001 0.001 0.043 0.000 

Locus 128 : 135566_64 
2 alleles
7.3% missing data
 130   (0.962) 0.999 0.997 0.997 0.999 0.994 0.997 0.994 1.000 0.998 1.000 0.997 0.997 0.996 0.999 0.999 0.962 1.000 
 110   (0.038) 0.001 0.003 0.003 0.001 0.006 0.003 0.006 0.000 0.002 0.000 0.003 0.003 0.004 0.001 0.001 0.038 0.000 

Locus 129 : 135761_5 
2 alleles
7.9% missing data
 130   (0.959) 0.999 0.997 0.996 0.999 0.995 0.997 0.999 1.000 0.998 1.000 0.997 0.904 0.999 0.998 0.999 0.959 1.000 
 100   (0.041) 0.001 0.003 0.004 0.001 0.005 0.003 0.001 0.000 0.002 0.000 0.003 0.096 0.001 0.002 0.001 0.041 0.000 

Locus 130 : 137219_35 
2 alleles
3.4% missing data
 120   (0.948) 0.998 0.995 0.996 0.998 0.992 0.996 0.966 0.999 0.996 1.000 0.996 0.996 0.984 0.998 0.998 0.947 1.000 
 100   (0.052) 0.002 0.005 0.004 0.002 0.008 0.004 0.034 0.001 0.004 0.000 0.004 0.004 0.016 0.002 0.002 0.053 0.000 

Locus 131 : 139081_20 
2 alleles
5.6% missing data
 120   (0.945) 0.998 0.995 0.995 0.995 0.926 0.967 0.999 0.999 0.994 0.999 0.995 0.995 0.996 0.998 0.997 0.945 1.000 
 110   (0.055) 0.002 0.005 0.005 0.005 0.074 0.033 0.001 0.001 0.006 0.001 0.005 0.005 0.004 0.002 0.003 0.055 0.000 

Locus 132 : 139084_52 
2 alleles
5.1% missing data
 120   (0.931) 0.998 0.993 0.994 0.997 0.830 0.994 0.996 0.999 0.990 0.999 0.832 0.994 0.997 0.997 0.997 0.931 0.999 
 110   (0.069) 0.002 0.007 0.006 0.003 0.170 0.006 0.004 0.001 0.010 0.001 0.168 0.006 0.003 0.003 0.003 0.069 0.001 

Locus 133 : 139433_54 
2 alleles
3.9% missing data
 120   (0.961) 0.999 0.998 0.997 0.999 0.995 0.997 0.999 1.000 0.999 1.000 0.997 0.945 0.999 0.999 0.999 0.961 1.000 
 100   (0.039) 0.001 0.002 0.003 0.001 0.005 0.003 0.001 0.000 0.001 0.000 0.003 0.055 0.001 0.001 0.001 0.039 0.000 

Locus 134 : 140063_88 
2 alleles
7.9% missing data
 110   (0.961) 0.999 0.997 0.996 0.998 0.992 0.982 0.998 1.000 0.998 1.000 0.997 0.997 0.998 0.998 0.999 0.960 1.000 
 100   (0.039) 0.001 0.003 0.004 0.002 0.008 0.018 0.002 0.000 0.002 0.000 0.003 0.003 0.002 0.002 0.001 0.040 0.000 

Locus 135 : 140194_73 
2 alleles
2.8% missing data
 120   (0.963) 0.998 0.997 0.997 0.998 0.993 0.997 0.999 1.000 0.998 1.000 0.997 0.997 0.999 0.972 0.998 0.963 1.000 
 110   (0.037) 0.002 0.003 0.003 0.002 0.007 0.003 0.001 0.000 0.002 0.000 0.003 0.003 0.001 0.028 0.002 0.037 0.000 

Locus 136 : 141313_8 
2 alleles
2.8% missing data
 120   (0.958) 0.999 0.998 0.996 0.998 0.994 0.997 0.999 1.000 0.999 1.000 0.997 0.918 0.999 0.998 0.999 0.959 1.000 
 100   (0.042) 0.001 0.002 0.004 0.002 0.006 0.003 0.001 0.000 0.001 0.000 0.003 0.082 0.001 0.002 0.001 0.041 0.000 

Locus 137 : 145284_28 
2 alleles
2.8% missing data
 130   (0.957) 0.999 0.998 0.997 0.998 0.620 0.997 0.999 1.000 0.998 1.000 0.997 0.996 0.999 0.998 0.999 0.957 1.000 
 110   (0.043) 0.001 0.002 0.003 0.002 0.380 0.003 0.001 0.000 0.002 0.000 0.003 0.004 0.001 0.002 0.001 0.043 0.000 

Locus 138 : 145957_11 
2 alleles
4.5% missing data
 130   (0.964) 0.999 0.998 0.997 0.999 0.995 0.998 0.999 0.812 0.999 1.000 0.998 0.997 0.999 0.999 0.999 0.964 1.000 
 110   (0.036) 0.001 0.002 0.003 0.001 0.005 0.002 0.001 0.188 0.001 0.000 0.002 0.003 0.001 0.001 0.001 0.036 0.000 

Locus 139 : 160306_34 
2 alleles
2.8% missing data
 120   (0.936) 0.998 0.994 0.775 0.988 0.991 0.954 0.998 0.999 0.971 0.999 0.994 0.995 0.984 0.998 0.991 0.936 0.999 
 100   (0.064) 0.002 0.006 0.225 0.012 0.009 0.046 0.002 0.001 0.029 0.001 0.006 0.005 0.016 0.002 0.009 0.064 0.001 

Locus 140 : 162107_37 
2 alleles
3.4% missing data
 120   (0.943) 0.998 0.996 0.900 0.998 0.992 0.979 0.999 0.999 0.997 1.000 0.996 0.995 0.998 0.998 0.997 0.943 1.000 
 100   (0.057) 0.002 0.004 0.100 0.002 0.008 0.021 0.001 0.001 0.003 0.000 0.004 0.005 0.002 0.002 0.003 0.057 0.000 

Locus 141 : 163290_36 
2 alleles
5.1% missing data
 130   (0.932) 0.996 0.978 0.994 0.997 0.787 0.995 0.996 0.999 0.890 0.969 0.941 0.994 0.977 0.997 0.971 0.932 0.987 
 110   (0.068) 0.004 0.022 0.006 0.003 0.213 0.005 0.004 0.001 0.110 0.031 0.059 0.006 0.023 0.003 0.029 0.068 0.013 

Locus 142 : 163453_13 
2 alleles
5.6% missing data
 120   (0.963) 0.999 0.997 0.997 0.998 0.994 0.997 0.999 1.000 0.998 1.000 0.964 0.997 0.999 0.999 0.998 0.963 1.000 
 110   (0.037) 0.001 0.003 0.003 0.002 0.006 0.003 0.001 0.000 0.002 0.000 0.036 0.003 0.001 0.001 0.002 0.037 0.000 

Locus 143 : 163580_14 
2 alleles
10.1% missing data
 120   (0.961) 0.998 0.991 0.997 0.998 0.995 0.997 0.999 1.000 0.998 0.923 0.997 0.997 0.999 0.999 0.998 0.961 0.842 
 100   (0.039) 0.002 0.009 0.003 0.002 0.005 0.003 0.001 0.000 0.002 0.077 0.003 0.003 0.001 0.001 0.002 0.039 0.158 

Locus 144 : 164461_13 
2 alleles
5.6% missing data
 100   (0.960) 0.999 0.823 0.997 0.999 0.995 0.997 0.999 1.000 0.998 1.000 0.918 0.997 0.999 0.999 0.999 0.961 1.000 
 120   (0.040) 0.001 0.177 0.003 0.001 0.005 0.003 0.001 0.000 0.002 0.000 0.082 0.003 0.001 0.001 0.001 0.039 0.000 

Locus 145 : 165413_43 
2 alleles
1.7% missing data
 110   (0.959) 0.999 0.997 0.997 0.998 0.994 0.933 0.999 1.000 0.998 1.000 0.996 0.997 0.998 0.999 0.999 0.959 1.000 
 130   (0.041) 0.001 0.003 0.003 0.002 0.006 0.067 0.001 0.000 0.002 0.000 0.004 0.003 0.002 0.001 0.001 0.041 0.000 

Locus 146 : 168629_44 
2 alleles
5.6% missing data
 130   (0.950) 0.998 0.979 0.996 0.998 0.989 0.956 0.989 0.999 0.992 0.999 0.984 0.996 0.997 0.998 0.998 0.950 0.999 
 110   (0.050) 0.002 0.021 0.004 0.002 0.011 0.044 0.011 0.001 0.008 0.001 0.016 0.004 0.003 0.002 0.002 0.050 0.001 

Locus 147 : 168991_77 
2 alleles
5.6% missing data
 110   (0.863) 0.995 0.955 0.643 0.883 0.975 0.889 0.962 0.996 0.925 0.996 0.986 0.989 0.952 0.995 0.971 0.862 0.994 
 100   (0.137) 0.005 0.045 0.357 0.117 0.025 0.111 0.038 0.004 0.075 0.004 0.014 0.011 0.048 0.005 0.029 0.138 0.006 

Locus 148 : 169478_88 
2 alleles
5.1% missing data
 130   (0.961) 0.999 0.997 0.997 0.998 0.994 0.997 0.999 0.999 0.998 0.999 0.997 0.997 0.999 0.973 0.998 0.961 1.000 
 100   (0.039) 0.001 0.003 0.003 0.002 0.006 0.003 0.001 0.001 0.002 0.001 0.003 0.003 0.001 0.027 0.002 0.039 0.000 

Locus 149 : 169898_8 
2 alleles
6.2% missing data
 120   (0.945) 0.997 0.961 0.995 0.997 0.992 0.911 0.998 0.999 0.997 0.999 0.975 0.995 0.998 0.998 0.998 0.946 0.999 
 100   (0.055) 0.003 0.039 0.005 0.003 0.008 0.089 0.002 0.001 0.003 0.001 0.025 0.005 0.002 0.002 0.002 0.054 0.001 

Locus 150 : 170224_42 
2 alleles
7.3% missing data
 100   (0.918) 0.997 0.971 0.992 0.995 0.981 0.927 0.981 0.999 0.953 0.995 0.733 0.993 0.990 0.997 0.991 0.918 0.997 
 120   (0.082) 0.003 0.029 0.008 0.005 0.019 0.073 0.019 0.001 0.047 0.005 0.267 0.007 0.010 0.003 0.009 0.082 0.003 

Locus 151 : 174083_22 
2 alleles
3.9% missing data
 120   (0.956) 0.999 0.997 0.997 0.998 0.994 0.997 0.999 1.000 0.998 1.000 0.997 0.783 0.998 0.999 0.999 0.956 1.000 
 100   (0.044) 0.001 0.003 0.003 0.002 0.006 0.003 0.001 0.000 0.002 0.000 0.003 0.217 0.002 0.001 0.001 0.044 0.000 

Locus 152 : 174223_24 
2 alleles
2.8% missing data
 120   (0.961) 0.988 0.997 0.997 0.998 0.995 0.996 0.999 1.000 0.998 1.000 0.997 0.997 0.999 0.999 0.998 0.961 1.000 
 100   (0.039) 0.012 0.003 0.003 0.002 0.005 0.004 0.001 0.000 0.002 0.000 0.003 0.003 0.001 0.001 0.002 0.039 0.000 

Locus 153 : 174263_44 
2 alleles
3.9% missing data
 130   (0.962) 0.999 0.998 0.997 0.999 0.995 0.997 0.999 1.000 0.998 1.000 0.997 0.997 0.999 0.825 0.999 0.962 1.000 
 110   (0.038) 0.001 0.002 0.003 0.001 0.005 0.003 0.001 0.000 0.002 0.000 0.003 0.003 0.001 0.175 0.001 0.038 0.000 

Locus 154 : 175657_6 
2 alleles
8.4% missing data
 100   (0.939) 0.998 0.996 0.755 0.997 0.992 0.916 0.999 0.999 0.997 1.000 0.996 0.994 0.998 0.998 0.998 0.939 1.000 
 130   (0.061) 0.002 0.004 0.245 0.003 0.008 0.084 0.001 0.001 0.003 0.000 0.004 0.006 0.002 0.002 0.002 0.061 0.000 

Locus 155 : 176570_23 
2 alleles
3.9% missing data
 130   (0.962) 0.989 0.990 0.996 0.985 0.993 0.997 0.999 0.993 0.976 0.984 0.997 0.997 0.988 0.999 0.964 0.962 0.999 
 110   (0.038) 0.011 0.010 0.004 0.015 0.007 0.003 0.001 0.007 0.024 0.016 0.003 0.003 0.012 0.001 0.036 0.038 0.001 

Locus 156 : 176775_13 
2 alleles
6.7% missing data
 130   (0.954) 0.999 0.997 0.996 0.998 0.993 0.996 0.999 1.000 0.998 1.000 0.997 0.701 0.999 0.998 0.999 0.954 1.000 
 110   (0.046) 0.001 0.003 0.004 0.002 0.007 0.004 0.001 0.000 0.002 0.000 0.003 0.299 0.001 0.002 0.001 0.046 0.000 

Locus 157 : 178448_19 
2 alleles
3.4% missing data
 120   (0.958) 0.999 0.997 0.997 0.999 0.995 0.997 0.999 1.000 0.998 1.000 0.997 0.881 0.999 0.999 0.999 0.959 1.000 
 100   (0.042) 0.001 0.003 0.003 0.001 0.005 0.003 0.001 0.000 0.002 0.000 0.003 0.119 0.001 0.001 0.001 0.041 0.000 

Locus 158 : 179162_16 
2 alleles
6.2% missing data
 120   (0.961) 0.999 0.997 0.997 0.998 0.995 0.997 0.999 1.000 0.999 1.000 0.997 0.969 0.999 0.999 0.999 0.961 1.000 
 100   (0.039) 0.001 0.003 0.003 0.002 0.005 0.003 0.001 0.000 0.001 0.000 0.003 0.031 0.001 0.001 0.001 0.039 0.000 

Locus 159 : 179286_31 
2 alleles
2.8% missing data
 120   (0.937) 0.998 0.995 0.884 0.982 0.991 0.919 0.998 0.999 0.990 0.999 0.995 0.995 0.998 0.998 0.998 0.937 0.999 
 100   (0.063) 0.002 0.005 0.116 0.018 0.009 0.081 0.002 0.001 0.010 0.001 0.005 0.005 0.002 0.002 0.002 0.063 0.001 

Locus 160 : 179594_17 
2 alleles
4.5% missing data
 120   (0.927) 0.994 0.994 0.732 0.997 0.923 0.994 0.998 0.999 0.994 0.999 0.924 0.993 0.997 0.997 0.997 0.927 0.999 
 100   (0.073) 0.006 0.006 0.268 0.003 0.077 0.006 0.002 0.001 0.006 0.001 0.076 0.007 0.003 0.003 0.003 0.073 0.001 

Locus 161 : 180413_54 
2 alleles
3.9% missing data
 100   (0.959) 0.999 0.997 0.997 0.998 0.995 0.997 0.999 1.000 0.998 1.000 0.997 0.879 0.999 0.999 0.999 0.959 1.000 
 110   (0.041) 0.001 0.003 0.003 0.002 0.005 0.003 0.001 0.000 0.002 0.000 0.003 0.121 0.001 0.001 0.001 0.041 0.000 

Locus 162 : 182862_79 
2 alleles
3.4% missing data
 130   (0.956) 0.999 0.997 0.996 0.998 0.994 0.997 0.999 1.000 0.998 1.000 0.997 0.865 0.998 0.998 0.999 0.956 1.000 
 110   (0.044) 0.001 0.003 0.004 0.002 0.006 0.003 0.001 0.000 0.002 0.000 0.003 0.135 0.002 0.002 0.001 0.044 0.000 

Locus 163 : 183288_63 
2 alleles
10.1% missing data
 100   (0.959) 0.999 0.997 0.996 0.998 0.994 0.997 0.999 1.000 0.998 1.000 0.997 0.970 0.999 0.999 0.999 0.959 1.000 
 120   (0.041) 0.001 0.003 0.004 0.002 0.006 0.003 0.001 0.000 0.002 0.000 0.003 0.030 0.001 0.001 0.001 0.041 0.000 

Locus 164 : 183906_55 
2 alleles
6.7% missing data
 130   (0.961) 0.999 0.997 0.997 0.998 0.994 0.997 0.999 1.000 0.999 1.000 0.997 0.945 0.999 0.999 0.999 0.961 1.000 
 100   (0.039) 0.001 0.003 0.003 0.002 0.006 0.003 0.001 0.000 0.001 0.000 0.003 0.055 0.001 0.001 0.001 0.039 0.000 

Locus 165 : 183990_7 
2 alleles
3.4% missing data
 120   (0.958) 0.999 0.984 0.997 0.998 0.995 0.997 0.799 1.000 0.996 0.999 0.994 0.997 0.961 0.999 0.996 0.958 1.000 
 100   (0.042) 0.001 0.016 0.003 0.002 0.005 0.003 0.201 0.000 0.004 0.001 0.006 0.003 0.039 0.001 0.004 0.042 0.000 

Locus 166 : 185904_60 
2 alleles
3.4% missing data
 120   (0.961) 0.999 0.998 0.997 0.998 0.995 0.997 0.999 1.000 0.999 1.000 0.866 0.997 0.999 0.999 0.999 0.962 1.000 
 100   (0.039) 0.001 0.002 0.003 0.002 0.005 0.003 0.001 0.000 0.001 0.000 0.134 0.003 0.001 0.001 0.001 0.038 0.000 

Locus 167 : 191703_64 
2 alleles
1.7% missing data
 130   (0.937) 0.998 0.996 0.860 0.998 0.677 0.995 0.999 0.999 0.997 1.000 0.996 0.995 0.998 0.998 0.998 0.937 1.000 
 110   (0.063) 0.002 0.004 0.140 0.002 0.323 0.005 0.001 0.001 0.003 0.000 0.004 0.005 0.002 0.002 0.002 0.063 0.000 

Locus 168 : 193854_7 
2 alleles
1.7% missing data
 130   (0.940) 0.998 0.996 0.995 0.997 0.991 0.995 0.999 0.999 0.997 0.999 0.994 0.881 0.997 0.978 0.998 0.941 0.999 
 110   (0.060) 0.002 0.004 0.005 0.003 0.009 0.005 0.001 0.001 0.003 0.001 0.006 0.119 0.003 0.022 0.002 0.059 0.001 

Locus 169 : 194868_38 
2 alleles
5.6% missing data
 120   (0.948) 0.998 0.996 0.971 0.998 0.991 0.878 0.997 1.000 0.995 1.000 0.996 0.996 0.994 0.998 0.995 0.948 1.000 
 100   (0.052) 0.002 0.004 0.029 0.002 0.009 0.122 0.003 0.000 0.005 0.000 0.004 0.004 0.006 0.002 0.005 0.052 0.000 

Locus 170 : 195463_36 
2 alleles
5.1% missing data
 120   (0.962) 0.999 0.998 0.854 0.999 0.995 0.997 0.999 1.000 0.999 1.000 0.997 0.997 0.999 0.999 0.999 0.962 1.000 
 100   (0.038) 0.001 0.002 0.146 0.001 0.005 0.003 0.001 0.000 0.001 0.000 0.003 0.003 0.001 0.001 0.001 0.038 0.000 

Locus 171 : 195727_20 
2 alleles
1.7% missing data
 130   (0.959) 0.999 0.998 0.997 0.999 0.995 0.997 0.999 1.000 0.999 1.000 0.997 0.913 0.999 0.999 0.999 0.959 1.000 
 110   (0.041) 0.001 0.002 0.003 0.001 0.005 0.003 0.001 0.000 0.001 0.000 0.003 0.087 0.001 0.001 0.001 0.041 0.000 

Locus 172 : 197508_5 
2 alleles
2.2% missing data
 120   (0.963) 0.999 0.997 0.997 0.998 0.994 0.984 0.998 1.000 0.998 1.000 0.997 0.997 0.999 0.999 0.999 0.963 1.000 
 100   (0.037) 0.001 0.003 0.003 0.002 0.006 0.016 0.002 0.000 0.002 0.000 0.003 0.003 0.001 0.001 0.001 0.037 0.000 

Locus 173 : 199140_10 
2 alleles
4.5% missing data
 130   (0.962) 0.999 0.997 0.997 0.999 0.994 0.997 0.994 1.000 0.998 1.000 0.998 0.997 0.996 0.999 0.999 0.962 1.000 
 110   (0.038) 0.001 0.003 0.003 0.001 0.006 0.003 0.006 0.000 0.002 0.000 0.002 0.003 0.004 0.001 0.001 0.038 0.000 

Locus 174 : 199429_51 
2 alleles
5.1% missing data
 130   (0.964) 0.999 0.997 0.996 0.999 0.994 0.997 0.999 1.000 0.998 1.000 0.952 0.997 0.998 0.999 0.999 0.964 1.000 
 100   (0.036) 0.001 0.003 0.004 0.001 0.006 0.003 0.001 0.000 0.002 0.000 0.048 0.003 0.002 0.001 0.001 0.036 0.000 

Locus 175 : 199635_9 
2 alleles
3.4% missing data
 120   (0.956) 0.999 0.997 0.997 0.998 0.994 0.997 0.999 1.000 0.998 1.000 0.997 0.828 0.999 0.999 0.999 0.956 1.000 
 100   (0.044) 0.001 0.003 0.003 0.002 0.006 0.003 0.001 0.000 0.002 0.000 0.003 0.172 0.001 0.001 0.001 0.044 0.000 

Locus 176 : 200923_8 
2 alleles
5.1% missing data
 100   (0.964) 0.999 0.997 0.995 0.998 0.932 0.997 0.999 1.000 0.998 1.000 0.997 0.997 0.999 0.999 0.999 0.964 1.000 
 110   (0.036) 0.001 0.003 0.005 0.002 0.068 0.003 0.001 0.000 0.002 0.000 0.003 0.003 0.001 0.001 0.001 0.036 0.000 

Locus 177 : 201090_64 
2 alleles
5.1% missing data
 130   (0.963) 0.999 0.951 0.996 0.998 0.995 0.997 0.999 1.000 0.998 1.000 0.971 0.997 0.999 0.999 0.999 0.963 1.000 
 100   (0.037) 0.001 0.049 0.004 0.002 0.005 0.003 0.001 0.000 0.002 0.000 0.029 0.003 0.001 0.001 0.001 0.037 0.000 

Locus 178 : 201549_57 
2 alleles
4.5% missing data
 120   (0.959) 0.999 0.998 0.902 0.998 0.994 0.997 0.999 1.000 0.998 1.000 0.997 0.997 0.999 0.999 0.999 0.959 1.000 
 110   (0.041) 0.001 0.002 0.098 0.002 0.006 0.003 0.001 0.000 0.002 0.000 0.003 0.003 0.001 0.001 0.001 0.041 0.000 

Locus 179 : 203565_40 
2 alleles
3.9% missing data
 120   (0.963) 0.999 0.997 0.997 0.998 0.930 0.997 0.999 1.000 0.998 1.000 0.997 0.997 0.999 0.999 0.999 0.963 1.000 
 100   (0.037) 0.001 0.003 0.003 0.002 0.070 0.003 0.001 0.000 0.002 0.000 0.003 0.003 0.001 0.001 0.001 0.037 0.000 

Locus 180 : 205184_19 
2 alleles
7.3% missing data
 110   (0.932) 0.998 0.996 0.995 0.997 0.991 0.995 0.999 0.999 0.998 1.000 0.995 0.758 0.998 0.853 0.998 0.932 1.000 
 120   (0.068) 0.002 0.004 0.005 0.003 0.009 0.005 0.001 0.001 0.002 0.000 0.005 0.242 0.002 0.147 0.002 0.068 0.000 

Locus 181 : 206551_17 
2 alleles
6.2% missing data
 120   (0.909) 0.877 0.951 0.964 0.995 0.941 0.993 0.991 0.999 0.992 0.999 0.477 0.992 0.985 0.997 0.992 0.909 0.999 
 100   (0.091) 0.123 0.049 0.036 0.005 0.059 0.007 0.009 0.001 0.008 0.001 0.523 0.008 0.015 0.003 0.008 0.091 0.001 

Locus 182 : 216246_19 
2 alleles
2.8% missing data
 110   (0.949) 0.998 0.993 0.987 0.996 0.985 0.983 0.987 0.999 0.976 1.000 0.996 0.996 0.988 0.998 0.992 0.948 1.000 
 130   (0.051) 0.002 0.007 0.013 0.004 0.015 0.017 0.013 0.001 0.024 0.000 0.004 0.004 0.012 0.002 0.008 0.052 0.000 

Locus 183 : 216776_13 
2 alleles
5.6% missing data
 120   (0.924) 0.813 0.995 0.994 0.996 0.989 0.994 0.998 0.999 0.997 0.999 0.995 0.726 0.997 0.990 0.997 0.924 0.999 
 110   (0.076) 0.187 0.005 0.006 0.004 0.011 0.006 0.002 0.001 0.003 0.001 0.005 0.274 0.003 0.010 0.003 0.076 0.001 

Locus 184 : 217291_37 
2 alleles
3.9% missing data
 120   (0.961) 0.999 0.996 0.907 0.998 0.994 0.997 0.999 1.000 0.996 1.000 0.995 0.997 0.999 0.999 0.999 0.961 1.000 
 100   (0.039) 0.001 0.004 0.093 0.002 0.006 0.003 0.001 0.000 0.004 0.000 0.005 0.003 0.001 0.001 0.001 0.039 0.000 

Locus 185 : 217570_13 
2 alleles
3.9% missing data
 130   (0.959) 0.999 0.997 0.997 0.999 0.995 0.997 0.999 1.000 0.998 1.000 0.997 0.865 0.999 0.999 0.999 0.959 1.000 
 110   (0.041) 0.001 0.003 0.003 0.001 0.005 0.003 0.001 0.000 0.002 0.000 0.003 0.135 0.001 0.001 0.001 0.041 0.000 

Locus 186 : 220422_65 
2 alleles
3.4% missing data
 120   (0.956) 0.998 0.993 0.987 0.994 0.993 0.975 0.997 0.999 0.963 0.999 0.996 0.996 0.980 0.998 0.987 0.956 1.000 
 110   (0.044) 0.002 0.007 0.013 0.006 0.007 0.025 0.003 0.001 0.037 0.001 0.004 0.004 0.020 0.002 0.013 0.044 0.000 

Locus 187 : 220502_40 
2 alleles
6.7% missing data
 120   (0.961) 0.998 0.997 0.997 0.961 0.994 0.996 0.999 0.999 0.997 0.999 0.997 0.997 0.998 0.998 0.998 0.961 0.999 
 110   (0.039) 0.002 0.003 0.003 0.039 0.006 0.004 0.001 0.001 0.003 0.001 0.003 0.003 0.002 0.002 0.002 0.039 0.001 

Locus 188 : 220519_81 
2 alleles
4.5% missing data
 130   (0.942) 0.998 0.996 0.995 0.997 0.930 0.996 0.998 0.999 0.997 1.000 0.996 0.856 0.998 0.998 0.998 0.943 1.000 
 110   (0.058) 0.002 0.004 0.005 0.003 0.070 0.004 0.002 0.001 0.003 0.000 0.004 0.144 0.002 0.002 0.002 0.057 0.000 

Locus 189 : 222347_17 
2 alleles
3.9% missing data
 120   (0.956) 0.999 0.997 0.997 0.998 0.994 0.997 0.999 1.000 0.998 1.000 0.997 0.891 0.999 0.998 0.999 0.956 1.000 
 100   (0.044) 0.001 0.003 0.003 0.002 0.006 0.003 0.001 0.000 0.002 0.000 0.003 0.109 0.001 0.002 0.001 0.044 0.000 

Locus 190 : 222896_46 
2 alleles
0.6% missing data
 110   (0.960) 0.999 0.997 0.997 0.999 0.995 0.997 0.999 1.000 0.999 1.000 0.997 0.944 0.999 0.999 0.999 0.961 1.000 
 130   (0.040) 0.001 0.003 0.003 0.001 0.005 0.003 0.001 0.000 0.001 0.000 0.003 0.056 0.001 0.001 0.001 0.039 0.000 

Locus 191 : 223181_12 
2 alleles
3.4% missing data
 120   (0.954) 0.999 0.997 0.996 0.998 0.994 0.997 0.999 1.000 0.998 1.000 0.997 0.721 0.998 0.998 0.999 0.954 1.000 
 100   (0.046) 0.001 0.003 0.004 0.002 0.006 0.003 0.001 0.000 0.002 0.000 0.003 0.279 0.002 0.002 0.001 0.046 0.000 

Locus 192 : 224649_57 
2 alleles
5.1% missing data
 100   (0.963) 0.999 0.997 0.997 0.998 0.994 0.997 0.999 1.000 0.998 1.000 0.997 0.997 0.999 0.972 0.999 0.963 1.000 
 110   (0.037) 0.001 0.003 0.003 0.002 0.006 0.003 0.001 0.000 0.002 0.000 0.003 0.003 0.001 0.028 0.001 0.037 0.000 

Locus 193 : 226245_11 
2 alleles
5.1% missing data
 130   (0.962) 0.999 0.998 0.997 0.900 0.994 0.997 0.999 0.999 0.998 1.000 0.997 0.997 0.998 0.999 0.998 0.962 1.000 
 110   (0.038) 0.001 0.002 0.003 0.100 0.006 0.003 0.001 0.001 0.002 0.000 0.003 0.003 0.002 0.001 0.002 0.038 0.000 

Locus 194 : 226342_59 
2 alleles
6.2% missing data
 120   (0.932) 0.995 0.991 0.993 0.996 0.988 0.994 0.998 0.999 0.991 0.997 0.993 0.910 0.995 0.964 0.993 0.932 0.996 
 100   (0.068) 0.005 0.009 0.007 0.004 0.012 0.006 0.002 0.001 0.009 0.003 0.007 0.090 0.005 0.036 0.007 0.068 0.004 

Locus 195 : 228970_13 
2 alleles
3.9% missing data
 120   (0.963) 0.999 0.998 0.954 0.998 0.995 0.997 0.999 1.000 0.998 1.000 0.997 0.997 0.999 0.999 0.999 0.963 1.000 
 100   (0.037) 0.001 0.002 0.046 0.002 0.005 0.003 0.001 0.000 0.002 0.000 0.003 0.003 0.001 0.001 0.001 0.037 0.000 

Locus 196 : 229097_27 
2 alleles
5.1% missing data
 130   (0.957) 0.999 0.997 0.996 0.998 0.994 0.997 0.999 1.000 0.998 1.000 0.997 0.789 0.999 0.999 0.999 0.957 1.000 
 110   (0.043) 0.001 0.003 0.004 0.002 0.006 0.003 0.001 0.000 0.002 0.000 0.003 0.211 0.001 0.001 0.001 0.043 0.000 

Locus 197 : 229177_29 
2 alleles
7.3% missing data
 130   (0.954) 0.800 0.997 0.996 0.998 0.993 0.996 0.999 0.999 0.996 0.997 0.989 0.996 0.987 0.998 0.991 0.955 0.995 
 110   (0.046) 0.200 0.003 0.004 0.002 0.007 0.004 0.001 0.001 0.004 0.003 0.011 0.004 0.013 0.002 0.009 0.045 0.005 

Locus 198 : 229612_7 
2 alleles
6.2% missing data
 100   (0.961) 0.999 0.997 0.997 0.998 0.994 0.982 0.998 1.000 0.998 1.000 0.997 0.997 0.998 0.999 0.999 0.961 1.000 
 120   (0.039) 0.001 0.003 0.003 0.002 0.006 0.018 0.002 0.000 0.002 0.000 0.003 0.003 0.002 0.001 0.001 0.039 0.000 

Locus 199 : 229936_67 
2 alleles
3.9% missing data
 120   (0.961) 0.989 0.990 0.997 0.985 0.993 0.997 0.999 0.993 0.975 0.984 0.997 0.997 0.989 0.998 0.964 0.961 0.999 
 100   (0.039) 0.011 0.010 0.003 0.015 0.007 0.003 0.001 0.007 0.025 0.016 0.003 0.003 0.011 0.002 0.036 0.039 0.001 

Locus 200 : 232937_62 
2 alleles
2.2% missing data
 100   (0.964) 0.989 0.997 0.997 0.999 0.995 0.997 0.999 1.000 0.998 1.000 0.997 0.997 0.999 0.999 0.999 0.963 1.000 
 120   (0.036) 0.011 0.003 0.003 0.001 0.005 0.003 0.001 0.000 0.002 0.000 0.003 0.003 0.001 0.001 0.001 0.037 0.000 

Locus 201 : 233194_6 
2 alleles
2.8% missing data
 120   (0.940) 0.998 0.994 0.995 0.998 0.992 0.996 0.999 0.999 0.997 1.000 0.996 0.660 0.998 0.959 0.998 0.940 0.999 
 100   (0.060) 0.002 0.006 0.005 0.002 0.008 0.004 0.001 0.001 0.003 0.000 0.004 0.340 0.002 0.041 0.002 0.060 0.001 

Locus 202 : 234346_33 
2 alleles
4.5% missing data
 110   (0.962) 0.999 0.998 0.997 0.999 0.995 0.997 0.999 1.000 0.999 1.000 0.997 0.997 0.999 0.801 0.999 0.962 1.000 
 130   (0.038) 0.001 0.002 0.003 0.001 0.005 0.003 0.001 0.000 0.001 0.000 0.003 0.003 0.001 0.199 0.001 0.038 0.000 

Locus 203 : 235241_77 
2 alleles
2.2% missing data
 130   (0.959) 0.999 0.997 0.997 0.998 0.995 0.997 0.999 1.000 0.998 1.000 0.997 0.837 0.999 0.999 0.999 0.959 1.000 
 100   (0.041) 0.001 0.003 0.003 0.002 0.005 0.003 0.001 0.000 0.002 0.000 0.003 0.163 0.001 0.001 0.001 0.041 0.000 

Locus 204 : 236207_44 
2 alleles
6.2% missing data
 120   (0.909) 0.997 0.994 0.964 0.738 0.862 0.993 0.998 0.689 0.995 0.999 0.994 0.992 0.996 0.997 0.997 0.910 0.999 
 100   (0.091) 0.003 0.006 0.036 0.262 0.138 0.007 0.002 0.311 0.005 0.001 0.006 0.008 0.004 0.003 0.003 0.090 0.001 

Locus 205 : 236307_12 
2 alleles
1.7% missing data
 130   (0.955) 0.999 0.984 0.990 0.998 0.992 0.997 0.515 0.999 0.997 1.000 0.997 0.996 0.987 0.998 0.994 0.955 1.000 
 110   (0.045) 0.001 0.016 0.010 0.002 0.008 0.003 0.485 0.001 0.003 0.000 0.003 0.004 0.013 0.002 0.006 0.045 0.000 

Locus 206 : 236931_45 
2 alleles
6.7% missing data
 120   (0.895) 0.997 0.993 0.702 0.989 0.460 0.688 0.997 0.999 0.996 0.999 0.992 0.992 0.997 0.996 0.996 0.896 0.999 
 100   (0.105) 0.003 0.007 0.298 0.011 0.540 0.312 0.003 0.001 0.004 0.001 0.008 0.008 0.003 0.004 0.004 0.104 0.001 

Locus 207 : 236999_38 
2 alleles
2.8% missing data
 120   (0.961) 0.999 0.998 0.997 0.999 0.995 0.997 0.999 1.000 0.999 1.000 0.997 0.944 0.999 0.999 0.999 0.961 1.000 
 100   (0.039) 0.001 0.002 0.003 0.001 0.005 0.003 0.001 0.000 0.001 0.000 0.003 0.056 0.001 0.001 0.001 0.039 0.000 

Locus 208 : 240398_42 
2 alleles
3.9% missing data
 110   (0.860) 0.996 0.987 0.879 0.993 0.450 0.805 0.539 0.999 0.990 0.999 0.990 0.989 0.990 0.995 0.990 0.860 0.999 
 130   (0.140) 0.004 0.013 0.121 0.007 0.550 0.195 0.461 0.001 0.010 0.001 0.010 0.011 0.010 0.005 0.010 0.140 0.001 

Locus 209 : 240825_22 
2 alleles
6.2% missing data
 130   (0.963) 0.996 0.992 0.996 0.997 0.992 0.996 0.999 0.998 0.986 0.997 0.992 0.997 0.995 0.998 0.995 0.963 0.998 
 110   (0.037) 0.004 0.008 0.004 0.003 0.008 0.004 0.001 0.002 0.014 0.003 0.008 0.003 0.005 0.002 0.005 0.037 0.002 

Locus 210 : 244435_48 
2 alleles
1.7% missing data
 110   (0.963) 0.999 0.998 0.997 0.898 0.995 0.997 0.999 1.000 0.999 1.000 0.998 0.997 0.999 0.999 0.999 0.963 1.000 
 130   (0.037) 0.001 0.002 0.003 0.102 0.005 0.003 0.001 0.000 0.001 0.000 0.002 0.003 0.001 0.001 0.001 0.037 0.000 

Locus 211 : 245971_21 
2 alleles
5.1% missing data
 130   (0.960) 0.999 0.998 0.997 0.999 0.995 0.997 0.999 1.000 0.999 1.000 0.997 0.913 0.999 0.998 0.999 0.961 1.000 
 120   (0.040) 0.001 0.002 0.003 0.001 0.005 0.003 0.001 0.000 0.001 0.000 0.003 0.087 0.001 0.002 0.001 0.039 0.000 

Locus 212 : 246895_22 
2 alleles
3.4% missing data
 120   (0.962) 0.999 0.995 0.997 0.998 0.995 0.997 0.990 1.000 0.997 1.000 0.997 0.997 0.988 0.999 0.998 0.962 1.000 
 110   (0.038) 0.001 0.005 0.003 0.002 0.005 0.003 0.010 0.000 0.003 0.000 0.003 0.003 0.012 0.001 0.002 0.038 0.000 

Locus 213 : 248131_26 
2 alleles
7.9% missing data
 130   (0.952) 0.997 0.942 0.994 0.995 0.991 0.979 0.998 0.999 0.991 0.999 0.971 0.996 0.997 0.998 0.995 0.952 0.999 
 110   (0.048) 0.003 0.058 0.006 0.005 0.009 0.021 0.002 0.001 0.009 0.001 0.029 0.004 0.003 0.002 0.005 0.048 0.001 

Locus 214 : 250844_49 
2 alleles
7.3% missing data
 130   (0.963) 0.999 0.997 0.996 0.998 0.995 0.978 0.999 1.000 0.998 1.000 0.997 0.997 0.998 0.999 0.998 0.962 1.000 
 100   (0.037) 0.001 0.003 0.004 0.002 0.005 0.022 0.001 0.000 0.002 0.000 0.003 0.003 0.002 0.001 0.002 0.038 0.000 

Locus 215 : 251283_19 
2 alleles
5.6% missing data
 120   (0.961) 0.999 0.997 0.997 0.999 0.827 0.997 0.999 1.000 0.999 1.000 0.997 0.997 0.999 0.999 0.999 0.961 1.000 
 100   (0.039) 0.001 0.003 0.003 0.001 0.173 0.003 0.001 0.000 0.001 0.000 0.003 0.003 0.001 0.001 0.001 0.039 0.000 

Locus 216 : 251358_15 
2 alleles
8.4% missing data
 110   (0.941) 0.998 0.996 0.994 0.942 0.989 0.801 0.999 0.999 0.996 1.000 0.995 0.995 0.998 0.998 0.998 0.941 0.999 
 120   (0.059) 0.002 0.004 0.006 0.058 0.011 0.199 0.001 0.001 0.004 0.000 0.005 0.005 0.002 0.002 0.002 0.059 0.001 

Locus 217 : 251901_42 
2 alleles
2.2% missing data
 120   (0.963) 0.999 0.997 0.997 0.998 0.995 0.997 0.999 0.999 0.998 1.000 0.949 0.997 0.998 0.999 0.998 0.963 1.000 
 100   (0.037) 0.001 0.003 0.003 0.002 0.005 0.003 0.001 0.001 0.002 0.000 0.051 0.003 0.002 0.001 0.002 0.037 0.000 

Locus 218 : 252158_43 
2 alleles
0.0% missing data
 120   (0.961) 0.999 0.998 0.997 0.999 0.995 0.997 0.999 1.000 0.999 1.000 0.998 0.917 0.999 0.999 0.999 0.962 1.000 
 100   (0.039) 0.001 0.002 0.003 0.001 0.005 0.003 0.001 0.000 0.001 0.000 0.002 0.083 0.001 0.001 0.001 0.038 0.000 

Locus 219 : 252988_16 
2 alleles
7.9% missing data
 110   (0.958) 0.999 0.686 0.997 0.998 0.994 0.996 0.999 1.000 0.997 1.000 0.847 0.996 0.999 0.998 0.999 0.958 1.000 
 100   (0.042) 0.001 0.314 0.003 0.002 0.006 0.004 0.001 0.000 0.003 0.000 0.153 0.004 0.001 0.002 0.001 0.042 0.000 

Locus 220 : 254425_88 
2 alleles
5.6% missing data
 130   (0.936) 0.997 0.996 0.995 0.998 0.991 0.995 0.999 0.999 0.998 0.999 0.995 0.771 0.998 0.872 0.998 0.936 1.000 
 110   (0.064) 0.003 0.004 0.005 0.002 0.009 0.005 0.001 0.001 0.002 0.001 0.005 0.229 0.002 0.128 0.002 0.064 0.000 

Locus 221 : 256337_57 
2 alleles
5.6% missing data
 110   (0.964) 0.999 0.998 0.997 0.999 0.925 0.997 0.999 1.000 0.999 1.000 0.997 0.997 0.999 0.999 0.999 0.964 1.000 
 130   (0.036) 0.001 0.002 0.003 0.001 0.075 0.003 0.001 0.000 0.001 0.000 0.003 0.003 0.001 0.001 0.001 0.036 0.000 

Locus 222 : 259058_15 
2 alleles
1.7% missing data
 120   (0.961) 0.999 0.998 0.997 0.999 0.995 0.997 0.999 1.000 0.999 0.999 0.997 0.997 0.999 0.863 0.999 0.961 1.000 
 100   (0.039) 0.001 0.002 0.003 0.001 0.005 0.003 0.001 0.000 0.001 0.001 0.003 0.003 0.001 0.137 0.001 0.039 0.000 

Locus 223 : 259869_81 
2 alleles
0.6% missing data
 120   (0.960) 0.999 0.998 0.997 0.998 0.995 0.997 0.999 1.000 0.998 1.000 0.997 0.997 0.999 0.935 0.999 0.960 1.000 
 130   (0.040) 0.001 0.002 0.003 0.002 0.005 0.003 0.001 0.000 0.002 0.000 0.003 0.003 0.001 0.065 0.001 0.040 0.000 

Locus 224 : 260700_55 
2 alleles
2.2% missing data
 130   (0.964) 0.975 0.997 0.996 0.998 0.993 0.997 0.999 0.999 0.998 0.999 0.990 0.997 0.997 0.998 0.998 0.964 0.999 
 110   (0.036) 0.025 0.003 0.004 0.002 0.007 0.003 0.001 0.001 0.002 0.001 0.010 0.003 0.003 0.002 0.002 0.036 0.001 

Locus 225 : 262223_11 
2 alleles
4.5% missing data
 130   (0.962) 0.847 0.998 0.996 0.999 0.995 0.997 0.999 1.000 0.999 1.000 0.997 0.997 0.999 0.999 0.999 0.962 1.000 
 100   (0.038) 0.153 0.002 0.004 0.001 0.005 0.003 0.001 0.000 0.001 0.000 0.003 0.003 0.001 0.001 0.001 0.038 0.000 

Locus 226 : 262346_48 
2 alleles
3.4% missing data
 130   (0.959) 0.999 0.997 0.997 0.998 0.417 0.997 0.999 1.000 0.998 1.000 0.997 0.997 0.999 0.999 0.999 0.959 1.000 
 110   (0.041) 0.001 0.003 0.003 0.002 0.583 0.003 0.001 0.000 0.002 0.000 0.003 0.003 0.001 0.001 0.001 0.041 0.000 

Locus 227 : 262620_18 
2 alleles
3.9% missing data
 110   (0.950) 0.996 0.990 0.993 0.992 0.990 0.995 0.994 0.993 0.986 0.993 0.995 0.995 0.994 0.998 0.988 0.949 0.999 
 130   (0.050) 0.004 0.010 0.007 0.008 0.010 0.005 0.006 0.007 0.014 0.007 0.005 0.005 0.006 0.002 0.012 0.051 0.001 

Locus 228 : 263002_42 
2 alleles
3.4% missing data
 120   (0.959) 0.999 0.997 0.996 0.998 0.994 0.837 0.999 1.000 0.998 1.000 0.997 0.997 0.999 0.999 0.999 0.959 1.000 
 100   (0.041) 0.001 0.003 0.004 0.002 0.006 0.163 0.001 0.000 0.002 0.000 0.003 0.003 0.001 0.001 0.001 0.041 0.000 

Locus 229 : 263813_70 
2 alleles
10.1% missing data
 130   (0.960) 0.999 0.997 0.997 0.998 0.994 0.997 0.999 1.000 0.998 1.000 0.997 0.996 0.999 0.929 0.999 0.961 1.000 
 110   (0.040) 0.001 0.003 0.003 0.002 0.006 0.003 0.001 0.000 0.002 0.000 0.003 0.004 0.001 0.071 0.001 0.039 0.000 

Locus 230 : 264184_13 
2 alleles
10.1% missing data
 110   (0.922) 0.997 0.965 0.993 0.826 0.944 0.994 0.998 0.999 0.996 0.999 0.785 0.993 0.997 0.997 0.997 0.922 0.999 
 130   (0.078) 0.003 0.035 0.007 0.174 0.056 0.006 0.002 0.001 0.004 0.001 0.215 0.007 0.003 0.003 0.003 0.078 0.001 

Values of parameters used in structure:
DATAFILE=C:\Users\jmahg\OneDrive\Desktop\Transfers\TrkNbr-1524n1282n1083_AllPops_Structure_p18_r080_LDnHWEx\project_data,	OUTFILE=C:\Users\jmahg\OneDrive\Desktop\Transfers\TrkNbr-1524n1282n1083_AllPops_Structure_p18_r080_LDnHWEx\BI50000_MCMC100000\Results\BI50000_MCMC100000_run_165,	NUMINDS=178,	NUMLOCI=230,	MISSING=0,	LABEL=1,	POPDATA=1,	POPFLAG=0,	PHENOTYPE=0,	EXTRACOLS=0,	MAXPOPS=17,	BURNIN=50000,	NUMREPS=100000,	USEPOPINFO=0,	INFERALPHA=1,	INFERLAMBDA=0,	POPSPECIFICLAMBDA=0,	POPALPHAS=0,	COMPUTEPROB=1,	NOADMIX=0,	ADMBURNIN=2500,	UPDATEFREQ=1,	PRINTLIKES=0,	INTERMEDSAVE=0,	PRINTKLD=0,	PRINTNET=0,	PRINTLAMBDA=0,	ANCESTDIST=0,	NUMBOXES=1000,	ANCESTPINT=0.90000,	GENSBACK=2,	MIGRPRIOR=0.05000,	PRINTQHAT=0,	PRINTQSUM=0,	ALPHA=1.0000,	FREQSCORR=1,	FPRIORMEAN=0.0100,	FPRIORSD=0.0500,	ONEFST=0,	LAMBDA=1.0000,	UNIFPRIORALPHA=1,	ALPHAMAX=10.0000,	ALPHAPRIORA=1.0000,	ALPHAPRIORB=2.0000,	ALPHAPROPSD=0.0250,	STARTATPOPINFO=0,	RANDOMIZE=1,	LINKAGE=0,	METROFREQ=10,	REPORTHITRATE=0,	MARKOVPHASE=-1,	PHASED=0,	PLOIDY=2,	PHASEINFO=0	LOCPRIOR=0, 	LOCPRIORINIT=1.000000, 	LOCDATA=0, 	LOCISPOP=0, 	LOCPRIORSTEP=0.100000, 	MAXLOCPRIOR=20.000000, 	SEED=1603038450,	
[STRAT parameters]:    NUMSIMSTATS=1000,	PHENOTYPECOL=-9,	POOLFREQ=10,	LOCUSxONLY=0,	EMERROR=0.00100,	MISSINGPHENO=-9,	