

----------------------------------------------------
STRUCTURE by Pritchard, Stephens and Donnelly (2000)
     and Falush, Stephens and Pritchard (2003)
       Code by Pritchard, Falush and Hubisz
             Version 2.3.4 (Jul 2012)
----------------------------------------------------



Command line arguments:   bin\structure -m C:\Users\jmahg\OneDrive\Desktop\Transfers\TrkNbr-1524n1282n1083_AllPops_Structure_p18_r080_LDnHWEx\BI50000_MCMC100000\mainparams -e C:\Users\jmahg\OneDrive\Desktop\Transfers\TrkNbr-1524n1282n1083_AllPops_Structure_p18_r080_LDnHWEx\BI50000_MCMC100000\extraparams 
Input File:    C:\Users\jmahg\OneDrive\Desktop\Transfers\TrkNbr-1524n1282n1083_AllPops_Structure_p18_r080_LDnHWEx\project_data

Run parameters:
   178 individuals
   230 loci
   17 populations assumed
   50000 Burn-in period
   100000 Reps


--------------------------------------------
Proportion of membership of each pre-defined
 population in each of the 17 clusters

Given    Inferred Clusters                                                                                                         Number of
 Pop       1      2      3      4      5      6      7      8      9     10     11     12     13     14     15     16     17      Individuals

  1:     0.032  0.640  0.012  0.125  0.009  0.002  0.010  0.026  0.026  0.007  0.004  0.009  0.038  0.007  0.022  0.019  0.011       10
  2:     0.054  0.031  0.457  0.075  0.029  0.002  0.014  0.006  0.059  0.004  0.015  0.019  0.069  0.007  0.048  0.080  0.030        8
  3:     0.080  0.010  0.012  0.028  0.014  0.002  0.474  0.007  0.087  0.004  0.003  0.015  0.125  0.008  0.036  0.085  0.009       10
  4:     0.097  0.018  0.050  0.029  0.007  0.003  0.027  0.019  0.099  0.015  0.008  0.386  0.102  0.009  0.051  0.071  0.010       10
  5:     0.017  0.006  0.006  0.009  0.003  0.877  0.008  0.004  0.012  0.003  0.003  0.005  0.013  0.011  0.009  0.010  0.004       10
  6:     0.132  0.018  0.014  0.035  0.003  0.003  0.360  0.007  0.100  0.004  0.004  0.008  0.148  0.009  0.066  0.082  0.006       10
  7:     0.038  0.114  0.011  0.630  0.002  0.002  0.011  0.004  0.039  0.003  0.003  0.005  0.044  0.006  0.040  0.035  0.011       10
  8:     0.064  0.084  0.216  0.060  0.034  0.003  0.036  0.055  0.078  0.038  0.017  0.044  0.072  0.008  0.066  0.067  0.057       10
  9:     0.152  0.036  0.013  0.189  0.003  0.002  0.023  0.005  0.149  0.004  0.003  0.007  0.209  0.010  0.078  0.108  0.010       10
 10:     0.338  0.014  0.015  0.037  0.004  0.002  0.028  0.006  0.132  0.005  0.004  0.009  0.185  0.011  0.113  0.092  0.006       10
 11:     0.063  0.022  0.038  0.021  0.031  0.002  0.013  0.539  0.055  0.008  0.008  0.015  0.080  0.007  0.029  0.046  0.024       10
 12:     0.047  0.042  0.053  0.022  0.005  0.002  0.017  0.532  0.042  0.083  0.006  0.020  0.052  0.009  0.025  0.037  0.007       10
 13:     0.027  0.012  0.010  0.015  0.009  0.002  0.012  0.010  0.017  0.804  0.008  0.008  0.022  0.007  0.014  0.015  0.008       10
 14:     0.048  0.009  0.009  0.019  0.004  0.010  0.017  0.005  0.040  0.004  0.003  0.007  0.054  0.711  0.022  0.034  0.005       10
 15:     0.040  0.008  0.009  0.017  0.005  0.007  0.038  0.005  0.034  0.004  0.003  0.007  0.039  0.739  0.020  0.019  0.004       10
 16:     0.054  0.020  0.029  0.061  0.025  0.002  0.031  0.009  0.186  0.005  0.012  0.201  0.062  0.008  0.108  0.147  0.039       10
 17:     0.051  0.040  0.047  0.030  0.007  0.002  0.016  0.052  0.047  0.015  0.516  0.023  0.053  0.008  0.046  0.032  0.013       10
 18:     0.024  0.008  0.008  0.013  0.004  0.832  0.014  0.004  0.017  0.004  0.003  0.006  0.024  0.009  0.013  0.013  0.004       10
--------------------------------------------

Allele-freq. divergence among pops (Net nucleotide distance),
computed using point estimates of P.

      1       2       3       4       5       6       7       8       9      10      11      12      13      14      15      16      17      
 1      -    0.0026  0.0046  0.0015  0.0026  0.0073  0.0013  0.0030  0.0003  0.0053  0.0086  0.0039  0.0001  0.0019  0.0004  0.0006  0.0022  
 2   0.0026     -    0.0066  0.0013  0.0033  0.0096  0.0037  0.0038  0.0025  0.0068  0.0098  0.0060  0.0025  0.0043  0.0020  0.0023  0.0028  
 3   0.0046  0.0066     -    0.0057  0.0051  0.0116  0.0057  0.0060  0.0045  0.0090  0.0069  0.0077  0.0045  0.0063  0.0041  0.0045  0.0048  
 4   0.0015  0.0013  0.0057     -    0.0033  0.0087  0.0027  0.0043  0.0015  0.0066  0.0096  0.0053  0.0014  0.0033  0.0013  0.0015  0.0027  
 5   0.0026  0.0033  0.0051  0.0033     -    0.0059  0.0030  0.0027  0.0023  0.0046  0.0068  0.0043  0.0026  0.0031  0.0011  0.0018  0.0001  
 6   0.0073  0.0096  0.0116  0.0087  0.0059     -    0.0079  0.0098  0.0074  0.0120  0.0150  0.0108  0.0073  0.0069  0.0066  0.0073  0.0063  
 7   0.0013  0.0037  0.0057  0.0027  0.0030  0.0079     -    0.0040  0.0013  0.0063  0.0095  0.0047  0.0012  0.0030  0.0014  0.0014  0.0027  
 8   0.0030  0.0038  0.0060  0.0043  0.0027  0.0098  0.0040     -    0.0029  0.0050  0.0079  0.0057  0.0029  0.0046  0.0024  0.0029  0.0025  
 9   0.0003  0.0025  0.0045  0.0015  0.0023  0.0074  0.0013  0.0029     -    0.0053  0.0083  0.0028  0.0002  0.0020  0.0004  0.0001  0.0019  
10   0.0053  0.0068  0.0090  0.0066  0.0046  0.0120  0.0063  0.0050  0.0053     -    0.0105  0.0084  0.0052  0.0069  0.0045  0.0052  0.0045  
11   0.0086  0.0098  0.0069  0.0096  0.0068  0.0150  0.0095  0.0079  0.0083  0.0105     -    0.0112  0.0085  0.0101  0.0073  0.0081  0.0068  
12   0.0039  0.0060  0.0077  0.0053  0.0043  0.0108  0.0047  0.0057  0.0028  0.0084  0.0112     -    0.0039  0.0056  0.0034  0.0025  0.0040  
13   0.0001  0.0025  0.0045  0.0014  0.0026  0.0073  0.0012  0.0029  0.0002  0.0052  0.0085  0.0039     -    0.0018  0.0005  0.0005  0.0022  
14   0.0019  0.0043  0.0063  0.0033  0.0031  0.0069  0.0030  0.0046  0.0020  0.0069  0.0101  0.0056  0.0018     -    0.0020  0.0022  0.0030  
15   0.0004  0.0020  0.0041  0.0013  0.0011  0.0066  0.0014  0.0024  0.0004  0.0045  0.0073  0.0034  0.0005  0.0020     -    0.0004  0.0008  
16   0.0006  0.0023  0.0045  0.0015  0.0018  0.0073  0.0014  0.0029  0.0001  0.0052  0.0081  0.0025  0.0005  0.0022  0.0004     -    0.0014  
17   0.0022  0.0028  0.0048  0.0027  0.0001  0.0063  0.0027  0.0025  0.0019  0.0045  0.0068  0.0040  0.0022  0.0030  0.0008  0.0014     -    

Average distances (expected heterozygosity) between individuals in same cluster:
cluster  1  : 0.0028 
cluster  2  : 0.0186 
cluster  3  : 0.0122 
cluster  4  : 0.0080 
cluster  5  : 0.0913 
cluster  6  : 0.0666 
cluster  7  : 0.0143 
cluster  8  : 0.0345 
cluster  9  : 0.0088 
cluster 10  : 0.0398 
cluster 11  : 0.0446 
cluster 12  : 0.0259 
cluster 13  : 0.0011 
cluster 14  : 0.0240 
cluster 15  : 0.0343 
cluster 16  : 0.0213 
cluster 17  : 0.0803 

--------------------------------------------
Estimated Ln Prob of Data   = -3790.0
Mean value of ln likelihood = -3245.8
Variance of ln likelihood   = 1088.3
Mean value of alpha         = 0.0356

Mean value of Fst_1         = 0.9151
Mean value of Fst_2         = 0.6395
Mean value of Fst_3         = 0.7907
Mean value of Fst_4         = 0.8413
Mean value of Fst_5         = 0.0006
Mean value of Fst_6         = 0.2623
Mean value of Fst_7         = 0.6884
Mean value of Fst_8         = 0.4096
Mean value of Fst_9         = 0.8445
Mean value of Fst_10         = 0.4097
Mean value of Fst_11         = 0.3995
Mean value of Fst_12         = 0.5898
Mean value of Fst_13         = 0.9492
Mean value of Fst_14         = 0.5180
Mean value of Fst_15         = 0.5969
Mean value of Fst_16         = 0.7077
Mean value of Fst_17         = 0.1230


Inferred ancestry of individuals:
        Label (%Miss) Pop:  Inferred clusters
  1 TGCP_WM1    (0)    1 :  0.049 0.718 0.013 0.055 0.010 0.002 0.011 0.013 0.028 0.004 0.003 0.006 0.038 0.010 0.013 0.017 0.011 
  2 TGCP_WM10    (1)    1 :  0.072 0.436 0.024 0.124 0.003 0.002 0.018 0.011 0.077 0.004 0.005 0.007 0.111 0.009 0.041 0.046 0.009 
  3 TGCP_WM2    (0)    1 :  0.036 0.368 0.008 0.352 0.044 0.003 0.011 0.007 0.030 0.003 0.004 0.008 0.030 0.010 0.024 0.020 0.044 
  4 TGCP_WM3    (1)    1 :  0.030 0.760 0.008 0.055 0.002 0.002 0.011 0.025 0.021 0.003 0.004 0.005 0.029 0.006 0.015 0.020 0.003 
  5 TGCP_WM4    (0)    1 :  0.020 0.724 0.018 0.026 0.004 0.003 0.010 0.094 0.016 0.004 0.003 0.008 0.030 0.006 0.015 0.017 0.004 
  6 TGCP_WM5    (0)    1 :  0.025 0.690 0.009 0.055 0.016 0.003 0.010 0.017 0.030 0.011 0.005 0.011 0.039 0.008 0.035 0.013 0.023 
  7 TGCP_WM6    (0)    1 :  0.023 0.791 0.007 0.039 0.002 0.002 0.013 0.019 0.018 0.009 0.003 0.006 0.026 0.006 0.013 0.015 0.005 
  8 TGCP_WM7    (0)    1 :  0.037 0.202 0.018 0.512 0.005 0.002 0.011 0.007 0.022 0.020 0.008 0.028 0.051 0.007 0.041 0.021 0.007 
  9 TGCP_WM8    (0)    1 :  0.017 0.819 0.006 0.025 0.003 0.002 0.007 0.037 0.014 0.014 0.003 0.004 0.012 0.005 0.012 0.014 0.004 
 10 TGCP_WM9    (0)    1 :  0.011 0.888 0.005 0.010 0.003 0.002 0.004 0.032 0.006 0.002 0.004 0.005 0.011 0.004 0.006 0.006 0.003 
 11 MRLP_WM123    (3)    2 :  0.020 0.017 0.488 0.017 0.117 0.003 0.008 0.009 0.032 0.005 0.010 0.015 0.026 0.008 0.049 0.066 0.111 
 12 MRLP_WM124    (4)    2 :  0.048 0.010 0.730 0.026 0.002 0.002 0.016 0.007 0.031 0.004 0.005 0.007 0.039 0.007 0.021 0.041 0.003 
 13 MRLP_WM125    (1)    2 :  0.023 0.019 0.544 0.069 0.096 0.003 0.009 0.004 0.012 0.006 0.061 0.007 0.016 0.005 0.027 0.041 0.059 
 14 MRLP_WM126    (2)    2 :  0.202 0.009 0.008 0.039 0.002 0.002 0.024 0.004 0.195 0.004 0.002 0.008 0.280 0.007 0.062 0.146 0.003 
 15 MRLP_WM127    (3)    2 :  0.073 0.085 0.018 0.288 0.005 0.003 0.019 0.007 0.091 0.004 0.028 0.012 0.113 0.011 0.122 0.085 0.036 
 16 MRLP_WM128    (3)    2 :  0.011 0.005 0.910 0.008 0.002 0.002 0.007 0.004 0.009 0.002 0.005 0.004 0.013 0.005 0.006 0.004 0.002 
 17 MRLP_WM129    (7)    2 :  0.024 0.041 0.436 0.045 0.004 0.002 0.020 0.008 0.080 0.005 0.004 0.091 0.025 0.005 0.037 0.154 0.020 
 18 MRLP_WM130    (5)    2 :  0.035 0.061 0.526 0.104 0.002 0.002 0.009 0.005 0.019 0.003 0.003 0.008 0.042 0.007 0.062 0.101 0.011 
 19 STT_WM183    (2)    3 :  0.039 0.008 0.008 0.021 0.109 0.002 0.562 0.023 0.021 0.004 0.003 0.008 0.039 0.012 0.047 0.042 0.051 
 20 STT_WM184    (3)    3 :  0.042 0.008 0.012 0.018 0.012 0.003 0.522 0.007 0.075 0.005 0.006 0.035 0.093 0.011 0.022 0.117 0.010 
 21 STT_WM185   (15)    3 :  0.163 0.018 0.033 0.075 0.002 0.002 0.035 0.006 0.188 0.005 0.004 0.014 0.249 0.012 0.080 0.110 0.005 
 22 STT_WM186   (13)    3 :  0.181 0.015 0.015 0.045 0.002 0.002 0.026 0.006 0.195 0.005 0.003 0.011 0.279 0.008 0.070 0.133 0.004 
 23 STT_WM187   (13)    3 :  0.029 0.007 0.011 0.010 0.002 0.002 0.834 0.005 0.023 0.006 0.003 0.006 0.023 0.005 0.013 0.017 0.003 
 24 STT_WM188    (3)    3 :  0.014 0.006 0.006 0.006 0.003 0.001 0.905 0.004 0.012 0.003 0.003 0.004 0.011 0.005 0.006 0.009 0.003 
 25 STT_WM189    (0)    3 :  0.205 0.011 0.013 0.047 0.002 0.002 0.025 0.005 0.179 0.003 0.003 0.006 0.320 0.008 0.060 0.109 0.003 
 26 STT_WM190   (11)    3 :  0.019 0.007 0.005 0.012 0.002 0.002 0.834 0.003 0.013 0.003 0.003 0.006 0.028 0.004 0.012 0.043 0.002 
 27 STT_WM191    (7)    3 :  0.094 0.013 0.011 0.035 0.003 0.003 0.363 0.006 0.076 0.005 0.003 0.011 0.174 0.009 0.036 0.157 0.003 
 28 STT_WM192   (12)    3 :  0.012 0.005 0.005 0.010 0.008 0.003 0.635 0.004 0.083 0.003 0.004 0.054 0.033 0.005 0.010 0.115 0.009 
 29 FSSP_WM241    (3)    4 :  0.127 0.044 0.065 0.033 0.006 0.003 0.028 0.013 0.128 0.024 0.009 0.213 0.120 0.013 0.076 0.086 0.012 
 30 FSSP_WM242   (15)    4 :  0.204 0.012 0.011 0.045 0.002 0.003 0.032 0.006 0.184 0.005 0.003 0.010 0.287 0.011 0.052 0.130 0.004 
 31 FSSP_WM243    (6)    4 :  0.015 0.005 0.005 0.009 0.015 0.002 0.008 0.004 0.072 0.003 0.003 0.770 0.014 0.006 0.015 0.045 0.010 
 32 FSSP_WM244    (5)    4 :  0.114 0.039 0.203 0.054 0.006 0.003 0.024 0.023 0.077 0.073 0.017 0.101 0.069 0.011 0.118 0.056 0.014 
 33 FSSP_WM245   (10)    4 :  0.142 0.016 0.013 0.039 0.002 0.003 0.029 0.007 0.164 0.005 0.003 0.143 0.208 0.009 0.097 0.114 0.006 
 34 FSSP_WM246    (6)    4 :  0.186 0.017 0.033 0.044 0.006 0.003 0.064 0.014 0.131 0.006 0.007 0.086 0.207 0.017 0.062 0.109 0.009 
 35 FSSP_WM247    (3)    4 :  0.033 0.019 0.008 0.014 0.008 0.002 0.009 0.009 0.049 0.012 0.005 0.743 0.012 0.007 0.026 0.034 0.008 
 36 FSSP_WM248    (9)    4 :  0.018 0.006 0.010 0.007 0.003 0.003 0.012 0.020 0.014 0.013 0.004 0.834 0.020 0.006 0.011 0.012 0.004 
 37 FSSP_WM249    (6)    4 :  0.043 0.011 0.007 0.018 0.006 0.003 0.038 0.037 0.071 0.005 0.006 0.637 0.031 0.008 0.020 0.053 0.007 
 38 FSSP_WM250    (2)    4 :  0.088 0.013 0.149 0.024 0.019 0.002 0.022 0.052 0.100 0.004 0.018 0.325 0.053 0.008 0.028 0.071 0.024 
 39 HNL_WM301    (3)    5 :  0.014 0.005 0.006 0.009 0.002 0.887 0.006 0.005 0.010 0.003 0.002 0.005 0.015 0.011 0.008 0.008 0.003 
 40 HNL_WM302    (2)    5 :  0.011 0.004 0.004 0.004 0.002 0.937 0.004 0.003 0.005 0.003 0.002 0.002 0.006 0.005 0.004 0.004 0.002 
 41 HNL_WM303    (2)    5 :  0.019 0.006 0.009 0.009 0.003 0.876 0.008 0.004 0.014 0.004 0.003 0.004 0.013 0.007 0.007 0.010 0.003 
 42 HNL_WM304    (3)    5 :  0.027 0.014 0.010 0.013 0.003 0.797 0.013 0.006 0.021 0.005 0.004 0.008 0.029 0.021 0.016 0.012 0.003 
 43 HNL_WM305    (3)    5 :  0.009 0.005 0.006 0.006 0.005 0.911 0.007 0.004 0.007 0.003 0.003 0.004 0.008 0.006 0.006 0.006 0.005 
 44 HNL_WM306    (0)    5 :  0.011 0.004 0.005 0.007 0.004 0.915 0.006 0.004 0.008 0.003 0.002 0.004 0.006 0.009 0.005 0.007 0.004 
 45 HNL_WM307    (3)    5 :  0.016 0.007 0.004 0.010 0.002 0.891 0.005 0.004 0.011 0.002 0.002 0.005 0.012 0.008 0.009 0.009 0.003 
 46 HNL_WM308    (3)    5 :  0.014 0.008 0.007 0.009 0.002 0.878 0.009 0.004 0.012 0.003 0.003 0.004 0.012 0.014 0.007 0.011 0.002 
 47 HNL_WM309    (0)    5 :  0.027 0.006 0.008 0.010 0.009 0.817 0.011 0.004 0.019 0.004 0.004 0.007 0.019 0.016 0.017 0.012 0.009 
 48 HNL_WM310   (10)    5 :  0.019 0.005 0.006 0.014 0.003 0.859 0.009 0.005 0.013 0.004 0.004 0.007 0.013 0.010 0.011 0.016 0.004 
 49 MPO_WM482    (2)    6 :  0.022 0.007 0.008 0.010 0.002 0.003 0.878 0.004 0.016 0.003 0.002 0.004 0.011 0.007 0.007 0.011 0.003 
 50 MPO_WM483    (3)    6 :  0.170 0.016 0.012 0.036 0.004 0.002 0.252 0.005 0.113 0.006 0.004 0.010 0.134 0.009 0.127 0.088 0.011 
 51 MPO_WM484    (1)    6 :  0.103 0.013 0.008 0.032 0.002 0.002 0.521 0.004 0.094 0.004 0.003 0.007 0.101 0.010 0.043 0.047 0.004 
 52 MPO_WM485    (0)    6 :  0.056 0.008 0.007 0.018 0.008 0.002 0.669 0.006 0.030 0.005 0.004 0.010 0.018 0.005 0.112 0.021 0.020 
 53 MPO_WM486   (21)    6 :  0.201 0.023 0.018 0.078 0.002 0.003 0.032 0.007 0.157 0.006 0.005 0.012 0.254 0.011 0.071 0.116 0.004 
 54 MPO_WM487   (19)    6 :  0.088 0.015 0.014 0.048 0.003 0.003 0.371 0.005 0.066 0.005 0.003 0.009 0.174 0.014 0.039 0.138 0.006 
 55 MPO_WM488    (9)    6 :  0.234 0.012 0.009 0.036 0.002 0.002 0.046 0.006 0.153 0.004 0.003 0.008 0.253 0.009 0.081 0.139 0.003 
 56 MPO_WM489    (3)    6 :  0.025 0.065 0.013 0.016 0.003 0.002 0.760 0.021 0.019 0.003 0.006 0.005 0.020 0.007 0.014 0.015 0.004 
 57 MPO_WM490   (24)    6 :  0.179 0.012 0.019 0.041 0.002 0.003 0.047 0.008 0.176 0.005 0.005 0.008 0.261 0.009 0.087 0.133 0.005 
 58 MPO_WM491   (11)    6 :  0.238 0.012 0.029 0.038 0.002 0.003 0.022 0.006 0.174 0.003 0.003 0.008 0.258 0.008 0.077 0.114 0.004 
 59 OICP_WM541    (1)    7 :  0.013 0.094 0.007 0.807 0.002 0.002 0.006 0.004 0.015 0.003 0.002 0.004 0.019 0.005 0.006 0.007 0.003 
 60 OICP_WM542    (2)    7 :  0.027 0.140 0.006 0.738 0.002 0.002 0.008 0.004 0.015 0.003 0.003 0.004 0.016 0.006 0.010 0.012 0.002 
 61 OICP_WM543    (0)    7 :  0.026 0.143 0.006 0.738 0.001 0.002 0.010 0.003 0.015 0.003 0.003 0.004 0.019 0.005 0.011 0.009 0.002 
 62 OICP_WM544    (1)    7 :  0.069 0.130 0.038 0.254 0.006 0.002 0.024 0.005 0.108 0.004 0.004 0.007 0.028 0.005 0.165 0.082 0.070 
 63 OICP_WM545    (0)    7 :  0.035 0.126 0.010 0.686 0.002 0.002 0.011 0.004 0.025 0.003 0.003 0.005 0.036 0.006 0.017 0.027 0.002 
 64 OICP_WM546    (3)    7 :  0.067 0.067 0.017 0.443 0.002 0.002 0.014 0.004 0.079 0.004 0.003 0.008 0.115 0.008 0.079 0.078 0.010 
 65 OICP_WM547    (2)    7 :  0.088 0.049 0.015 0.366 0.002 0.002 0.015 0.005 0.097 0.004 0.003 0.007 0.143 0.009 0.090 0.091 0.013 
 66 OICP_WM548    (3)    7 :  0.016 0.137 0.007 0.742 0.002 0.002 0.009 0.004 0.014 0.003 0.002 0.005 0.024 0.006 0.008 0.017 0.001 
 67 OICP_WM549    (0)    7 :  0.015 0.144 0.004 0.769 0.002 0.002 0.006 0.005 0.011 0.003 0.002 0.003 0.012 0.004 0.007 0.007 0.002 
 68 OICP_WM550    (1)    7 :  0.026 0.108 0.005 0.757 0.002 0.002 0.007 0.004 0.014 0.004 0.003 0.005 0.023 0.005 0.011 0.021 0.003 
 69 IRO_WM601    (2)    8 :  0.037 0.309 0.033 0.100 0.008 0.003 0.021 0.083 0.058 0.035 0.005 0.038 0.072 0.009 0.082 0.068 0.041 
 70 IRO_WM602    (1)    8 :  0.069 0.095 0.058 0.259 0.007 0.003 0.018 0.008 0.123 0.005 0.006 0.016 0.104 0.007 0.120 0.075 0.026 
 71 IRO_WM603    (2)    8 :  0.031 0.094 0.021 0.018 0.021 0.002 0.012 0.256 0.030 0.241 0.005 0.051 0.032 0.007 0.042 0.055 0.083 
 72 IRO_WM604    (0)    8 :  0.031 0.010 0.501 0.010 0.122 0.002 0.011 0.009 0.019 0.008 0.018 0.022 0.027 0.006 0.063 0.016 0.127 
 73 IRO_WM605    (3)    8 :  0.026 0.158 0.647 0.007 0.002 0.002 0.011 0.046 0.015 0.003 0.011 0.004 0.025 0.007 0.014 0.018 0.003 
 74 IRO_WM606    (3)    8 :  0.069 0.007 0.564 0.017 0.006 0.002 0.038 0.014 0.049 0.008 0.033 0.021 0.072 0.009 0.038 0.046 0.009 
 75 IRO_WM607    (2)    8 :  0.103 0.014 0.158 0.045 0.010 0.003 0.019 0.048 0.160 0.006 0.019 0.083 0.098 0.009 0.092 0.084 0.049 
 76 IRO_WM608    (0)    8 :  0.050 0.114 0.023 0.082 0.067 0.002 0.012 0.054 0.077 0.012 0.016 0.057 0.053 0.008 0.086 0.133 0.155 
 77 IRO_WM609    (0)    8 :  0.113 0.032 0.107 0.044 0.088 0.002 0.021 0.021 0.123 0.020 0.018 0.041 0.134 0.008 0.094 0.069 0.065 
 78 IRO_WM610   (13)    8 :  0.115 0.013 0.051 0.020 0.012 0.003 0.198 0.006 0.124 0.039 0.042 0.106 0.104 0.014 0.033 0.109 0.012 
 79 HGRF_WM661    (5)    9 :  0.064 0.064 0.016 0.395 0.002 0.002 0.024 0.004 0.089 0.004 0.003 0.006 0.108 0.011 0.113 0.075 0.021 
 80 HGRF_WM662    (5)    9 :  0.197 0.010 0.010 0.043 0.002 0.002 0.024 0.005 0.209 0.004 0.003 0.009 0.262 0.013 0.056 0.145 0.005 
 81 HGRF_WM663    (4)    9 :  0.084 0.068 0.018 0.371 0.002 0.003 0.016 0.006 0.086 0.003 0.003 0.007 0.128 0.008 0.088 0.094 0.016 
 82 HGRF_WM664    (3)    9 :  0.178 0.020 0.011 0.089 0.002 0.002 0.020 0.004 0.191 0.004 0.003 0.007 0.275 0.008 0.062 0.121 0.004 
 83 HGRF_WM665    (1)    9 :  0.061 0.082 0.016 0.382 0.009 0.003 0.019 0.006 0.078 0.007 0.005 0.008 0.126 0.011 0.087 0.082 0.019 
 84 HGRF_WM666    (5)    9 :  0.219 0.012 0.011 0.042 0.002 0.002 0.025 0.004 0.201 0.003 0.003 0.007 0.281 0.010 0.072 0.102 0.004 
 85 HGRF_WM667    (0)    9 :  0.192 0.011 0.009 0.052 0.002 0.002 0.023 0.005 0.187 0.003 0.002 0.007 0.289 0.009 0.058 0.145 0.004 
 86 HGRF_WM668    (4)    9 :  0.101 0.055 0.015 0.375 0.002 0.002 0.015 0.006 0.083 0.004 0.003 0.006 0.135 0.010 0.095 0.079 0.014 
 87 HGRF_WM669    (5)    9 :  0.217 0.013 0.010 0.043 0.002 0.002 0.039 0.005 0.190 0.004 0.003 0.006 0.251 0.008 0.082 0.120 0.004 
 88 HGRF_WM670    (9)    9 :  0.203 0.030 0.012 0.103 0.002 0.002 0.021 0.005 0.173 0.004 0.003 0.007 0.233 0.008 0.071 0.118 0.006 
 89 PTP_WM721    (2)   10 :  0.228 0.025 0.016 0.039 0.011 0.003 0.045 0.007 0.194 0.006 0.006 0.014 0.169 0.019 0.051 0.148 0.019 
 90 PTP_WM722    (2)   10 :  0.576 0.014 0.005 0.014 0.011 0.002 0.018 0.006 0.030 0.005 0.006 0.009 0.058 0.008 0.209 0.019 0.010 
 91 PTP_WM723   (25)   10 :  0.224 0.017 0.028 0.059 0.002 0.003 0.042 0.008 0.171 0.004 0.004 0.007 0.235 0.014 0.077 0.101 0.004 
 92 PTP_WM724   (13)   10 :  0.196 0.011 0.012 0.041 0.002 0.002 0.031 0.006 0.166 0.004 0.003 0.007 0.292 0.013 0.076 0.134 0.003 
 93 PTP_WM725   (25)   10 :  0.211 0.017 0.013 0.040 0.002 0.002 0.041 0.006 0.176 0.005 0.003 0.017 0.257 0.017 0.073 0.116 0.005 
 94 PTP_WM726   (13)   10 :  0.198 0.016 0.020 0.054 0.002 0.002 0.029 0.008 0.186 0.005 0.003 0.006 0.274 0.009 0.059 0.124 0.005 
 95 PTP_WM727   (10)   10 :  0.265 0.011 0.031 0.039 0.002 0.002 0.029 0.005 0.172 0.005 0.003 0.006 0.236 0.009 0.067 0.111 0.005 
 96 PTP_WM728    (8)   10 :  0.198 0.013 0.010 0.052 0.002 0.002 0.027 0.005 0.185 0.004 0.003 0.007 0.274 0.010 0.065 0.138 0.005 
 97 PTP_WM729    (9)   10 :  0.623 0.009 0.008 0.019 0.002 0.002 0.010 0.004 0.026 0.004 0.003 0.006 0.044 0.005 0.214 0.019 0.002 
 98 PTP_WM730    (8)   10 :  0.660 0.005 0.007 0.008 0.002 0.002 0.012 0.003 0.011 0.003 0.003 0.005 0.016 0.004 0.244 0.013 0.002 
 99 RRL_WM782    (9)   11 :  0.209 0.014 0.012 0.031 0.002 0.002 0.026 0.005 0.186 0.004 0.003 0.007 0.305 0.008 0.063 0.119 0.003 
100 RRL_WM783    (8)   11 :  0.022 0.034 0.008 0.014 0.004 0.002 0.015 0.791 0.019 0.013 0.006 0.015 0.024 0.007 0.012 0.008 0.006 
101 RRL_WM784    (1)   11 :  0.037 0.009 0.028 0.016 0.004 0.002 0.016 0.733 0.033 0.013 0.008 0.006 0.044 0.006 0.017 0.019 0.008 
102 RRL_WM785    (1)   11 :  0.213 0.008 0.009 0.033 0.002 0.002 0.022 0.004 0.196 0.003 0.003 0.005 0.293 0.009 0.059 0.134 0.005 
103 RRL_WM786    (2)   11 :  0.009 0.009 0.102 0.009 0.008 0.002 0.007 0.718 0.010 0.005 0.025 0.045 0.009 0.006 0.011 0.013 0.013 
104 RRL_WM787    (3)   11 :  0.020 0.063 0.016 0.052 0.010 0.002 0.008 0.630 0.020 0.010 0.009 0.009 0.022 0.008 0.034 0.057 0.031 
105 RRL_WM788    (0)   11 :  0.011 0.005 0.005 0.009 0.141 0.002 0.006 0.675 0.009 0.006 0.003 0.011 0.007 0.004 0.028 0.016 0.061 
106 RRL_WM789    (2)   11 :  0.009 0.024 0.013 0.005 0.003 0.002 0.006 0.883 0.007 0.012 0.006 0.004 0.008 0.004 0.003 0.006 0.003 
107 RRL_WM790    (0)   11 :  0.039 0.012 0.169 0.013 0.123 0.003 0.011 0.380 0.025 0.006 0.018 0.008 0.029 0.009 0.035 0.026 0.095 
108 RRL_WM791    (0)   11 :  0.060 0.039 0.012 0.029 0.010 0.002 0.016 0.573 0.047 0.005 0.005 0.036 0.054 0.009 0.029 0.060 0.014 
109 RRO_WM842    (0)   12 :  0.028 0.016 0.065 0.012 0.005 0.002 0.016 0.721 0.023 0.006 0.009 0.042 0.020 0.005 0.010 0.015 0.003 
110 RRO_WM843    (7)   12 :  0.024 0.020 0.049 0.009 0.015 0.002 0.013 0.449 0.020 0.280 0.008 0.011 0.019 0.009 0.031 0.014 0.024 
111 RRO_WM844    (2)   12 :  0.061 0.016 0.230 0.029 0.003 0.002 0.015 0.036 0.067 0.351 0.007 0.008 0.072 0.011 0.015 0.070 0.007 
112 RRO_WM845    (4)   12 :  0.016 0.008 0.006 0.006 0.002 0.002 0.006 0.860 0.010 0.034 0.003 0.005 0.015 0.006 0.009 0.011 0.003 
113 RRO_WM846   (10)   12 :  0.046 0.012 0.010 0.029 0.005 0.002 0.027 0.639 0.045 0.013 0.005 0.023 0.060 0.011 0.030 0.037 0.006 
114 RRO_WM847    (6)   12 :  0.047 0.028 0.085 0.018 0.005 0.002 0.013 0.572 0.032 0.060 0.010 0.019 0.036 0.011 0.028 0.026 0.007 
115 RRO_WM848    (4)   12 :  0.103 0.042 0.016 0.033 0.009 0.003 0.034 0.316 0.091 0.013 0.004 0.070 0.123 0.012 0.057 0.067 0.009 
116 RRO_WM849    (5)   12 :  0.038 0.252 0.017 0.018 0.003 0.002 0.012 0.521 0.029 0.011 0.004 0.006 0.029 0.007 0.022 0.025 0.004 
117 RRO_WM850    (2)   12 :  0.031 0.012 0.022 0.021 0.003 0.002 0.014 0.771 0.023 0.004 0.004 0.008 0.035 0.008 0.018 0.022 0.003 
118 RRO_WM851    (1)   12 :  0.079 0.013 0.026 0.043 0.004 0.003 0.019 0.430 0.076 0.054 0.005 0.009 0.110 0.012 0.033 0.078 0.004 
119 CPS_WM901    (2)   13 :  0.017 0.008 0.017 0.012 0.002 0.002 0.008 0.020 0.008 0.853 0.005 0.007 0.011 0.006 0.009 0.012 0.004 
120 CPS_WM902    (2)   13 :  0.014 0.037 0.007 0.042 0.003 0.002 0.005 0.007 0.012 0.821 0.011 0.005 0.012 0.004 0.006 0.008 0.003 
121 CPS_WM903    (5)   13 :  0.011 0.004 0.013 0.006 0.003 0.002 0.005 0.013 0.006 0.895 0.012 0.004 0.008 0.004 0.007 0.006 0.003 
122 CPS_WM904    (1)   13 :  0.022 0.006 0.005 0.009 0.022 0.003 0.007 0.009 0.009 0.823 0.016 0.010 0.013 0.005 0.011 0.015 0.014 
123 CPS_WM905    (2)   13 :  0.011 0.007 0.004 0.007 0.033 0.002 0.014 0.008 0.012 0.793 0.009 0.016 0.008 0.004 0.010 0.024 0.038 
124 CPS_WM906    (3)   13 :  0.025 0.013 0.007 0.011 0.003 0.002 0.009 0.007 0.018 0.844 0.003 0.004 0.024 0.004 0.012 0.011 0.003 
125 CPS_WM907    (6)   13 :  0.040 0.013 0.011 0.016 0.002 0.002 0.018 0.009 0.031 0.718 0.004 0.007 0.061 0.012 0.017 0.034 0.004 
126 CPS_WM908    (3)   13 :  0.054 0.016 0.017 0.021 0.006 0.002 0.035 0.011 0.041 0.686 0.007 0.008 0.042 0.012 0.022 0.014 0.006 
127 CPS_WM909    (2)   13 :  0.045 0.011 0.010 0.022 0.003 0.002 0.012 0.009 0.016 0.757 0.004 0.017 0.033 0.009 0.029 0.020 0.003 
128 CPS_WM910    (1)   13 :  0.027 0.007 0.008 0.008 0.010 0.002 0.010 0.006 0.013 0.850 0.003 0.005 0.012 0.007 0.016 0.008 0.008 
129 PPNP_WM962    (1)   14 :  0.009 0.004 0.004 0.007 0.004 0.004 0.005 0.003 0.008 0.002 0.002 0.004 0.008 0.924 0.006 0.004 0.003 
130 PPNP_WM963    (0)   14 :  0.048 0.011 0.010 0.016 0.006 0.012 0.013 0.006 0.031 0.007 0.004 0.010 0.053 0.707 0.024 0.032 0.009 
131 PPNP_WM964    (0)   14 :  0.013 0.006 0.006 0.011 0.011 0.054 0.008 0.005 0.009 0.003 0.003 0.003 0.012 0.825 0.009 0.011 0.010 
132 PPNP_WM965    (4)   14 :  0.026 0.009 0.007 0.009 0.002 0.002 0.013 0.004 0.023 0.003 0.003 0.007 0.022 0.835 0.017 0.015 0.002 
133 PPNP_WM966    (4)   14 :  0.011 0.004 0.004 0.007 0.002 0.002 0.006 0.003 0.009 0.002 0.003 0.004 0.008 0.921 0.005 0.007 0.003 
134 PPNP_WM967    (4)   14 :  0.059 0.014 0.010 0.031 0.002 0.003 0.015 0.004 0.029 0.004 0.003 0.007 0.051 0.688 0.028 0.047 0.004 
135 PPNP_WM968    (5)   14 :  0.152 0.017 0.016 0.050 0.007 0.013 0.052 0.009 0.166 0.005 0.004 0.017 0.206 0.087 0.065 0.127 0.008 
136 PPNP_WM969    (2)   14 :  0.048 0.010 0.012 0.017 0.002 0.002 0.023 0.004 0.038 0.005 0.003 0.008 0.034 0.733 0.025 0.033 0.003 
137 PPNP_WM970    (2)   14 :  0.054 0.008 0.009 0.025 0.003 0.004 0.020 0.006 0.052 0.004 0.003 0.007 0.071 0.674 0.023 0.032 0.006 
138 PPNP_WM971    (2)   14 :  0.059 0.008 0.011 0.017 0.002 0.002 0.016 0.006 0.033 0.004 0.002 0.005 0.070 0.712 0.016 0.032 0.003 
139 FPPI_WM1021    (4)   15 :  0.030 0.010 0.007 0.012 0.009 0.003 0.018 0.006 0.031 0.004 0.004 0.010 0.034 0.785 0.013 0.018 0.006 
140 FPPI_WM1022    (4)   15 :  0.043 0.010 0.009 0.028 0.006 0.015 0.259 0.006 0.045 0.005 0.004 0.008 0.026 0.473 0.030 0.025 0.006 
141 FPPI_WM1023    (1)   15 :  0.044 0.010 0.008 0.019 0.002 0.005 0.015 0.005 0.024 0.005 0.003 0.005 0.028 0.783 0.021 0.022 0.003 
142 FPPI_WM1024    (5)   15 :  0.056 0.013 0.010 0.016 0.002 0.003 0.021 0.005 0.053 0.004 0.003 0.007 0.069 0.687 0.025 0.023 0.003 
143 FPPI_WM1025    (6)   15 :  0.045 0.011 0.014 0.031 0.002 0.004 0.015 0.007 0.052 0.003 0.003 0.010 0.046 0.710 0.024 0.020 0.003 
144 FPPI_WM1026    (1)   15 :  0.015 0.004 0.008 0.006 0.002 0.003 0.008 0.003 0.010 0.003 0.003 0.005 0.012 0.905 0.007 0.006 0.003 
145 FPPI_WM1027    (3)   15 :  0.009 0.006 0.005 0.007 0.002 0.002 0.005 0.003 0.008 0.003 0.002 0.004 0.012 0.919 0.006 0.007 0.002 
146 FPPI_WM1028    (2)   15 :  0.020 0.006 0.008 0.010 0.002 0.005 0.008 0.004 0.013 0.003 0.002 0.005 0.018 0.866 0.012 0.016 0.002 
147 FPPI_WM1029    (3)   15 :  0.125 0.009 0.015 0.039 0.002 0.029 0.030 0.006 0.094 0.005 0.004 0.009 0.131 0.408 0.047 0.043 0.003 
148 FPPI_WM1030    (1)   15 :  0.014 0.005 0.006 0.006 0.022 0.005 0.007 0.005 0.011 0.003 0.004 0.006 0.019 0.854 0.013 0.010 0.011 
149 CRWA_WM1082    (2)   16 :  0.009 0.004 0.005 0.007 0.002 0.002 0.006 0.003 0.221 0.003 0.003 0.485 0.007 0.003 0.006 0.231 0.005 
150 CRWA_WM1084    (5)   16 :  0.036 0.027 0.009 0.131 0.003 0.003 0.011 0.005 0.216 0.004 0.007 0.146 0.055 0.008 0.166 0.122 0.053 
151 CRWA_WM1085    (2)   16 :  0.049 0.009 0.008 0.065 0.003 0.002 0.023 0.008 0.200 0.004 0.008 0.198 0.068 0.006 0.198 0.106 0.047 
152 CRWA_WM1086    (9)   16 :  0.112 0.015 0.018 0.059 0.006 0.002 0.112 0.028 0.126 0.004 0.004 0.073 0.092 0.011 0.197 0.090 0.049 
153 CRWA_WM1087    (0)   16 :  0.066 0.010 0.013 0.020 0.069 0.003 0.027 0.006 0.190 0.013 0.016 0.190 0.062 0.008 0.051 0.206 0.050 
154 CRWA_WM1088    (1)   16 :  0.037 0.041 0.009 0.148 0.017 0.003 0.048 0.007 0.148 0.005 0.010 0.025 0.063 0.007 0.290 0.067 0.076 
155 CRWA_WM1089    (3)   16 :  0.074 0.031 0.016 0.039 0.002 0.002 0.040 0.004 0.198 0.005 0.005 0.307 0.086 0.011 0.032 0.144 0.005 
156 CRWA_WM1090    (0)   16 :  0.071 0.012 0.184 0.039 0.009 0.003 0.017 0.016 0.195 0.004 0.050 0.086 0.106 0.006 0.064 0.111 0.028 
157 CRWA_WM1092    (1)   16 :  0.060 0.018 0.013 0.020 0.104 0.002 0.017 0.007 0.186 0.005 0.012 0.225 0.045 0.008 0.045 0.185 0.047 
158 CRWA_WM1093    (1)   16 :  0.031 0.032 0.018 0.076 0.035 0.003 0.012 0.007 0.178 0.004 0.006 0.275 0.038 0.008 0.035 0.206 0.036 
159 PCRA_WM1141    (3)   17 :  0.042 0.009 0.159 0.026 0.004 0.002 0.020 0.009 0.028 0.004 0.525 0.087 0.037 0.008 0.019 0.018 0.004 
160 PCRA_WM1142    (3)   17 :  0.062 0.009 0.021 0.028 0.002 0.002 0.018 0.006 0.046 0.005 0.641 0.010 0.082 0.009 0.020 0.033 0.005 
161 PCRA_WM1143    (1)   17 :  0.108 0.010 0.089 0.026 0.003 0.003 0.027 0.007 0.075 0.005 0.419 0.009 0.098 0.009 0.059 0.050 0.003 
162 PCRA_WM1144    (2)   17 :  0.055 0.244 0.011 0.023 0.003 0.002 0.018 0.438 0.043 0.017 0.017 0.007 0.058 0.009 0.019 0.032 0.006 
163 PCRA_WM1145    (4)   17 :  0.138 0.016 0.047 0.054 0.007 0.002 0.029 0.009 0.074 0.019 0.321 0.031 0.103 0.014 0.080 0.052 0.006 
164 PCRA_WM1146    (2)   17 :  0.012 0.046 0.011 0.007 0.009 0.002 0.008 0.013 0.028 0.005 0.751 0.042 0.013 0.005 0.012 0.026 0.010 
165 PCRA_WM1147    (1)   17 :  0.054 0.011 0.085 0.095 0.003 0.002 0.017 0.006 0.144 0.003 0.086 0.027 0.114 0.006 0.225 0.079 0.044 
166 PCRA_WM1148    (0)   17 :  0.012 0.008 0.025 0.009 0.011 0.002 0.007 0.005 0.009 0.003 0.862 0.005 0.008 0.004 0.008 0.009 0.013 
167 PCRA_WM1149    (1)   17 :  0.017 0.019 0.007 0.019 0.015 0.002 0.008 0.019 0.014 0.087 0.733 0.006 0.009 0.007 0.009 0.012 0.015 
168 PCRA_WM1150    (0)   17 :  0.015 0.026 0.015 0.015 0.015 0.005 0.007 0.013 0.013 0.005 0.802 0.005 0.012 0.004 0.013 0.011 0.024 
169 DHFA_WM1202    (3)   18 :  0.050 0.016 0.011 0.022 0.003 0.689 0.037 0.005 0.041 0.005 0.005 0.010 0.046 0.011 0.021 0.023 0.005 
170 DHFA_WM1203    (1)   18 :  0.060 0.012 0.011 0.025 0.004 0.707 0.016 0.007 0.027 0.005 0.005 0.010 0.043 0.021 0.020 0.024 0.005 
171 DHFA_WM1204    (2)   18 :  0.039 0.012 0.011 0.022 0.003 0.727 0.019 0.006 0.024 0.005 0.004 0.012 0.045 0.013 0.025 0.027 0.004 
172 DHFA_WM1205    (5)   18 :  0.010 0.005 0.007 0.006 0.003 0.912 0.007 0.003 0.009 0.003 0.002 0.004 0.008 0.005 0.005 0.007 0.004 
173 DHFA_WM1206    (4)   18 :  0.015 0.004 0.005 0.010 0.002 0.880 0.010 0.004 0.010 0.003 0.003 0.005 0.019 0.006 0.009 0.011 0.004 
174 DHFA_WM1207    (2)   18 :  0.008 0.004 0.004 0.005 0.002 0.929 0.006 0.003 0.005 0.002 0.002 0.003 0.008 0.004 0.005 0.007 0.003 
175 DHFA_WM1208    (3)   18 :  0.013 0.005 0.006 0.009 0.003 0.895 0.011 0.004 0.009 0.003 0.003 0.005 0.011 0.007 0.007 0.007 0.003 
176 DHFA_WM1209    (1)   18 :  0.008 0.006 0.005 0.005 0.009 0.908 0.007 0.003 0.006 0.004 0.004 0.004 0.007 0.005 0.005 0.006 0.007 
177 DHFA_WM1210    (0)   18 :  0.004 0.003 0.003 0.003 0.007 0.950 0.004 0.002 0.004 0.002 0.002 0.002 0.003 0.002 0.004 0.003 0.004 
178 DHFA_WM1211    (2)   18 :  0.032 0.016 0.012 0.020 0.003 0.724 0.022 0.007 0.036 0.005 0.004 0.006 0.050 0.013 0.026 0.021 0.004 


Estimated Allele Frequencies in each cluster
First column gives estimated ancestral frequencies


Locus 1 : 953_21 
2 alleles
4.5% missing data
 120   (0.961) 1.000 0.999 0.999 1.000 0.961 0.997 0.999 0.998 0.999 0.997 0.995 0.998 1.000 0.894 0.989 0.995 0.969 
 100   (0.039) 0.000 0.001 0.001 0.000 0.039 0.003 0.001 0.002 0.001 0.003 0.005 0.002 0.000 0.106 0.011 0.005 0.031 

Locus 2 : 2370_26 
2 alleles
6.2% missing data
 110   (0.960) 1.000 0.999 0.999 1.000 0.960 0.997 0.999 0.997 0.999 0.997 0.995 0.998 1.000 0.780 0.988 0.995 0.969 
 130   (0.040) 0.000 0.001 0.001 0.000 0.040 0.003 0.001 0.003 0.001 0.003 0.005 0.002 0.000 0.220 0.012 0.005 0.031 

Locus 3 : 2692_87 
2 alleles
1.7% missing data
 130   (0.958) 1.000 0.999 0.999 1.000 0.958 0.764 0.999 0.998 0.999 0.997 0.995 0.998 1.000 0.999 0.988 0.996 0.967 
 120   (0.042) 0.000 0.001 0.001 0.000 0.042 0.236 0.001 0.002 0.001 0.003 0.005 0.002 0.000 0.001 0.012 0.004 0.033 

Locus 4 : 2828_58 
2 alleles
6.7% missing data
 100   (0.932) 0.999 0.992 0.998 0.994 0.932 0.995 0.997 0.994 0.995 0.994 0.823 0.992 0.999 0.997 0.967 0.981 0.917 
 120   (0.068) 0.001 0.008 0.002 0.006 0.068 0.005 0.003 0.006 0.005 0.006 0.177 0.008 0.001 0.003 0.033 0.019 0.083 

Locus 5 : 6398_73 
2 alleles
6.2% missing data
 130   (0.928) 0.999 0.998 0.999 0.999 0.928 0.640 0.998 0.996 0.998 0.995 0.991 0.995 1.000 0.787 0.979 0.992 0.942 
 100   (0.072) 0.001 0.002 0.001 0.001 0.072 0.360 0.002 0.004 0.002 0.005 0.009 0.005 0.000 0.213 0.021 0.008 0.058 

Locus 6 : 7469_71 
2 alleles
5.1% missing data
 130   (0.961) 0.990 0.998 0.999 0.999 0.961 0.997 0.998 0.997 0.999 0.996 0.993 0.996 0.999 0.998 0.979 0.995 0.966 
 110   (0.039) 0.010 0.002 0.001 0.001 0.039 0.003 0.002 0.003 0.001 0.004 0.007 0.004 0.001 0.002 0.021 0.005 0.034 

Locus 7 : 7615_47 
2 alleles
5.1% missing data
 130   (0.962) 0.996 0.997 0.999 0.999 0.962 0.996 0.997 0.997 0.996 0.996 0.993 0.996 0.998 0.998 0.986 0.991 0.965 
 100   (0.038) 0.004 0.003 0.001 0.001 0.038 0.004 0.003 0.003 0.004 0.004 0.007 0.004 0.002 0.002 0.014 0.009 0.035 

Locus 8 : 8211_10 
2 alleles
2.8% missing data
 120   (0.961) 1.000 0.999 0.999 1.000 0.961 0.936 0.999 0.998 0.999 0.997 0.995 0.998 1.000 0.999 0.990 0.996 0.970 
 100   (0.039) 0.000 0.001 0.001 0.000 0.039 0.064 0.001 0.002 0.001 0.003 0.005 0.002 0.000 0.001 0.010 0.004 0.030 

Locus 9 : 8394_14 
2 alleles
2.2% missing data
 110   (0.957) 1.000 0.999 0.999 1.000 0.957 0.997 0.998 0.997 0.999 0.997 0.995 0.998 1.000 0.856 0.987 0.996 0.966 
 130   (0.043) 0.000 0.001 0.001 0.000 0.043 0.003 0.002 0.003 0.001 0.003 0.005 0.002 0.000 0.144 0.013 0.004 0.034 

Locus 10 : 9621_63 
2 alleles
3.9% missing data
 130   (0.959) 1.000 0.999 0.999 1.000 0.959 0.939 0.999 0.998 0.999 0.997 0.995 0.998 1.000 0.999 0.989 0.996 0.968 
 110   (0.041) 0.000 0.001 0.001 0.000 0.041 0.061 0.001 0.002 0.001 0.003 0.005 0.002 0.000 0.001 0.011 0.004 0.032 

Locus 11 : 9880_35 
2 alleles
4.5% missing data
 120   (0.954) 1.000 0.999 0.999 1.000 0.954 0.704 0.999 0.997 0.999 0.996 0.995 0.998 1.000 0.999 0.987 0.995 0.964 
 100   (0.046) 0.000 0.001 0.001 0.000 0.046 0.296 0.001 0.003 0.001 0.004 0.005 0.002 0.000 0.001 0.013 0.005 0.036 

Locus 12 : 11163_16 
2 alleles
7.9% missing data
 130   (0.960) 1.000 0.999 0.999 1.000 0.960 0.914 0.999 0.998 0.999 0.997 0.995 0.998 1.000 0.999 0.988 0.996 0.968 
 110   (0.040) 0.000 0.001 0.001 0.000 0.040 0.086 0.001 0.002 0.001 0.003 0.005 0.002 0.000 0.001 0.012 0.004 0.032 

Locus 13 : 11991_31 
2 alleles
4.5% missing data
 120   (0.935) 0.999 0.996 0.994 0.999 0.934 0.995 0.998 0.978 0.992 0.995 0.986 0.983 0.999 0.997 0.969 0.980 0.913 
 100   (0.065) 0.001 0.004 0.006 0.001 0.066 0.005 0.002 0.022 0.008 0.005 0.014 0.017 0.001 0.003 0.031 0.020 0.087 

Locus 14 : 12766_17 
2 alleles
2.2% missing data
 120   (0.961) 1.000 0.999 0.999 1.000 0.961 0.997 0.999 0.997 0.999 0.994 0.933 0.998 1.000 0.999 0.990 0.996 0.969 
 100   (0.039) 0.000 0.001 0.001 0.000 0.039 0.003 0.001 0.003 0.001 0.006 0.067 0.002 0.000 0.001 0.010 0.004 0.031 

Locus 15 : 13496_14 
2 alleles
5.1% missing data
 110   (0.958) 1.000 0.999 0.999 1.000 0.958 0.997 0.999 0.998 0.999 0.681 0.995 0.998 1.000 0.999 0.988 0.995 0.967 
 100   (0.042) 0.000 0.001 0.001 0.000 0.042 0.003 0.001 0.002 0.001 0.319 0.005 0.002 0.000 0.001 0.012 0.005 0.033 

Locus 16 : 14394_41 
2 alleles
2.2% missing data
 130   (0.964) 1.000 0.999 0.999 1.000 0.964 0.997 0.999 0.998 0.999 0.997 0.930 0.998 1.000 0.999 0.990 0.996 0.971 
 110   (0.036) 0.000 0.001 0.001 0.000 0.036 0.003 0.001 0.002 0.001 0.003 0.070 0.002 0.000 0.001 0.010 0.004 0.029 

Locus 17 : 16285_24 
2 alleles
6.2% missing data
 130   (0.958) 1.000 0.999 0.999 1.000 0.958 0.874 0.999 0.998 0.999 0.997 0.995 0.997 1.000 0.999 0.989 0.996 0.967 
 100   (0.042) 0.000 0.001 0.001 0.000 0.042 0.126 0.001 0.002 0.001 0.003 0.005 0.003 0.000 0.001 0.011 0.004 0.033 

Locus 18 : 18821_69 
2 alleles
7.3% missing data
 120   (0.957) 0.999 0.999 0.999 1.000 0.958 0.997 0.697 0.997 0.999 0.997 0.995 0.998 0.999 0.999 0.987 0.994 0.965 
 110   (0.043) 0.001 0.001 0.001 0.000 0.042 0.003 0.303 0.003 0.001 0.003 0.005 0.002 0.001 0.001 0.013 0.006 0.035 

Locus 19 : 19006_32 
2 alleles
6.7% missing data
 120   (0.929) 0.999 0.998 0.999 0.999 0.929 0.659 0.998 0.996 0.999 0.994 0.991 0.996 1.000 0.789 0.979 0.991 0.945 
 110   (0.071) 0.001 0.002 0.001 0.001 0.071 0.341 0.002 0.004 0.001 0.006 0.009 0.004 0.000 0.211 0.021 0.009 0.055 

Locus 20 : 19602_58 
2 alleles
4.5% missing data
 120   (0.963) 1.000 0.999 0.999 1.000 0.963 0.973 0.999 0.998 0.999 0.997 0.995 0.998 1.000 0.999 0.988 0.996 0.970 
 100   (0.037) 0.000 0.001 0.001 0.000 0.037 0.027 0.001 0.002 0.001 0.003 0.005 0.002 0.000 0.001 0.012 0.004 0.030 

Locus 21 : 20143_24 
2 alleles
3.4% missing data
 120   (0.963) 1.000 0.999 0.999 1.000 0.963 0.997 0.999 0.998 0.999 0.967 0.995 0.998 1.000 0.999 0.989 0.994 0.966 
 100   (0.037) 0.000 0.001 0.001 0.000 0.037 0.003 0.001 0.002 0.001 0.033 0.005 0.002 0.000 0.001 0.011 0.006 0.034 

Locus 22 : 21661_29 
2 alleles
2.2% missing data
 120   (0.960) 1.000 0.999 0.999 1.000 0.960 0.892 0.999 0.998 0.999 0.997 0.995 0.998 1.000 0.999 0.989 0.995 0.970 
 100   (0.040) 0.000 0.001 0.001 0.000 0.040 0.108 0.001 0.002 0.001 0.003 0.005 0.002 0.000 0.001 0.011 0.005 0.030 

Locus 23 : 22603_12 
2 alleles
5.1% missing data
 130   (0.960) 1.000 0.999 0.999 1.000 0.960 0.945 0.999 0.998 0.999 0.997 0.995 0.998 1.000 0.999 0.989 0.995 0.969 
 110   (0.040) 0.000 0.001 0.001 0.000 0.040 0.055 0.001 0.002 0.001 0.003 0.005 0.002 0.000 0.001 0.011 0.005 0.031 

Locus 24 : 25109_23 
2 alleles
1.7% missing data
 120   (0.941) 0.999 0.997 0.993 0.999 0.941 0.995 0.998 0.996 0.998 0.994 0.953 0.714 1.000 0.998 0.983 0.992 0.951 
 100   (0.059) 0.001 0.003 0.007 0.001 0.059 0.005 0.002 0.004 0.002 0.006 0.047 0.286 0.000 0.002 0.017 0.008 0.049 

Locus 25 : 25511_77 
2 alleles
5.1% missing data
 130   (0.960) 1.000 0.999 0.999 1.000 0.960 0.996 0.999 0.998 0.999 0.997 0.995 0.998 1.000 0.936 0.988 0.995 0.968 
 110   (0.040) 0.000 0.001 0.001 0.000 0.040 0.004 0.001 0.002 0.001 0.003 0.005 0.002 0.000 0.064 0.012 0.005 0.032 

Locus 26 : 26816_9 
2 alleles
5.6% missing data
 110   (0.873) 0.998 0.980 0.972 0.996 0.873 0.990 0.995 0.807 0.943 0.980 0.981 0.643 0.999 0.996 0.917 0.898 0.830 
 130   (0.127) 0.002 0.020 0.028 0.004 0.127 0.010 0.005 0.193 0.057 0.020 0.019 0.357 0.001 0.004 0.083 0.102 0.170 

Locus 27 : 29455_86 
2 alleles
5.6% missing data
 120   (0.961) 1.000 0.999 0.995 0.999 0.960 0.997 0.999 0.998 0.999 0.997 0.989 0.998 1.000 0.999 0.986 0.994 0.959 
 110   (0.039) 0.000 0.001 0.005 0.001 0.040 0.003 0.001 0.002 0.001 0.003 0.011 0.002 0.000 0.001 0.014 0.006 0.041 

Locus 28 : 30970_30 
2 alleles
6.7% missing data
 120   (0.963) 0.999 0.999 0.999 1.000 0.963 0.997 0.999 0.998 0.999 0.959 0.994 0.998 1.000 0.999 0.988 0.996 0.970 
 110   (0.037) 0.001 0.001 0.001 0.000 0.037 0.003 0.001 0.002 0.001 0.041 0.006 0.002 0.000 0.001 0.012 0.004 0.030 

Locus 29 : 33052_5 
2 alleles
1.1% missing data
 130   (0.960) 0.999 0.999 0.999 1.000 0.960 0.997 0.975 0.998 0.995 0.997 0.994 0.994 1.000 0.999 0.988 0.985 0.967 
 110   (0.040) 0.001 0.001 0.001 0.000 0.040 0.003 0.025 0.002 0.005 0.003 0.006 0.006 0.000 0.001 0.012 0.015 0.033 

Locus 30 : 33744_32 
2 alleles
2.8% missing data
 130   (0.955) 1.000 0.999 0.999 1.000 0.955 0.997 0.874 0.997 0.999 0.997 0.994 0.998 1.000 0.999 0.987 0.993 0.963 
 110   (0.045) 0.000 0.001 0.001 0.000 0.045 0.003 0.126 0.003 0.001 0.003 0.006 0.002 0.000 0.001 0.013 0.007 0.037 

Locus 31 : 34805_8 
2 alleles
4.5% missing data
 110   (0.945) 1.000 0.998 0.994 0.999 0.945 0.996 0.999 0.997 0.999 0.996 0.747 0.997 1.000 0.998 0.984 0.993 0.950 
 120   (0.055) 0.000 0.002 0.006 0.001 0.055 0.004 0.001 0.003 0.001 0.004 0.253 0.003 0.000 0.002 0.016 0.007 0.050 

Locus 32 : 35345_10 
2 alleles
5.1% missing data
 130   (0.958) 0.993 0.998 0.999 0.999 0.958 0.997 0.946 0.997 0.997 0.996 0.994 0.997 0.999 0.999 0.973 0.990 0.961 
 110   (0.042) 0.007 0.002 0.001 0.001 0.042 0.003 0.054 0.003 0.003 0.004 0.006 0.003 0.001 0.001 0.027 0.010 0.039 

Locus 33 : 35769_30 
2 alleles
6.2% missing data
 110   (0.947) 0.999 0.998 0.999 1.000 0.947 0.996 0.999 0.997 0.998 0.961 0.926 0.995 1.000 0.998 0.984 0.993 0.956 
 100   (0.053) 0.001 0.002 0.001 0.000 0.053 0.004 0.001 0.003 0.002 0.039 0.074 0.005 0.000 0.002 0.016 0.007 0.044 

Locus 34 : 35965_89 
2 alleles
3.4% missing data
 130   (0.964) 1.000 0.998 0.999 0.999 0.964 0.997 0.999 0.998 0.992 0.997 0.995 0.986 1.000 0.999 0.988 0.981 0.971 
 100   (0.036) 0.000 0.002 0.001 0.001 0.036 0.003 0.001 0.002 0.008 0.003 0.005 0.014 0.000 0.001 0.012 0.019 0.029 

Locus 35 : 39654_13 
2 alleles
5.6% missing data
 120   (0.961) 1.000 0.999 0.999 1.000 0.961 0.997 0.999 0.986 0.999 0.997 0.995 0.997 1.000 0.999 0.988 0.995 0.965 
 100   (0.039) 0.000 0.001 0.001 0.000 0.039 0.003 0.001 0.014 0.001 0.003 0.005 0.003 0.000 0.001 0.012 0.005 0.035 

Locus 36 : 39700_65 
2 alleles
3.4% missing data
 110   (0.963) 0.999 0.998 0.998 1.000 0.963 0.997 0.999 0.997 0.999 0.996 0.994 0.996 1.000 0.999 0.981 0.995 0.961 
 120   (0.037) 0.001 0.002 0.002 0.000 0.037 0.003 0.001 0.003 0.001 0.004 0.006 0.004 0.000 0.001 0.019 0.005 0.039 

Locus 37 : 40824_7 
2 alleles
5.1% missing data
 130   (0.963) 1.000 0.999 0.999 1.000 0.963 0.997 0.999 0.923 0.999 0.997 0.995 0.993 1.000 0.999 0.990 0.996 0.971 
 110   (0.037) 0.000 0.001 0.001 0.000 0.037 0.003 0.001 0.077 0.001 0.003 0.005 0.007 0.000 0.001 0.010 0.004 0.029 

Locus 38 : 41554_43 
2 alleles
7.3% missing data
 120   (0.960) 1.000 0.998 0.999 1.000 0.960 0.997 0.998 0.997 0.999 0.958 0.994 0.997 1.000 0.999 0.988 0.995 0.968 
 100   (0.040) 0.000 0.002 0.001 0.000 0.040 0.003 0.002 0.003 0.001 0.042 0.006 0.003 0.000 0.001 0.012 0.005 0.032 

Locus 39 : 42501_5 
2 alleles
5.6% missing data
 120   (0.959) 1.000 0.999 0.999 1.000 0.959 0.918 0.999 0.997 0.999 0.997 0.995 0.998 1.000 0.999 0.989 0.996 0.968 
 110   (0.041) 0.000 0.001 0.001 0.000 0.041 0.082 0.001 0.003 0.001 0.003 0.005 0.002 0.000 0.001 0.011 0.004 0.032 

Locus 40 : 42989_15 
2 alleles
3.4% missing data
 130   (0.961) 1.000 0.999 0.999 1.000 0.961 0.997 0.999 0.920 0.999 0.997 0.995 0.998 0.999 0.999 0.989 0.994 0.969 
 110   (0.039) 0.000 0.001 0.001 0.000 0.039 0.003 0.001 0.080 0.001 0.003 0.005 0.002 0.001 0.001 0.011 0.006 0.031 

Locus 41 : 44631_16 
2 alleles
5.6% missing data
 120   (0.958) 1.000 0.999 0.999 1.000 0.958 0.997 0.999 0.997 0.999 0.845 0.995 0.998 1.000 0.999 0.988 0.996 0.965 
 110   (0.042) 0.000 0.001 0.001 0.000 0.042 0.003 0.001 0.003 0.001 0.155 0.005 0.002 0.000 0.001 0.012 0.004 0.035 

Locus 42 : 45332_74 
2 alleles
3.4% missing data
 130   (0.887) 0.998 0.620 0.948 0.994 0.888 0.991 0.981 0.760 0.996 0.991 0.836 0.992 0.996 0.996 0.960 0.982 0.903 
 110   (0.113) 0.002 0.380 0.052 0.006 0.112 0.009 0.019 0.240 0.004 0.009 0.164 0.008 0.004 0.004 0.040 0.018 0.097 

Locus 43 : 45964_12 
2 alleles
2.2% missing data
 100   (0.962) 1.000 0.999 0.999 1.000 0.962 0.995 0.999 0.997 0.999 0.997 0.995 0.998 1.000 0.978 0.989 0.995 0.969 
 130   (0.038) 0.000 0.001 0.001 0.000 0.038 0.005 0.001 0.003 0.001 0.003 0.005 0.002 0.000 0.022 0.011 0.005 0.031 

Locus 44 : 47772_18 
2 alleles
1.7% missing data
 120   (0.957) 1.000 0.999 0.999 1.000 0.957 0.813 0.999 0.998 0.999 0.997 0.995 0.998 1.000 0.999 0.988 0.996 0.966 
 100   (0.043) 0.000 0.001 0.001 0.000 0.043 0.187 0.001 0.002 0.001 0.003 0.005 0.002 0.000 0.001 0.012 0.004 0.034 

Locus 45 : 48505_7 
2 alleles
2.8% missing data
 130   (0.965) 0.999 0.988 0.999 0.998 0.965 0.997 0.999 0.998 0.999 0.997 0.995 0.998 1.000 0.999 0.989 0.995 0.965 
 110   (0.035) 0.001 0.012 0.001 0.002 0.035 0.003 0.001 0.002 0.001 0.003 0.005 0.002 0.000 0.001 0.011 0.005 0.035 

Locus 46 : 49838_13 
2 alleles
5.1% missing data
 120   (0.962) 1.000 0.858 0.999 1.000 0.962 0.997 0.999 0.995 0.999 0.997 0.995 0.998 1.000 0.999 0.989 0.996 0.971 
 100   (0.038) 0.000 0.142 0.001 0.000 0.038 0.003 0.001 0.005 0.001 0.003 0.005 0.002 0.000 0.001 0.011 0.004 0.029 

Locus 47 : 50793_47 
2 alleles
6.2% missing data
 120   (0.952) 1.000 0.998 0.995 1.000 0.952 0.996 0.999 0.856 0.999 0.991 0.994 0.997 1.000 0.998 0.985 0.995 0.961 
 100   (0.048) 0.000 0.002 0.005 0.000 0.048 0.004 0.001 0.144 0.001 0.009 0.006 0.003 0.000 0.002 0.015 0.005 0.039 

Locus 48 : 51471_5 
2 alleles
2.2% missing data
 110   (0.960) 1.000 0.999 0.999 1.000 0.961 0.997 0.999 0.998 0.999 0.997 0.995 0.998 1.000 0.938 0.990 0.996 0.968 
 120   (0.040) 0.000 0.001 0.001 0.000 0.039 0.003 0.001 0.002 0.001 0.003 0.005 0.002 0.000 0.062 0.010 0.004 0.032 

Locus 49 : 52408_45 
2 alleles
2.2% missing data
 130   (0.959) 1.000 0.999 0.999 1.000 0.959 0.997 0.999 0.997 0.999 0.810 0.995 0.998 1.000 0.999 0.988 0.996 0.968 
 110   (0.041) 0.000 0.001 0.001 0.000 0.041 0.003 0.001 0.003 0.001 0.190 0.005 0.002 0.000 0.001 0.012 0.004 0.032 

Locus 50 : 53046_18 
2 alleles
0.6% missing data
 120   (0.943) 1.000 0.998 0.999 0.999 0.943 0.995 0.993 0.920 0.999 0.995 0.993 0.997 1.000 0.998 0.983 0.992 0.953 
 100   (0.057) 0.000 0.002 0.001 0.001 0.057 0.005 0.007 0.080 0.001 0.005 0.007 0.003 0.000 0.002 0.017 0.008 0.047 

Locus 51 : 53230_50 
2 alleles
4.5% missing data
 120   (0.960) 1.000 0.999 0.999 1.000 0.960 0.997 0.999 0.998 0.999 0.997 0.995 0.998 1.000 0.892 0.990 0.996 0.969 
 110   (0.040) 0.000 0.001 0.001 0.000 0.040 0.003 0.001 0.002 0.001 0.003 0.005 0.002 0.000 0.108 0.010 0.004 0.031 

Locus 52 : 53957_5 
2 alleles
3.9% missing data
 130   (0.962) 1.000 0.999 0.998 1.000 0.962 0.997 0.999 0.990 0.999 0.997 0.994 0.998 1.000 0.999 0.988 0.995 0.966 
 110   (0.038) 0.000 0.001 0.002 0.000 0.038 0.003 0.001 0.010 0.001 0.003 0.006 0.002 0.000 0.001 0.012 0.005 0.034 

Locus 53 : 58003_89 
2 alleles
3.9% missing data
 120   (0.954) 0.992 0.997 0.992 0.998 0.954 0.996 0.996 0.994 0.993 0.996 0.990 0.960 0.995 0.998 0.982 0.988 0.959 
 100   (0.046) 0.008 0.003 0.008 0.002 0.046 0.004 0.004 0.006 0.007 0.004 0.010 0.040 0.005 0.002 0.018 0.012 0.041 

Locus 54 : 58412_58 
2 alleles
2.2% missing data
 110   (0.963) 1.000 0.999 0.999 1.000 0.963 0.974 0.999 0.998 0.999 0.997 0.995 0.998 1.000 0.999 0.989 0.996 0.970 
 100   (0.037) 0.000 0.001 0.001 0.000 0.037 0.026 0.001 0.002 0.001 0.003 0.005 0.002 0.000 0.001 0.011 0.004 0.030 

Locus 55 : 58452_11 
2 alleles
3.4% missing data
 120   (0.962) 1.000 0.999 0.999 1.000 0.962 0.997 0.999 0.997 0.995 0.997 0.995 0.992 1.000 0.999 0.986 0.986 0.967 
 130   (0.038) 0.000 0.001 0.001 0.000 0.038 0.003 0.001 0.003 0.005 0.003 0.005 0.008 0.000 0.001 0.014 0.014 0.033 

Locus 56 : 59409_85 
2 alleles
2.8% missing data
 130   (0.964) 1.000 0.999 0.996 1.000 0.964 0.997 0.999 0.998 0.999 0.997 0.995 0.998 1.000 0.999 0.983 0.996 0.961 
 100   (0.036) 0.000 0.001 0.004 0.000 0.036 0.003 0.001 0.002 0.001 0.003 0.005 0.002 0.000 0.001 0.017 0.004 0.039 

Locus 57 : 60620_10 
2 alleles
1.1% missing data
 120   (0.960) 1.000 0.999 0.999 1.000 0.960 0.891 0.999 0.998 0.999 0.997 0.995 0.998 1.000 0.999 0.989 0.996 0.969 
 130   (0.040) 0.000 0.001 0.001 0.000 0.040 0.109 0.001 0.002 0.001 0.003 0.005 0.002 0.000 0.001 0.011 0.004 0.031 

Locus 58 : 61541_77 
2 alleles
3.4% missing data
 120   (0.960) 1.000 0.999 0.999 1.000 0.960 0.839 0.999 0.998 0.999 0.997 0.995 0.998 1.000 0.999 0.989 0.995 0.969 
 100   (0.040) 0.000 0.001 0.001 0.000 0.040 0.161 0.001 0.002 0.001 0.003 0.005 0.002 0.000 0.001 0.011 0.005 0.031 

Locus 59 : 61756_42 
2 alleles
1.1% missing data
 130   (0.955) 1.000 0.999 0.999 1.000 0.956 0.821 0.999 0.997 0.999 0.997 0.995 0.998 1.000 0.999 0.988 0.994 0.965 
 110   (0.045) 0.000 0.001 0.001 0.000 0.044 0.179 0.001 0.003 0.001 0.003 0.005 0.002 0.000 0.001 0.012 0.006 0.035 

Locus 60 : 62497_19 
2 alleles
6.2% missing data
 130   (0.916) 0.987 0.990 0.988 0.986 0.916 0.993 0.997 0.994 0.994 0.881 0.949 0.924 0.999 0.996 0.955 0.986 0.929 
 110   (0.084) 0.013 0.010 0.012 0.014 0.084 0.007 0.003 0.006 0.006 0.119 0.051 0.076 0.001 0.004 0.045 0.014 0.071 

Locus 61 : 63024_50 
2 alleles
2.8% missing data
 120   (0.954) 1.000 0.999 0.999 1.000 0.954 0.996 0.999 0.997 0.979 0.997 0.993 0.979 1.000 0.999 0.981 0.963 0.959 
 100   (0.046) 0.000 0.001 0.001 0.000 0.046 0.004 0.001 0.003 0.021 0.003 0.007 0.021 0.000 0.001 0.019 0.037 0.041 

Locus 62 : 64492_50 
2 alleles
7.3% missing data
 120   (0.921) 0.999 0.997 0.998 0.999 0.922 0.994 0.998 0.926 0.998 0.888 0.988 0.914 0.999 0.997 0.978 0.991 0.937 
 100   (0.079) 0.001 0.003 0.002 0.001 0.078 0.006 0.002 0.074 0.002 0.112 0.012 0.086 0.001 0.003 0.022 0.009 0.063 

Locus 63 : 67984_34 
2 alleles
2.2% missing data
 120   (0.957) 1.000 0.999 0.999 1.000 0.957 0.865 0.999 0.997 0.999 0.997 0.995 0.997 1.000 0.999 0.988 0.995 0.966 
 100   (0.043) 0.000 0.001 0.001 0.000 0.043 0.135 0.001 0.003 0.001 0.003 0.005 0.003 0.000 0.001 0.012 0.005 0.034 

Locus 64 : 69199_10 
2 alleles
4.5% missing data
 120   (0.934) 0.999 0.998 0.999 0.999 0.934 0.995 0.998 0.996 0.857 0.995 0.991 0.460 0.999 0.998 0.968 0.830 0.944 
 100   (0.066) 0.001 0.002 0.001 0.001 0.066 0.005 0.002 0.004 0.143 0.005 0.009 0.540 0.001 0.002 0.032 0.170 0.056 

Locus 65 : 71368_77 
2 alleles
6.7% missing data
 100   (0.959) 1.000 0.999 0.999 1.000 0.959 0.997 0.999 0.997 0.999 0.996 0.995 0.998 1.000 0.761 0.989 0.996 0.968 
 110   (0.041) 0.000 0.001 0.001 0.000 0.041 0.003 0.001 0.003 0.001 0.004 0.005 0.002 0.000 0.239 0.011 0.004 0.032 

Locus 66 : 72276_35 
2 alleles
5.1% missing data
 130   (0.957) 1.000 0.998 0.999 1.000 0.957 0.997 0.999 0.889 0.999 0.997 0.994 0.996 1.000 0.999 0.989 0.995 0.966 
 120   (0.043) 0.000 0.002 0.001 0.000 0.043 0.003 0.001 0.111 0.001 0.003 0.006 0.004 0.000 0.001 0.011 0.005 0.034 

Locus 67 : 73554_16 
2 alleles
3.9% missing data
 100   (0.957) 1.000 0.999 0.999 1.000 0.957 0.997 0.999 0.997 0.999 0.997 0.845 0.998 1.000 0.999 0.988 0.995 0.965 
 130   (0.043) 0.000 0.001 0.001 0.000 0.043 0.003 0.001 0.003 0.001 0.003 0.155 0.002 0.000 0.001 0.012 0.005 0.035 

Locus 68 : 74575_32 
2 alleles
1.7% missing data
 120   (0.962) 1.000 0.999 0.999 1.000 0.962 0.997 0.999 0.987 0.999 0.997 0.995 0.997 1.000 0.999 0.988 0.996 0.965 
 100   (0.038) 0.000 0.001 0.001 0.000 0.038 0.003 0.001 0.013 0.001 0.003 0.005 0.003 0.000 0.001 0.012 0.004 0.035 

Locus 69 : 76504_10 
2 alleles
1.1% missing data
 110   (0.950) 1.000 0.999 0.999 1.000 0.950 0.996 0.787 0.997 0.998 0.996 0.994 0.997 1.000 0.998 0.986 0.987 0.960 
 100   (0.050) 0.000 0.001 0.001 0.000 0.050 0.004 0.213 0.003 0.002 0.004 0.006 0.003 0.000 0.002 0.014 0.013 0.040 

Locus 70 : 76561_35 
2 alleles
5.6% missing data
 120   (0.956) 1.000 0.999 0.999 1.000 0.957 0.997 0.999 0.997 0.999 0.544 0.995 0.998 1.000 0.999 0.988 0.996 0.966 
 100   (0.044) 0.000 0.001 0.001 0.000 0.043 0.003 0.001 0.003 0.001 0.456 0.005 0.002 0.000 0.001 0.012 0.004 0.034 

Locus 71 : 77346_16 
2 alleles
2.2% missing data
 130   (0.962) 1.000 0.999 0.999 1.000 0.962 0.997 0.913 0.998 0.999 0.997 0.995 0.998 1.000 0.999 0.988 0.996 0.969 
 110   (0.038) 0.000 0.001 0.001 0.000 0.038 0.003 0.087 0.002 0.001 0.003 0.005 0.002 0.000 0.001 0.012 0.004 0.031 

Locus 72 : 78631_40 
2 alleles
7.9% missing data
 120   (0.957) 1.000 0.998 0.999 1.000 0.957 0.997 0.999 0.800 0.999 0.994 0.994 0.994 1.000 0.999 0.987 0.995 0.963 
 110   (0.043) 0.000 0.002 0.001 0.000 0.043 0.003 0.001 0.200 0.001 0.006 0.006 0.006 0.000 0.001 0.013 0.005 0.037 

Locus 73 : 80366_12 
2 alleles
6.7% missing data
 130   (0.963) 0.999 0.998 0.998 1.000 0.963 0.997 0.999 0.998 0.999 0.997 0.994 0.995 1.000 0.999 0.979 0.995 0.962 
 110   (0.037) 0.001 0.002 0.002 0.000 0.037 0.003 0.001 0.002 0.001 0.003 0.006 0.005 0.000 0.001 0.021 0.005 0.038 

Locus 74 : 80499_10 
2 alleles
6.2% missing data
 130   (0.959) 1.000 0.999 0.999 1.000 0.959 0.996 0.999 0.998 0.999 0.997 0.995 0.998 1.000 0.898 0.990 0.996 0.968 
 100   (0.041) 0.000 0.001 0.001 0.000 0.041 0.004 0.001 0.002 0.001 0.003 0.005 0.002 0.000 0.102 0.010 0.004 0.032 

Locus 75 : 81141_31 
2 alleles
2.8% missing data
 120   (0.962) 1.000 0.988 0.999 0.998 0.962 0.997 0.999 0.997 0.999 0.997 0.995 0.998 1.000 0.999 0.988 0.994 0.962 
 100   (0.038) 0.000 0.012 0.001 0.002 0.038 0.003 0.001 0.003 0.001 0.003 0.005 0.002 0.000 0.001 0.012 0.006 0.038 

Locus 76 : 81662_33 
2 alleles
3.4% missing data
 120   (0.961) 1.000 0.999 0.996 1.000 0.961 0.997 0.999 0.998 0.999 0.997 0.995 0.998 1.000 0.999 0.983 0.992 0.959 
 110   (0.039) 0.000 0.001 0.004 0.000 0.039 0.003 0.001 0.002 0.001 0.003 0.005 0.002 0.000 0.001 0.017 0.008 0.041 

Locus 77 : 82002_8 
2 alleles
6.7% missing data
 100   (0.956) 1.000 0.999 0.999 1.000 0.956 0.677 0.999 0.997 0.999 0.997 0.995 0.998 1.000 0.999 0.987 0.995 0.965 
 110   (0.044) 0.000 0.001 0.001 0.000 0.044 0.323 0.001 0.003 0.001 0.003 0.005 0.002 0.000 0.001 0.013 0.005 0.035 

Locus 78 : 82631_34 
2 alleles
7.9% missing data
 120   (0.961) 1.000 0.997 0.999 0.999 0.961 0.997 0.999 0.996 0.999 0.996 0.994 0.993 1.000 0.999 0.984 0.990 0.950 
 100   (0.039) 0.000 0.003 0.001 0.001 0.039 0.003 0.001 0.004 0.001 0.004 0.006 0.007 0.000 0.001 0.016 0.010 0.050 

Locus 79 : 83247_84 
2 alleles
3.4% missing data
 110   (0.951) 1.000 0.999 0.999 1.000 0.951 0.996 0.999 0.765 0.999 0.996 0.994 0.997 1.000 0.999 0.985 0.995 0.958 
 100   (0.049) 0.000 0.001 0.001 0.000 0.049 0.004 0.001 0.235 0.001 0.004 0.006 0.003 0.000 0.001 0.015 0.005 0.042 

Locus 80 : 83916_5 
2 alleles
3.9% missing data
 130   (0.959) 1.000 0.973 0.999 0.832 0.959 0.997 0.999 0.998 0.999 0.997 0.995 0.997 1.000 0.999 0.988 0.995 0.968 
 110   (0.041) 0.000 0.027 0.001 0.168 0.041 0.003 0.001 0.002 0.001 0.003 0.005 0.003 0.000 0.001 0.012 0.005 0.032 

Locus 81 : 84971_7 
2 alleles
2.2% missing data
 120   (0.947) 0.995 0.997 0.999 0.994 0.947 0.996 0.967 0.994 0.987 0.995 0.992 0.990 0.999 0.998 0.942 0.988 0.942 
 110   (0.053) 0.005 0.003 0.001 0.006 0.053 0.004 0.033 0.006 0.013 0.005 0.008 0.010 0.001 0.002 0.058 0.012 0.058 

Locus 82 : 85247_77 
2 alleles
7.9% missing data
 120   (0.961) 0.999 0.994 0.998 0.991 0.961 0.997 0.998 0.997 0.998 0.996 0.994 0.996 0.998 0.998 0.984 0.992 0.967 
 110   (0.039) 0.001 0.006 0.002 0.009 0.039 0.003 0.002 0.003 0.002 0.004 0.006 0.004 0.002 0.002 0.016 0.008 0.033 

Locus 83 : 85248_24 
2 alleles
5.1% missing data
 100   (0.956) 1.000 0.999 0.999 1.000 0.956 0.858 0.999 0.997 0.999 0.997 0.995 0.998 1.000 0.999 0.988 0.996 0.965 
 120   (0.044) 0.000 0.001 0.001 0.000 0.044 0.142 0.001 0.003 0.001 0.003 0.005 0.002 0.000 0.001 0.012 0.004 0.035 

Locus 84 : 85402_12 
2 alleles
3.4% missing data
 120   (0.966) 1.000 0.999 0.996 1.000 0.966 0.997 0.999 0.998 0.999 0.998 0.995 0.998 1.000 0.999 0.982 0.996 0.962 
 100   (0.034) 0.000 0.001 0.004 0.000 0.034 0.003 0.001 0.002 0.001 0.002 0.005 0.002 0.000 0.001 0.018 0.004 0.038 

Locus 85 : 86588_18 
2 alleles
3.9% missing data
 120   (0.961) 1.000 0.999 0.999 1.000 0.961 0.997 0.999 0.998 0.992 0.997 0.994 0.990 1.000 0.999 0.985 0.983 0.966 
 100   (0.039) 0.000 0.001 0.001 0.000 0.039 0.003 0.001 0.002 0.008 0.003 0.006 0.010 0.000 0.001 0.015 0.017 0.034 

Locus 86 : 87070_60 
2 alleles
2.2% missing data
 100   (0.959) 1.000 0.999 0.999 1.000 0.959 0.997 0.999 0.998 0.999 0.997 0.856 0.997 1.000 0.999 0.989 0.995 0.968 
 130   (0.041) 0.000 0.001 0.001 0.000 0.041 0.003 0.001 0.002 0.001 0.003 0.144 0.003 0.000 0.001 0.011 0.005 0.032 

Locus 87 : 87747_31 
2 alleles
6.2% missing data
 120   (0.957) 1.000 0.999 0.999 1.000 0.957 0.914 0.999 0.997 0.999 0.997 0.995 0.998 1.000 0.999 0.987 0.995 0.965 
 110   (0.043) 0.000 0.001 0.001 0.000 0.043 0.086 0.001 0.003 0.001 0.003 0.005 0.002 0.000 0.001 0.013 0.005 0.035 

Locus 88 : 88455_10 
2 alleles
5.1% missing data
 130   (0.960) 1.000 0.999 0.999 1.000 0.960 0.997 0.999 0.997 0.999 0.781 0.995 0.997 1.000 0.999 0.989 0.995 0.969 
 100   (0.040) 0.000 0.001 0.001 0.000 0.040 0.003 0.001 0.003 0.001 0.219 0.005 0.003 0.000 0.001 0.011 0.005 0.031 

Locus 89 : 89005_12 
2 alleles
1.1% missing data
 120   (0.958) 1.000 0.999 0.999 1.000 0.958 0.892 0.999 0.998 0.999 0.997 0.995 0.998 1.000 0.999 0.989 0.995 0.968 
 130   (0.042) 0.000 0.001 0.001 0.000 0.042 0.108 0.001 0.002 0.001 0.003 0.005 0.002 0.000 0.001 0.011 0.005 0.032 

Locus 90 : 89213_8 
2 alleles
3.4% missing data
 130   (0.962) 1.000 0.999 0.999 1.000 0.962 0.972 0.999 0.998 0.999 0.997 0.995 0.997 1.000 0.999 0.990 0.996 0.969 
 110   (0.038) 0.000 0.001 0.001 0.000 0.038 0.028 0.001 0.002 0.001 0.003 0.005 0.003 0.000 0.001 0.010 0.004 0.031 

Locus 91 : 93475_13 
2 alleles
2.2% missing data
 130   (0.959) 1.000 0.999 0.999 1.000 0.959 0.865 0.999 0.998 0.999 0.997 0.995 0.998 1.000 0.999 0.989 0.996 0.967 
 110   (0.041) 0.000 0.001 0.001 0.000 0.041 0.135 0.001 0.002 0.001 0.003 0.005 0.002 0.000 0.001 0.011 0.004 0.033 

Locus 92 : 95749_27 
2 alleles
3.9% missing data
 120   (0.963) 1.000 0.999 0.999 1.000 0.963 0.971 0.999 0.998 0.999 0.997 0.996 0.998 1.000 0.999 0.990 0.996 0.971 
 100   (0.037) 0.000 0.001 0.001 0.000 0.037 0.029 0.001 0.002 0.001 0.003 0.004 0.002 0.000 0.001 0.010 0.004 0.029 

Locus 93 : 98167_26 
2 alleles
3.4% missing data
 120   (0.941) 0.996 0.998 0.971 0.999 0.941 0.995 0.992 0.995 0.992 0.993 0.899 0.990 0.998 0.997 0.981 0.984 0.949 
 110   (0.059) 0.004 0.002 0.029 0.001 0.059 0.005 0.008 0.005 0.008 0.007 0.101 0.010 0.002 0.003 0.019 0.016 0.051 

Locus 94 : 98988_58 
2 alleles
2.2% missing data
 130   (0.963) 1.000 0.999 0.999 1.000 0.963 0.975 0.999 0.998 0.999 0.997 0.995 0.998 1.000 0.999 0.988 0.996 0.970 
 110   (0.037) 0.000 0.001 0.001 0.000 0.037 0.025 0.001 0.002 0.001 0.003 0.005 0.002 0.000 0.001 0.012 0.004 0.030 

Locus 95 : 103824_15 
2 alleles
3.4% missing data
 130   (0.957) 1.000 0.999 0.999 1.000 0.958 0.810 0.999 0.998 0.999 0.997 0.995 0.998 1.000 0.999 0.987 0.995 0.967 
 110   (0.043) 0.000 0.001 0.001 0.000 0.042 0.190 0.001 0.002 0.001 0.003 0.005 0.002 0.000 0.001 0.013 0.005 0.033 

Locus 96 : 108043_8 
2 alleles
4.5% missing data
 130   (0.957) 1.000 0.998 0.999 1.000 0.957 0.997 0.905 0.997 0.999 0.997 0.995 0.998 1.000 0.999 0.988 0.995 0.966 
 110   (0.043) 0.000 0.002 0.001 0.000 0.043 0.003 0.095 0.003 0.001 0.003 0.005 0.002 0.000 0.001 0.012 0.005 0.034 

Locus 97 : 108049_79 
2 alleles
2.8% missing data
 120   (0.964) 1.000 0.999 0.996 1.000 0.964 0.997 0.999 0.998 0.999 0.997 0.995 0.998 1.000 0.999 0.983 0.993 0.961 
 100   (0.036) 0.000 0.001 0.004 0.000 0.036 0.003 0.001 0.002 0.001 0.003 0.005 0.002 0.000 0.001 0.017 0.007 0.039 

Locus 98 : 108366_5 
2 alleles
2.8% missing data
 130   (0.960) 1.000 0.999 0.999 1.000 0.960 0.919 0.999 0.998 0.999 0.997 0.995 0.998 1.000 0.999 0.989 0.996 0.968 
 100   (0.040) 0.000 0.001 0.001 0.000 0.040 0.081 0.001 0.002 0.001 0.003 0.005 0.002 0.000 0.001 0.011 0.004 0.032 

Locus 99 : 108403_10 
2 alleles
6.2% missing data
 130   (0.961) 1.000 0.999 0.999 1.000 0.961 0.997 0.992 0.997 0.999 0.997 0.995 0.998 1.000 0.999 0.987 0.994 0.966 
 110   (0.039) 0.000 0.001 0.001 0.000 0.039 0.003 0.008 0.003 0.001 0.003 0.005 0.002 0.000 0.001 0.013 0.006 0.034 

Locus 100 : 109283_38 
2 alleles
3.9% missing data
 120   (0.873) 0.979 0.495 0.928 0.507 0.873 0.990 0.995 0.980 0.941 0.990 0.981 0.981 0.968 0.996 0.864 0.877 0.830 
 100   (0.127) 0.021 0.505 0.072 0.493 0.127 0.010 0.005 0.020 0.059 0.010 0.019 0.019 0.032 0.004 0.136 0.123 0.170 

Locus 101 : 109527_54 
2 alleles
7.3% missing data
 110   (0.950) 1.000 0.999 0.993 1.000 0.950 0.996 0.999 0.806 0.999 0.996 0.992 0.996 1.000 0.998 0.985 0.994 0.956 
 130   (0.050) 0.000 0.001 0.007 0.000 0.050 0.004 0.001 0.194 0.001 0.004 0.008 0.004 0.000 0.002 0.015 0.006 0.044 

Locus 102 : 109804_31 
2 alleles
2.2% missing data
 130   (0.961) 1.000 0.999 0.999 1.000 0.961 0.946 0.999 0.998 0.999 0.997 0.995 0.998 1.000 0.999 0.988 0.996 0.969 
 100   (0.039) 0.000 0.001 0.001 0.000 0.039 0.054 0.001 0.002 0.001 0.003 0.005 0.002 0.000 0.001 0.012 0.004 0.031 

Locus 103 : 112614_46 
2 alleles
5.1% missing data
 120   (0.955) 1.000 0.999 0.999 1.000 0.955 0.885 0.999 0.997 0.999 0.997 0.994 0.997 1.000 0.999 0.987 0.996 0.965 
 100   (0.045) 0.000 0.001 0.001 0.000 0.045 0.115 0.001 0.003 0.001 0.003 0.006 0.003 0.000 0.001 0.013 0.004 0.035 

Locus 104 : 112906_14 
2 alleles
3.9% missing data
 110   (0.893) 0.999 0.870 0.998 0.999 0.893 0.992 0.997 0.726 0.998 0.678 0.950 0.988 1.000 0.996 0.964 0.985 0.898 
 120   (0.107) 0.001 0.130 0.002 0.001 0.107 0.008 0.003 0.274 0.002 0.322 0.050 0.012 0.000 0.004 0.036 0.015 0.102 

Locus 105 : 113735_32 
2 alleles
6.7% missing data
 120   (0.961) 1.000 0.999 0.999 1.000 0.961 0.997 0.999 0.998 0.999 0.966 0.995 0.997 1.000 0.999 0.988 0.994 0.964 
 100   (0.039) 0.000 0.001 0.001 0.000 0.039 0.003 0.001 0.002 0.001 0.034 0.005 0.003 0.000 0.001 0.012 0.006 0.036 

Locus 106 : 115028_7 
2 alleles
3.9% missing data
 120   (0.963) 0.999 0.999 0.999 1.000 0.963 0.997 0.999 0.998 0.999 0.958 0.995 0.998 1.000 0.999 0.989 0.996 0.971 
 100   (0.037) 0.001 0.001 0.001 0.000 0.037 0.003 0.001 0.002 0.001 0.042 0.005 0.002 0.000 0.001 0.011 0.004 0.029 

Locus 107 : 115179_16 
2 alleles
2.2% missing data
 120   (0.957) 1.000 0.999 0.999 1.000 0.957 0.909 0.999 0.998 0.999 0.997 0.995 0.998 1.000 0.999 0.987 0.996 0.965 
 110   (0.043) 0.000 0.001 0.001 0.000 0.043 0.091 0.001 0.002 0.001 0.003 0.005 0.002 0.000 0.001 0.013 0.004 0.035 

Locus 108 : 116753_51 
2 alleles
7.3% missing data
 120   (0.956) 1.000 0.914 0.999 0.997 0.956 0.996 0.999 0.996 0.998 0.996 0.994 0.997 0.999 0.999 0.983 0.993 0.959 
 100   (0.044) 0.000 0.086 0.001 0.003 0.044 0.004 0.001 0.004 0.002 0.004 0.006 0.003 0.001 0.001 0.017 0.007 0.041 

Locus 109 : 116931_31 
2 alleles
7.9% missing data
 120   (0.962) 1.000 0.999 0.999 1.000 0.962 0.997 0.999 0.998 0.995 0.997 0.994 0.992 1.000 0.999 0.987 0.984 0.967 
 110   (0.038) 0.000 0.001 0.001 0.000 0.038 0.003 0.001 0.002 0.005 0.003 0.006 0.008 0.000 0.001 0.013 0.016 0.033 

Locus 110 : 116938_8 
2 alleles
4.5% missing data
 130   (0.921) 0.999 0.828 0.999 0.999 0.921 0.994 0.998 0.861 0.998 0.994 0.941 0.995 1.000 0.997 0.977 0.990 0.936 
 110   (0.079) 0.001 0.172 0.001 0.001 0.079 0.006 0.002 0.139 0.002 0.006 0.059 0.005 0.000 0.003 0.023 0.010 0.064 

Locus 111 : 122302_80 
2 alleles
10.1% missing data
 110   (0.962) 1.000 0.999 0.999 1.000 0.962 0.997 0.999 0.998 0.996 0.997 0.995 0.946 1.000 0.999 0.989 0.993 0.969 
 100   (0.038) 0.000 0.001 0.001 0.000 0.038 0.003 0.001 0.002 0.004 0.003 0.005 0.054 0.000 0.001 0.011 0.007 0.031 

Locus 112 : 123190_14 
2 alleles
3.4% missing data
 120   (0.953) 1.000 0.998 0.999 0.999 0.953 0.996 0.999 0.997 0.976 0.996 0.993 0.971 1.000 0.999 0.981 0.959 0.959 
 130   (0.047) 0.000 0.002 0.001 0.001 0.047 0.004 0.001 0.003 0.024 0.004 0.007 0.029 0.000 0.001 0.019 0.041 0.041 

Locus 113 : 123271_36 
2 alleles
3.9% missing data
 100   (0.956) 1.000 0.999 0.999 1.000 0.957 0.857 0.999 0.997 0.999 0.997 0.995 0.998 1.000 0.999 0.988 0.994 0.966 
 110   (0.044) 0.000 0.001 0.001 0.000 0.043 0.143 0.001 0.003 0.001 0.003 0.005 0.002 0.000 0.001 0.012 0.006 0.034 

Locus 114 : 124147_18 
2 alleles
2.2% missing data
 130   (0.958) 1.000 0.999 0.999 1.000 0.958 0.997 0.999 0.998 0.999 0.997 0.758 0.998 1.000 0.999 0.988 0.995 0.967 
 110   (0.042) 0.000 0.001 0.001 0.000 0.042 0.003 0.001 0.002 0.001 0.003 0.242 0.002 0.000 0.001 0.012 0.005 0.033 

Locus 115 : 124184_33 
2 alleles
5.6% missing data
 110   (0.959) 1.000 0.999 0.999 1.000 0.959 0.910 0.999 0.997 0.999 0.997 0.995 0.998 1.000 0.999 0.989 0.996 0.968 
 100   (0.041) 0.000 0.001 0.001 0.000 0.041 0.090 0.001 0.003 0.001 0.003 0.005 0.002 0.000 0.001 0.011 0.004 0.032 

Locus 116 : 125404_24 
2 alleles
1.1% missing data
 130   (0.962) 1.000 0.999 0.999 1.000 0.962 0.997 0.999 0.998 0.999 0.757 0.995 0.998 1.000 0.999 0.990 0.996 0.971 
 110   (0.038) 0.000 0.001 0.001 0.000 0.038 0.003 0.001 0.002 0.001 0.243 0.005 0.002 0.000 0.001 0.010 0.004 0.029 

Locus 117 : 125436_43 
2 alleles
3.9% missing data
 130   (0.934) 1.000 0.998 0.999 0.999 0.935 0.995 0.998 0.827 0.999 0.696 0.992 0.996 1.000 0.998 0.981 0.993 0.947 
 100   (0.066) 0.000 0.002 0.001 0.001 0.065 0.005 0.002 0.173 0.001 0.304 0.008 0.004 0.000 0.002 0.019 0.007 0.053 

Locus 118 : 126013_18 
2 alleles
2.8% missing data
 130   (0.961) 1.000 0.999 0.999 1.000 0.961 0.997 0.999 0.998 0.999 0.997 0.995 0.998 1.000 0.875 0.990 0.995 0.970 
 110   (0.039) 0.000 0.001 0.001 0.000 0.039 0.003 0.001 0.002 0.001 0.003 0.005 0.002 0.000 0.125 0.010 0.005 0.030 

Locus 119 : 126137_19 
2 alleles
3.9% missing data
 120   (0.961) 1.000 0.998 0.999 1.000 0.961 0.997 0.999 0.982 0.999 0.984 0.994 0.997 1.000 0.999 0.987 0.995 0.966 
 110   (0.039) 0.000 0.002 0.001 0.000 0.039 0.003 0.001 0.018 0.001 0.016 0.006 0.003 0.000 0.001 0.013 0.005 0.034 

Locus 120 : 126845_22 
2 alleles
5.6% missing data
 130   (0.959) 1.000 0.999 0.999 1.000 0.959 0.997 0.999 0.997 0.999 0.959 0.993 0.997 1.000 0.999 0.988 0.996 0.966 
 110   (0.041) 0.000 0.001 0.001 0.000 0.041 0.003 0.001 0.003 0.001 0.041 0.007 0.003 0.000 0.001 0.012 0.004 0.034 

Locus 121 : 127512_8 
2 alleles
1.1% missing data
 130   (0.961) 1.000 0.999 0.999 1.000 0.961 0.997 0.999 0.998 0.999 0.997 0.995 0.998 1.000 0.906 0.988 0.995 0.970 
 100   (0.039) 0.000 0.001 0.001 0.000 0.039 0.003 0.001 0.002 0.001 0.003 0.005 0.002 0.000 0.094 0.012 0.005 0.030 

Locus 122 : 127692_13 
2 alleles
2.8% missing data
 100   (0.954) 1.000 0.999 0.999 1.000 0.954 0.996 0.999 0.936 0.999 0.996 0.994 0.998 1.000 0.999 0.988 0.994 0.963 
 120   (0.046) 0.000 0.001 0.001 0.000 0.046 0.004 0.001 0.064 0.001 0.004 0.006 0.002 0.000 0.001 0.012 0.006 0.037 

Locus 123 : 128195_18 
2 alleles
7.3% missing data
 130   (0.868) 0.996 0.995 0.276 0.997 0.868 0.989 0.996 0.921 0.975 0.988 0.432 0.930 0.997 0.996 0.928 0.968 0.866 
 110   (0.132) 0.004 0.005 0.724 0.003 0.132 0.011 0.004 0.079 0.025 0.012 0.568 0.070 0.003 0.004 0.072 0.032 0.134 

Locus 124 : 128198_14 
2 alleles
4.5% missing data
 130   (0.935) 0.999 0.998 0.999 0.999 0.935 0.917 0.998 0.996 0.999 0.995 0.992 0.996 1.000 0.903 0.981 0.993 0.947 
 120   (0.065) 0.001 0.002 0.001 0.001 0.065 0.083 0.002 0.004 0.001 0.005 0.008 0.004 0.000 0.097 0.019 0.007 0.053 

Locus 125 : 128423_39 
2 alleles
4.5% missing data
 130   (0.961) 0.999 0.999 0.994 0.999 0.961 0.997 0.999 0.998 0.999 0.997 0.989 0.998 1.000 0.999 0.986 0.993 0.960 
 100   (0.039) 0.001 0.001 0.006 0.001 0.039 0.003 0.001 0.002 0.001 0.003 0.011 0.002 0.000 0.001 0.014 0.007 0.040 

Locus 126 : 131572_48 
2 alleles
1.1% missing data
 120   (0.949) 1.000 0.948 0.999 0.997 0.949 0.996 0.999 0.996 0.998 0.996 0.993 0.996 1.000 0.998 0.982 0.994 0.949 
 100   (0.051) 0.000 0.052 0.001 0.003 0.051 0.004 0.001 0.004 0.002 0.004 0.007 0.004 0.000 0.002 0.018 0.006 0.051 

Locus 127 : 132199_62 
2 alleles
3.9% missing data
 100   (0.955) 1.000 0.999 0.999 1.000 0.955 0.751 0.999 0.997 0.999 0.997 0.994 0.998 1.000 0.999 0.987 0.995 0.964 
 120   (0.045) 0.000 0.001 0.001 0.000 0.045 0.249 0.001 0.003 0.001 0.003 0.006 0.002 0.000 0.001 0.013 0.005 0.036 

Locus 128 : 135566_64 
2 alleles
7.3% missing data
 130   (0.963) 1.000 0.999 0.996 1.000 0.963 0.997 0.999 0.998 0.999 0.997 0.995 0.997 1.000 0.999 0.982 0.996 0.959 
 110   (0.037) 0.000 0.001 0.004 0.000 0.037 0.003 0.001 0.002 0.001 0.003 0.005 0.003 0.000 0.001 0.018 0.004 0.041 

Locus 129 : 135761_5 
2 alleles
7.9% missing data
 130   (0.962) 1.000 0.999 0.999 1.000 0.962 0.905 0.999 0.998 0.999 0.997 0.995 0.998 1.000 0.999 0.990 0.996 0.970 
 100   (0.038) 0.000 0.001 0.001 0.000 0.038 0.095 0.001 0.002 0.001 0.003 0.005 0.002 0.000 0.001 0.010 0.004 0.030 

Locus 130 : 137219_35 
2 alleles
3.4% missing data
 120   (0.946) 1.000 0.998 0.981 1.000 0.946 0.996 0.999 0.997 0.999 0.996 0.992 0.997 1.000 0.998 0.970 0.991 0.934 
 100   (0.054) 0.000 0.002 0.019 0.000 0.054 0.004 0.001 0.003 0.001 0.004 0.008 0.003 0.000 0.002 0.030 0.009 0.066 

Locus 131 : 139081_20 
2 alleles
5.6% missing data
 120   (0.948) 0.999 0.997 0.999 0.999 0.948 0.996 0.998 0.971 0.999 0.995 0.931 0.996 1.000 0.998 0.982 0.990 0.954 
 110   (0.052) 0.001 0.003 0.001 0.001 0.052 0.004 0.002 0.029 0.001 0.005 0.069 0.004 0.000 0.002 0.018 0.010 0.046 

Locus 132 : 139084_52 
2 alleles
5.1% missing data
 120   (0.926) 0.999 0.998 0.996 0.999 0.926 0.994 0.998 0.995 0.964 0.994 0.826 0.967 1.000 0.997 0.971 0.944 0.933 
 110   (0.074) 0.001 0.002 0.004 0.001 0.074 0.006 0.002 0.005 0.036 0.006 0.174 0.033 0.000 0.003 0.029 0.056 0.067 

Locus 133 : 139433_54 
2 alleles
3.9% missing data
 120   (0.961) 1.000 0.999 0.999 1.000 0.961 0.945 0.999 0.998 0.999 0.997 0.995 0.998 1.000 0.999 0.989 0.996 0.968 
 100   (0.039) 0.000 0.001 0.001 0.000 0.039 0.055 0.001 0.002 0.001 0.003 0.005 0.002 0.000 0.001 0.011 0.004 0.032 

Locus 134 : 140063_88 
2 alleles
7.9% missing data
 110   (0.959) 1.000 0.999 0.998 1.000 0.959 0.997 0.999 0.989 0.999 0.996 0.993 0.998 1.000 0.999 0.986 0.996 0.961 
 100   (0.041) 0.000 0.001 0.002 0.000 0.041 0.003 0.001 0.011 0.001 0.004 0.007 0.002 0.000 0.001 0.014 0.004 0.039 

Locus 135 : 140194_73 
2 alleles
2.8% missing data
 120   (0.961) 1.000 0.999 0.999 1.000 0.961 0.997 0.998 0.997 0.999 0.997 0.993 0.997 1.000 0.975 0.989 0.995 0.968 
 110   (0.039) 0.000 0.001 0.001 0.000 0.039 0.003 0.002 0.003 0.001 0.003 0.007 0.003 0.000 0.025 0.011 0.005 0.032 

Locus 136 : 141313_8 
2 alleles
2.8% missing data
 120   (0.959) 1.000 0.999 0.999 1.000 0.959 0.919 0.999 0.998 0.999 0.997 0.995 0.998 1.000 0.999 0.989 0.995 0.968 
 100   (0.041) 0.000 0.001 0.001 0.000 0.041 0.081 0.001 0.002 0.001 0.003 0.005 0.002 0.000 0.001 0.011 0.005 0.032 

Locus 137 : 145284_28 
2 alleles
2.8% missing data
 130   (0.958) 1.000 0.999 0.999 1.000 0.958 0.997 0.999 0.998 0.999 0.997 0.612 0.998 1.000 0.999 0.989 0.995 0.967 
 110   (0.042) 0.000 0.001 0.001 0.000 0.042 0.003 0.001 0.002 0.001 0.003 0.388 0.002 0.000 0.001 0.011 0.005 0.033 

Locus 138 : 145957_11 
2 alleles
4.5% missing data
 130   (0.961) 1.000 0.983 0.999 0.852 0.961 0.997 0.999 0.998 0.999 0.997 0.995 0.998 1.000 0.999 0.988 0.996 0.969 
 110   (0.039) 0.000 0.017 0.001 0.148 0.039 0.003 0.001 0.002 0.001 0.003 0.005 0.002 0.000 0.001 0.012 0.004 0.031 

Locus 139 : 160306_34 
2 alleles
2.8% missing data
 120   (0.934) 0.999 0.985 0.998 0.999 0.934 0.995 0.998 0.969 0.998 0.764 0.991 0.991 1.000 0.998 0.972 0.988 0.932 
 100   (0.066) 0.001 0.015 0.002 0.001 0.066 0.005 0.002 0.031 0.002 0.236 0.009 0.009 0.000 0.002 0.028 0.012 0.068 

Locus 140 : 162107_37 
2 alleles
3.4% missing data
 120   (0.938) 1.000 0.998 0.999 0.999 0.938 0.995 0.998 0.986 0.999 0.902 0.992 0.996 1.000 0.998 0.981 0.993 0.947 
 100   (0.062) 0.000 0.002 0.001 0.001 0.062 0.005 0.002 0.014 0.001 0.098 0.008 0.004 0.000 0.002 0.019 0.007 0.053 

Locus 141 : 163290_36 
2 alleles
5.1% missing data
 130   (0.934) 0.999 0.997 0.997 0.980 0.934 0.995 0.997 0.996 0.952 0.995 0.781 0.971 0.991 0.998 0.902 0.970 0.924 
 110   (0.066) 0.001 0.003 0.003 0.020 0.066 0.005 0.003 0.004 0.048 0.005 0.219 0.029 0.009 0.002 0.098 0.030 0.076 

Locus 142 : 163453_13 
2 alleles
5.6% missing data
 120   (0.961) 1.000 0.999 0.999 1.000 0.961 0.997 0.999 0.997 0.995 0.997 0.994 0.992 1.000 0.999 0.986 0.986 0.966 
 110   (0.039) 0.000 0.001 0.001 0.000 0.039 0.003 0.001 0.003 0.005 0.003 0.006 0.008 0.000 0.001 0.014 0.014 0.034 

Locus 143 : 163580_14 
2 alleles
10.1% missing data
 120   (0.962) 0.867 0.999 0.999 1.000 0.962 0.997 0.999 0.998 0.999 0.997 0.996 0.997 1.000 0.999 0.922 0.996 0.970 
 100   (0.038) 0.133 0.001 0.001 0.000 0.038 0.003 0.001 0.002 0.001 0.003 0.004 0.003 0.000 0.001 0.078 0.004 0.030 

Locus 144 : 164461_13 
2 alleles
5.6% missing data
 100   (0.960) 1.000 0.999 0.999 1.000 0.960 0.997 0.999 0.997 0.999 0.997 0.995 0.759 1.000 0.999 0.990 0.995 0.969 
 120   (0.040) 0.000 0.001 0.001 0.000 0.040 0.003 0.001 0.003 0.001 0.003 0.005 0.241 0.000 0.001 0.010 0.005 0.031 

Locus 145 : 165413_43 
2 alleles
1.7% missing data
 110   (0.954) 1.000 0.998 0.999 1.000 0.953 0.996 0.999 0.941 0.999 0.997 0.994 0.996 1.000 0.999 0.986 0.994 0.960 
 130   (0.046) 0.000 0.002 0.001 0.000 0.047 0.004 0.001 0.059 0.001 0.003 0.006 0.004 0.000 0.001 0.014 0.006 0.040 

Locus 146 : 168629_44 
2 alleles
5.6% missing data
 130   (0.948) 0.999 0.998 0.990 0.999 0.948 0.996 0.998 0.965 0.997 0.996 0.989 0.968 1.000 0.998 0.984 0.992 0.955 
 110   (0.052) 0.001 0.002 0.010 0.001 0.052 0.004 0.002 0.035 0.003 0.004 0.011 0.032 0.000 0.002 0.016 0.008 0.045 

Locus 147 : 168991_77 
2 alleles
5.6% missing data
 110   (0.852) 0.996 0.901 0.967 0.997 0.852 0.989 0.995 0.905 0.988 0.645 0.976 0.941 0.999 0.995 0.910 0.958 0.815 
 100   (0.148) 0.004 0.099 0.033 0.003 0.148 0.011 0.005 0.095 0.012 0.355 0.024 0.059 0.001 0.005 0.090 0.042 0.185 

Locus 148 : 169478_88 
2 alleles
5.1% missing data
 130   (0.963) 1.000 0.999 0.999 1.000 0.963 0.997 0.999 0.997 0.999 0.997 0.995 0.998 1.000 0.978 0.989 0.995 0.969 
 100   (0.037) 0.000 0.001 0.001 0.000 0.037 0.003 0.001 0.003 0.001 0.003 0.005 0.002 0.000 0.022 0.011 0.005 0.031 

Locus 149 : 169898_8 
2 alleles
6.2% missing data
 120   (0.945) 0.999 0.998 0.999 0.999 0.945 0.995 0.998 0.911 0.997 0.996 0.993 0.950 1.000 0.998 0.983 0.992 0.956 
 100   (0.055) 0.001 0.002 0.001 0.001 0.055 0.005 0.002 0.089 0.003 0.004 0.007 0.050 0.000 0.002 0.017 0.008 0.044 

Locus 150 : 170224_42 
2 alleles
7.3% missing data
 100   (0.913) 0.998 0.997 0.984 0.998 0.913 0.993 0.997 0.945 0.920 0.993 0.979 0.864 0.999 0.997 0.963 0.900 0.910 
 120   (0.087) 0.002 0.003 0.016 0.002 0.087 0.007 0.003 0.055 0.080 0.007 0.021 0.136 0.001 0.003 0.037 0.100 0.090 

Locus 151 : 174083_22 
2 alleles
3.9% missing data
 120   (0.959) 1.000 0.999 0.999 1.000 0.959 0.785 0.999 0.998 0.999 0.997 0.995 0.998 1.000 0.999 0.989 0.996 0.968 
 100   (0.041) 0.000 0.001 0.001 0.000 0.041 0.215 0.001 0.002 0.001 0.003 0.005 0.002 0.000 0.001 0.011 0.004 0.032 

Locus 152 : 174223_24 
2 alleles
2.8% missing data
 120   (0.962) 1.000 0.999 0.999 1.000 0.962 0.997 0.991 0.997 0.999 0.997 0.995 0.998 1.000 0.999 0.986 0.995 0.968 
 100   (0.038) 0.000 0.001 0.001 0.000 0.038 0.003 0.009 0.003 0.001 0.003 0.005 0.002 0.000 0.001 0.014 0.005 0.032 

Locus 153 : 174263_44 
2 alleles
3.9% missing data
 130   (0.963) 1.000 0.999 0.999 1.000 0.963 0.997 0.999 0.998 0.999 0.997 0.995 0.998 1.000 0.832 0.990 0.995 0.971 
 110   (0.037) 0.000 0.001 0.001 0.000 0.037 0.003 0.001 0.002 0.001 0.003 0.005 0.002 0.000 0.168 0.010 0.005 0.029 

Locus 154 : 175657_6 
2 alleles
8.4% missing data
 100   (0.938) 1.000 0.998 0.999 0.999 0.938 0.994 0.999 0.916 0.999 0.756 0.992 0.997 1.000 0.998 0.982 0.994 0.950 
 130   (0.062) 0.000 0.002 0.001 0.001 0.062 0.006 0.001 0.084 0.001 0.244 0.008 0.003 0.000 0.002 0.018 0.006 0.050 

Locus 155 : 176570_23 
2 alleles
3.9% missing data
 130   (0.962) 0.985 0.986 0.996 0.983 0.962 0.997 0.997 0.998 0.993 0.997 0.995 0.998 0.999 0.999 0.958 0.983 0.955 
 110   (0.038) 0.015 0.014 0.004 0.017 0.038 0.003 0.003 0.002 0.007 0.003 0.005 0.002 0.001 0.001 0.042 0.017 0.045 

Locus 156 : 176775_13 
2 alleles
6.7% missing data
 130   (0.957) 1.000 0.999 0.999 1.000 0.957 0.705 0.999 0.997 0.999 0.997 0.994 0.997 1.000 0.999 0.988 0.995 0.967 
 110   (0.043) 0.000 0.001 0.001 0.000 0.043 0.295 0.001 0.003 0.001 0.003 0.006 0.003 0.000 0.001 0.012 0.005 0.033 

Locus 157 : 178448_19 
2 alleles
3.4% missing data
 120   (0.957) 1.000 0.999 0.999 1.000 0.957 0.881 0.999 0.998 0.999 0.997 0.995 0.997 1.000 0.999 0.989 0.995 0.967 
 100   (0.043) 0.000 0.001 0.001 0.000 0.043 0.119 0.001 0.002 0.001 0.003 0.005 0.003 0.000 0.001 0.011 0.005 0.033 

Locus 158 : 179162_16 
2 alleles
6.2% missing data
 120   (0.962) 1.000 0.999 0.999 1.000 0.962 0.971 0.999 0.998 0.999 0.997 0.995 0.998 1.000 0.999 0.990 0.996 0.970 
 100   (0.038) 0.000 0.001 0.001 0.000 0.038 0.029 0.001 0.002 0.001 0.003 0.005 0.002 0.000 0.001 0.010 0.004 0.030 

Locus 159 : 179286_31 
2 alleles
2.8% missing data
 120   (0.936) 0.999 0.990 0.998 0.999 0.936 0.995 0.998 0.906 0.998 0.895 0.992 0.996 1.000 0.998 0.981 0.991 0.948 
 100   (0.064) 0.001 0.010 0.002 0.001 0.064 0.005 0.002 0.094 0.002 0.105 0.008 0.004 0.000 0.002 0.019 0.009 0.052 

Locus 160 : 179594_17 
2 alleles
4.5% missing data
 120   (0.914) 0.999 0.997 0.998 0.999 0.914 0.993 0.993 0.995 0.985 0.735 0.926 0.984 0.999 0.997 0.969 0.965 0.926 
 100   (0.086) 0.001 0.003 0.002 0.001 0.086 0.007 0.007 0.005 0.015 0.265 0.074 0.016 0.001 0.003 0.031 0.035 0.074 

Locus 161 : 180413_54 
2 alleles
3.9% missing data
 100   (0.958) 1.000 0.999 0.999 1.000 0.958 0.880 0.999 0.998 0.999 0.997 0.995 0.998 1.000 0.999 0.989 0.995 0.967 
 110   (0.042) 0.000 0.001 0.001 0.000 0.042 0.120 0.001 0.002 0.001 0.003 0.005 0.002 0.000 0.001 0.011 0.005 0.033 

Locus 162 : 182862_79 
2 alleles
3.4% missing data
 130   (0.954) 1.000 0.999 0.999 1.000 0.954 0.867 0.999 0.997 0.999 0.996 0.994 0.998 1.000 0.999 0.988 0.995 0.964 
 110   (0.046) 0.000 0.001 0.001 0.000 0.046 0.133 0.001 0.003 0.001 0.004 0.006 0.002 0.000 0.001 0.012 0.005 0.036 

Locus 163 : 183288_63 
2 alleles
10.1% missing data
 100   (0.962) 1.000 0.999 0.999 1.000 0.962 0.972 0.999 0.998 0.999 0.997 0.995 0.998 1.000 0.999 0.987 0.996 0.970 
 120   (0.038) 0.000 0.001 0.001 0.000 0.038 0.028 0.001 0.002 0.001 0.003 0.005 0.002 0.000 0.001 0.013 0.004 0.030 

Locus 164 : 183906_55 
2 alleles
6.7% missing data
 130   (0.957) 1.000 0.999 0.999 1.000 0.957 0.946 0.999 0.998 0.999 0.997 0.994 0.997 1.000 0.999 0.989 0.995 0.965 
 100   (0.043) 0.000 0.001 0.001 0.000 0.043 0.054 0.001 0.002 0.001 0.003 0.006 0.003 0.000 0.001 0.011 0.005 0.035 

Locus 165 : 183990_7 
2 alleles
3.4% missing data
 120   (0.955) 1.000 0.997 0.822 0.998 0.954 0.997 0.999 0.997 0.996 0.997 0.994 0.997 1.000 0.999 0.973 0.967 0.946 
 100   (0.045) 0.000 0.003 0.178 0.002 0.046 0.003 0.001 0.003 0.004 0.003 0.006 0.003 0.000 0.001 0.027 0.033 0.054 

Locus 166 : 185904_60 
2 alleles
3.4% missing data
 120   (0.961) 1.000 0.999 0.999 1.000 0.961 0.997 0.999 0.997 0.972 0.997 0.995 0.946 1.000 0.999 0.989 0.958 0.968 
 100   (0.039) 0.000 0.001 0.001 0.000 0.039 0.003 0.001 0.003 0.028 0.003 0.005 0.054 0.000 0.001 0.011 0.042 0.032 

Locus 167 : 191703_64 
2 alleles
1.7% missing data
 130   (0.932) 1.000 0.998 0.999 0.999 0.933 0.995 0.998 0.996 0.999 0.863 0.674 0.997 1.000 0.998 0.982 0.992 0.945 
 110   (0.068) 0.000 0.002 0.001 0.001 0.067 0.005 0.002 0.004 0.001 0.137 0.326 0.003 0.000 0.002 0.018 0.008 0.055 

Locus 168 : 193854_7 
2 alleles
1.7% missing data
 130   (0.940) 0.999 0.998 0.999 0.999 0.940 0.882 0.998 0.996 0.999 0.995 0.992 0.996 1.000 0.979 0.982 0.992 0.951 
 110   (0.060) 0.001 0.002 0.001 0.001 0.060 0.118 0.002 0.004 0.001 0.005 0.008 0.004 0.000 0.021 0.018 0.008 0.049 

Locus 169 : 194868_38 
2 alleles
5.6% missing data
 120   (0.943) 0.999 0.998 0.997 1.000 0.943 0.996 0.998 0.890 0.999 0.971 0.991 0.997 1.000 0.998 0.977 0.992 0.947 
 100   (0.057) 0.001 0.002 0.003 0.000 0.057 0.004 0.002 0.110 0.001 0.029 0.009 0.003 0.000 0.002 0.023 0.008 0.053 

Locus 170 : 195463_36 
2 alleles
5.1% missing data
 120   (0.960) 1.000 0.999 0.999 1.000 0.960 0.997 0.999 0.998 0.999 0.856 0.995 0.998 1.000 0.999 0.988 0.996 0.968 
 100   (0.040) 0.000 0.001 0.001 0.000 0.040 0.003 0.001 0.002 0.001 0.144 0.005 0.002 0.000 0.001 0.012 0.004 0.032 

Locus 171 : 195727_20 
2 alleles
1.7% missing data
 130   (0.959) 1.000 0.999 0.999 1.000 0.959 0.914 0.999 0.998 0.999 0.997 0.995 0.998 1.000 0.999 0.989 0.995 0.969 
 110   (0.041) 0.000 0.001 0.001 0.000 0.041 0.086 0.001 0.002 0.001 0.003 0.005 0.002 0.000 0.001 0.011 0.005 0.031 

Locus 172 : 197508_5 
2 alleles
2.2% missing data
 120   (0.964) 1.000 0.999 0.998 1.000 0.963 0.997 0.999 0.990 0.999 0.997 0.994 0.998 1.000 0.999 0.988 0.996 0.966 
 100   (0.036) 0.000 0.001 0.002 0.000 0.037 0.003 0.001 0.010 0.001 0.003 0.006 0.002 0.000 0.001 0.012 0.004 0.034 

Locus 173 : 199140_10 
2 alleles
4.5% missing data
 130   (0.964) 1.000 0.999 0.997 1.000 0.964 0.997 0.999 0.998 0.999 0.997 0.995 0.998 1.000 0.999 0.982 0.996 0.960 
 110   (0.036) 0.000 0.001 0.003 0.000 0.036 0.003 0.001 0.002 0.001 0.003 0.005 0.002 0.000 0.001 0.018 0.004 0.040 

Locus 174 : 199429_51 
2 alleles
5.1% missing data
 130   (0.961) 1.000 0.999 0.999 1.000 0.961 0.997 0.999 0.997 0.992 0.996 0.994 0.991 1.000 0.999 0.985 0.982 0.966 
 100   (0.039) 0.000 0.001 0.001 0.000 0.039 0.003 0.001 0.003 0.008 0.004 0.006 0.009 0.000 0.001 0.015 0.018 0.034 

Locus 175 : 199635_9 
2 alleles
3.4% missing data
 120   (0.958) 1.000 0.999 0.999 1.000 0.958 0.829 0.999 0.997 0.999 0.997 0.995 0.998 1.000 0.999 0.990 0.995 0.967 
 100   (0.042) 0.000 0.001 0.001 0.000 0.042 0.171 0.001 0.003 0.001 0.003 0.005 0.002 0.000 0.001 0.010 0.005 0.033 

Locus 176 : 200923_8 
2 alleles
5.1% missing data
 100   (0.962) 1.000 0.999 0.999 1.000 0.962 0.997 0.999 0.997 0.999 0.994 0.935 0.998 1.000 0.999 0.990 0.996 0.969 
 110   (0.038) 0.000 0.001 0.001 0.000 0.038 0.003 0.001 0.003 0.001 0.006 0.065 0.002 0.000 0.001 0.010 0.004 0.031 

Locus 177 : 201090_64 
2 alleles
5.1% missing data
 130   (0.960) 1.000 0.999 0.999 1.000 0.960 0.997 0.999 0.997 0.996 0.996 0.995 0.943 1.000 0.999 0.989 0.993 0.967 
 100   (0.040) 0.000 0.001 0.001 0.000 0.040 0.003 0.001 0.003 0.004 0.004 0.005 0.057 0.000 0.001 0.011 0.007 0.033 

Locus 178 : 201549_57 
2 alleles
4.5% missing data
 120   (0.961) 1.000 0.999 0.999 1.000 0.961 0.997 0.999 0.998 0.999 0.903 0.995 0.998 1.000 0.999 0.990 0.996 0.969 
 110   (0.039) 0.000 0.001 0.001 0.000 0.039 0.003 0.001 0.002 0.001 0.097 0.005 0.002 0.000 0.001 0.010 0.004 0.031 

Locus 179 : 203565_40 
2 alleles
3.9% missing data
 120   (0.963) 1.000 0.999 0.999 1.000 0.963 0.997 0.999 0.998 0.999 0.997 0.935 0.998 1.000 0.999 0.990 0.995 0.970 
 100   (0.037) 0.000 0.001 0.001 0.000 0.037 0.003 0.001 0.002 0.001 0.003 0.065 0.002 0.000 0.001 0.010 0.005 0.030 

Locus 180 : 205184_19 
2 alleles
7.3% missing data
 110   (0.930) 0.999 0.998 0.999 0.999 0.930 0.760 0.998 0.996 0.999 0.995 0.991 0.996 1.000 0.860 0.980 0.993 0.945 
 120   (0.070) 0.001 0.002 0.001 0.001 0.070 0.240 0.002 0.004 0.001 0.005 0.009 0.004 0.000 0.140 0.020 0.007 0.055 

Locus 181 : 206551_17 
2 alleles
6.2% missing data
 120   (0.904) 0.998 0.996 0.992 0.999 0.904 0.993 0.896 0.994 0.874 0.969 0.940 0.742 0.997 0.997 0.968 0.816 0.916 
 100   (0.096) 0.002 0.004 0.008 0.001 0.096 0.007 0.104 0.006 0.126 0.031 0.060 0.258 0.003 0.003 0.032 0.184 0.084 

Locus 182 : 216246_19 
2 alleles
2.8% missing data
 110   (0.949) 0.999 0.996 0.992 0.999 0.949 0.996 0.999 0.988 0.999 0.987 0.989 0.993 1.000 0.998 0.977 0.986 0.937 
 130   (0.051) 0.001 0.004 0.008 0.001 0.051 0.004 0.001 0.012 0.001 0.013 0.011 0.007 0.000 0.002 0.023 0.014 0.063 

Locus 183 : 216776_13 
2 alleles
5.6% missing data
 120   (0.928) 0.999 0.998 0.999 0.999 0.928 0.728 0.812 0.996 0.999 0.995 0.991 0.996 1.000 0.992 0.980 0.993 0.942 
 110   (0.072) 0.001 0.002 0.001 0.001 0.072 0.272 0.188 0.004 0.001 0.005 0.009 0.004 0.000 0.008 0.020 0.007 0.058 

Locus 184 : 217291_37 
2 alleles
3.9% missing data
 120   (0.957) 1.000 0.999 0.999 1.000 0.957 0.997 0.999 0.997 0.998 0.916 0.994 0.997 1.000 0.999 0.985 0.992 0.956 
 100   (0.043) 0.000 0.001 0.001 0.000 0.043 0.003 0.001 0.003 0.002 0.084 0.006 0.003 0.000 0.001 0.015 0.008 0.044 

Locus 185 : 217570_13 
2 alleles
3.9% missing data
 130   (0.957) 1.000 0.999 0.999 1.000 0.958 0.866 0.999 0.998 0.999 0.997 0.995 0.998 1.000 0.999 0.989 0.996 0.967 
 110   (0.043) 0.000 0.001 0.001 0.000 0.042 0.134 0.001 0.002 0.001 0.003 0.005 0.002 0.000 0.001 0.011 0.004 0.033 

Locus 186 : 220422_65 
2 alleles
3.4% missing data
 120   (0.953) 1.000 0.993 0.998 0.999 0.953 0.996 0.999 0.986 0.998 0.988 0.993 0.989 1.000 0.999 0.977 0.984 0.927 
 110   (0.047) 0.000 0.007 0.002 0.001 0.047 0.004 0.001 0.014 0.002 0.012 0.007 0.011 0.000 0.001 0.023 0.016 0.073 

Locus 187 : 220502_40 
2 alleles
6.7% missing data
 120   (0.960) 0.999 0.965 0.999 0.999 0.960 0.997 0.999 0.997 0.999 0.997 0.995 0.997 1.000 0.998 0.988 0.995 0.967 
 110   (0.040) 0.001 0.035 0.001 0.001 0.040 0.003 0.001 0.003 0.001 0.003 0.005 0.003 0.000 0.002 0.012 0.005 0.033 

Locus 188 : 220519_81 
2 alleles
4.5% missing data
 130   (0.937) 1.000 0.998 0.999 0.999 0.937 0.858 0.998 0.996 0.999 0.995 0.935 0.997 1.000 0.998 0.982 0.993 0.949 
 110   (0.063) 0.000 0.002 0.001 0.001 0.063 0.142 0.002 0.004 0.001 0.005 0.065 0.003 0.000 0.002 0.018 0.007 0.051 

Locus 189 : 222347_17 
2 alleles
3.9% missing data
 120   (0.958) 1.000 0.999 0.999 1.000 0.958 0.892 0.999 0.998 0.999 0.997 0.995 0.998 1.000 0.999 0.988 0.995 0.967 
 100   (0.042) 0.000 0.001 0.001 0.000 0.042 0.108 0.001 0.002 0.001 0.003 0.005 0.002 0.000 0.001 0.012 0.005 0.033 

Locus 190 : 222896_46 
2 alleles
0.6% missing data
 110   (0.960) 1.000 0.999 0.999 1.000 0.960 0.944 0.999 0.998 0.999 0.997 0.995 0.998 1.000 0.999 0.989 0.996 0.968 
 130   (0.040) 0.000 0.001 0.001 0.000 0.040 0.056 0.001 0.002 0.001 0.003 0.005 0.002 0.000 0.001 0.011 0.004 0.032 

Locus 191 : 223181_12 
2 alleles
3.4% missing data
 120   (0.957) 1.000 0.999 0.999 1.000 0.957 0.723 0.999 0.998 0.999 0.997 0.995 0.998 1.000 0.999 0.988 0.995 0.966 
 100   (0.043) 0.000 0.001 0.001 0.000 0.043 0.277 0.001 0.002 0.001 0.003 0.005 0.002 0.000 0.001 0.012 0.005 0.034 

Locus 192 : 224649_57 
2 alleles
5.1% missing data
 100   (0.960) 1.000 0.999 0.999 1.000 0.960 0.997 0.999 0.997 0.999 0.997 0.994 0.998 1.000 0.976 0.987 0.996 0.966 
 110   (0.040) 0.000 0.001 0.001 0.000 0.040 0.003 0.001 0.003 0.001 0.003 0.006 0.002 0.000 0.024 0.013 0.004 0.034 

Locus 193 : 226245_11 
2 alleles
5.1% missing data
 130   (0.961) 1.000 0.911 0.999 0.999 0.961 0.997 0.999 0.996 0.999 0.997 0.994 0.998 1.000 0.999 0.989 0.995 0.969 
 110   (0.039) 0.000 0.089 0.001 0.001 0.039 0.003 0.001 0.004 0.001 0.003 0.006 0.002 0.000 0.001 0.011 0.005 0.031 

Locus 194 : 226342_59 
2 alleles
6.2% missing data
 120   (0.928) 0.997 0.997 0.998 0.999 0.928 0.912 0.996 0.994 0.996 0.994 0.990 0.994 0.998 0.965 0.975 0.988 0.940 
 100   (0.072) 0.003 0.003 0.002 0.001 0.072 0.088 0.004 0.006 0.004 0.006 0.010 0.006 0.002 0.035 0.025 0.012 0.060 

Locus 195 : 228970_13 
2 alleles
3.9% missing data
 120   (0.963) 0.999 0.999 0.999 1.000 0.963 0.997 0.999 0.997 0.999 0.957 0.995 0.998 1.000 0.999 0.988 0.996 0.970 
 100   (0.037) 0.001 0.001 0.001 0.000 0.037 0.003 0.001 0.003 0.001 0.043 0.005 0.002 0.000 0.001 0.012 0.004 0.030 

Locus 196 : 229097_27 
2 alleles
5.1% missing data
 130   (0.958) 1.000 0.999 0.999 1.000 0.958 0.791 0.999 0.997 0.999 0.996 0.995 0.998 1.000 0.999 0.988 0.995 0.968 
 110   (0.042) 0.000 0.001 0.001 0.000 0.042 0.209 0.001 0.003 0.001 0.004 0.005 0.002 0.000 0.001 0.012 0.005 0.032 

Locus 197 : 229177_29 
2 alleles
7.3% missing data
 130   (0.954) 0.998 0.998 0.999 0.999 0.954 0.996 0.830 0.997 0.992 0.997 0.994 0.996 0.989 0.998 0.984 0.951 0.962 
 110   (0.046) 0.002 0.002 0.001 0.001 0.046 0.004 0.170 0.003 0.008 0.003 0.006 0.004 0.011 0.002 0.016 0.049 0.038 

Locus 198 : 229612_7 
2 alleles
6.2% missing data
 100   (0.962) 1.000 0.999 0.999 1.000 0.962 0.997 0.999 0.989 0.999 0.997 0.994 0.998 1.000 0.999 0.987 0.996 0.965 
 120   (0.038) 0.000 0.001 0.001 0.000 0.038 0.003 0.001 0.011 0.001 0.003 0.006 0.002 0.000 0.001 0.013 0.004 0.035 

Locus 199 : 229936_67 
2 alleles
3.9% missing data
 120   (0.962) 0.986 0.986 0.996 0.982 0.962 0.997 0.996 0.998 0.992 0.997 0.995 0.997 0.999 0.999 0.958 0.982 0.955 
 100   (0.038) 0.014 0.014 0.004 0.018 0.038 0.003 0.004 0.002 0.008 0.003 0.005 0.003 0.001 0.001 0.042 0.018 0.045 

Locus 200 : 232937_62 
2 alleles
2.2% missing data
 100   (0.959) 1.000 0.999 0.999 1.000 0.959 0.997 0.991 0.997 0.999 0.997 0.995 0.998 1.000 0.999 0.986 0.994 0.964 
 120   (0.041) 0.000 0.001 0.001 0.000 0.041 0.003 0.009 0.003 0.001 0.003 0.005 0.002 0.000 0.001 0.014 0.006 0.036 

Locus 201 : 233194_6 
2 alleles
2.8% missing data
 120   (0.936) 1.000 0.998 0.999 0.999 0.936 0.663 0.998 0.996 0.999 0.995 0.992 0.996 1.000 0.964 0.979 0.994 0.948 
 100   (0.064) 0.000 0.002 0.001 0.001 0.064 0.337 0.002 0.004 0.001 0.005 0.008 0.004 0.000 0.036 0.021 0.006 0.052 

Locus 202 : 234346_33 
2 alleles
4.5% missing data
 110   (0.963) 1.000 0.999 0.999 1.000 0.963 0.997 0.999 0.998 0.999 0.997 0.996 0.998 1.000 0.809 0.989 0.997 0.970 
 130   (0.037) 0.000 0.001 0.001 0.000 0.037 0.003 0.001 0.002 0.001 0.003 0.004 0.002 0.000 0.191 0.011 0.003 0.030 

Locus 203 : 235241_77 
2 alleles
2.2% missing data
 130   (0.957) 1.000 0.999 0.999 1.000 0.957 0.838 0.999 0.998 0.999 0.997 0.995 0.998 1.000 0.999 0.988 0.995 0.966 
 100   (0.043) 0.000 0.001 0.001 0.000 0.043 0.162 0.001 0.002 0.001 0.003 0.005 0.002 0.000 0.001 0.012 0.005 0.034 

Locus 204 : 236207_44 
2 alleles
6.2% missing data
 120   (0.911) 0.999 0.735 0.998 0.765 0.911 0.993 0.998 0.993 0.998 0.962 0.864 0.995 1.000 0.997 0.974 0.989 0.928 
 100   (0.089) 0.001 0.265 0.002 0.235 0.089 0.007 0.002 0.007 0.002 0.038 0.136 0.005 0.000 0.003 0.026 0.011 0.072 

Locus 205 : 236307_12 
2 alleles
1.7% missing data
 130   (0.951) 0.999 0.997 0.520 0.999 0.952 0.996 0.999 0.997 0.998 0.990 0.992 0.997 1.000 0.998 0.982 0.967 0.958 
 110   (0.049) 0.001 0.003 0.480 0.001 0.048 0.004 0.001 0.003 0.002 0.010 0.008 0.003 0.000 0.002 0.018 0.033 0.042 

Locus 206 : 236931_45 
2 alleles
6.7% missing data
 120   (0.895) 0.999 0.992 0.997 0.999 0.895 0.992 0.997 0.688 0.998 0.707 0.452 0.993 1.000 0.997 0.971 0.988 0.916 
 100   (0.105) 0.001 0.008 0.003 0.001 0.105 0.008 0.003 0.312 0.002 0.293 0.548 0.007 0.000 0.003 0.029 0.012 0.084 

Locus 207 : 236999_38 
2 alleles
2.8% missing data
 120   (0.959) 1.000 0.999 0.999 1.000 0.959 0.945 0.999 0.997 0.999 0.997 0.995 0.998 1.000 0.999 0.989 0.996 0.968 
 100   (0.041) 0.000 0.001 0.001 0.000 0.041 0.055 0.001 0.003 0.001 0.003 0.005 0.002 0.000 0.001 0.011 0.004 0.032 

Locus 208 : 240398_42 
2 alleles
3.9% missing data
 110   (0.858) 0.999 0.995 0.498 0.999 0.857 0.989 0.996 0.828 0.996 0.885 0.448 0.988 0.999 0.996 0.949 0.983 0.872 
 130   (0.142) 0.001 0.005 0.502 0.001 0.143 0.011 0.004 0.172 0.004 0.115 0.552 0.012 0.001 0.004 0.051 0.017 0.128 

Locus 209 : 240825_22 
2 alleles
6.2% missing data
 130   (0.963) 0.999 0.997 0.999 0.997 0.963 0.997 0.998 0.997 0.994 0.997 0.993 0.996 1.000 0.999 0.977 0.993 0.964 
 110   (0.037) 0.001 0.003 0.001 0.003 0.037 0.003 0.002 0.003 0.006 0.003 0.007 0.004 0.000 0.001 0.023 0.007 0.036 

Locus 210 : 244435_48 
2 alleles
1.7% missing data
 110   (0.962) 0.999 0.912 0.999 1.000 0.962 0.997 0.999 0.994 0.999 0.997 0.995 0.997 1.000 0.999 0.988 0.995 0.971 
 130   (0.038) 0.001 0.088 0.001 0.000 0.038 0.003 0.001 0.006 0.001 0.003 0.005 0.003 0.000 0.001 0.012 0.005 0.029 

Locus 211 : 245971_21 
2 alleles
5.1% missing data
 130   (0.960) 1.000 0.999 0.999 1.000 0.960 0.914 0.999 0.998 0.999 0.997 0.995 0.998 1.000 0.999 0.989 0.996 0.968 
 120   (0.040) 0.000 0.001 0.001 0.000 0.040 0.086 0.001 0.002 0.001 0.003 0.005 0.002 0.000 0.001 0.011 0.004 0.032 

Locus 212 : 246895_22 
2 alleles
3.4% missing data
 120   (0.965) 1.000 0.999 0.995 1.000 0.965 0.997 0.999 0.998 0.999 0.997 0.995 0.998 1.000 0.999 0.983 0.994 0.961 
 110   (0.035) 0.000 0.001 0.005 0.000 0.035 0.003 0.001 0.002 0.001 0.003 0.005 0.002 0.000 0.001 0.017 0.006 0.039 

Locus 213 : 248131_26 
2 alleles
7.9% missing data
 130   (0.949) 0.998 0.996 0.998 0.999 0.949 0.996 0.998 0.978 0.997 0.995 0.992 0.931 1.000 0.998 0.979 0.991 0.956 
 110   (0.051) 0.002 0.004 0.002 0.001 0.051 0.004 0.002 0.022 0.003 0.005 0.008 0.069 0.000 0.002 0.021 0.009 0.044 

Locus 214 : 250844_49 
2 alleles
7.3% missing data
 130   (0.961) 1.000 0.999 0.999 1.000 0.961 0.997 0.999 0.986 0.999 0.997 0.995 0.997 1.000 0.999 0.987 0.996 0.964 
 100   (0.039) 0.000 0.001 0.001 0.000 0.039 0.003 0.001 0.014 0.001 0.003 0.005 0.003 0.000 0.001 0.013 0.004 0.036 

Locus 215 : 251283_19 
2 alleles
5.6% missing data
 120   (0.961) 1.000 0.999 0.999 1.000 0.961 0.997 0.999 0.998 0.999 0.997 0.827 0.997 1.000 0.999 0.989 0.996 0.969 
 100   (0.039) 0.000 0.001 0.001 0.000 0.039 0.003 0.001 0.002 0.001 0.003 0.173 0.003 0.000 0.001 0.011 0.004 0.031 

Locus 216 : 251358_15 
2 alleles
8.4% missing data
 110   (0.945) 0.999 0.959 0.999 0.999 0.945 0.996 0.999 0.793 0.999 0.995 0.991 0.997 1.000 0.998 0.984 0.994 0.956 
 120   (0.055) 0.001 0.041 0.001 0.001 0.055 0.004 0.001 0.207 0.001 0.005 0.009 0.003 0.000 0.002 0.016 0.006 0.044 

Locus 217 : 251901_42 
2 alleles
2.2% missing data
 120   (0.961) 1.000 0.998 0.999 0.999 0.961 0.997 0.999 0.998 0.992 0.997 0.994 0.986 1.000 0.999 0.987 0.981 0.969 
 100   (0.039) 0.000 0.002 0.001 0.001 0.039 0.003 0.001 0.002 0.008 0.003 0.006 0.014 0.000 0.001 0.013 0.019 0.031 

Locus 218 : 252158_43 
2 alleles
0.0% missing data
 120   (0.960) 1.000 0.999 0.999 1.000 0.960 0.918 0.999 0.998 0.999 0.997 0.995 0.998 1.000 0.999 0.989 0.996 0.969 
 100   (0.040) 0.000 0.001 0.001 0.000 0.040 0.082 0.001 0.002 0.001 0.003 0.005 0.002 0.000 0.001 0.011 0.004 0.031 

Locus 219 : 252988_16 
2 alleles
7.9% missing data
 110   (0.959) 1.000 0.999 0.999 1.000 0.959 0.997 0.999 0.997 0.999 0.997 0.994 0.565 1.000 0.999 0.987 0.995 0.968 
 100   (0.041) 0.000 0.001 0.001 0.000 0.041 0.003 0.001 0.003 0.001 0.003 0.006 0.435 0.000 0.001 0.013 0.005 0.032 

Locus 220 : 254425_88 
2 alleles
5.6% missing data
 130   (0.926) 0.999 0.998 0.999 0.999 0.926 0.772 0.997 0.995 0.999 0.995 0.990 0.996 1.000 0.878 0.979 0.992 0.941 
 110   (0.074) 0.001 0.002 0.001 0.001 0.074 0.228 0.003 0.005 0.001 0.005 0.010 0.004 0.000 0.122 0.021 0.008 0.059 

Locus 221 : 256337_57 
2 alleles
5.6% missing data
 110   (0.959) 1.000 0.999 0.999 1.000 0.959 0.997 0.999 0.997 0.999 0.997 0.928 0.998 1.000 0.999 0.989 0.995 0.967 
 130   (0.041) 0.000 0.001 0.001 0.000 0.041 0.003 0.001 0.003 0.001 0.003 0.072 0.002 0.000 0.001 0.011 0.005 0.033 

Locus 222 : 259058_15 
2 alleles
1.7% missing data
 120   (0.963) 1.000 0.999 0.999 1.000 0.963 0.997 0.999 0.998 0.999 0.997 0.996 0.998 1.000 0.867 0.989 0.996 0.972 
 100   (0.037) 0.000 0.001 0.001 0.000 0.037 0.003 0.001 0.002 0.001 0.003 0.004 0.002 0.000 0.133 0.011 0.004 0.028 

Locus 223 : 259869_81 
2 alleles
0.6% missing data
 120   (0.961) 1.000 0.999 0.999 1.000 0.961 0.997 0.999 0.998 0.999 0.997 0.995 0.998 1.000 0.938 0.988 0.996 0.968 
 130   (0.039) 0.000 0.001 0.001 0.000 0.039 0.003 0.001 0.002 0.001 0.003 0.005 0.002 0.000 0.062 0.012 0.004 0.032 

Locus 224 : 260700_55 
2 alleles
2.2% missing data
 130   (0.961) 0.999 0.999 0.999 0.999 0.961 0.997 0.981 0.997 0.997 0.997 0.994 0.995 0.999 0.998 0.988 0.989 0.967 
 110   (0.039) 0.001 0.001 0.001 0.001 0.039 0.003 0.019 0.003 0.003 0.003 0.006 0.005 0.001 0.002 0.012 0.011 0.033 

Locus 225 : 262223_11 
2 alleles
4.5% missing data
 130   (0.965) 1.000 0.999 0.999 1.000 0.965 0.997 0.847 0.998 0.999 0.997 0.996 0.998 1.000 0.999 0.990 0.997 0.973 
 100   (0.035) 0.000 0.001 0.001 0.000 0.035 0.003 0.153 0.002 0.001 0.003 0.004 0.002 0.000 0.001 0.010 0.003 0.027 

Locus 226 : 262346_48 
2 alleles
3.4% missing data
 130   (0.958) 1.000 0.999 0.999 1.000 0.958 0.997 0.999 0.997 0.999 0.997 0.408 0.998 1.000 0.999 0.989 0.995 0.967 
 110   (0.042) 0.000 0.001 0.001 0.000 0.042 0.003 0.001 0.003 0.001 0.003 0.592 0.002 0.000 0.001 0.011 0.005 0.033 

Locus 227 : 262620_18 
2 alleles
3.9% missing data
 110   (0.946) 0.998 0.993 0.993 0.994 0.946 0.995 0.998 0.996 0.994 0.995 0.990 0.991 0.998 0.998 0.968 0.989 0.943 
 130   (0.054) 0.002 0.007 0.007 0.006 0.054 0.005 0.002 0.004 0.006 0.005 0.010 0.009 0.002 0.002 0.032 0.011 0.057 

Locus 228 : 263002_42 
2 alleles
3.4% missing data
 120   (0.955) 1.000 0.999 0.999 1.000 0.955 0.996 0.999 0.842 0.999 0.997 0.994 0.998 1.000 0.999 0.988 0.993 0.964 
 100   (0.045) 0.000 0.001 0.001 0.000 0.045 0.004 0.001 0.158 0.001 0.003 0.006 0.002 0.000 0.001 0.012 0.007 0.036 

Locus 229 : 263813_70 
2 alleles
10.1% missing data
 130   (0.957) 1.000 0.999 0.999 1.000 0.957 0.996 0.999 0.997 0.999 0.997 0.994 0.997 1.000 0.933 0.987 0.995 0.966 
 110   (0.043) 0.000 0.001 0.001 0.000 0.043 0.004 0.001 0.003 0.001 0.003 0.006 0.003 0.000 0.067 0.013 0.005 0.034 

Locus 230 : 264184_13 
2 alleles
10.1% missing data
 110   (0.918) 0.999 0.851 0.998 0.999 0.918 0.993 0.998 0.991 0.950 0.993 0.942 0.876 1.000 0.997 0.974 0.933 0.933 
 130   (0.082) 0.001 0.149 0.002 0.001 0.082 0.007 0.002 0.009 0.050 0.007 0.058 0.124 0.000 0.003 0.026 0.067 0.067 

Values of parameters used in structure:
DATAFILE=C:\Users\jmahg\OneDrive\Desktop\Transfers\TrkNbr-1524n1282n1083_AllPops_Structure_p18_r080_LDnHWEx\project_data,	OUTFILE=C:\Users\jmahg\OneDrive\Desktop\Transfers\TrkNbr-1524n1282n1083_AllPops_Structure_p18_r080_LDnHWEx\BI50000_MCMC100000\Results\BI50000_MCMC100000_run_166,	NUMINDS=178,	NUMLOCI=230,	MISSING=0,	LABEL=1,	POPDATA=1,	POPFLAG=0,	PHENOTYPE=0,	EXTRACOLS=0,	MAXPOPS=17,	BURNIN=50000,	NUMREPS=100000,	USEPOPINFO=0,	INFERALPHA=1,	INFERLAMBDA=0,	POPSPECIFICLAMBDA=0,	POPALPHAS=0,	COMPUTEPROB=1,	NOADMIX=0,	ADMBURNIN=2500,	UPDATEFREQ=1,	PRINTLIKES=0,	INTERMEDSAVE=0,	PRINTKLD=0,	PRINTNET=0,	PRINTLAMBDA=0,	ANCESTDIST=0,	NUMBOXES=1000,	ANCESTPINT=0.90000,	GENSBACK=2,	MIGRPRIOR=0.05000,	PRINTQHAT=0,	PRINTQSUM=0,	ALPHA=1.0000,	FREQSCORR=1,	FPRIORMEAN=0.0100,	FPRIORSD=0.0500,	ONEFST=0,	LAMBDA=1.0000,	UNIFPRIORALPHA=1,	ALPHAMAX=10.0000,	ALPHAPRIORA=1.0000,	ALPHAPRIORB=2.0000,	ALPHAPROPSD=0.0250,	STARTATPOPINFO=0,	RANDOMIZE=1,	LINKAGE=0,	METROFREQ=10,	REPORTHITRATE=0,	MARKOVPHASE=-1,	PHASED=0,	PLOIDY=2,	PHASEINFO=0	LOCPRIOR=0, 	LOCPRIORINIT=1.000000, 	LOCDATA=0, 	LOCISPOP=0, 	LOCPRIORSTEP=0.100000, 	MAXLOCPRIOR=20.000000, 	SEED=1603040118,	
[STRAT parameters]:    NUMSIMSTATS=1000,	PHENOTYPECOL=-9,	POOLFREQ=10,	LOCUSxONLY=0,	EMERROR=0.00100,	MISSINGPHENO=-9,	