

----------------------------------------------------
STRUCTURE by Pritchard, Stephens and Donnelly (2000)
     and Falush, Stephens and Pritchard (2003)
       Code by Pritchard, Falush and Hubisz
             Version 2.3.4 (Jul 2012)
----------------------------------------------------



Command line arguments:   bin\structure -m C:\Users\jmahg\OneDrive\Desktop\Transfers\TrkNbr-1524n1282n1083_AllPops_Structure_p18_r080_LDnHWEx\BI50000_MCMC100000\mainparams -e C:\Users\jmahg\OneDrive\Desktop\Transfers\TrkNbr-1524n1282n1083_AllPops_Structure_p18_r080_LDnHWEx\BI50000_MCMC100000\extraparams 
Input File:    C:\Users\jmahg\OneDrive\Desktop\Transfers\TrkNbr-1524n1282n1083_AllPops_Structure_p18_r080_LDnHWEx\project_data

Run parameters:
   178 individuals
   230 loci
   16 populations assumed
   50000 Burn-in period
   100000 Reps


--------------------------------------------
Proportion of membership of each pre-defined
 population in each of the 16 clusters

Given    Inferred Clusters                                                                                                  Number of
 Pop       1      2      3      4      5      6      7      8      9     10     11     12     13     14     15     16      Individuals

  1:     0.027  0.020  0.006  0.005  0.024  0.009  0.011  0.044  0.002  0.318  0.013  0.008  0.008  0.447  0.025  0.033       10
  2:     0.045  0.007  0.006  0.012  0.048  0.034  0.013  0.090  0.002  0.049  0.512  0.036  0.004  0.024  0.053  0.063        8
  3:     0.025  0.007  0.008  0.004  0.073  0.017  0.514  0.102  0.002  0.021  0.011  0.022  0.004  0.008  0.088  0.094       10
  4:     0.038  0.022  0.010  0.008  0.085  0.007  0.020  0.102  0.002  0.027  0.064  0.400  0.016  0.019  0.094  0.087       10
  5:     0.009  0.004  0.011  0.003  0.013  0.003  0.008  0.014  0.878  0.010  0.007  0.005  0.003  0.006  0.012  0.014       10
  6:     0.041  0.008  0.010  0.004  0.110  0.003  0.364  0.118  0.003  0.029  0.015  0.008  0.004  0.015  0.130  0.139       10
  7:     0.035  0.005  0.006  0.003  0.026  0.002  0.010  0.098  0.002  0.677  0.010  0.006  0.003  0.025  0.044  0.047       10
  8:     0.118  0.055  0.009  0.019  0.056  0.043  0.037  0.087  0.002  0.062  0.226  0.039  0.028  0.101  0.063  0.055       10
  9:     0.054  0.006  0.010  0.003  0.125  0.003  0.022  0.247  0.002  0.120  0.016  0.007  0.004  0.023  0.165  0.195       10
 10:     0.040  0.007  0.011  0.004  0.188  0.004  0.027  0.142  0.003  0.025  0.017  0.009  0.005  0.010  0.273  0.236       10
 11:     0.078  0.518  0.008  0.010  0.051  0.034  0.014  0.065  0.002  0.018  0.031  0.013  0.008  0.022  0.064  0.066       10
 12:     0.039  0.538  0.009  0.007  0.042  0.005  0.016  0.043  0.002  0.018  0.053  0.011  0.082  0.040  0.045  0.049       10
 13:     0.015  0.009  0.007  0.006  0.022  0.008  0.012  0.023  0.002  0.016  0.011  0.008  0.801  0.012  0.022  0.025       10
 14:     0.018  0.005  0.709  0.003  0.038  0.005  0.018  0.049  0.009  0.016  0.010  0.007  0.004  0.008  0.051  0.049       10
 15:     0.018  0.005  0.743  0.003  0.033  0.005  0.033  0.037  0.007  0.013  0.009  0.006  0.004  0.008  0.038  0.039       10
 16:     0.062  0.011  0.008  0.014  0.054  0.029  0.031  0.083  0.002  0.043  0.031  0.442  0.007  0.023  0.078  0.079       10
 17:     0.028  0.057  0.007  0.523  0.045  0.008  0.015  0.056  0.003  0.025  0.048  0.023  0.016  0.035  0.054  0.057       10
 18:     0.010  0.005  0.008  0.003  0.019  0.004  0.012  0.023  0.834  0.012  0.007  0.005  0.003  0.006  0.023  0.024       10
--------------------------------------------

Allele-freq. divergence among pops (Net nucleotide distance),
computed using point estimates of P.

      1       2       3       4       5       6       7       8       9      10      11      12      13      14      15      16      
 1      -    0.0018  0.0024  0.0070  0.0006  0.0008  0.0019  0.0009  0.0067  0.0020  0.0039  0.0039  0.0043  0.0010  0.0010  0.0010  
 2   0.0018     -    0.0044  0.0078  0.0023  0.0027  0.0038  0.0028  0.0096  0.0043  0.0056  0.0061  0.0050  0.0027  0.0027  0.0027  
 3   0.0024  0.0044     -    0.0100  0.0017  0.0032  0.0030  0.0019  0.0069  0.0037  0.0059  0.0060  0.0070  0.0036  0.0019  0.0019  
 4   0.0070  0.0078  0.0100     -    0.0077  0.0067  0.0094  0.0084  0.0149  0.0097  0.0069  0.0116  0.0105  0.0086  0.0083  0.0084  
 5   0.0006  0.0023  0.0017  0.0077     -    0.0018  0.0012  0.0002  0.0067  0.0018  0.0038  0.0039  0.0047  0.0016  0.0001  0.0001  
 6   0.0008  0.0027  0.0032  0.0067  0.0018     -    0.0032  0.0026  0.0059  0.0035  0.0050  0.0049  0.0047  0.0021  0.0027  0.0027  
 7   0.0019  0.0038  0.0030  0.0094  0.0012  0.0032     -    0.0013  0.0079  0.0031  0.0053  0.0050  0.0064  0.0031  0.0013  0.0012  
 8   0.0009  0.0028  0.0019  0.0084  0.0002  0.0026  0.0013     -    0.0073  0.0014  0.0040  0.0043  0.0053  0.0017  0.0001  0.0000  
 9   0.0067  0.0096  0.0069  0.0149  0.0067  0.0059  0.0079  0.0073     -    0.0091  0.0112  0.0113  0.0121  0.0084  0.0073  0.0073  
10   0.0020  0.0043  0.0037  0.0097  0.0018  0.0035  0.0031  0.0014  0.0091     -    0.0056  0.0059  0.0069  0.0013  0.0018  0.0017  
11   0.0039  0.0056  0.0059  0.0069  0.0038  0.0050  0.0053  0.0040  0.0112  0.0056     -    0.0080  0.0087  0.0053  0.0040  0.0041  
12   0.0039  0.0061  0.0060  0.0116  0.0039  0.0049  0.0050  0.0043  0.0113  0.0059  0.0080     -    0.0090  0.0053  0.0042  0.0043  
13   0.0043  0.0050  0.0070  0.0105  0.0047  0.0047  0.0064  0.0053  0.0121  0.0069  0.0087  0.0090     -    0.0056  0.0053  0.0053  
14   0.0010  0.0027  0.0036  0.0086  0.0016  0.0021  0.0031  0.0017  0.0084  0.0013  0.0053  0.0053  0.0056     -    0.0020  0.0019  
15   0.0010  0.0027  0.0019  0.0083  0.0001  0.0027  0.0013  0.0001  0.0073  0.0018  0.0040  0.0042  0.0053  0.0020     -    0.0000  
16   0.0010  0.0027  0.0019  0.0084  0.0001  0.0027  0.0012  0.0000  0.0073  0.0017  0.0041  0.0043  0.0053  0.0019  0.0000     -    

Average distances (expected heterozygosity) between individuals in same cluster:
cluster  1  : 0.0485 
cluster  2  : 0.0340 
cluster  3  : 0.0241 
cluster  4  : 0.0449 
cluster  5  : 0.0195 
cluster  6  : 0.0942 
cluster  7  : 0.0147 
cluster  8  : 0.0028 
cluster  9  : 0.0668 
cluster 10  : 0.0103 
cluster 11  : 0.0128 
cluster 12  : 0.0249 
cluster 13  : 0.0407 
cluster 14  : 0.0359 
cluster 15  : 0.0033 
cluster 16  : 0.0015 

--------------------------------------------
Estimated Ln Prob of Data   = -3987.9
Mean value of ln likelihood = -3247.1
Variance of ln likelihood   = 1481.7
Mean value of alpha         = 0.0360

Mean value of Fst_1         = 0.4348
Mean value of Fst_2         = 0.4274
Mean value of Fst_3         = 0.5284
Mean value of Fst_4         = 0.4011
Mean value of Fst_5         = 0.7613
Mean value of Fst_6         = 0.0006
Mean value of Fst_7         = 0.6855
Mean value of Fst_8         = 0.9172
Mean value of Fst_9         = 0.2669
Mean value of Fst_10         = 0.7919
Mean value of Fst_11         = 0.7739
Mean value of Fst_12         = 0.5409
Mean value of Fst_13         = 0.4103
Mean value of Fst_14         = 0.5216
Mean value of Fst_15         = 0.9240
Mean value of Fst_16         = 0.9521


Inferred ancestry of individuals:
        Label (%Miss) Pop:  Inferred clusters
  1 TGCP_WM1    (0)    1 :  0.021 0.009 0.005 0.005 0.033 0.009 0.015 0.041 0.002 0.245 0.020 0.009 0.004 0.502 0.027 0.050 
  2 TGCP_WM10    (1)    1 :  0.050 0.012 0.010 0.005 0.045 0.003 0.024 0.136 0.002 0.240 0.021 0.007 0.004 0.315 0.054 0.072 
  3 TGCP_WM2    (0)    1 :  0.037 0.008 0.007 0.007 0.026 0.054 0.015 0.044 0.003 0.396 0.010 0.008 0.005 0.305 0.035 0.041 
  4 TGCP_WM3    (1)    1 :  0.016 0.012 0.005 0.004 0.021 0.002 0.013 0.020 0.003 0.329 0.007 0.005 0.004 0.507 0.023 0.028 
  5 TGCP_WM4    (0)    1 :  0.017 0.065 0.005 0.004 0.018 0.004 0.010 0.021 0.002 0.252 0.009 0.010 0.002 0.538 0.019 0.023 
  6 TGCP_WM5    (0)    1 :  0.072 0.019 0.007 0.004 0.021 0.006 0.007 0.049 0.002 0.190 0.014 0.007 0.009 0.545 0.026 0.022 
  7 TGCP_WM6    (0)    1 :  0.015 0.020 0.005 0.004 0.021 0.003 0.008 0.019 0.002 0.309 0.011 0.007 0.011 0.519 0.016 0.030 
  8 TGCP_WM7    (0)    1 :  0.014 0.008 0.009 0.011 0.034 0.004 0.009 0.077 0.002 0.635 0.021 0.014 0.020 0.064 0.035 0.043 
  9 TGCP_WM8    (0)    1 :  0.021 0.031 0.005 0.003 0.014 0.003 0.005 0.021 0.002 0.282 0.007 0.004 0.016 0.557 0.010 0.018 
 10 TGCP_WM9    (0)    1 :  0.005 0.013 0.004 0.003 0.009 0.002 0.006 0.008 0.002 0.305 0.006 0.005 0.003 0.615 0.008 0.006 
 11 MRLP_WM123    (3)    2 :  0.063 0.015 0.005 0.004 0.031 0.151 0.007 0.022 0.002 0.012 0.619 0.015 0.004 0.012 0.021 0.018 
 12 MRLP_WM124    (4)    2 :  0.022 0.005 0.006 0.006 0.053 0.002 0.013 0.031 0.002 0.010 0.759 0.007 0.006 0.007 0.032 0.040 
 13 MRLP_WM125    (1)    2 :  0.073 0.011 0.006 0.047 0.020 0.107 0.007 0.029 0.002 0.028 0.586 0.005 0.004 0.029 0.021 0.025 
 14 MRLP_WM126    (2)    2 :  0.049 0.005 0.010 0.003 0.163 0.002 0.027 0.220 0.002 0.029 0.014 0.006 0.004 0.007 0.210 0.250 
 15 MRLP_WM127    (3)    2 :  0.094 0.007 0.008 0.025 0.072 0.005 0.020 0.292 0.003 0.184 0.016 0.007 0.003 0.079 0.088 0.096 
 16 MRLP_WM128    (3)    2 :  0.009 0.004 0.004 0.007 0.011 0.002 0.006 0.010 0.002 0.009 0.902 0.003 0.003 0.004 0.010 0.016 
 17 MRLP_WM129    (7)    2 :  0.028 0.006 0.005 0.003 0.013 0.004 0.017 0.035 0.002 0.034 0.548 0.237 0.004 0.030 0.012 0.020 
 18 MRLP_WM130    (5)    2 :  0.026 0.005 0.008 0.003 0.024 0.002 0.007 0.084 0.002 0.087 0.651 0.007 0.003 0.023 0.029 0.037 
 19 STT_WM183    (2)    3 :  0.032 0.016 0.009 0.006 0.047 0.136 0.606 0.043 0.002 0.016 0.011 0.006 0.004 0.013 0.028 0.025 
 20 STT_WM184    (3)    3 :  0.016 0.007 0.011 0.005 0.031 0.011 0.640 0.088 0.003 0.014 0.013 0.052 0.007 0.006 0.042 0.054 
 21 STT_WM185   (15)    3 :  0.045 0.006 0.011 0.004 0.149 0.002 0.028 0.216 0.002 0.057 0.026 0.009 0.004 0.012 0.214 0.216 
 22 STT_WM186   (13)    3 :  0.039 0.008 0.008 0.004 0.168 0.002 0.022 0.197 0.002 0.031 0.018 0.009 0.005 0.013 0.235 0.239 
 23 STT_WM187   (13)    3 :  0.013 0.007 0.007 0.003 0.025 0.002 0.826 0.028 0.002 0.014 0.008 0.006 0.004 0.007 0.027 0.020 
 24 STT_WM188    (3)    3 :  0.009 0.005 0.005 0.003 0.012 0.002 0.903 0.015 0.002 0.005 0.005 0.005 0.002 0.005 0.012 0.011 
 25 STT_WM189    (0)    3 :  0.046 0.004 0.010 0.003 0.163 0.002 0.023 0.212 0.002 0.029 0.011 0.007 0.003 0.008 0.224 0.251 
 26 STT_WM190   (11)    3 :  0.005 0.003 0.005 0.003 0.015 0.002 0.873 0.032 0.003 0.012 0.006 0.005 0.003 0.005 0.013 0.015 
 27 STT_WM191    (7)    3 :  0.038 0.008 0.008 0.004 0.112 0.003 0.460 0.143 0.002 0.021 0.011 0.008 0.004 0.008 0.073 0.097 
 28 STT_WM192   (12)    3 :  0.007 0.004 0.005 0.005 0.010 0.008 0.755 0.042 0.002 0.008 0.005 0.117 0.004 0.007 0.013 0.008 
 29 FSSP_WM241    (3)    4 :  0.078 0.019 0.013 0.012 0.128 0.010 0.019 0.173 0.003 0.029 0.076 0.113 0.026 0.052 0.108 0.141 
 30 FSSP_WM242   (15)    4 :  0.044 0.007 0.009 0.003 0.161 0.002 0.028 0.200 0.003 0.035 0.014 0.007 0.005 0.010 0.247 0.226 
 31 FSSP_WM243    (6)    4 :  0.010 0.006 0.006 0.002 0.012 0.010 0.007 0.009 0.003 0.007 0.004 0.896 0.003 0.008 0.008 0.008 
 32 FSSP_WM244    (5)    4 :  0.058 0.028 0.012 0.022 0.117 0.009 0.017 0.126 0.002 0.066 0.252 0.025 0.076 0.055 0.093 0.042 
 33 FSSP_WM245   (10)    4 :  0.029 0.006 0.012 0.003 0.123 0.003 0.031 0.170 0.002 0.028 0.016 0.221 0.004 0.013 0.155 0.184 
 34 FSSP_WM246    (6)    4 :  0.073 0.016 0.015 0.005 0.157 0.006 0.044 0.190 0.003 0.042 0.044 0.046 0.008 0.014 0.175 0.162 
 35 FSSP_WM247    (3)    4 :  0.015 0.014 0.004 0.006 0.021 0.009 0.010 0.017 0.002 0.021 0.012 0.808 0.012 0.014 0.020 0.014 
 36 FSSP_WM248    (9)    4 :  0.013 0.016 0.006 0.004 0.012 0.004 0.007 0.015 0.002 0.010 0.013 0.851 0.011 0.006 0.015 0.016 
 37 FSSP_WM249    (6)    4 :  0.022 0.033 0.010 0.005 0.033 0.003 0.018 0.041 0.003 0.015 0.016 0.713 0.006 0.009 0.036 0.036 
 38 FSSP_WM250    (2)    4 :  0.042 0.071 0.010 0.020 0.089 0.016 0.019 0.073 0.002 0.017 0.195 0.315 0.004 0.008 0.080 0.039 
 39 HNL_WM301    (3)    5 :  0.007 0.005 0.009 0.003 0.008 0.002 0.006 0.015 0.892 0.010 0.006 0.005 0.004 0.005 0.012 0.012 
 40 HNL_WM302    (2)    5 :  0.006 0.003 0.004 0.002 0.006 0.002 0.005 0.006 0.937 0.005 0.005 0.003 0.002 0.003 0.006 0.006 
 41 HNL_WM303    (2)    5 :  0.008 0.004 0.010 0.003 0.012 0.002 0.008 0.015 0.876 0.006 0.006 0.006 0.004 0.010 0.015 0.016 
 42 HNL_WM304    (3)    5 :  0.012 0.004 0.017 0.003 0.030 0.003 0.011 0.027 0.805 0.018 0.007 0.007 0.004 0.008 0.022 0.022 
 43 HNL_WM305    (3)    5 :  0.008 0.004 0.007 0.003 0.007 0.006 0.006 0.009 0.909 0.008 0.006 0.005 0.003 0.004 0.007 0.008 
 44 HNL_WM306    (0)    5 :  0.007 0.005 0.011 0.003 0.006 0.004 0.005 0.008 0.917 0.006 0.003 0.004 0.003 0.005 0.006 0.008 
 45 HNL_WM307    (3)    5 :  0.007 0.004 0.006 0.004 0.010 0.002 0.008 0.010 0.892 0.009 0.008 0.005 0.002 0.006 0.010 0.017 
 46 HNL_WM308    (3)    5 :  0.011 0.004 0.012 0.003 0.014 0.002 0.008 0.016 0.878 0.008 0.006 0.004 0.002 0.005 0.017 0.011 
 47 HNL_WM309    (0)    5 :  0.014 0.007 0.022 0.003 0.023 0.009 0.012 0.022 0.808 0.016 0.009 0.007 0.004 0.007 0.015 0.021 
 48 HNL_WM310   (10)    5 :  0.008 0.004 0.011 0.003 0.014 0.002 0.009 0.015 0.865 0.009 0.010 0.006 0.004 0.007 0.012 0.022 
 49 MPO_WM482    (2)    6 :  0.008 0.004 0.006 0.002 0.018 0.002 0.877 0.020 0.003 0.006 0.004 0.004 0.003 0.007 0.018 0.017 
 50 MPO_WM483    (3)    6 :  0.070 0.009 0.010 0.004 0.153 0.004 0.266 0.124 0.003 0.040 0.014 0.008 0.005 0.013 0.129 0.146 
 51 MPO_WM484    (1)    6 :  0.033 0.006 0.011 0.003 0.076 0.002 0.506 0.095 0.003 0.019 0.015 0.008 0.004 0.008 0.102 0.110 
 52 MPO_WM485    (0)    6 :  0.061 0.006 0.006 0.006 0.058 0.006 0.677 0.050 0.002 0.020 0.011 0.009 0.003 0.009 0.052 0.024 
 53 MPO_WM486   (21)    6 :  0.040 0.008 0.011 0.004 0.154 0.002 0.032 0.204 0.002 0.053 0.018 0.011 0.007 0.013 0.205 0.235 
 54 MPO_WM487   (19)    6 :  0.031 0.007 0.013 0.004 0.117 0.003 0.402 0.135 0.002 0.038 0.018 0.009 0.006 0.009 0.086 0.119 
 55 MPO_WM488    (9)    6 :  0.045 0.005 0.012 0.003 0.174 0.002 0.045 0.180 0.002 0.028 0.014 0.007 0.004 0.012 0.227 0.240 
 56 MPO_WM489    (3)    6 :  0.017 0.020 0.006 0.007 0.013 0.003 0.760 0.020 0.003 0.031 0.012 0.007 0.003 0.055 0.020 0.022 
 57 MPO_WM490   (24)    6 :  0.053 0.008 0.011 0.005 0.169 0.002 0.047 0.170 0.003 0.024 0.024 0.007 0.006 0.011 0.217 0.243 
 58 MPO_WM491   (11)    6 :  0.052 0.007 0.009 0.004 0.172 0.002 0.027 0.179 0.003 0.026 0.023 0.007 0.004 0.008 0.244 0.234 
 59 OICP_WM541    (1)    7 :  0.007 0.003 0.006 0.003 0.013 0.002 0.006 0.022 0.002 0.883 0.007 0.004 0.003 0.006 0.015 0.018 
 60 OICP_WM542    (2)    7 :  0.009 0.003 0.005 0.003 0.020 0.002 0.011 0.035 0.002 0.834 0.007 0.004 0.004 0.010 0.022 0.030 
 61 OICP_WM543    (0)    7 :  0.009 0.004 0.004 0.003 0.013 0.002 0.008 0.028 0.002 0.861 0.008 0.006 0.003 0.008 0.019 0.022 
 62 OICP_WM544    (1)    7 :  0.166 0.014 0.005 0.005 0.018 0.006 0.009 0.129 0.002 0.301 0.014 0.015 0.004 0.131 0.116 0.066 
 63 OICP_WM545    (0)    7 :  0.020 0.004 0.005 0.003 0.034 0.002 0.014 0.063 0.002 0.748 0.008 0.008 0.003 0.008 0.041 0.036 
 64 OICP_WM546    (3)    7 :  0.052 0.004 0.008 0.003 0.063 0.002 0.017 0.320 0.002 0.294 0.016 0.005 0.003 0.035 0.068 0.108 
 65 OICP_WM547    (2)    7 :  0.064 0.006 0.007 0.003 0.059 0.002 0.014 0.319 0.002 0.235 0.018 0.007 0.003 0.033 0.106 0.122 
 66 OICP_WM548    (3)    7 :  0.008 0.004 0.005 0.003 0.014 0.002 0.008 0.023 0.002 0.862 0.008 0.004 0.004 0.008 0.020 0.025 
 67 OICP_WM549    (0)    7 :  0.005 0.004 0.004 0.003 0.011 0.002 0.005 0.014 0.001 0.906 0.006 0.003 0.002 0.007 0.013 0.015 
 68 OICP_WM550    (1)    7 :  0.011 0.004 0.007 0.003 0.020 0.002 0.011 0.025 0.002 0.843 0.009 0.006 0.003 0.007 0.021 0.025 
 69 IRO_WM601    (2)    8 :  0.139 0.088 0.009 0.004 0.039 0.005 0.020 0.082 0.002 0.142 0.032 0.025 0.023 0.299 0.042 0.049 
 70 IRO_WM602    (1)    8 :  0.126 0.008 0.009 0.005 0.071 0.008 0.018 0.241 0.002 0.233 0.045 0.007 0.006 0.069 0.067 0.087 
 71 IRO_WM603    (2)    8 :  0.234 0.241 0.008 0.005 0.048 0.012 0.011 0.022 0.002 0.016 0.016 0.014 0.135 0.187 0.031 0.020 
 72 IRO_WM604    (0)    8 :  0.052 0.013 0.008 0.016 0.046 0.204 0.008 0.020 0.002 0.008 0.544 0.005 0.008 0.017 0.035 0.013 
 73 IRO_WM605    (3)    8 :  0.020 0.039 0.007 0.018 0.014 0.002 0.007 0.011 0.002 0.034 0.666 0.004 0.003 0.143 0.012 0.018 
 74 IRO_WM606    (3)    8 :  0.035 0.009 0.009 0.035 0.064 0.005 0.038 0.045 0.002 0.018 0.590 0.012 0.007 0.011 0.066 0.054 
 75 IRO_WM607    (2)    8 :  0.109 0.065 0.009 0.020 0.099 0.012 0.019 0.112 0.002 0.038 0.215 0.083 0.005 0.022 0.104 0.084 
 76 IRO_WM608    (0)    8 :  0.263 0.058 0.006 0.013 0.062 0.059 0.013 0.122 0.002 0.070 0.023 0.020 0.007 0.186 0.057 0.039 
 77 IRO_WM609    (0)    8 :  0.165 0.022 0.008 0.018 0.055 0.109 0.020 0.143 0.002 0.036 0.104 0.009 0.031 0.060 0.116 0.103 
 78 IRO_WM610   (13)    8 :  0.035 0.009 0.013 0.054 0.066 0.013 0.218 0.072 0.004 0.022 0.032 0.210 0.055 0.015 0.098 0.084 
 79 HGRF_WM661    (5)    9 :  0.067 0.004 0.008 0.003 0.063 0.002 0.015 0.326 0.002 0.210 0.015 0.007 0.004 0.033 0.089 0.150 
 80 HGRF_WM662    (5)    9 :  0.043 0.005 0.009 0.003 0.174 0.002 0.026 0.199 0.002 0.024 0.013 0.007 0.004 0.006 0.215 0.267 
 81 HGRF_WM663    (4)    9 :  0.056 0.005 0.010 0.003 0.070 0.002 0.015 0.304 0.003 0.235 0.019 0.007 0.004 0.036 0.094 0.138 
 82 HGRF_WM664    (3)    9 :  0.052 0.005 0.008 0.003 0.174 0.002 0.017 0.261 0.002 0.056 0.014 0.007 0.003 0.014 0.175 0.208 
 83 HGRF_WM665    (1)    9 :  0.081 0.008 0.011 0.005 0.065 0.011 0.022 0.243 0.003 0.281 0.024 0.009 0.006 0.067 0.071 0.094 
 84 HGRF_WM666    (5)    9 :  0.043 0.007 0.014 0.003 0.165 0.002 0.026 0.202 0.002 0.026 0.014 0.007 0.003 0.007 0.237 0.243 
 85 HGRF_WM667    (0)    9 :  0.053 0.005 0.007 0.003 0.146 0.002 0.026 0.178 0.002 0.035 0.015 0.007 0.003 0.008 0.251 0.258 
 86 HGRF_WM668    (4)    9 :  0.051 0.005 0.009 0.002 0.066 0.002 0.018 0.325 0.002 0.250 0.018 0.005 0.005 0.035 0.093 0.113 
 87 HGRF_WM669    (5)    9 :  0.040 0.006 0.011 0.002 0.166 0.002 0.033 0.201 0.002 0.029 0.013 0.008 0.004 0.007 0.236 0.240 
 88 HGRF_WM670    (9)    9 :  0.056 0.007 0.008 0.004 0.157 0.002 0.021 0.227 0.003 0.054 0.014 0.006 0.004 0.016 0.189 0.234 
 89 PTP_WM721    (2)   10 :  0.061 0.010 0.022 0.007 0.112 0.013 0.056 0.211 0.004 0.025 0.023 0.013 0.007 0.014 0.233 0.187 
 90 PTP_WM722    (2)   10 :  0.016 0.009 0.009 0.005 0.263 0.011 0.019 0.021 0.003 0.011 0.010 0.011 0.006 0.014 0.369 0.223 
 91 PTP_WM723   (25)   10 :  0.043 0.007 0.010 0.005 0.156 0.002 0.032 0.172 0.003 0.048 0.029 0.006 0.004 0.009 0.207 0.268 
 92 PTP_WM724   (13)   10 :  0.055 0.007 0.012 0.004 0.161 0.002 0.034 0.204 0.002 0.024 0.013 0.008 0.005 0.009 0.228 0.233 
 93 PTP_WM725   (25)   10 :  0.048 0.008 0.018 0.004 0.146 0.002 0.037 0.205 0.003 0.029 0.015 0.016 0.005 0.011 0.215 0.238 
 94 PTP_WM726   (13)   10 :  0.050 0.007 0.010 0.004 0.161 0.002 0.027 0.194 0.002 0.032 0.020 0.007 0.004 0.011 0.224 0.245 
 95 PTP_WM727   (10)   10 :  0.051 0.006 0.011 0.003 0.164 0.002 0.025 0.169 0.003 0.029 0.031 0.005 0.003 0.008 0.264 0.228 
 96 PTP_WM728    (8)   10 :  0.046 0.006 0.009 0.003 0.174 0.002 0.018 0.201 0.002 0.030 0.013 0.007 0.004 0.007 0.214 0.262 
 97 PTP_WM729    (9)   10 :  0.016 0.005 0.006 0.003 0.274 0.002 0.012 0.024 0.002 0.013 0.007 0.008 0.003 0.006 0.386 0.233 
 98 PTP_WM730    (8)   10 :  0.009 0.004 0.006 0.003 0.273 0.002 0.008 0.021 0.002 0.008 0.006 0.011 0.004 0.007 0.393 0.244 
 99 RRL_WM782    (9)   11 :  0.043 0.006 0.012 0.003 0.142 0.002 0.031 0.222 0.002 0.029 0.016 0.006 0.005 0.008 0.217 0.255 
100 RRL_WM783    (8)   11 :  0.086 0.746 0.008 0.006 0.016 0.003 0.008 0.013 0.003 0.010 0.008 0.012 0.010 0.035 0.018 0.016 
101 RRL_WM784    (1)   11 :  0.024 0.712 0.008 0.013 0.027 0.005 0.016 0.037 0.003 0.013 0.027 0.009 0.013 0.018 0.043 0.034 
102 RRL_WM785    (1)   11 :  0.049 0.005 0.010 0.003 0.175 0.002 0.021 0.210 0.002 0.026 0.017 0.008 0.004 0.008 0.220 0.241 
103 RRL_WM786    (2)   11 :  0.144 0.653 0.004 0.029 0.012 0.004 0.008 0.015 0.002 0.007 0.074 0.013 0.006 0.008 0.011 0.009 
104 RRL_WM787    (3)   11 :  0.147 0.563 0.007 0.007 0.029 0.008 0.008 0.040 0.002 0.050 0.018 0.010 0.006 0.074 0.017 0.016 
105 RRL_WM788    (0)   11 :  0.061 0.678 0.004 0.005 0.017 0.152 0.006 0.009 0.002 0.007 0.005 0.012 0.006 0.018 0.008 0.009 
106 RRL_WM789    (2)   11 :  0.058 0.832 0.005 0.007 0.009 0.004 0.008 0.010 0.002 0.007 0.011 0.004 0.014 0.012 0.008 0.008 
107 RRL_WM790    (0)   11 :  0.124 0.391 0.008 0.022 0.042 0.151 0.011 0.035 0.003 0.010 0.112 0.006 0.007 0.013 0.041 0.024 
108 RRL_WM791    (0)   11 :  0.039 0.589 0.008 0.006 0.042 0.010 0.020 0.059 0.003 0.023 0.021 0.045 0.004 0.029 0.053 0.050 
109 RRO_WM842    (0)   12 :  0.021 0.710 0.007 0.015 0.033 0.004 0.009 0.027 0.002 0.012 0.071 0.012 0.009 0.018 0.034 0.017 
110 RRO_WM843    (7)   12 :  0.149 0.430 0.008 0.011 0.019 0.009 0.010 0.020 0.002 0.014 0.032 0.007 0.221 0.033 0.019 0.017 
111 RRO_WM844    (2)   12 :  0.029 0.028 0.013 0.005 0.058 0.003 0.015 0.057 0.002 0.019 0.268 0.009 0.343 0.008 0.079 0.067 
112 RRO_WM845    (4)   12 :  0.009 0.838 0.005 0.003 0.012 0.003 0.008 0.016 0.002 0.008 0.007 0.004 0.053 0.007 0.011 0.013 
113 RRO_WM846   (10)   12 :  0.017 0.660 0.013 0.009 0.045 0.003 0.018 0.050 0.002 0.014 0.009 0.010 0.025 0.015 0.056 0.055 
114 RRO_WM847    (6)   12 :  0.035 0.555 0.007 0.010 0.049 0.006 0.016 0.042 0.002 0.009 0.089 0.007 0.078 0.045 0.023 0.028 
115 RRO_WM848    (4)   12 :  0.044 0.366 0.010 0.004 0.072 0.013 0.042 0.097 0.003 0.029 0.017 0.040 0.016 0.034 0.088 0.124 
116 RRO_WM849    (5)   12 :  0.017 0.572 0.007 0.005 0.029 0.003 0.009 0.023 0.002 0.033 0.009 0.005 0.013 0.222 0.024 0.027 
117 RRO_WM850    (2)   12 :  0.028 0.786 0.007 0.004 0.038 0.002 0.013 0.026 0.002 0.014 0.014 0.008 0.005 0.005 0.025 0.022 
118 RRO_WM851    (1)   12 :  0.038 0.436 0.010 0.003 0.068 0.004 0.024 0.076 0.002 0.026 0.016 0.013 0.058 0.011 0.090 0.123 
119 CPS_WM901    (2)   13 :  0.015 0.017 0.005 0.005 0.011 0.003 0.006 0.016 0.002 0.009 0.019 0.006 0.854 0.006 0.012 0.014 
120 CPS_WM902    (2)   13 :  0.008 0.008 0.007 0.009 0.011 0.003 0.006 0.014 0.002 0.050 0.005 0.005 0.828 0.022 0.008 0.014 
121 CPS_WM903    (5)   13 :  0.007 0.011 0.004 0.007 0.011 0.003 0.006 0.010 0.002 0.006 0.011 0.004 0.891 0.005 0.011 0.012 
122 CPS_WM904    (1)   13 :  0.016 0.010 0.005 0.012 0.017 0.017 0.012 0.015 0.002 0.011 0.010 0.007 0.831 0.008 0.014 0.011 
123 CPS_WM905    (2)   13 :  0.022 0.008 0.005 0.006 0.016 0.030 0.017 0.011 0.002 0.006 0.006 0.024 0.819 0.010 0.009 0.009 
124 CPS_WM906    (3)   13 :  0.018 0.007 0.007 0.003 0.019 0.002 0.010 0.022 0.002 0.012 0.007 0.006 0.804 0.031 0.020 0.031 
125 CPS_WM907    (6)   13 :  0.018 0.007 0.008 0.003 0.036 0.002 0.018 0.044 0.002 0.018 0.012 0.008 0.703 0.007 0.048 0.065 
126 CPS_WM908    (3)   13 :  0.017 0.011 0.013 0.009 0.037 0.005 0.021 0.048 0.003 0.021 0.020 0.010 0.681 0.010 0.052 0.044 
127 CPS_WM909    (2)   13 :  0.015 0.011 0.007 0.004 0.045 0.003 0.014 0.032 0.002 0.016 0.015 0.009 0.746 0.011 0.037 0.033 
128 CPS_WM910    (1)   13 :  0.013 0.005 0.007 0.004 0.017 0.008 0.013 0.014 0.002 0.010 0.008 0.005 0.850 0.010 0.013 0.018 
129 PPNP_WM962    (1)   14 :  0.007 0.004 0.919 0.003 0.007 0.004 0.008 0.009 0.004 0.008 0.004 0.003 0.003 0.004 0.008 0.006 
130 PPNP_WM963    (0)   14 :  0.019 0.006 0.679 0.004 0.042 0.008 0.019 0.038 0.013 0.023 0.016 0.009 0.005 0.008 0.046 0.065 
131 PPNP_WM964    (0)   14 :  0.016 0.003 0.829 0.003 0.011 0.015 0.008 0.021 0.047 0.008 0.005 0.004 0.005 0.007 0.008 0.009 
132 PPNP_WM965    (4)   14 :  0.014 0.004 0.847 0.004 0.013 0.002 0.013 0.022 0.002 0.013 0.009 0.006 0.004 0.005 0.016 0.026 
133 PPNP_WM966    (4)   14 :  0.005 0.004 0.918 0.002 0.010 0.002 0.006 0.009 0.002 0.007 0.006 0.004 0.003 0.005 0.009 0.008 
134 PPNP_WM967    (4)   14 :  0.015 0.007 0.695 0.004 0.039 0.002 0.020 0.057 0.002 0.018 0.007 0.006 0.005 0.009 0.056 0.058 
135 PPNP_WM968    (5)   14 :  0.046 0.007 0.095 0.004 0.132 0.008 0.063 0.179 0.012 0.031 0.016 0.017 0.005 0.016 0.206 0.163 
136 PPNP_WM969    (2)   14 :  0.020 0.006 0.715 0.003 0.056 0.002 0.011 0.044 0.002 0.015 0.010 0.006 0.003 0.008 0.056 0.043 
137 PPNP_WM970    (2)   14 :  0.018 0.005 0.685 0.003 0.036 0.003 0.023 0.075 0.004 0.022 0.012 0.005 0.004 0.009 0.051 0.044 
138 PPNP_WM971    (2)   14 :  0.020 0.007 0.706 0.004 0.037 0.002 0.014 0.039 0.002 0.018 0.012 0.008 0.004 0.010 0.054 0.064 
139 FPPI_WM1021    (4)   15 :  0.022 0.007 0.798 0.004 0.024 0.010 0.014 0.025 0.003 0.014 0.008 0.007 0.004 0.007 0.028 0.025 
140 FPPI_WM1022    (4)   15 :  0.018 0.006 0.518 0.004 0.044 0.004 0.209 0.050 0.020 0.013 0.008 0.005 0.004 0.011 0.043 0.042 
141 FPPI_WM1023    (1)   15 :  0.013 0.005 0.779 0.003 0.027 0.002 0.017 0.032 0.005 0.017 0.010 0.006 0.004 0.008 0.037 0.035 
142 FPPI_WM1024    (5)   15 :  0.019 0.006 0.704 0.002 0.044 0.002 0.026 0.051 0.002 0.016 0.009 0.006 0.004 0.010 0.047 0.051 
143 FPPI_WM1025    (6)   15 :  0.020 0.006 0.693 0.003 0.048 0.002 0.017 0.043 0.004 0.025 0.012 0.006 0.004 0.009 0.050 0.057 
144 FPPI_WM1026    (1)   15 :  0.010 0.003 0.895 0.002 0.010 0.002 0.007 0.010 0.003 0.005 0.008 0.004 0.003 0.005 0.014 0.019 
145 FPPI_WM1027    (3)   15 :  0.004 0.003 0.923 0.002 0.010 0.002 0.004 0.012 0.002 0.006 0.004 0.004 0.003 0.003 0.010 0.009 
146 FPPI_WM1028    (2)   15 :  0.009 0.004 0.865 0.003 0.015 0.002 0.009 0.020 0.007 0.011 0.006 0.004 0.003 0.004 0.017 0.020 
147 FPPI_WM1029    (3)   15 :  0.047 0.005 0.390 0.005 0.090 0.003 0.020 0.123 0.026 0.021 0.013 0.008 0.004 0.008 0.118 0.119 
148 FPPI_WM1030    (1)   15 :  0.013 0.005 0.867 0.004 0.014 0.020 0.008 0.009 0.004 0.007 0.006 0.007 0.004 0.012 0.012 0.010 
149 CRWA_WM1082    (2)   16 :  0.006 0.003 0.003 0.002 0.008 0.002 0.005 0.009 0.002 0.004 0.005 0.920 0.002 0.004 0.019 0.008 
150 CRWA_WM1084    (5)   16 :  0.058 0.005 0.008 0.007 0.033 0.003 0.012 0.125 0.002 0.108 0.017 0.413 0.004 0.033 0.077 0.094 
151 CRWA_WM1085    (2)   16 :  0.042 0.006 0.010 0.009 0.078 0.003 0.014 0.081 0.002 0.026 0.014 0.492 0.004 0.010 0.103 0.106 
152 CRWA_WM1086    (9)   16 :  0.144 0.032 0.013 0.006 0.116 0.007 0.116 0.109 0.003 0.025 0.020 0.084 0.006 0.037 0.159 0.122 
153 CRWA_WM1087    (0)   16 :  0.047 0.006 0.010 0.012 0.038 0.103 0.027 0.045 0.003 0.016 0.014 0.512 0.026 0.015 0.062 0.064 
154 CRWA_WM1088    (1)   16 :  0.163 0.007 0.006 0.023 0.056 0.025 0.066 0.193 0.003 0.098 0.018 0.055 0.005 0.046 0.123 0.110 
155 CRWA_WM1089    (3)   16 :  0.026 0.005 0.008 0.003 0.053 0.003 0.031 0.076 0.003 0.030 0.012 0.587 0.004 0.019 0.056 0.085 
156 CRWA_WM1090    (0)   16 :  0.045 0.028 0.010 0.062 0.107 0.008 0.024 0.097 0.002 0.024 0.190 0.164 0.005 0.012 0.099 0.121 
157 CRWA_WM1092    (1)   16 :  0.054 0.008 0.010 0.013 0.037 0.105 0.011 0.035 0.003 0.028 0.015 0.546 0.006 0.020 0.052 0.059 
158 CRWA_WM1093    (1)   16 :  0.039 0.007 0.006 0.004 0.015 0.032 0.007 0.062 0.002 0.075 0.008 0.647 0.005 0.039 0.026 0.026 
159 PCRA_WM1141    (3)   17 :  0.018 0.010 0.008 0.523 0.039 0.003 0.013 0.043 0.002 0.017 0.196 0.038 0.005 0.006 0.032 0.048 
160 PCRA_WM1142    (3)   17 :  0.028 0.007 0.008 0.637 0.053 0.002 0.020 0.055 0.003 0.016 0.027 0.011 0.005 0.009 0.057 0.062 
161 PCRA_WM1143    (1)   17 :  0.037 0.008 0.010 0.453 0.086 0.002 0.027 0.072 0.003 0.025 0.058 0.009 0.004 0.007 0.082 0.116 
162 PCRA_WM1144    (2)   17 :  0.025 0.470 0.011 0.012 0.040 0.003 0.017 0.056 0.002 0.037 0.012 0.010 0.014 0.206 0.037 0.047 
163 PCRA_WM1145    (4)   17 :  0.029 0.012 0.008 0.323 0.079 0.005 0.020 0.119 0.002 0.062 0.050 0.017 0.018 0.012 0.100 0.144 
164 PCRA_WM1146    (2)   17 :  0.013 0.014 0.004 0.746 0.010 0.013 0.009 0.012 0.002 0.018 0.011 0.076 0.010 0.037 0.014 0.010 
165 PCRA_WM1147    (1)   17 :  0.081 0.009 0.007 0.127 0.112 0.002 0.027 0.171 0.002 0.025 0.091 0.050 0.004 0.012 0.175 0.106 
166 PCRA_WM1148    (0)   17 :  0.012 0.008 0.004 0.868 0.011 0.014 0.007 0.012 0.002 0.009 0.017 0.004 0.003 0.011 0.012 0.006 
167 PCRA_WM1149    (1)   17 :  0.019 0.022 0.004 0.724 0.014 0.013 0.007 0.010 0.002 0.019 0.006 0.008 0.092 0.034 0.011 0.013 
168 PCRA_WM1150    (0)   17 :  0.022 0.012 0.004 0.815 0.010 0.018 0.007 0.011 0.006 0.023 0.010 0.006 0.003 0.019 0.018 0.015 
169 DHFA_WM1202    (3)   18 :  0.018 0.005 0.011 0.003 0.043 0.003 0.025 0.044 0.668 0.021 0.011 0.009 0.004 0.007 0.053 0.074 
170 DHFA_WM1203    (1)   18 :  0.014 0.008 0.019 0.005 0.031 0.003 0.022 0.050 0.702 0.021 0.014 0.009 0.003 0.009 0.058 0.031 
171 DHFA_WM1204    (2)   18 :  0.011 0.006 0.015 0.004 0.030 0.003 0.017 0.040 0.733 0.016 0.011 0.007 0.005 0.008 0.035 0.058 
172 DHFA_WM1205    (5)   18 :  0.007 0.004 0.004 0.003 0.008 0.003 0.007 0.011 0.911 0.006 0.005 0.004 0.003 0.005 0.011 0.009 
173 DHFA_WM1206    (4)   18 :  0.011 0.004 0.005 0.003 0.013 0.002 0.008 0.016 0.881 0.008 0.008 0.005 0.003 0.007 0.014 0.012 
174 DHFA_WM1207    (2)   18 :  0.005 0.003 0.003 0.003 0.005 0.002 0.004 0.004 0.940 0.006 0.004 0.003 0.003 0.004 0.007 0.005 
175 DHFA_WM1208    (3)   18 :  0.009 0.004 0.007 0.002 0.009 0.003 0.008 0.009 0.902 0.005 0.005 0.004 0.003 0.006 0.009 0.014 
176 DHFA_WM1209    (1)   18 :  0.008 0.004 0.004 0.003 0.007 0.011 0.006 0.005 0.920 0.006 0.004 0.003 0.003 0.004 0.006 0.007 
177 DHFA_WM1210    (0)   18 :  0.004 0.002 0.002 0.002 0.003 0.004 0.003 0.005 0.957 0.003 0.002 0.002 0.002 0.003 0.003 0.003 
178 DHFA_WM1211    (2)   18 :  0.015 0.007 0.011 0.005 0.042 0.002 0.016 0.049 0.728 0.024 0.010 0.007 0.004 0.008 0.039 0.032 


Estimated Allele Frequencies in each cluster
First column gives estimated ancestral frequencies


Locus 1 : 953_21 
2 alleles
4.5% missing data
 120   (0.958) 0.985 0.998 0.894 0.995 0.993 0.958 0.999 1.000 0.997 1.000 0.999 0.998 0.997 0.992 1.000 1.000 
 100   (0.042) 0.015 0.002 0.106 0.005 0.007 0.042 0.001 0.000 0.003 0.000 0.001 0.002 0.003 0.008 0.000 0.000 

Locus 2 : 2370_26 
2 alleles
6.2% missing data
 110   (0.956) 0.984 0.997 0.780 0.995 0.993 0.956 0.999 1.000 0.997 1.000 0.999 0.998 0.997 0.992 1.000 1.000 
 130   (0.044) 0.016 0.003 0.220 0.005 0.007 0.044 0.001 0.000 0.003 0.000 0.001 0.002 0.003 0.008 0.000 0.000 

Locus 3 : 2692_87 
2 alleles
1.7% missing data
 130   (0.954) 0.983 0.997 0.999 0.995 0.992 0.954 0.999 1.000 0.764 1.000 0.999 0.998 0.997 0.991 1.000 1.000 
 120   (0.046) 0.017 0.003 0.001 0.005 0.008 0.046 0.001 0.000 0.236 0.000 0.001 0.002 0.003 0.009 0.000 0.000 

Locus 4 : 2828_58 
2 alleles
6.7% missing data
 100   (0.935) 0.952 0.994 0.998 0.826 0.985 0.935 0.998 0.992 0.995 0.995 0.998 0.996 0.994 0.968 0.994 0.998 
 120   (0.065) 0.048 0.006 0.002 0.174 0.015 0.065 0.002 0.008 0.005 0.005 0.002 0.004 0.006 0.032 0.006 0.002 

Locus 5 : 6398_73 
2 alleles
6.2% missing data
 130   (0.925) 0.970 0.996 0.787 0.991 0.986 0.925 0.998 1.000 0.639 0.999 0.999 0.996 0.994 0.985 1.000 1.000 
 100   (0.075) 0.030 0.004 0.213 0.009 0.014 0.075 0.002 0.000 0.361 0.001 0.001 0.004 0.006 0.015 0.000 0.000 

Locus 6 : 7469_71 
2 alleles
5.1% missing data
 130   (0.958) 0.979 0.996 0.998 0.993 0.985 0.958 0.998 0.999 0.997 0.999 0.999 0.997 0.995 0.989 0.991 0.997 
 110   (0.042) 0.021 0.004 0.002 0.007 0.015 0.042 0.002 0.001 0.003 0.001 0.001 0.003 0.005 0.011 0.009 0.003 

Locus 7 : 7615_47 
2 alleles
5.1% missing data
 130   (0.961) 0.981 0.996 0.998 0.992 0.991 0.961 0.996 0.997 0.996 0.999 0.998 0.997 0.996 0.987 0.996 0.998 
 100   (0.039) 0.019 0.004 0.002 0.008 0.009 0.039 0.004 0.003 0.004 0.001 0.002 0.003 0.004 0.013 0.004 0.002 

Locus 8 : 8211_10 
2 alleles
2.8% missing data
 120   (0.961) 0.985 0.998 0.999 0.995 0.993 0.961 0.999 1.000 0.936 1.000 0.999 0.998 0.997 0.992 1.000 1.000 
 100   (0.039) 0.015 0.002 0.001 0.005 0.007 0.039 0.001 0.000 0.064 0.000 0.001 0.002 0.003 0.008 0.000 0.000 

Locus 9 : 8394_14 
2 alleles
2.2% missing data
 110   (0.958) 0.985 0.997 0.855 0.995 0.993 0.958 0.998 1.000 0.996 1.000 0.999 0.998 0.997 0.992 1.000 1.000 
 130   (0.042) 0.015 0.003 0.145 0.005 0.007 0.042 0.002 0.000 0.004 0.000 0.001 0.002 0.003 0.008 0.000 0.000 

Locus 10 : 9621_63 
2 alleles
3.9% missing data
 130   (0.958) 0.984 0.998 0.999 0.995 0.992 0.958 0.999 1.000 0.939 1.000 0.999 0.998 0.997 0.992 1.000 1.000 
 110   (0.042) 0.016 0.002 0.001 0.005 0.008 0.042 0.001 0.000 0.061 0.000 0.001 0.002 0.003 0.008 0.000 0.000 

Locus 11 : 9880_35 
2 alleles
4.5% missing data
 120   (0.951) 0.981 0.997 0.999 0.994 0.991 0.951 0.999 1.000 0.704 1.000 0.999 0.998 0.996 0.990 1.000 1.000 
 100   (0.049) 0.019 0.003 0.001 0.006 0.009 0.049 0.001 0.000 0.296 0.000 0.001 0.002 0.004 0.010 0.000 0.000 

Locus 12 : 11163_16 
2 alleles
7.9% missing data
 130   (0.957) 0.984 0.998 0.999 0.995 0.992 0.957 0.999 1.000 0.913 1.000 0.999 0.998 0.997 0.992 1.000 1.000 
 110   (0.043) 0.016 0.002 0.001 0.005 0.008 0.043 0.001 0.000 0.087 0.000 0.001 0.002 0.003 0.008 0.000 0.000 

Locus 13 : 11991_31 
2 alleles
4.5% missing data
 120   (0.932) 0.936 0.972 0.997 0.986 0.980 0.932 0.998 0.998 0.995 0.999 0.993 0.992 0.995 0.969 0.995 0.999 
 100   (0.068) 0.064 0.028 0.003 0.014 0.020 0.068 0.002 0.002 0.005 0.001 0.007 0.008 0.005 0.031 0.005 0.001 

Locus 14 : 12766_17 
2 alleles
2.2% missing data
 120   (0.962) 0.985 0.997 0.999 0.933 0.994 0.962 0.999 1.000 0.997 1.000 0.999 0.998 0.995 0.992 1.000 1.000 
 100   (0.038) 0.015 0.003 0.001 0.067 0.006 0.038 0.001 0.000 0.003 0.000 0.001 0.002 0.005 0.008 0.000 0.000 

Locus 15 : 13496_14 
2 alleles
5.1% missing data
 110   (0.960) 0.984 0.998 0.999 0.995 0.993 0.960 0.999 1.000 0.997 1.000 0.999 0.998 0.678 0.992 1.000 1.000 
 100   (0.040) 0.016 0.002 0.001 0.005 0.007 0.040 0.001 0.000 0.003 0.000 0.001 0.002 0.322 0.008 0.000 0.000 

Locus 16 : 14394_41 
2 alleles
2.2% missing data
 130   (0.960) 0.985 0.998 0.999 0.930 0.994 0.960 0.999 1.000 0.997 1.000 0.999 0.998 0.997 0.992 1.000 1.000 
 110   (0.040) 0.015 0.002 0.001 0.070 0.006 0.040 0.001 0.000 0.003 0.000 0.001 0.002 0.003 0.008 0.000 0.000 

Locus 17 : 16285_24 
2 alleles
6.2% missing data
 130   (0.956) 0.983 0.998 0.999 0.995 0.992 0.956 0.999 1.000 0.875 1.000 0.999 0.998 0.997 0.992 1.000 1.000 
 100   (0.044) 0.017 0.002 0.001 0.005 0.008 0.044 0.001 0.000 0.125 0.000 0.001 0.002 0.003 0.008 0.000 0.000 

Locus 18 : 18821_69 
2 alleles
7.3% missing data
 120   (0.958) 0.984 0.997 0.999 0.995 0.992 0.958 0.703 0.999 0.997 1.000 0.999 0.998 0.997 0.992 0.999 1.000 
 110   (0.042) 0.016 0.003 0.001 0.005 0.008 0.042 0.297 0.001 0.003 0.000 0.001 0.002 0.003 0.008 0.001 0.000 

Locus 19 : 19006_32 
2 alleles
6.7% missing data
 120   (0.923) 0.968 0.996 0.788 0.991 0.985 0.923 0.998 1.000 0.659 0.999 0.999 0.996 0.994 0.984 1.000 1.000 
 110   (0.077) 0.032 0.004 0.212 0.009 0.015 0.077 0.002 0.000 0.341 0.001 0.001 0.004 0.006 0.016 0.000 0.000 

Locus 20 : 19602_58 
2 alleles
4.5% missing data
 120   (0.963) 0.986 0.998 0.999 0.996 0.994 0.963 0.999 1.000 0.973 1.000 0.999 0.998 0.997 0.993 1.000 1.000 
 100   (0.037) 0.014 0.002 0.001 0.004 0.006 0.037 0.001 0.000 0.027 0.000 0.001 0.002 0.003 0.007 0.000 0.000 

Locus 21 : 20143_24 
2 alleles
3.4% missing data
 120   (0.961) 0.983 0.997 0.999 0.995 0.993 0.961 0.999 1.000 0.997 1.000 0.999 0.998 0.962 0.992 1.000 1.000 
 100   (0.039) 0.017 0.003 0.001 0.005 0.007 0.039 0.001 0.000 0.003 0.000 0.001 0.002 0.038 0.008 0.000 0.000 

Locus 22 : 21661_29 
2 alleles
2.2% missing data
 120   (0.957) 0.985 0.997 0.999 0.995 0.994 0.957 0.999 1.000 0.892 1.000 0.999 0.998 0.997 0.993 1.000 1.000 
 100   (0.043) 0.015 0.003 0.001 0.005 0.006 0.043 0.001 0.000 0.108 0.000 0.001 0.002 0.003 0.007 0.000 0.000 

Locus 23 : 22603_12 
2 alleles
5.1% missing data
 130   (0.958) 0.984 0.998 0.999 0.995 0.993 0.958 0.999 1.000 0.944 1.000 0.999 0.998 0.997 0.992 1.000 1.000 
 110   (0.042) 0.016 0.002 0.001 0.005 0.007 0.042 0.001 0.000 0.056 0.000 0.001 0.002 0.003 0.008 0.000 0.000 

Locus 24 : 25109_23 
2 alleles
1.7% missing data
 120   (0.934) 0.972 0.995 0.998 0.945 0.987 0.934 0.998 0.997 0.995 0.999 0.990 0.826 0.993 0.984 0.999 0.998 
 100   (0.066) 0.028 0.005 0.002 0.055 0.013 0.066 0.002 0.003 0.005 0.001 0.010 0.174 0.007 0.016 0.001 0.002 

Locus 25 : 25511_77 
2 alleles
5.1% missing data
 130   (0.959) 0.982 0.998 0.936 0.995 0.992 0.959 0.999 1.000 0.997 1.000 0.999 0.998 0.997 0.991 1.000 1.000 
 110   (0.041) 0.018 0.002 0.064 0.005 0.008 0.041 0.001 0.000 0.003 0.000 0.001 0.002 0.003 0.009 0.000 0.000 

Locus 26 : 26816_9 
2 alleles
5.6% missing data
 110   (0.883) 0.822 0.832 0.996 0.984 0.963 0.883 0.995 0.998 0.991 0.998 0.972 0.675 0.985 0.910 0.992 0.999 
 130   (0.117) 0.178 0.168 0.004 0.016 0.037 0.117 0.005 0.002 0.009 0.002 0.028 0.325 0.015 0.090 0.008 0.001 

Locus 27 : 29455_86 
2 alleles
5.6% missing data
 120   (0.961) 0.978 0.998 0.999 0.990 0.993 0.961 0.999 1.000 0.997 1.000 0.992 0.998 0.996 0.989 1.000 1.000 
 110   (0.039) 0.022 0.002 0.001 0.010 0.007 0.039 0.001 0.000 0.003 0.000 0.008 0.002 0.004 0.011 0.000 0.000 

Locus 28 : 30970_30 
2 alleles
6.7% missing data
 120   (0.961) 0.984 0.997 0.999 0.994 0.993 0.961 0.999 1.000 0.997 1.000 0.999 0.998 0.955 0.992 1.000 1.000 
 110   (0.039) 0.016 0.003 0.001 0.006 0.007 0.039 0.001 0.000 0.003 0.000 0.001 0.002 0.045 0.008 0.000 0.000 

Locus 29 : 33052_5 
2 alleles
1.1% missing data
 130   (0.959) 0.984 0.997 0.999 0.994 0.993 0.959 0.970 0.999 0.997 1.000 0.999 0.991 0.997 0.991 1.000 1.000 
 110   (0.041) 0.016 0.003 0.001 0.006 0.007 0.041 0.030 0.001 0.003 0.000 0.001 0.009 0.003 0.009 0.000 0.000 

Locus 30 : 33744_32 
2 alleles
2.8% missing data
 130   (0.958) 0.984 0.998 0.999 0.995 0.993 0.958 0.874 1.000 0.997 1.000 0.999 0.998 0.997 0.992 1.000 1.000 
 110   (0.042) 0.016 0.002 0.001 0.005 0.007 0.042 0.126 0.000 0.003 0.000 0.001 0.002 0.003 0.008 0.000 0.000 

Locus 31 : 34805_8 
2 alleles
4.5% missing data
 110   (0.942) 0.974 0.997 0.998 0.749 0.990 0.942 0.999 1.000 0.996 0.999 0.993 0.997 0.996 0.987 1.000 1.000 
 120   (0.058) 0.026 0.003 0.002 0.251 0.010 0.058 0.001 0.000 0.004 0.001 0.007 0.003 0.004 0.013 0.000 0.000 

Locus 32 : 35345_10 
2 alleles
5.1% missing data
 130   (0.956) 0.972 0.997 0.999 0.993 0.985 0.956 0.941 0.997 0.997 0.998 0.998 0.997 0.996 0.988 0.995 0.999 
 110   (0.044) 0.028 0.003 0.001 0.007 0.015 0.044 0.059 0.003 0.003 0.002 0.002 0.003 0.004 0.012 0.005 0.001 

Locus 33 : 35769_30 
2 alleles
6.2% missing data
 110   (0.940) 0.976 0.996 0.998 0.929 0.989 0.940 0.998 1.000 0.996 0.999 0.999 0.995 0.954 0.987 0.999 1.000 
 100   (0.060) 0.024 0.004 0.002 0.071 0.011 0.060 0.002 0.000 0.004 0.001 0.001 0.005 0.046 0.013 0.001 0.000 

Locus 34 : 35965_89 
2 alleles
3.4% missing data
 130   (0.962) 0.984 0.997 0.999 0.995 0.993 0.962 0.999 1.000 0.997 0.999 0.999 0.971 0.997 0.990 1.000 1.000 
 100   (0.038) 0.016 0.003 0.001 0.005 0.007 0.038 0.001 0.000 0.003 0.001 0.001 0.029 0.003 0.010 0.000 0.000 

Locus 35 : 39654_13 
2 alleles
5.6% missing data
 120   (0.961) 0.982 0.982 0.999 0.995 0.993 0.961 0.999 1.000 0.997 1.000 0.999 0.998 0.997 0.990 1.000 1.000 
 100   (0.039) 0.018 0.018 0.001 0.005 0.007 0.039 0.001 0.000 0.003 0.000 0.001 0.002 0.003 0.010 0.000 0.000 

Locus 36 : 39700_65 
2 alleles
3.4% missing data
 110   (0.961) 0.975 0.997 0.999 0.994 0.993 0.960 0.999 1.000 0.997 0.999 0.998 0.998 0.995 0.985 0.999 1.000 
 120   (0.039) 0.025 0.003 0.001 0.006 0.007 0.040 0.001 0.000 0.003 0.001 0.002 0.002 0.005 0.015 0.001 0.000 

Locus 37 : 40824_7 
2 alleles
5.1% missing data
 130   (0.958) 0.984 0.921 0.999 0.993 0.992 0.958 0.999 1.000 0.997 1.000 0.999 0.998 0.995 0.992 0.999 1.000 
 110   (0.042) 0.016 0.079 0.001 0.007 0.008 0.042 0.001 0.000 0.003 0.000 0.001 0.002 0.005 0.008 0.001 0.000 

Locus 38 : 41554_43 
2 alleles
7.3% missing data
 120   (0.962) 0.985 0.997 0.999 0.994 0.993 0.962 0.999 1.000 0.997 1.000 0.999 0.998 0.956 0.992 1.000 1.000 
 100   (0.038) 0.015 0.003 0.001 0.006 0.007 0.038 0.001 0.000 0.003 0.000 0.001 0.002 0.044 0.008 0.000 0.000 

Locus 39 : 42501_5 
2 alleles
5.6% missing data
 120   (0.955) 0.983 0.997 0.999 0.995 0.992 0.955 0.999 1.000 0.917 1.000 0.999 0.998 0.996 0.991 1.000 1.000 
 110   (0.045) 0.017 0.003 0.001 0.005 0.008 0.045 0.001 0.000 0.083 0.000 0.001 0.002 0.004 0.009 0.000 0.000 

Locus 40 : 42989_15 
2 alleles
3.4% missing data
 130   (0.961) 0.984 0.917 0.999 0.995 0.993 0.961 0.999 1.000 0.997 1.000 0.999 0.998 0.997 0.993 1.000 1.000 
 110   (0.039) 0.016 0.083 0.001 0.005 0.007 0.039 0.001 0.000 0.003 0.000 0.001 0.002 0.003 0.007 0.000 0.000 

Locus 41 : 44631_16 
2 alleles
5.6% missing data
 120   (0.957) 0.984 0.997 0.999 0.994 0.993 0.957 0.999 1.000 0.997 1.000 0.999 0.998 0.842 0.992 1.000 1.000 
 110   (0.043) 0.016 0.003 0.001 0.006 0.007 0.043 0.001 0.000 0.003 0.000 0.001 0.002 0.158 0.008 0.000 0.000 

Locus 42 : 45332_74 
2 alleles
3.4% missing data
 130   (0.893) 0.916 0.771 0.996 0.838 0.981 0.893 0.984 0.999 0.992 0.938 0.956 0.994 0.992 0.667 0.999 0.999 
 110   (0.107) 0.084 0.229 0.004 0.162 0.019 0.107 0.016 0.001 0.008 0.062 0.044 0.006 0.008 0.333 0.001 0.001 

Locus 43 : 45964_12 
2 alleles
2.2% missing data
 100   (0.962) 0.984 0.998 0.978 0.995 0.993 0.962 0.999 1.000 0.995 1.000 0.999 0.998 0.997 0.992 1.000 1.000 
 130   (0.038) 0.016 0.002 0.022 0.005 0.007 0.038 0.001 0.000 0.005 0.000 0.001 0.002 0.003 0.008 0.000 0.000 

Locus 44 : 47772_18 
2 alleles
1.7% missing data
 120   (0.952) 0.983 0.997 0.999 0.994 0.993 0.953 0.999 1.000 0.812 1.000 0.999 0.998 0.997 0.992 1.000 1.000 
 100   (0.048) 0.017 0.003 0.001 0.006 0.007 0.047 0.001 0.000 0.188 0.000 0.001 0.002 0.003 0.008 0.000 0.000 

Locus 45 : 48505_7 
2 alleles
2.8% missing data
 130   (0.958) 0.978 0.997 0.999 0.994 0.992 0.958 0.999 1.000 0.997 0.996 0.999 0.998 0.997 0.978 1.000 1.000 
 110   (0.042) 0.022 0.003 0.001 0.006 0.008 0.042 0.001 0.000 0.003 0.004 0.001 0.002 0.003 0.022 0.000 0.000 

Locus 46 : 49838_13 
2 alleles
5.1% missing data
 120   (0.959) 0.985 0.997 0.999 0.995 0.993 0.959 0.999 1.000 0.997 0.970 0.999 0.998 0.997 0.894 1.000 1.000 
 100   (0.041) 0.015 0.003 0.001 0.005 0.007 0.041 0.001 0.000 0.003 0.030 0.001 0.002 0.003 0.106 0.000 0.000 

Locus 47 : 50793_47 
2 alleles
6.2% missing data
 120   (0.954) 0.983 0.851 0.998 0.994 0.990 0.954 0.999 1.000 0.996 1.000 0.999 0.998 0.989 0.991 0.998 1.000 
 100   (0.046) 0.017 0.149 0.002 0.006 0.010 0.046 0.001 0.000 0.004 0.000 0.001 0.002 0.011 0.009 0.002 0.000 

Locus 48 : 51471_5 
2 alleles
2.2% missing data
 110   (0.960) 0.985 0.998 0.938 0.995 0.993 0.960 0.999 1.000 0.997 1.000 0.999 0.998 0.997 0.993 1.000 1.000 
 120   (0.040) 0.015 0.002 0.062 0.005 0.007 0.040 0.001 0.000 0.003 0.000 0.001 0.002 0.003 0.007 0.000 0.000 

Locus 49 : 52408_45 
2 alleles
2.2% missing data
 130   (0.959) 0.985 0.998 0.999 0.995 0.993 0.960 0.999 1.000 0.997 1.000 0.999 0.998 0.807 0.992 1.000 1.000 
 110   (0.041) 0.015 0.002 0.001 0.005 0.007 0.040 0.001 0.000 0.003 0.000 0.001 0.002 0.193 0.008 0.000 0.000 

Locus 50 : 53046_18 
2 alleles
0.6% missing data
 120   (0.938) 0.971 0.923 0.998 0.992 0.989 0.938 0.991 1.000 0.995 0.999 0.999 0.997 0.995 0.978 1.000 1.000 
 100   (0.062) 0.029 0.077 0.002 0.008 0.011 0.062 0.009 0.000 0.005 0.001 0.001 0.003 0.005 0.022 0.000 0.000 

Locus 51 : 53230_50 
2 alleles
4.5% missing data
 120   (0.961) 0.985 0.998 0.891 0.995 0.993 0.962 0.999 1.000 0.997 1.000 0.999 0.998 0.997 0.992 1.000 1.000 
 110   (0.039) 0.015 0.002 0.109 0.005 0.007 0.038 0.001 0.000 0.003 0.000 0.001 0.002 0.003 0.008 0.000 0.000 

Locus 52 : 53957_5 
2 alleles
3.9% missing data
 130   (0.960) 0.977 0.990 0.999 0.994 0.992 0.960 0.999 1.000 0.997 1.000 0.999 0.998 0.997 0.991 1.000 1.000 
 110   (0.040) 0.023 0.010 0.001 0.006 0.008 0.040 0.001 0.000 0.003 0.000 0.001 0.002 0.003 0.009 0.000 0.000 

Locus 53 : 58003_89 
2 alleles
3.9% missing data
 120   (0.949) 0.970 0.991 0.998 0.989 0.982 0.949 0.997 0.992 0.996 0.998 0.989 0.975 0.995 0.988 0.994 0.998 
 100   (0.051) 0.030 0.009 0.002 0.011 0.018 0.051 0.003 0.008 0.004 0.002 0.011 0.025 0.005 0.012 0.006 0.002 

Locus 54 : 58412_58 
2 alleles
2.2% missing data
 110   (0.959) 0.984 0.998 0.999 0.995 0.993 0.959 0.999 1.000 0.974 1.000 0.999 0.998 0.997 0.992 1.000 1.000 
 100   (0.041) 0.016 0.002 0.001 0.005 0.007 0.041 0.001 0.000 0.026 0.000 0.001 0.002 0.003 0.008 0.000 0.000 

Locus 55 : 58452_11 
2 alleles
3.4% missing data
 120   (0.960) 0.982 0.997 0.999 0.994 0.993 0.960 0.999 1.000 0.997 1.000 0.999 0.982 0.997 0.991 1.000 1.000 
 130   (0.040) 0.018 0.003 0.001 0.006 0.007 0.040 0.001 0.000 0.003 0.000 0.001 0.018 0.003 0.009 0.000 0.000 

Locus 56 : 59409_85 
2 alleles
2.8% missing data
 130   (0.961) 0.983 0.998 0.999 0.995 0.994 0.960 0.999 1.000 0.997 1.000 0.996 0.998 0.997 0.993 1.000 1.000 
 100   (0.039) 0.017 0.002 0.001 0.005 0.006 0.040 0.001 0.000 0.003 0.000 0.004 0.002 0.003 0.007 0.000 0.000 

Locus 57 : 60620_10 
2 alleles
1.1% missing data
 120   (0.957) 0.984 0.998 0.999 0.995 0.993 0.957 0.999 1.000 0.891 1.000 0.999 0.998 0.997 0.992 1.000 1.000 
 130   (0.043) 0.016 0.002 0.001 0.005 0.007 0.043 0.001 0.000 0.109 0.000 0.001 0.002 0.003 0.008 0.000 0.000 

Locus 58 : 61541_77 
2 alleles
3.4% missing data
 120   (0.958) 0.985 0.998 0.999 0.995 0.993 0.958 0.999 1.000 0.839 1.000 0.999 0.998 0.997 0.992 1.000 1.000 
 100   (0.042) 0.015 0.002 0.001 0.005 0.007 0.042 0.001 0.000 0.161 0.000 0.001 0.002 0.003 0.008 0.000 0.000 

Locus 59 : 61756_42 
2 alleles
1.1% missing data
 130   (0.954) 0.983 0.997 0.999 0.995 0.992 0.954 0.999 1.000 0.821 1.000 0.999 0.998 0.997 0.991 1.000 1.000 
 110   (0.046) 0.017 0.003 0.001 0.005 0.008 0.046 0.001 0.000 0.179 0.000 0.001 0.002 0.003 0.009 0.000 0.000 

Locus 60 : 62497_19 
2 alleles
6.2% missing data
 130   (0.909) 0.958 0.993 0.996 0.939 0.973 0.909 0.997 0.991 0.993 0.980 0.985 0.960 0.871 0.972 0.997 0.999 
 110   (0.091) 0.042 0.007 0.004 0.061 0.027 0.091 0.003 0.009 0.007 0.020 0.015 0.040 0.129 0.028 0.003 0.001 

Locus 61 : 63024_50 
2 alleles
2.8% missing data
 120   (0.949) 0.974 0.997 0.998 0.993 0.990 0.949 0.999 1.000 0.996 0.999 0.999 0.946 0.996 0.987 1.000 1.000 
 100   (0.051) 0.026 0.003 0.002 0.007 0.010 0.051 0.001 0.000 0.004 0.001 0.001 0.054 0.004 0.013 0.000 0.000 

Locus 62 : 64492_50 
2 alleles
7.3% missing data
 120   (0.918) 0.967 0.922 0.997 0.987 0.985 0.918 0.998 0.999 0.993 0.999 0.998 0.951 0.882 0.983 0.999 1.000 
 100   (0.082) 0.033 0.078 0.003 0.013 0.015 0.082 0.002 0.001 0.007 0.001 0.002 0.049 0.118 0.017 0.001 0.000 

Locus 63 : 67984_34 
2 alleles
2.2% missing data
 120   (0.955) 0.983 0.997 0.999 0.995 0.992 0.955 0.999 1.000 0.865 1.000 0.999 0.998 0.996 0.992 1.000 1.000 
 100   (0.045) 0.017 0.003 0.001 0.005 0.008 0.045 0.001 0.000 0.135 0.000 0.001 0.002 0.004 0.008 0.000 0.000 

Locus 64 : 69199_10 
2 alleles
4.5% missing data
 120   (0.945) 0.975 0.997 0.998 0.993 0.986 0.945 0.998 0.999 0.996 0.999 0.999 0.319 0.996 0.987 0.997 1.000 
 100   (0.055) 0.025 0.003 0.002 0.007 0.014 0.055 0.002 0.001 0.004 0.001 0.001 0.681 0.004 0.013 0.003 0.000 

Locus 65 : 71368_77 
2 alleles
6.7% missing data
 100   (0.957) 0.983 0.998 0.760 0.995 0.992 0.957 0.999 1.000 0.996 1.000 0.999 0.998 0.996 0.992 1.000 1.000 
 110   (0.043) 0.017 0.002 0.240 0.005 0.008 0.043 0.001 0.000 0.004 0.000 0.001 0.002 0.004 0.008 0.000 0.000 

Locus 66 : 72276_35 
2 alleles
5.1% missing data
 130   (0.958) 0.966 0.899 0.999 0.995 0.993 0.958 0.999 1.000 0.997 0.999 0.999 0.997 0.997 0.992 1.000 1.000 
 120   (0.042) 0.034 0.101 0.001 0.005 0.007 0.042 0.001 0.000 0.003 0.001 0.001 0.003 0.003 0.008 0.000 0.000 

Locus 67 : 73554_16 
2 alleles
3.9% missing data
 100   (0.958) 0.983 0.997 0.999 0.847 0.993 0.958 0.999 1.000 0.997 1.000 0.999 0.998 0.997 0.992 1.000 1.000 
 130   (0.042) 0.017 0.003 0.001 0.153 0.007 0.042 0.001 0.000 0.003 0.000 0.001 0.002 0.003 0.008 0.000 0.000 

Locus 68 : 74575_32 
2 alleles
1.7% missing data
 120   (0.962) 0.982 0.984 0.999 0.995 0.994 0.962 0.999 1.000 0.997 1.000 0.999 0.998 0.997 0.991 1.000 1.000 
 100   (0.038) 0.018 0.016 0.001 0.005 0.006 0.038 0.001 0.000 0.003 0.000 0.001 0.002 0.003 0.009 0.000 0.000 

Locus 69 : 76504_10 
2 alleles
1.1% missing data
 110   (0.954) 0.983 0.997 0.999 0.995 0.993 0.954 0.784 1.000 0.996 1.000 0.999 0.998 0.997 0.992 1.000 1.000 
 100   (0.046) 0.017 0.003 0.001 0.005 0.007 0.046 0.216 0.000 0.004 0.000 0.001 0.002 0.003 0.008 0.000 0.000 

Locus 70 : 76561_35 
2 alleles
5.6% missing data
 120   (0.955) 0.984 0.998 0.999 0.995 0.993 0.955 0.999 1.000 0.996 1.000 0.999 0.998 0.540 0.992 1.000 1.000 
 100   (0.045) 0.016 0.002 0.001 0.005 0.007 0.045 0.001 0.000 0.004 0.000 0.001 0.002 0.460 0.008 0.000 0.000 

Locus 71 : 77346_16 
2 alleles
2.2% missing data
 130   (0.958) 0.982 0.997 0.999 0.995 0.992 0.958 0.916 1.000 0.997 1.000 0.999 0.998 0.997 0.992 0.999 1.000 
 110   (0.042) 0.018 0.003 0.001 0.005 0.008 0.042 0.084 0.000 0.003 0.000 0.001 0.002 0.003 0.008 0.001 0.000 

Locus 72 : 78631_40 
2 alleles
7.9% missing data
 120   (0.954) 0.981 0.797 0.999 0.994 0.993 0.954 0.999 1.000 0.997 0.999 0.999 0.997 0.993 0.982 1.000 1.000 
 110   (0.046) 0.019 0.203 0.001 0.006 0.007 0.046 0.001 0.000 0.003 0.001 0.001 0.003 0.007 0.018 0.000 0.000 

Locus 73 : 80366_12 
2 alleles
6.7% missing data
 130   (0.960) 0.974 0.997 0.999 0.993 0.992 0.959 0.999 0.999 0.997 0.999 0.998 0.998 0.995 0.984 1.000 1.000 
 110   (0.040) 0.026 0.003 0.001 0.007 0.008 0.041 0.001 0.001 0.003 0.001 0.002 0.002 0.005 0.016 0.000 0.000 

Locus 74 : 80499_10 
2 alleles
6.2% missing data
 130   (0.960) 0.984 0.998 0.897 0.995 0.993 0.960 0.999 1.000 0.997 1.000 0.999 0.998 0.997 0.992 1.000 1.000 
 100   (0.040) 0.016 0.002 0.103 0.005 0.007 0.040 0.001 0.000 0.003 0.000 0.001 0.002 0.003 0.008 0.000 0.000 

Locus 75 : 81141_31 
2 alleles
2.8% missing data
 120   (0.959) 0.978 0.997 0.999 0.994 0.992 0.959 0.999 1.000 0.997 0.996 0.999 0.998 0.997 0.978 1.000 1.000 
 100   (0.041) 0.022 0.003 0.001 0.006 0.008 0.041 0.001 0.000 0.003 0.004 0.001 0.002 0.003 0.022 0.000 0.000 

Locus 76 : 81662_33 
2 alleles
3.4% missing data
 120   (0.960) 0.979 0.997 0.999 0.995 0.992 0.960 0.999 1.000 0.997 1.000 0.993 0.998 0.997 0.992 1.000 1.000 
 110   (0.040) 0.021 0.003 0.001 0.005 0.008 0.040 0.001 0.000 0.003 0.000 0.007 0.002 0.003 0.008 0.000 0.000 

Locus 77 : 82002_8 
2 alleles
6.7% missing data
 100   (0.949) 0.981 0.997 0.998 0.994 0.991 0.950 0.999 1.000 0.675 0.999 0.999 0.998 0.996 0.990 1.000 1.000 
 110   (0.051) 0.019 0.003 0.002 0.006 0.009 0.050 0.001 0.000 0.325 0.001 0.001 0.002 0.004 0.010 0.000 0.000 

Locus 78 : 82631_34 
2 alleles
7.9% missing data
 120   (0.958) 0.965 0.994 0.999 0.993 0.991 0.958 0.999 0.999 0.997 0.999 0.999 0.997 0.996 0.981 0.999 1.000 
 100   (0.042) 0.035 0.006 0.001 0.007 0.009 0.042 0.001 0.001 0.003 0.001 0.001 0.003 0.004 0.019 0.001 0.000 

Locus 79 : 83247_84 
2 alleles
3.4% missing data
 110   (0.946) 0.954 0.773 0.998 0.993 0.991 0.946 0.999 1.000 0.996 0.999 0.999 0.998 0.996 0.990 0.999 1.000 
 100   (0.054) 0.046 0.227 0.002 0.007 0.009 0.054 0.001 0.000 0.004 0.001 0.001 0.002 0.004 0.010 0.001 0.000 

Locus 80 : 83916_5 
2 alleles
3.9% missing data
 130   (0.957) 0.984 0.998 0.999 0.995 0.992 0.957 0.999 1.000 0.997 0.816 0.999 0.998 0.997 0.991 1.000 1.000 
 110   (0.043) 0.016 0.002 0.001 0.005 0.008 0.043 0.001 0.000 0.003 0.184 0.001 0.002 0.003 0.009 0.000 0.000 

Locus 81 : 84971_7 
2 alleles
2.2% missing data
 120   (0.945) 0.940 0.996 0.998 0.990 0.980 0.945 0.968 0.992 0.996 0.998 0.998 0.989 0.995 0.982 0.985 0.995 
 110   (0.055) 0.060 0.004 0.002 0.010 0.020 0.055 0.032 0.008 0.004 0.002 0.002 0.011 0.005 0.018 0.015 0.005 

Locus 82 : 85247_77 
2 alleles
7.9% missing data
 120   (0.960) 0.978 0.997 0.998 0.994 0.992 0.960 0.998 0.996 0.997 0.993 0.998 0.997 0.996 0.985 0.999 0.998 
 110   (0.040) 0.022 0.003 0.002 0.006 0.008 0.040 0.002 0.004 0.003 0.007 0.002 0.003 0.004 0.015 0.001 0.002 

Locus 83 : 85248_24 
2 alleles
5.1% missing data
 100   (0.955) 0.983 0.997 0.999 0.995 0.993 0.955 0.999 1.000 0.859 1.000 0.999 0.998 0.997 0.992 1.000 1.000 
 120   (0.045) 0.017 0.003 0.001 0.005 0.007 0.045 0.001 0.000 0.141 0.000 0.001 0.002 0.003 0.008 0.000 0.000 

Locus 84 : 85402_12 
2 alleles
3.4% missing data
 120   (0.961) 0.983 0.998 0.999 0.994 0.994 0.961 0.999 1.000 0.997 1.000 0.996 0.998 0.997 0.993 1.000 1.000 
 100   (0.039) 0.017 0.002 0.001 0.006 0.006 0.039 0.001 0.000 0.003 0.000 0.004 0.002 0.003 0.007 0.000 0.000 

Locus 85 : 86588_18 
2 alleles
3.9% missing data
 120   (0.962) 0.982 0.998 0.999 0.995 0.993 0.962 0.999 1.000 0.997 1.000 0.999 0.979 0.996 0.991 1.000 1.000 
 100   (0.038) 0.018 0.002 0.001 0.005 0.007 0.038 0.001 0.000 0.003 0.000 0.001 0.021 0.004 0.009 0.000 0.000 

Locus 86 : 87070_60 
2 alleles
2.2% missing data
 100   (0.958) 0.984 0.998 0.999 0.857 0.992 0.958 0.999 1.000 0.997 1.000 0.999 0.998 0.997 0.992 1.000 1.000 
 130   (0.042) 0.016 0.002 0.001 0.143 0.008 0.042 0.001 0.000 0.003 0.000 0.001 0.002 0.003 0.008 0.000 0.000 

Locus 87 : 87747_31 
2 alleles
6.2% missing data
 120   (0.958) 0.985 0.997 0.999 0.995 0.993 0.958 0.999 1.000 0.914 1.000 0.999 0.998 0.997 0.992 1.000 1.000 
 110   (0.042) 0.015 0.003 0.001 0.005 0.007 0.042 0.001 0.000 0.086 0.000 0.001 0.002 0.003 0.008 0.000 0.000 

Locus 88 : 88455_10 
2 alleles
5.1% missing data
 130   (0.956) 0.983 0.997 0.999 0.995 0.993 0.956 0.999 1.000 0.997 1.000 0.999 0.998 0.778 0.992 1.000 1.000 
 100   (0.044) 0.017 0.003 0.001 0.005 0.007 0.044 0.001 0.000 0.003 0.000 0.001 0.002 0.222 0.008 0.000 0.000 

Locus 89 : 89005_12 
2 alleles
1.1% missing data
 120   (0.957) 0.983 0.998 0.999 0.995 0.993 0.957 0.999 1.000 0.892 1.000 0.999 0.998 0.997 0.992 1.000 1.000 
 130   (0.043) 0.017 0.002 0.001 0.005 0.007 0.043 0.001 0.000 0.108 0.000 0.001 0.002 0.003 0.008 0.000 0.000 

Locus 90 : 89213_8 
2 alleles
3.4% missing data
 130   (0.961) 0.985 0.998 0.999 0.995 0.993 0.961 0.999 1.000 0.972 1.000 0.999 0.998 0.997 0.992 1.000 1.000 
 110   (0.039) 0.015 0.002 0.001 0.005 0.007 0.039 0.001 0.000 0.028 0.000 0.001 0.002 0.003 0.008 0.000 0.000 

Locus 91 : 93475_13 
2 alleles
2.2% missing data
 130   (0.955) 0.982 0.998 0.999 0.995 0.992 0.955 0.999 1.000 0.865 1.000 0.999 0.998 0.997 0.991 1.000 1.000 
 110   (0.045) 0.018 0.002 0.001 0.005 0.008 0.045 0.001 0.000 0.135 0.000 0.001 0.002 0.003 0.009 0.000 0.000 

Locus 92 : 95749_27 
2 alleles
3.9% missing data
 120   (0.961) 0.985 0.998 0.999 0.995 0.993 0.961 0.999 1.000 0.970 1.000 0.999 0.998 0.997 0.992 1.000 1.000 
 100   (0.039) 0.015 0.002 0.001 0.005 0.007 0.039 0.001 0.000 0.030 0.000 0.001 0.002 0.003 0.008 0.000 0.000 

Locus 93 : 98167_26 
2 alleles
3.4% missing data
 120   (0.936) 0.969 0.995 0.997 0.893 0.985 0.936 0.991 0.999 0.995 0.999 0.976 0.987 0.991 0.983 0.997 0.999 
 110   (0.064) 0.031 0.005 0.003 0.107 0.015 0.064 0.009 0.001 0.005 0.001 0.024 0.013 0.009 0.017 0.003 0.001 

Locus 94 : 98988_58 
2 alleles
2.2% missing data
 130   (0.961) 0.985 0.998 0.999 0.995 0.994 0.961 0.999 1.000 0.974 1.000 0.999 0.998 0.997 0.992 1.000 1.000 
 110   (0.039) 0.015 0.002 0.001 0.005 0.006 0.039 0.001 0.000 0.026 0.000 0.001 0.002 0.003 0.008 0.000 0.000 

Locus 95 : 103824_15 
2 alleles
3.4% missing data
 130   (0.953) 0.983 0.997 0.998 0.995 0.993 0.953 0.999 1.000 0.810 1.000 0.999 0.998 0.997 0.992 1.000 1.000 
 110   (0.047) 0.017 0.003 0.002 0.005 0.007 0.047 0.001 0.000 0.190 0.000 0.001 0.002 0.003 0.008 0.000 0.000 

Locus 96 : 108043_8 
2 alleles
4.5% missing data
 130   (0.959) 0.985 0.997 0.999 0.995 0.993 0.959 0.907 1.000 0.997 1.000 0.999 0.998 0.997 0.992 1.000 1.000 
 110   (0.041) 0.015 0.003 0.001 0.005 0.007 0.041 0.093 0.000 0.003 0.000 0.001 0.002 0.003 0.008 0.000 0.000 

Locus 97 : 108049_79 
2 alleles
2.8% missing data
 120   (0.962) 0.979 0.997 0.999 0.995 0.992 0.961 0.999 1.000 0.997 1.000 0.993 0.998 0.997 0.992 1.000 1.000 
 100   (0.038) 0.021 0.003 0.001 0.005 0.008 0.039 0.001 0.000 0.003 0.000 0.007 0.002 0.003 0.008 0.000 0.000 

Locus 98 : 108366_5 
2 alleles
2.8% missing data
 130   (0.957) 0.983 0.998 0.999 0.995 0.993 0.957 0.999 1.000 0.918 1.000 0.999 0.998 0.997 0.992 1.000 1.000 
 100   (0.043) 0.017 0.002 0.001 0.005 0.007 0.043 0.001 0.000 0.082 0.000 0.001 0.002 0.003 0.008 0.000 0.000 

Locus 99 : 108403_10 
2 alleles
6.2% missing data
 130   (0.960) 0.984 0.997 0.999 0.995 0.994 0.960 0.991 1.000 0.997 1.000 0.999 0.998 0.997 0.989 1.000 1.000 
 110   (0.040) 0.016 0.003 0.001 0.005 0.006 0.040 0.009 0.000 0.003 0.000 0.001 0.002 0.003 0.011 0.000 0.000 

Locus 100 : 109283_38 
2 alleles
3.9% missing data
 120   (0.875) 0.841 0.982 0.996 0.982 0.968 0.875 0.996 0.866 0.991 0.475 0.914 0.955 0.990 0.593 0.969 0.954 
 100   (0.125) 0.159 0.018 0.004 0.018 0.032 0.125 0.004 0.134 0.009 0.525 0.086 0.045 0.010 0.407 0.031 0.046 

Locus 101 : 109527_54 
2 alleles
7.3% missing data
 110   (0.953) 0.930 0.835 0.999 0.994 0.992 0.953 0.999 1.000 0.996 1.000 0.996 0.998 0.997 0.991 1.000 1.000 
 130   (0.047) 0.070 0.165 0.001 0.006 0.008 0.047 0.001 0.000 0.004 0.000 0.004 0.002 0.003 0.009 0.000 0.000 

Locus 102 : 109804_31 
2 alleles
2.2% missing data
 130   (0.958) 0.985 0.998 0.999 0.995 0.993 0.958 0.999 1.000 0.945 1.000 0.999 0.998 0.997 0.992 1.000 1.000 
 100   (0.042) 0.015 0.002 0.001 0.005 0.007 0.042 0.001 0.000 0.055 0.000 0.001 0.002 0.003 0.008 0.000 0.000 

Locus 103 : 112614_46 
2 alleles
5.1% missing data
 120   (0.955) 0.983 0.997 0.999 0.994 0.992 0.955 0.999 1.000 0.885 1.000 0.999 0.998 0.997 0.991 1.000 1.000 
 100   (0.045) 0.017 0.003 0.001 0.006 0.008 0.045 0.001 0.000 0.115 0.000 0.001 0.002 0.003 0.009 0.000 0.000 

Locus 104 : 112906_14 
2 alleles
3.9% missing data
 110   (0.891) 0.915 0.729 0.997 0.954 0.977 0.891 0.997 0.999 0.992 0.989 0.998 0.995 0.689 0.842 0.999 1.000 
 120   (0.109) 0.085 0.271 0.003 0.046 0.023 0.109 0.003 0.001 0.008 0.011 0.002 0.005 0.311 0.158 0.001 0.000 

Locus 105 : 113735_32 
2 alleles
6.7% missing data
 120   (0.957) 0.983 0.997 0.999 0.995 0.993 0.957 0.999 1.000 0.997 1.000 0.999 0.998 0.962 0.991 1.000 1.000 
 100   (0.043) 0.017 0.003 0.001 0.005 0.007 0.043 0.001 0.000 0.003 0.000 0.001 0.002 0.038 0.009 0.000 0.000 

Locus 106 : 115028_7 
2 alleles
3.9% missing data
 120   (0.962) 0.985 0.998 0.999 0.995 0.993 0.962 0.999 1.000 0.997 1.000 0.999 0.998 0.956 0.992 1.000 1.000 
 100   (0.038) 0.015 0.002 0.001 0.005 0.007 0.038 0.001 0.000 0.003 0.000 0.001 0.002 0.044 0.008 0.000 0.000 

Locus 107 : 115179_16 
2 alleles
2.2% missing data
 120   (0.956) 0.983 0.998 0.999 0.995 0.993 0.956 0.999 1.000 0.909 1.000 0.999 0.998 0.997 0.992 1.000 1.000 
 110   (0.044) 0.017 0.002 0.001 0.005 0.007 0.044 0.001 0.000 0.091 0.000 0.001 0.002 0.003 0.008 0.000 0.000 

Locus 108 : 116753_51 
2 alleles
7.3% missing data
 120   (0.961) 0.971 0.996 0.999 0.995 0.990 0.961 0.999 0.999 0.997 0.990 0.999 0.998 0.996 0.909 1.000 1.000 
 100   (0.039) 0.029 0.004 0.001 0.005 0.010 0.039 0.001 0.001 0.003 0.010 0.001 0.002 0.004 0.091 0.000 0.000 

Locus 109 : 116931_31 
2 alleles
7.9% missing data
 120   (0.959) 0.980 0.997 0.999 0.994 0.992 0.959 0.999 1.000 0.997 1.000 0.999 0.980 0.997 0.990 1.000 1.000 
 110   (0.041) 0.020 0.003 0.001 0.006 0.008 0.041 0.001 0.000 0.003 0.000 0.001 0.020 0.003 0.010 0.000 0.000 

Locus 110 : 116938_8 
2 alleles
4.5% missing data
 130   (0.922) 0.961 0.864 0.998 0.943 0.985 0.922 0.998 1.000 0.994 0.968 0.998 0.995 0.993 0.860 0.999 1.000 
 110   (0.078) 0.039 0.136 0.002 0.057 0.015 0.078 0.002 0.000 0.006 0.032 0.002 0.005 0.007 0.140 0.001 0.000 

Locus 111 : 122302_80 
2 alleles
10.1% missing data
 110   (0.961) 0.984 0.998 0.999 0.995 0.993 0.961 0.999 1.000 0.997 1.000 0.999 0.956 0.997 0.991 1.000 1.000 
 100   (0.039) 0.016 0.002 0.001 0.005 0.007 0.039 0.001 0.000 0.003 0.000 0.001 0.044 0.003 0.009 0.000 0.000 

Locus 112 : 123190_14 
2 alleles
3.4% missing data
 120   (0.952) 0.978 0.997 0.999 0.994 0.991 0.952 0.999 1.000 0.996 0.999 0.999 0.933 0.996 0.989 1.000 1.000 
 130   (0.048) 0.022 0.003 0.001 0.006 0.009 0.048 0.001 0.000 0.004 0.001 0.001 0.067 0.004 0.011 0.000 0.000 

Locus 113 : 123271_36 
2 alleles
3.9% missing data
 100   (0.955) 0.983 0.997 0.999 0.995 0.992 0.955 0.999 1.000 0.857 1.000 0.999 0.998 0.997 0.991 1.000 1.000 
 110   (0.045) 0.017 0.003 0.001 0.005 0.008 0.045 0.001 0.000 0.143 0.000 0.001 0.002 0.003 0.009 0.000 0.000 

Locus 114 : 124147_18 
2 alleles
2.2% missing data
 130   (0.956) 0.983 0.997 0.999 0.759 0.992 0.956 0.999 1.000 0.997 1.000 0.999 0.998 0.997 0.991 1.000 1.000 
 110   (0.044) 0.017 0.003 0.001 0.241 0.008 0.044 0.001 0.000 0.003 0.000 0.001 0.002 0.003 0.009 0.000 0.000 

Locus 115 : 124184_33 
2 alleles
5.6% missing data
 110   (0.958) 0.984 0.997 0.999 0.995 0.992 0.958 0.999 1.000 0.909 1.000 0.999 0.998 0.997 0.992 1.000 1.000 
 100   (0.042) 0.016 0.003 0.001 0.005 0.008 0.042 0.001 0.000 0.091 0.000 0.001 0.002 0.003 0.008 0.000 0.000 

Locus 116 : 125404_24 
2 alleles
1.1% missing data
 130   (0.958) 0.983 0.998 0.999 0.995 0.992 0.958 0.999 1.000 0.997 1.000 0.999 0.998 0.754 0.991 1.000 1.000 
 110   (0.042) 0.017 0.002 0.001 0.005 0.008 0.042 0.001 0.000 0.003 0.000 0.001 0.002 0.246 0.009 0.000 0.000 

Locus 117 : 125436_43 
2 alleles
3.9% missing data
 130   (0.930) 0.963 0.831 0.998 0.991 0.988 0.930 0.998 1.000 0.995 0.999 0.998 0.997 0.693 0.983 0.999 1.000 
 100   (0.070) 0.037 0.169 0.002 0.009 0.012 0.070 0.002 0.000 0.005 0.001 0.002 0.003 0.307 0.017 0.001 0.000 

Locus 118 : 126013_18 
2 alleles
2.8% missing data
 130   (0.959) 0.985 0.998 0.874 0.995 0.994 0.959 0.999 1.000 0.997 1.000 0.999 0.998 0.997 0.993 1.000 1.000 
 110   (0.041) 0.015 0.002 0.126 0.005 0.006 0.041 0.001 0.000 0.003 0.000 0.001 0.002 0.003 0.007 0.000 0.000 

Locus 119 : 126137_19 
2 alleles
3.9% missing data
 120   (0.961) 0.974 0.984 0.999 0.994 0.993 0.961 0.999 1.000 0.997 1.000 0.999 0.998 0.986 0.988 1.000 1.000 
 110   (0.039) 0.026 0.016 0.001 0.006 0.007 0.039 0.001 0.000 0.003 0.000 0.001 0.002 0.014 0.012 0.000 0.000 

Locus 120 : 126845_22 
2 alleles
5.6% missing data
 130   (0.962) 0.985 0.998 0.999 0.994 0.993 0.962 0.999 1.000 0.997 1.000 0.999 0.998 0.956 0.992 1.000 1.000 
 110   (0.038) 0.015 0.002 0.001 0.006 0.007 0.038 0.001 0.000 0.003 0.000 0.001 0.002 0.044 0.008 0.000 0.000 

Locus 121 : 127512_8 
2 alleles
1.1% missing data
 130   (0.960) 0.985 0.998 0.906 0.995 0.994 0.960 0.999 1.000 0.997 1.000 0.999 0.998 0.997 0.993 1.000 1.000 
 100   (0.040) 0.015 0.002 0.094 0.005 0.006 0.040 0.001 0.000 0.003 0.000 0.001 0.002 0.003 0.007 0.000 0.000 

Locus 122 : 127692_13 
2 alleles
2.8% missing data
 100   (0.955) 0.980 0.935 0.999 0.994 0.991 0.955 0.999 1.000 0.997 1.000 0.999 0.998 0.996 0.983 1.000 1.000 
 120   (0.045) 0.020 0.065 0.001 0.006 0.009 0.045 0.001 0.000 0.003 0.000 0.001 0.002 0.004 0.017 0.000 0.000 

Locus 123 : 128195_18 
2 alleles
7.3% missing data
 130   (0.873) 0.924 0.919 0.996 0.432 0.958 0.873 0.997 0.986 0.990 0.998 0.309 0.974 0.987 0.972 0.974 0.998 
 110   (0.127) 0.076 0.081 0.004 0.568 0.042 0.127 0.003 0.014 0.010 0.002 0.691 0.026 0.013 0.028 0.026 0.002 

Locus 124 : 128198_14 
2 alleles
4.5% missing data
 130   (0.932) 0.974 0.996 0.903 0.992 0.988 0.932 0.998 0.999 0.918 0.999 0.999 0.997 0.995 0.986 1.000 1.000 
 120   (0.068) 0.026 0.004 0.097 0.008 0.012 0.068 0.002 0.001 0.082 0.001 0.001 0.003 0.005 0.014 0.000 0.000 

Locus 125 : 128423_39 
2 alleles
4.5% missing data
 130   (0.963) 0.980 0.998 0.999 0.990 0.994 0.963 0.999 1.000 0.997 1.000 0.991 0.998 0.997 0.990 1.000 1.000 
 100   (0.037) 0.020 0.002 0.001 0.010 0.006 0.037 0.001 0.000 0.003 0.000 0.009 0.002 0.003 0.010 0.000 0.000 

Locus 126 : 131572_48 
2 alleles
1.1% missing data
 120   (0.951) 0.971 0.996 0.998 0.993 0.989 0.951 0.999 1.000 0.996 0.990 0.999 0.997 0.996 0.939 0.999 1.000 
 100   (0.049) 0.029 0.004 0.002 0.007 0.011 0.049 0.001 0.000 0.004 0.010 0.001 0.003 0.004 0.061 0.001 0.000 

Locus 127 : 132199_62 
2 alleles
3.9% missing data
 100   (0.953) 0.982 0.997 0.999 0.994 0.992 0.953 0.999 1.000 0.751 1.000 0.999 0.998 0.997 0.991 1.000 1.000 
 120   (0.047) 0.018 0.003 0.001 0.006 0.008 0.047 0.001 0.000 0.249 0.000 0.001 0.002 0.003 0.009 0.000 0.000 

Locus 128 : 135566_64 
2 alleles
7.3% missing data
 130   (0.962) 0.982 0.998 0.999 0.995 0.993 0.961 0.999 1.000 0.997 1.000 0.996 0.998 0.997 0.992 1.000 1.000 
 110   (0.038) 0.018 0.002 0.001 0.005 0.007 0.039 0.001 0.000 0.003 0.000 0.004 0.002 0.003 0.008 0.000 0.000 

Locus 129 : 135761_5 
2 alleles
7.9% missing data
 130   (0.958) 0.985 0.998 0.998 0.995 0.993 0.958 0.999 1.000 0.905 1.000 0.999 0.998 0.997 0.992 1.000 1.000 
 100   (0.042) 0.015 0.002 0.002 0.005 0.007 0.042 0.001 0.000 0.095 0.000 0.001 0.002 0.003 0.008 0.000 0.000 

Locus 130 : 137219_35 
2 alleles
3.4% missing data
 120   (0.945) 0.972 0.997 0.998 0.993 0.990 0.945 0.999 1.000 0.996 0.999 0.973 0.997 0.996 0.989 1.000 1.000 
 100   (0.055) 0.028 0.003 0.002 0.007 0.010 0.055 0.001 0.000 0.004 0.001 0.027 0.003 0.004 0.011 0.000 0.000 

Locus 131 : 139081_20 
2 alleles
5.6% missing data
 120   (0.944) 0.964 0.974 0.998 0.931 0.990 0.944 0.999 1.000 0.996 0.999 0.999 0.997 0.996 0.982 0.999 1.000 
 110   (0.056) 0.036 0.026 0.002 0.069 0.010 0.056 0.001 0.000 0.004 0.001 0.001 0.003 0.004 0.018 0.001 0.000 

Locus 132 : 139084_52 
2 alleles
5.1% missing data
 120   (0.921) 0.959 0.995 0.997 0.826 0.982 0.921 0.998 0.999 0.994 0.999 0.995 0.924 0.993 0.980 0.997 0.999 
 110   (0.079) 0.041 0.005 0.003 0.174 0.018 0.079 0.002 0.001 0.006 0.001 0.005 0.076 0.007 0.020 0.003 0.001 

Locus 133 : 139433_54 
2 alleles
3.9% missing data
 120   (0.956) 0.984 0.998 0.999 0.995 0.992 0.956 0.999 1.000 0.945 1.000 0.999 0.998 0.997 0.992 1.000 1.000 
 100   (0.044) 0.016 0.002 0.001 0.005 0.008 0.044 0.001 0.000 0.055 0.000 0.001 0.002 0.003 0.008 0.000 0.000 

Locus 134 : 140063_88 
2 alleles
7.9% missing data
 110   (0.960) 0.977 0.990 0.999 0.993 0.993 0.960 0.999 1.000 0.997 1.000 0.998 0.998 0.996 0.991 1.000 1.000 
 100   (0.040) 0.023 0.010 0.001 0.007 0.007 0.040 0.001 0.000 0.003 0.000 0.002 0.002 0.004 0.009 0.000 0.000 

Locus 135 : 140194_73 
2 alleles
2.8% missing data
 120   (0.960) 0.984 0.997 0.974 0.992 0.993 0.960 0.999 1.000 0.997 1.000 0.999 0.998 0.997 0.992 0.999 1.000 
 110   (0.040) 0.016 0.003 0.026 0.008 0.007 0.040 0.001 0.000 0.003 0.000 0.001 0.002 0.003 0.008 0.001 0.000 

Locus 136 : 141313_8 
2 alleles
2.8% missing data
 120   (0.956) 0.984 0.998 0.999 0.995 0.993 0.956 0.999 1.000 0.919 1.000 0.999 0.998 0.997 0.992 1.000 1.000 
 100   (0.044) 0.016 0.002 0.001 0.005 0.007 0.044 0.001 0.000 0.081 0.000 0.001 0.002 0.003 0.008 0.000 0.000 

Locus 137 : 145284_28 
2 alleles
2.8% missing data
 130   (0.957) 0.984 0.998 0.999 0.621 0.993 0.957 0.999 1.000 0.997 1.000 0.999 0.998 0.997 0.992 1.000 1.000 
 110   (0.043) 0.016 0.002 0.001 0.379 0.007 0.043 0.001 0.000 0.003 0.000 0.001 0.002 0.003 0.008 0.000 0.000 

Locus 138 : 145957_11 
2 alleles
4.5% missing data
 130   (0.961) 0.985 0.998 0.999 0.995 0.993 0.961 0.999 1.000 0.997 0.841 0.999 0.998 0.997 0.992 1.000 1.000 
 110   (0.039) 0.015 0.002 0.001 0.005 0.007 0.039 0.001 0.000 0.003 0.159 0.001 0.002 0.003 0.008 0.000 0.000 

Locus 139 : 160306_34 
2 alleles
2.8% missing data
 120   (0.935) 0.933 0.970 0.998 0.992 0.985 0.935 0.998 1.000 0.995 0.999 0.998 0.997 0.789 0.942 0.999 1.000 
 100   (0.065) 0.067 0.030 0.002 0.008 0.015 0.065 0.002 0.000 0.005 0.001 0.002 0.003 0.211 0.058 0.001 0.000 

Locus 140 : 162107_37 
2 alleles
3.4% missing data
 120   (0.942) 0.975 0.982 0.998 0.993 0.990 0.942 0.999 1.000 0.995 0.999 0.999 0.997 0.900 0.986 1.000 1.000 
 100   (0.058) 0.025 0.018 0.002 0.007 0.010 0.058 0.001 0.000 0.005 0.001 0.001 0.003 0.100 0.014 0.000 0.000 

Locus 141 : 163290_36 
2 alleles
5.1% missing data
 130   (0.923) 0.945 0.995 0.997 0.752 0.977 0.923 0.996 0.983 0.994 0.998 0.995 0.923 0.994 0.981 0.959 0.987 
 110   (0.077) 0.055 0.005 0.003 0.248 0.023 0.077 0.004 0.017 0.006 0.002 0.005 0.077 0.006 0.019 0.041 0.013 

Locus 142 : 163453_13 
2 alleles
5.6% missing data
 120   (0.962) 0.981 0.998 0.999 0.994 0.993 0.962 0.999 1.000 0.997 1.000 0.999 0.982 0.997 0.991 1.000 1.000 
 110   (0.038) 0.019 0.002 0.001 0.006 0.007 0.038 0.001 0.000 0.003 0.000 0.001 0.018 0.003 0.009 0.000 0.000 

Locus 143 : 163580_14 
2 alleles
10.1% missing data
 120   (0.959) 0.982 0.997 0.999 0.995 0.925 0.959 0.999 0.999 0.997 1.000 0.999 0.997 0.997 0.991 0.910 0.960 
 100   (0.041) 0.018 0.003 0.001 0.005 0.075 0.041 0.001 0.001 0.003 0.000 0.001 0.003 0.003 0.009 0.090 0.040 

Locus 144 : 164461_13 
2 alleles
5.6% missing data
 100   (0.958) 0.983 0.997 0.999 0.995 0.993 0.958 0.999 1.000 0.997 1.000 0.999 0.844 0.997 0.992 1.000 1.000 
 120   (0.042) 0.017 0.003 0.001 0.005 0.007 0.042 0.001 0.000 0.003 0.000 0.001 0.156 0.003 0.008 0.000 0.000 

Locus 145 : 165413_43 
2 alleles
1.7% missing data
 110   (0.954) 0.974 0.941 0.999 0.994 0.991 0.954 0.999 1.000 0.997 0.999 0.999 0.997 0.997 0.988 1.000 1.000 
 130   (0.046) 0.026 0.059 0.001 0.006 0.009 0.046 0.001 0.000 0.003 0.001 0.001 0.003 0.003 0.012 0.000 0.000 

Locus 146 : 168629_44 
2 alleles
5.6% missing data
 130   (0.950) 0.965 0.965 0.998 0.987 0.990 0.951 0.998 0.998 0.996 0.999 0.990 0.983 0.996 0.989 0.999 1.000 
 110   (0.050) 0.035 0.035 0.002 0.013 0.010 0.049 0.002 0.002 0.004 0.001 0.010 0.017 0.004 0.011 0.001 0.000 

Locus 147 : 168991_77 
2 alleles
5.6% missing data
 110   (0.857) 0.839 0.916 0.995 0.976 0.953 0.857 0.996 0.988 0.989 0.990 0.967 0.986 0.649 0.826 0.997 0.999 
 100   (0.143) 0.161 0.084 0.005 0.024 0.047 0.143 0.004 0.012 0.011 0.010 0.033 0.014 0.351 0.174 0.003 0.001 

Locus 148 : 169478_88 
2 alleles
5.1% missing data
 130   (0.961) 0.984 0.997 0.978 0.995 0.993 0.961 0.999 1.000 0.997 1.000 0.999 0.998 0.997 0.990 1.000 1.000 
 100   (0.039) 0.016 0.003 0.022 0.005 0.007 0.039 0.001 0.000 0.003 0.000 0.001 0.002 0.003 0.010 0.000 0.000 

Locus 149 : 169898_8 
2 alleles
6.2% missing data
 120   (0.941) 0.971 0.912 0.998 0.992 0.989 0.941 0.998 1.000 0.995 0.999 0.998 0.964 0.995 0.986 0.999 1.000 
 100   (0.059) 0.029 0.088 0.002 0.008 0.011 0.059 0.002 0.000 0.005 0.001 0.002 0.036 0.005 0.014 0.001 0.000 

Locus 150 : 170224_42 
2 alleles
7.3% missing data
 100   (0.914) 0.944 0.936 0.997 0.977 0.973 0.914 0.998 0.996 0.993 0.999 0.982 0.789 0.993 0.976 0.981 0.999 
 120   (0.086) 0.056 0.064 0.003 0.023 0.027 0.086 0.002 0.004 0.007 0.001 0.018 0.211 0.007 0.024 0.019 0.001 

Locus 151 : 174083_22 
2 alleles
3.9% missing data
 120   (0.950) 0.981 0.997 0.999 0.994 0.991 0.950 0.999 1.000 0.784 1.000 0.999 0.998 0.996 0.990 1.000 1.000 
 100   (0.050) 0.019 0.003 0.001 0.006 0.009 0.050 0.001 0.000 0.216 0.000 0.001 0.002 0.004 0.010 0.000 0.000 

Locus 152 : 174223_24 
2 alleles
2.8% missing data
 120   (0.960) 0.983 0.997 0.999 0.995 0.993 0.960 0.990 1.000 0.997 1.000 0.999 0.998 0.997 0.988 1.000 1.000 
 100   (0.040) 0.017 0.003 0.001 0.005 0.007 0.040 0.010 0.000 0.003 0.000 0.001 0.002 0.003 0.012 0.000 0.000 

Locus 153 : 174263_44 
2 alleles
3.9% missing data
 130   (0.957) 0.984 0.998 0.833 0.995 0.993 0.958 0.999 1.000 0.997 1.000 0.999 0.998 0.997 0.992 1.000 1.000 
 110   (0.043) 0.016 0.002 0.167 0.005 0.007 0.042 0.001 0.000 0.003 0.000 0.001 0.002 0.003 0.008 0.000 0.000 

Locus 154 : 175657_6 
2 alleles
8.4% missing data
 100   (0.935) 0.972 0.921 0.998 0.992 0.988 0.935 0.999 1.000 0.994 0.999 0.999 0.997 0.749 0.987 1.000 1.000 
 130   (0.065) 0.028 0.079 0.002 0.008 0.012 0.065 0.001 0.000 0.006 0.001 0.001 0.003 0.251 0.013 0.000 0.000 

Locus 155 : 176570_23 
2 alleles
3.9% missing data
 130   (0.960) 0.963 0.997 0.999 0.994 0.992 0.960 0.999 0.996 0.997 0.977 0.998 0.997 0.996 0.957 0.990 0.995 
 110   (0.040) 0.037 0.003 0.001 0.006 0.008 0.040 0.001 0.004 0.003 0.023 0.002 0.003 0.004 0.043 0.010 0.005 

Locus 156 : 176775_13 
2 alleles
6.7% missing data
 130   (0.950) 0.980 0.997 0.999 0.993 0.991 0.951 0.999 1.000 0.704 1.000 0.999 0.997 0.996 0.990 1.000 1.000 
 110   (0.050) 0.020 0.003 0.001 0.007 0.009 0.049 0.001 0.000 0.296 0.000 0.001 0.003 0.004 0.010 0.000 0.000 

Locus 157 : 178448_19 
2 alleles
3.4% missing data
 120   (0.956) 0.984 0.998 0.999 0.995 0.993 0.956 0.999 1.000 0.881 1.000 0.999 0.998 0.997 0.992 1.000 1.000 
 100   (0.044) 0.016 0.002 0.001 0.005 0.007 0.044 0.001 0.000 0.119 0.000 0.001 0.002 0.003 0.008 0.000 0.000 

Locus 158 : 179162_16 
2 alleles
6.2% missing data
 120   (0.959) 0.985 0.998 0.999 0.995 0.994 0.959 0.999 1.000 0.971 1.000 0.999 0.998 0.997 0.992 1.000 1.000 
 100   (0.041) 0.015 0.002 0.001 0.005 0.006 0.041 0.001 0.000 0.029 0.000 0.001 0.002 0.003 0.008 0.000 0.000 

Locus 159 : 179286_31 
2 alleles
2.8% missing data
 120   (0.937) 0.975 0.905 0.998 0.992 0.987 0.937 0.998 0.999 0.995 0.999 0.999 0.997 0.890 0.979 0.999 1.000 
 100   (0.063) 0.025 0.095 0.002 0.008 0.013 0.063 0.002 0.001 0.005 0.001 0.001 0.003 0.110 0.021 0.001 0.000 

Locus 160 : 179594_17 
2 alleles
4.5% missing data
 120   (0.918) 0.962 0.995 0.997 0.926 0.984 0.918 0.992 0.999 0.993 0.999 0.998 0.970 0.725 0.980 0.999 1.000 
 100   (0.082) 0.038 0.005 0.003 0.074 0.016 0.082 0.008 0.001 0.007 0.001 0.002 0.030 0.275 0.020 0.001 0.000 

Locus 161 : 180413_54 
2 alleles
3.9% missing data
 100   (0.957) 0.985 0.998 0.999 0.995 0.993 0.957 0.999 1.000 0.880 1.000 0.999 0.998 0.997 0.992 1.000 1.000 
 110   (0.043) 0.015 0.002 0.001 0.005 0.007 0.043 0.001 0.000 0.120 0.000 0.001 0.002 0.003 0.008 0.000 0.000 

Locus 162 : 182862_79 
2 alleles
3.4% missing data
 130   (0.956) 0.983 0.998 0.999 0.995 0.991 0.956 0.999 1.000 0.867 1.000 0.999 0.998 0.997 0.991 1.000 1.000 
 110   (0.044) 0.017 0.002 0.001 0.005 0.009 0.044 0.001 0.000 0.133 0.000 0.001 0.002 0.003 0.009 0.000 0.000 

Locus 163 : 183288_63 
2 alleles
10.1% missing data
 100   (0.959) 0.984 0.997 0.999 0.995 0.993 0.960 0.999 1.000 0.971 1.000 0.999 0.998 0.997 0.992 1.000 1.000 
 120   (0.041) 0.016 0.003 0.001 0.005 0.007 0.040 0.001 0.000 0.029 0.000 0.001 0.002 0.003 0.008 0.000 0.000 

Locus 164 : 183906_55 
2 alleles
6.7% missing data
 130   (0.959) 0.984 0.998 0.999 0.995 0.992 0.959 0.999 1.000 0.945 1.000 0.999 0.998 0.997 0.991 1.000 1.000 
 100   (0.041) 0.016 0.002 0.001 0.005 0.008 0.041 0.001 0.000 0.055 0.000 0.001 0.002 0.003 0.009 0.000 0.000 

Locus 165 : 183990_7 
2 alleles
3.4% missing data
 120   (0.956) 0.981 0.997 0.999 0.995 0.991 0.956 0.999 1.000 0.997 0.999 0.778 0.997 0.997 0.991 1.000 1.000 
 100   (0.044) 0.019 0.003 0.001 0.005 0.009 0.044 0.001 0.000 0.003 0.001 0.222 0.003 0.003 0.009 0.000 0.000 

Locus 166 : 185904_60 
2 alleles
3.4% missing data
 120   (0.958) 0.984 0.997 0.999 0.995 0.993 0.958 0.999 1.000 0.997 1.000 0.999 0.908 0.997 0.992 1.000 1.000 
 100   (0.042) 0.016 0.003 0.001 0.005 0.007 0.042 0.001 0.000 0.003 0.000 0.001 0.092 0.003 0.008 0.000 0.000 

Locus 167 : 191703_64 
2 alleles
1.7% missing data
 130   (0.934) 0.975 0.996 0.998 0.678 0.989 0.934 0.998 1.000 0.995 0.999 0.999 0.997 0.859 0.987 1.000 1.000 
 110   (0.066) 0.025 0.004 0.002 0.322 0.011 0.066 0.002 0.000 0.005 0.001 0.001 0.003 0.141 0.013 0.000 0.000 

Locus 168 : 193854_7 
2 alleles
1.7% missing data
 130   (0.941) 0.977 0.996 0.979 0.992 0.990 0.941 0.998 1.000 0.882 0.999 0.999 0.997 0.995 0.988 1.000 1.000 
 110   (0.059) 0.023 0.004 0.021 0.008 0.010 0.059 0.002 0.000 0.118 0.001 0.001 0.003 0.005 0.012 0.000 0.000 

Locus 169 : 194868_38 
2 alleles
5.6% missing data
 120   (0.944) 0.935 0.903 0.998 0.991 0.990 0.944 0.998 1.000 0.996 0.999 0.997 0.997 0.977 0.981 1.000 1.000 
 100   (0.056) 0.065 0.097 0.002 0.009 0.010 0.056 0.002 0.000 0.004 0.001 0.003 0.003 0.023 0.019 0.000 0.000 

Locus 170 : 195463_36 
2 alleles
5.1% missing data
 120   (0.958) 0.984 0.998 0.999 0.995 0.993 0.958 0.999 1.000 0.997 1.000 0.999 0.998 0.854 0.992 1.000 1.000 
 100   (0.042) 0.016 0.002 0.001 0.005 0.007 0.042 0.001 0.000 0.003 0.000 0.001 0.002 0.146 0.008 0.000 0.000 

Locus 171 : 195727_20 
2 alleles
1.7% missing data
 130   (0.959) 0.986 0.998 0.999 0.995 0.994 0.959 0.999 1.000 0.914 1.000 0.999 0.998 0.997 0.993 1.000 1.000 
 110   (0.041) 0.014 0.002 0.001 0.005 0.006 0.041 0.001 0.000 0.086 0.000 0.001 0.002 0.003 0.007 0.000 0.000 

Locus 172 : 197508_5 
2 alleles
2.2% missing data
 120   (0.960) 0.978 0.991 0.999 0.994 0.994 0.959 0.999 1.000 0.997 1.000 0.998 0.998 0.997 0.992 1.000 1.000 
 100   (0.040) 0.022 0.009 0.001 0.006 0.006 0.041 0.001 0.000 0.003 0.000 0.002 0.002 0.003 0.008 0.000 0.000 

Locus 173 : 199140_10 
2 alleles
4.5% missing data
 130   (0.960) 0.982 0.998 0.999 0.995 0.993 0.960 0.999 1.000 0.997 1.000 0.996 0.998 0.997 0.992 1.000 1.000 
 110   (0.040) 0.018 0.002 0.001 0.005 0.007 0.040 0.001 0.000 0.003 0.000 0.004 0.002 0.003 0.008 0.000 0.000 

Locus 174 : 199429_51 
2 alleles
5.1% missing data
 130   (0.959) 0.980 0.997 0.999 0.994 0.993 0.958 0.999 1.000 0.997 1.000 0.999 0.981 0.995 0.991 1.000 1.000 
 100   (0.041) 0.020 0.003 0.001 0.006 0.007 0.042 0.001 0.000 0.003 0.000 0.001 0.019 0.005 0.009 0.000 0.000 

Locus 175 : 199635_9 
2 alleles
3.4% missing data
 120   (0.955) 0.985 0.997 0.999 0.995 0.993 0.955 0.999 1.000 0.829 1.000 0.999 0.998 0.997 0.992 1.000 1.000 
 100   (0.045) 0.015 0.003 0.001 0.005 0.007 0.045 0.001 0.000 0.171 0.000 0.001 0.002 0.003 0.008 0.000 0.000 

Locus 176 : 200923_8 
2 alleles
5.1% missing data
 100   (0.961) 0.984 0.997 0.999 0.935 0.994 0.961 0.999 1.000 0.997 1.000 0.999 0.998 0.994 0.992 1.000 1.000 
 110   (0.039) 0.016 0.003 0.001 0.065 0.006 0.039 0.001 0.000 0.003 0.000 0.001 0.002 0.006 0.008 0.000 0.000 

Locus 177 : 201090_64 
2 alleles
5.1% missing data
 130   (0.961) 0.985 0.997 0.999 0.995 0.994 0.961 0.999 1.000 0.997 1.000 0.999 0.956 0.996 0.992 1.000 1.000 
 100   (0.039) 0.015 0.003 0.001 0.005 0.006 0.039 0.001 0.000 0.003 0.000 0.001 0.044 0.004 0.008 0.000 0.000 

Locus 178 : 201549_57 
2 alleles
4.5% missing data
 120   (0.960) 0.984 0.998 0.999 0.995 0.994 0.960 0.999 1.000 0.997 1.000 0.999 0.998 0.901 0.993 1.000 1.000 
 110   (0.040) 0.016 0.002 0.001 0.005 0.006 0.040 0.001 0.000 0.003 0.000 0.001 0.002 0.099 0.007 0.000 0.000 

Locus 179 : 203565_40 
2 alleles
3.9% missing data
 120   (0.960) 0.983 0.998 0.999 0.934 0.992 0.960 0.999 1.000 0.997 1.000 0.999 0.998 0.997 0.992 1.000 1.000 
 100   (0.040) 0.017 0.002 0.001 0.066 0.008 0.040 0.001 0.000 0.003 0.000 0.001 0.002 0.003 0.008 0.000 0.000 

Locus 180 : 205184_19 
2 alleles
7.3% missing data
 110   (0.929) 0.973 0.996 0.859 0.991 0.989 0.929 0.998 1.000 0.760 0.999 0.999 0.997 0.995 0.987 1.000 1.000 
 120   (0.071) 0.027 0.004 0.141 0.009 0.011 0.071 0.002 0.000 0.240 0.001 0.001 0.003 0.005 0.013 0.000 0.000 

Locus 181 : 206551_17 
2 alleles
6.2% missing data
 120   (0.905) 0.959 0.994 0.997 0.942 0.981 0.905 0.876 0.991 0.993 0.999 0.993 0.598 0.963 0.977 0.999 1.000 
 100   (0.095) 0.041 0.006 0.003 0.058 0.019 0.095 0.124 0.009 0.007 0.001 0.007 0.402 0.037 0.023 0.001 0.000 

Locus 182 : 216246_19 
2 alleles
2.8% missing data
 110   (0.945) 0.950 0.989 0.998 0.988 0.988 0.945 0.999 1.000 0.996 0.999 0.990 0.997 0.990 0.971 0.999 1.000 
 130   (0.055) 0.050 0.011 0.002 0.012 0.012 0.055 0.001 0.000 0.004 0.001 0.010 0.003 0.010 0.029 0.001 0.000 

Locus 183 : 216776_13 
2 alleles
5.6% missing data
 120   (0.921) 0.968 0.996 0.990 0.990 0.987 0.921 0.819 0.999 0.726 0.999 0.999 0.996 0.994 0.984 0.999 1.000 
 110   (0.079) 0.032 0.004 0.010 0.010 0.013 0.079 0.181 0.001 0.274 0.001 0.001 0.004 0.006 0.016 0.001 0.000 

Locus 184 : 217291_37 
2 alleles
3.9% missing data
 120   (0.959) 0.981 0.998 0.999 0.995 0.992 0.959 0.999 1.000 0.997 1.000 0.999 0.998 0.907 0.991 1.000 1.000 
 100   (0.041) 0.019 0.002 0.001 0.005 0.008 0.041 0.001 0.000 0.003 0.000 0.001 0.002 0.093 0.009 0.000 0.000 

Locus 185 : 217570_13 
2 alleles
3.9% missing data
 130   (0.956) 0.984 0.998 0.999 0.995 0.993 0.956 0.999 1.000 0.866 1.000 0.999 0.998 0.997 0.992 1.000 1.000 
 110   (0.044) 0.016 0.002 0.001 0.005 0.007 0.044 0.001 0.000 0.134 0.000 0.001 0.002 0.003 0.008 0.000 0.000 

Locus 186 : 220422_65 
2 alleles
3.4% missing data
 120   (0.952) 0.939 0.986 0.999 0.994 0.985 0.952 0.999 1.000 0.996 0.999 0.999 0.997 0.992 0.957 0.999 1.000 
 110   (0.048) 0.061 0.014 0.001 0.006 0.015 0.048 0.001 0.000 0.004 0.001 0.001 0.003 0.008 0.043 0.001 0.000 

Locus 187 : 220502_40 
2 alleles
6.7% missing data
 120   (0.959) 0.982 0.997 0.999 0.994 0.992 0.959 0.999 1.000 0.997 0.995 0.998 0.997 0.996 0.963 1.000 1.000 
 110   (0.041) 0.018 0.003 0.001 0.006 0.008 0.041 0.001 0.000 0.003 0.005 0.002 0.003 0.004 0.037 0.000 0.000 

Locus 188 : 220519_81 
2 alleles
4.5% missing data
 130   (0.933) 0.973 0.996 0.998 0.933 0.988 0.933 0.998 1.000 0.858 0.999 0.999 0.997 0.995 0.986 1.000 1.000 
 110   (0.067) 0.027 0.004 0.002 0.067 0.012 0.067 0.002 0.000 0.142 0.001 0.001 0.003 0.005 0.014 0.000 0.000 

Locus 189 : 222347_17 
2 alleles
3.9% missing data
 120   (0.957) 0.983 0.998 0.999 0.995 0.993 0.957 0.999 1.000 0.892 1.000 0.999 0.998 0.997 0.992 1.000 1.000 
 100   (0.043) 0.017 0.002 0.001 0.005 0.007 0.043 0.001 0.000 0.108 0.000 0.001 0.002 0.003 0.008 0.000 0.000 

Locus 190 : 222896_46 
2 alleles
0.6% missing data
 110   (0.961) 0.985 0.998 0.999 0.995 0.993 0.961 0.999 1.000 0.944 1.000 0.999 0.998 0.997 0.992 1.000 1.000 
 130   (0.039) 0.015 0.002 0.001 0.005 0.007 0.039 0.001 0.000 0.056 0.000 0.001 0.002 0.003 0.008 0.000 0.000 

Locus 191 : 223181_12 
2 alleles
3.4% missing data
 120   (0.951) 0.981 0.997 0.999 0.994 0.992 0.951 0.999 1.000 0.723 0.999 0.999 0.998 0.996 0.991 1.000 1.000 
 100   (0.049) 0.019 0.003 0.001 0.006 0.008 0.049 0.001 0.000 0.277 0.001 0.001 0.002 0.004 0.009 0.000 0.000 

Locus 192 : 224649_57 
2 alleles
5.1% missing data
 100   (0.961) 0.983 0.997 0.976 0.994 0.993 0.961 0.999 1.000 0.997 1.000 0.999 0.998 0.997 0.991 1.000 1.000 
 110   (0.039) 0.017 0.003 0.024 0.006 0.007 0.039 0.001 0.000 0.003 0.000 0.001 0.002 0.003 0.009 0.000 0.000 

Locus 193 : 226245_11 
2 alleles
5.1% missing data
 130   (0.959) 0.983 0.997 0.999 0.994 0.992 0.959 0.999 1.000 0.997 0.984 0.999 0.998 0.997 0.924 1.000 1.000 
 110   (0.041) 0.017 0.003 0.001 0.006 0.008 0.041 0.001 0.000 0.003 0.016 0.001 0.002 0.003 0.076 0.000 0.000 

Locus 194 : 226342_59 
2 alleles
6.2% missing data
 120   (0.924) 0.966 0.994 0.964 0.989 0.985 0.925 0.995 0.997 0.911 0.999 0.998 0.995 0.993 0.982 0.997 0.999 
 100   (0.076) 0.034 0.006 0.036 0.011 0.015 0.075 0.005 0.003 0.089 0.001 0.002 0.005 0.007 0.018 0.003 0.001 

Locus 195 : 228970_13 
2 alleles
3.9% missing data
 120   (0.960) 0.985 0.997 0.999 0.995 0.994 0.960 0.999 1.000 0.997 1.000 0.999 0.998 0.955 0.992 1.000 1.000 
 100   (0.040) 0.015 0.003 0.001 0.005 0.006 0.040 0.001 0.000 0.003 0.000 0.001 0.002 0.045 0.008 0.000 0.000 

Locus 196 : 229097_27 
2 alleles
5.1% missing data
 130   (0.956) 0.985 0.998 0.999 0.995 0.993 0.956 0.999 1.000 0.791 1.000 0.999 0.998 0.996 0.992 1.000 1.000 
 110   (0.044) 0.015 0.002 0.001 0.005 0.007 0.044 0.001 0.000 0.209 0.000 0.001 0.002 0.004 0.008 0.000 0.000 

Locus 197 : 229177_29 
2 alleles
7.3% missing data
 130   (0.955) 0.981 0.997 0.998 0.994 0.987 0.955 0.801 0.983 0.997 0.999 0.999 0.996 0.996 0.991 0.999 1.000 
 110   (0.045) 0.019 0.003 0.002 0.006 0.013 0.045 0.199 0.017 0.003 0.001 0.001 0.004 0.004 0.009 0.001 0.000 

Locus 198 : 229612_7 
2 alleles
6.2% missing data
 100   (0.961) 0.976 0.989 0.999 0.994 0.993 0.961 0.999 1.000 0.997 1.000 0.999 0.998 0.997 0.991 1.000 1.000 
 120   (0.039) 0.024 0.011 0.001 0.006 0.007 0.039 0.001 0.000 0.003 0.000 0.001 0.002 0.003 0.009 0.000 0.000 

Locus 199 : 229936_67 
2 alleles
3.9% missing data
 120   (0.957) 0.961 0.997 0.999 0.994 0.992 0.957 0.999 0.995 0.997 0.976 0.998 0.996 0.996 0.956 0.989 0.995 
 100   (0.043) 0.039 0.003 0.001 0.006 0.008 0.043 0.001 0.005 0.003 0.024 0.002 0.004 0.004 0.044 0.011 0.005 

Locus 200 : 232937_62 
2 alleles
2.2% missing data
 100   (0.961) 0.984 0.997 0.999 0.995 0.993 0.961 0.991 1.000 0.997 1.000 0.999 0.998 0.997 0.989 1.000 1.000 
 120   (0.039) 0.016 0.003 0.001 0.005 0.007 0.039 0.009 0.000 0.003 0.000 0.001 0.002 0.003 0.011 0.000 0.000 

Locus 201 : 233194_6 
2 alleles
2.8% missing data
 120   (0.931) 0.972 0.996 0.963 0.992 0.988 0.931 0.999 1.000 0.664 0.999 0.999 0.997 0.995 0.987 1.000 1.000 
 100   (0.069) 0.028 0.004 0.037 0.008 0.012 0.069 0.001 0.000 0.336 0.001 0.001 0.003 0.005 0.013 0.000 0.000 

Locus 202 : 234346_33 
2 alleles
4.5% missing data
 110   (0.955) 0.983 0.997 0.808 0.995 0.993 0.955 0.999 1.000 0.996 1.000 0.999 0.998 0.997 0.992 1.000 1.000 
 130   (0.045) 0.017 0.003 0.192 0.005 0.007 0.045 0.001 0.000 0.004 0.000 0.001 0.002 0.003 0.008 0.000 0.000 

Locus 203 : 235241_77 
2 alleles
2.2% missing data
 130   (0.955) 0.983 0.998 0.999 0.995 0.993 0.955 0.999 1.000 0.838 1.000 0.999 0.998 0.996 0.991 1.000 1.000 
 100   (0.045) 0.017 0.002 0.001 0.005 0.007 0.045 0.001 0.000 0.162 0.000 0.001 0.002 0.004 0.009 0.000 0.000 

Locus 204 : 236207_44 
2 alleles
6.2% missing data
 120   (0.906) 0.966 0.994 0.997 0.866 0.986 0.906 0.998 0.999 0.993 0.693 0.998 0.995 0.958 0.819 0.999 1.000 
 100   (0.094) 0.034 0.006 0.003 0.134 0.014 0.094 0.002 0.001 0.007 0.307 0.002 0.005 0.042 0.181 0.001 0.000 

Locus 205 : 236307_12 
2 alleles
1.7% missing data
 130   (0.957) 0.983 0.997 0.999 0.993 0.992 0.957 0.999 1.000 0.997 0.999 0.518 0.998 0.992 0.991 1.000 1.000 
 110   (0.043) 0.017 0.003 0.001 0.007 0.008 0.043 0.001 0.000 0.003 0.001 0.482 0.002 0.008 0.009 0.000 0.000 

Locus 206 : 236931_45 
2 alleles
6.7% missing data
 120   (0.889) 0.943 0.694 0.997 0.462 0.982 0.889 0.997 0.999 0.992 0.999 0.996 0.995 0.698 0.970 0.999 1.000 
 100   (0.111) 0.057 0.306 0.003 0.538 0.018 0.111 0.003 0.001 0.008 0.001 0.004 0.005 0.302 0.030 0.001 0.000 

Locus 207 : 236999_38 
2 alleles
2.8% missing data
 120   (0.957) 0.984 0.997 0.999 0.995 0.993 0.957 0.999 1.000 0.945 1.000 0.999 0.998 0.997 0.992 1.000 1.000 
 100   (0.043) 0.016 0.003 0.001 0.005 0.007 0.043 0.001 0.000 0.055 0.000 0.001 0.002 0.003 0.008 0.000 0.000 

Locus 208 : 240398_42 
2 alleles
3.9% missing data
 110   (0.850) 0.878 0.842 0.996 0.448 0.971 0.850 0.996 0.999 0.989 0.998 0.574 0.993 0.882 0.956 0.999 0.999 
 130   (0.150) 0.122 0.158 0.004 0.552 0.029 0.150 0.004 0.001 0.011 0.002 0.426 0.007 0.118 0.044 0.001 0.001 

Locus 209 : 240825_22 
2 alleles
6.2% missing data
 130   (0.962) 0.974 0.997 0.999 0.990 0.992 0.962 0.997 0.998 0.997 0.998 0.999 0.994 0.997 0.988 0.995 0.998 
 110   (0.038) 0.026 0.003 0.001 0.010 0.008 0.038 0.003 0.002 0.003 0.002 0.001 0.006 0.003 0.012 0.005 0.002 

Locus 210 : 244435_48 
2 alleles
1.7% missing data
 110   (0.959) 0.984 0.996 0.999 0.995 0.994 0.959 0.999 1.000 0.997 0.983 0.999 0.998 0.997 0.926 1.000 1.000 
 130   (0.041) 0.016 0.004 0.001 0.005 0.006 0.041 0.001 0.000 0.003 0.017 0.001 0.002 0.003 0.074 0.000 0.000 

Locus 211 : 245971_21 
2 alleles
5.1% missing data
 130   (0.956) 0.984 0.997 0.998 0.995 0.993 0.956 0.999 1.000 0.914 1.000 0.999 0.998 0.997 0.992 1.000 1.000 
 120   (0.044) 0.016 0.003 0.002 0.005 0.007 0.044 0.001 0.000 0.086 0.000 0.001 0.002 0.003 0.008 0.000 0.000 

Locus 212 : 246895_22 
2 alleles
3.4% missing data
 120   (0.961) 0.980 0.997 0.999 0.995 0.993 0.960 0.999 1.000 0.997 1.000 0.993 0.998 0.997 0.992 1.000 1.000 
 110   (0.039) 0.020 0.003 0.001 0.005 0.007 0.040 0.001 0.000 0.003 0.000 0.007 0.002 0.003 0.008 0.000 0.000 

Locus 213 : 248131_26 
2 alleles
7.9% missing data
 130   (0.945) 0.977 0.974 0.998 0.991 0.990 0.945 0.997 0.999 0.996 0.999 0.998 0.954 0.994 0.981 0.999 1.000 
 110   (0.055) 0.023 0.026 0.002 0.009 0.010 0.055 0.003 0.001 0.004 0.001 0.002 0.046 0.006 0.019 0.001 0.000 

Locus 214 : 250844_49 
2 alleles
7.3% missing data
 130   (0.958) 0.981 0.983 0.999 0.995 0.993 0.958 0.999 1.000 0.997 1.000 0.999 0.998 0.996 0.989 1.000 1.000 
 100   (0.042) 0.019 0.017 0.001 0.005 0.007 0.042 0.001 0.000 0.003 0.000 0.001 0.002 0.004 0.011 0.000 0.000 

Locus 215 : 251283_19 
2 alleles
5.6% missing data
 120   (0.960) 0.984 0.998 0.999 0.830 0.993 0.960 0.999 1.000 0.997 1.000 0.999 0.998 0.997 0.992 1.000 1.000 
 100   (0.040) 0.016 0.002 0.001 0.170 0.007 0.040 0.001 0.000 0.003 0.000 0.001 0.002 0.003 0.008 0.000 0.000 

Locus 216 : 251358_15 
2 alleles
8.4% missing data
 110   (0.939) 0.975 0.790 0.998 0.989 0.991 0.939 0.998 0.999 0.995 0.996 0.999 0.997 0.994 0.956 0.999 1.000 
 120   (0.061) 0.025 0.210 0.002 0.011 0.009 0.061 0.002 0.001 0.005 0.004 0.001 0.003 0.006 0.044 0.001 0.000 

Locus 217 : 251901_42 
2 alleles
2.2% missing data
 120   (0.962) 0.982 0.998 0.999 0.995 0.992 0.962 0.999 1.000 0.997 0.999 0.999 0.971 0.997 0.990 1.000 1.000 
 100   (0.038) 0.018 0.002 0.001 0.005 0.008 0.038 0.001 0.000 0.003 0.001 0.001 0.029 0.003 0.010 0.000 0.000 

Locus 218 : 252158_43 
2 alleles
0.0% missing data
 120   (0.959) 0.984 0.998 0.999 0.995 0.993 0.959 0.999 1.000 0.918 1.000 0.999 0.998 0.997 0.993 1.000 1.000 
 100   (0.041) 0.016 0.002 0.001 0.005 0.007 0.041 0.001 0.000 0.082 0.000 0.001 0.002 0.003 0.007 0.000 0.000 

Locus 219 : 252988_16 
2 alleles
7.9% missing data
 110   (0.952) 0.980 0.996 0.998 0.993 0.991 0.952 0.999 0.999 0.996 1.000 0.998 0.712 0.996 0.991 0.999 1.000 
 100   (0.048) 0.020 0.004 0.002 0.007 0.009 0.048 0.001 0.001 0.004 0.000 0.002 0.288 0.004 0.009 0.001 0.000 

Locus 220 : 254425_88 
2 alleles
5.6% missing data
 130   (0.928) 0.972 0.996 0.877 0.991 0.989 0.928 0.997 1.000 0.772 0.999 0.999 0.997 0.995 0.987 1.000 1.000 
 110   (0.072) 0.028 0.004 0.123 0.009 0.011 0.072 0.003 0.000 0.228 0.001 0.001 0.003 0.005 0.013 0.000 0.000 

Locus 221 : 256337_57 
2 alleles
5.6% missing data
 110   (0.961) 0.985 0.998 0.999 0.929 0.994 0.961 0.999 1.000 0.997 1.000 0.999 0.998 0.997 0.993 1.000 1.000 
 130   (0.039) 0.015 0.002 0.001 0.071 0.006 0.039 0.001 0.000 0.003 0.000 0.001 0.002 0.003 0.007 0.000 0.000 

Locus 222 : 259058_15 
2 alleles
1.7% missing data
 120   (0.957) 0.985 0.997 0.868 0.995 0.993 0.957 0.999 1.000 0.997 1.000 0.999 0.998 0.997 0.993 1.000 1.000 
 100   (0.043) 0.015 0.003 0.132 0.005 0.007 0.043 0.001 0.000 0.003 0.000 0.001 0.002 0.003 0.007 0.000 0.000 

Locus 223 : 259869_81 
2 alleles
0.6% missing data
 120   (0.959) 0.985 0.998 0.938 0.995 0.993 0.959 0.999 1.000 0.997 1.000 0.999 0.998 0.997 0.992 1.000 1.000 
 130   (0.041) 0.015 0.002 0.062 0.005 0.007 0.041 0.001 0.000 0.003 0.000 0.001 0.002 0.003 0.008 0.000 0.000 

Locus 224 : 260700_55 
2 alleles
2.2% missing data
 130   (0.959) 0.984 0.997 0.998 0.994 0.993 0.959 0.974 0.998 0.997 0.999 0.999 0.995 0.996 0.992 1.000 0.999 
 110   (0.041) 0.016 0.003 0.002 0.006 0.007 0.041 0.026 0.002 0.003 0.001 0.001 0.005 0.004 0.008 0.000 0.001 

Locus 225 : 262223_11 
2 alleles
4.5% missing data
 130   (0.958) 0.984 0.998 0.999 0.995 0.994 0.958 0.850 1.000 0.997 1.000 0.999 0.998 0.996 0.993 1.000 1.000 
 100   (0.042) 0.016 0.002 0.001 0.005 0.006 0.042 0.150 0.000 0.003 0.000 0.001 0.002 0.004 0.007 0.000 0.000 

Locus 226 : 262346_48 
2 alleles
3.4% missing data
 130   (0.954) 0.983 0.997 0.999 0.414 0.992 0.954 0.999 1.000 0.997 1.000 0.999 0.998 0.997 0.991 1.000 1.000 
 110   (0.046) 0.017 0.003 0.001 0.586 0.008 0.046 0.001 0.000 0.003 0.000 0.001 0.002 0.003 0.009 0.000 0.000 

Locus 227 : 262620_18 
2 alleles
3.9% missing data
 110   (0.947) 0.960 0.996 0.998 0.990 0.988 0.947 0.997 0.994 0.995 0.994 0.994 0.997 0.994 0.974 0.997 0.998 
 130   (0.053) 0.040 0.004 0.002 0.010 0.012 0.053 0.003 0.006 0.005 0.006 0.006 0.003 0.006 0.026 0.003 0.002 

Locus 228 : 263002_42 
2 alleles
3.4% missing data
 120   (0.951) 0.971 0.845 0.999 0.994 0.992 0.951 0.999 1.000 0.996 0.999 0.999 0.998 0.996 0.990 1.000 1.000 
 100   (0.049) 0.029 0.155 0.001 0.006 0.008 0.049 0.001 0.000 0.004 0.001 0.001 0.002 0.004 0.010 0.000 0.000 

Locus 229 : 263813_70 
2 alleles
10.1% missing data
 130   (0.955) 0.983 0.997 0.932 0.994 0.993 0.955 0.999 1.000 0.996 1.000 0.999 0.998 0.996 0.991 1.000 1.000 
 110   (0.045) 0.017 0.003 0.068 0.006 0.007 0.045 0.001 0.000 0.004 0.000 0.001 0.002 0.004 0.009 0.000 0.000 

Locus 230 : 264184_13 
2 alleles
10.1% missing data
 110   (0.920) 0.968 0.993 0.997 0.944 0.986 0.920 0.998 1.000 0.993 0.971 0.998 0.827 0.993 0.875 0.999 1.000 
 130   (0.080) 0.032 0.007 0.003 0.056 0.014 0.080 0.002 0.000 0.007 0.029 0.002 0.173 0.007 0.125 0.001 0.000 

Values of parameters used in structure:
DATAFILE=C:\Users\jmahg\OneDrive\Desktop\Transfers\TrkNbr-1524n1282n1083_AllPops_Structure_p18_r080_LDnHWEx\project_data,	OUTFILE=C:\Users\jmahg\OneDrive\Desktop\Transfers\TrkNbr-1524n1282n1083_AllPops_Structure_p18_r080_LDnHWEx\BI50000_MCMC100000\Results\BI50000_MCMC100000_run_154,	NUMINDS=178,	NUMLOCI=230,	MISSING=0,	LABEL=1,	POPDATA=1,	POPFLAG=0,	PHENOTYPE=0,	EXTRACOLS=0,	MAXPOPS=16,	BURNIN=50000,	NUMREPS=100000,	USEPOPINFO=0,	INFERALPHA=1,	INFERLAMBDA=0,	POPSPECIFICLAMBDA=0,	POPALPHAS=0,	COMPUTEPROB=1,	NOADMIX=0,	ADMBURNIN=2500,	UPDATEFREQ=1,	PRINTLIKES=0,	INTERMEDSAVE=0,	PRINTKLD=0,	PRINTNET=0,	PRINTLAMBDA=0,	ANCESTDIST=0,	NUMBOXES=1000,	ANCESTPINT=0.90000,	GENSBACK=2,	MIGRPRIOR=0.05000,	PRINTQHAT=0,	PRINTQSUM=0,	ALPHA=1.0000,	FREQSCORR=1,	FPRIORMEAN=0.0100,	FPRIORSD=0.0500,	ONEFST=0,	LAMBDA=1.0000,	UNIFPRIORALPHA=1,	ALPHAMAX=10.0000,	ALPHAPRIORA=1.0000,	ALPHAPRIORB=2.0000,	ALPHAPROPSD=0.0250,	STARTATPOPINFO=0,	RANDOMIZE=1,	LINKAGE=0,	METROFREQ=10,	REPORTHITRATE=0,	MARKOVPHASE=-1,	PHASED=0,	PLOIDY=2,	PHASEINFO=0	LOCPRIOR=0, 	LOCPRIORINIT=1.000000, 	LOCDATA=0, 	LOCISPOP=0, 	LOCPRIORSTEP=0.100000, 	MAXLOCPRIOR=20.000000, 	SEED=1603020761,	
[STRAT parameters]:    NUMSIMSTATS=1000,	PHENOTYPECOL=-9,	POOLFREQ=10,	LOCUSxONLY=0,	EMERROR=0.00100,	MISSINGPHENO=-9,	