

----------------------------------------------------
STRUCTURE by Pritchard, Stephens and Donnelly (2000)
     and Falush, Stephens and Pritchard (2003)
       Code by Pritchard, Falush and Hubisz
             Version 2.3.4 (Jul 2012)
----------------------------------------------------



Command line arguments:   bin\structure -m C:\Users\jmahg\OneDrive\Desktop\Transfers\TrkNbr-1524n1282n1083_AllPops_Structure_p18_r080_LDnHWEx\BI50000_MCMC100000\mainparams -e C:\Users\jmahg\OneDrive\Desktop\Transfers\TrkNbr-1524n1282n1083_AllPops_Structure_p18_r080_LDnHWEx\BI50000_MCMC100000\extraparams 
Input File:    C:\Users\jmahg\OneDrive\Desktop\Transfers\TrkNbr-1524n1282n1083_AllPops_Structure_p18_r080_LDnHWEx\project_data

Run parameters:
   178 individuals
   230 loci
   14 populations assumed
   50000 Burn-in period
   100000 Reps


--------------------------------------------
Proportion of membership of each pre-defined
 population in each of the 14 clusters

Given    Inferred Clusters                                                                                    Number of
 Pop       1      2      3      4      5      6      7      8      9     10     11     12     13     14      Individuals

  1:     0.013  0.033  0.033  0.007  0.758  0.024  0.005  0.002  0.012  0.013  0.023  0.009  0.032  0.037       10
  2:     0.044  0.090  0.061  0.006  0.033  0.007  0.014  0.002  0.004  0.014  0.532  0.038  0.075  0.078        8
  3:     0.028  0.097  0.085  0.008  0.014  0.008  0.004  0.002  0.004  0.541  0.014  0.017  0.079  0.098       10
  4:     0.451  0.096  0.088  0.009  0.022  0.021  0.007  0.003  0.016  0.026  0.086  0.006  0.081  0.086       10
  5:     0.007  0.013  0.014  0.012  0.008  0.005  0.003  0.887  0.004  0.009  0.007  0.003  0.013  0.015       10
  6:     0.012  0.142  0.132  0.010  0.022  0.009  0.004  0.003  0.005  0.394  0.017  0.003  0.111  0.137       10
  7:     0.008  0.087  0.076  0.006  0.621  0.004  0.003  0.002  0.004  0.013  0.014  0.002  0.088  0.071       10
  8:     0.065  0.110  0.075  0.008  0.070  0.089  0.017  0.003  0.044  0.032  0.280  0.049  0.078  0.081       10
  9:     0.010  0.248  0.197  0.010  0.061  0.005  0.003  0.002  0.004  0.023  0.018  0.002  0.197  0.219       10
 10:     0.013  0.172  0.355  0.011  0.020  0.007  0.004  0.003  0.005  0.035  0.019  0.004  0.134  0.218       10
 11:     0.016  0.071  0.064  0.007  0.021  0.594  0.008  0.002  0.007  0.016  0.034  0.035  0.055  0.069       10
 12:     0.020  0.045  0.044  0.010  0.025  0.579  0.006  0.003  0.095  0.019  0.063  0.005  0.039  0.047       10
 13:     0.013  0.023  0.023  0.007  0.016  0.010  0.007  0.002  0.822  0.012  0.010  0.008  0.021  0.025       10
 14:     0.010  0.047  0.052  0.730  0.011  0.006  0.003  0.010  0.004  0.018  0.010  0.004  0.045  0.049       10
 15:     0.009  0.036  0.033  0.773  0.011  0.005  0.004  0.007  0.004  0.034  0.009  0.005  0.032  0.039       10
 16:     0.409  0.130  0.060  0.009  0.032  0.011  0.012  0.003  0.006  0.031  0.039  0.029  0.162  0.068       10
 17:     0.036  0.070  0.051  0.009  0.033  0.067  0.528  0.003  0.017  0.017  0.056  0.006  0.053  0.054       10
 18:     0.008  0.021  0.022  0.009  0.009  0.005  0.003  0.845  0.004  0.014  0.009  0.004  0.021  0.026       10
--------------------------------------------

Allele-freq. divergence among pops (Net nucleotide distance),
computed using point estimates of P.

      1       2       3       4       5       6       7       8       9      10      11      12      13      14      
 1      -    0.0030  0.0032  0.0048  0.0050  0.0049  0.0108  0.0101  0.0075  0.0038  0.0060  0.0043  0.0021  0.0030  
 2   0.0030     -    0.0001  0.0018  0.0017  0.0027  0.0086  0.0073  0.0051  0.0012  0.0033  0.0031  0.0002  0.0000  
 3   0.0032  0.0001     -    0.0018  0.0020  0.0028  0.0087  0.0073  0.0051  0.0012  0.0033  0.0032  0.0003  0.0000  
 4   0.0048  0.0018  0.0018     -    0.0040  0.0043  0.0102  0.0068  0.0066  0.0028  0.0050  0.0036  0.0020  0.0018  
 5   0.0050  0.0017  0.0020  0.0040     -    0.0041  0.0099  0.0094  0.0069  0.0033  0.0050  0.0041  0.0019  0.0019  
 6   0.0049  0.0027  0.0028  0.0043  0.0041     -    0.0079  0.0096  0.0048  0.0037  0.0048  0.0030  0.0028  0.0026  
 7   0.0108  0.0086  0.0087  0.0102  0.0099  0.0079     -    0.0151  0.0105  0.0095  0.0068  0.0071  0.0085  0.0085  
 8   0.0101  0.0073  0.0073  0.0068  0.0094  0.0096  0.0151     -    0.0118  0.0078  0.0104  0.0059  0.0074  0.0072  
 9   0.0075  0.0051  0.0051  0.0066  0.0069  0.0048  0.0105  0.0118     -    0.0060  0.0077  0.0047  0.0051  0.0049  
10   0.0038  0.0012  0.0012  0.0028  0.0033  0.0037  0.0095  0.0078  0.0060     -    0.0044  0.0036  0.0012  0.0011  
11   0.0060  0.0033  0.0033  0.0050  0.0050  0.0048  0.0068  0.0104  0.0077  0.0044     -    0.0048  0.0034  0.0032  
12   0.0043  0.0031  0.0032  0.0036  0.0041  0.0030  0.0071  0.0059  0.0047  0.0036  0.0048     -    0.0029  0.0030  
13   0.0021  0.0002  0.0003  0.0020  0.0019  0.0028  0.0085  0.0074  0.0051  0.0012  0.0034  0.0029     -    0.0002  
14   0.0030  0.0000  0.0000  0.0018  0.0019  0.0026  0.0085  0.0072  0.0049  0.0011  0.0032  0.0030  0.0002     -    

Average distances (expected heterozygosity) between individuals in same cluster:
cluster  1  : 0.0243 
cluster  2  : 0.0044 
cluster  3  : 0.0041 
cluster  4  : 0.0235 
cluster  5  : 0.0144 
cluster  6  : 0.0335 
cluster  7  : 0.0462 
cluster  8  : 0.0667 
cluster  9  : 0.0401 
cluster 10  : 0.0141 
cluster 11  : 0.0134 
cluster 12  : 0.1035 
cluster 13  : 0.0092 
cluster 14  : 0.0064 

--------------------------------------------
Estimated Ln Prob of Data   = -3683.5
Mean value of ln likelihood = -3255.5
Variance of ln likelihood   = 856.1
Mean value of alpha         = 0.0362

Mean value of Fst_1         = 0.5708
Mean value of Fst_2         = 0.8888
Mean value of Fst_3         = 0.8972
Mean value of Fst_4         = 0.5578
Mean value of Fst_5         = 0.6963
Mean value of Fst_6         = 0.4416
Mean value of Fst_7         = 0.4172
Mean value of Fst_8         = 0.2854
Mean value of Fst_9         = 0.4377
Mean value of Fst_10         = 0.7077
Mean value of Fst_11         = 0.7707
Mean value of Fst_12         = 0.0002
Mean value of Fst_13         = 0.8595
Mean value of Fst_14         = 0.9110


Inferred ancestry of individuals:
        Label (%Miss) Pop:  Inferred clusters
  1 TGCP_WM1    (0)    1 :  0.010 0.038 0.027 0.007 0.809 0.009 0.005 0.003 0.004 0.016 0.016 0.011 0.022 0.022 
  2 TGCP_WM10    (1)    1 :  0.008 0.087 0.077 0.008 0.561 0.012 0.005 0.002 0.003 0.018 0.034 0.002 0.095 0.088 
  3 TGCP_WM2    (0)    1 :  0.011 0.023 0.062 0.009 0.684 0.008 0.007 0.003 0.006 0.025 0.017 0.046 0.039 0.060 
  4 TGCP_WM3    (1)    1 :  0.007 0.021 0.020 0.006 0.871 0.010 0.002 0.002 0.005 0.008 0.008 0.002 0.019 0.020 
  5 TGCP_WM4    (0)    1 :  0.013 0.017 0.020 0.007 0.776 0.095 0.005 0.002 0.004 0.011 0.011 0.005 0.018 0.017 
  6 TGCP_WM5    (0)    1 :  0.014 0.030 0.053 0.007 0.626 0.020 0.003 0.002 0.018 0.017 0.093 0.012 0.035 0.070 
  7 TGCP_WM6    (0)    1 :  0.012 0.012 0.012 0.005 0.869 0.018 0.004 0.002 0.016 0.008 0.007 0.003 0.017 0.015 
  8 TGCP_WM7    (0)    1 :  0.039 0.076 0.042 0.010 0.633 0.007 0.008 0.002 0.023 0.016 0.025 0.004 0.057 0.058 
  9 TGCP_WM8    (0)    1 :  0.010 0.018 0.012 0.004 0.815 0.051 0.003 0.002 0.041 0.006 0.010 0.004 0.011 0.014 
 10 TGCP_WM9    (0)    1 :  0.005 0.006 0.006 0.003 0.938 0.010 0.004 0.002 0.003 0.005 0.005 0.003 0.005 0.007 
 11 MRLP_WM123    (3)    2 :  0.058 0.014 0.022 0.008 0.010 0.011 0.006 0.002 0.004 0.008 0.636 0.169 0.024 0.030 
 12 MRLP_WM124    (4)    2 :  0.011 0.037 0.028 0.007 0.012 0.008 0.004 0.002 0.004 0.014 0.790 0.002 0.031 0.050 
 13 MRLP_WM125    (1)    2 :  0.015 0.037 0.025 0.006 0.035 0.008 0.063 0.003 0.007 0.011 0.617 0.119 0.032 0.022 
 14 MRLP_WM126    (2)    2 :  0.011 0.226 0.210 0.009 0.017 0.006 0.002 0.002 0.004 0.030 0.013 0.001 0.182 0.287 
 15 MRLP_WM127    (3)    2 :  0.015 0.311 0.119 0.008 0.098 0.008 0.027 0.002 0.004 0.020 0.023 0.006 0.211 0.150 
 16 MRLP_WM128    (3)    2 :  0.006 0.012 0.009 0.004 0.007 0.005 0.005 0.002 0.003 0.006 0.925 0.001 0.007 0.009 
 17 MRLP_WM129    (7)    2 :  0.216 0.031 0.020 0.004 0.031 0.010 0.004 0.002 0.004 0.018 0.562 0.003 0.056 0.039 
 18 MRLP_WM130    (5)    2 :  0.024 0.053 0.060 0.005 0.053 0.004 0.003 0.002 0.003 0.007 0.689 0.002 0.054 0.042 
 19 STT_WM183    (2)    3 :  0.009 0.031 0.035 0.006 0.014 0.029 0.005 0.002 0.003 0.634 0.009 0.145 0.037 0.041 
 20 STT_WM184    (3)    3 :  0.070 0.052 0.046 0.009 0.013 0.007 0.006 0.002 0.006 0.694 0.010 0.009 0.039 0.035 
 21 STT_WM185   (15)    3 :  0.014 0.248 0.188 0.010 0.034 0.006 0.003 0.003 0.004 0.036 0.039 0.002 0.179 0.233 
 22 STT_WM186   (13)    3 :  0.017 0.219 0.211 0.011 0.023 0.008 0.004 0.002 0.005 0.043 0.026 0.002 0.194 0.238 
 23 STT_WM187   (13)    3 :  0.008 0.021 0.019 0.005 0.010 0.005 0.003 0.002 0.006 0.872 0.007 0.002 0.016 0.022 
 24 STT_WM188    (3)    3 :  0.006 0.012 0.011 0.005 0.005 0.004 0.003 0.002 0.003 0.923 0.005 0.002 0.008 0.012 
 25 STT_WM189    (0)    3 :  0.009 0.251 0.227 0.009 0.017 0.005 0.002 0.002 0.003 0.029 0.018 0.002 0.173 0.254 
 26 STT_WM190   (11)    3 :  0.007 0.011 0.011 0.005 0.009 0.005 0.003 0.002 0.003 0.905 0.005 0.002 0.014 0.017 
 27 STT_WM191    (7)    3 :  0.013 0.106 0.100 0.010 0.013 0.006 0.004 0.002 0.005 0.510 0.017 0.002 0.096 0.116 
 28 STT_WM192   (12)    3 :  0.122 0.016 0.008 0.008 0.008 0.005 0.003 0.003 0.005 0.763 0.007 0.007 0.037 0.010 
 29 FSSP_WM241    (3)    4 :  0.235 0.166 0.152 0.011 0.048 0.018 0.009 0.003 0.029 0.026 0.120 0.007 0.078 0.098 
 30 FSSP_WM242   (15)    4 :  0.008 0.252 0.187 0.008 0.015 0.007 0.003 0.003 0.004 0.036 0.014 0.002 0.191 0.271 
 31 FSSP_WM243    (6)    4 :  0.895 0.009 0.012 0.006 0.006 0.005 0.005 0.002 0.004 0.011 0.006 0.010 0.021 0.008 
 32 FSSP_WM244    (5)    4 :  0.091 0.115 0.091 0.006 0.068 0.029 0.018 0.003 0.072 0.022 0.348 0.006 0.064 0.067 
 33 FSSP_WM245   (10)    4 :  0.288 0.177 0.141 0.012 0.024 0.007 0.003 0.003 0.006 0.031 0.025 0.003 0.136 0.144 
 34 FSSP_WM246    (6)    4 :  0.125 0.132 0.203 0.020 0.024 0.016 0.004 0.002 0.008 0.063 0.062 0.006 0.174 0.163 
 35 FSSP_WM247    (3)    4 :  0.854 0.017 0.017 0.004 0.012 0.010 0.008 0.003 0.015 0.007 0.012 0.006 0.023 0.013 
 36 FSSP_WM248    (9)    4 :  0.872 0.016 0.010 0.007 0.006 0.019 0.004 0.003 0.013 0.009 0.009 0.003 0.012 0.017 
 37 FSSP_WM249    (6)    4 :  0.753 0.034 0.026 0.009 0.008 0.027 0.004 0.002 0.006 0.037 0.013 0.005 0.041 0.036 
 38 FSSP_WM250    (2)    4 :  0.388 0.044 0.046 0.010 0.012 0.072 0.013 0.002 0.006 0.019 0.251 0.017 0.073 0.048 
 39 HNL_WM301    (3)    5 :  0.007 0.014 0.011 0.013 0.007 0.004 0.002 0.900 0.004 0.006 0.006 0.002 0.009 0.014 
 40 HNL_WM302    (2)    5 :  0.004 0.007 0.007 0.006 0.004 0.003 0.002 0.942 0.003 0.005 0.004 0.002 0.005 0.006 
 41 HNL_WM303    (2)    5 :  0.008 0.015 0.013 0.009 0.008 0.004 0.003 0.887 0.004 0.012 0.006 0.002 0.011 0.017 
 42 HNL_WM304    (3)    5 :  0.012 0.018 0.022 0.024 0.013 0.006 0.004 0.812 0.004 0.016 0.012 0.002 0.028 0.027 
 43 HNL_WM305    (3)    5 :  0.006 0.009 0.006 0.006 0.005 0.004 0.003 0.927 0.003 0.007 0.006 0.005 0.007 0.006 
 44 HNL_WM306    (0)    5 :  0.005 0.007 0.008 0.011 0.005 0.004 0.003 0.921 0.003 0.006 0.006 0.004 0.007 0.010 
 45 HNL_WM307    (3)    5 :  0.006 0.011 0.014 0.007 0.007 0.004 0.003 0.902 0.003 0.008 0.008 0.002 0.010 0.014 
 46 HNL_WM308    (3)    5 :  0.006 0.013 0.014 0.016 0.008 0.005 0.003 0.888 0.003 0.010 0.009 0.003 0.010 0.012 
 47 HNL_WM309    (0)    5 :  0.009 0.019 0.022 0.017 0.009 0.007 0.004 0.836 0.005 0.010 0.008 0.008 0.019 0.027 
 48 HNL_WM310   (10)    5 :  0.007 0.018 0.021 0.013 0.009 0.006 0.003 0.855 0.004 0.010 0.009 0.002 0.021 0.020 
 49 MPO_WM482    (2)    6 :  0.005 0.018 0.015 0.005 0.006 0.005 0.003 0.004 0.003 0.897 0.006 0.002 0.015 0.015 
 50 MPO_WM483    (3)    6 :  0.016 0.168 0.125 0.010 0.016 0.005 0.004 0.003 0.005 0.348 0.017 0.005 0.134 0.143 
 51 MPO_WM484    (1)    6 :  0.011 0.122 0.065 0.011 0.018 0.006 0.004 0.002 0.005 0.561 0.013 0.002 0.089 0.091 
 52 MPO_WM485    (0)    6 :  0.016 0.114 0.039 0.006 0.007 0.005 0.004 0.002 0.005 0.708 0.013 0.007 0.046 0.028 
 53 MPO_WM486   (21)    6 :  0.014 0.199 0.219 0.012 0.042 0.007 0.005 0.003 0.007 0.037 0.023 0.002 0.183 0.248 
 54 MPO_WM487   (19)    6 :  0.022 0.094 0.119 0.015 0.022 0.009 0.004 0.003 0.006 0.478 0.017 0.003 0.104 0.104 
 55 MPO_WM488    (9)    6 :  0.009 0.233 0.260 0.011 0.018 0.005 0.003 0.002 0.004 0.044 0.013 0.002 0.159 0.237 
 56 MPO_WM489    (3)    6 :  0.007 0.028 0.031 0.006 0.050 0.032 0.008 0.002 0.003 0.768 0.016 0.003 0.025 0.020 
 57 MPO_WM490   (24)    6 :  0.013 0.227 0.211 0.012 0.019 0.008 0.005 0.003 0.006 0.069 0.025 0.002 0.176 0.223 
 58 MPO_WM491   (11)    6 :  0.011 0.212 0.232 0.010 0.018 0.006 0.003 0.002 0.003 0.027 0.030 0.002 0.184 0.261 
 59 OICP_WM541    (1)    7 :  0.009 0.026 0.035 0.006 0.848 0.004 0.003 0.002 0.003 0.009 0.009 0.001 0.020 0.024 
 60 OICP_WM542    (2)    7 :  0.006 0.026 0.028 0.006 0.836 0.005 0.003 0.002 0.003 0.011 0.008 0.002 0.035 0.029 
 61 OICP_WM543    (0)    7 :  0.007 0.031 0.019 0.005 0.827 0.004 0.003 0.002 0.003 0.012 0.008 0.002 0.034 0.042 
 62 OICP_WM544    (1)    7 :  0.011 0.172 0.209 0.005 0.203 0.004 0.004 0.002 0.009 0.021 0.043 0.009 0.199 0.109 
 63 OICP_WM545    (0)    7 :  0.009 0.063 0.052 0.007 0.721 0.006 0.003 0.002 0.004 0.015 0.012 0.002 0.046 0.058 
 64 OICP_WM546    (3)    7 :  0.009 0.246 0.168 0.008 0.122 0.005 0.002 0.002 0.003 0.015 0.017 0.002 0.223 0.177 
 65 OICP_WM547    (2)    7 :  0.008 0.242 0.157 0.006 0.100 0.005 0.003 0.002 0.003 0.018 0.022 0.002 0.243 0.190 
 66 OICP_WM548    (3)    7 :  0.009 0.021 0.027 0.007 0.853 0.003 0.003 0.002 0.003 0.010 0.008 0.002 0.024 0.028 
 67 OICP_WM549    (0)    7 :  0.006 0.016 0.025 0.005 0.884 0.003 0.003 0.002 0.003 0.008 0.007 0.002 0.017 0.020 
 68 OICP_WM550    (1)    7 :  0.007 0.030 0.037 0.006 0.814 0.004 0.003 0.002 0.004 0.014 0.008 0.002 0.037 0.031 
 69 IRO_WM601    (2)    8 :  0.053 0.116 0.064 0.008 0.309 0.159 0.005 0.002 0.043 0.014 0.055 0.006 0.074 0.092 
 70 IRO_WM602    (1)    8 :  0.020 0.291 0.126 0.007 0.114 0.010 0.004 0.003 0.007 0.023 0.083 0.007 0.168 0.136 
 71 IRO_WM603    (2)    8 :  0.081 0.062 0.037 0.006 0.011 0.408 0.005 0.003 0.261 0.018 0.023 0.015 0.020 0.051 
 72 IRO_WM604    (0)    8 :  0.011 0.014 0.013 0.005 0.007 0.006 0.008 0.003 0.010 0.008 0.673 0.205 0.009 0.027 
 73 IRO_WM605    (3)    8 :  0.007 0.014 0.015 0.006 0.094 0.055 0.019 0.002 0.003 0.015 0.726 0.002 0.022 0.021 
 74 IRO_WM606    (3)    8 :  0.027 0.037 0.080 0.006 0.017 0.014 0.030 0.003 0.007 0.026 0.645 0.005 0.062 0.040 
 75 IRO_WM607    (2)    8 :  0.108 0.132 0.076 0.010 0.022 0.090 0.014 0.003 0.006 0.030 0.305 0.010 0.099 0.093 
 76 IRO_WM608    (0)    8 :  0.102 0.192 0.069 0.006 0.094 0.100 0.016 0.003 0.017 0.017 0.047 0.109 0.130 0.098 
 77 IRO_WM609    (0)    8 :  0.022 0.174 0.134 0.014 0.015 0.038 0.019 0.003 0.028 0.027 0.188 0.122 0.065 0.152 
 78 IRO_WM610   (13)    8 :  0.218 0.067 0.133 0.013 0.018 0.008 0.048 0.003 0.055 0.144 0.049 0.011 0.134 0.097 
 79 HGRF_WM661    (5)    9 :  0.009 0.251 0.168 0.005 0.105 0.004 0.002 0.002 0.003 0.021 0.016 0.002 0.214 0.197 
 80 HGRF_WM662    (5)    9 :  0.013 0.246 0.204 0.014 0.014 0.005 0.003 0.002 0.004 0.027 0.016 0.002 0.213 0.239 
 81 HGRF_WM663    (4)    9 :  0.009 0.266 0.146 0.008 0.114 0.005 0.003 0.002 0.003 0.012 0.020 0.002 0.213 0.197 
 82 HGRF_WM664    (3)    9 :  0.010 0.222 0.194 0.007 0.031 0.006 0.003 0.002 0.004 0.022 0.015 0.002 0.202 0.281 
 83 HGRF_WM665    (1)    9 :  0.012 0.237 0.182 0.013 0.142 0.007 0.006 0.003 0.007 0.021 0.040 0.009 0.209 0.113 
 84 HGRF_WM666    (5)    9 :  0.009 0.249 0.228 0.014 0.017 0.005 0.002 0.002 0.004 0.028 0.012 0.002 0.190 0.239 
 85 HGRF_WM667    (0)    9 :  0.008 0.276 0.199 0.009 0.019 0.005 0.003 0.002 0.003 0.020 0.013 0.001 0.177 0.264 
 86 HGRF_WM668    (4)    9 :  0.007 0.270 0.175 0.008 0.115 0.005 0.002 0.002 0.005 0.015 0.020 0.001 0.205 0.170 
 87 HGRF_WM669    (5)    9 :  0.010 0.212 0.243 0.012 0.014 0.006 0.002 0.002 0.003 0.037 0.013 0.002 0.163 0.281 
 88 HGRF_WM670    (9)    9 :  0.010 0.252 0.228 0.008 0.035 0.006 0.003 0.002 0.005 0.029 0.018 0.002 0.190 0.212 
 89 PTP_WM721    (2)   10 :  0.026 0.220 0.229 0.013 0.024 0.011 0.008 0.004 0.007 0.091 0.023 0.015 0.167 0.161 
 90 PTP_WM722    (2)   10 :  0.014 0.074 0.628 0.007 0.020 0.008 0.006 0.004 0.004 0.015 0.007 0.013 0.029 0.170 
 91 PTP_WM723   (25)   10 :  0.010 0.198 0.252 0.013 0.030 0.008 0.004 0.003 0.005 0.040 0.034 0.002 0.160 0.243 
 92 PTP_WM724   (13)   10 :  0.010 0.238 0.211 0.015 0.018 0.009 0.004 0.003 0.004 0.045 0.015 0.002 0.182 0.246 
 93 PTP_WM725   (25)   10 :  0.019 0.232 0.211 0.016 0.021 0.008 0.004 0.003 0.006 0.041 0.015 0.002 0.179 0.242 
 94 PTP_WM726   (13)   10 :  0.011 0.217 0.227 0.010 0.021 0.007 0.003 0.003 0.006 0.034 0.025 0.002 0.202 0.232 
 95 PTP_WM727   (10)   10 :  0.011 0.190 0.247 0.012 0.012 0.008 0.004 0.003 0.005 0.029 0.036 0.002 0.178 0.262 
 96 PTP_WM728    (8)   10 :  0.010 0.218 0.208 0.012 0.019 0.006 0.003 0.002 0.004 0.034 0.016 0.002 0.193 0.274 
 97 PTP_WM729    (9)   10 :  0.007 0.073 0.654 0.007 0.011 0.004 0.003 0.002 0.003 0.014 0.006 0.002 0.035 0.179 
 98 PTP_WM730    (8)   10 :  0.012 0.057 0.686 0.006 0.019 0.004 0.004 0.002 0.003 0.010 0.009 0.002 0.016 0.170 
 99 RRL_WM782    (9)   11 :  0.009 0.243 0.224 0.013 0.020 0.006 0.004 0.002 0.004 0.036 0.017 0.001 0.189 0.230 
100 RRL_WM783    (8)   11 :  0.018 0.020 0.015 0.007 0.018 0.831 0.005 0.003 0.016 0.014 0.008 0.005 0.022 0.021 
101 RRL_WM784    (1)   11 :  0.012 0.026 0.031 0.010 0.012 0.792 0.010 0.002 0.009 0.015 0.020 0.003 0.023 0.036 
102 RRL_WM785    (1)   11 :  0.009 0.271 0.210 0.010 0.018 0.006 0.003 0.002 0.004 0.039 0.014 0.002 0.168 0.244 
103 RRL_WM786    (2)   11 :  0.023 0.010 0.009 0.004 0.006 0.806 0.013 0.002 0.005 0.006 0.090 0.003 0.009 0.013 
104 RRL_WM787    (3)   11 :  0.023 0.049 0.045 0.005 0.081 0.662 0.008 0.002 0.007 0.008 0.022 0.007 0.041 0.040 
105 RRL_WM788    (0)   11 :  0.018 0.010 0.013 0.004 0.004 0.735 0.004 0.002 0.007 0.005 0.009 0.166 0.008 0.015 
106 RRL_WM789    (2)   11 :  0.005 0.007 0.009 0.004 0.010 0.915 0.005 0.002 0.011 0.006 0.007 0.002 0.007 0.011 
107 RRL_WM790    (0)   11 :  0.012 0.028 0.028 0.009 0.014 0.522 0.023 0.002 0.006 0.015 0.126 0.157 0.028 0.030 
108 RRL_WM791    (0)   11 :  0.037 0.047 0.056 0.008 0.031 0.660 0.004 0.002 0.004 0.019 0.022 0.006 0.051 0.051 
109 RRO_WM842    (0)   12 :  0.026 0.025 0.024 0.008 0.012 0.761 0.007 0.003 0.008 0.013 0.061 0.005 0.023 0.025 
110 RRO_WM843    (7)   12 :  0.016 0.023 0.022 0.010 0.010 0.454 0.009 0.003 0.344 0.010 0.028 0.013 0.017 0.039 
111 RRO_WM844    (2)   12 :  0.012 0.067 0.047 0.015 0.019 0.032 0.007 0.002 0.359 0.022 0.317 0.003 0.052 0.045 
112 RRO_WM845    (4)   12 :  0.007 0.014 0.012 0.005 0.007 0.869 0.004 0.002 0.038 0.009 0.007 0.003 0.014 0.011 
113 RRO_WM846   (10)   12 :  0.015 0.050 0.047 0.011 0.015 0.701 0.003 0.003 0.025 0.019 0.017 0.004 0.048 0.042 
114 RRO_WM847    (6)   12 :  0.013 0.031 0.043 0.010 0.015 0.605 0.009 0.002 0.081 0.013 0.126 0.003 0.024 0.024 
115 RRO_WM848    (4)   12 :  0.078 0.103 0.081 0.012 0.039 0.395 0.005 0.004 0.016 0.042 0.019 0.011 0.072 0.124 
116 RRO_WM849    (5)   12 :  0.009 0.026 0.030 0.005 0.101 0.698 0.004 0.002 0.018 0.018 0.019 0.002 0.029 0.038 
117 RRO_WM850    (2)   12 :  0.009 0.024 0.026 0.011 0.015 0.813 0.003 0.003 0.005 0.015 0.020 0.003 0.027 0.025 
118 RRO_WM851    (1)   12 :  0.011 0.089 0.107 0.015 0.018 0.466 0.004 0.003 0.059 0.030 0.014 0.004 0.086 0.096 
119 CPS_WM901    (2)   13 :  0.007 0.012 0.016 0.007 0.006 0.025 0.004 0.002 0.862 0.008 0.017 0.003 0.015 0.014 
120 CPS_WM902    (2)   13 :  0.005 0.010 0.009 0.004 0.065 0.011 0.012 0.002 0.844 0.007 0.005 0.003 0.010 0.011 
121 CPS_WM903    (5)   13 :  0.006 0.008 0.008 0.004 0.005 0.013 0.010 0.002 0.912 0.006 0.008 0.002 0.008 0.008 
122 CPS_WM904    (1)   13 :  0.015 0.016 0.011 0.007 0.005 0.008 0.016 0.002 0.853 0.010 0.007 0.023 0.009 0.017 
123 CPS_WM905    (2)   13 :  0.028 0.006 0.017 0.005 0.007 0.009 0.011 0.002 0.844 0.014 0.006 0.035 0.009 0.007 
124 CPS_WM906    (3)   13 :  0.010 0.024 0.021 0.008 0.012 0.006 0.002 0.003 0.849 0.014 0.007 0.002 0.021 0.023 
125 CPS_WM907    (6)   13 :  0.012 0.057 0.044 0.009 0.013 0.007 0.003 0.003 0.696 0.015 0.014 0.002 0.055 0.071 
126 CPS_WM908    (3)   13 :  0.012 0.044 0.046 0.007 0.022 0.012 0.009 0.002 0.708 0.023 0.018 0.005 0.039 0.052 
127 CPS_WM909    (2)   13 :  0.020 0.031 0.042 0.007 0.018 0.007 0.004 0.002 0.778 0.016 0.012 0.002 0.032 0.030 
128 CPS_WM910    (1)   13 :  0.010 0.019 0.014 0.008 0.007 0.005 0.003 0.002 0.877 0.009 0.007 0.008 0.013 0.018 
129 PPNP_WM962    (1)   14 :  0.005 0.007 0.008 0.935 0.005 0.004 0.003 0.005 0.003 0.005 0.004 0.003 0.006 0.008 
130 PPNP_WM963    (0)   14 :  0.015 0.044 0.047 0.733 0.011 0.005 0.003 0.014 0.005 0.014 0.009 0.007 0.051 0.041 
131 PPNP_WM964    (0)   14 :  0.006 0.008 0.013 0.850 0.004 0.004 0.003 0.053 0.004 0.006 0.007 0.015 0.015 0.013 
132 PPNP_WM965    (4)   14 :  0.006 0.025 0.024 0.847 0.012 0.005 0.003 0.003 0.003 0.011 0.010 0.002 0.024 0.026 
133 PPNP_WM966    (4)   14 :  0.006 0.008 0.010 0.926 0.006 0.004 0.002 0.002 0.003 0.005 0.005 0.001 0.013 0.010 
134 PPNP_WM967    (4)   14 :  0.010 0.051 0.051 0.709 0.011 0.007 0.003 0.002 0.005 0.023 0.014 0.002 0.051 0.061 
135 PPNP_WM968    (5)   14 :  0.022 0.190 0.191 0.107 0.021 0.009 0.005 0.016 0.006 0.071 0.021 0.008 0.178 0.157 
136 PPNP_WM969    (2)   14 :  0.009 0.046 0.037 0.778 0.011 0.008 0.003 0.002 0.005 0.011 0.011 0.002 0.033 0.044 
137 PPNP_WM970    (2)   14 :  0.011 0.053 0.079 0.694 0.014 0.005 0.004 0.004 0.004 0.013 0.015 0.002 0.044 0.059 
138 PPNP_WM971    (2)   14 :  0.009 0.041 0.060 0.718 0.016 0.007 0.003 0.003 0.004 0.021 0.009 0.002 0.036 0.070 
139 FPPI_WM1021    (4)   15 :  0.007 0.024 0.019 0.836 0.010 0.005 0.004 0.003 0.006 0.017 0.011 0.010 0.021 0.026 
140 FPPI_WM1022    (4)   15 :  0.009 0.043 0.038 0.525 0.013 0.005 0.005 0.018 0.005 0.225 0.009 0.004 0.050 0.051 
141 FPPI_WM1023    (1)   15 :  0.009 0.033 0.028 0.815 0.011 0.004 0.003 0.004 0.004 0.013 0.011 0.002 0.025 0.036 
142 FPPI_WM1024    (5)   15 :  0.009 0.045 0.045 0.748 0.014 0.005 0.003 0.002 0.004 0.016 0.011 0.002 0.051 0.045 
143 FPPI_WM1025    (6)   15 :  0.011 0.052 0.049 0.730 0.021 0.006 0.003 0.004 0.005 0.013 0.008 0.001 0.049 0.045 
144 FPPI_WM1026    (1)   15 :  0.006 0.010 0.009 0.912 0.006 0.003 0.003 0.003 0.002 0.007 0.008 0.002 0.010 0.018 
145 FPPI_WM1027    (3)   15 :  0.007 0.008 0.008 0.934 0.005 0.004 0.002 0.002 0.002 0.005 0.005 0.002 0.009 0.008 
146 FPPI_WM1028    (2)   15 :  0.007 0.024 0.025 0.862 0.006 0.004 0.003 0.005 0.003 0.011 0.008 0.002 0.020 0.021 
147 FPPI_WM1029    (3)   15 :  0.013 0.107 0.097 0.483 0.019 0.006 0.004 0.022 0.005 0.027 0.014 0.002 0.079 0.123 
148 FPPI_WM1030    (1)   15 :  0.009 0.011 0.013 0.885 0.006 0.007 0.005 0.004 0.005 0.007 0.007 0.019 0.010 0.011 
149 CRWA_WM1082    (2)   16 :  0.760 0.009 0.009 0.004 0.004 0.004 0.003 0.002 0.003 0.007 0.005 0.002 0.181 0.007 
150 CRWA_WM1084    (5)   16 :  0.337 0.228 0.066 0.006 0.055 0.005 0.007 0.003 0.003 0.011 0.018 0.002 0.181 0.077 
151 CRWA_WM1085    (2)   16 :  0.446 0.168 0.059 0.008 0.016 0.008 0.008 0.002 0.004 0.017 0.015 0.003 0.156 0.090 
152 CRWA_WM1086    (9)   16 :  0.146 0.274 0.106 0.009 0.019 0.038 0.005 0.002 0.007 0.118 0.025 0.006 0.121 0.122 
153 CRWA_WM1087    (0)   16 :  0.479 0.039 0.037 0.010 0.010 0.008 0.014 0.003 0.018 0.020 0.013 0.096 0.207 0.047 
154 CRWA_WM1088    (1)   16 :  0.102 0.311 0.094 0.007 0.068 0.006 0.017 0.003 0.006 0.069 0.013 0.023 0.179 0.102 
155 CRWA_WM1089    (3)   16 :  0.544 0.064 0.092 0.011 0.038 0.006 0.004 0.002 0.005 0.024 0.021 0.002 0.138 0.048 
156 CRWA_WM1090    (0)   16 :  0.198 0.106 0.069 0.011 0.017 0.022 0.047 0.003 0.005 0.022 0.258 0.005 0.132 0.105 
157 CRWA_WM1092    (1)   16 :  0.542 0.029 0.042 0.012 0.025 0.006 0.011 0.003 0.004 0.016 0.010 0.106 0.160 0.034 
158 CRWA_WM1093    (1)   16 :  0.531 0.070 0.023 0.009 0.069 0.006 0.005 0.003 0.005 0.008 0.014 0.046 0.161 0.051 
159 PCRA_WM1141    (3)   17 :  0.093 0.045 0.035 0.009 0.010 0.011 0.519 0.002 0.007 0.013 0.159 0.003 0.048 0.047 
160 PCRA_WM1142    (3)   17 :  0.015 0.063 0.062 0.011 0.013 0.007 0.639 0.003 0.005 0.022 0.035 0.002 0.050 0.073 
161 PCRA_WM1143    (1)   17 :  0.018 0.092 0.144 0.014 0.019 0.009 0.433 0.002 0.006 0.024 0.077 0.002 0.061 0.099 
162 PCRA_WM1144    (2)   17 :  0.010 0.041 0.049 0.010 0.128 0.573 0.016 0.002 0.017 0.020 0.018 0.002 0.051 0.061 
163 PCRA_WM1145    (4)   17 :  0.061 0.129 0.081 0.020 0.037 0.012 0.341 0.003 0.020 0.032 0.080 0.004 0.083 0.097 
164 PCRA_WM1146    (2)   17 :  0.070 0.016 0.012 0.004 0.045 0.015 0.757 0.002 0.007 0.014 0.012 0.007 0.026 0.013 
165 PCRA_WM1147    (1)   17 :  0.064 0.279 0.088 0.006 0.008 0.007 0.105 0.002 0.004 0.022 0.127 0.003 0.167 0.118 
166 PCRA_WM1148    (0)   17 :  0.006 0.009 0.009 0.005 0.010 0.006 0.891 0.002 0.004 0.007 0.023 0.008 0.010 0.010 
167 PCRA_WM1149    (1)   17 :  0.011 0.012 0.012 0.008 0.024 0.021 0.750 0.002 0.098 0.009 0.006 0.013 0.020 0.014 
168 PCRA_WM1150    (0)   17 :  0.010 0.018 0.014 0.006 0.031 0.015 0.834 0.007 0.005 0.009 0.017 0.011 0.014 0.011 
169 DHFA_WM1202    (3)   18 :  0.013 0.055 0.049 0.013 0.013 0.007 0.004 0.689 0.004 0.032 0.019 0.003 0.041 0.058 
170 DHFA_WM1203    (1)   18 :  0.011 0.040 0.044 0.021 0.016 0.006 0.004 0.715 0.004 0.025 0.015 0.003 0.048 0.047 
171 DHFA_WM1204    (2)   18 :  0.010 0.038 0.038 0.015 0.013 0.008 0.003 0.739 0.006 0.016 0.011 0.002 0.048 0.052 
172 DHFA_WM1205    (5)   18 :  0.006 0.010 0.011 0.005 0.004 0.003 0.002 0.920 0.003 0.011 0.005 0.003 0.009 0.008 
173 DHFA_WM1206    (4)   18 :  0.007 0.013 0.013 0.007 0.009 0.005 0.003 0.899 0.004 0.010 0.006 0.003 0.007 0.015 
174 DHFA_WM1207    (2)   18 :  0.004 0.006 0.006 0.004 0.004 0.003 0.002 0.945 0.003 0.005 0.004 0.002 0.005 0.006 
175 DHFA_WM1208    (3)   18 :  0.006 0.010 0.010 0.007 0.008 0.003 0.003 0.906 0.003 0.010 0.009 0.003 0.010 0.013 
176 DHFA_WM1209    (1)   18 :  0.006 0.006 0.006 0.006 0.004 0.004 0.003 0.924 0.004 0.007 0.005 0.013 0.007 0.007 
177 DHFA_WM1210    (0)   18 :  0.003 0.003 0.003 0.002 0.003 0.002 0.002 0.963 0.002 0.002 0.003 0.006 0.003 0.002 
178 DHFA_WM1211    (2)   18 :  0.012 0.031 0.044 0.014 0.018 0.008 0.004 0.752 0.006 0.021 0.013 0.003 0.026 0.047 


Estimated Allele Frequencies in each cluster
First column gives estimated ancestral frequencies


Locus 1 : 953_21 
2 alleles
4.5% missing data
 120   (0.955) 0.998 1.000 1.000 0.898 0.999 0.998 0.995 0.997 0.997 0.999 0.999 0.955 0.999 0.999 
 100   (0.045) 0.002 0.000 0.000 0.102 0.001 0.002 0.005 0.003 0.003 0.001 0.001 0.045 0.001 0.001 

Locus 2 : 2370_26 
2 alleles
6.2% missing data
 110   (0.955) 0.998 1.000 1.000 0.787 0.999 0.998 0.995 0.997 0.997 0.999 0.999 0.955 0.999 0.999 
 130   (0.045) 0.002 0.000 0.000 0.213 0.001 0.002 0.005 0.003 0.003 0.001 0.001 0.045 0.001 0.001 

Locus 3 : 2692_87 
2 alleles
1.7% missing data
 130   (0.946) 0.998 1.000 1.000 0.999 0.999 0.998 0.994 0.764 0.997 0.999 0.999 0.946 0.999 0.999 
 120   (0.054) 0.002 0.000 0.000 0.001 0.001 0.002 0.006 0.236 0.003 0.001 0.001 0.054 0.001 0.001 

Locus 4 : 2828_58 
2 alleles
6.7% missing data
 100   (0.927) 0.994 0.985 0.996 0.998 0.996 0.993 0.816 0.995 0.994 0.998 0.998 0.927 0.992 0.987 
 120   (0.073) 0.006 0.015 0.004 0.002 0.004 0.007 0.184 0.005 0.006 0.002 0.002 0.073 0.008 0.013 

Locus 5 : 6398_73 
2 alleles
6.2% missing data
 130   (0.911) 0.996 0.999 0.999 0.791 0.999 0.996 0.990 0.642 0.994 0.998 0.999 0.911 0.999 0.998 
 100   (0.089) 0.004 0.001 0.001 0.209 0.001 0.004 0.010 0.358 0.006 0.002 0.001 0.089 0.001 0.002 

Locus 6 : 7469_71 
2 alleles
5.1% missing data
 130   (0.958) 0.997 0.998 0.986 0.998 0.999 0.997 0.992 0.997 0.996 0.998 0.999 0.958 0.998 0.994 
 110   (0.042) 0.003 0.002 0.014 0.002 0.001 0.003 0.008 0.003 0.004 0.002 0.001 0.042 0.002 0.006 

Locus 7 : 7615_47 
2 alleles
5.1% missing data
 130   (0.953) 0.995 0.996 0.996 0.998 0.999 0.996 0.991 0.996 0.995 0.995 0.998 0.953 0.996 0.998 
 100   (0.047) 0.005 0.004 0.004 0.002 0.001 0.004 0.009 0.004 0.005 0.005 0.002 0.047 0.004 0.002 

Locus 8 : 8211_10 
2 alleles
2.8% missing data
 120   (0.952) 0.998 1.000 1.000 0.999 0.999 0.998 0.995 0.935 0.997 0.999 0.999 0.952 0.999 0.999 
 100   (0.048) 0.002 0.000 0.000 0.001 0.001 0.002 0.005 0.065 0.003 0.001 0.001 0.048 0.001 0.001 

Locus 9 : 8394_14 
2 alleles
2.2% missing data
 110   (0.958) 0.998 1.000 1.000 0.860 0.999 0.998 0.995 0.997 0.997 0.999 0.999 0.958 0.999 0.999 
 130   (0.042) 0.002 0.000 0.000 0.140 0.001 0.002 0.005 0.003 0.003 0.001 0.001 0.042 0.001 0.001 

Locus 10 : 9621_63 
2 alleles
3.9% missing data
 130   (0.953) 0.998 1.000 1.000 0.999 0.999 0.998 0.995 0.939 0.997 0.999 0.999 0.953 0.999 0.999 
 110   (0.047) 0.002 0.000 0.000 0.001 0.001 0.002 0.005 0.061 0.003 0.001 0.001 0.047 0.001 0.001 

Locus 11 : 9880_35 
2 alleles
4.5% missing data
 120   (0.947) 0.998 1.000 1.000 0.999 0.999 0.998 0.994 0.705 0.996 0.999 0.999 0.947 0.999 0.998 
 100   (0.053) 0.002 0.000 0.000 0.001 0.001 0.002 0.006 0.295 0.004 0.001 0.001 0.053 0.001 0.002 

Locus 12 : 11163_16 
2 alleles
7.9% missing data
 130   (0.956) 0.998 1.000 1.000 0.999 0.999 0.998 0.995 0.914 0.997 0.999 0.999 0.956 0.999 0.999 
 110   (0.044) 0.002 0.000 0.000 0.001 0.001 0.002 0.005 0.086 0.003 0.001 0.001 0.044 0.001 0.001 

Locus 13 : 11991_31 
2 alleles
4.5% missing data
 120   (0.921) 0.987 0.992 0.996 0.997 0.998 0.969 0.986 0.994 0.994 0.997 0.989 0.921 0.995 0.984 
 100   (0.079) 0.013 0.008 0.004 0.003 0.002 0.031 0.014 0.006 0.006 0.003 0.011 0.079 0.005 0.016 

Locus 14 : 12766_17 
2 alleles
2.2% missing data
 120   (0.954) 0.998 1.000 1.000 0.999 0.999 0.998 0.927 0.997 0.994 0.999 0.999 0.954 0.999 0.999 
 100   (0.046) 0.002 0.000 0.000 0.001 0.001 0.002 0.073 0.003 0.006 0.001 0.001 0.046 0.001 0.001 

Locus 15 : 13496_14 
2 alleles
5.1% missing data
 110   (0.953) 0.998 1.000 1.000 0.999 0.999 0.998 0.995 0.997 0.691 0.999 0.999 0.953 0.999 0.999 
 100   (0.047) 0.002 0.000 0.000 0.001 0.001 0.002 0.005 0.003 0.309 0.001 0.001 0.047 0.001 0.001 

Locus 16 : 14394_41 
2 alleles
2.2% missing data
 130   (0.952) 0.998 1.000 1.000 0.999 0.999 0.998 0.924 0.997 0.997 0.999 0.999 0.952 0.999 0.999 
 110   (0.048) 0.002 0.000 0.000 0.001 0.001 0.002 0.076 0.003 0.003 0.001 0.001 0.048 0.001 0.001 

Locus 17 : 16285_24 
2 alleles
6.2% missing data
 130   (0.945) 0.998 1.000 1.000 0.999 0.999 0.997 0.994 0.874 0.997 0.999 0.999 0.945 0.999 0.999 
 100   (0.055) 0.002 0.000 0.000 0.001 0.001 0.003 0.006 0.126 0.003 0.001 0.001 0.055 0.001 0.001 

Locus 18 : 18821_69 
2 alleles
7.3% missing data
 120   (0.951) 0.998 0.999 1.000 0.999 0.999 0.997 0.994 0.997 0.997 0.722 0.999 0.951 0.999 0.998 
 110   (0.049) 0.002 0.001 0.000 0.001 0.001 0.003 0.006 0.003 0.003 0.278 0.001 0.049 0.001 0.002 

Locus 19 : 19006_32 
2 alleles
6.7% missing data
 120   (0.918) 0.997 0.999 0.999 0.792 0.999 0.996 0.991 0.660 0.994 0.998 0.999 0.918 0.999 0.998 
 110   (0.082) 0.003 0.001 0.001 0.208 0.001 0.004 0.009 0.340 0.006 0.002 0.001 0.082 0.001 0.002 

Locus 20 : 19602_58 
2 alleles
4.5% missing data
 120   (0.957) 0.998 1.000 1.000 0.999 0.999 0.998 0.995 0.972 0.997 0.999 0.999 0.957 0.999 0.999 
 100   (0.043) 0.002 0.000 0.000 0.001 0.001 0.002 0.005 0.028 0.003 0.001 0.001 0.043 0.001 0.001 

Locus 21 : 20143_24 
2 alleles
3.4% missing data
 120   (0.955) 0.998 1.000 0.999 0.999 0.999 0.998 0.994 0.997 0.962 0.999 0.999 0.955 0.999 0.998 
 100   (0.045) 0.002 0.000 0.001 0.001 0.001 0.002 0.006 0.003 0.038 0.001 0.001 0.045 0.001 0.002 

Locus 22 : 21661_29 
2 alleles
2.2% missing data
 120   (0.951) 0.998 1.000 1.000 0.999 0.999 0.998 0.995 0.892 0.997 0.999 0.999 0.951 0.999 0.999 
 100   (0.049) 0.002 0.000 0.000 0.001 0.001 0.002 0.005 0.108 0.003 0.001 0.001 0.049 0.001 0.001 

Locus 23 : 22603_12 
2 alleles
5.1% missing data
 130   (0.953) 0.998 1.000 1.000 0.999 0.999 0.998 0.995 0.944 0.997 0.999 0.999 0.953 0.999 0.999 
 110   (0.047) 0.002 0.000 0.000 0.001 0.001 0.002 0.005 0.056 0.003 0.001 0.001 0.047 0.001 0.001 

Locus 24 : 25109_23 
2 alleles
1.7% missing data
 120   (0.937) 0.818 0.998 0.998 0.998 0.999 0.996 0.954 0.996 0.994 0.998 0.993 0.937 0.999 0.998 
 100   (0.063) 0.182 0.002 0.002 0.002 0.001 0.004 0.046 0.004 0.006 0.002 0.007 0.063 0.001 0.002 

Locus 25 : 25511_77 
2 alleles
5.1% missing data
 130   (0.952) 0.998 1.000 1.000 0.935 0.999 0.998 0.995 0.996 0.997 0.999 0.999 0.952 0.999 0.999 
 110   (0.048) 0.002 0.000 0.000 0.065 0.001 0.002 0.005 0.004 0.003 0.001 0.001 0.048 0.001 0.001 

Locus 26 : 26816_9 
2 alleles
5.6% missing data
 110   (0.877) 0.686 0.978 0.995 0.997 0.996 0.800 0.984 0.992 0.980 0.996 0.970 0.877 0.961 0.970 
 130   (0.123) 0.314 0.022 0.005 0.003 0.004 0.200 0.016 0.008 0.020 0.004 0.030 0.123 0.039 0.030 

Locus 27 : 29455_86 
2 alleles
5.6% missing data
 120   (0.956) 0.998 0.999 0.999 0.999 0.999 0.998 0.986 0.997 0.996 0.999 0.993 0.956 0.999 0.998 
 110   (0.044) 0.002 0.001 0.001 0.001 0.001 0.002 0.014 0.003 0.004 0.001 0.007 0.044 0.001 0.002 

Locus 28 : 30970_30 
2 alleles
6.7% missing data
 120   (0.957) 0.998 1.000 1.000 0.999 0.999 0.998 0.994 0.997 0.956 0.999 0.999 0.957 0.999 0.999 
 110   (0.043) 0.002 0.000 0.000 0.001 0.001 0.002 0.006 0.003 0.044 0.001 0.001 0.043 0.001 0.001 

Locus 29 : 33052_5 
2 alleles
1.1% missing data
 130   (0.955) 0.992 0.999 1.000 0.999 0.999 0.998 0.994 0.997 0.997 0.970 0.999 0.955 0.997 0.999 
 110   (0.045) 0.008 0.001 0.000 0.001 0.001 0.002 0.006 0.003 0.003 0.030 0.001 0.045 0.003 0.001 

Locus 30 : 33744_32 
2 alleles
2.8% missing data
 130   (0.953) 0.998 1.000 1.000 0.999 0.999 0.998 0.995 0.997 0.997 0.882 0.999 0.953 0.999 0.999 
 110   (0.047) 0.002 0.000 0.000 0.001 0.001 0.002 0.005 0.003 0.003 0.118 0.001 0.047 0.001 0.001 

Locus 31 : 34805_8 
2 alleles
4.5% missing data
 110   (0.936) 0.997 1.000 0.999 0.998 0.999 0.997 0.745 0.996 0.996 0.999 0.994 0.936 0.999 0.998 
 120   (0.064) 0.003 0.000 0.001 0.002 0.001 0.003 0.255 0.004 0.004 0.001 0.006 0.064 0.001 0.002 

Locus 32 : 35345_10 
2 alleles
5.1% missing data
 130   (0.953) 0.996 0.992 0.998 0.999 0.999 0.998 0.993 0.997 0.997 0.941 0.998 0.953 0.996 0.996 
 110   (0.047) 0.004 0.008 0.002 0.001 0.001 0.002 0.007 0.003 0.003 0.059 0.002 0.047 0.004 0.004 

Locus 33 : 35769_30 
2 alleles
6.2% missing data
 110   (0.937) 0.994 0.999 1.000 0.998 0.999 0.997 0.922 0.996 0.958 0.999 0.999 0.937 0.998 0.998 
 100   (0.063) 0.006 0.001 0.000 0.002 0.001 0.003 0.078 0.004 0.042 0.001 0.001 0.063 0.002 0.002 

Locus 34 : 35965_89 
2 alleles
3.4% missing data
 130   (0.954) 0.978 0.999 1.000 0.999 0.999 0.998 0.994 0.997 0.997 0.999 0.999 0.954 0.989 0.999 
 100   (0.046) 0.022 0.001 0.000 0.001 0.001 0.002 0.006 0.003 0.003 0.001 0.001 0.046 0.011 0.001 

Locus 35 : 39654_13 
2 alleles
5.6% missing data
 120   (0.956) 0.998 1.000 1.000 0.999 0.999 0.985 0.995 0.997 0.997 0.999 0.999 0.956 0.999 0.997 
 100   (0.044) 0.002 0.000 0.000 0.001 0.001 0.015 0.005 0.003 0.003 0.001 0.001 0.044 0.001 0.003 

Locus 36 : 39700_65 
2 alleles
3.4% missing data
 110   (0.956) 0.998 0.999 0.998 0.999 0.999 0.997 0.992 0.997 0.996 0.999 0.996 0.956 0.999 0.996 
 120   (0.044) 0.002 0.001 0.002 0.001 0.001 0.003 0.008 0.003 0.004 0.001 0.004 0.044 0.001 0.004 

Locus 37 : 40824_7 
2 alleles
5.1% missing data
 130   (0.950) 0.998 0.999 1.000 0.999 0.999 0.928 0.994 0.997 0.996 0.999 0.999 0.950 0.999 0.999 
 110   (0.050) 0.002 0.001 0.000 0.001 0.001 0.072 0.006 0.003 0.004 0.001 0.001 0.050 0.001 0.001 

Locus 38 : 41554_43 
2 alleles
7.3% missing data
 120   (0.956) 0.998 1.000 1.000 0.999 0.999 0.997 0.994 0.997 0.956 0.999 0.999 0.956 0.999 0.999 
 100   (0.044) 0.002 0.000 0.000 0.001 0.001 0.003 0.006 0.003 0.044 0.001 0.001 0.044 0.001 0.001 

Locus 39 : 42501_5 
2 alleles
5.6% missing data
 120   (0.953) 0.998 1.000 1.000 0.999 0.999 0.998 0.995 0.918 0.997 0.999 0.999 0.953 0.999 0.999 
 110   (0.047) 0.002 0.000 0.000 0.001 0.001 0.002 0.005 0.082 0.003 0.001 0.001 0.047 0.001 0.001 

Locus 40 : 42989_15 
2 alleles
3.4% missing data
 130   (0.952) 0.998 1.000 0.999 0.999 0.999 0.927 0.995 0.997 0.997 0.999 0.998 0.952 0.999 0.999 
 110   (0.048) 0.002 0.000 0.001 0.001 0.001 0.073 0.005 0.003 0.003 0.001 0.002 0.048 0.001 0.001 

Locus 41 : 44631_16 
2 alleles
5.6% missing data
 120   (0.952) 0.998 1.000 1.000 0.999 0.999 0.998 0.994 0.997 0.850 0.999 0.999 0.952 0.999 0.999 
 110   (0.048) 0.002 0.000 0.000 0.001 0.001 0.002 0.006 0.003 0.150 0.001 0.001 0.048 0.001 0.001 

Locus 42 : 45332_74 
2 alleles
3.4% missing data
 130   (0.871) 0.994 0.997 0.996 0.996 0.797 0.744 0.828 0.991 0.991 0.981 0.936 0.871 0.995 0.990 
 110   (0.129) 0.006 0.003 0.004 0.004 0.203 0.256 0.172 0.009 0.009 0.019 0.064 0.129 0.005 0.010 

Locus 43 : 45964_12 
2 alleles
2.2% missing data
 100   (0.956) 0.998 1.000 1.000 0.977 0.999 0.998 0.995 0.994 0.997 0.999 0.999 0.956 0.999 0.999 
 130   (0.044) 0.002 0.000 0.000 0.023 0.001 0.002 0.005 0.006 0.003 0.001 0.001 0.044 0.001 0.001 

Locus 44 : 47772_18 
2 alleles
1.7% missing data
 120   (0.942) 0.998 1.000 1.000 0.999 0.999 0.997 0.994 0.813 0.996 0.999 0.999 0.942 0.999 0.999 
 100   (0.058) 0.002 0.000 0.000 0.001 0.001 0.003 0.006 0.187 0.004 0.001 0.001 0.058 0.001 0.001 

Locus 45 : 48505_7 
2 alleles
2.8% missing data
 130   (0.953) 0.997 1.000 0.998 0.999 0.988 0.998 0.993 0.997 0.997 0.998 0.999 0.953 0.999 0.996 
 110   (0.047) 0.003 0.000 0.002 0.001 0.012 0.002 0.007 0.003 0.003 0.002 0.001 0.047 0.001 0.004 

Locus 46 : 49838_13 
2 alleles
5.1% missing data
 120   (0.953) 0.998 1.000 1.000 0.999 0.913 0.998 0.995 0.997 0.997 0.999 0.999 0.953 0.999 0.999 
 100   (0.047) 0.002 0.000 0.000 0.001 0.087 0.002 0.005 0.003 0.003 0.001 0.001 0.047 0.001 0.001 

Locus 47 : 50793_47 
2 alleles
6.2% missing data
 120   (0.944) 0.998 0.999 0.996 0.999 0.999 0.869 0.994 0.996 0.989 0.999 0.999 0.944 0.999 0.998 
 100   (0.056) 0.002 0.001 0.004 0.001 0.001 0.131 0.006 0.004 0.011 0.001 0.001 0.056 0.001 0.002 

Locus 48 : 51471_5 
2 alleles
2.2% missing data
 110   (0.956) 0.998 1.000 1.000 0.940 0.999 0.998 0.995 0.997 0.997 0.999 0.999 0.956 0.999 0.999 
 120   (0.044) 0.002 0.000 0.000 0.060 0.001 0.002 0.005 0.003 0.003 0.001 0.001 0.044 0.001 0.001 

Locus 49 : 52408_45 
2 alleles
2.2% missing data
 130   (0.951) 0.998 1.000 1.000 0.999 0.999 0.998 0.995 0.997 0.816 0.999 0.999 0.951 0.999 0.999 
 110   (0.049) 0.002 0.000 0.000 0.001 0.001 0.002 0.005 0.003 0.184 0.001 0.001 0.049 0.001 0.001 

Locus 50 : 53046_18 
2 alleles
0.6% missing data
 120   (0.933) 0.997 1.000 0.999 0.998 0.999 0.927 0.992 0.995 0.996 0.993 0.999 0.933 0.999 0.998 
 100   (0.067) 0.003 0.000 0.001 0.002 0.001 0.073 0.008 0.005 0.004 0.007 0.001 0.067 0.001 0.002 

Locus 51 : 53230_50 
2 alleles
4.5% missing data
 120   (0.952) 0.998 1.000 1.000 0.895 0.999 0.998 0.995 0.997 0.997 0.999 0.999 0.952 0.999 0.999 
 110   (0.048) 0.002 0.000 0.000 0.105 0.001 0.002 0.005 0.003 0.003 0.001 0.001 0.048 0.001 0.001 

Locus 52 : 53957_5 
2 alleles
3.9% missing data
 130   (0.956) 0.998 1.000 1.000 0.999 0.999 0.987 0.993 0.997 0.997 0.999 0.999 0.955 0.999 0.999 
 110   (0.044) 0.002 0.000 0.000 0.001 0.001 0.013 0.007 0.003 0.003 0.001 0.001 0.045 0.001 0.001 

Locus 53 : 58003_89 
2 alleles
3.9% missing data
 120   (0.951) 0.966 0.998 0.993 0.998 0.999 0.994 0.991 0.996 0.996 0.996 0.987 0.951 0.991 0.995 
 100   (0.049) 0.034 0.002 0.007 0.002 0.001 0.006 0.009 0.004 0.004 0.004 0.013 0.049 0.009 0.005 

Locus 54 : 58412_58 
2 alleles
2.2% missing data
 110   (0.953) 0.998 1.000 1.000 0.999 0.999 0.998 0.995 0.973 0.997 0.999 0.999 0.953 0.999 0.999 
 100   (0.047) 0.002 0.000 0.000 0.001 0.001 0.002 0.005 0.027 0.003 0.001 0.001 0.047 0.001 0.001 

Locus 55 : 58452_11 
2 alleles
3.4% missing data
 120   (0.952) 0.984 1.000 1.000 0.999 0.999 0.998 0.994 0.997 0.997 0.999 0.999 0.952 0.990 0.999 
 130   (0.048) 0.016 0.000 0.000 0.001 0.001 0.002 0.006 0.003 0.003 0.001 0.001 0.048 0.010 0.001 

Locus 56 : 59409_85 
2 alleles
2.8% missing data
 130   (0.955) 0.998 1.000 1.000 0.999 0.999 0.998 0.995 0.997 0.997 0.999 0.995 0.954 0.999 0.996 
 100   (0.045) 0.002 0.000 0.000 0.001 0.001 0.002 0.005 0.003 0.003 0.001 0.005 0.046 0.001 0.004 

Locus 57 : 60620_10 
2 alleles
1.1% missing data
 120   (0.953) 0.998 1.000 1.000 0.999 0.999 0.998 0.995 0.892 0.997 0.999 0.999 0.953 0.999 0.999 
 130   (0.047) 0.002 0.000 0.000 0.001 0.001 0.002 0.005 0.108 0.003 0.001 0.001 0.047 0.001 0.001 

Locus 58 : 61541_77 
2 alleles
3.4% missing data
 120   (0.950) 0.998 1.000 1.000 0.999 0.999 0.998 0.995 0.839 0.997 0.999 0.999 0.950 0.999 0.999 
 100   (0.050) 0.002 0.000 0.000 0.001 0.001 0.002 0.005 0.161 0.003 0.001 0.001 0.050 0.001 0.001 

Locus 59 : 61756_42 
2 alleles
1.1% missing data
 130   (0.950) 0.998 1.000 1.000 0.999 0.999 0.998 0.995 0.822 0.997 0.999 0.999 0.950 0.999 0.999 
 110   (0.050) 0.002 0.000 0.000 0.001 0.001 0.002 0.005 0.178 0.003 0.001 0.001 0.050 0.001 0.001 

Locus 60 : 62497_19 
2 alleles
6.2% missing data
 130   (0.894) 0.943 0.993 0.995 0.996 0.984 0.994 0.938 0.992 0.877 0.997 0.980 0.894 0.995 0.996 
 110   (0.106) 0.057 0.007 0.005 0.004 0.016 0.006 0.062 0.008 0.123 0.003 0.020 0.106 0.005 0.004 

Locus 61 : 63024_50 
2 alleles
2.8% missing data
 120   (0.946) 0.955 1.000 1.000 0.999 0.999 0.998 0.993 0.996 0.997 0.999 0.999 0.946 0.971 0.999 
 100   (0.054) 0.045 0.000 0.000 0.001 0.001 0.002 0.007 0.004 0.003 0.001 0.001 0.054 0.029 0.001 

Locus 62 : 64492_50 
2 alleles
7.3% missing data
 120   (0.917) 0.953 0.999 0.999 0.998 0.999 0.930 0.989 0.994 0.888 0.998 0.998 0.917 0.998 0.998 
 100   (0.083) 0.047 0.001 0.001 0.002 0.001 0.070 0.011 0.006 0.112 0.002 0.002 0.083 0.002 0.002 

Locus 63 : 67984_34 
2 alleles
2.2% missing data
 120   (0.953) 0.998 1.000 1.000 0.999 0.999 0.998 0.995 0.865 0.997 0.999 0.999 0.953 0.999 0.999 
 100   (0.047) 0.002 0.000 0.000 0.001 0.001 0.002 0.005 0.135 0.003 0.001 0.001 0.047 0.001 0.001 

Locus 64 : 69199_10 
2 alleles
4.5% missing data
 120   (0.941) 0.448 0.995 0.999 0.998 0.999 0.997 0.993 0.996 0.996 0.999 0.999 0.941 0.881 0.998 
 100   (0.059) 0.552 0.005 0.001 0.002 0.001 0.003 0.007 0.004 0.004 0.001 0.001 0.059 0.119 0.002 

Locus 65 : 71368_77 
2 alleles
6.7% missing data
 100   (0.957) 0.998 1.000 1.000 0.767 0.999 0.998 0.995 0.997 0.997 0.999 0.999 0.957 0.999 0.999 
 110   (0.043) 0.002 0.000 0.000 0.233 0.001 0.002 0.005 0.003 0.003 0.001 0.001 0.043 0.001 0.001 

Locus 66 : 72276_35 
2 alleles
5.1% missing data
 130   (0.953) 0.997 1.000 0.999 0.999 0.999 0.898 0.995 0.997 0.997 0.999 0.999 0.953 0.999 0.999 
 120   (0.047) 0.003 0.000 0.001 0.001 0.001 0.102 0.005 0.003 0.003 0.001 0.001 0.047 0.001 0.001 

Locus 67 : 73554_16 
2 alleles
3.9% missing data
 100   (0.954) 0.998 1.000 1.000 0.999 0.999 0.998 0.842 0.997 0.997 0.999 0.999 0.954 0.999 0.998 
 130   (0.046) 0.002 0.000 0.000 0.001 0.001 0.002 0.158 0.003 0.003 0.001 0.001 0.046 0.001 0.002 

Locus 68 : 74575_32 
2 alleles
1.7% missing data
 120   (0.956) 0.998 1.000 1.000 0.999 0.999 0.986 0.995 0.997 0.997 0.999 0.999 0.956 0.999 0.997 
 100   (0.044) 0.002 0.000 0.000 0.001 0.001 0.014 0.005 0.003 0.003 0.001 0.001 0.044 0.001 0.003 

Locus 69 : 76504_10 
2 alleles
1.1% missing data
 110   (0.952) 0.998 1.000 1.000 0.999 0.999 0.998 0.995 0.997 0.997 0.798 0.999 0.952 0.999 0.999 
 100   (0.048) 0.002 0.000 0.000 0.001 0.001 0.002 0.005 0.003 0.003 0.202 0.001 0.048 0.001 0.001 

Locus 70 : 76561_35 
2 alleles
5.6% missing data
 120   (0.954) 0.998 1.000 1.000 0.999 0.999 0.998 0.995 0.997 0.560 0.999 0.999 0.954 0.999 0.999 
 100   (0.046) 0.002 0.000 0.000 0.001 0.001 0.002 0.005 0.003 0.440 0.001 0.001 0.046 0.001 0.001 

Locus 71 : 77346_16 
2 alleles
2.2% missing data
 130   (0.958) 0.998 0.999 1.000 0.999 0.999 0.998 0.995 0.997 0.997 0.920 0.999 0.958 0.999 0.999 
 110   (0.042) 0.002 0.001 0.000 0.001 0.001 0.002 0.005 0.003 0.003 0.080 0.001 0.042 0.001 0.001 

Locus 72 : 78631_40 
2 alleles
7.9% missing data
 120   (0.948) 0.997 0.999 1.000 0.999 0.999 0.819 0.994 0.996 0.994 0.999 0.999 0.948 0.999 0.998 
 110   (0.052) 0.003 0.001 0.000 0.001 0.001 0.181 0.006 0.004 0.006 0.001 0.001 0.052 0.001 0.002 

Locus 73 : 80366_12 
2 alleles
6.7% missing data
 130   (0.955) 0.998 0.999 0.999 0.999 0.999 0.997 0.992 0.997 0.996 0.999 0.996 0.955 0.999 0.995 
 110   (0.045) 0.002 0.001 0.001 0.001 0.001 0.003 0.008 0.003 0.004 0.001 0.004 0.045 0.001 0.005 

Locus 74 : 80499_10 
2 alleles
6.2% missing data
 130   (0.952) 0.998 1.000 1.000 0.900 0.999 0.998 0.995 0.996 0.997 0.999 0.999 0.952 0.999 0.999 
 100   (0.048) 0.002 0.000 0.000 0.100 0.001 0.002 0.005 0.004 0.003 0.001 0.001 0.048 0.001 0.001 

Locus 75 : 81141_31 
2 alleles
2.8% missing data
 120   (0.959) 0.998 1.000 0.998 0.999 0.988 0.998 0.994 0.997 0.997 0.998 0.999 0.959 0.999 0.996 
 100   (0.041) 0.002 0.000 0.002 0.001 0.012 0.002 0.006 0.003 0.003 0.002 0.001 0.041 0.001 0.004 

Locus 76 : 81662_33 
2 alleles
3.4% missing data
 120   (0.952) 0.997 1.000 1.000 0.999 0.999 0.998 0.994 0.997 0.997 0.999 0.994 0.952 0.999 0.997 
 110   (0.048) 0.003 0.000 0.000 0.001 0.001 0.002 0.006 0.003 0.003 0.001 0.006 0.048 0.001 0.003 

Locus 77 : 82002_8 
2 alleles
6.7% missing data
 100   (0.944) 0.998 1.000 1.000 0.999 0.999 0.997 0.994 0.677 0.997 0.999 0.999 0.944 0.999 0.999 
 110   (0.056) 0.002 0.000 0.000 0.001 0.001 0.003 0.006 0.323 0.003 0.001 0.001 0.056 0.001 0.001 

Locus 78 : 82631_34 
2 alleles
7.9% missing data
 120   (0.957) 0.993 0.997 0.999 0.999 0.999 0.994 0.993 0.997 0.996 0.999 0.999 0.957 0.999 0.992 
 100   (0.043) 0.007 0.003 0.001 0.001 0.001 0.006 0.007 0.003 0.004 0.001 0.001 0.043 0.001 0.008 

Locus 79 : 83247_84 
2 alleles
3.4% missing data
 110   (0.946) 0.998 1.000 1.000 0.999 0.999 0.777 0.994 0.996 0.997 0.999 0.999 0.946 0.999 0.998 
 100   (0.054) 0.002 0.000 0.000 0.001 0.001 0.223 0.006 0.004 0.003 0.001 0.001 0.054 0.001 0.002 

Locus 80 : 83916_5 
2 alleles
3.9% missing data
 130   (0.957) 0.998 1.000 0.999 0.999 0.856 0.998 0.995 0.997 0.997 0.999 0.999 0.957 0.999 0.999 
 110   (0.043) 0.002 0.000 0.001 0.001 0.144 0.002 0.005 0.003 0.003 0.001 0.001 0.043 0.001 0.001 

Locus 81 : 84971_7 
2 alleles
2.2% missing data
 120   (0.948) 0.984 0.967 0.995 0.999 0.999 0.996 0.992 0.996 0.996 0.967 0.998 0.948 0.987 0.992 
 110   (0.052) 0.016 0.033 0.005 0.001 0.001 0.004 0.008 0.004 0.004 0.033 0.002 0.052 0.013 0.008 

Locus 82 : 85247_77 
2 alleles
7.9% missing data
 120   (0.956) 0.997 0.994 0.994 0.998 0.996 0.997 0.992 0.997 0.996 0.998 0.998 0.956 0.994 0.997 
 110   (0.044) 0.003 0.006 0.006 0.002 0.004 0.003 0.008 0.003 0.004 0.002 0.002 0.044 0.006 0.003 

Locus 83 : 85248_24 
2 alleles
5.1% missing data
 100   (0.948) 0.998 1.000 1.000 0.999 0.999 0.997 0.994 0.858 0.997 0.999 0.999 0.948 0.999 0.999 
 120   (0.052) 0.002 0.000 0.000 0.001 0.001 0.003 0.006 0.142 0.003 0.001 0.001 0.052 0.001 0.001 

Locus 84 : 85402_12 
2 alleles
3.4% missing data
 120   (0.951) 0.998 1.000 1.000 0.999 0.999 0.998 0.994 0.996 0.997 0.999 0.995 0.951 0.999 0.996 
 100   (0.049) 0.002 0.000 0.000 0.001 0.001 0.002 0.006 0.004 0.003 0.001 0.005 0.049 0.001 0.004 

Locus 85 : 86588_18 
2 alleles
3.9% missing data
 120   (0.952) 0.981 1.000 1.000 0.999 0.999 0.998 0.993 0.997 0.996 0.999 0.999 0.952 0.987 0.999 
 100   (0.048) 0.019 0.000 0.000 0.001 0.001 0.002 0.007 0.003 0.004 0.001 0.001 0.048 0.013 0.001 

Locus 86 : 87070_60 
2 alleles
2.2% missing data
 100   (0.959) 0.998 1.000 1.000 0.999 0.999 0.998 0.851 0.997 0.997 0.999 0.999 0.959 0.999 0.999 
 130   (0.041) 0.002 0.000 0.000 0.001 0.001 0.002 0.149 0.003 0.003 0.001 0.001 0.041 0.001 0.001 

Locus 87 : 87747_31 
2 alleles
6.2% missing data
 120   (0.953) 0.998 1.000 1.000 0.999 0.999 0.997 0.995 0.914 0.997 0.999 0.999 0.953 0.999 0.999 
 110   (0.047) 0.002 0.000 0.000 0.001 0.001 0.003 0.005 0.086 0.003 0.001 0.001 0.047 0.001 0.001 

Locus 88 : 88455_10 
2 alleles
5.1% missing data
 130   (0.951) 0.998 1.000 1.000 0.999 0.999 0.997 0.994 0.997 0.788 0.999 0.999 0.951 0.999 0.999 
 100   (0.049) 0.002 0.000 0.000 0.001 0.001 0.003 0.006 0.003 0.212 0.001 0.001 0.049 0.001 0.001 

Locus 89 : 89005_12 
2 alleles
1.1% missing data
 120   (0.953) 0.998 1.000 1.000 0.999 0.999 0.998 0.995 0.892 0.997 0.999 0.999 0.953 0.999 0.999 
 130   (0.047) 0.002 0.000 0.000 0.001 0.001 0.002 0.005 0.108 0.003 0.001 0.001 0.047 0.001 0.001 

Locus 90 : 89213_8 
2 alleles
3.4% missing data
 130   (0.945) 0.998 1.000 1.000 0.999 0.999 0.997 0.994 0.970 0.996 0.999 0.999 0.945 0.999 0.999 
 110   (0.055) 0.002 0.000 0.000 0.001 0.001 0.003 0.006 0.030 0.004 0.001 0.001 0.055 0.001 0.001 

Locus 91 : 93475_13 
2 alleles
2.2% missing data
 130   (0.949) 0.998 1.000 1.000 0.999 0.999 0.998 0.995 0.865 0.997 0.999 0.999 0.949 0.999 0.999 
 110   (0.051) 0.002 0.000 0.000 0.001 0.001 0.002 0.005 0.135 0.003 0.001 0.001 0.051 0.001 0.001 

Locus 92 : 95749_27 
2 alleles
3.9% missing data
 120   (0.953) 0.998 1.000 1.000 0.999 0.999 0.998 0.995 0.969 0.997 0.999 0.999 0.953 0.999 0.999 
 100   (0.047) 0.002 0.000 0.000 0.001 0.001 0.002 0.005 0.031 0.003 0.001 0.001 0.047 0.001 0.001 

Locus 93 : 98167_26 
2 alleles
3.4% missing data
 120   (0.930) 0.986 0.999 0.996 0.998 0.998 0.995 0.891 0.995 0.991 0.995 0.973 0.930 0.989 0.997 
 110   (0.070) 0.014 0.001 0.004 0.002 0.002 0.005 0.109 0.005 0.009 0.005 0.027 0.070 0.011 0.003 

Locus 94 : 98988_58 
2 alleles
2.2% missing data
 130   (0.954) 0.998 1.000 1.000 0.999 0.999 0.998 0.994 0.973 0.997 0.999 0.999 0.954 0.999 0.999 
 110   (0.046) 0.002 0.000 0.000 0.001 0.001 0.002 0.006 0.027 0.003 0.001 0.001 0.046 0.001 0.001 

Locus 95 : 103824_15 
2 alleles
3.4% missing data
 130   (0.947) 0.998 1.000 1.000 0.999 0.999 0.998 0.994 0.811 0.997 0.999 0.999 0.947 0.999 0.998 
 110   (0.053) 0.002 0.000 0.000 0.001 0.001 0.002 0.006 0.189 0.003 0.001 0.001 0.053 0.001 0.002 

Locus 96 : 108043_8 
2 alleles
4.5% missing data
 130   (0.954) 0.998 1.000 1.000 0.999 0.999 0.997 0.995 0.997 0.997 0.913 0.999 0.954 0.999 0.999 
 110   (0.046) 0.002 0.000 0.000 0.001 0.001 0.003 0.005 0.003 0.003 0.087 0.001 0.046 0.001 0.001 

Locus 97 : 108049_79 
2 alleles
2.8% missing data
 120   (0.961) 0.998 1.000 1.000 0.999 1.000 0.998 0.995 0.997 0.998 0.999 0.994 0.961 0.999 0.997 
 100   (0.039) 0.002 0.000 0.000 0.001 0.000 0.002 0.005 0.003 0.002 0.001 0.006 0.039 0.001 0.003 

Locus 98 : 108366_5 
2 alleles
2.8% missing data
 130   (0.959) 0.999 1.000 1.000 0.999 0.999 0.998 0.996 0.919 0.998 0.999 0.999 0.959 0.999 0.999 
 100   (0.041) 0.001 0.000 0.000 0.001 0.001 0.002 0.004 0.081 0.002 0.001 0.001 0.041 0.001 0.001 

Locus 99 : 108403_10 
2 alleles
6.2% missing data
 130   (0.956) 0.998 1.000 0.999 0.999 0.999 0.997 0.995 0.997 0.997 0.992 0.999 0.956 0.999 0.999 
 110   (0.044) 0.002 0.000 0.001 0.001 0.001 0.003 0.005 0.003 0.003 0.008 0.001 0.044 0.001 0.001 

Locus 100 : 109283_38 
2 alleles
3.9% missing data
 120   (0.877) 0.963 0.856 0.912 0.997 0.461 0.984 0.983 0.992 0.992 0.996 0.905 0.877 0.870 0.908 
 100   (0.123) 0.037 0.144 0.088 0.003 0.539 0.016 0.017 0.008 0.008 0.004 0.095 0.123 0.130 0.092 

Locus 101 : 109527_54 
2 alleles
7.3% missing data
 110   (0.945) 0.998 1.000 1.000 0.999 0.999 0.816 0.993 0.996 0.997 0.999 0.998 0.945 0.999 0.996 
 130   (0.055) 0.002 0.000 0.000 0.001 0.001 0.184 0.007 0.004 0.003 0.001 0.002 0.055 0.001 0.004 

Locus 102 : 109804_31 
2 alleles
2.2% missing data
 130   (0.947) 0.998 1.000 1.000 0.999 0.999 0.998 0.994 0.945 0.997 0.999 0.999 0.947 0.999 0.999 
 100   (0.053) 0.002 0.000 0.000 0.001 0.001 0.002 0.006 0.055 0.003 0.001 0.001 0.053 0.001 0.001 

Locus 103 : 112614_46 
2 alleles
5.1% missing data
 120   (0.954) 0.998 1.000 1.000 0.999 0.999 0.998 0.994 0.886 0.997 0.999 0.999 0.954 0.999 0.999 
 100   (0.046) 0.002 0.000 0.000 0.001 0.001 0.002 0.006 0.114 0.003 0.001 0.001 0.046 0.001 0.001 

Locus 104 : 112906_14 
2 alleles
3.9% missing data
 110   (0.881) 0.990 0.998 0.997 0.997 0.955 0.723 0.945 0.992 0.673 0.997 0.998 0.881 0.998 0.991 
 120   (0.119) 0.010 0.002 0.003 0.003 0.045 0.277 0.055 0.008 0.327 0.003 0.002 0.119 0.002 0.009 

Locus 105 : 113735_32 
2 alleles
6.7% missing data
 120   (0.955) 0.997 1.000 0.999 0.999 0.999 0.998 0.994 0.997 0.962 0.999 0.999 0.955 0.999 0.998 
 100   (0.045) 0.003 0.000 0.001 0.001 0.001 0.002 0.006 0.003 0.038 0.001 0.001 0.045 0.001 0.002 

Locus 106 : 115028_7 
2 alleles
3.9% missing data
 120   (0.957) 0.998 1.000 1.000 0.999 0.999 0.998 0.995 0.997 0.956 0.999 0.999 0.957 0.999 0.999 
 100   (0.043) 0.002 0.000 0.000 0.001 0.001 0.002 0.005 0.003 0.044 0.001 0.001 0.043 0.001 0.001 

Locus 107 : 115179_16 
2 alleles
2.2% missing data
 120   (0.948) 0.998 1.000 1.000 0.999 0.999 0.998 0.994 0.909 0.997 0.999 0.999 0.948 0.999 0.999 
 110   (0.052) 0.002 0.000 0.000 0.001 0.001 0.002 0.006 0.091 0.003 0.001 0.001 0.052 0.001 0.001 

Locus 108 : 116753_51 
2 alleles
7.3% missing data
 120   (0.958) 0.997 0.999 0.993 0.999 0.959 0.996 0.995 0.997 0.995 0.998 0.990 0.958 0.997 0.989 
 100   (0.042) 0.003 0.001 0.007 0.001 0.041 0.004 0.005 0.003 0.005 0.002 0.010 0.042 0.003 0.011 

Locus 109 : 116931_31 
2 alleles
7.9% missing data
 120   (0.952) 0.982 1.000 1.000 0.999 0.999 0.998 0.994 0.997 0.997 0.999 0.999 0.952 0.989 0.998 
 110   (0.048) 0.018 0.000 0.000 0.001 0.001 0.002 0.006 0.003 0.003 0.001 0.001 0.048 0.011 0.002 

Locus 110 : 116938_8 
2 alleles
4.5% missing data
 130   (0.911) 0.996 0.999 0.999 0.998 0.898 0.865 0.937 0.994 0.994 0.998 0.998 0.912 0.998 0.998 
 110   (0.089) 0.004 0.001 0.001 0.002 0.102 0.135 0.063 0.006 0.006 0.002 0.002 0.088 0.002 0.002 

Locus 111 : 122302_80 
2 alleles
10.1% missing data
 110   (0.953) 0.956 1.000 1.000 0.999 0.999 0.998 0.994 0.996 0.996 0.999 0.999 0.953 0.998 0.999 
 100   (0.047) 0.044 0.000 0.000 0.001 0.001 0.002 0.006 0.004 0.004 0.001 0.001 0.047 0.002 0.001 

Locus 112 : 123190_14 
2 alleles
3.4% missing data
 120   (0.952) 0.949 0.999 1.000 0.999 0.999 0.998 0.994 0.997 0.997 0.999 0.999 0.952 0.971 0.999 
 130   (0.048) 0.051 0.001 0.000 0.001 0.001 0.002 0.006 0.003 0.003 0.001 0.001 0.048 0.029 0.001 

Locus 113 : 123271_36 
2 alleles
3.9% missing data
 100   (0.945) 0.998 1.000 1.000 0.999 0.999 0.997 0.994 0.857 0.997 0.999 0.999 0.945 0.999 0.999 
 110   (0.055) 0.002 0.000 0.000 0.001 0.001 0.003 0.006 0.143 0.003 0.001 0.001 0.055 0.001 0.001 

Locus 114 : 124147_18 
2 alleles
2.2% missing data
 130   (0.953) 0.998 1.000 1.000 0.999 0.999 0.998 0.756 0.997 0.997 0.999 0.999 0.954 0.999 0.999 
 110   (0.047) 0.002 0.000 0.000 0.001 0.001 0.002 0.244 0.003 0.003 0.001 0.001 0.046 0.001 0.001 

Locus 115 : 124184_33 
2 alleles
5.6% missing data
 110   (0.955) 0.998 1.000 1.000 0.999 0.999 0.998 0.995 0.910 0.997 0.999 0.999 0.955 0.999 0.999 
 100   (0.045) 0.002 0.000 0.000 0.001 0.001 0.002 0.005 0.090 0.003 0.001 0.001 0.045 0.001 0.001 

Locus 116 : 125404_24 
2 alleles
1.1% missing data
 130   (0.955) 0.998 1.000 1.000 0.999 0.999 0.998 0.995 0.997 0.765 0.999 0.999 0.955 0.999 0.999 
 110   (0.045) 0.002 0.000 0.000 0.001 0.001 0.002 0.005 0.003 0.235 0.001 0.001 0.045 0.001 0.001 

Locus 117 : 125436_43 
2 alleles
3.9% missing data
 130   (0.914) 0.997 0.999 0.999 0.998 0.999 0.847 0.990 0.994 0.701 0.998 0.998 0.914 0.999 0.997 
 100   (0.086) 0.003 0.001 0.001 0.002 0.001 0.153 0.010 0.006 0.299 0.002 0.002 0.086 0.001 0.003 

Locus 118 : 126013_18 
2 alleles
2.8% missing data
 130   (0.956) 0.998 1.000 1.000 0.878 0.999 0.998 0.995 0.997 0.997 0.999 0.999 0.956 0.999 0.999 
 110   (0.044) 0.002 0.000 0.000 0.122 0.001 0.002 0.005 0.003 0.003 0.001 0.001 0.044 0.001 0.001 

Locus 119 : 126137_19 
2 alleles
3.9% missing data
 120   (0.955) 0.998 1.000 0.999 0.999 0.999 0.984 0.994 0.997 0.981 0.999 0.999 0.955 0.999 0.998 
 110   (0.045) 0.002 0.000 0.001 0.001 0.001 0.016 0.006 0.003 0.019 0.001 0.001 0.045 0.001 0.002 

Locus 120 : 126845_22 
2 alleles
5.6% missing data
 130   (0.957) 0.998 1.000 1.000 0.999 0.999 0.998 0.993 0.997 0.958 0.999 0.999 0.957 0.999 0.999 
 110   (0.043) 0.002 0.000 0.000 0.001 0.001 0.002 0.007 0.003 0.042 0.001 0.001 0.043 0.001 0.001 

Locus 121 : 127512_8 
2 alleles
1.1% missing data
 130   (0.958) 0.999 1.000 1.000 0.908 0.999 0.998 0.995 0.997 0.997 0.999 0.999 0.959 0.999 0.999 
 100   (0.042) 0.001 0.000 0.000 0.092 0.001 0.002 0.005 0.003 0.003 0.001 0.001 0.041 0.001 0.001 

Locus 122 : 127692_13 
2 alleles
2.8% missing data
 100   (0.952) 0.998 1.000 1.000 0.999 0.999 0.940 0.994 0.997 0.997 0.999 0.999 0.952 0.999 0.997 
 120   (0.048) 0.002 0.000 0.000 0.001 0.001 0.060 0.006 0.003 0.003 0.001 0.001 0.048 0.001 0.003 

Locus 123 : 128195_18 
2 alleles
7.3% missing data
 130   (0.868) 0.968 0.988 0.995 0.996 0.998 0.918 0.431 0.991 0.989 0.997 0.363 0.868 0.984 0.993 
 110   (0.132) 0.032 0.012 0.005 0.004 0.002 0.082 0.569 0.009 0.011 0.003 0.637 0.132 0.016 0.007 

Locus 124 : 128198_14 
2 alleles
4.5% missing data
 130   (0.917) 0.997 0.999 0.999 0.905 0.999 0.996 0.991 0.917 0.995 0.998 0.999 0.917 0.999 0.998 
 120   (0.083) 0.003 0.001 0.001 0.095 0.001 0.004 0.009 0.083 0.005 0.002 0.001 0.083 0.001 0.002 

Locus 125 : 128423_39 
2 alleles
4.5% missing data
 130   (0.959) 0.998 0.999 0.999 0.999 0.999 0.998 0.986 0.997 0.997 0.999 0.993 0.959 0.999 0.998 
 100   (0.041) 0.002 0.001 0.001 0.001 0.001 0.002 0.014 0.003 0.003 0.001 0.007 0.041 0.001 0.002 

Locus 126 : 131572_48 
2 alleles
1.1% missing data
 120   (0.946) 0.997 0.999 0.995 0.999 0.963 0.997 0.993 0.996 0.995 0.997 0.996 0.946 0.998 0.991 
 100   (0.054) 0.003 0.001 0.005 0.001 0.037 0.003 0.007 0.004 0.005 0.003 0.004 0.054 0.002 0.009 

Locus 127 : 132199_62 
2 alleles
3.9% missing data
 100   (0.951) 0.998 1.000 1.000 0.999 0.999 0.998 0.995 0.751 0.997 0.999 0.999 0.951 0.999 0.999 
 120   (0.049) 0.002 0.000 0.000 0.001 0.001 0.002 0.005 0.249 0.003 0.001 0.001 0.049 0.001 0.001 

Locus 128 : 135566_64 
2 alleles
7.3% missing data
 130   (0.956) 0.998 1.000 1.000 0.999 0.999 0.998 0.995 0.997 0.997 0.999 0.994 0.955 0.999 0.997 
 110   (0.044) 0.002 0.000 0.000 0.001 0.001 0.002 0.005 0.003 0.003 0.001 0.006 0.045 0.001 0.003 

Locus 129 : 135761_5 
2 alleles
7.9% missing data
 130   (0.951) 0.998 1.000 1.000 0.999 0.999 0.998 0.995 0.904 0.997 0.999 0.999 0.951 0.999 0.999 
 100   (0.049) 0.002 0.000 0.000 0.001 0.001 0.002 0.005 0.096 0.003 0.001 0.001 0.049 0.001 0.001 

Locus 130 : 137219_35 
2 alleles
3.4% missing data
 120   (0.941) 0.997 1.000 1.000 0.998 0.999 0.997 0.993 0.996 0.996 0.999 0.973 0.941 0.999 0.996 
 100   (0.059) 0.003 0.000 0.000 0.002 0.001 0.003 0.007 0.004 0.004 0.001 0.027 0.059 0.001 0.004 

Locus 131 : 139081_20 
2 alleles
5.6% missing data
 120   (0.939) 0.996 0.999 0.999 0.998 0.998 0.971 0.923 0.996 0.996 0.998 0.998 0.939 0.998 0.996 
 110   (0.061) 0.004 0.001 0.001 0.002 0.002 0.029 0.077 0.004 0.004 0.002 0.002 0.061 0.002 0.004 

Locus 132 : 139084_52 
2 alleles
5.1% missing data
 120   (0.915) 0.935 0.998 0.999 0.998 0.999 0.996 0.823 0.994 0.994 0.998 0.994 0.915 0.953 0.998 
 110   (0.085) 0.065 0.002 0.001 0.002 0.001 0.004 0.177 0.006 0.006 0.002 0.006 0.085 0.047 0.002 

Locus 133 : 139433_54 
2 alleles
3.9% missing data
 120   (0.953) 0.998 1.000 1.000 0.999 0.999 0.998 0.995 0.945 0.997 0.999 0.999 0.953 0.999 0.999 
 100   (0.047) 0.002 0.000 0.000 0.001 0.001 0.002 0.005 0.055 0.003 0.001 0.001 0.047 0.001 0.001 

Locus 134 : 140063_88 
2 alleles
7.9% missing data
 110   (0.954) 0.998 0.999 1.000 0.999 0.999 0.986 0.991 0.997 0.997 0.999 0.999 0.954 0.999 0.999 
 100   (0.046) 0.002 0.001 0.000 0.001 0.001 0.014 0.009 0.003 0.003 0.001 0.001 0.046 0.001 0.001 

Locus 135 : 140194_73 
2 alleles
2.8% missing data
 120   (0.957) 0.998 0.999 1.000 0.974 0.999 0.998 0.992 0.997 0.997 0.998 0.999 0.957 0.999 0.999 
 110   (0.043) 0.002 0.001 0.000 0.026 0.001 0.002 0.008 0.003 0.003 0.002 0.001 0.043 0.001 0.001 

Locus 136 : 141313_8 
2 alleles
2.8% missing data
 120   (0.954) 0.998 1.000 1.000 0.999 0.999 0.998 0.995 0.919 0.997 0.999 0.999 0.954 0.999 0.999 
 100   (0.046) 0.002 0.000 0.000 0.001 0.001 0.002 0.005 0.081 0.003 0.001 0.001 0.046 0.001 0.001 

Locus 137 : 145284_28 
2 alleles
2.8% missing data
 130   (0.949) 0.998 1.000 1.000 0.999 0.999 0.998 0.617 0.996 0.997 0.999 0.999 0.949 0.999 0.999 
 110   (0.051) 0.002 0.000 0.000 0.001 0.001 0.002 0.383 0.004 0.003 0.001 0.001 0.051 0.001 0.001 

Locus 138 : 145957_11 
2 alleles
4.5% missing data
 130   (0.958) 0.998 0.999 0.997 0.999 0.880 0.998 0.995 0.997 0.997 0.999 0.999 0.958 0.999 0.999 
 110   (0.042) 0.002 0.001 0.003 0.001 0.120 0.002 0.005 0.003 0.003 0.001 0.001 0.042 0.001 0.001 

Locus 139 : 160306_34 
2 alleles
2.8% missing data
 120   (0.931) 0.991 0.998 0.999 0.998 0.997 0.959 0.992 0.995 0.769 0.999 0.997 0.931 0.998 0.991 
 100   (0.069) 0.009 0.002 0.001 0.002 0.003 0.041 0.008 0.005 0.231 0.001 0.003 0.069 0.002 0.009 

Locus 140 : 162107_37 
2 alleles
3.4% missing data
 120   (0.934) 0.997 1.000 1.000 0.998 0.999 0.986 0.992 0.995 0.904 0.999 0.999 0.934 0.999 0.997 
 100   (0.066) 0.003 0.000 0.000 0.002 0.001 0.014 0.008 0.005 0.096 0.001 0.001 0.066 0.001 0.003 

Locus 141 : 163290_36 
2 alleles
5.1% missing data
 130   (0.919) 0.942 0.946 0.994 0.998 0.998 0.996 0.760 0.994 0.995 0.997 0.993 0.919 0.959 0.983 
 110   (0.081) 0.058 0.054 0.006 0.002 0.002 0.004 0.240 0.006 0.005 0.003 0.007 0.081 0.041 0.017 

Locus 142 : 163453_13 
2 alleles
5.6% missing data
 120   (0.957) 0.984 1.000 1.000 0.998 0.999 0.998 0.994 0.997 0.997 0.999 0.999 0.957 0.990 0.999 
 110   (0.043) 0.016 0.000 0.000 0.002 0.001 0.002 0.006 0.003 0.003 0.001 0.001 0.043 0.010 0.001 

Locus 143 : 163580_14 
2 alleles
10.1% missing data
 120   (0.953) 0.997 0.990 0.872 0.999 0.998 0.998 0.995 0.997 0.997 0.999 0.999 0.953 0.999 0.967 
 100   (0.047) 0.003 0.010 0.128 0.001 0.002 0.002 0.005 0.003 0.003 0.001 0.001 0.047 0.001 0.033 

Locus 144 : 164461_13 
2 alleles
5.6% missing data
 100   (0.953) 0.851 1.000 1.000 0.999 0.999 0.997 0.995 0.997 0.997 0.999 0.999 0.953 0.999 0.999 
 120   (0.047) 0.149 0.000 0.000 0.001 0.001 0.003 0.005 0.003 0.003 0.001 0.001 0.047 0.001 0.001 

Locus 145 : 165413_43 
2 alleles
1.7% missing data
 110   (0.950) 0.997 0.999 1.000 0.999 0.999 0.942 0.994 0.997 0.997 0.999 0.999 0.950 0.999 0.997 
 130   (0.050) 0.003 0.001 0.000 0.001 0.001 0.058 0.006 0.003 0.003 0.001 0.001 0.050 0.001 0.003 

Locus 146 : 168629_44 
2 alleles
5.6% missing data
 130   (0.942) 0.981 0.999 0.999 0.998 0.999 0.963 0.990 0.996 0.996 0.998 0.985 0.942 0.997 0.995 
 110   (0.058) 0.019 0.001 0.001 0.002 0.001 0.037 0.010 0.004 0.004 0.002 0.015 0.058 0.003 0.005 

Locus 147 : 168991_77 
2 alleles
5.6% missing data
 110   (0.847) 0.962 0.981 0.979 0.996 0.961 0.899 0.976 0.990 0.644 0.996 0.940 0.847 0.994 0.968 
 100   (0.153) 0.038 0.019 0.021 0.004 0.039 0.101 0.024 0.010 0.356 0.004 0.060 0.153 0.006 0.032 

Locus 148 : 169478_88 
2 alleles
5.1% missing data
 130   (0.954) 0.998 1.000 1.000 0.976 0.999 0.997 0.994 0.997 0.997 0.999 0.999 0.954 0.999 0.999 
 100   (0.046) 0.002 0.000 0.000 0.024 0.001 0.003 0.006 0.003 0.003 0.001 0.001 0.046 0.001 0.001 

Locus 149 : 169898_8 
2 alleles
6.2% missing data
 120   (0.930) 0.963 0.999 0.999 0.998 0.999 0.920 0.992 0.995 0.995 0.998 0.998 0.930 0.997 0.998 
 100   (0.070) 0.037 0.001 0.001 0.002 0.001 0.080 0.008 0.005 0.005 0.002 0.002 0.070 0.003 0.002 

Locus 150 : 170224_42 
2 alleles
7.3% missing data
 100   (0.914) 0.836 0.990 0.997 0.998 0.999 0.938 0.982 0.993 0.994 0.998 0.976 0.914 0.934 0.991 
 120   (0.086) 0.164 0.010 0.003 0.002 0.001 0.062 0.018 0.007 0.006 0.002 0.024 0.086 0.066 0.009 

Locus 151 : 174083_22 
2 alleles
3.9% missing data
 120   (0.948) 0.998 1.000 1.000 0.999 0.999 0.998 0.994 0.785 0.997 0.999 0.999 0.948 0.999 0.999 
 100   (0.052) 0.002 0.000 0.000 0.001 0.001 0.002 0.006 0.215 0.003 0.001 0.001 0.052 0.001 0.001 

Locus 152 : 174223_24 
2 alleles
2.8% missing data
 120   (0.955) 0.998 1.000 1.000 0.999 0.999 0.997 0.994 0.997 0.997 0.990 0.999 0.955 0.999 0.999 
 100   (0.045) 0.002 0.000 0.000 0.001 0.001 0.003 0.006 0.003 0.003 0.010 0.001 0.045 0.001 0.001 

Locus 153 : 174263_44 
2 alleles
3.9% missing data
 130   (0.960) 0.999 1.000 1.000 0.838 0.999 0.998 0.995 0.997 0.998 0.999 0.999 0.960 0.999 0.999 
 110   (0.040) 0.001 0.000 0.000 0.162 0.001 0.002 0.005 0.003 0.002 0.001 0.001 0.040 0.001 0.001 

Locus 154 : 175657_6 
2 alleles
8.4% missing data
 100   (0.929) 0.997 1.000 1.000 0.998 0.999 0.925 0.992 0.994 0.764 0.999 0.999 0.929 0.999 0.998 
 130   (0.071) 0.003 0.000 0.000 0.002 0.001 0.075 0.008 0.006 0.236 0.001 0.001 0.071 0.001 0.002 

Locus 155 : 176570_23 
2 alleles
3.9% missing data
 130   (0.955) 0.997 0.985 0.980 0.999 0.989 0.998 0.995 0.997 0.996 0.998 0.996 0.955 0.980 0.982 
 110   (0.045) 0.003 0.015 0.020 0.001 0.011 0.002 0.005 0.003 0.004 0.002 0.004 0.045 0.020 0.018 

Locus 156 : 176775_13 
2 alleles
6.7% missing data
 130   (0.941) 0.998 1.000 1.000 0.999 0.999 0.997 0.993 0.705 0.996 0.999 0.999 0.941 0.999 0.999 
 110   (0.059) 0.002 0.000 0.000 0.001 0.001 0.003 0.007 0.295 0.004 0.001 0.001 0.059 0.001 0.001 

Locus 157 : 178448_19 
2 alleles
3.4% missing data
 120   (0.950) 0.998 1.000 1.000 0.999 0.999 0.998 0.994 0.882 0.997 0.999 0.999 0.950 0.999 0.999 
 100   (0.050) 0.002 0.000 0.000 0.001 0.001 0.002 0.006 0.118 0.003 0.001 0.001 0.050 0.001 0.001 

Locus 158 : 179162_16 
2 alleles
6.2% missing data
 120   (0.951) 0.998 1.000 1.000 0.999 0.999 0.998 0.994 0.970 0.997 0.999 0.999 0.951 0.999 0.999 
 100   (0.049) 0.002 0.000 0.000 0.001 0.001 0.002 0.006 0.030 0.003 0.001 0.001 0.049 0.001 0.001 

Locus 159 : 179286_31 
2 alleles
2.8% missing data
 120   (0.931) 0.997 0.999 0.996 0.998 0.998 0.909 0.992 0.995 0.897 0.999 0.999 0.931 0.999 0.998 
 100   (0.069) 0.003 0.001 0.004 0.002 0.002 0.091 0.008 0.005 0.103 0.001 0.001 0.069 0.001 0.002 

Locus 160 : 179594_17 
2 alleles
4.5% missing data
 120   (0.911) 0.971 0.999 0.998 0.997 0.999 0.996 0.923 0.993 0.739 0.994 0.998 0.911 0.976 0.998 
 100   (0.089) 0.029 0.001 0.002 0.003 0.001 0.004 0.077 0.007 0.261 0.006 0.002 0.089 0.024 0.002 

Locus 161 : 180413_54 
2 alleles
3.9% missing data
 100   (0.960) 0.999 1.000 1.000 0.999 1.000 0.998 0.996 0.881 0.997 0.999 0.999 0.960 0.999 0.999 
 110   (0.040) 0.001 0.000 0.000 0.001 0.000 0.002 0.004 0.119 0.003 0.001 0.001 0.040 0.001 0.001 

Locus 162 : 182862_79 
2 alleles
3.4% missing data
 130   (0.955) 0.998 1.000 1.000 0.999 0.999 0.998 0.995 0.867 0.997 0.999 0.999 0.955 0.999 0.999 
 110   (0.045) 0.002 0.000 0.000 0.001 0.001 0.002 0.005 0.133 0.003 0.001 0.001 0.045 0.001 0.001 

Locus 163 : 183288_63 
2 alleles
10.1% missing data
 100   (0.957) 0.998 1.000 1.000 0.999 0.999 0.998 0.995 0.971 0.997 0.999 0.999 0.957 0.999 0.999 
 120   (0.043) 0.002 0.000 0.000 0.001 0.001 0.002 0.005 0.029 0.003 0.001 0.001 0.043 0.001 0.001 

Locus 164 : 183906_55 
2 alleles
6.7% missing data
 130   (0.957) 0.998 1.000 1.000 0.999 0.999 0.998 0.995 0.945 0.997 0.999 0.999 0.958 0.999 0.999 
 100   (0.043) 0.002 0.000 0.000 0.001 0.001 0.002 0.005 0.055 0.003 0.001 0.001 0.042 0.001 0.001 

Locus 165 : 183990_7 
2 alleles
3.4% missing data
 120   (0.954) 0.991 1.000 0.998 0.999 0.999 0.998 0.995 0.997 0.997 0.999 0.819 0.954 0.999 0.998 
 100   (0.046) 0.009 0.000 0.002 0.001 0.001 0.002 0.005 0.003 0.003 0.001 0.181 0.046 0.001 0.002 

Locus 166 : 185904_60 
2 alleles
3.4% missing data
 120   (0.958) 0.934 1.000 1.000 0.999 0.999 0.998 0.995 0.997 0.997 0.999 0.999 0.958 0.972 0.999 
 100   (0.042) 0.066 0.000 0.000 0.001 0.001 0.002 0.005 0.003 0.003 0.001 0.001 0.042 0.028 0.001 

Locus 167 : 191703_64 
2 alleles
1.7% missing data
 130   (0.926) 0.997 1.000 0.999 0.998 0.999 0.997 0.672 0.995 0.865 0.999 0.999 0.926 0.999 0.998 
 110   (0.074) 0.003 0.000 0.001 0.002 0.001 0.003 0.328 0.005 0.135 0.001 0.001 0.074 0.001 0.002 

Locus 168 : 193854_7 
2 alleles
1.7% missing data
 130   (0.932) 0.997 0.999 0.999 0.979 0.999 0.997 0.992 0.881 0.995 0.998 0.999 0.932 0.999 0.998 
 110   (0.068) 0.003 0.001 0.001 0.021 0.001 0.003 0.008 0.119 0.005 0.002 0.001 0.068 0.001 0.002 

Locus 169 : 194868_38 
2 alleles
5.6% missing data
 120   (0.936) 0.997 0.999 0.998 0.998 0.999 0.900 0.991 0.996 0.962 0.999 0.998 0.936 0.999 0.996 
 100   (0.064) 0.003 0.001 0.002 0.002 0.001 0.100 0.009 0.004 0.038 0.001 0.002 0.064 0.001 0.004 

Locus 170 : 195463_36 
2 alleles
5.1% missing data
 120   (0.955) 0.998 1.000 1.000 0.999 0.999 0.998 0.995 0.997 0.860 0.999 0.999 0.955 0.999 0.999 
 100   (0.045) 0.002 0.000 0.000 0.001 0.001 0.002 0.005 0.003 0.140 0.001 0.001 0.045 0.001 0.001 

Locus 171 : 195727_20 
2 alleles
1.7% missing data
 130   (0.956) 0.998 1.000 1.000 0.999 0.999 0.998 0.995 0.914 0.997 0.999 0.999 0.956 0.999 0.999 
 110   (0.044) 0.002 0.000 0.000 0.001 0.001 0.002 0.005 0.086 0.003 0.001 0.001 0.044 0.001 0.001 

Locus 172 : 197508_5 
2 alleles
2.2% missing data
 120   (0.957) 0.998 1.000 1.000 0.999 0.999 0.988 0.993 0.997 0.997 0.999 0.999 0.957 0.999 0.999 
 100   (0.043) 0.002 0.000 0.000 0.001 0.001 0.012 0.007 0.003 0.003 0.001 0.001 0.043 0.001 0.001 

Locus 173 : 199140_10 
2 alleles
4.5% missing data
 130   (0.956) 0.998 1.000 1.000 0.999 0.999 0.998 0.995 0.997 0.997 0.999 0.995 0.956 0.999 0.996 
 110   (0.044) 0.002 0.000 0.000 0.001 0.001 0.002 0.005 0.003 0.003 0.001 0.005 0.044 0.001 0.004 

Locus 174 : 199429_51 
2 alleles
5.1% missing data
 130   (0.957) 0.982 1.000 1.000 0.999 0.999 0.998 0.994 0.997 0.996 0.999 0.999 0.957 0.987 0.999 
 100   (0.043) 0.018 0.000 0.000 0.001 0.001 0.002 0.006 0.003 0.004 0.001 0.001 0.043 0.013 0.001 

Locus 175 : 199635_9 
2 alleles
3.4% missing data
 120   (0.944) 0.998 1.000 1.000 0.999 0.999 0.997 0.994 0.830 0.997 0.999 0.999 0.944 0.999 0.999 
 100   (0.056) 0.002 0.000 0.000 0.001 0.001 0.003 0.006 0.170 0.003 0.001 0.001 0.056 0.001 0.001 

Locus 176 : 200923_8 
2 alleles
5.1% missing data
 100   (0.956) 0.998 1.000 1.000 0.999 0.999 0.997 0.930 0.997 0.994 0.999 0.999 0.956 0.999 0.999 
 110   (0.044) 0.002 0.000 0.000 0.001 0.001 0.003 0.070 0.003 0.006 0.001 0.001 0.044 0.001 0.001 

Locus 177 : 201090_64 
2 alleles
5.1% missing data
 130   (0.960) 0.957 1.000 1.000 0.999 0.999 0.998 0.995 0.997 0.997 0.999 0.999 0.960 0.998 0.999 
 100   (0.040) 0.043 0.000 0.000 0.001 0.001 0.002 0.005 0.003 0.003 0.001 0.001 0.040 0.002 0.001 

Locus 178 : 201549_57 
2 alleles
4.5% missing data
 120   (0.953) 0.998 1.000 1.000 0.999 0.999 0.998 0.995 0.997 0.905 0.999 0.999 0.953 0.999 0.999 
 110   (0.047) 0.002 0.000 0.000 0.001 0.001 0.002 0.005 0.003 0.095 0.001 0.001 0.047 0.001 0.001 

Locus 179 : 203565_40 
2 alleles
3.9% missing data
 120   (0.956) 0.998 1.000 1.000 0.999 0.999 0.998 0.927 0.997 0.997 0.999 0.999 0.956 0.999 0.999 
 100   (0.044) 0.002 0.000 0.000 0.001 0.001 0.002 0.073 0.003 0.003 0.001 0.001 0.044 0.001 0.001 

Locus 180 : 205184_19 
2 alleles
7.3% missing data
 110   (0.920) 0.997 0.999 0.999 0.863 0.999 0.996 0.991 0.761 0.995 0.998 0.999 0.920 0.999 0.998 
 120   (0.080) 0.003 0.001 0.001 0.137 0.001 0.004 0.009 0.239 0.005 0.002 0.001 0.080 0.001 0.002 

Locus 181 : 206551_17 
2 alleles
6.2% missing data
 120   (0.895) 0.688 0.999 0.999 0.997 0.998 0.995 0.938 0.993 0.963 0.884 0.993 0.895 0.893 0.996 
 100   (0.105) 0.312 0.001 0.001 0.003 0.002 0.005 0.062 0.007 0.037 0.116 0.007 0.105 0.107 0.004 

Locus 182 : 216246_19 
2 alleles
2.8% missing data
 110   (0.937) 0.992 0.998 0.999 0.998 0.999 0.984 0.984 0.996 0.984 0.998 0.990 0.937 0.998 0.993 
 130   (0.063) 0.008 0.002 0.001 0.002 0.001 0.016 0.016 0.004 0.016 0.002 0.010 0.063 0.002 0.007 

Locus 183 : 216776_13 
2 alleles
5.6% missing data
 120   (0.912) 0.997 0.999 0.999 0.990 0.999 0.996 0.990 0.728 0.994 0.830 0.999 0.912 0.999 0.998 
 110   (0.088) 0.003 0.001 0.001 0.010 0.001 0.004 0.010 0.272 0.006 0.170 0.001 0.088 0.001 0.002 

Locus 184 : 217291_37 
2 alleles
3.9% missing data
 120   (0.947) 0.997 1.000 0.999 0.999 0.999 0.998 0.993 0.996 0.909 0.999 0.999 0.947 0.999 0.998 
 100   (0.053) 0.003 0.000 0.001 0.001 0.001 0.002 0.007 0.004 0.091 0.001 0.001 0.053 0.001 0.002 

Locus 185 : 217570_13 
2 alleles
3.9% missing data
 130   (0.948) 0.998 1.000 1.000 0.999 0.999 0.998 0.994 0.866 0.997 0.999 0.999 0.948 0.999 0.999 
 110   (0.052) 0.002 0.000 0.000 0.001 0.001 0.002 0.006 0.134 0.003 0.001 0.001 0.052 0.001 0.001 

Locus 186 : 220422_65 
2 alleles
3.4% missing data
 120   (0.942) 0.989 0.993 0.998 0.998 0.999 0.978 0.992 0.996 0.985 0.998 0.998 0.942 0.998 0.986 
 110   (0.058) 0.011 0.007 0.002 0.002 0.001 0.022 0.008 0.004 0.015 0.002 0.002 0.058 0.002 0.014 

Locus 187 : 220502_40 
2 alleles
6.7% missing data
 120   (0.957) 0.998 0.999 0.999 0.998 0.979 0.997 0.993 0.997 0.997 0.999 0.999 0.957 0.999 0.999 
 110   (0.043) 0.002 0.001 0.001 0.002 0.021 0.003 0.007 0.003 0.003 0.001 0.001 0.043 0.001 0.001 

Locus 188 : 220519_81 
2 alleles
4.5% missing data
 130   (0.930) 0.997 0.999 1.000 0.998 0.999 0.997 0.927 0.858 0.996 0.999 0.999 0.930 0.999 0.999 
 110   (0.070) 0.003 0.001 0.000 0.002 0.001 0.003 0.073 0.142 0.004 0.001 0.001 0.070 0.001 0.001 

Locus 189 : 222347_17 
2 alleles
3.9% missing data
 120   (0.948) 0.998 1.000 1.000 0.999 0.999 0.998 0.994 0.892 0.997 0.999 0.999 0.948 0.999 0.999 
 100   (0.052) 0.002 0.000 0.000 0.001 0.001 0.002 0.006 0.108 0.003 0.001 0.001 0.052 0.001 0.001 

Locus 190 : 222896_46 
2 alleles
0.6% missing data
 110   (0.952) 0.998 1.000 1.000 0.999 0.999 0.998 0.995 0.944 0.997 0.999 0.999 0.952 0.999 0.999 
 130   (0.048) 0.002 0.000 0.000 0.001 0.001 0.002 0.005 0.056 0.003 0.001 0.001 0.048 0.001 0.001 

Locus 191 : 223181_12 
2 alleles
3.4% missing data
 120   (0.947) 0.998 1.000 1.000 0.999 0.999 0.998 0.994 0.724 0.997 0.999 0.999 0.947 0.999 0.999 
 100   (0.053) 0.002 0.000 0.000 0.001 0.001 0.002 0.006 0.276 0.003 0.001 0.001 0.053 0.001 0.001 

Locus 192 : 224649_57 
2 alleles
5.1% missing data
 100   (0.958) 0.998 1.000 1.000 0.975 0.999 0.998 0.993 0.997 0.997 0.999 0.999 0.958 0.999 0.999 
 110   (0.042) 0.002 0.000 0.000 0.025 0.001 0.002 0.007 0.003 0.003 0.001 0.001 0.042 0.001 0.001 

Locus 193 : 226245_11 
2 alleles
5.1% missing data
 130   (0.953) 0.998 1.000 1.000 0.999 0.944 0.997 0.994 0.997 0.997 0.999 0.999 0.953 0.999 0.999 
 110   (0.047) 0.002 0.000 0.000 0.001 0.056 0.003 0.006 0.003 0.003 0.001 0.001 0.047 0.001 0.001 

Locus 194 : 226342_59 
2 alleles
6.2% missing data
 120   (0.915) 0.996 0.997 0.996 0.963 0.998 0.994 0.988 0.910 0.993 0.995 0.998 0.915 0.997 0.997 
 100   (0.085) 0.004 0.003 0.004 0.037 0.002 0.006 0.012 0.090 0.007 0.005 0.002 0.085 0.003 0.003 

Locus 195 : 228970_13 
2 alleles
3.9% missing data
 120   (0.956) 0.998 1.000 1.000 0.999 0.999 0.998 0.995 0.997 0.956 0.999 0.999 0.956 0.999 0.999 
 100   (0.044) 0.002 0.000 0.000 0.001 0.001 0.002 0.005 0.003 0.044 0.001 0.001 0.044 0.001 0.001 

Locus 196 : 229097_27 
2 alleles
5.1% missing data
 130   (0.950) 0.998 1.000 1.000 0.999 0.999 0.998 0.995 0.792 0.996 0.999 0.999 0.950 0.999 0.999 
 110   (0.050) 0.002 0.000 0.000 0.001 0.001 0.002 0.005 0.208 0.004 0.001 0.001 0.050 0.001 0.001 

Locus 197 : 229177_29 
2 alleles
7.3% missing data
 130   (0.942) 0.994 0.997 0.997 0.998 0.999 0.997 0.993 0.996 0.996 0.800 0.999 0.942 0.996 0.996 
 110   (0.058) 0.006 0.003 0.003 0.002 0.001 0.003 0.007 0.004 0.004 0.200 0.001 0.058 0.004 0.004 

Locus 198 : 229612_7 
2 alleles
6.2% missing data
 100   (0.953) 0.998 1.000 1.000 0.999 0.999 0.986 0.993 0.997 0.997 0.999 0.999 0.953 0.999 0.999 
 120   (0.047) 0.002 0.000 0.000 0.001 0.001 0.014 0.007 0.003 0.003 0.001 0.001 0.047 0.001 0.001 

Locus 199 : 229936_67 
2 alleles
3.9% missing data
 120   (0.951) 0.997 0.984 0.979 0.999 0.988 0.998 0.994 0.997 0.996 0.998 0.996 0.951 0.980 0.982 
 100   (0.049) 0.003 0.016 0.021 0.001 0.012 0.002 0.006 0.003 0.004 0.002 0.004 0.049 0.020 0.018 

Locus 200 : 232937_62 
2 alleles
2.2% missing data
 100   (0.958) 0.998 1.000 0.999 0.999 0.999 0.997 0.995 0.997 0.997 0.991 0.999 0.958 0.999 0.999 
 120   (0.042) 0.002 0.000 0.001 0.001 0.001 0.003 0.005 0.003 0.003 0.009 0.001 0.042 0.001 0.001 

Locus 201 : 233194_6 
2 alleles
2.8% missing data
 120   (0.924) 0.997 0.999 0.999 0.964 0.999 0.996 0.991 0.664 0.995 0.998 0.999 0.924 0.998 0.998 
 100   (0.076) 0.003 0.001 0.001 0.036 0.001 0.004 0.009 0.336 0.005 0.002 0.001 0.076 0.002 0.002 

Locus 202 : 234346_33 
2 alleles
4.5% missing data
 110   (0.953) 0.998 1.000 1.000 0.814 0.999 0.998 0.995 0.997 0.997 0.999 0.999 0.953 0.999 0.999 
 130   (0.047) 0.002 0.000 0.000 0.186 0.001 0.002 0.005 0.003 0.003 0.001 0.001 0.047 0.001 0.001 

Locus 203 : 235241_77 
2 alleles
2.2% missing data
 130   (0.949) 0.998 1.000 1.000 0.999 0.999 0.998 0.995 0.839 0.997 0.999 0.999 0.949 0.999 0.999 
 100   (0.051) 0.002 0.000 0.000 0.001 0.001 0.002 0.005 0.161 0.003 0.001 0.001 0.051 0.001 0.001 

Locus 204 : 236207_44 
2 alleles
6.2% missing data
 120   (0.914) 0.997 0.999 0.999 0.998 0.653 0.995 0.854 0.994 0.961 0.998 0.999 0.914 0.998 0.998 
 100   (0.086) 0.003 0.001 0.001 0.002 0.347 0.005 0.146 0.006 0.039 0.002 0.001 0.086 0.002 0.002 

Locus 205 : 236307_12 
2 alleles
1.7% missing data
 130   (0.951) 0.997 1.000 0.999 0.999 0.999 0.997 0.992 0.997 0.992 0.999 0.583 0.951 0.999 0.999 
 110   (0.049) 0.003 0.000 0.001 0.001 0.001 0.003 0.008 0.003 0.008 0.001 0.417 0.049 0.001 0.001 

Locus 206 : 236931_45 
2 alleles
6.7% missing data
 120   (0.881) 0.995 0.999 0.999 0.997 0.998 0.709 0.453 0.992 0.713 0.997 0.997 0.882 0.998 0.996 
 100   (0.119) 0.005 0.001 0.001 0.003 0.002 0.291 0.547 0.008 0.287 0.003 0.003 0.118 0.002 0.004 

Locus 207 : 236999_38 
2 alleles
2.8% missing data
 120   (0.951) 0.998 1.000 1.000 0.999 0.999 0.998 0.995 0.945 0.997 0.999 0.999 0.952 0.999 0.999 
 100   (0.049) 0.002 0.000 0.000 0.001 0.001 0.002 0.005 0.055 0.003 0.001 0.001 0.048 0.001 0.001 

Locus 208 : 240398_42 
2 alleles
3.9% missing data
 110   (0.846) 0.994 0.998 0.998 0.996 0.998 0.832 0.446 0.990 0.881 0.997 0.626 0.846 0.998 0.991 
 130   (0.154) 0.006 0.002 0.002 0.004 0.002 0.168 0.554 0.010 0.119 0.003 0.374 0.154 0.002 0.009 

Locus 209 : 240825_22 
2 alleles
6.2% missing data
 130   (0.953) 0.991 0.992 0.999 0.998 0.998 0.997 0.990 0.997 0.997 0.996 0.999 0.953 0.995 0.996 
 110   (0.047) 0.009 0.008 0.001 0.002 0.002 0.003 0.010 0.003 0.003 0.004 0.001 0.047 0.005 0.004 

Locus 210 : 244435_48 
2 alleles
1.7% missing data
 110   (0.952) 0.998 1.000 1.000 0.999 0.945 0.996 0.994 0.997 0.997 0.999 0.999 0.952 0.999 0.999 
 130   (0.048) 0.002 0.000 0.000 0.001 0.055 0.004 0.006 0.003 0.003 0.001 0.001 0.048 0.001 0.001 

Locus 211 : 245971_21 
2 alleles
5.1% missing data
 130   (0.955) 0.998 1.000 1.000 0.999 0.999 0.998 0.995 0.914 0.997 0.999 0.999 0.955 0.999 0.999 
 120   (0.045) 0.002 0.000 0.000 0.001 0.001 0.002 0.005 0.086 0.003 0.001 0.001 0.045 0.001 0.001 

Locus 212 : 246895_22 
2 alleles
3.4% missing data
 120   (0.957) 0.998 1.000 1.000 0.999 0.999 0.998 0.995 0.997 0.997 0.999 0.993 0.957 0.999 0.997 
 110   (0.043) 0.002 0.000 0.000 0.001 0.001 0.002 0.005 0.003 0.003 0.001 0.007 0.043 0.001 0.003 

Locus 213 : 248131_26 
2 alleles
7.9% missing data
 130   (0.937) 0.948 0.998 0.999 0.998 0.999 0.977 0.990 0.995 0.994 0.998 0.998 0.937 0.997 0.998 
 110   (0.063) 0.052 0.002 0.001 0.002 0.001 0.023 0.010 0.005 0.006 0.002 0.002 0.063 0.003 0.002 

Locus 214 : 250844_49 
2 alleles
7.3% missing data
 130   (0.956) 0.998 1.000 1.000 0.999 0.999 0.986 0.995 0.997 0.997 0.999 0.999 0.956 0.999 0.998 
 100   (0.044) 0.002 0.000 0.000 0.001 0.001 0.014 0.005 0.003 0.003 0.001 0.001 0.044 0.001 0.002 

Locus 215 : 251283_19 
2 alleles
5.6% missing data
 120   (0.957) 0.998 1.000 1.000 0.999 0.999 0.998 0.826 0.997 0.997 0.999 0.999 0.957 0.999 0.999 
 100   (0.043) 0.002 0.000 0.000 0.001 0.001 0.002 0.174 0.003 0.003 0.001 0.001 0.043 0.001 0.001 

Locus 216 : 251358_15 
2 alleles
8.4% missing data
 110   (0.936) 0.997 0.999 0.999 0.998 0.986 0.798 0.990 0.995 0.995 0.998 0.999 0.936 0.999 0.998 
 120   (0.064) 0.003 0.001 0.001 0.002 0.014 0.202 0.010 0.005 0.005 0.002 0.001 0.064 0.001 0.002 

Locus 217 : 251901_42 
2 alleles
2.2% missing data
 120   (0.955) 0.979 0.999 1.000 0.999 0.999 0.998 0.994 0.997 0.997 0.999 0.999 0.955 0.989 0.999 
 100   (0.045) 0.021 0.001 0.000 0.001 0.001 0.002 0.006 0.003 0.003 0.001 0.001 0.045 0.011 0.001 

Locus 218 : 252158_43 
2 alleles
0.0% missing data
 120   (0.953) 0.998 1.000 1.000 0.999 0.999 0.998 0.995 0.918 0.997 0.999 0.999 0.953 0.999 0.999 
 100   (0.047) 0.002 0.000 0.000 0.001 0.001 0.002 0.005 0.082 0.003 0.001 0.001 0.047 0.001 0.001 

Locus 219 : 252988_16 
2 alleles
7.9% missing data
 110   (0.955) 0.719 1.000 1.000 0.999 0.999 0.997 0.994 0.997 0.997 0.999 0.998 0.955 0.999 0.999 
 100   (0.045) 0.281 0.000 0.000 0.001 0.001 0.003 0.006 0.003 0.003 0.001 0.002 0.045 0.001 0.001 

Locus 220 : 254425_88 
2 alleles
5.6% missing data
 130   (0.917) 0.997 0.999 1.000 0.880 0.999 0.996 0.990 0.773 0.995 0.997 0.999 0.917 0.999 0.998 
 110   (0.083) 0.003 0.001 0.000 0.120 0.001 0.004 0.010 0.227 0.005 0.003 0.001 0.083 0.001 0.002 

Locus 221 : 256337_57 
2 alleles
5.6% missing data
 110   (0.958) 0.998 1.000 1.000 0.999 0.999 0.998 0.924 0.997 0.997 0.999 0.999 0.958 0.999 0.999 
 130   (0.042) 0.002 0.000 0.000 0.001 0.001 0.002 0.076 0.003 0.003 0.001 0.001 0.042 0.001 0.001 

Locus 222 : 259058_15 
2 alleles
1.7% missing data
 120   (0.950) 0.998 1.000 1.000 0.871 0.999 0.998 0.995 0.997 0.997 0.999 0.999 0.950 0.999 0.999 
 100   (0.050) 0.002 0.000 0.000 0.129 0.001 0.002 0.005 0.003 0.003 0.001 0.001 0.050 0.001 0.001 

Locus 223 : 259869_81 
2 alleles
0.6% missing data
 120   (0.958) 0.998 1.000 1.000 0.940 0.999 0.998 0.995 0.997 0.997 0.999 0.999 0.958 0.999 0.999 
 130   (0.042) 0.002 0.000 0.000 0.060 0.001 0.002 0.005 0.003 0.003 0.001 0.001 0.042 0.001 0.001 

Locus 224 : 260700_55 
2 alleles
2.2% missing data
 130   (0.954) 0.994 0.999 0.999 0.998 0.999 0.997 0.993 0.997 0.997 0.973 0.999 0.954 0.998 0.999 
 110   (0.046) 0.006 0.001 0.001 0.002 0.001 0.003 0.007 0.003 0.003 0.027 0.001 0.046 0.002 0.001 

Locus 225 : 262223_11 
2 alleles
4.5% missing data
 130   (0.952) 0.998 1.000 1.000 0.999 0.999 0.998 0.995 0.997 0.997 0.862 0.999 0.952 0.999 0.999 
 100   (0.048) 0.002 0.000 0.000 0.001 0.001 0.002 0.005 0.003 0.003 0.138 0.001 0.048 0.001 0.001 

Locus 226 : 262346_48 
2 alleles
3.4% missing data
 130   (0.947) 0.998 1.000 1.000 0.999 0.999 0.998 0.406 0.996 0.997 0.999 0.999 0.947 0.999 0.999 
 110   (0.053) 0.002 0.000 0.000 0.001 0.001 0.002 0.594 0.004 0.003 0.001 0.001 0.053 0.001 0.001 

Locus 227 : 262620_18 
2 alleles
3.9% missing data
 110   (0.947) 0.995 0.987 0.993 0.998 0.996 0.996 0.991 0.996 0.995 0.997 0.990 0.947 0.996 0.990 
 130   (0.053) 0.005 0.013 0.007 0.002 0.004 0.004 0.009 0.004 0.005 0.003 0.010 0.053 0.004 0.010 

Locus 228 : 263002_42 
2 alleles
3.4% missing data
 120   (0.947) 0.998 1.000 0.999 0.999 0.999 0.857 0.994 0.996 0.996 0.999 0.999 0.947 0.999 0.998 
 100   (0.053) 0.002 0.000 0.001 0.001 0.001 0.143 0.006 0.004 0.004 0.001 0.001 0.053 0.001 0.002 

Locus 229 : 263813_70 
2 alleles
10.1% missing data
 130   (0.955) 0.998 1.000 1.000 0.934 0.999 0.998 0.995 0.997 0.997 0.999 0.999 0.955 0.999 0.999 
 110   (0.045) 0.002 0.000 0.000 0.066 0.001 0.002 0.005 0.003 0.003 0.001 0.001 0.045 0.001 0.001 

Locus 230 : 264184_13 
2 alleles
10.1% missing data
 110   (0.912) 0.859 0.999 0.999 0.998 0.911 0.995 0.939 0.993 0.994 0.998 0.998 0.912 0.956 0.998 
 130   (0.088) 0.141 0.001 0.001 0.002 0.089 0.005 0.061 0.007 0.006 0.002 0.002 0.088 0.044 0.002 

Values of parameters used in structure:
DATAFILE=C:\Users\jmahg\OneDrive\Desktop\Transfers\TrkNbr-1524n1282n1083_AllPops_Structure_p18_r080_LDnHWEx\project_data,	OUTFILE=C:\Users\jmahg\OneDrive\Desktop\Transfers\TrkNbr-1524n1282n1083_AllPops_Structure_p18_r080_LDnHWEx\BI50000_MCMC100000\Results\BI50000_MCMC100000_run_136,	NUMINDS=178,	NUMLOCI=230,	MISSING=0,	LABEL=1,	POPDATA=1,	POPFLAG=0,	PHENOTYPE=0,	EXTRACOLS=0,	MAXPOPS=14,	BURNIN=50000,	NUMREPS=100000,	USEPOPINFO=0,	INFERALPHA=1,	INFERLAMBDA=0,	POPSPECIFICLAMBDA=0,	POPALPHAS=0,	COMPUTEPROB=1,	NOADMIX=0,	ADMBURNIN=2500,	UPDATEFREQ=1,	PRINTLIKES=0,	INTERMEDSAVE=0,	PRINTKLD=0,	PRINTNET=0,	PRINTLAMBDA=0,	ANCESTDIST=0,	NUMBOXES=1000,	ANCESTPINT=0.90000,	GENSBACK=2,	MIGRPRIOR=0.05000,	PRINTQHAT=0,	PRINTQSUM=0,	ALPHA=1.0000,	FREQSCORR=1,	FPRIORMEAN=0.0100,	FPRIORSD=0.0500,	ONEFST=0,	LAMBDA=1.0000,	UNIFPRIORALPHA=1,	ALPHAMAX=10.0000,	ALPHAPRIORA=1.0000,	ALPHAPRIORB=2.0000,	ALPHAPROPSD=0.0250,	STARTATPOPINFO=0,	RANDOMIZE=1,	LINKAGE=0,	METROFREQ=10,	REPORTHITRATE=0,	MARKOVPHASE=-1,	PHASED=0,	PLOIDY=2,	PHASEINFO=0	LOCPRIOR=0, 	LOCPRIORINIT=1.000000, 	LOCDATA=0, 	LOCISPOP=0, 	LOCPRIORSTEP=0.100000, 	MAXLOCPRIOR=20.000000, 	SEED=1602993344,	
[STRAT parameters]:    NUMSIMSTATS=1000,	PHENOTYPECOL=-9,	POOLFREQ=10,	LOCUSxONLY=0,	EMERROR=0.00100,	MISSINGPHENO=-9,	