

----------------------------------------------------
STRUCTURE by Pritchard, Stephens and Donnelly (2000)
     and Falush, Stephens and Pritchard (2003)
       Code by Pritchard, Falush and Hubisz
             Version 2.3.4 (Jul 2012)
----------------------------------------------------



Command line arguments:   bin\structure -m C:\Users\jmahg\OneDrive\Desktop\Transfers\TrkNbr-1524n1282n1083_AllPops_Structure_p18_r080_LDnHWEx\BI50000_MCMC100000\mainparams -e C:\Users\jmahg\OneDrive\Desktop\Transfers\TrkNbr-1524n1282n1083_AllPops_Structure_p18_r080_LDnHWEx\BI50000_MCMC100000\extraparams 
Input File:    C:\Users\jmahg\OneDrive\Desktop\Transfers\TrkNbr-1524n1282n1083_AllPops_Structure_p18_r080_LDnHWEx\project_data

Run parameters:
   178 individuals
   230 loci
   16 populations assumed
   50000 Burn-in period
   100000 Reps


--------------------------------------------
Proportion of membership of each pre-defined
 population in each of the 16 clusters

Given    Inferred Clusters                                                                                                  Number of
 Pop       1      2      3      4      5      6      7      8      9     10     11     12     13     14     15     16      Individuals

  1:     0.010  0.008  0.013  0.033  0.011  0.002  0.030  0.006  0.007  0.025  0.004  0.692  0.007  0.135  0.012  0.007       10
  2:     0.005  0.015  0.007  0.071  0.016  0.002  0.072  0.020  0.033  0.058  0.010  0.026  0.018  0.087  0.553  0.006        8
  3:     0.006  0.007  0.006  0.124  0.541  0.002  0.101  0.009  0.025  0.097  0.004  0.009  0.009  0.036  0.015  0.008       10
  4:     0.021  0.009  0.019  0.119  0.030  0.003  0.092  0.007  0.423  0.112  0.008  0.023  0.006  0.034  0.084  0.010       10
  5:     0.005  0.003  0.005  0.014  0.009  0.893  0.011  0.003  0.005  0.014  0.003  0.006  0.003  0.009  0.007  0.010       10
  6:     0.006  0.004  0.008  0.177  0.390  0.003  0.150  0.003  0.010  0.151  0.004  0.019  0.003  0.041  0.021  0.011       10
  7:     0.004  0.005  0.004  0.046  0.013  0.002  0.043  0.002  0.007  0.035  0.003  0.039  0.003  0.774  0.012  0.006       10
  8:     0.059  0.036  0.057  0.083  0.042  0.002  0.089  0.024  0.044  0.052  0.015  0.093  0.024  0.088  0.282  0.009       10
  9:     0.005  0.003  0.006  0.250  0.026  0.002  0.203  0.002  0.007  0.197  0.003  0.038  0.002  0.222  0.023  0.010       10
 10:     0.005  0.004  0.006  0.245  0.048  0.003  0.172  0.003  0.010  0.379  0.004  0.014  0.003  0.067  0.022  0.014       10
 11:     0.018  0.043  0.535  0.081  0.016  0.002  0.073  0.019  0.013  0.066  0.009  0.027  0.019  0.031  0.040  0.008       10
 12:     0.134  0.014  0.504  0.051  0.020  0.002  0.040  0.004  0.014  0.042  0.006  0.065  0.005  0.021  0.070  0.009       10
 13:     0.837  0.008  0.009  0.022  0.012  0.002  0.019  0.009  0.008  0.019  0.007  0.011  0.007  0.015  0.010  0.007       10
 14:     0.006  0.004  0.005  0.052  0.019  0.010  0.052  0.004  0.007  0.048  0.003  0.008  0.004  0.022  0.011  0.743       10
 15:     0.005  0.004  0.005  0.041  0.034  0.006  0.027  0.005  0.006  0.032  0.003  0.009  0.004  0.018  0.011  0.789       10
 16:     0.008  0.019  0.012  0.117  0.037  0.002  0.106  0.021  0.449  0.060  0.013  0.029  0.018  0.059  0.042  0.008       10
 17:     0.022  0.009  0.046  0.068  0.018  0.003  0.062  0.007  0.023  0.054  0.521  0.059  0.007  0.029  0.063  0.009       10
 18:     0.005  0.004  0.005  0.027  0.012  0.847  0.021  0.004  0.006  0.024  0.003  0.007  0.003  0.015  0.009  0.008       10
--------------------------------------------

Allele-freq. divergence among pops (Net nucleotide distance),
computed using point estimates of P.

      1       2       3       4       5       6       7       8       9      10      11      12      13      14      15      16      
 1      -    0.0041  0.0044  0.0045  0.0055  0.0112  0.0042  0.0043  0.0081  0.0044  0.0103  0.0061  0.0043  0.0059  0.0070  0.0061  
 2   0.0041     -    0.0022  0.0025  0.0030  0.0063  0.0018  0.0001  0.0045  0.0022  0.0069  0.0031  0.0001  0.0033  0.0039  0.0032  
 3   0.0044  0.0022     -    0.0026  0.0035  0.0093  0.0022  0.0028  0.0057  0.0024  0.0081  0.0035  0.0028  0.0039  0.0046  0.0041  
 4   0.0045  0.0025  0.0026     -    0.0010  0.0071  0.0001  0.0029  0.0039  0.0001  0.0087  0.0022  0.0029  0.0012  0.0030  0.0017  
 5   0.0055  0.0030  0.0035  0.0010     -    0.0077  0.0011  0.0033  0.0046  0.0011  0.0096  0.0034  0.0033  0.0025  0.0041  0.0026  
 6   0.0112  0.0063  0.0093  0.0071  0.0077     -    0.0068  0.0058  0.0108  0.0069  0.0151  0.0093  0.0059  0.0085  0.0100  0.0067  
 7   0.0042  0.0018  0.0022  0.0001  0.0011  0.0068     -    0.0022  0.0037  0.0001  0.0082  0.0020  0.0022  0.0011  0.0029  0.0017  
 8   0.0043  0.0001  0.0028  0.0029  0.0033  0.0058  0.0022     -    0.0049  0.0026  0.0072  0.0035  0.0000  0.0036  0.0044  0.0033  
 9   0.0081  0.0045  0.0057  0.0039  0.0046  0.0108  0.0037  0.0049     -    0.0039  0.0118  0.0060  0.0049  0.0053  0.0068  0.0056  
10   0.0044  0.0022  0.0024  0.0001  0.0011  0.0069  0.0001  0.0026  0.0039     -    0.0085  0.0023  0.0026  0.0014  0.0030  0.0016  
11   0.0103  0.0069  0.0081  0.0087  0.0096  0.0151  0.0082  0.0072  0.0118  0.0085     -    0.0100  0.0072  0.0099  0.0069  0.0102  
12   0.0061  0.0031  0.0035  0.0022  0.0034  0.0093  0.0020  0.0035  0.0060  0.0023  0.0100     -    0.0035  0.0015  0.0050  0.0040  
13   0.0043  0.0001  0.0028  0.0029  0.0033  0.0059  0.0022  0.0000  0.0049  0.0026  0.0072  0.0035     -    0.0036  0.0044  0.0033  
14   0.0059  0.0033  0.0039  0.0012  0.0025  0.0085  0.0011  0.0036  0.0053  0.0014  0.0099  0.0015  0.0036     -    0.0041  0.0031  
15   0.0070  0.0039  0.0046  0.0030  0.0041  0.0100  0.0029  0.0044  0.0068  0.0030  0.0069  0.0050  0.0044  0.0041     -    0.0047  
16   0.0061  0.0032  0.0041  0.0017  0.0026  0.0067  0.0017  0.0033  0.0056  0.0016  0.0102  0.0040  0.0033  0.0031  0.0047     -    

Average distances (expected heterozygosity) between individuals in same cluster:
cluster  1  : 0.0374 
cluster  2  : 0.0872 
cluster  3  : 0.0333 
cluster  4  : 0.0024 
cluster  5  : 0.0135 
cluster  6  : 0.0660 
cluster  7  : 0.0160 
cluster  8  : 0.0981 
cluster  9  : 0.0226 
cluster 10  : 0.0098 
cluster 11  : 0.0438 
cluster 12  : 0.0184 
cluster 13  : 0.0979 
cluster 14  : 0.0075 
cluster 15  : 0.0117 
cluster 16  : 0.0226 

--------------------------------------------
Estimated Ln Prob of Data   = -3730.7
Mean value of ln likelihood = -3274.8
Variance of ln likelihood   = 911.8
Mean value of alpha         = 0.0342

Mean value of Fst_1         = 0.4427
Mean value of Fst_2         = 0.1271
Mean value of Fst_3         = 0.4454
Mean value of Fst_4         = 0.9236
Mean value of Fst_5         = 0.7122
Mean value of Fst_6         = 0.2781
Mean value of Fst_7         = 0.8014
Mean value of Fst_8         = 0.0001
Mean value of Fst_9         = 0.5929
Mean value of Fst_10         = 0.8579
Mean value of Fst_11         = 0.4329
Mean value of Fst_12         = 0.6457
Mean value of Fst_13         = 0.0045
Mean value of Fst_14         = 0.8512
Mean value of Fst_15         = 0.7946
Mean value of Fst_16         = 0.5576


Inferred ancestry of individuals:
        Label (%Miss) Pop:  Inferred clusters
  1 TGCP_WM1    (0)    1 :  0.004 0.007 0.006 0.037 0.012 0.003 0.035 0.006 0.007 0.028 0.004 0.793 0.006 0.030 0.013 0.009 
  2 TGCP_WM10    (1)    1 :  0.006 0.004 0.011 0.093 0.025 0.002 0.090 0.002 0.006 0.073 0.005 0.511 0.002 0.130 0.029 0.011 
  3 TGCP_WM2    (0)    1 :  0.006 0.029 0.007 0.037 0.014 0.003 0.037 0.025 0.006 0.025 0.004 0.385 0.034 0.368 0.011 0.009 
  4 TGCP_WM3    (1)    1 :  0.004 0.002 0.010 0.026 0.009 0.002 0.030 0.002 0.007 0.024 0.003 0.791 0.002 0.072 0.008 0.007 
  5 TGCP_WM4    (0)    1 :  0.006 0.004 0.038 0.021 0.008 0.002 0.017 0.004 0.007 0.011 0.004 0.839 0.003 0.024 0.006 0.006 
  6 TGCP_WM5    (0)    1 :  0.010 0.025 0.026 0.021 0.009 0.002 0.024 0.008 0.004 0.015 0.004 0.788 0.008 0.040 0.011 0.004 
  7 TGCP_WM6    (0)    1 :  0.012 0.003 0.009 0.021 0.009 0.002 0.015 0.002 0.009 0.020 0.003 0.841 0.003 0.035 0.010 0.006 
  8 TGCP_WM7    (0)    1 :  0.023 0.004 0.004 0.050 0.010 0.002 0.029 0.005 0.013 0.033 0.009 0.173 0.005 0.615 0.017 0.007 
  9 TGCP_WM8    (0)    1 :  0.022 0.003 0.018 0.016 0.005 0.002 0.013 0.002 0.006 0.014 0.003 0.853 0.003 0.028 0.009 0.005 
 10 TGCP_WM9    (0)    1 :  0.004 0.002 0.003 0.006 0.004 0.002 0.006 0.002 0.003 0.007 0.002 0.943 0.002 0.009 0.004 0.003 
 11 MRLP_WM123    (3)    2 :  0.005 0.059 0.011 0.017 0.012 0.002 0.033 0.074 0.012 0.018 0.004 0.010 0.071 0.008 0.656 0.006 
 12 MRLP_WM124    (4)    2 :  0.005 0.002 0.007 0.030 0.015 0.002 0.024 0.001 0.007 0.025 0.004 0.013 0.002 0.016 0.841 0.006 
 13 MRLP_WM125    (1)    2 :  0.008 0.042 0.006 0.011 0.009 0.002 0.039 0.066 0.005 0.015 0.037 0.019 0.055 0.047 0.633 0.006 
 14 MRLP_WM126    (2)    2 :  0.005 0.002 0.006 0.316 0.043 0.002 0.248 0.001 0.007 0.266 0.003 0.013 0.002 0.055 0.021 0.009 
 15 MRLP_WM127    (3)    2 :  0.008 0.006 0.008 0.134 0.018 0.003 0.167 0.006 0.009 0.089 0.025 0.095 0.005 0.388 0.032 0.009 
 16 MRLP_WM128    (3)    2 :  0.004 0.004 0.006 0.010 0.006 0.001 0.008 0.002 0.003 0.008 0.005 0.003 0.001 0.006 0.931 0.003 
 17 MRLP_WM129    (7)    2 :  0.004 0.005 0.009 0.026 0.020 0.002 0.030 0.005 0.213 0.015 0.004 0.018 0.003 0.063 0.578 0.006 
 18 MRLP_WM130    (5)    2 :  0.005 0.002 0.004 0.026 0.008 0.002 0.030 0.002 0.006 0.026 0.003 0.036 0.002 0.112 0.731 0.006 
 19 STT_WM183    (2)    3 :  0.006 0.042 0.015 0.036 0.625 0.002 0.048 0.064 0.008 0.038 0.003 0.007 0.062 0.028 0.009 0.008 
 20 STT_WM184    (3)    3 :  0.007 0.010 0.005 0.049 0.677 0.003 0.066 0.008 0.065 0.037 0.005 0.010 0.008 0.025 0.017 0.009 
 21 STT_WM185   (15)    3 :  0.005 0.002 0.005 0.308 0.043 0.002 0.204 0.002 0.010 0.223 0.003 0.015 0.002 0.125 0.039 0.013 
 22 STT_WM186   (13)    3 :  0.006 0.002 0.008 0.323 0.041 0.002 0.256 0.002 0.015 0.237 0.004 0.019 0.002 0.046 0.028 0.010 
 23 STT_WM187   (13)    3 :  0.008 0.002 0.004 0.022 0.874 0.002 0.024 0.002 0.006 0.019 0.003 0.006 0.002 0.010 0.010 0.007 
 24 STT_WM188    (3)    3 :  0.004 0.002 0.003 0.015 0.926 0.002 0.010 0.002 0.004 0.007 0.002 0.005 0.003 0.007 0.005 0.004 
 25 STT_WM189    (0)    3 :  0.004 0.002 0.006 0.358 0.030 0.002 0.233 0.002 0.007 0.260 0.003 0.009 0.001 0.056 0.018 0.009 
 26 STT_WM190   (11)    3 :  0.004 0.002 0.004 0.010 0.898 0.002 0.028 0.002 0.004 0.012 0.003 0.008 0.002 0.011 0.005 0.005 
 27 STT_WM191    (7)    3 :  0.006 0.003 0.006 0.105 0.519 0.002 0.131 0.002 0.013 0.130 0.004 0.009 0.003 0.042 0.015 0.010 
 28 STT_WM192   (12)    3 :  0.007 0.008 0.004 0.012 0.777 0.002 0.016 0.007 0.119 0.013 0.005 0.005 0.007 0.009 0.006 0.005 
 29 FSSP_WM241    (3)    4 :  0.035 0.008 0.023 0.157 0.039 0.003 0.142 0.008 0.145 0.165 0.013 0.059 0.008 0.038 0.147 0.011 
 30 FSSP_WM242   (15)    4 :  0.006 0.003 0.009 0.328 0.046 0.002 0.212 0.002 0.010 0.276 0.002 0.015 0.002 0.053 0.021 0.013 
 31 FSSP_WM243    (6)    4 :  0.006 0.008 0.006 0.009 0.005 0.003 0.010 0.009 0.901 0.012 0.003 0.005 0.007 0.007 0.006 0.005 
 32 FSSP_WM244    (5)    4 :  0.103 0.010 0.026 0.110 0.026 0.002 0.085 0.008 0.024 0.086 0.026 0.067 0.007 0.050 0.356 0.014 
 33 FSSP_WM245   (10)    4 :  0.006 0.003 0.008 0.207 0.045 0.003 0.151 0.002 0.285 0.172 0.003 0.015 0.002 0.063 0.017 0.016 
 34 FSSP_WM246    (6)    4 :  0.010 0.008 0.009 0.222 0.069 0.003 0.194 0.007 0.058 0.265 0.005 0.021 0.005 0.061 0.050 0.014 
 35 FSSP_WM247    (3)    4 :  0.018 0.009 0.012 0.019 0.008 0.002 0.012 0.009 0.835 0.021 0.006 0.011 0.008 0.015 0.008 0.005 
 36 FSSP_WM248    (9)    4 :  0.012 0.004 0.016 0.019 0.008 0.002 0.014 0.003 0.870 0.021 0.003 0.005 0.003 0.008 0.007 0.006 
 37 FSSP_WM249    (6)    4 :  0.005 0.006 0.035 0.037 0.022 0.002 0.039 0.004 0.763 0.031 0.004 0.010 0.004 0.014 0.013 0.009 
 38 FSSP_WM250    (2)    4 :  0.007 0.031 0.049 0.084 0.030 0.002 0.057 0.019 0.341 0.067 0.018 0.021 0.018 0.028 0.217 0.010 
 39 HNL_WM301    (3)    5 :  0.004 0.002 0.005 0.014 0.010 0.907 0.009 0.002 0.006 0.011 0.002 0.006 0.003 0.008 0.005 0.007 
 40 HNL_WM302    (2)    5 :  0.003 0.003 0.003 0.009 0.004 0.939 0.006 0.002 0.003 0.006 0.002 0.004 0.002 0.005 0.004 0.005 
 41 HNL_WM303    (2)    5 :  0.005 0.003 0.005 0.015 0.008 0.898 0.010 0.002 0.004 0.015 0.003 0.005 0.002 0.010 0.008 0.007 
 42 HNL_WM304    (3)    5 :  0.008 0.004 0.006 0.026 0.014 0.822 0.025 0.002 0.006 0.022 0.003 0.009 0.003 0.017 0.011 0.020 
 43 HNL_WM305    (3)    5 :  0.004 0.004 0.004 0.010 0.004 0.926 0.007 0.006 0.004 0.007 0.002 0.004 0.005 0.005 0.005 0.005 
 44 HNL_WM306    (0)    5 :  0.004 0.004 0.003 0.008 0.005 0.924 0.010 0.003 0.004 0.007 0.002 0.004 0.004 0.006 0.005 0.009 
 45 HNL_WM307    (3)    5 :  0.004 0.002 0.004 0.011 0.010 0.908 0.010 0.002 0.004 0.012 0.002 0.007 0.002 0.006 0.006 0.007 
 46 HNL_WM308    (3)    5 :  0.004 0.002 0.004 0.012 0.010 0.893 0.010 0.003 0.005 0.017 0.003 0.006 0.002 0.007 0.006 0.015 
 47 HNL_WM309    (0)    5 :  0.006 0.007 0.008 0.023 0.010 0.839 0.014 0.009 0.007 0.022 0.004 0.007 0.008 0.012 0.008 0.016 
 48 HNL_WM310   (10)    5 :  0.005 0.002 0.005 0.017 0.015 0.873 0.015 0.002 0.006 0.017 0.003 0.006 0.002 0.012 0.008 0.012 
 49 MPO_WM482    (2)    6 :  0.004 0.003 0.004 0.017 0.897 0.004 0.015 0.002 0.004 0.022 0.002 0.005 0.001 0.009 0.005 0.006 
 50 MPO_WM483    (3)    6 :  0.007 0.005 0.006 0.244 0.292 0.003 0.198 0.005 0.013 0.128 0.003 0.018 0.004 0.040 0.020 0.013 
 51 MPO_WM484    (1)    6 :  0.005 0.002 0.006 0.130 0.559 0.002 0.112 0.002 0.012 0.108 0.003 0.011 0.002 0.024 0.013 0.008 
 52 MPO_WM485    (0)    6 :  0.004 0.007 0.004 0.093 0.695 0.002 0.106 0.007 0.007 0.023 0.004 0.014 0.007 0.014 0.008 0.005 
 53 MPO_WM486   (21)    6 :  0.007 0.004 0.009 0.258 0.035 0.002 0.248 0.002 0.019 0.244 0.004 0.020 0.002 0.098 0.032 0.015 
 54 MPO_WM487   (19)    6 :  0.008 0.003 0.008 0.120 0.472 0.003 0.137 0.003 0.017 0.117 0.004 0.016 0.003 0.049 0.024 0.017 
 55 MPO_WM488    (9)    6 :  0.004 0.002 0.006 0.286 0.064 0.002 0.236 0.002 0.007 0.296 0.003 0.011 0.002 0.053 0.014 0.012 
 56 MPO_WM489    (3)    6 :  0.005 0.009 0.019 0.017 0.784 0.002 0.015 0.004 0.007 0.020 0.006 0.072 0.003 0.016 0.012 0.009 
 57 MPO_WM490   (24)    6 :  0.008 0.003 0.008 0.302 0.064 0.003 0.207 0.002 0.008 0.261 0.006 0.013 0.002 0.061 0.039 0.013 
 58 MPO_WM491   (11)    6 :  0.005 0.002 0.008 0.300 0.034 0.002 0.224 0.002 0.007 0.289 0.003 0.016 0.002 0.050 0.046 0.010 
 59 OICP_WM541    (1)    7 :  0.003 0.001 0.004 0.022 0.009 0.002 0.014 0.002 0.005 0.014 0.003 0.007 0.002 0.900 0.008 0.005 
 60 OICP_WM542    (2)    7 :  0.004 0.002 0.003 0.022 0.008 0.002 0.015 0.002 0.006 0.016 0.003 0.012 0.001 0.889 0.008 0.007 
 61 OICP_WM543    (0)    7 :  0.003 0.002 0.003 0.019 0.010 0.002 0.021 0.001 0.004 0.015 0.003 0.010 0.001 0.894 0.006 0.004 
 62 OICP_WM544    (1)    7 :  0.008 0.028 0.009 0.076 0.036 0.002 0.052 0.011 0.021 0.074 0.008 0.218 0.011 0.419 0.017 0.012 
 63 OICP_WM545    (0)    7 :  0.004 0.002 0.005 0.028 0.014 0.002 0.026 0.002 0.006 0.031 0.003 0.012 0.002 0.848 0.010 0.006 
 64 OICP_WM546    (3)    7 :  0.005 0.002 0.005 0.141 0.015 0.002 0.129 0.001 0.005 0.071 0.002 0.045 0.002 0.546 0.023 0.006 
 65 OICP_WM547    (2)    7 :  0.006 0.002 0.005 0.111 0.019 0.002 0.138 0.002 0.008 0.094 0.003 0.049 0.002 0.523 0.031 0.006 
 66 OICP_WM548    (3)    7 :  0.004 0.002 0.005 0.016 0.008 0.002 0.015 0.001 0.005 0.014 0.002 0.015 0.001 0.894 0.008 0.006 
 67 OICP_WM549    (0)    7 :  0.004 0.001 0.003 0.011 0.006 0.002 0.007 0.002 0.003 0.010 0.002 0.016 0.001 0.923 0.004 0.004 
 68 OICP_WM550    (1)    7 :  0.003 0.002 0.003 0.017 0.008 0.001 0.017 0.001 0.005 0.014 0.003 0.005 0.002 0.905 0.008 0.004 
 69 IRO_WM601    (2)    8 :  0.056 0.032 0.094 0.084 0.020 0.002 0.109 0.006 0.030 0.039 0.006 0.361 0.007 0.107 0.040 0.007 
 70 IRO_WM602    (1)    8 :  0.007 0.010 0.010 0.114 0.018 0.003 0.155 0.006 0.009 0.073 0.006 0.080 0.006 0.389 0.105 0.008 
 71 IRO_WM603    (2)    8 :  0.373 0.046 0.234 0.045 0.021 0.002 0.063 0.017 0.016 0.034 0.005 0.076 0.019 0.015 0.022 0.010 
 72 IRO_WM604    (0)    8 :  0.011 0.082 0.006 0.018 0.007 0.003 0.019 0.079 0.005 0.015 0.008 0.009 0.082 0.008 0.642 0.005 
 73 IRO_WM605    (3)    8 :  0.005 0.019 0.027 0.016 0.010 0.002 0.012 0.002 0.006 0.014 0.015 0.211 0.002 0.009 0.645 0.005 
 74 IRO_WM606    (3)    8 :  0.009 0.006 0.008 0.031 0.046 0.002 0.035 0.004 0.019 0.025 0.027 0.013 0.005 0.024 0.741 0.006 
 75 IRO_WM607    (2)    8 :  0.007 0.018 0.065 0.173 0.025 0.002 0.101 0.010 0.099 0.085 0.018 0.026 0.010 0.047 0.306 0.008 
 76 IRO_WM608    (0)    8 :  0.026 0.078 0.083 0.127 0.017 0.002 0.165 0.047 0.018 0.034 0.012 0.108 0.045 0.184 0.045 0.008 
 77 IRO_WM609    (0)    8 :  0.033 0.056 0.031 0.135 0.024 0.002 0.153 0.057 0.011 0.105 0.011 0.024 0.052 0.069 0.222 0.014 
 78 IRO_WM610   (13)    8 :  0.062 0.015 0.007 0.084 0.236 0.002 0.082 0.010 0.231 0.096 0.045 0.020 0.012 0.026 0.055 0.015 
 79 HGRF_WM661    (5)    9 :  0.004 0.002 0.005 0.167 0.020 0.002 0.164 0.002 0.006 0.085 0.003 0.049 0.002 0.458 0.025 0.006 
 80 HGRF_WM662    (5)    9 :  0.005 0.001 0.005 0.321 0.025 0.002 0.225 0.002 0.008 0.290 0.003 0.012 0.002 0.065 0.018 0.014 
 81 HGRF_WM663    (4)    9 :  0.005 0.002 0.006 0.137 0.015 0.002 0.164 0.002 0.007 0.109 0.003 0.060 0.002 0.443 0.033 0.010 
 82 HGRF_WM664    (3)    9 :  0.004 0.002 0.005 0.298 0.036 0.002 0.241 0.001 0.009 0.226 0.003 0.023 0.002 0.117 0.021 0.009 
 83 HGRF_WM665    (1)    9 :  0.006 0.008 0.009 0.154 0.023 0.003 0.134 0.010 0.009 0.079 0.005 0.093 0.008 0.414 0.033 0.011 
 84 HGRF_WM666    (5)    9 :  0.004 0.002 0.005 0.330 0.032 0.002 0.270 0.002 0.007 0.254 0.003 0.012 0.002 0.047 0.017 0.014 
 85 HGRF_WM667    (0)    9 :  0.004 0.002 0.005 0.331 0.019 0.002 0.241 0.002 0.007 0.271 0.002 0.010 0.001 0.075 0.018 0.010 
 86 HGRF_WM668    (4)    9 :  0.005 0.003 0.006 0.132 0.027 0.002 0.159 0.002 0.006 0.115 0.003 0.078 0.002 0.430 0.023 0.008 
 87 HGRF_WM669    (5)    9 :  0.005 0.002 0.004 0.338 0.033 0.002 0.206 0.002 0.005 0.309 0.003 0.010 0.002 0.052 0.017 0.011 
 88 HGRF_WM670    (9)    9 :  0.005 0.003 0.007 0.293 0.030 0.002 0.221 0.002 0.007 0.232 0.003 0.036 0.002 0.119 0.028 0.010 
 89 PTP_WM721    (2)   10 :  0.007 0.008 0.009 0.297 0.067 0.003 0.179 0.009 0.019 0.254 0.006 0.022 0.010 0.061 0.024 0.025 
 90 PTP_WM722    (2)   10 :  0.007 0.010 0.008 0.104 0.052 0.003 0.059 0.010 0.009 0.604 0.005 0.011 0.009 0.091 0.010 0.009 
 91 PTP_WM723   (25)   10 :  0.005 0.002 0.006 0.278 0.040 0.003 0.200 0.002 0.007 0.299 0.004 0.016 0.002 0.081 0.041 0.015 
 92 PTP_WM724   (13)   10 :  0.005 0.003 0.008 0.303 0.050 0.003 0.263 0.002 0.008 0.256 0.004 0.014 0.002 0.049 0.013 0.016 
 93 PTP_WM725   (25)   10 :  0.007 0.003 0.008 0.316 0.054 0.003 0.194 0.002 0.023 0.265 0.003 0.020 0.002 0.053 0.022 0.025 
 94 PTP_WM726   (13)   10 :  0.006 0.004 0.006 0.349 0.038 0.002 0.229 0.002 0.008 0.245 0.004 0.018 0.002 0.056 0.023 0.010 
 95 PTP_WM727   (10)   10 :  0.005 0.002 0.005 0.302 0.035 0.003 0.248 0.002 0.005 0.267 0.003 0.013 0.002 0.041 0.053 0.014 
 96 PTP_WM728    (8)   10 :  0.004 0.002 0.006 0.319 0.037 0.002 0.258 0.002 0.008 0.241 0.003 0.009 0.001 0.078 0.018 0.012 
 97 PTP_WM729    (9)   10 :  0.004 0.003 0.005 0.099 0.052 0.002 0.045 0.002 0.006 0.674 0.003 0.008 0.002 0.081 0.008 0.005 
 98 PTP_WM730    (8)   10 :  0.004 0.002 0.003 0.087 0.055 0.002 0.041 0.002 0.010 0.688 0.002 0.006 0.002 0.081 0.009 0.006 
 99 RRL_WM782    (9)   11 :  0.006 0.002 0.006 0.278 0.042 0.002 0.279 0.002 0.009 0.249 0.003 0.016 0.002 0.060 0.028 0.015 
100 RRL_WM783    (8)   11 :  0.028 0.088 0.723 0.022 0.010 0.002 0.020 0.005 0.010 0.013 0.006 0.033 0.004 0.017 0.009 0.009 
101 RRL_WM784    (1)   11 :  0.064 0.017 0.715 0.032 0.017 0.002 0.023 0.005 0.006 0.036 0.010 0.006 0.003 0.017 0.037 0.009 
102 RRL_WM785    (1)   11 :  0.004 0.002 0.005 0.334 0.034 0.002 0.252 0.002 0.005 0.251 0.003 0.011 0.001 0.061 0.020 0.013 
103 RRL_WM786    (2)   11 :  0.006 0.116 0.706 0.012 0.008 0.002 0.016 0.004 0.015 0.012 0.030 0.009 0.003 0.008 0.049 0.004 
104 RRL_WM787    (3)   11 :  0.013 0.016 0.660 0.019 0.007 0.002 0.043 0.011 0.013 0.018 0.009 0.080 0.009 0.077 0.018 0.006 
105 RRL_WM788    (0)   11 :  0.013 0.072 0.692 0.007 0.005 0.002 0.027 0.064 0.010 0.009 0.004 0.006 0.073 0.006 0.005 0.005 
106 RRL_WM789    (2)   11 :  0.034 0.013 0.854 0.008 0.006 0.002 0.008 0.005 0.005 0.008 0.006 0.028 0.004 0.006 0.009 0.005 
107 RRL_WM790    (0)   11 :  0.009 0.086 0.387 0.030 0.009 0.002 0.024 0.082 0.010 0.029 0.014 0.008 0.084 0.020 0.201 0.005 
108 RRL_WM791    (0)   11 :  0.006 0.012 0.602 0.068 0.021 0.002 0.036 0.010 0.046 0.038 0.003 0.068 0.008 0.039 0.026 0.014 
109 RRO_WM842    (0)   12 :  0.007 0.025 0.729 0.026 0.014 0.002 0.020 0.006 0.023 0.021 0.015 0.016 0.005 0.015 0.071 0.006 
110 RRO_WM843    (7)   12 :  0.428 0.069 0.350 0.014 0.009 0.002 0.016 0.006 0.006 0.018 0.005 0.011 0.008 0.011 0.038 0.009 
111 RRO_WM844    (2)   12 :  0.394 0.003 0.042 0.043 0.016 0.001 0.034 0.003 0.010 0.047 0.005 0.015 0.003 0.027 0.346 0.012 
112 RRO_WM845    (4)   12 :  0.116 0.003 0.799 0.014 0.007 0.002 0.009 0.002 0.004 0.010 0.003 0.006 0.002 0.009 0.007 0.006 
113 RRO_WM846   (10)   12 :  0.031 0.007 0.711 0.044 0.026 0.002 0.042 0.003 0.016 0.047 0.005 0.020 0.004 0.019 0.014 0.010 
114 RRO_WM847    (6)   12 :  0.164 0.008 0.458 0.035 0.016 0.002 0.030 0.004 0.010 0.034 0.011 0.043 0.005 0.016 0.154 0.009 
115 RRO_WM848    (4)   12 :  0.033 0.010 0.380 0.111 0.045 0.003 0.107 0.008 0.047 0.105 0.005 0.062 0.008 0.042 0.019 0.017 
116 RRO_WM849    (5)   12 :  0.026 0.005 0.387 0.027 0.013 0.002 0.019 0.003 0.006 0.025 0.003 0.446 0.003 0.017 0.010 0.007 
117 RRO_WM850    (2)   12 :  0.006 0.004 0.814 0.035 0.013 0.002 0.025 0.002 0.007 0.022 0.004 0.013 0.004 0.025 0.014 0.007 
118 RRO_WM851    (1)   12 :  0.132 0.006 0.368 0.158 0.036 0.002 0.097 0.005 0.007 0.088 0.004 0.023 0.004 0.033 0.026 0.009 
119 CPS_WM901    (2)   13 :  0.876 0.005 0.018 0.015 0.010 0.002 0.013 0.003 0.004 0.009 0.005 0.006 0.002 0.007 0.019 0.006 
120 CPS_WM902    (2)   13 :  0.844 0.002 0.007 0.009 0.007 0.002 0.007 0.002 0.005 0.008 0.010 0.034 0.003 0.047 0.005 0.005 
121 CPS_WM903    (5)   13 :  0.915 0.004 0.010 0.010 0.005 0.002 0.010 0.002 0.004 0.009 0.008 0.004 0.002 0.006 0.006 0.003 
122 CPS_WM904    (1)   13 :  0.836 0.016 0.010 0.014 0.008 0.002 0.016 0.021 0.006 0.014 0.014 0.007 0.019 0.007 0.005 0.005 
123 CPS_WM905    (2)   13 :  0.804 0.031 0.006 0.007 0.011 0.002 0.013 0.038 0.022 0.013 0.006 0.008 0.021 0.006 0.005 0.005 
124 CPS_WM906    (3)   13 :  0.893 0.003 0.006 0.013 0.008 0.002 0.014 0.002 0.006 0.014 0.003 0.008 0.001 0.009 0.010 0.006 
125 CPS_WM907    (6)   13 :  0.772 0.003 0.007 0.041 0.023 0.002 0.041 0.002 0.009 0.032 0.003 0.015 0.002 0.025 0.013 0.011 
126 CPS_WM908    (3)   13 :  0.753 0.005 0.011 0.048 0.026 0.002 0.041 0.005 0.011 0.035 0.008 0.010 0.006 0.016 0.015 0.009 
127 CPS_WM909    (2)   13 :  0.808 0.003 0.008 0.047 0.013 0.002 0.019 0.002 0.006 0.039 0.006 0.010 0.002 0.015 0.011 0.008 
128 CPS_WM910    (1)   13 :  0.872 0.009 0.006 0.011 0.008 0.003 0.014 0.010 0.007 0.015 0.003 0.006 0.010 0.011 0.007 0.007 
129 PPNP_WM962    (1)   14 :  0.003 0.004 0.004 0.005 0.005 0.005 0.009 0.004 0.003 0.009 0.002 0.004 0.003 0.004 0.004 0.931 
130 PPNP_WM963    (0)   14 :  0.007 0.007 0.005 0.042 0.016 0.012 0.044 0.007 0.007 0.037 0.004 0.011 0.006 0.024 0.011 0.759 
131 PPNP_WM964    (0)   14 :  0.006 0.011 0.004 0.012 0.011 0.052 0.012 0.015 0.004 0.011 0.004 0.004 0.010 0.008 0.009 0.827 
132 PPNP_WM965    (4)   14 :  0.005 0.002 0.004 0.016 0.012 0.002 0.026 0.002 0.005 0.027 0.003 0.007 0.002 0.018 0.009 0.859 
133 PPNP_WM966    (4)   14 :  0.004 0.002 0.003 0.012 0.008 0.002 0.008 0.001 0.004 0.007 0.003 0.005 0.001 0.009 0.004 0.926 
134 PPNP_WM967    (4)   14 :  0.006 0.003 0.008 0.041 0.015 0.002 0.037 0.003 0.006 0.044 0.004 0.009 0.002 0.023 0.016 0.781 
135 PPNP_WM968    (5)   14 :  0.007 0.008 0.008 0.218 0.071 0.013 0.239 0.006 0.017 0.221 0.005 0.018 0.006 0.060 0.022 0.082 
136 PPNP_WM969    (2)   14 :  0.007 0.002 0.004 0.038 0.019 0.002 0.033 0.002 0.008 0.033 0.003 0.008 0.002 0.027 0.016 0.795 
137 PPNP_WM970    (2)   14 :  0.007 0.003 0.007 0.082 0.025 0.003 0.061 0.003 0.008 0.046 0.003 0.010 0.003 0.025 0.012 0.702 
138 PPNP_WM971    (2)   14 :  0.006 0.003 0.006 0.054 0.013 0.003 0.045 0.002 0.008 0.044 0.002 0.007 0.002 0.024 0.010 0.771 
139 FPPI_WM1021    (4)   15 :  0.007 0.007 0.004 0.033 0.018 0.002 0.022 0.010 0.006 0.023 0.005 0.013 0.007 0.013 0.013 0.819 
140 FPPI_WM1022    (4)   15 :  0.006 0.004 0.005 0.046 0.224 0.016 0.028 0.005 0.007 0.050 0.003 0.009 0.005 0.021 0.013 0.559 
141 FPPI_WM1023    (1)   15 :  0.007 0.002 0.006 0.035 0.011 0.005 0.021 0.002 0.006 0.028 0.004 0.008 0.002 0.012 0.012 0.839 
142 FPPI_WM1024    (5)   15 :  0.006 0.002 0.006 0.056 0.015 0.002 0.032 0.002 0.006 0.056 0.003 0.011 0.002 0.028 0.015 0.756 
143 FPPI_WM1025    (6)   15 :  0.006 0.003 0.006 0.040 0.016 0.003 0.043 0.002 0.008 0.030 0.003 0.015 0.002 0.038 0.014 0.773 
144 FPPI_WM1026    (1)   15 :  0.004 0.002 0.003 0.012 0.005 0.003 0.008 0.003 0.004 0.011 0.003 0.005 0.002 0.006 0.005 0.923 
145 FPPI_WM1027    (3)   15 :  0.004 0.002 0.003 0.009 0.005 0.002 0.009 0.002 0.004 0.007 0.002 0.005 0.002 0.006 0.005 0.934 
146 FPPI_WM1028    (2)   15 :  0.004 0.003 0.005 0.019 0.011 0.005 0.020 0.002 0.005 0.016 0.002 0.009 0.002 0.012 0.008 0.878 
147 FPPI_WM1029    (3)   15 :  0.006 0.003 0.007 0.150 0.029 0.020 0.078 0.002 0.008 0.086 0.004 0.016 0.002 0.038 0.018 0.534 
148 FPPI_WM1030    (1)   15 :  0.006 0.010 0.008 0.010 0.007 0.003 0.009 0.018 0.007 0.014 0.004 0.005 0.015 0.007 0.008 0.871 
149 CRWA_WM1082    (2)   16 :  0.003 0.002 0.004 0.013 0.007 0.002 0.007 0.002 0.928 0.008 0.002 0.004 0.002 0.005 0.005 0.005 
150 CRWA_WM1084    (5)   16 :  0.005 0.004 0.006 0.168 0.012 0.003 0.140 0.002 0.395 0.041 0.005 0.044 0.002 0.139 0.026 0.008 
151 CRWA_WM1085    (2)   16 :  0.005 0.003 0.009 0.170 0.022 0.002 0.143 0.002 0.488 0.068 0.009 0.022 0.002 0.033 0.014 0.008 
152 CRWA_WM1086    (9)   16 :  0.008 0.015 0.046 0.250 0.122 0.002 0.219 0.005 0.128 0.097 0.004 0.026 0.006 0.041 0.020 0.012 
153 CRWA_WM1087    (0)   16 :  0.022 0.053 0.007 0.050 0.023 0.002 0.074 0.064 0.517 0.057 0.008 0.009 0.060 0.030 0.017 0.008 
154 CRWA_WM1088    (1)   16 :  0.008 0.014 0.008 0.219 0.065 0.002 0.206 0.023 0.068 0.060 0.020 0.074 0.017 0.180 0.026 0.008 
155 CRWA_WM1089    (3)   16 :  0.005 0.003 0.006 0.093 0.039 0.002 0.064 0.002 0.625 0.083 0.005 0.023 0.002 0.026 0.014 0.007 
156 CRWA_WM1090    (0)   16 :  0.007 0.007 0.022 0.123 0.044 0.003 0.100 0.006 0.194 0.093 0.063 0.017 0.008 0.028 0.272 0.013 
157 CRWA_WM1092    (1)   16 :  0.006 0.057 0.008 0.054 0.018 0.002 0.056 0.071 0.546 0.056 0.009 0.022 0.051 0.024 0.011 0.008 
158 CRWA_WM1093    (1)   16 :  0.006 0.030 0.008 0.029 0.015 0.002 0.046 0.033 0.598 0.041 0.005 0.048 0.030 0.083 0.019 0.006 
159 PCRA_WM1141    (3)   17 :  0.006 0.004 0.011 0.043 0.017 0.002 0.036 0.003 0.049 0.044 0.525 0.013 0.003 0.023 0.212 0.008 
160 PCRA_WM1142    (3)   17 :  0.006 0.003 0.006 0.085 0.021 0.002 0.066 0.002 0.010 0.076 0.642 0.013 0.002 0.027 0.028 0.010 
161 PCRA_WM1143    (1)   17 :  0.007 0.013 0.014 0.085 0.033 0.003 0.116 0.002 0.013 0.084 0.440 0.018 0.002 0.034 0.121 0.014 
162 PCRA_WM1144    (2)   17 :  0.035 0.006 0.366 0.050 0.014 0.002 0.041 0.002 0.009 0.051 0.016 0.363 0.002 0.023 0.011 0.008 
163 PCRA_WM1145    (4)   17 :  0.030 0.010 0.013 0.133 0.027 0.002 0.105 0.007 0.018 0.143 0.329 0.011 0.007 0.070 0.076 0.018 
164 PCRA_WM1146    (2)   17 :  0.010 0.010 0.007 0.010 0.011 0.002 0.017 0.009 0.071 0.010 0.754 0.058 0.010 0.007 0.011 0.004 
165 PCRA_WM1147    (1)   17 :  0.005 0.004 0.007 0.231 0.029 0.003 0.203 0.003 0.044 0.103 0.144 0.020 0.003 0.059 0.132 0.013 
166 PCRA_WM1148    (0)   17 :  0.004 0.011 0.006 0.010 0.009 0.002 0.008 0.012 0.005 0.009 0.862 0.015 0.014 0.005 0.021 0.005 
167 PCRA_WM1149    (1)   17 :  0.108 0.014 0.019 0.015 0.011 0.002 0.009 0.014 0.009 0.009 0.705 0.042 0.011 0.020 0.005 0.005 
168 PCRA_WM1150    (0)   17 :  0.007 0.014 0.014 0.015 0.006 0.006 0.017 0.018 0.007 0.011 0.795 0.038 0.015 0.019 0.013 0.004 
169 DHFA_WM1202    (3)   18 :  0.008 0.003 0.008 0.063 0.028 0.711 0.038 0.002 0.011 0.051 0.004 0.009 0.003 0.029 0.016 0.016 
170 DHFA_WM1203    (1)   18 :  0.007 0.003 0.008 0.060 0.016 0.711 0.045 0.003 0.008 0.058 0.004 0.014 0.002 0.027 0.016 0.019 
171 DHFA_WM1204    (2)   18 :  0.006 0.003 0.006 0.054 0.025 0.747 0.036 0.003 0.009 0.044 0.003 0.011 0.002 0.024 0.016 0.010 
172 DHFA_WM1205    (5)   18 :  0.005 0.002 0.004 0.008 0.006 0.925 0.008 0.003 0.004 0.010 0.003 0.005 0.002 0.006 0.004 0.005 
173 DHFA_WM1206    (4)   18 :  0.004 0.003 0.005 0.014 0.009 0.895 0.016 0.003 0.007 0.012 0.002 0.006 0.002 0.011 0.006 0.005 
174 DHFA_WM1207    (2)   18 :  0.004 0.002 0.003 0.005 0.004 0.945 0.005 0.002 0.003 0.005 0.002 0.004 0.002 0.005 0.004 0.004 
175 DHFA_WM1208    (3)   18 :  0.005 0.002 0.004 0.010 0.010 0.909 0.009 0.003 0.004 0.013 0.004 0.006 0.002 0.007 0.006 0.006 
176 DHFA_WM1209    (1)   18 :  0.004 0.009 0.003 0.006 0.006 0.913 0.007 0.011 0.004 0.008 0.002 0.004 0.007 0.005 0.006 0.004 
177 DHFA_WM1210    (0)   18 :  0.002 0.005 0.002 0.003 0.003 0.952 0.002 0.006 0.003 0.004 0.002 0.003 0.005 0.003 0.003 0.002 
178 DHFA_WM1211    (2)   18 :  0.007 0.005 0.006 0.047 0.014 0.760 0.041 0.003 0.009 0.038 0.003 0.009 0.003 0.028 0.016 0.011 


Estimated Allele Frequencies in each cluster
First column gives estimated ancestral frequencies


Locus 1 : 953_21 
2 alleles
4.5% missing data
 120   (0.957) 0.998 0.966 0.998 1.000 0.999 0.997 0.996 0.957 0.998 0.997 0.995 0.999 0.957 1.000 1.000 0.900 
 100   (0.043) 0.002 0.034 0.002 0.000 0.001 0.003 0.004 0.043 0.002 0.003 0.005 0.001 0.043 0.000 0.000 0.100 

Locus 2 : 2370_26 
2 alleles
6.2% missing data
 110   (0.960) 0.998 0.968 0.998 1.000 0.999 0.997 0.996 0.960 0.999 0.997 0.996 0.999 0.960 1.000 0.999 0.791 
 130   (0.040) 0.002 0.032 0.002 0.000 0.001 0.003 0.004 0.040 0.001 0.003 0.004 0.001 0.040 0.000 0.001 0.209 

Locus 3 : 2692_87 
2 alleles
1.7% missing data
 130   (0.954) 0.997 0.966 0.998 1.000 0.999 0.766 0.995 0.954 0.998 0.996 0.995 0.999 0.955 1.000 0.999 0.999 
 120   (0.046) 0.003 0.034 0.002 0.000 0.001 0.234 0.005 0.046 0.002 0.004 0.005 0.001 0.045 0.000 0.001 0.001 

Locus 4 : 2828_58 
2 alleles
6.7% missing data
 100   (0.927) 0.995 0.930 0.993 0.993 0.998 0.995 0.971 0.927 0.997 0.993 0.828 0.991 0.928 0.992 0.998 0.998 
 120   (0.073) 0.005 0.070 0.007 0.007 0.002 0.005 0.029 0.073 0.003 0.007 0.172 0.009 0.072 0.008 0.002 0.002 

Locus 5 : 6398_73 
2 alleles
6.2% missing data
 130   (0.916) 0.995 0.934 0.996 1.000 0.998 0.644 0.992 0.916 0.997 0.994 0.991 0.998 0.917 0.999 0.999 0.795 
 100   (0.084) 0.005 0.066 0.004 0.000 0.002 0.356 0.008 0.084 0.003 0.006 0.009 0.002 0.083 0.001 0.001 0.205 

Locus 6 : 7469_71 
2 alleles
5.1% missing data
 130   (0.965) 0.997 0.967 0.997 0.999 0.998 0.997 0.994 0.965 0.998 0.988 0.994 0.998 0.965 0.999 0.999 0.998 
 110   (0.035) 0.003 0.033 0.003 0.001 0.002 0.003 0.006 0.035 0.002 0.012 0.006 0.002 0.035 0.001 0.001 0.002 

Locus 7 : 7615_47 
2 alleles
5.1% missing data
 130   (0.960) 0.997 0.962 0.997 0.997 0.997 0.996 0.991 0.960 0.997 0.994 0.993 0.998 0.960 0.999 0.999 0.998 
 100   (0.040) 0.003 0.038 0.003 0.003 0.003 0.004 0.009 0.040 0.003 0.006 0.007 0.002 0.040 0.001 0.001 0.002 

Locus 8 : 8211_10 
2 alleles
2.8% missing data
 120   (0.957) 0.998 0.966 0.998 1.000 0.999 0.936 0.996 0.957 0.999 0.997 0.995 0.999 0.958 1.000 0.999 0.999 
 100   (0.043) 0.002 0.034 0.002 0.000 0.001 0.064 0.004 0.043 0.001 0.003 0.005 0.001 0.042 0.000 0.001 0.001 

Locus 9 : 8394_14 
2 alleles
2.2% missing data
 110   (0.957) 0.998 0.966 0.998 1.000 0.999 0.997 0.995 0.957 0.998 0.997 0.995 0.999 0.957 1.000 1.000 0.864 
 130   (0.043) 0.002 0.034 0.002 0.000 0.001 0.003 0.005 0.043 0.002 0.003 0.005 0.001 0.043 0.000 0.000 0.136 

Locus 10 : 9621_63 
2 alleles
3.9% missing data
 130   (0.958) 0.998 0.967 0.998 1.000 0.999 0.940 0.996 0.958 0.999 0.997 0.995 0.999 0.958 1.000 0.999 0.999 
 110   (0.042) 0.002 0.033 0.002 0.000 0.001 0.060 0.004 0.042 0.001 0.003 0.005 0.001 0.042 0.000 0.001 0.001 

Locus 11 : 9880_35 
2 alleles
4.5% missing data
 120   (0.952) 0.997 0.963 0.997 1.000 0.999 0.708 0.995 0.952 0.998 0.996 0.995 0.999 0.952 1.000 0.999 0.999 
 100   (0.048) 0.003 0.037 0.003 0.000 0.001 0.292 0.005 0.048 0.002 0.004 0.005 0.001 0.048 0.000 0.001 0.001 

Locus 12 : 11163_16 
2 alleles
7.9% missing data
 130   (0.956) 0.997 0.964 0.998 1.000 0.999 0.915 0.996 0.956 0.998 0.997 0.995 0.999 0.956 1.000 0.999 0.999 
 110   (0.044) 0.003 0.036 0.002 0.000 0.001 0.085 0.004 0.044 0.002 0.003 0.005 0.001 0.044 0.000 0.001 0.001 

Locus 13 : 11991_31 
2 alleles
4.5% missing data
 120   (0.935) 0.995 0.926 0.971 0.993 0.999 0.995 0.964 0.935 0.993 0.994 0.989 0.995 0.935 0.999 0.993 0.998 
 100   (0.065) 0.005 0.074 0.029 0.007 0.001 0.005 0.036 0.065 0.007 0.006 0.011 0.005 0.065 0.001 0.007 0.002 

Locus 14 : 12766_17 
2 alleles
2.2% missing data
 120   (0.962) 0.995 0.967 0.998 1.000 0.999 0.997 0.996 0.962 0.999 0.997 0.936 0.999 0.962 1.000 1.000 0.999 
 100   (0.038) 0.005 0.033 0.002 0.000 0.001 0.003 0.004 0.038 0.001 0.003 0.064 0.001 0.038 0.000 0.000 0.001 

Locus 15 : 13496_14 
2 alleles
5.1% missing data
 110   (0.957) 0.716 0.966 0.998 1.000 0.999 0.997 0.996 0.957 0.998 0.997 0.995 0.999 0.957 1.000 0.999 0.999 
 100   (0.043) 0.284 0.034 0.002 0.000 0.001 0.003 0.004 0.043 0.002 0.003 0.005 0.001 0.043 0.000 0.001 0.001 

Locus 16 : 14394_41 
2 alleles
2.2% missing data
 130   (0.959) 0.998 0.966 0.998 1.000 0.999 0.997 0.996 0.959 0.999 0.998 0.933 0.999 0.959 1.000 0.999 0.999 
 110   (0.041) 0.002 0.034 0.002 0.000 0.001 0.003 0.004 0.041 0.001 0.002 0.067 0.001 0.041 0.000 0.001 0.001 

Locus 17 : 16285_24 
2 alleles
6.2% missing data
 130   (0.952) 0.997 0.961 0.997 1.000 0.999 0.875 0.996 0.952 0.998 0.997 0.995 0.999 0.952 1.000 0.999 0.999 
 100   (0.048) 0.003 0.039 0.003 0.000 0.001 0.125 0.004 0.048 0.002 0.003 0.005 0.001 0.048 0.000 0.001 0.001 

Locus 18 : 18821_69 
2 alleles
7.3% missing data
 120   (0.954) 0.997 0.964 0.997 0.998 0.727 0.997 0.993 0.954 0.998 0.996 0.995 0.999 0.955 1.000 0.999 0.999 
 110   (0.046) 0.003 0.036 0.003 0.002 0.273 0.003 0.007 0.046 0.002 0.004 0.005 0.001 0.045 0.000 0.001 0.001 

Locus 19 : 19006_32 
2 alleles
6.7% missing data
 120   (0.916) 0.995 0.931 0.995 1.000 0.998 0.662 0.994 0.916 0.997 0.996 0.991 0.998 0.917 0.999 0.999 0.796 
 110   (0.084) 0.005 0.069 0.005 0.000 0.002 0.338 0.006 0.084 0.003 0.004 0.009 0.002 0.083 0.001 0.001 0.204 

Locus 20 : 19602_58 
2 alleles
4.5% missing data
 120   (0.955) 0.997 0.962 0.997 1.000 0.999 0.974 0.996 0.955 0.998 0.997 0.995 0.999 0.955 1.000 0.999 0.999 
 100   (0.045) 0.003 0.038 0.003 0.000 0.001 0.026 0.004 0.045 0.002 0.003 0.005 0.001 0.045 0.000 0.001 0.001 

Locus 21 : 20143_24 
2 alleles
3.4% missing data
 120   (0.959) 0.975 0.963 0.998 1.000 0.999 0.997 0.993 0.959 0.998 0.995 0.995 0.999 0.960 1.000 1.000 0.999 
 100   (0.041) 0.025 0.037 0.002 0.000 0.001 0.003 0.007 0.041 0.002 0.005 0.005 0.001 0.040 0.000 0.000 0.001 

Locus 22 : 21661_29 
2 alleles
2.2% missing data
 120   (0.957) 0.998 0.966 0.998 1.000 0.999 0.893 0.996 0.957 0.999 0.998 0.996 0.999 0.958 1.000 0.999 0.999 
 100   (0.043) 0.002 0.034 0.002 0.000 0.001 0.107 0.004 0.043 0.001 0.002 0.004 0.001 0.042 0.000 0.001 0.001 

Locus 23 : 22603_12 
2 alleles
5.1% missing data
 130   (0.959) 0.998 0.968 0.998 1.000 0.999 0.945 0.996 0.959 0.998 0.997 0.996 0.999 0.959 1.000 1.000 0.999 
 110   (0.041) 0.002 0.032 0.002 0.000 0.001 0.055 0.004 0.041 0.002 0.003 0.004 0.001 0.041 0.000 0.000 0.001 

Locus 24 : 25109_23 
2 alleles
1.7% missing data
 120   (0.934) 0.995 0.945 0.995 0.999 0.998 0.995 0.994 0.934 0.828 0.994 0.943 0.997 0.934 0.999 0.992 0.998 
 100   (0.066) 0.005 0.055 0.005 0.001 0.002 0.005 0.006 0.066 0.172 0.006 0.057 0.003 0.066 0.001 0.008 0.002 

Locus 25 : 25511_77 
2 alleles
5.1% missing data
 130   (0.958) 0.998 0.967 0.998 1.000 0.999 0.997 0.995 0.958 0.998 0.996 0.995 0.999 0.958 1.000 0.999 0.940 
 110   (0.042) 0.002 0.033 0.002 0.000 0.001 0.003 0.005 0.042 0.002 0.004 0.005 0.001 0.042 0.000 0.001 0.060 

Locus 26 : 26816_9 
2 alleles
5.6% missing data
 110   (0.875) 0.978 0.815 0.799 0.985 0.996 0.991 0.929 0.875 0.683 0.990 0.984 0.982 0.874 0.998 0.980 0.997 
 130   (0.125) 0.022 0.185 0.201 0.015 0.004 0.009 0.071 0.125 0.317 0.010 0.016 0.018 0.126 0.002 0.020 0.003 

Locus 27 : 29455_86 
2 alleles
5.6% missing data
 120   (0.960) 0.997 0.958 0.998 1.000 0.999 0.997 0.993 0.960 0.999 0.998 0.992 0.999 0.959 1.000 0.996 0.999 
 110   (0.040) 0.003 0.042 0.002 0.000 0.001 0.003 0.007 0.040 0.001 0.002 0.008 0.001 0.041 0.000 0.004 0.001 

Locus 28 : 30970_30 
2 alleles
6.7% missing data
 120   (0.958) 0.967 0.964 0.997 1.000 0.999 0.997 0.995 0.958 0.998 0.997 0.994 0.999 0.958 1.000 0.999 0.999 
 110   (0.042) 0.033 0.036 0.003 0.000 0.001 0.003 0.005 0.042 0.002 0.003 0.006 0.001 0.042 0.000 0.001 0.001 

Locus 29 : 33052_5 
2 alleles
1.1% missing data
 130   (0.956) 0.997 0.963 0.997 1.000 0.975 0.997 0.994 0.956 0.993 0.996 0.994 0.999 0.956 1.000 0.999 0.999 
 110   (0.044) 0.003 0.037 0.003 0.000 0.025 0.003 0.006 0.044 0.007 0.004 0.006 0.001 0.044 0.000 0.001 0.001 

Locus 30 : 33744_32 
2 alleles
2.8% missing data
 130   (0.958) 0.998 0.966 0.998 1.000 0.884 0.997 0.996 0.958 0.999 0.996 0.996 0.999 0.958 1.000 0.999 0.999 
 110   (0.042) 0.002 0.034 0.002 0.000 0.116 0.003 0.004 0.042 0.001 0.004 0.004 0.001 0.042 0.000 0.001 0.001 

Locus 31 : 34805_8 
2 alleles
4.5% missing data
 110   (0.941) 0.997 0.945 0.997 1.000 0.999 0.996 0.993 0.941 0.998 0.996 0.748 0.998 0.941 1.000 0.995 0.998 
 120   (0.059) 0.003 0.055 0.003 0.000 0.001 0.004 0.007 0.059 0.002 0.004 0.252 0.002 0.059 0.000 0.005 0.002 

Locus 32 : 35345_10 
2 alleles
5.1% missing data
 130   (0.955) 0.997 0.961 0.997 0.992 0.953 0.997 0.985 0.955 0.998 0.995 0.994 0.998 0.955 0.999 0.999 0.999 
 110   (0.045) 0.003 0.039 0.003 0.008 0.047 0.003 0.015 0.045 0.002 0.005 0.006 0.002 0.045 0.001 0.001 0.001 

Locus 33 : 35769_30 
2 alleles
6.2% missing data
 110   (0.938) 0.967 0.947 0.996 1.000 0.999 0.996 0.992 0.938 0.996 0.996 0.928 0.997 0.938 1.000 0.999 0.998 
 100   (0.062) 0.033 0.053 0.004 0.000 0.001 0.004 0.008 0.062 0.004 0.004 0.072 0.003 0.062 0.000 0.001 0.002 

Locus 34 : 35965_89 
2 alleles
3.4% missing data
 130   (0.955) 0.997 0.960 0.997 1.000 0.999 0.997 0.994 0.955 0.982 0.995 0.995 0.998 0.955 0.999 0.999 0.999 
 100   (0.045) 0.003 0.040 0.003 0.000 0.001 0.003 0.006 0.045 0.018 0.005 0.005 0.002 0.045 0.001 0.001 0.001 

Locus 35 : 39654_13 
2 alleles
5.6% missing data
 120   (0.957) 0.997 0.959 0.986 1.000 0.999 0.997 0.989 0.957 0.998 0.996 0.996 0.999 0.957 1.000 0.999 0.999 
 100   (0.043) 0.003 0.041 0.014 0.000 0.001 0.003 0.011 0.043 0.002 0.004 0.004 0.001 0.043 0.000 0.001 0.001 

Locus 36 : 39700_65 
2 alleles
3.4% missing data
 110   (0.963) 0.997 0.962 0.997 1.000 0.999 0.997 0.995 0.963 0.999 0.996 0.995 0.999 0.963 1.000 0.998 0.999 
 120   (0.037) 0.003 0.038 0.003 0.000 0.001 0.003 0.005 0.037 0.001 0.004 0.005 0.001 0.037 0.000 0.002 0.001 

Locus 37 : 40824_7 
2 alleles
5.1% missing data
 130   (0.956) 0.997 0.965 0.919 1.000 0.999 0.997 0.995 0.956 0.998 0.997 0.994 0.999 0.957 1.000 0.999 0.999 
 110   (0.044) 0.003 0.035 0.081 0.000 0.001 0.003 0.005 0.044 0.002 0.003 0.006 0.001 0.043 0.000 0.001 0.001 

Locus 38 : 41554_43 
2 alleles
7.3% missing data
 120   (0.957) 0.962 0.966 0.997 1.000 0.999 0.997 0.995 0.957 0.998 0.996 0.994 0.999 0.958 1.000 0.999 0.999 
 100   (0.043) 0.038 0.034 0.003 0.000 0.001 0.003 0.005 0.043 0.002 0.004 0.006 0.001 0.042 0.000 0.001 0.001 

Locus 39 : 42501_5 
2 alleles
5.6% missing data
 120   (0.953) 0.997 0.963 0.997 1.000 0.999 0.918 0.995 0.953 0.998 0.996 0.995 0.999 0.953 1.000 0.999 0.999 
 110   (0.047) 0.003 0.037 0.003 0.000 0.001 0.082 0.005 0.047 0.002 0.004 0.005 0.001 0.047 0.000 0.001 0.001 

Locus 40 : 42989_15 
2 alleles
3.4% missing data
 130   (0.959) 0.997 0.966 0.915 0.999 0.999 0.997 0.996 0.959 0.998 0.997 0.995 0.998 0.959 1.000 0.999 0.999 
 110   (0.041) 0.003 0.034 0.085 0.001 0.001 0.003 0.004 0.041 0.002 0.003 0.005 0.002 0.041 0.000 0.001 0.001 

Locus 41 : 44631_16 
2 alleles
5.6% missing data
 120   (0.958) 0.863 0.966 0.998 1.000 0.999 0.997 0.996 0.958 0.998 0.997 0.995 0.999 0.958 1.000 0.999 0.999 
 110   (0.042) 0.137 0.034 0.002 0.000 0.001 0.003 0.004 0.042 0.002 0.003 0.005 0.001 0.042 0.000 0.001 0.001 

Locus 42 : 45332_74 
2 alleles
3.4% missing data
 130   (0.884) 0.992 0.844 0.793 0.998 0.985 0.992 0.985 0.884 0.995 0.992 0.847 0.596 0.885 0.998 0.973 0.997 
 110   (0.116) 0.008 0.156 0.207 0.002 0.015 0.008 0.015 0.116 0.005 0.008 0.153 0.404 0.115 0.002 0.027 0.003 

Locus 43 : 45964_12 
2 alleles
2.2% missing data
 100   (0.958) 0.997 0.966 0.997 1.000 0.999 0.995 0.994 0.958 0.998 0.996 0.995 0.999 0.959 1.000 0.999 0.982 
 130   (0.042) 0.003 0.034 0.003 0.000 0.001 0.005 0.006 0.042 0.002 0.004 0.005 0.001 0.041 0.000 0.001 0.018 

Locus 44 : 47772_18 
2 alleles
1.7% missing data
 120   (0.952) 0.997 0.963 0.997 1.000 0.999 0.815 0.995 0.952 0.998 0.996 0.995 0.999 0.953 1.000 0.999 0.999 
 100   (0.048) 0.003 0.037 0.003 0.000 0.001 0.185 0.005 0.048 0.002 0.004 0.005 0.001 0.047 0.000 0.001 0.001 

Locus 45 : 48505_7 
2 alleles
2.8% missing data
 130   (0.957) 0.997 0.961 0.998 1.000 0.999 0.997 0.993 0.957 0.998 0.995 0.995 0.988 0.956 0.999 0.999 0.999 
 110   (0.043) 0.003 0.039 0.002 0.000 0.001 0.003 0.007 0.043 0.002 0.005 0.005 0.012 0.044 0.001 0.001 0.001 

Locus 46 : 49838_13 
2 alleles
5.1% missing data
 120   (0.959) 0.998 0.968 0.998 1.000 0.999 0.997 0.996 0.959 0.998 0.997 0.996 0.864 0.960 1.000 0.999 0.999 
 100   (0.041) 0.002 0.032 0.002 0.000 0.001 0.003 0.004 0.041 0.002 0.003 0.004 0.136 0.040 0.000 0.001 0.001 

Locus 47 : 50793_47 
2 alleles
6.2% missing data
 120   (0.941) 0.982 0.951 0.860 0.999 0.999 0.996 0.994 0.941 0.998 0.996 0.993 0.997 0.942 1.000 0.998 0.998 
 100   (0.059) 0.018 0.049 0.140 0.001 0.001 0.004 0.006 0.059 0.002 0.004 0.007 0.003 0.058 0.000 0.002 0.002 

Locus 48 : 51471_5 
2 alleles
2.2% missing data
 110   (0.957) 0.998 0.967 0.998 1.000 0.999 0.997 0.995 0.957 0.998 0.996 0.995 0.999 0.958 1.000 0.999 0.942 
 120   (0.043) 0.002 0.033 0.002 0.000 0.001 0.003 0.005 0.043 0.002 0.004 0.005 0.001 0.042 0.000 0.001 0.058 

Locus 49 : 52408_45 
2 alleles
2.2% missing data
 130   (0.959) 0.829 0.968 0.998 1.000 0.999 0.997 0.996 0.959 0.999 0.998 0.996 0.999 0.959 1.000 1.000 0.999 
 110   (0.041) 0.171 0.032 0.002 0.000 0.001 0.003 0.004 0.041 0.001 0.002 0.004 0.001 0.041 0.000 0.000 0.001 

Locus 50 : 53046_18 
2 alleles
0.6% missing data
 120   (0.935) 0.993 0.938 0.925 1.000 0.994 0.995 0.993 0.935 0.998 0.995 0.992 0.998 0.934 1.000 0.999 0.998 
 100   (0.065) 0.007 0.062 0.075 0.000 0.006 0.005 0.007 0.065 0.002 0.005 0.008 0.002 0.066 0.000 0.001 0.002 

Locus 51 : 53230_50 
2 alleles
4.5% missing data
 120   (0.958) 0.998 0.967 0.998 1.000 0.999 0.997 0.996 0.958 0.999 0.997 0.996 0.999 0.958 1.000 0.999 0.898 
 110   (0.042) 0.002 0.033 0.002 0.000 0.001 0.003 0.004 0.042 0.001 0.003 0.004 0.001 0.042 0.000 0.001 0.102 

Locus 52 : 53957_5 
2 alleles
3.9% missing data
 130   (0.963) 0.998 0.965 0.991 1.000 0.999 0.997 0.995 0.963 0.999 0.995 0.996 0.999 0.961 1.000 0.999 0.999 
 110   (0.037) 0.002 0.035 0.009 0.000 0.001 0.003 0.005 0.037 0.001 0.005 0.004 0.001 0.039 0.000 0.001 0.001 

Locus 53 : 58003_89 
2 alleles
3.9% missing data
 120   (0.942) 0.995 0.941 0.993 0.997 0.996 0.995 0.988 0.942 0.976 0.991 0.989 0.996 0.941 0.998 0.992 0.998 
 100   (0.058) 0.005 0.059 0.007 0.003 0.004 0.005 0.012 0.058 0.024 0.009 0.011 0.004 0.059 0.002 0.008 0.002 

Locus 54 : 58412_58 
2 alleles
2.2% missing data
 110   (0.961) 0.998 0.968 0.998 1.000 0.999 0.976 0.996 0.961 0.999 0.997 0.996 0.999 0.961 1.000 0.999 0.999 
 100   (0.039) 0.002 0.032 0.002 0.000 0.001 0.024 0.004 0.039 0.001 0.003 0.004 0.001 0.039 0.000 0.001 0.001 

Locus 55 : 58452_11 
2 alleles
3.4% missing data
 120   (0.961) 0.998 0.962 0.997 1.000 0.999 0.997 0.992 0.961 0.989 0.996 0.995 0.999 0.960 1.000 0.999 0.999 
 130   (0.039) 0.002 0.038 0.003 0.000 0.001 0.003 0.008 0.039 0.011 0.004 0.005 0.001 0.040 0.000 0.001 0.001 

Locus 56 : 59409_85 
2 alleles
2.8% missing data
 130   (0.962) 0.997 0.961 0.998 1.000 0.999 0.997 0.996 0.962 0.999 0.997 0.995 0.999 0.961 1.000 0.997 0.999 
 100   (0.038) 0.003 0.039 0.002 0.000 0.001 0.003 0.004 0.038 0.001 0.003 0.005 0.001 0.039 0.000 0.003 0.001 

Locus 57 : 60620_10 
2 alleles
1.1% missing data
 120   (0.954) 0.997 0.964 0.998 1.000 0.999 0.893 0.995 0.954 0.998 0.997 0.995 0.999 0.954 1.000 0.999 0.999 
 130   (0.046) 0.003 0.036 0.002 0.000 0.001 0.107 0.005 0.046 0.002 0.003 0.005 0.001 0.046 0.000 0.001 0.001 

Locus 58 : 61541_77 
2 alleles
3.4% missing data
 120   (0.958) 0.998 0.966 0.998 1.000 0.999 0.841 0.996 0.958 0.999 0.997 0.996 0.999 0.958 1.000 0.999 0.999 
 100   (0.042) 0.002 0.034 0.002 0.000 0.001 0.159 0.004 0.042 0.001 0.003 0.004 0.001 0.042 0.000 0.001 0.001 

Locus 59 : 61756_42 
2 alleles
1.1% missing data
 130   (0.958) 0.998 0.966 0.998 1.000 0.999 0.823 0.997 0.958 0.999 0.998 0.996 0.999 0.958 1.000 0.999 0.999 
 110   (0.042) 0.002 0.034 0.002 0.000 0.001 0.177 0.003 0.042 0.001 0.002 0.004 0.001 0.042 0.000 0.001 0.001 

Locus 60 : 62497_19 
2 alleles
6.2% missing data
 130   (0.909) 0.881 0.919 0.993 0.996 0.997 0.993 0.985 0.909 0.965 0.991 0.942 0.988 0.909 0.987 0.987 0.997 
 110   (0.091) 0.119 0.081 0.007 0.004 0.003 0.007 0.015 0.091 0.035 0.009 0.058 0.012 0.091 0.013 0.013 0.003 

Locus 61 : 63024_50 
2 alleles
2.8% missing data
 120   (0.941) 0.996 0.940 0.997 1.000 0.999 0.996 0.992 0.941 0.960 0.995 0.993 0.998 0.941 1.000 0.999 0.998 
 100   (0.059) 0.004 0.060 0.003 0.000 0.001 0.004 0.008 0.059 0.040 0.005 0.007 0.002 0.059 0.000 0.001 0.002 

Locus 62 : 64492_50 
2 alleles
7.3% missing data
 120   (0.906) 0.900 0.924 0.920 0.999 0.998 0.993 0.989 0.906 0.954 0.991 0.987 0.997 0.907 0.999 0.998 0.998 
 100   (0.094) 0.100 0.076 0.080 0.001 0.002 0.007 0.011 0.094 0.046 0.009 0.013 0.003 0.093 0.001 0.002 0.002 

Locus 63 : 67984_34 
2 alleles
2.2% missing data
 120   (0.957) 0.997 0.967 0.998 1.000 0.999 0.867 0.995 0.957 0.998 0.996 0.996 0.999 0.958 1.000 0.999 0.999 
 100   (0.043) 0.003 0.033 0.002 0.000 0.001 0.133 0.005 0.043 0.002 0.004 0.004 0.001 0.042 0.000 0.001 0.001 

Locus 64 : 69199_10 
2 alleles
4.5% missing data
 120   (0.944) 0.997 0.951 0.997 0.994 0.998 0.996 0.990 0.944 0.334 0.996 0.994 0.998 0.944 0.999 0.999 0.998 
 100   (0.056) 0.003 0.049 0.003 0.006 0.002 0.004 0.010 0.056 0.666 0.004 0.006 0.002 0.056 0.001 0.001 0.002 

Locus 65 : 71368_77 
2 alleles
6.7% missing data
 100   (0.956) 0.997 0.965 0.998 1.000 0.999 0.997 0.996 0.956 0.998 0.997 0.995 0.999 0.956 1.000 0.999 0.772 
 110   (0.044) 0.003 0.035 0.002 0.000 0.001 0.003 0.004 0.044 0.002 0.003 0.005 0.001 0.044 0.000 0.001 0.228 

Locus 66 : 72276_35 
2 alleles
5.1% missing data
 130   (0.958) 0.998 0.964 0.885 1.000 0.999 0.997 0.996 0.958 0.998 0.997 0.995 0.998 0.958 1.000 0.999 0.999 
 120   (0.042) 0.002 0.036 0.115 0.000 0.001 0.003 0.004 0.042 0.002 0.003 0.005 0.002 0.042 0.000 0.001 0.001 

Locus 67 : 73554_16 
2 alleles
3.9% missing data
 100   (0.954) 0.998 0.963 0.997 1.000 0.999 0.997 0.995 0.954 0.998 0.996 0.845 0.999 0.954 1.000 0.999 0.999 
 130   (0.046) 0.002 0.037 0.003 0.000 0.001 0.003 0.005 0.046 0.002 0.004 0.155 0.001 0.046 0.000 0.001 0.001 

Locus 68 : 74575_32 
2 alleles
1.7% missing data
 120   (0.959) 0.998 0.961 0.987 1.000 0.999 0.997 0.990 0.959 0.998 0.996 0.996 0.999 0.958 1.000 1.000 0.999 
 100   (0.041) 0.002 0.039 0.013 0.000 0.001 0.003 0.010 0.041 0.002 0.004 0.004 0.001 0.042 0.000 0.000 0.001 

Locus 69 : 76504_10 
2 alleles
1.1% missing data
 110   (0.959) 0.998 0.967 0.998 1.000 0.801 0.997 0.996 0.959 0.998 0.996 0.996 0.999 0.959 1.000 1.000 0.999 
 100   (0.041) 0.002 0.033 0.002 0.000 0.199 0.003 0.004 0.041 0.002 0.004 0.004 0.001 0.041 0.000 0.000 0.001 

Locus 70 : 76561_35 
2 alleles
5.6% missing data
 120   (0.957) 0.590 0.966 0.998 1.000 0.999 0.997 0.996 0.957 0.998 0.998 0.995 0.999 0.957 1.000 1.000 0.999 
 100   (0.043) 0.410 0.034 0.002 0.000 0.001 0.003 0.004 0.043 0.002 0.002 0.005 0.001 0.043 0.000 0.000 0.001 

Locus 71 : 77346_16 
2 alleles
2.2% missing data
 130   (0.957) 0.998 0.967 0.998 0.999 0.922 0.997 0.996 0.957 0.998 0.996 0.995 0.999 0.958 1.000 1.000 0.999 
 110   (0.043) 0.002 0.033 0.002 0.001 0.078 0.003 0.004 0.043 0.002 0.004 0.005 0.001 0.042 0.000 0.000 0.001 

Locus 72 : 78631_40 
2 alleles
7.9% missing data
 120   (0.947) 0.983 0.955 0.810 1.000 0.999 0.996 0.995 0.947 0.998 0.996 0.994 0.998 0.948 1.000 0.999 0.999 
 110   (0.053) 0.017 0.045 0.190 0.000 0.001 0.004 0.005 0.053 0.002 0.004 0.006 0.002 0.052 0.000 0.001 0.001 

Locus 73 : 80366_12 
2 alleles
6.7% missing data
 130   (0.959) 0.996 0.957 0.997 1.000 0.999 0.997 0.995 0.959 0.998 0.995 0.995 0.999 0.958 1.000 0.998 0.999 
 110   (0.041) 0.004 0.043 0.003 0.000 0.001 0.003 0.005 0.041 0.002 0.005 0.005 0.001 0.042 0.000 0.002 0.001 

Locus 74 : 80499_10 
2 alleles
6.2% missing data
 130   (0.958) 0.998 0.968 0.998 1.000 0.999 0.997 0.996 0.958 0.999 0.997 0.995 0.999 0.959 1.000 0.999 0.903 
 100   (0.042) 0.002 0.032 0.002 0.000 0.001 0.003 0.004 0.042 0.001 0.003 0.005 0.001 0.041 0.000 0.001 0.097 

Locus 75 : 81141_31 
2 alleles
2.8% missing data
 120   (0.960) 0.998 0.963 0.998 1.000 0.999 0.997 0.993 0.960 0.998 0.995 0.995 0.988 0.959 0.999 0.999 0.999 
 100   (0.040) 0.002 0.037 0.002 0.000 0.001 0.003 0.007 0.040 0.002 0.005 0.005 0.012 0.041 0.001 0.001 0.001 

Locus 76 : 81662_33 
2 alleles
3.4% missing data
 120   (0.957) 0.998 0.957 0.998 1.000 0.999 0.997 0.992 0.957 0.998 0.997 0.995 0.999 0.956 1.000 0.996 0.999 
 110   (0.043) 0.002 0.043 0.002 0.000 0.001 0.003 0.008 0.043 0.002 0.003 0.005 0.001 0.044 0.000 0.004 0.001 

Locus 77 : 82002_8 
2 alleles
6.7% missing data
 100   (0.950) 0.997 0.961 0.997 1.000 0.999 0.679 0.995 0.950 0.998 0.997 0.995 0.999 0.950 1.000 0.999 0.999 
 110   (0.050) 0.003 0.039 0.003 0.000 0.001 0.321 0.005 0.050 0.002 0.003 0.005 0.001 0.050 0.000 0.001 0.001 

Locus 78 : 82631_34 
2 alleles
7.9% missing data
 120   (0.954) 0.996 0.954 0.993 0.999 0.999 0.997 0.981 0.954 0.998 0.996 0.994 0.997 0.955 0.999 0.999 0.999 
 100   (0.046) 0.004 0.046 0.007 0.001 0.001 0.003 0.019 0.046 0.002 0.004 0.006 0.003 0.045 0.001 0.001 0.001 

Locus 79 : 83247_84 
2 alleles
3.4% missing data
 110   (0.952) 0.997 0.957 0.755 1.000 0.999 0.997 0.992 0.952 0.998 0.995 0.995 0.999 0.951 1.000 0.999 0.999 
 100   (0.048) 0.003 0.043 0.245 0.000 0.001 0.003 0.008 0.048 0.002 0.005 0.005 0.001 0.049 0.000 0.001 0.001 

Locus 80 : 83916_5 
2 alleles
3.9% missing data
 130   (0.960) 0.998 0.970 0.998 1.000 0.999 0.997 0.996 0.960 0.999 0.997 0.996 0.999 0.961 0.834 1.000 0.999 
 110   (0.040) 0.002 0.030 0.002 0.000 0.001 0.003 0.004 0.040 0.001 0.003 0.004 0.001 0.039 0.166 0.000 0.001 

Locus 81 : 84971_7 
2 alleles
2.2% missing data
 120   (0.940) 0.996 0.946 0.995 0.981 0.969 0.996 0.971 0.940 0.989 0.992 0.991 0.996 0.940 0.997 0.999 0.998 
 110   (0.060) 0.004 0.054 0.005 0.019 0.031 0.004 0.029 0.060 0.011 0.008 0.009 0.004 0.060 0.003 0.001 0.002 

Locus 82 : 85247_77 
2 alleles
7.9% missing data
 120   (0.959) 0.997 0.962 0.997 0.998 0.998 0.997 0.993 0.959 0.998 0.996 0.994 0.994 0.959 0.993 0.998 0.998 
 110   (0.041) 0.003 0.038 0.003 0.002 0.002 0.003 0.007 0.041 0.002 0.004 0.006 0.006 0.041 0.007 0.002 0.002 

Locus 83 : 85248_24 
2 alleles
5.1% missing data
 100   (0.954) 0.997 0.963 0.997 1.000 0.999 0.860 0.996 0.954 0.998 0.997 0.995 0.999 0.955 1.000 0.999 0.999 
 120   (0.046) 0.003 0.037 0.003 0.000 0.001 0.140 0.004 0.046 0.002 0.003 0.005 0.001 0.045 0.000 0.001 0.001 

Locus 84 : 85402_12 
2 alleles
3.4% missing data
 120   (0.954) 0.997 0.956 0.998 1.000 0.999 0.997 0.994 0.954 0.998 0.997 0.995 0.999 0.953 1.000 0.997 0.999 
 100   (0.046) 0.003 0.044 0.002 0.000 0.001 0.003 0.006 0.046 0.002 0.003 0.005 0.001 0.047 0.000 0.003 0.001 

Locus 85 : 86588_18 
2 alleles
3.9% missing data
 120   (0.958) 0.997 0.958 0.998 1.000 0.999 0.997 0.995 0.958 0.986 0.997 0.995 0.999 0.958 1.000 0.999 0.999 
 100   (0.042) 0.003 0.042 0.002 0.000 0.001 0.003 0.005 0.042 0.014 0.003 0.005 0.001 0.042 0.000 0.001 0.001 

Locus 86 : 87070_60 
2 alleles
2.2% missing data
 100   (0.951) 0.997 0.961 0.997 1.000 0.999 0.997 0.994 0.951 0.998 0.997 0.857 0.999 0.952 1.000 0.999 0.999 
 130   (0.049) 0.003 0.039 0.003 0.000 0.001 0.003 0.006 0.049 0.002 0.003 0.143 0.001 0.048 0.000 0.001 0.001 

Locus 87 : 87747_31 
2 alleles
6.2% missing data
 120   (0.956) 0.997 0.966 0.997 1.000 0.999 0.915 0.995 0.956 0.998 0.997 0.995 0.999 0.957 1.000 0.999 0.999 
 110   (0.044) 0.003 0.034 0.003 0.000 0.001 0.085 0.005 0.044 0.002 0.003 0.005 0.001 0.043 0.000 0.001 0.001 

Locus 88 : 88455_10 
2 alleles
5.1% missing data
 130   (0.953) 0.806 0.963 0.997 1.000 0.999 0.997 0.995 0.953 0.998 0.997 0.995 0.999 0.953 1.000 0.999 0.999 
 100   (0.047) 0.194 0.037 0.003 0.000 0.001 0.003 0.005 0.047 0.002 0.003 0.005 0.001 0.047 0.000 0.001 0.001 

Locus 89 : 89005_12 
2 alleles
1.1% missing data
 120   (0.951) 0.997 0.963 0.997 1.000 0.999 0.894 0.995 0.951 0.998 0.996 0.995 0.999 0.952 1.000 0.999 0.999 
 130   (0.049) 0.003 0.037 0.003 0.000 0.001 0.106 0.005 0.049 0.002 0.004 0.005 0.001 0.048 0.000 0.001 0.001 

Locus 90 : 89213_8 
2 alleles
3.4% missing data
 130   (0.957) 0.997 0.965 0.998 1.000 0.999 0.972 0.996 0.957 0.998 0.997 0.995 0.999 0.957 1.000 0.999 0.999 
 110   (0.043) 0.003 0.035 0.002 0.000 0.001 0.028 0.004 0.043 0.002 0.003 0.005 0.001 0.043 0.000 0.001 0.001 

Locus 91 : 93475_13 
2 alleles
2.2% missing data
 130   (0.955) 0.998 0.964 0.998 1.000 0.999 0.867 0.995 0.955 0.998 0.997 0.995 0.999 0.955 1.000 0.999 0.999 
 110   (0.045) 0.002 0.036 0.002 0.000 0.001 0.133 0.005 0.045 0.002 0.003 0.005 0.001 0.045 0.000 0.001 0.001 

Locus 92 : 95749_27 
2 alleles
3.9% missing data
 120   (0.959) 0.998 0.965 0.998 1.000 0.999 0.972 0.997 0.959 0.999 0.997 0.995 0.999 0.959 1.000 1.000 0.999 
 100   (0.041) 0.002 0.035 0.002 0.000 0.001 0.028 0.003 0.041 0.001 0.003 0.005 0.001 0.041 0.000 0.000 0.001 

Locus 93 : 98167_26 
2 alleles
3.4% missing data
 120   (0.939) 0.993 0.943 0.995 0.999 0.991 0.996 0.992 0.939 0.988 0.995 0.902 0.997 0.939 0.999 0.976 0.998 
 110   (0.061) 0.007 0.057 0.005 0.001 0.009 0.004 0.008 0.061 0.012 0.005 0.098 0.003 0.061 0.001 0.024 0.002 

Locus 94 : 98988_58 
2 alleles
2.2% missing data
 130   (0.958) 0.998 0.967 0.998 1.000 0.999 0.975 0.995 0.958 0.998 0.996 0.995 0.999 0.958 1.000 0.999 0.999 
 110   (0.042) 0.002 0.033 0.002 0.000 0.001 0.025 0.005 0.042 0.002 0.004 0.005 0.001 0.042 0.000 0.001 0.001 

Locus 95 : 103824_15 
2 alleles
3.4% missing data
 130   (0.954) 0.997 0.965 0.998 1.000 0.999 0.813 0.995 0.954 0.998 0.997 0.995 0.999 0.955 1.000 0.999 0.999 
 110   (0.046) 0.003 0.035 0.002 0.000 0.001 0.187 0.005 0.046 0.002 0.003 0.005 0.001 0.045 0.000 0.001 0.001 

Locus 96 : 108043_8 
2 alleles
4.5% missing data
 130   (0.959) 0.998 0.967 0.998 1.000 0.915 0.997 0.997 0.959 0.999 0.998 0.995 0.999 0.960 1.000 0.999 0.999 
 110   (0.041) 0.002 0.033 0.002 0.000 0.085 0.003 0.003 0.041 0.001 0.002 0.005 0.001 0.040 0.000 0.001 0.001 

Locus 97 : 108049_79 
2 alleles
2.8% missing data
 120   (0.962) 0.998 0.961 0.998 1.000 0.999 0.997 0.993 0.962 0.999 0.997 0.996 0.999 0.961 1.000 0.996 0.999 
 100   (0.038) 0.002 0.039 0.002 0.000 0.001 0.003 0.007 0.038 0.001 0.003 0.004 0.001 0.039 0.000 0.004 0.001 

Locus 98 : 108366_5 
2 alleles
2.8% missing data
 130   (0.954) 0.997 0.963 0.998 1.000 0.999 0.920 0.996 0.954 0.998 0.997 0.995 0.999 0.954 1.000 0.999 0.999 
 100   (0.046) 0.003 0.037 0.002 0.000 0.001 0.080 0.004 0.046 0.002 0.003 0.005 0.001 0.046 0.000 0.001 0.001 

Locus 99 : 108403_10 
2 alleles
6.2% missing data
 130   (0.959) 0.997 0.962 0.997 1.000 0.994 0.997 0.994 0.959 0.998 0.996 0.995 0.999 0.958 1.000 0.999 0.999 
 110   (0.041) 0.003 0.038 0.003 0.000 0.006 0.003 0.006 0.041 0.002 0.004 0.005 0.001 0.042 0.000 0.001 0.001 

Locus 100 : 109283_38 
2 alleles
3.9% missing data
 120   (0.872) 0.992 0.881 0.980 0.942 0.996 0.991 0.898 0.872 0.968 0.969 0.983 0.532 0.871 0.517 0.913 0.996 
 100   (0.128) 0.008 0.119 0.020 0.058 0.004 0.009 0.102 0.128 0.032 0.031 0.017 0.468 0.129 0.483 0.087 0.004 

Locus 101 : 109527_54 
2 alleles
7.3% missing data
 110   (0.943) 0.997 0.911 0.811 1.000 0.999 0.996 0.990 0.943 0.998 0.993 0.992 0.998 0.943 1.000 0.998 0.999 
 130   (0.057) 0.003 0.089 0.189 0.000 0.001 0.004 0.010 0.057 0.002 0.007 0.008 0.002 0.057 0.000 0.002 0.001 

Locus 102 : 109804_31 
2 alleles
2.2% missing data
 130   (0.953) 0.997 0.963 0.997 1.000 0.999 0.947 0.995 0.953 0.998 0.997 0.995 0.999 0.954 1.000 0.999 0.999 
 100   (0.047) 0.003 0.037 0.003 0.000 0.001 0.053 0.005 0.047 0.002 0.003 0.005 0.001 0.046 0.000 0.001 0.001 

Locus 103 : 112614_46 
2 alleles
5.1% missing data
 120   (0.955) 0.997 0.964 0.998 1.000 0.999 0.887 0.996 0.955 0.998 0.998 0.994 0.999 0.955 1.000 0.999 0.999 
 100   (0.045) 0.003 0.036 0.002 0.000 0.001 0.113 0.004 0.045 0.002 0.002 0.006 0.001 0.045 0.000 0.001 0.001 

Locus 104 : 112906_14 
2 alleles
3.9% missing data
 110   (0.900) 0.672 0.908 0.772 0.999 0.998 0.993 0.983 0.900 0.996 0.991 0.962 0.863 0.901 0.999 0.999 0.997 
 120   (0.100) 0.328 0.092 0.228 0.001 0.002 0.007 0.017 0.100 0.004 0.009 0.038 0.137 0.099 0.001 0.001 0.003 

Locus 105 : 113735_32 
2 alleles
6.7% missing data
 120   (0.962) 0.975 0.966 0.998 1.000 0.999 0.997 0.994 0.962 0.998 0.994 0.995 0.999 0.962 1.000 0.999 0.999 
 100   (0.038) 0.025 0.034 0.002 0.000 0.001 0.003 0.006 0.038 0.002 0.006 0.005 0.001 0.038 0.000 0.001 0.001 

Locus 106 : 115028_7 
2 alleles
3.9% missing data
 120   (0.962) 0.965 0.968 0.998 1.000 0.999 0.997 0.996 0.962 0.999 0.998 0.996 0.999 0.962 1.000 1.000 0.999 
 100   (0.038) 0.035 0.032 0.002 0.000 0.001 0.003 0.004 0.038 0.001 0.002 0.004 0.001 0.038 0.000 0.000 0.001 

Locus 107 : 115179_16 
2 alleles
2.2% missing data
 120   (0.955) 0.997 0.965 0.998 1.000 0.999 0.910 0.995 0.955 0.998 0.997 0.995 0.999 0.955 1.000 0.999 0.999 
 110   (0.045) 0.003 0.035 0.002 0.000 0.001 0.090 0.005 0.045 0.002 0.003 0.005 0.001 0.045 0.000 0.001 0.001 

Locus 108 : 116753_51 
2 alleles
7.3% missing data
 120   (0.951) 0.997 0.956 0.994 1.000 0.999 0.996 0.992 0.951 0.998 0.994 0.995 0.912 0.951 0.999 0.999 0.999 
 100   (0.049) 0.003 0.044 0.006 0.000 0.001 0.004 0.008 0.049 0.002 0.006 0.005 0.088 0.049 0.001 0.001 0.001 

Locus 109 : 116931_31 
2 alleles
7.9% missing data
 120   (0.962) 0.998 0.964 0.998 1.000 0.999 0.997 0.992 0.962 0.987 0.996 0.995 0.999 0.962 1.000 1.000 0.999 
 110   (0.038) 0.002 0.036 0.002 0.000 0.001 0.003 0.008 0.038 0.013 0.004 0.005 0.001 0.038 0.000 0.000 0.001 

Locus 110 : 116938_8 
2 alleles
4.5% missing data
 130   (0.926) 0.995 0.939 0.873 1.000 0.999 0.995 0.991 0.926 0.996 0.993 0.946 0.825 0.926 0.999 0.999 0.998 
 110   (0.074) 0.005 0.061 0.127 0.000 0.001 0.005 0.009 0.074 0.004 0.007 0.054 0.175 0.074 0.001 0.001 0.002 

Locus 111 : 122302_80 
2 alleles
10.1% missing data
 110   (0.955) 0.997 0.962 0.997 1.000 0.999 0.996 0.994 0.955 0.960 0.996 0.995 0.998 0.955 1.000 0.999 0.999 
 100   (0.045) 0.003 0.038 0.003 0.000 0.001 0.004 0.006 0.045 0.040 0.004 0.005 0.002 0.045 0.000 0.001 0.001 

Locus 112 : 123190_14 
2 alleles
3.4% missing data
 120   (0.944) 0.997 0.946 0.997 1.000 0.999 0.996 0.992 0.944 0.949 0.994 0.994 0.998 0.944 1.000 0.999 0.999 
 130   (0.056) 0.003 0.054 0.003 0.000 0.001 0.004 0.008 0.056 0.051 0.006 0.006 0.002 0.056 0.000 0.001 0.001 

Locus 113 : 123271_36 
2 alleles
3.9% missing data
 100   (0.955) 0.997 0.967 0.998 1.000 0.999 0.859 0.994 0.955 0.999 0.995 0.995 0.999 0.956 1.000 0.999 0.999 
 110   (0.045) 0.003 0.033 0.002 0.000 0.001 0.141 0.006 0.045 0.001 0.005 0.005 0.001 0.044 0.000 0.001 0.001 

Locus 114 : 124147_18 
2 alleles
2.2% missing data
 130   (0.952) 0.997 0.961 0.997 1.000 0.999 0.997 0.996 0.952 0.998 0.997 0.757 0.999 0.953 1.000 0.999 0.999 
 110   (0.048) 0.003 0.039 0.003 0.000 0.001 0.003 0.004 0.048 0.002 0.003 0.243 0.001 0.047 0.000 0.001 0.001 

Locus 115 : 124184_33 
2 alleles
5.6% missing data
 110   (0.956) 0.998 0.968 0.998 1.000 0.999 0.910 0.994 0.956 0.999 0.995 0.996 0.999 0.957 1.000 0.999 0.999 
 100   (0.044) 0.002 0.032 0.002 0.000 0.001 0.090 0.006 0.044 0.001 0.005 0.004 0.001 0.043 0.000 0.001 0.001 

Locus 116 : 125404_24 
2 alleles
1.1% missing data
 130   (0.954) 0.784 0.963 0.998 1.000 0.999 0.997 0.996 0.954 0.998 0.998 0.995 0.999 0.954 1.000 0.999 0.999 
 110   (0.046) 0.216 0.037 0.002 0.000 0.001 0.003 0.004 0.046 0.002 0.002 0.005 0.001 0.046 0.000 0.001 0.001 

Locus 117 : 125436_43 
2 alleles
3.9% missing data
 130   (0.934) 0.707 0.937 0.854 1.000 0.999 0.996 0.993 0.934 0.998 0.994 0.993 0.998 0.935 1.000 0.999 0.998 
 100   (0.066) 0.293 0.063 0.146 0.000 0.001 0.004 0.007 0.066 0.002 0.006 0.007 0.002 0.065 0.000 0.001 0.002 

Locus 118 : 126013_18 
2 alleles
2.8% missing data
 130   (0.954) 0.997 0.964 0.998 1.000 0.999 0.997 0.997 0.954 0.998 0.997 0.995 0.999 0.955 1.000 0.999 0.881 
 110   (0.046) 0.003 0.036 0.002 0.000 0.001 0.003 0.003 0.046 0.002 0.003 0.005 0.001 0.045 0.000 0.001 0.119 

Locus 119 : 126137_19 
2 alleles
3.9% missing data
 120   (0.958) 0.981 0.960 0.986 1.000 0.999 0.997 0.995 0.958 0.998 0.997 0.995 0.999 0.959 1.000 0.999 0.999 
 110   (0.042) 0.019 0.040 0.014 0.000 0.001 0.003 0.005 0.042 0.002 0.003 0.005 0.001 0.041 0.000 0.001 0.001 

Locus 120 : 126845_22 
2 alleles
5.6% missing data
 130   (0.959) 0.969 0.965 0.998 1.000 0.999 0.997 0.994 0.959 0.998 0.997 0.994 0.999 0.959 1.000 0.999 0.999 
 110   (0.041) 0.031 0.035 0.002 0.000 0.001 0.003 0.006 0.041 0.002 0.003 0.006 0.001 0.041 0.000 0.001 0.001 

Locus 121 : 127512_8 
2 alleles
1.1% missing data
 130   (0.956) 0.998 0.967 0.998 1.000 0.999 0.997 0.995 0.956 0.999 0.996 0.995 0.999 0.957 1.000 0.999 0.911 
 100   (0.044) 0.002 0.033 0.002 0.000 0.001 0.003 0.005 0.044 0.001 0.004 0.005 0.001 0.043 0.000 0.001 0.089 

Locus 122 : 127692_13 
2 alleles
2.8% missing data
 100   (0.944) 0.995 0.951 0.939 1.000 0.999 0.996 0.991 0.944 0.998 0.997 0.994 0.999 0.944 1.000 0.999 0.999 
 120   (0.056) 0.005 0.049 0.061 0.000 0.001 0.004 0.009 0.056 0.002 0.003 0.006 0.001 0.056 0.000 0.001 0.001 

Locus 123 : 128195_18 
2 alleles
7.3% missing data
 130   (0.869) 0.988 0.871 0.925 0.990 0.997 0.990 0.976 0.869 0.977 0.987 0.412 0.994 0.868 0.999 0.385 0.996 
 110   (0.131) 0.012 0.129 0.075 0.010 0.003 0.010 0.024 0.131 0.023 0.013 0.588 0.006 0.132 0.001 0.615 0.004 

Locus 124 : 128198_14 
2 alleles
4.5% missing data
 130   (0.928) 0.996 0.944 0.996 1.000 0.997 0.919 0.992 0.928 0.997 0.994 0.992 0.998 0.929 1.000 0.999 0.909 
 120   (0.072) 0.004 0.056 0.004 0.000 0.003 0.081 0.008 0.072 0.003 0.006 0.008 0.002 0.071 0.000 0.001 0.091 

Locus 125 : 128423_39 
2 alleles
4.5% missing data
 130   (0.961) 0.997 0.961 0.998 1.000 0.999 0.997 0.992 0.961 0.999 0.996 0.992 0.999 0.961 1.000 0.996 0.999 
 100   (0.039) 0.003 0.039 0.002 0.000 0.001 0.003 0.008 0.039 0.001 0.004 0.008 0.001 0.039 0.000 0.004 0.001 

Locus 126 : 131572_48 
2 alleles
1.1% missing data
 120   (0.942) 0.996 0.947 0.996 1.000 0.999 0.996 0.990 0.942 0.998 0.993 0.993 0.946 0.941 0.998 0.999 0.998 
 100   (0.058) 0.004 0.053 0.004 0.000 0.001 0.004 0.010 0.058 0.002 0.007 0.007 0.054 0.059 0.002 0.001 0.002 

Locus 127 : 132199_62 
2 alleles
3.9% missing data
 100   (0.953) 0.997 0.965 0.997 1.000 0.999 0.753 0.994 0.953 0.998 0.995 0.995 0.999 0.953 1.000 0.999 0.999 
 120   (0.047) 0.003 0.035 0.003 0.000 0.001 0.247 0.006 0.047 0.002 0.005 0.005 0.001 0.047 0.000 0.001 0.001 

Locus 128 : 135566_64 
2 alleles
7.3% missing data
 130   (0.958) 0.997 0.957 0.998 1.000 0.999 0.997 0.995 0.958 0.998 0.997 0.995 0.999 0.957 1.000 0.997 0.999 
 110   (0.042) 0.003 0.043 0.002 0.000 0.001 0.003 0.005 0.042 0.002 0.003 0.005 0.001 0.043 0.000 0.003 0.001 

Locus 129 : 135761_5 
2 alleles
7.9% missing data
 130   (0.956) 0.997 0.966 0.998 1.000 0.999 0.906 0.995 0.956 0.998 0.997 0.995 0.999 0.956 1.000 0.999 0.999 
 100   (0.044) 0.003 0.034 0.002 0.000 0.001 0.094 0.005 0.044 0.002 0.003 0.005 0.001 0.044 0.000 0.001 0.001 

Locus 130 : 137219_35 
2 alleles
3.4% missing data
 120   (0.938) 0.997 0.935 0.997 1.000 0.999 0.996 0.990 0.938 0.998 0.995 0.993 0.998 0.937 1.000 0.983 0.998 
 100   (0.062) 0.003 0.065 0.003 0.000 0.001 0.004 0.010 0.062 0.002 0.005 0.007 0.002 0.063 0.000 0.017 0.002 

Locus 131 : 139081_20 
2 alleles
5.6% missing data
 120   (0.942) 0.996 0.948 0.970 1.000 0.999 0.996 0.990 0.942 0.997 0.996 0.934 0.995 0.942 0.999 0.999 0.998 
 110   (0.058) 0.004 0.052 0.030 0.000 0.001 0.004 0.010 0.058 0.003 0.004 0.066 0.005 0.058 0.001 0.001 0.002 

Locus 132 : 139084_52 
2 alleles
5.1% missing data
 120   (0.915) 0.994 0.917 0.994 0.999 0.998 0.994 0.986 0.915 0.935 0.992 0.825 0.997 0.915 0.999 0.995 0.997 
 110   (0.085) 0.006 0.083 0.006 0.001 0.002 0.006 0.014 0.085 0.065 0.008 0.175 0.003 0.085 0.001 0.005 0.003 

Locus 133 : 139433_54 
2 alleles
3.9% missing data
 120   (0.955) 0.998 0.964 0.998 1.000 0.999 0.946 0.995 0.955 0.998 0.997 0.995 0.999 0.955 1.000 0.999 0.999 
 100   (0.045) 0.002 0.036 0.002 0.000 0.001 0.054 0.005 0.045 0.002 0.003 0.005 0.001 0.045 0.000 0.001 0.001 

Locus 134 : 140063_88 
2 alleles
7.9% missing data
 110   (0.959) 0.997 0.960 0.990 1.000 0.999 0.997 0.995 0.959 0.998 0.995 0.994 0.999 0.958 1.000 0.999 0.999 
 100   (0.041) 0.003 0.040 0.010 0.000 0.001 0.003 0.005 0.041 0.002 0.005 0.006 0.001 0.042 0.000 0.001 0.001 

Locus 135 : 140194_73 
2 alleles
2.8% missing data
 120   (0.958) 0.997 0.965 0.998 1.000 0.999 0.997 0.995 0.958 0.998 0.997 0.993 0.999 0.959 1.000 0.999 0.978 
 110   (0.042) 0.003 0.035 0.002 0.000 0.001 0.003 0.005 0.042 0.002 0.003 0.007 0.001 0.041 0.000 0.001 0.022 

Locus 136 : 141313_8 
2 alleles
2.8% missing data
 120   (0.957) 0.997 0.966 0.998 1.000 0.999 0.920 0.996 0.957 0.998 0.997 0.995 0.999 0.957 1.000 0.999 0.999 
 100   (0.043) 0.003 0.034 0.002 0.000 0.001 0.080 0.004 0.043 0.002 0.003 0.005 0.001 0.043 0.000 0.001 0.001 

Locus 137 : 145284_28 
2 alleles
2.8% missing data
 130   (0.956) 0.998 0.966 0.998 1.000 0.999 0.997 0.995 0.956 0.998 0.996 0.606 0.999 0.957 1.000 0.999 0.999 
 110   (0.044) 0.002 0.034 0.002 0.000 0.001 0.003 0.005 0.044 0.002 0.004 0.394 0.001 0.043 0.000 0.001 0.001 

Locus 138 : 145957_11 
2 alleles
4.5% missing data
 130   (0.962) 0.998 0.970 0.998 1.000 0.999 0.997 0.996 0.962 0.999 0.997 0.995 0.999 0.962 0.858 1.000 0.999 
 110   (0.038) 0.002 0.030 0.002 0.000 0.001 0.003 0.004 0.038 0.001 0.003 0.005 0.001 0.038 0.142 0.000 0.001 

Locus 139 : 160306_34 
2 alleles
2.8% missing data
 120   (0.942) 0.770 0.944 0.975 0.999 0.999 0.996 0.989 0.942 0.997 0.995 0.993 0.990 0.942 0.999 0.999 0.999 
 100   (0.058) 0.230 0.056 0.025 0.001 0.001 0.004 0.011 0.058 0.003 0.005 0.007 0.010 0.058 0.001 0.001 0.001 

Locus 140 : 162107_37 
2 alleles
3.4% missing data
 120   (0.938) 0.912 0.944 0.987 1.000 0.999 0.995 0.988 0.938 0.998 0.996 0.993 0.998 0.938 1.000 0.999 0.998 
 100   (0.062) 0.088 0.056 0.013 0.000 0.001 0.005 0.012 0.062 0.002 0.004 0.007 0.002 0.062 0.000 0.001 0.002 

Locus 141 : 163290_36 
2 alleles
5.1% missing data
 130   (0.923) 0.995 0.937 0.996 0.963 0.997 0.994 0.961 0.923 0.933 0.988 0.737 0.993 0.923 0.995 0.994 0.998 
 110   (0.077) 0.005 0.063 0.004 0.037 0.003 0.006 0.039 0.077 0.067 0.012 0.263 0.007 0.077 0.005 0.006 0.002 

Locus 142 : 163453_13 
2 alleles
5.6% missing data
 120   (0.961) 0.998 0.962 0.998 1.000 0.999 0.997 0.993 0.961 0.988 0.997 0.995 0.999 0.961 1.000 0.999 0.999 
 110   (0.039) 0.002 0.038 0.002 0.000 0.001 0.003 0.007 0.039 0.012 0.003 0.005 0.001 0.039 0.000 0.001 0.001 

Locus 143 : 163580_14 
2 alleles
10.1% missing data
 120   (0.951) 0.997 0.961 0.997 0.989 0.989 0.996 0.990 0.951 0.998 0.878 0.995 0.999 0.951 0.992 0.999 0.999 
 100   (0.049) 0.003 0.039 0.003 0.011 0.011 0.004 0.010 0.049 0.002 0.122 0.005 0.001 0.049 0.008 0.001 0.001 

Locus 144 : 164461_13 
2 alleles
5.6% missing data
 100   (0.961) 0.998 0.969 0.998 1.000 0.999 0.997 0.996 0.961 0.848 0.997 0.996 0.999 0.961 1.000 0.999 0.999 
 120   (0.039) 0.002 0.031 0.002 0.000 0.001 0.003 0.004 0.039 0.152 0.003 0.004 0.001 0.039 0.000 0.001 0.001 

Locus 145 : 165413_43 
2 alleles
1.7% missing data
 110   (0.952) 0.997 0.955 0.940 1.000 0.999 0.997 0.991 0.952 0.997 0.997 0.994 0.998 0.952 1.000 0.999 0.999 
 130   (0.048) 0.003 0.045 0.060 0.000 0.001 0.003 0.009 0.048 0.003 0.003 0.006 0.002 0.048 0.000 0.001 0.001 

Locus 146 : 168629_44 
2 alleles
5.6% missing data
 130   (0.941) 0.996 0.932 0.963 0.999 0.999 0.996 0.992 0.941 0.985 0.995 0.988 0.998 0.941 1.000 0.994 0.998 
 110   (0.059) 0.004 0.068 0.037 0.001 0.001 0.004 0.008 0.059 0.015 0.005 0.012 0.002 0.059 0.000 0.006 0.002 

Locus 147 : 168991_77 
2 alleles
5.6% missing data
 110   (0.839) 0.654 0.830 0.913 0.995 0.996 0.989 0.953 0.839 0.987 0.982 0.976 0.899 0.838 0.998 0.955 0.996 
 100   (0.161) 0.346 0.170 0.087 0.005 0.004 0.011 0.047 0.161 0.013 0.018 0.024 0.101 0.162 0.002 0.045 0.004 

Locus 148 : 169478_88 
2 alleles
5.1% missing data
 130   (0.961) 0.998 0.968 0.997 1.000 0.999 0.997 0.994 0.961 0.998 0.995 0.996 0.999 0.961 1.000 0.999 0.982 
 100   (0.039) 0.002 0.032 0.003 0.000 0.001 0.003 0.006 0.039 0.002 0.005 0.004 0.001 0.039 0.000 0.001 0.018 

Locus 149 : 169898_8 
2 alleles
6.2% missing data
 120   (0.944) 0.996 0.943 0.913 1.000 0.999 0.996 0.993 0.944 0.968 0.995 0.993 0.998 0.945 1.000 0.999 0.998 
 100   (0.056) 0.004 0.057 0.087 0.000 0.001 0.004 0.007 0.056 0.032 0.005 0.007 0.002 0.055 0.000 0.001 0.002 

Locus 150 : 170224_42 
2 alleles
7.3% missing data
 100   (0.912) 0.994 0.914 0.935 0.986 0.997 0.993 0.977 0.912 0.794 0.992 0.978 0.996 0.912 0.999 0.980 0.998 
 120   (0.088) 0.006 0.086 0.065 0.014 0.003 0.007 0.023 0.088 0.206 0.008 0.022 0.004 0.088 0.001 0.020 0.002 

Locus 151 : 174083_22 
2 alleles
3.9% missing data
 120   (0.954) 0.997 0.964 0.998 1.000 0.999 0.787 0.995 0.954 0.998 0.997 0.995 0.999 0.955 1.000 0.999 0.999 
 100   (0.046) 0.003 0.036 0.002 0.000 0.001 0.213 0.005 0.046 0.002 0.003 0.005 0.001 0.045 0.000 0.001 0.001 

Locus 152 : 174223_24 
2 alleles
2.8% missing data
 120   (0.959) 0.998 0.962 0.997 1.000 0.993 0.997 0.996 0.959 0.998 0.996 0.995 0.999 0.958 1.000 0.999 0.999 
 100   (0.041) 0.002 0.038 0.003 0.000 0.007 0.003 0.004 0.041 0.002 0.004 0.005 0.001 0.042 0.000 0.001 0.001 

Locus 153 : 174263_44 
2 alleles
3.9% missing data
 130   (0.955) 0.998 0.964 0.998 1.000 0.999 0.997 0.995 0.955 0.998 0.997 0.995 0.999 0.955 1.000 0.999 0.842 
 110   (0.045) 0.002 0.036 0.002 0.000 0.001 0.003 0.005 0.045 0.002 0.003 0.005 0.001 0.045 0.000 0.001 0.158 

Locus 154 : 175657_6 
2 alleles
8.4% missing data
 100   (0.933) 0.777 0.946 0.924 1.000 0.999 0.995 0.994 0.933 0.998 0.995 0.993 0.998 0.934 1.000 0.999 0.998 
 130   (0.067) 0.223 0.054 0.076 0.000 0.001 0.005 0.006 0.067 0.002 0.005 0.007 0.002 0.066 0.000 0.001 0.002 

Locus 155 : 176570_23 
2 alleles
3.9% missing data
 130   (0.960) 0.997 0.956 0.997 0.995 0.996 0.997 0.979 0.960 0.997 0.992 0.993 0.979 0.960 0.981 0.999 0.999 
 110   (0.040) 0.003 0.044 0.003 0.005 0.004 0.003 0.021 0.040 0.003 0.008 0.007 0.021 0.040 0.019 0.001 0.001 

Locus 156 : 176775_13 
2 alleles
6.7% missing data
 130   (0.953) 0.997 0.963 0.997 1.000 0.999 0.708 0.995 0.953 0.998 0.996 0.994 0.999 0.953 1.000 0.999 0.999 
 110   (0.047) 0.003 0.037 0.003 0.000 0.001 0.292 0.005 0.047 0.002 0.004 0.006 0.001 0.047 0.000 0.001 0.001 

Locus 157 : 178448_19 
2 alleles
3.4% missing data
 120   (0.957) 0.998 0.966 0.998 1.000 0.999 0.883 0.996 0.957 0.998 0.997 0.995 0.999 0.957 1.000 0.999 0.999 
 100   (0.043) 0.002 0.034 0.002 0.000 0.001 0.117 0.004 0.043 0.002 0.003 0.005 0.001 0.043 0.000 0.001 0.001 

Locus 158 : 179162_16 
2 alleles
6.2% missing data
 120   (0.960) 0.998 0.967 0.998 1.000 0.999 0.973 0.996 0.960 0.998 0.998 0.996 0.999 0.960 1.000 0.999 0.999 
 100   (0.040) 0.002 0.033 0.002 0.000 0.001 0.027 0.004 0.040 0.002 0.002 0.004 0.001 0.040 0.000 0.001 0.001 

Locus 159 : 179286_31 
2 alleles
2.8% missing data
 120   (0.930) 0.891 0.941 0.931 1.000 0.999 0.995 0.991 0.930 0.997 0.993 0.992 0.985 0.930 1.000 0.999 0.998 
 100   (0.070) 0.109 0.059 0.069 0.000 0.001 0.005 0.009 0.070 0.003 0.007 0.008 0.015 0.070 0.000 0.001 0.002 

Locus 160 : 179594_17 
2 alleles
4.5% missing data
 120   (0.906) 0.758 0.911 0.994 0.999 0.994 0.993 0.988 0.906 0.975 0.991 0.932 0.997 0.906 0.999 0.998 0.997 
 100   (0.094) 0.242 0.089 0.006 0.001 0.006 0.007 0.012 0.094 0.025 0.009 0.068 0.003 0.094 0.001 0.002 0.003 

Locus 161 : 180413_54 
2 alleles
3.9% missing data
 100   (0.952) 0.997 0.964 0.997 1.000 0.999 0.881 0.994 0.952 0.998 0.995 0.995 0.999 0.952 1.000 0.999 0.999 
 110   (0.048) 0.003 0.036 0.003 0.000 0.001 0.119 0.006 0.048 0.002 0.005 0.005 0.001 0.048 0.000 0.001 0.001 

Locus 162 : 182862_79 
2 alleles
3.4% missing data
 130   (0.950) 0.997 0.960 0.997 1.000 0.999 0.868 0.995 0.950 0.998 0.997 0.995 0.999 0.950 1.000 0.999 0.999 
 110   (0.050) 0.003 0.040 0.003 0.000 0.001 0.132 0.005 0.050 0.002 0.003 0.005 0.001 0.050 0.000 0.001 0.001 

Locus 163 : 183288_63 
2 alleles
10.1% missing data
 100   (0.960) 0.998 0.969 0.998 1.000 0.999 0.972 0.996 0.960 0.998 0.998 0.995 0.999 0.961 1.000 0.999 0.999 
 120   (0.040) 0.002 0.031 0.002 0.000 0.001 0.028 0.004 0.040 0.002 0.002 0.005 0.001 0.039 0.000 0.001 0.001 

Locus 164 : 183906_55 
2 alleles
6.7% missing data
 130   (0.959) 0.997 0.968 0.998 1.000 0.999 0.947 0.996 0.959 0.998 0.998 0.995 0.999 0.960 1.000 0.999 0.999 
 100   (0.041) 0.003 0.032 0.002 0.000 0.001 0.053 0.004 0.041 0.002 0.002 0.005 0.001 0.040 0.000 0.001 0.001 

Locus 165 : 183990_7 
2 alleles
3.4% missing data
 120   (0.953) 0.997 0.960 0.997 1.000 0.999 0.997 0.993 0.953 0.998 0.997 0.995 0.999 0.953 1.000 0.820 0.999 
 100   (0.047) 0.003 0.040 0.003 0.000 0.001 0.003 0.007 0.047 0.002 0.003 0.005 0.001 0.047 0.000 0.180 0.001 

Locus 166 : 185904_60 
2 alleles
3.4% missing data
 120   (0.957) 0.998 0.965 0.997 1.000 0.999 0.997 0.995 0.957 0.914 0.996 0.995 0.999 0.958 1.000 0.999 0.999 
 100   (0.043) 0.002 0.035 0.003 0.000 0.001 0.003 0.005 0.043 0.086 0.004 0.005 0.001 0.042 0.000 0.001 0.001 

Locus 167 : 191703_64 
2 alleles
1.7% missing data
 130   (0.930) 0.878 0.944 0.996 1.000 0.999 0.995 0.992 0.930 0.998 0.994 0.669 0.998 0.930 1.000 0.999 0.998 
 110   (0.070) 0.122 0.056 0.004 0.000 0.001 0.005 0.008 0.070 0.002 0.006 0.331 0.002 0.070 0.000 0.001 0.002 

Locus 168 : 193854_7 
2 alleles
1.7% missing data
 130   (0.938) 0.996 0.948 0.996 1.000 0.999 0.884 0.994 0.938 0.997 0.996 0.993 0.998 0.938 0.999 0.999 0.982 
 110   (0.062) 0.004 0.052 0.004 0.000 0.001 0.116 0.006 0.062 0.003 0.004 0.007 0.002 0.062 0.001 0.001 0.018 

Locus 169 : 194868_38 
2 alleles
5.6% missing data
 120   (0.941) 0.964 0.914 0.905 1.000 0.999 0.996 0.994 0.941 0.998 0.997 0.992 0.998 0.941 1.000 0.997 0.999 
 100   (0.059) 0.036 0.086 0.095 0.000 0.001 0.004 0.006 0.059 0.002 0.003 0.008 0.002 0.059 0.000 0.003 0.001 

Locus 170 : 195463_36 
2 alleles
5.1% missing data
 120   (0.960) 0.873 0.967 0.998 1.000 0.999 0.997 0.997 0.960 0.999 0.998 0.996 0.999 0.960 1.000 0.999 0.999 
 100   (0.040) 0.127 0.033 0.002 0.000 0.001 0.003 0.003 0.040 0.001 0.002 0.004 0.001 0.040 0.000 0.001 0.001 

Locus 171 : 195727_20 
2 alleles
1.7% missing data
 130   (0.954) 0.997 0.964 0.998 1.000 0.999 0.915 0.996 0.954 0.998 0.996 0.995 0.999 0.955 1.000 0.999 0.999 
 110   (0.046) 0.003 0.036 0.002 0.000 0.001 0.085 0.004 0.046 0.002 0.004 0.005 0.001 0.045 0.000 0.001 0.001 

Locus 172 : 197508_5 
2 alleles
2.2% missing data
 120   (0.961) 0.998 0.961 0.991 1.000 0.999 0.997 0.996 0.961 0.999 0.997 0.995 0.999 0.960 1.000 0.999 0.999 
 100   (0.039) 0.002 0.039 0.009 0.000 0.001 0.003 0.004 0.039 0.001 0.003 0.005 0.001 0.040 0.000 0.001 0.001 

Locus 173 : 199140_10 
2 alleles
4.5% missing data
 130   (0.960) 0.998 0.961 0.998 1.000 0.999 0.997 0.994 0.960 0.999 0.996 0.995 0.999 0.959 1.000 0.997 0.999 
 110   (0.040) 0.002 0.039 0.002 0.000 0.001 0.003 0.006 0.040 0.001 0.004 0.005 0.001 0.041 0.000 0.003 0.001 

Locus 174 : 199429_51 
2 alleles
5.1% missing data
 130   (0.958) 0.997 0.957 0.997 1.000 0.999 0.997 0.994 0.958 0.987 0.997 0.995 0.999 0.958 1.000 0.999 0.999 
 100   (0.042) 0.003 0.043 0.003 0.000 0.001 0.003 0.006 0.042 0.013 0.003 0.005 0.001 0.042 0.000 0.001 0.001 

Locus 175 : 199635_9 
2 alleles
3.4% missing data
 120   (0.949) 0.997 0.960 0.997 1.000 0.999 0.831 0.996 0.949 0.998 0.997 0.995 0.999 0.950 1.000 0.999 0.999 
 100   (0.051) 0.003 0.040 0.003 0.000 0.001 0.169 0.004 0.051 0.002 0.003 0.005 0.001 0.050 0.000 0.001 0.001 

Locus 176 : 200923_8 
2 alleles
5.1% missing data
 100   (0.962) 0.995 0.969 0.998 1.000 0.999 0.997 0.996 0.962 0.998 0.997 0.939 0.999 0.962 1.000 1.000 0.999 
 110   (0.038) 0.005 0.031 0.002 0.000 0.001 0.003 0.004 0.038 0.002 0.003 0.061 0.001 0.038 0.000 0.000 0.001 

Locus 177 : 201090_64 
2 alleles
5.1% missing data
 130   (0.957) 0.997 0.963 0.997 1.000 0.999 0.997 0.995 0.957 0.960 0.997 0.995 0.999 0.957 1.000 0.999 0.999 
 100   (0.043) 0.003 0.037 0.003 0.000 0.001 0.003 0.005 0.043 0.040 0.003 0.005 0.001 0.043 0.000 0.001 0.001 

Locus 178 : 201549_57 
2 alleles
4.5% missing data
 120   (0.957) 0.915 0.966 0.998 1.000 0.999 0.997 0.996 0.957 0.998 0.997 0.995 0.999 0.957 1.000 0.999 0.999 
 110   (0.043) 0.085 0.034 0.002 0.000 0.001 0.003 0.004 0.043 0.002 0.003 0.005 0.001 0.043 0.000 0.001 0.001 

Locus 179 : 203565_40 
2 alleles
3.9% missing data
 120   (0.960) 0.998 0.967 0.998 1.000 0.999 0.997 0.996 0.960 0.998 0.997 0.938 0.998 0.960 1.000 0.999 0.999 
 100   (0.040) 0.002 0.033 0.002 0.000 0.001 0.003 0.004 0.040 0.002 0.003 0.062 0.002 0.040 0.000 0.001 0.001 

Locus 180 : 205184_19 
2 alleles
7.3% missing data
 110   (0.924) 0.996 0.942 0.996 1.000 0.999 0.763 0.991 0.924 0.997 0.994 0.992 0.998 0.925 1.000 0.999 0.868 
 120   (0.076) 0.004 0.058 0.004 0.000 0.001 0.237 0.009 0.076 0.003 0.006 0.008 0.002 0.075 0.000 0.001 0.132 

Locus 181 : 206551_17 
2 alleles
6.2% missing data
 120   (0.895) 0.974 0.903 0.994 0.999 0.880 0.993 0.983 0.895 0.617 0.989 0.940 0.996 0.895 0.999 0.993 0.997 
 100   (0.105) 0.026 0.097 0.006 0.001 0.120 0.007 0.017 0.105 0.383 0.011 0.060 0.004 0.105 0.001 0.007 0.003 

Locus 182 : 216246_19 
2 alleles
2.8% missing data
 110   (0.943) 0.984 0.939 0.989 1.000 0.999 0.996 0.981 0.943 0.997 0.995 0.990 0.996 0.943 1.000 0.995 0.998 
 130   (0.057) 0.016 0.061 0.011 0.000 0.001 0.004 0.019 0.057 0.003 0.005 0.010 0.004 0.057 0.000 0.005 0.002 

Locus 183 : 216776_13 
2 alleles
5.6% missing data
 120   (0.917) 0.995 0.931 0.995 1.000 0.835 0.731 0.991 0.917 0.997 0.995 0.991 0.998 0.917 0.999 0.999 0.991 
 110   (0.083) 0.005 0.069 0.005 0.000 0.165 0.269 0.009 0.083 0.003 0.005 0.009 0.002 0.083 0.001 0.001 0.009 

Locus 184 : 217291_37 
2 alleles
3.9% missing data
 120   (0.955) 0.931 0.958 0.998 1.000 0.999 0.997 0.992 0.955 0.998 0.994 0.994 0.999 0.955 1.000 0.999 0.999 
 100   (0.045) 0.069 0.042 0.002 0.000 0.001 0.003 0.008 0.045 0.002 0.006 0.006 0.001 0.045 0.000 0.001 0.001 

Locus 185 : 217570_13 
2 alleles
3.9% missing data
 130   (0.955) 0.998 0.965 0.998 1.000 0.999 0.868 0.995 0.955 0.999 0.997 0.995 0.999 0.956 1.000 0.999 0.999 
 110   (0.045) 0.002 0.035 0.002 0.000 0.001 0.132 0.005 0.045 0.001 0.003 0.005 0.001 0.044 0.000 0.001 0.001 

Locus 186 : 220422_65 
2 alleles
3.4% missing data
 120   (0.948) 0.984 0.940 0.982 0.998 0.999 0.996 0.969 0.948 0.998 0.997 0.993 0.995 0.948 0.999 0.999 0.999 
 110   (0.052) 0.016 0.060 0.018 0.002 0.001 0.004 0.031 0.052 0.002 0.003 0.007 0.005 0.052 0.001 0.001 0.001 

Locus 187 : 220502_40 
2 alleles
6.7% missing data
 120   (0.953) 0.997 0.962 0.997 1.000 0.999 0.997 0.994 0.953 0.998 0.997 0.994 0.966 0.953 0.999 0.999 0.999 
 110   (0.047) 0.003 0.038 0.003 0.000 0.001 0.003 0.006 0.047 0.002 0.003 0.006 0.034 0.047 0.001 0.001 0.001 

Locus 188 : 220519_81 
2 alleles
4.5% missing data
 130   (0.931) 0.996 0.943 0.996 1.000 0.999 0.859 0.993 0.931 0.997 0.996 0.937 0.998 0.932 0.999 0.999 0.998 
 110   (0.069) 0.004 0.057 0.004 0.000 0.001 0.141 0.007 0.069 0.003 0.004 0.063 0.002 0.068 0.001 0.001 0.002 

Locus 189 : 222347_17 
2 alleles
3.9% missing data
 120   (0.953) 0.997 0.963 0.997 1.000 0.999 0.893 0.995 0.953 0.998 0.998 0.995 0.999 0.953 1.000 0.999 0.999 
 100   (0.047) 0.003 0.037 0.003 0.000 0.001 0.107 0.005 0.047 0.002 0.002 0.005 0.001 0.047 0.000 0.001 0.001 

Locus 190 : 222896_46 
2 alleles
0.6% missing data
 110   (0.957) 0.998 0.967 0.998 1.000 0.999 0.945 0.996 0.957 0.998 0.997 0.995 0.999 0.957 1.000 0.999 0.999 
 130   (0.043) 0.002 0.033 0.002 0.000 0.001 0.055 0.004 0.043 0.002 0.003 0.005 0.001 0.043 0.000 0.001 0.001 

Locus 191 : 223181_12 
2 alleles
3.4% missing data
 120   (0.951) 0.997 0.961 0.997 1.000 0.999 0.725 0.996 0.951 0.998 0.996 0.995 0.999 0.951 1.000 0.999 0.999 
 100   (0.049) 0.003 0.039 0.003 0.000 0.001 0.275 0.004 0.049 0.002 0.004 0.005 0.001 0.049 0.000 0.001 0.001 

Locus 192 : 224649_57 
2 alleles
5.1% missing data
 100   (0.961) 0.997 0.966 0.997 1.000 0.999 0.997 0.996 0.961 0.998 0.997 0.994 0.999 0.960 1.000 0.999 0.981 
 110   (0.039) 0.003 0.034 0.003 0.000 0.001 0.003 0.004 0.039 0.002 0.003 0.006 0.001 0.040 0.000 0.001 0.019 

Locus 193 : 226245_11 
2 alleles
5.1% missing data
 130   (0.959) 0.998 0.967 0.998 1.000 0.999 0.997 0.996 0.959 0.999 0.998 0.995 0.912 0.959 1.000 0.999 0.999 
 110   (0.041) 0.002 0.033 0.002 0.000 0.001 0.003 0.004 0.041 0.001 0.002 0.005 0.088 0.041 0.000 0.001 0.001 

Locus 194 : 226342_59 
2 alleles
6.2% missing data
 120   (0.912) 0.994 0.921 0.994 0.998 0.996 0.912 0.985 0.912 0.996 0.989 0.989 0.997 0.913 0.999 0.998 0.969 
 100   (0.088) 0.006 0.079 0.006 0.002 0.004 0.088 0.015 0.088 0.004 0.011 0.011 0.003 0.087 0.001 0.002 0.031 

Locus 195 : 228970_13 
2 alleles
3.9% missing data
 120   (0.961) 0.965 0.968 0.998 1.000 0.999 0.997 0.996 0.961 0.999 0.998 0.995 0.999 0.961 1.000 0.999 0.999 
 100   (0.039) 0.035 0.032 0.002 0.000 0.001 0.003 0.004 0.039 0.001 0.002 0.005 0.001 0.039 0.000 0.001 0.001 

Locus 196 : 229097_27 
2 alleles
5.1% missing data
 130   (0.956) 0.997 0.966 0.998 1.000 0.999 0.794 0.995 0.956 0.998 0.997 0.995 0.999 0.956 1.000 0.999 0.999 
 110   (0.044) 0.003 0.034 0.002 0.000 0.001 0.206 0.005 0.044 0.002 0.003 0.005 0.001 0.044 0.000 0.001 0.001 

Locus 197 : 229177_29 
2 alleles
7.3% missing data
 130   (0.952) 0.997 0.960 0.997 0.998 0.813 0.997 0.988 0.952 0.996 0.993 0.994 0.998 0.952 0.999 0.999 0.998 
 110   (0.048) 0.003 0.040 0.003 0.002 0.187 0.003 0.012 0.048 0.004 0.007 0.006 0.002 0.048 0.001 0.001 0.002 

Locus 198 : 229612_7 
2 alleles
6.2% missing data
 100   (0.959) 0.998 0.959 0.990 1.000 0.999 0.997 0.996 0.959 0.998 0.998 0.995 0.999 0.958 1.000 0.999 0.999 
 120   (0.041) 0.002 0.041 0.010 0.000 0.001 0.003 0.004 0.041 0.002 0.002 0.005 0.001 0.042 0.000 0.001 0.001 

Locus 199 : 229936_67 
2 alleles
3.9% missing data
 120   (0.948) 0.996 0.947 0.996 0.995 0.996 0.996 0.979 0.948 0.996 0.990 0.992 0.980 0.947 0.977 0.999 0.998 
 100   (0.052) 0.004 0.053 0.004 0.005 0.004 0.004 0.021 0.052 0.004 0.010 0.008 0.020 0.053 0.023 0.001 0.002 

Locus 200 : 232937_62 
2 alleles
2.2% missing data
 100   (0.957) 0.998 0.960 0.998 1.000 0.994 0.997 0.995 0.957 0.999 0.996 0.995 0.999 0.957 1.000 0.999 0.999 
 120   (0.043) 0.002 0.040 0.002 0.000 0.006 0.003 0.005 0.043 0.001 0.004 0.005 0.001 0.043 0.000 0.001 0.001 

Locus 201 : 233194_6 
2 alleles
2.8% missing data
 120   (0.936) 0.996 0.949 0.997 1.000 0.999 0.667 0.990 0.936 0.998 0.994 0.993 0.998 0.937 1.000 0.999 0.967 
 100   (0.064) 0.004 0.051 0.003 0.000 0.001 0.333 0.010 0.064 0.002 0.006 0.007 0.002 0.063 0.000 0.001 0.033 

Locus 202 : 234346_33 
2 alleles
4.5% missing data
 110   (0.959) 0.998 0.968 0.998 1.000 0.999 0.997 0.996 0.959 0.999 0.997 0.996 0.999 0.959 1.000 0.999 0.819 
 130   (0.041) 0.002 0.032 0.002 0.000 0.001 0.003 0.004 0.041 0.001 0.003 0.004 0.001 0.041 0.000 0.001 0.181 

Locus 203 : 235241_77 
2 alleles
2.2% missing data
 130   (0.954) 0.997 0.964 0.998 1.000 0.999 0.840 0.996 0.955 0.998 0.998 0.995 0.999 0.955 1.000 0.999 0.999 
 100   (0.046) 0.003 0.036 0.002 0.000 0.001 0.160 0.004 0.045 0.002 0.002 0.005 0.001 0.045 0.000 0.001 0.001 

Locus 204 : 236207_44 
2 alleles
6.2% missing data
 120   (0.901) 0.966 0.919 0.994 0.999 0.998 0.993 0.989 0.901 0.996 0.994 0.871 0.768 0.901 0.775 0.999 0.998 
 100   (0.099) 0.034 0.081 0.006 0.001 0.002 0.007 0.011 0.099 0.004 0.006 0.129 0.232 0.099 0.225 0.001 0.002 

Locus 205 : 236307_12 
2 alleles
1.7% missing data
 130   (0.955) 0.993 0.963 0.997 1.000 0.999 0.997 0.996 0.955 0.998 0.997 0.994 0.999 0.955 1.000 0.601 0.999 
 110   (0.045) 0.007 0.037 0.003 0.000 0.001 0.003 0.004 0.045 0.002 0.003 0.006 0.001 0.045 0.000 0.399 0.001 

Locus 206 : 236931_45 
2 alleles
6.7% missing data
 120   (0.877) 0.722 0.875 0.707 1.000 0.997 0.991 0.985 0.877 0.995 0.990 0.442 0.991 0.878 0.999 0.997 0.997 
 100   (0.123) 0.278 0.125 0.293 0.000 0.003 0.009 0.015 0.123 0.005 0.010 0.558 0.009 0.122 0.001 0.003 0.003 

Locus 207 : 236999_38 
2 alleles
2.8% missing data
 120   (0.957) 0.998 0.967 0.998 1.000 0.999 0.946 0.995 0.957 0.998 0.997 0.995 0.999 0.958 1.000 0.999 0.999 
 100   (0.043) 0.002 0.033 0.002 0.000 0.001 0.054 0.005 0.043 0.002 0.003 0.005 0.001 0.042 0.000 0.001 0.001 

Locus 208 : 240398_42 
2 alleles
3.9% missing data
 110   (0.854) 0.885 0.812 0.837 0.999 0.997 0.990 0.982 0.854 0.995 0.986 0.448 0.996 0.854 0.999 0.644 0.996 
 130   (0.146) 0.115 0.188 0.163 0.001 0.003 0.010 0.018 0.146 0.005 0.014 0.552 0.004 0.146 0.001 0.356 0.004 

Locus 209 : 240825_22 
2 alleles
6.2% missing data
 130   (0.959) 0.997 0.963 0.997 0.996 0.997 0.997 0.993 0.959 0.995 0.996 0.991 0.997 0.959 0.999 0.999 0.999 
 110   (0.041) 0.003 0.037 0.003 0.004 0.003 0.003 0.007 0.041 0.005 0.004 0.009 0.003 0.041 0.001 0.001 0.001 

Locus 210 : 244435_48 
2 alleles
1.7% missing data
 110   (0.960) 0.998 0.968 0.998 1.000 0.999 0.997 0.997 0.960 0.999 0.998 0.996 0.911 0.961 1.000 1.000 0.999 
 130   (0.040) 0.002 0.032 0.002 0.000 0.001 0.003 0.003 0.040 0.001 0.002 0.004 0.089 0.039 0.000 0.000 0.001 

Locus 211 : 245971_21 
2 alleles
5.1% missing data
 130   (0.955) 0.998 0.965 0.998 1.000 0.999 0.916 0.995 0.955 0.998 0.996 0.995 0.999 0.955 1.000 0.999 0.999 
 120   (0.045) 0.002 0.035 0.002 0.000 0.001 0.084 0.005 0.045 0.002 0.004 0.005 0.001 0.045 0.000 0.001 0.001 

Locus 212 : 246895_22 
2 alleles
3.4% missing data
 120   (0.960) 0.998 0.960 0.998 1.000 0.999 0.997 0.993 0.960 0.999 0.997 0.996 0.999 0.959 1.000 0.996 0.999 
 110   (0.040) 0.002 0.040 0.002 0.000 0.001 0.003 0.007 0.040 0.001 0.003 0.004 0.001 0.041 0.000 0.004 0.001 

Locus 213 : 248131_26 
2 alleles
7.9% missing data
 130   (0.941) 0.994 0.951 0.976 0.999 0.998 0.996 0.992 0.941 0.960 0.993 0.990 0.996 0.942 0.999 0.999 0.998 
 110   (0.059) 0.006 0.049 0.024 0.001 0.002 0.004 0.008 0.059 0.040 0.007 0.010 0.004 0.058 0.001 0.001 0.002 

Locus 214 : 250844_49 
2 alleles
7.3% missing data
 130   (0.957) 0.997 0.958 0.987 1.000 0.999 0.997 0.990 0.957 0.998 0.997 0.995 0.999 0.957 1.000 0.999 0.999 
 100   (0.043) 0.003 0.042 0.013 0.000 0.001 0.003 0.010 0.043 0.002 0.003 0.005 0.001 0.043 0.000 0.001 0.001 

Locus 215 : 251283_19 
2 alleles
5.6% missing data
 120   (0.957) 0.998 0.967 0.998 1.000 0.999 0.997 0.995 0.957 0.998 0.997 0.825 0.999 0.958 1.000 0.999 0.999 
 100   (0.043) 0.002 0.033 0.002 0.000 0.001 0.003 0.005 0.043 0.002 0.003 0.175 0.001 0.042 0.000 0.001 0.001 

Locus 216 : 251358_15 
2 alleles
8.4% missing data
 110   (0.933) 0.995 0.944 0.802 1.000 0.999 0.995 0.991 0.933 0.997 0.994 0.990 0.945 0.933 1.000 0.999 0.998 
 120   (0.067) 0.005 0.056 0.198 0.000 0.001 0.005 0.009 0.067 0.003 0.006 0.010 0.055 0.067 0.000 0.001 0.002 

Locus 217 : 251901_42 
2 alleles
2.2% missing data
 120   (0.959) 0.998 0.964 0.998 1.000 0.999 0.997 0.993 0.959 0.982 0.995 0.995 0.998 0.959 1.000 0.999 0.999 
 100   (0.041) 0.002 0.036 0.002 0.000 0.001 0.003 0.007 0.041 0.018 0.005 0.005 0.002 0.041 0.000 0.001 0.001 

Locus 218 : 252158_43 
2 alleles
0.0% missing data
 120   (0.950) 0.997 0.962 0.997 1.000 0.999 0.919 0.995 0.950 0.998 0.996 0.995 0.999 0.950 1.000 0.999 0.999 
 100   (0.050) 0.003 0.038 0.003 0.000 0.001 0.081 0.005 0.050 0.002 0.004 0.005 0.001 0.050 0.000 0.001 0.001 

Locus 219 : 252988_16 
2 alleles
7.9% missing data
 110   (0.951) 0.997 0.958 0.996 1.000 0.999 0.996 0.993 0.951 0.717 0.996 0.994 0.998 0.951 1.000 0.999 0.999 
 100   (0.049) 0.003 0.042 0.004 0.000 0.001 0.004 0.007 0.049 0.283 0.004 0.006 0.002 0.049 0.000 0.001 0.001 

Locus 220 : 254425_88 
2 alleles
5.6% missing data
 130   (0.913) 0.995 0.929 0.995 1.000 0.997 0.774 0.992 0.913 0.997 0.995 0.990 0.998 0.914 0.999 0.999 0.884 
 110   (0.087) 0.005 0.071 0.005 0.000 0.003 0.226 0.008 0.087 0.003 0.005 0.010 0.002 0.086 0.001 0.001 0.116 

Locus 221 : 256337_57 
2 alleles
5.6% missing data
 110   (0.961) 0.998 0.968 0.998 1.000 0.999 0.997 0.996 0.961 0.998 0.998 0.932 0.999 0.961 1.000 0.999 0.999 
 130   (0.039) 0.002 0.032 0.002 0.000 0.001 0.003 0.004 0.039 0.002 0.002 0.068 0.001 0.039 0.000 0.001 0.001 

Locus 222 : 259058_15 
2 alleles
1.7% missing data
 120   (0.957) 0.998 0.966 0.998 1.000 0.999 0.997 0.996 0.957 0.999 0.998 0.995 0.999 0.957 1.000 0.999 0.874 
 100   (0.043) 0.002 0.034 0.002 0.000 0.001 0.003 0.004 0.043 0.001 0.002 0.005 0.001 0.043 0.000 0.001 0.126 

Locus 223 : 259869_81 
2 alleles
0.6% missing data
 120   (0.957) 0.998 0.966 0.998 1.000 0.999 0.997 0.996 0.957 0.998 0.997 0.995 0.999 0.957 1.000 0.999 0.942 
 130   (0.043) 0.002 0.034 0.002 0.000 0.001 0.003 0.004 0.043 0.002 0.003 0.005 0.001 0.043 0.000 0.001 0.058 

Locus 224 : 260700_55 
2 alleles
2.2% missing data
 130   (0.956) 0.997 0.964 0.997 1.000 0.979 0.997 0.994 0.956 0.995 0.995 0.994 0.998 0.956 1.000 0.999 0.999 
 110   (0.044) 0.003 0.036 0.003 0.000 0.021 0.003 0.006 0.044 0.005 0.005 0.006 0.002 0.044 0.000 0.001 0.001 

Locus 225 : 262223_11 
2 alleles
4.5% missing data
 130   (0.951) 0.997 0.962 0.997 1.000 0.863 0.997 0.995 0.951 0.998 0.996 0.995 0.999 0.952 1.000 0.999 0.999 
 100   (0.049) 0.003 0.038 0.003 0.000 0.137 0.003 0.005 0.049 0.002 0.004 0.005 0.001 0.048 0.000 0.001 0.001 

Locus 226 : 262346_48 
2 alleles
3.4% missing data
 130   (0.954) 0.997 0.963 0.998 1.000 0.999 0.997 0.996 0.954 0.998 0.996 0.395 0.999 0.955 1.000 0.999 0.999 
 110   (0.046) 0.003 0.037 0.002 0.000 0.001 0.003 0.004 0.046 0.002 0.004 0.605 0.001 0.045 0.000 0.001 0.001 

Locus 227 : 262620_18 
2 alleles
3.9% missing data
 110   (0.949) 0.996 0.948 0.995 0.997 0.998 0.996 0.985 0.949 0.997 0.992 0.992 0.995 0.948 0.993 0.990 0.998 
 130   (0.051) 0.004 0.052 0.005 0.003 0.002 0.004 0.015 0.051 0.003 0.008 0.008 0.005 0.052 0.007 0.010 0.002 

Locus 228 : 263002_42 
2 alleles
3.4% missing data
 120   (0.949) 0.995 0.958 0.839 1.000 0.999 0.996 0.993 0.949 0.998 0.997 0.994 0.999 0.950 1.000 0.999 0.999 
 100   (0.051) 0.005 0.042 0.161 0.000 0.001 0.004 0.007 0.051 0.002 0.003 0.006 0.001 0.050 0.000 0.001 0.001 

Locus 229 : 263813_70 
2 alleles
10.1% missing data
 130   (0.952) 0.997 0.962 0.997 1.000 0.999 0.996 0.995 0.952 0.998 0.997 0.994 0.999 0.952 1.000 0.999 0.938 
 110   (0.048) 0.003 0.038 0.003 0.000 0.001 0.004 0.005 0.048 0.002 0.003 0.006 0.001 0.048 0.000 0.001 0.062 

Locus 230 : 264184_13 
2 alleles
10.1% missing data
 110   (0.915) 0.995 0.929 0.995 0.999 0.998 0.993 0.990 0.915 0.837 0.993 0.945 0.854 0.915 0.999 0.999 0.998 
 130   (0.085) 0.005 0.071 0.005 0.001 0.002 0.007 0.010 0.085 0.163 0.007 0.055 0.146 0.085 0.001 0.001 0.002 

Values of parameters used in structure:
DATAFILE=C:\Users\jmahg\OneDrive\Desktop\Transfers\TrkNbr-1524n1282n1083_AllPops_Structure_p18_r080_LDnHWEx\project_data,	OUTFILE=C:\Users\jmahg\OneDrive\Desktop\Transfers\TrkNbr-1524n1282n1083_AllPops_Structure_p18_r080_LDnHWEx\BI50000_MCMC100000\Results\BI50000_MCMC100000_run_151,	NUMINDS=178,	NUMLOCI=230,	MISSING=0,	LABEL=1,	POPDATA=1,	POPFLAG=0,	PHENOTYPE=0,	EXTRACOLS=0,	MAXPOPS=16,	BURNIN=50000,	NUMREPS=100000,	USEPOPINFO=0,	INFERALPHA=1,	INFERLAMBDA=0,	POPSPECIFICLAMBDA=0,	POPALPHAS=0,	COMPUTEPROB=1,	NOADMIX=0,	ADMBURNIN=2500,	UPDATEFREQ=1,	PRINTLIKES=0,	INTERMEDSAVE=0,	PRINTKLD=0,	PRINTNET=0,	PRINTLAMBDA=0,	ANCESTDIST=0,	NUMBOXES=1000,	ANCESTPINT=0.90000,	GENSBACK=2,	MIGRPRIOR=0.05000,	PRINTQHAT=0,	PRINTQSUM=0,	ALPHA=1.0000,	FREQSCORR=1,	FPRIORMEAN=0.0100,	FPRIORSD=0.0500,	ONEFST=0,	LAMBDA=1.0000,	UNIFPRIORALPHA=1,	ALPHAMAX=10.0000,	ALPHAPRIORA=1.0000,	ALPHAPRIORB=2.0000,	ALPHAPROPSD=0.0250,	STARTATPOPINFO=0,	RANDOMIZE=1,	LINKAGE=0,	METROFREQ=10,	REPORTHITRATE=0,	MARKOVPHASE=-1,	PHASED=0,	PLOIDY=2,	PHASEINFO=0	LOCPRIOR=0, 	LOCPRIORINIT=1.000000, 	LOCDATA=0, 	LOCISPOP=0, 	LOCPRIORSTEP=0.100000, 	MAXLOCPRIOR=20.000000, 	SEED=1603016013,	
[STRAT parameters]:    NUMSIMSTATS=1000,	PHENOTYPECOL=-9,	POOLFREQ=10,	LOCUSxONLY=0,	EMERROR=0.00100,	MISSINGPHENO=-9,	