

----------------------------------------------------
STRUCTURE by Pritchard, Stephens and Donnelly (2000)
     and Falush, Stephens and Pritchard (2003)
       Code by Pritchard, Falush and Hubisz
             Version 2.3.4 (Jul 2012)
----------------------------------------------------



Command line arguments:   bin\structure -m C:\Users\jmahg\OneDrive\Desktop\Transfers\TrkNbr-1524n1282n1083_AllPops_Structure_p18_r080_LDnHWEx\BI50000_MCMC100000\mainparams -e C:\Users\jmahg\OneDrive\Desktop\Transfers\TrkNbr-1524n1282n1083_AllPops_Structure_p18_r080_LDnHWEx\BI50000_MCMC100000\extraparams 
Input File:    C:\Users\jmahg\OneDrive\Desktop\Transfers\TrkNbr-1524n1282n1083_AllPops_Structure_p18_r080_LDnHWEx\project_data

Run parameters:
   178 individuals
   230 loci
   17 populations assumed
   50000 Burn-in period
   100000 Reps


--------------------------------------------
Proportion of membership of each pre-defined
 population in each of the 17 clusters

Given    Inferred Clusters                                                                                                         Number of
 Pop       1      2      3      4      5      6      7      8      9     10     11     12     13     14     15     16     17      Individuals

  1:     0.016  0.008  0.017  0.014  0.025  0.714  0.007  0.011  0.045  0.010  0.006  0.017  0.005  0.002  0.023  0.037  0.042       10
  2:     0.005  0.026  0.036  0.029  0.006  0.030  0.007  0.013  0.098  0.025  0.008  0.502  0.013  0.002  0.056  0.066  0.078        8
  3:     0.005  0.020  0.041  0.017  0.007  0.013  0.009  0.519  0.054  0.013  0.008  0.013  0.003  0.002  0.101  0.074  0.100       10
  4:     0.017  0.053  0.048  0.364  0.018  0.018  0.010  0.022  0.088  0.008  0.010  0.063  0.008  0.003  0.098  0.087  0.088       10
  5:     0.004  0.004  0.008  0.005  0.004  0.007  0.009  0.008  0.010  0.004  0.018  0.007  0.003  0.869  0.014  0.012  0.015       10
  6:     0.005  0.007  0.065  0.009  0.008  0.023  0.010  0.362  0.076  0.003  0.012  0.016  0.004  0.003  0.153  0.099  0.144       10
  7:     0.004  0.010  0.025  0.006  0.004  0.616  0.009  0.012  0.054  0.002  0.007  0.015  0.003  0.002  0.044  0.096  0.088       10
  8:     0.043  0.042  0.046  0.047  0.070  0.066  0.009  0.031  0.115  0.032  0.009  0.258  0.017  0.002  0.047  0.089  0.075       10
  9:     0.005  0.006  0.084  0.007  0.005  0.066  0.010  0.020  0.124  0.003  0.010  0.016  0.003  0.002  0.198  0.199  0.241       10
 10:     0.005  0.006  0.144  0.009  0.006  0.016  0.011  0.028  0.086  0.004  0.012  0.020  0.004  0.002  0.307  0.166  0.171       10
 11:     0.008  0.018  0.037  0.011  0.568  0.017  0.008  0.014  0.047  0.027  0.008  0.032  0.008  0.002  0.070  0.056  0.069       10
 12:     0.076  0.007  0.023  0.015  0.585  0.019  0.009  0.017  0.032  0.005  0.009  0.053  0.005  0.002  0.051  0.043  0.048       10
 13:     0.812  0.009  0.015  0.009  0.009  0.015  0.006  0.011  0.017  0.008  0.008  0.011  0.008  0.002  0.021  0.019  0.021       10
 14:     0.004  0.005  0.022  0.007  0.004  0.011  0.726  0.015  0.029  0.004  0.016  0.009  0.003  0.010  0.048  0.041  0.043       10
 15:     0.005  0.006  0.016  0.006  0.004  0.009  0.079  0.026  0.021  0.004  0.709  0.009  0.003  0.004  0.036  0.029  0.034       10
 16:     0.007  0.233  0.068  0.214  0.010  0.026  0.008  0.032  0.122  0.021  0.009  0.028  0.013  0.002  0.056  0.093  0.058       10
 17:     0.020  0.017  0.032  0.022  0.069  0.030  0.007  0.015  0.059  0.009  0.007  0.048  0.517  0.002  0.048  0.049  0.048       10
 18:     0.005  0.004  0.012  0.005  0.005  0.009  0.009  0.011  0.017  0.004  0.009  0.009  0.003  0.834  0.024  0.020  0.020       10
--------------------------------------------

Allele-freq. divergence among pops (Net nucleotide distance),
computed using point estimates of P.

      1       2       3       4       5       6       7       8       9      10      11      12      13      14      15      16      17      
 1      -    0.0055  0.0042  0.0078  0.0048  0.0070  0.0076  0.0061  0.0050  0.0045  0.0083  0.0078  0.0104  0.0118  0.0051  0.0049  0.0051  
 2   0.0055     -    0.0010  0.0018  0.0034  0.0036  0.0044  0.0028  0.0018  0.0013  0.0050  0.0047  0.0081  0.0075  0.0023  0.0021  0.0022  
 3   0.0042  0.0010     -    0.0030  0.0022  0.0022  0.0028  0.0015  0.0005  0.0007  0.0034  0.0033  0.0070  0.0061  0.0007  0.0006  0.0007  
 4   0.0078  0.0018  0.0030     -    0.0053  0.0055  0.0061  0.0044  0.0032  0.0039  0.0068  0.0066  0.0110  0.0104  0.0036  0.0034  0.0035  
 5   0.0048  0.0034  0.0022  0.0053     -    0.0043  0.0053  0.0039  0.0026  0.0027  0.0060  0.0050  0.0079  0.0096  0.0028  0.0027  0.0028  
 6   0.0070  0.0036  0.0022  0.0055  0.0043     -    0.0050  0.0035  0.0016  0.0035  0.0057  0.0053  0.0099  0.0095  0.0024  0.0017  0.0019  
 7   0.0076  0.0044  0.0028  0.0061  0.0053  0.0050     -    0.0039  0.0030  0.0041  0.0057  0.0062  0.0109  0.0090  0.0027  0.0028  0.0027  
 8   0.0061  0.0028  0.0015  0.0044  0.0039  0.0035  0.0039     -    0.0016  0.0030  0.0045  0.0047  0.0095  0.0079  0.0013  0.0014  0.0013  
 9   0.0050  0.0018  0.0005  0.0032  0.0026  0.0016  0.0030  0.0016     -    0.0020  0.0037  0.0030  0.0081  0.0074  0.0004  0.0001  0.0002  
10   0.0045  0.0013  0.0007  0.0039  0.0027  0.0035  0.0041  0.0030  0.0020     -    0.0046  0.0043  0.0068  0.0058  0.0026  0.0023  0.0025  
11   0.0083  0.0050  0.0034  0.0068  0.0060  0.0057  0.0057  0.0045  0.0037  0.0046     -    0.0069  0.0116  0.0073  0.0034  0.0035  0.0034  
12   0.0078  0.0047  0.0033  0.0066  0.0050  0.0053  0.0062  0.0047  0.0030  0.0043  0.0069     -    0.0066  0.0106  0.0036  0.0033  0.0035  
13   0.0104  0.0081  0.0070  0.0110  0.0079  0.0099  0.0109  0.0095  0.0081  0.0068  0.0116  0.0066     -    0.0149  0.0086  0.0083  0.0085  
14   0.0118  0.0075  0.0061  0.0104  0.0096  0.0095  0.0090  0.0079  0.0074  0.0058  0.0073  0.0106  0.0149     -    0.0073  0.0073  0.0073  
15   0.0051  0.0023  0.0007  0.0036  0.0028  0.0024  0.0027  0.0013  0.0004  0.0026  0.0034  0.0036  0.0086  0.0073     -    0.0001  0.0001  
16   0.0049  0.0021  0.0006  0.0034  0.0027  0.0017  0.0028  0.0014  0.0001  0.0023  0.0035  0.0033  0.0083  0.0073  0.0001     -    0.0000  
17   0.0051  0.0022  0.0007  0.0035  0.0028  0.0019  0.0027  0.0013  0.0002  0.0025  0.0034  0.0035  0.0085  0.0073  0.0001  0.0000     -    

Average distances (expected heterozygosity) between individuals in same cluster:
cluster  1  : 0.0394 
cluster  2  : 0.0585 
cluster  3  : 0.0473 
cluster  4  : 0.0271 
cluster  5  : 0.0329 
cluster  6  : 0.0140 
cluster  7  : 0.0213 
cluster  8  : 0.0146 
cluster  9  : 0.0134 
cluster 10  : 0.0916 
cluster 11  : 0.0195 
cluster 12  : 0.0132 
cluster 13  : 0.0446 
cluster 14  : 0.0668 
cluster 15  : 0.0015 
cluster 16  : 0.0057 
cluster 17  : 0.0026 

--------------------------------------------
Estimated Ln Prob of Data   = -3687.1
Mean value of ln likelihood = -3211.5
Variance of ln likelihood   = 951.1
Mean value of alpha         = 0.0348

Mean value of Fst_1         = 0.4083
Mean value of Fst_2         = 0.3080
Mean value of Fst_3         = 0.4648
Mean value of Fst_4         = 0.5786
Mean value of Fst_5         = 0.4177
Mean value of Fst_6         = 0.6839
Mean value of Fst_7         = 0.6290
Mean value of Fst_8         = 0.6773
Mean value of Fst_9         = 0.7707
Mean value of Fst_10         = 0.0005
Mean value of Fst_11         = 0.6576
Mean value of Fst_12         = 0.7594
Mean value of Fst_13         = 0.4020
Mean value of Fst_14         = 0.2612
Mean value of Fst_15         = 0.9380
Mean value of Fst_16         = 0.8693
Mean value of Fst_17         = 0.9212


Inferred ancestry of individuals:
        Label (%Miss) Pop:  Inferred clusters
  1 TGCP_WM1    (0)    1 :  0.006 0.008 0.021 0.010 0.013 0.739 0.009 0.020 0.026 0.011 0.011 0.020 0.005 0.003 0.031 0.030 0.039 
  2 TGCP_WM10    (1)    1 :  0.005 0.006 0.029 0.007 0.016 0.513 0.009 0.025 0.081 0.003 0.008 0.035 0.004 0.002 0.052 0.108 0.098 
  3 TGCP_WM2    (0)    1 :  0.007 0.025 0.027 0.020 0.006 0.617 0.007 0.008 0.062 0.049 0.009 0.012 0.009 0.003 0.031 0.033 0.075 
  4 TGCP_WM3    (1)    1 :  0.004 0.003 0.009 0.004 0.007 0.877 0.005 0.008 0.014 0.002 0.005 0.010 0.003 0.002 0.015 0.016 0.018 
  5 TGCP_WM4    (0)    1 :  0.005 0.007 0.009 0.006 0.086 0.785 0.006 0.014 0.015 0.005 0.006 0.007 0.003 0.003 0.014 0.012 0.017 
  6 TGCP_WM5    (0)    1 :  0.023 0.017 0.018 0.047 0.036 0.443 0.008 0.009 0.162 0.015 0.007 0.043 0.006 0.002 0.023 0.072 0.069 
  7 TGCP_WM6    (0)    1 :  0.022 0.005 0.011 0.006 0.027 0.845 0.006 0.006 0.012 0.004 0.004 0.007 0.005 0.002 0.010 0.016 0.013 
  8 TGCP_WM7    (0)    1 :  0.021 0.007 0.031 0.027 0.006 0.623 0.007 0.015 0.054 0.004 0.007 0.021 0.010 0.002 0.042 0.053 0.071 
  9 TGCP_WM8    (0)    1 :  0.065 0.003 0.008 0.010 0.049 0.772 0.005 0.005 0.020 0.003 0.004 0.011 0.004 0.002 0.009 0.020 0.011 
 10 TGCP_WM9    (0)    1 :  0.003 0.003 0.003 0.005 0.005 0.929 0.003 0.005 0.009 0.003 0.004 0.004 0.003 0.001 0.005 0.006 0.008 
 11 MRLP_WM123    (3)    2 :  0.006 0.050 0.046 0.038 0.009 0.007 0.007 0.008 0.131 0.109 0.007 0.528 0.007 0.002 0.011 0.021 0.013 
 12 MRLP_WM124    (4)    2 :  0.004 0.003 0.013 0.007 0.006 0.012 0.008 0.013 0.024 0.002 0.009 0.787 0.004 0.002 0.035 0.038 0.031 
 13 MRLP_WM125    (1)    2 :  0.007 0.032 0.039 0.022 0.009 0.020 0.006 0.008 0.051 0.077 0.006 0.604 0.055 0.003 0.016 0.021 0.026 
 14 MRLP_WM126    (2)    2 :  0.005 0.003 0.091 0.006 0.004 0.016 0.007 0.025 0.118 0.002 0.011 0.014 0.002 0.002 0.252 0.156 0.286 
 15 MRLP_WM127    (3)    2 :  0.005 0.019 0.058 0.013 0.007 0.113 0.011 0.013 0.214 0.007 0.009 0.021 0.024 0.002 0.082 0.216 0.187 
 16 MRLP_WM128    (3)    2 :  0.004 0.003 0.006 0.003 0.004 0.004 0.004 0.006 0.007 0.002 0.004 0.912 0.006 0.002 0.012 0.009 0.011 
 17 MRLP_WM129    (7)    2 :  0.004 0.085 0.013 0.121 0.009 0.022 0.005 0.022 0.120 0.004 0.007 0.520 0.003 0.002 0.010 0.031 0.021 
 18 MRLP_WM130    (5)    2 :  0.004 0.008 0.020 0.019 0.003 0.043 0.005 0.008 0.120 0.002 0.008 0.635 0.003 0.002 0.029 0.039 0.050 
 19 STT_WM183    (2)    3 :  0.005 0.045 0.047 0.010 0.014 0.009 0.007 0.602 0.025 0.105 0.006 0.011 0.005 0.002 0.033 0.043 0.031 
 20 STT_WM184    (3)    3 :  0.006 0.036 0.034 0.038 0.010 0.010 0.008 0.668 0.033 0.010 0.008 0.014 0.004 0.002 0.035 0.037 0.047 
 21 STT_WM185   (15)    3 :  0.004 0.006 0.076 0.011 0.006 0.030 0.015 0.038 0.119 0.002 0.013 0.028 0.004 0.002 0.231 0.189 0.224 
 22 STT_WM186   (13)    3 :  0.006 0.005 0.086 0.012 0.006 0.017 0.012 0.028 0.116 0.002 0.010 0.020 0.003 0.002 0.248 0.171 0.255 
 23 STT_WM187   (13)    3 :  0.006 0.004 0.011 0.006 0.004 0.011 0.008 0.838 0.018 0.002 0.007 0.007 0.003 0.002 0.026 0.026 0.019 
 24 STT_WM188    (3)    3 :  0.003 0.004 0.011 0.005 0.004 0.005 0.006 0.899 0.009 0.002 0.004 0.005 0.002 0.002 0.019 0.009 0.010 
 25 STT_WM189    (0)    3 :  0.005 0.005 0.085 0.006 0.006 0.017 0.009 0.024 0.129 0.002 0.009 0.014 0.003 0.002 0.265 0.179 0.242 
 26 STT_WM190   (11)    3 :  0.004 0.002 0.007 0.005 0.006 0.008 0.007 0.884 0.009 0.002 0.004 0.008 0.003 0.002 0.013 0.015 0.021 
 27 STT_WM191    (7)    3 :  0.005 0.010 0.040 0.010 0.008 0.018 0.009 0.465 0.067 0.003 0.008 0.016 0.003 0.002 0.128 0.065 0.144 
 28 STT_WM192   (12)    3 :  0.005 0.085 0.014 0.069 0.004 0.007 0.005 0.742 0.011 0.005 0.006 0.006 0.003 0.002 0.016 0.009 0.011 
 29 FSSP_WM241    (3)    4 :  0.028 0.014 0.066 0.204 0.016 0.032 0.008 0.024 0.090 0.006 0.010 0.122 0.009 0.002 0.118 0.115 0.137 
 30 FSSP_WM242   (15)    4 :  0.006 0.006 0.089 0.010 0.007 0.017 0.012 0.024 0.132 0.002 0.011 0.012 0.003 0.002 0.264 0.155 0.248 
 31 FSSP_WM243    (6)    4 :  0.006 0.104 0.007 0.778 0.005 0.005 0.006 0.010 0.010 0.011 0.008 0.006 0.003 0.003 0.014 0.014 0.011 
 32 FSSP_WM244    (5)    4 :  0.070 0.008 0.062 0.063 0.025 0.031 0.010 0.026 0.138 0.006 0.012 0.274 0.020 0.002 0.066 0.101 0.085 
 33 FSSP_WM245   (10)    4 :  0.005 0.081 0.057 0.176 0.007 0.020 0.015 0.037 0.091 0.003 0.015 0.015 0.005 0.002 0.185 0.143 0.143 
 34 FSSP_WM246    (6)    4 :  0.008 0.015 0.085 0.049 0.011 0.019 0.015 0.038 0.172 0.007 0.011 0.027 0.007 0.003 0.197 0.178 0.157 
 35 FSSP_WM247    (3)    4 :  0.016 0.086 0.020 0.738 0.008 0.025 0.006 0.008 0.018 0.010 0.006 0.007 0.007 0.002 0.016 0.015 0.011 
 36 FSSP_WM248    (9)    4 :  0.016 0.059 0.008 0.805 0.017 0.007 0.005 0.008 0.011 0.003 0.010 0.013 0.003 0.002 0.012 0.010 0.012 
 37 FSSP_WM249    (6)    4 :  0.006 0.106 0.014 0.610 0.038 0.008 0.010 0.031 0.021 0.007 0.008 0.014 0.004 0.002 0.043 0.031 0.046 
 38 FSSP_WM250    (2)    4 :  0.007 0.050 0.070 0.206 0.046 0.011 0.011 0.012 0.201 0.020 0.006 0.137 0.016 0.003 0.067 0.104 0.032 
 39 HNL_WM301    (3)    5 :  0.004 0.004 0.007 0.005 0.005 0.008 0.007 0.006 0.008 0.003 0.011 0.006 0.002 0.893 0.010 0.009 0.011 
 40 HNL_WM302    (2)    5 :  0.003 0.002 0.004 0.004 0.003 0.003 0.004 0.005 0.005 0.002 0.006 0.004 0.002 0.933 0.007 0.005 0.007 
 41 HNL_WM303    (2)    5 :  0.004 0.004 0.006 0.006 0.005 0.007 0.009 0.009 0.014 0.003 0.009 0.010 0.003 0.867 0.021 0.010 0.013 
 42 HNL_WM304    (3)    5 :  0.005 0.005 0.008 0.005 0.004 0.012 0.009 0.012 0.017 0.002 0.067 0.009 0.004 0.773 0.025 0.022 0.020 
 43 HNL_WM305    (3)    5 :  0.004 0.005 0.006 0.004 0.004 0.006 0.006 0.006 0.008 0.007 0.013 0.006 0.003 0.903 0.007 0.007 0.007 
 44 HNL_WM306    (0)    5 :  0.004 0.003 0.005 0.004 0.003 0.005 0.005 0.005 0.006 0.005 0.021 0.005 0.003 0.907 0.006 0.008 0.006 
 45 HNL_WM307    (3)    5 :  0.004 0.003 0.007 0.005 0.004 0.005 0.006 0.006 0.008 0.002 0.006 0.006 0.003 0.900 0.008 0.010 0.015 
 46 HNL_WM308    (3)    5 :  0.004 0.003 0.008 0.004 0.004 0.007 0.010 0.009 0.010 0.002 0.017 0.006 0.003 0.873 0.015 0.010 0.015 
 47 HNL_WM309    (0)    5 :  0.005 0.006 0.018 0.011 0.007 0.007 0.029 0.012 0.014 0.009 0.012 0.009 0.004 0.795 0.017 0.019 0.026 
 48 HNL_WM310   (10)    5 :  0.005 0.003 0.007 0.007 0.005 0.007 0.009 0.009 0.010 0.002 0.015 0.007 0.003 0.848 0.021 0.015 0.026 
 49 MPO_WM482    (2)    6 :  0.004 0.004 0.010 0.007 0.004 0.012 0.006 0.865 0.012 0.002 0.013 0.008 0.003 0.003 0.017 0.015 0.017 
 50 MPO_WM483    (3)    6 :  0.005 0.008 0.107 0.009 0.007 0.022 0.010 0.250 0.108 0.004 0.012 0.013 0.004 0.002 0.167 0.129 0.141 
 51 MPO_WM484    (1)    6 :  0.004 0.005 0.042 0.008 0.005 0.014 0.011 0.496 0.041 0.002 0.009 0.013 0.003 0.002 0.147 0.090 0.108 
 52 MPO_WM485    (0)    6 :  0.005 0.010 0.067 0.012 0.005 0.010 0.008 0.667 0.063 0.005 0.008 0.006 0.003 0.003 0.036 0.056 0.035 
 53 MPO_WM486   (21)    6 :  0.008 0.010 0.090 0.015 0.007 0.038 0.015 0.033 0.120 0.003 0.013 0.023 0.004 0.002 0.228 0.157 0.235 
 54 MPO_WM487   (19)    6 :  0.007 0.012 0.045 0.010 0.006 0.023 0.012 0.441 0.056 0.003 0.022 0.016 0.005 0.003 0.135 0.057 0.147 
 55 MPO_WM488    (9)    6 :  0.004 0.004 0.112 0.007 0.005 0.013 0.007 0.028 0.097 0.002 0.012 0.013 0.003 0.002 0.306 0.152 0.233 
 56 MPO_WM489    (3)    6 :  0.004 0.005 0.013 0.007 0.029 0.063 0.006 0.761 0.016 0.004 0.010 0.014 0.007 0.003 0.018 0.018 0.021 
 57 MPO_WM490   (24)    6 :  0.007 0.005 0.069 0.009 0.008 0.017 0.012 0.051 0.114 0.002 0.011 0.024 0.005 0.003 0.247 0.144 0.272 
 58 MPO_WM491   (11)    6 :  0.004 0.007 0.096 0.008 0.006 0.022 0.010 0.026 0.135 0.002 0.011 0.029 0.003 0.002 0.231 0.177 0.232 
 59 OICP_WM541    (1)    7 :  0.004 0.005 0.010 0.005 0.003 0.840 0.008 0.011 0.015 0.002 0.007 0.006 0.004 0.002 0.032 0.018 0.028 
 60 OICP_WM542    (2)    7 :  0.004 0.004 0.016 0.007 0.003 0.816 0.008 0.016 0.024 0.002 0.006 0.007 0.003 0.002 0.023 0.022 0.037 
 61 OICP_WM543    (0)    7 :  0.004 0.004 0.010 0.005 0.005 0.821 0.006 0.010 0.021 0.002 0.006 0.011 0.003 0.002 0.039 0.026 0.025 
 62 OICP_WM544    (1)    7 :  0.008 0.060 0.013 0.014 0.004 0.226 0.029 0.012 0.111 0.005 0.010 0.046 0.003 0.002 0.025 0.228 0.206 
 63 OICP_WM545    (0)    7 :  0.004 0.004 0.037 0.005 0.006 0.663 0.007 0.013 0.043 0.002 0.008 0.014 0.003 0.002 0.064 0.062 0.062 
 64 OICP_WM546    (3)    7 :  0.004 0.006 0.056 0.006 0.005 0.140 0.005 0.015 0.134 0.002 0.007 0.023 0.003 0.002 0.089 0.264 0.239 
 65 OICP_WM547    (2)    7 :  0.004 0.008 0.077 0.008 0.006 0.112 0.009 0.016 0.148 0.002 0.006 0.018 0.003 0.002 0.093 0.275 0.214 
 66 OICP_WM548    (3)    7 :  0.004 0.002 0.010 0.005 0.005 0.837 0.006 0.010 0.016 0.002 0.008 0.010 0.004 0.002 0.027 0.031 0.021 
 67 OICP_WM549    (0)    7 :  0.004 0.004 0.006 0.004 0.003 0.893 0.004 0.007 0.011 0.002 0.006 0.008 0.002 0.002 0.017 0.012 0.014 
 68 OICP_WM550    (1)    7 :  0.004 0.004 0.012 0.006 0.004 0.814 0.008 0.012 0.019 0.002 0.007 0.010 0.003 0.002 0.036 0.023 0.034 
 69 IRO_WM601    (2)    8 :  0.036 0.018 0.028 0.045 0.129 0.282 0.009 0.020 0.145 0.008 0.007 0.057 0.005 0.002 0.039 0.080 0.089 
 70 IRO_WM602    (1)    8 :  0.009 0.009 0.060 0.015 0.011 0.138 0.011 0.019 0.141 0.006 0.010 0.089 0.005 0.003 0.061 0.225 0.189 
 71 IRO_WM603    (2)    8 :  0.225 0.013 0.020 0.093 0.331 0.013 0.007 0.007 0.126 0.019 0.009 0.023 0.004 0.002 0.018 0.068 0.021 
 72 IRO_WM604    (0)    8 :  0.011 0.064 0.079 0.011 0.015 0.006 0.008 0.008 0.018 0.123 0.006 0.573 0.019 0.002 0.014 0.022 0.023 
 73 IRO_WM605    (3)    8 :  0.004 0.003 0.008 0.005 0.053 0.094 0.005 0.010 0.027 0.002 0.007 0.711 0.015 0.002 0.018 0.022 0.013 
 74 IRO_WM606    (3)    8 :  0.010 0.010 0.031 0.013 0.007 0.018 0.010 0.018 0.034 0.006 0.009 0.650 0.033 0.003 0.040 0.055 0.055 
 75 IRO_WM607    (2)    8 :  0.006 0.060 0.049 0.046 0.047 0.021 0.009 0.021 0.278 0.008 0.009 0.145 0.014 0.002 0.074 0.139 0.069 
 76 IRO_WM608    (0)    8 :  0.020 0.049 0.055 0.103 0.055 0.050 0.008 0.013 0.272 0.058 0.007 0.053 0.015 0.002 0.024 0.127 0.089 
 77 IRO_WM609    (0)    8 :  0.043 0.042 0.056 0.035 0.044 0.027 0.012 0.020 0.076 0.076 0.014 0.228 0.012 0.003 0.087 0.100 0.126 
 78 IRO_WM610   (13)    8 :  0.065 0.156 0.075 0.103 0.007 0.014 0.010 0.173 0.037 0.014 0.011 0.051 0.051 0.003 0.095 0.056 0.077 
 79 HGRF_WM661    (5)    9 :  0.004 0.008 0.084 0.005 0.005 0.111 0.007 0.016 0.140 0.002 0.010 0.021 0.003 0.003 0.080 0.252 0.250 
 80 HGRF_WM662    (5)    9 :  0.004 0.004 0.099 0.007 0.005 0.013 0.017 0.023 0.112 0.002 0.007 0.015 0.003 0.002 0.272 0.181 0.235 
 81 HGRF_WM663    (4)    9 :  0.005 0.006 0.060 0.007 0.005 0.124 0.010 0.012 0.154 0.002 0.010 0.019 0.003 0.002 0.099 0.236 0.246 
 82 HGRF_WM664    (3)    9 :  0.004 0.005 0.075 0.007 0.005 0.031 0.008 0.020 0.103 0.002 0.009 0.014 0.003 0.002 0.298 0.176 0.241 
 83 HGRF_WM665    (1)    9 :  0.007 0.019 0.061 0.010 0.007 0.189 0.011 0.020 0.147 0.010 0.010 0.023 0.005 0.003 0.073 0.224 0.181 
 84 HGRF_WM666    (5)    9 :  0.005 0.004 0.081 0.007 0.006 0.017 0.011 0.022 0.103 0.002 0.013 0.014 0.003 0.002 0.290 0.167 0.254 
 85 HGRF_WM667    (0)    9 :  0.004 0.004 0.100 0.007 0.005 0.018 0.010 0.023 0.115 0.002 0.008 0.015 0.002 0.002 0.255 0.166 0.264 
 86 HGRF_WM668    (4)    9 :  0.004 0.007 0.080 0.006 0.005 0.112 0.009 0.015 0.133 0.002 0.007 0.015 0.003 0.002 0.109 0.254 0.236 
 87 HGRF_WM669    (5)    9 :  0.004 0.004 0.125 0.006 0.005 0.012 0.011 0.026 0.125 0.002 0.010 0.011 0.003 0.002 0.272 0.152 0.232 
 88 HGRF_WM670    (9)    9 :  0.005 0.004 0.080 0.009 0.007 0.029 0.010 0.023 0.106 0.002 0.011 0.016 0.003 0.002 0.238 0.184 0.271 
 89 PTP_WM721    (2)   10 :  0.009 0.013 0.093 0.014 0.009 0.020 0.020 0.043 0.141 0.011 0.020 0.026 0.007 0.003 0.162 0.149 0.262 
 90 PTP_WM722    (2)   10 :  0.005 0.009 0.249 0.010 0.006 0.012 0.010 0.014 0.019 0.012 0.012 0.015 0.006 0.003 0.423 0.155 0.042 
 91 PTP_WM723   (25)   10 :  0.006 0.005 0.101 0.008 0.007 0.023 0.014 0.033 0.108 0.003 0.009 0.030 0.005 0.003 0.303 0.143 0.200 
 92 PTP_WM724   (13)   10 :  0.006 0.005 0.092 0.007 0.008 0.017 0.018 0.036 0.125 0.002 0.010 0.015 0.003 0.002 0.245 0.188 0.219 
 93 PTP_WM725   (25)   10 :  0.007 0.006 0.077 0.019 0.008 0.019 0.010 0.038 0.110 0.003 0.027 0.011 0.003 0.003 0.252 0.175 0.231 
 94 PTP_WM726   (13)   10 :  0.005 0.005 0.062 0.007 0.007 0.026 0.012 0.035 0.119 0.002 0.009 0.023 0.004 0.002 0.274 0.147 0.260 
 95 PTP_WM727   (10)   10 :  0.005 0.004 0.108 0.008 0.005 0.014 0.010 0.030 0.087 0.002 0.016 0.035 0.003 0.002 0.297 0.176 0.199 
 96 PTP_WM728    (8)   10 :  0.004 0.006 0.084 0.008 0.006 0.015 0.010 0.031 0.118 0.002 0.010 0.013 0.003 0.002 0.266 0.170 0.251 
 97 PTP_WM729    (9)   10 :  0.005 0.004 0.288 0.005 0.003 0.007 0.006 0.009 0.017 0.002 0.004 0.015 0.003 0.002 0.418 0.180 0.033 
 98 PTP_WM730    (8)   10 :  0.003 0.003 0.290 0.006 0.004 0.010 0.004 0.010 0.014 0.002 0.005 0.018 0.003 0.002 0.434 0.178 0.013 
 99 RRL_WM782    (9)   11 :  0.005 0.006 0.074 0.008 0.006 0.019 0.009 0.038 0.101 0.002 0.016 0.018 0.003 0.002 0.258 0.178 0.258 
100 RRL_WM783    (8)   11 :  0.015 0.006 0.008 0.010 0.831 0.012 0.008 0.008 0.013 0.004 0.007 0.015 0.005 0.002 0.014 0.018 0.025 
101 RRL_WM784    (1)   11 :  0.013 0.007 0.014 0.005 0.779 0.011 0.007 0.013 0.019 0.005 0.007 0.016 0.009 0.002 0.035 0.025 0.033 
102 RRL_WM785    (1)   11 :  0.004 0.004 0.081 0.006 0.005 0.017 0.013 0.025 0.121 0.001 0.011 0.014 0.003 0.002 0.258 0.192 0.245 
103 RRL_WM786    (2)   11 :  0.005 0.008 0.010 0.022 0.776 0.007 0.005 0.008 0.017 0.004 0.004 0.080 0.022 0.002 0.011 0.011 0.008 
104 RRL_WM787    (3)   11 :  0.008 0.012 0.018 0.017 0.639 0.057 0.009 0.009 0.076 0.008 0.005 0.030 0.008 0.002 0.012 0.052 0.036 
105 RRL_WM788    (0)   11 :  0.008 0.055 0.062 0.008 0.678 0.006 0.004 0.004 0.023 0.118 0.004 0.004 0.003 0.002 0.006 0.010 0.005 
106 RRL_WM789    (2)   11 :  0.011 0.002 0.006 0.004 0.908 0.011 0.004 0.005 0.006 0.002 0.004 0.007 0.005 0.002 0.008 0.007 0.007 
107 RRL_WM790    (0)   11 :  0.006 0.051 0.070 0.008 0.419 0.010 0.007 0.012 0.035 0.124 0.010 0.128 0.017 0.002 0.041 0.022 0.037 
108 RRL_WM791    (0)   11 :  0.005 0.026 0.023 0.020 0.642 0.021 0.011 0.015 0.062 0.006 0.014 0.013 0.004 0.002 0.056 0.044 0.034 
109 RRO_WM842    (0)   12 :  0.006 0.008 0.014 0.011 0.753 0.014 0.007 0.008 0.027 0.005 0.008 0.058 0.009 0.003 0.020 0.025 0.024 
110 RRO_WM843    (7)   12 :  0.248 0.011 0.015 0.010 0.562 0.008 0.008 0.010 0.023 0.009 0.009 0.023 0.007 0.003 0.016 0.024 0.016 
111 RRO_WM844    (2)   12 :  0.345 0.006 0.025 0.007 0.036 0.019 0.013 0.025 0.049 0.004 0.009 0.271 0.005 0.003 0.086 0.039 0.058 
112 RRO_WM845    (4)   12 :  0.035 0.004 0.005 0.004 0.872 0.007 0.006 0.007 0.013 0.002 0.006 0.005 0.003 0.002 0.012 0.008 0.010 
113 RRO_WM846   (10)   12 :  0.024 0.007 0.021 0.012 0.698 0.020 0.012 0.020 0.034 0.005 0.010 0.009 0.006 0.003 0.048 0.022 0.049 
114 RRO_WM847    (6)   12 :  0.044 0.005 0.019 0.010 0.595 0.008 0.009 0.012 0.048 0.005 0.008 0.099 0.009 0.003 0.034 0.069 0.023 
115 RRO_WM848    (4)   12 :  0.018 0.015 0.053 0.075 0.362 0.019 0.014 0.038 0.048 0.010 0.007 0.017 0.004 0.003 0.102 0.097 0.119 
116 RRO_WM849    (5)   12 :  0.009 0.005 0.018 0.006 0.699 0.069 0.006 0.014 0.020 0.003 0.008 0.015 0.004 0.002 0.042 0.044 0.038 
117 RRO_WM850    (2)   12 :  0.005 0.005 0.019 0.004 0.804 0.012 0.011 0.012 0.022 0.002 0.007 0.014 0.003 0.002 0.021 0.021 0.034 
118 RRO_WM851    (1)   12 :  0.026 0.006 0.037 0.008 0.473 0.014 0.007 0.026 0.039 0.003 0.014 0.016 0.004 0.002 0.132 0.083 0.110 
119 CPS_WM901    (2)   13 :  0.856 0.003 0.007 0.006 0.017 0.008 0.005 0.007 0.010 0.003 0.006 0.023 0.007 0.002 0.013 0.016 0.012 
120 CPS_WM902    (2)   13 :  0.826 0.004 0.006 0.005 0.008 0.074 0.003 0.006 0.008 0.002 0.004 0.006 0.015 0.002 0.009 0.009 0.011 
121 CPS_WM903    (5)   13 :  0.898 0.003 0.005 0.004 0.012 0.006 0.005 0.004 0.006 0.002 0.003 0.013 0.010 0.002 0.009 0.008 0.010 
122 CPS_WM904    (1)   13 :  0.816 0.015 0.014 0.013 0.012 0.009 0.005 0.012 0.014 0.026 0.006 0.007 0.016 0.002 0.012 0.009 0.012 
123 CPS_WM905    (2)   13 :  0.816 0.033 0.018 0.018 0.006 0.005 0.005 0.010 0.017 0.025 0.005 0.004 0.007 0.002 0.009 0.010 0.009 
124 CPS_WM906    (3)   13 :  0.843 0.004 0.012 0.009 0.006 0.007 0.007 0.009 0.018 0.002 0.008 0.008 0.003 0.002 0.019 0.022 0.021 
125 CPS_WM907    (6)   13 :  0.728 0.005 0.023 0.007 0.006 0.010 0.007 0.018 0.030 0.002 0.008 0.016 0.003 0.003 0.044 0.040 0.049 
126 CPS_WM908    (3)   13 :  0.706 0.008 0.028 0.011 0.010 0.015 0.009 0.021 0.027 0.007 0.015 0.012 0.010 0.003 0.042 0.033 0.045 
127 CPS_WM909    (2)   13 :  0.773 0.006 0.023 0.010 0.005 0.011 0.007 0.010 0.029 0.003 0.009 0.014 0.006 0.002 0.037 0.025 0.030 
128 CPS_WM910    (1)   13 :  0.859 0.007 0.011 0.006 0.005 0.007 0.005 0.011 0.013 0.010 0.012 0.006 0.004 0.002 0.015 0.014 0.014 
129 PPNP_WM962    (1)   14 :  0.004 0.004 0.005 0.004 0.002 0.005 0.869 0.006 0.008 0.004 0.036 0.005 0.003 0.023 0.007 0.008 0.007 
130 PPNP_WM963    (0)   14 :  0.005 0.007 0.028 0.007 0.005 0.014 0.740 0.017 0.027 0.005 0.010 0.012 0.003 0.012 0.045 0.029 0.032 
131 PPNP_WM964    (0)   14 :  0.004 0.006 0.006 0.004 0.003 0.005 0.883 0.007 0.008 0.008 0.005 0.004 0.003 0.032 0.008 0.005 0.008 
132 PPNP_WM965    (4)   14 :  0.005 0.004 0.013 0.006 0.005 0.007 0.843 0.009 0.016 0.002 0.007 0.008 0.003 0.002 0.021 0.022 0.026 
133 PPNP_WM966    (4)   14 :  0.003 0.002 0.005 0.004 0.003 0.006 0.918 0.007 0.008 0.001 0.005 0.004 0.002 0.002 0.009 0.010 0.011 
134 PPNP_WM967    (4)   14 :  0.005 0.005 0.023 0.009 0.005 0.015 0.675 0.013 0.020 0.002 0.012 0.009 0.004 0.002 0.071 0.057 0.073 
135 PPNP_WM968    (5)   14 :  0.006 0.011 0.085 0.015 0.007 0.026 0.124 0.051 0.110 0.007 0.016 0.016 0.004 0.014 0.198 0.155 0.155 
136 PPNP_WM969    (2)   14 :  0.004 0.003 0.015 0.008 0.004 0.008 0.815 0.008 0.026 0.002 0.007 0.011 0.003 0.002 0.030 0.029 0.025 
137 PPNP_WM970    (2)   14 :  0.005 0.005 0.025 0.007 0.005 0.014 0.659 0.021 0.039 0.003 0.034 0.013 0.004 0.006 0.055 0.056 0.048 
138 PPNP_WM971    (2)   14 :  0.005 0.005 0.016 0.006 0.004 0.013 0.730 0.014 0.032 0.003 0.027 0.012 0.003 0.006 0.039 0.041 0.044 
139 FPPI_WM1021    (4)   15 :  0.006 0.007 0.021 0.008 0.004 0.009 0.009 0.010 0.016 0.006 0.809 0.010 0.003 0.002 0.035 0.020 0.024 
140 FPPI_WM1022    (4)   15 :  0.006 0.005 0.019 0.006 0.004 0.013 0.010 0.159 0.018 0.004 0.634 0.011 0.003 0.012 0.034 0.029 0.035 
141 FPPI_WM1023    (1)   15 :  0.007 0.004 0.016 0.005 0.005 0.011 0.018 0.015 0.022 0.002 0.798 0.008 0.002 0.004 0.026 0.031 0.025 
142 FPPI_WM1024    (5)   15 :  0.005 0.008 0.019 0.008 0.005 0.013 0.469 0.029 0.036 0.004 0.216 0.008 0.002 0.002 0.065 0.048 0.063 
143 FPPI_WM1025    (6)   15 :  0.006 0.005 0.016 0.007 0.006 0.015 0.008 0.013 0.020 0.002 0.764 0.013 0.003 0.003 0.042 0.034 0.046 
144 FPPI_WM1026    (1)   15 :  0.005 0.003 0.005 0.005 0.003 0.005 0.005 0.005 0.009 0.002 0.909 0.007 0.003 0.002 0.011 0.012 0.009 
145 FPPI_WM1027    (3)   15 :  0.003 0.003 0.005 0.003 0.003 0.006 0.243 0.004 0.005 0.002 0.692 0.006 0.002 0.002 0.007 0.006 0.008 
146 FPPI_WM1028    (2)   15 :  0.004 0.003 0.007 0.005 0.005 0.006 0.007 0.008 0.010 0.002 0.885 0.006 0.002 0.002 0.016 0.017 0.014 
147 FPPI_WM1029    (3)   15 :  0.005 0.008 0.037 0.008 0.006 0.013 0.009 0.011 0.066 0.002 0.513 0.015 0.004 0.007 0.109 0.085 0.102 
148 FPPI_WM1030    (1)   15 :  0.005 0.011 0.012 0.006 0.004 0.005 0.011 0.005 0.008 0.014 0.873 0.007 0.003 0.002 0.014 0.008 0.013 
149 CRWA_WM1082    (2)   16 :  0.003 0.450 0.008 0.451 0.005 0.005 0.004 0.006 0.027 0.002 0.004 0.006 0.003 0.002 0.010 0.011 0.005 
150 CRWA_WM1084    (5)   16 :  0.005 0.144 0.095 0.162 0.005 0.051 0.006 0.011 0.232 0.003 0.008 0.020 0.007 0.002 0.031 0.155 0.063 
151 CRWA_WM1085    (2)   16 :  0.004 0.132 0.084 0.290 0.010 0.013 0.011 0.018 0.167 0.003 0.008 0.016 0.010 0.002 0.045 0.109 0.078 
152 CRWA_WM1086    (9)   16 :  0.006 0.041 0.125 0.088 0.034 0.019 0.010 0.136 0.180 0.006 0.010 0.019 0.005 0.003 0.101 0.149 0.069 
153 CRWA_WM1087    (0)   16 :  0.026 0.397 0.057 0.206 0.005 0.011 0.007 0.020 0.021 0.070 0.010 0.010 0.019 0.003 0.057 0.033 0.050 
154 CRWA_WM1088    (1)   16 :  0.005 0.067 0.125 0.034 0.008 0.051 0.008 0.055 0.273 0.019 0.008 0.017 0.014 0.003 0.034 0.193 0.086 
155 CRWA_WM1089    (3)   16 :  0.006 0.271 0.026 0.333 0.006 0.029 0.012 0.026 0.035 0.003 0.014 0.012 0.004 0.002 0.108 0.065 0.047 
156 CRWA_WM1090    (0)   16 :  0.004 0.108 0.065 0.067 0.013 0.008 0.011 0.016 0.181 0.005 0.009 0.154 0.052 0.003 0.074 0.110 0.120 
157 CRWA_WM1092    (1)   16 :  0.007 0.327 0.065 0.239 0.006 0.018 0.010 0.020 0.045 0.071 0.011 0.014 0.010 0.002 0.078 0.032 0.046 
158 CRWA_WM1093    (1)   16 :  0.007 0.394 0.034 0.266 0.005 0.050 0.005 0.013 0.056 0.027 0.008 0.011 0.004 0.003 0.021 0.076 0.018 
159 PCRA_WM1141    (3)   17 :  0.007 0.006 0.009 0.071 0.012 0.010 0.008 0.013 0.043 0.003 0.006 0.159 0.542 0.002 0.037 0.027 0.043 
160 PCRA_WM1142    (3)   17 :  0.005 0.007 0.039 0.014 0.007 0.017 0.010 0.018 0.045 0.002 0.006 0.019 0.616 0.002 0.081 0.043 0.068 
161 PCRA_WM1143    (1)   17 :  0.007 0.004 0.037 0.013 0.009 0.022 0.012 0.030 0.040 0.003 0.013 0.105 0.431 0.003 0.093 0.085 0.093 
162 PCRA_WM1144    (2)   17 :  0.019 0.005 0.027 0.007 0.596 0.097 0.009 0.015 0.025 0.004 0.007 0.018 0.010 0.002 0.059 0.049 0.053 
163 PCRA_WM1145    (4)   17 :  0.023 0.009 0.051 0.037 0.012 0.028 0.010 0.027 0.113 0.010 0.012 0.044 0.328 0.002 0.107 0.066 0.122 
164 PCRA_WM1146    (2)   17 :  0.010 0.057 0.010 0.039 0.013 0.034 0.004 0.009 0.011 0.011 0.004 0.013 0.757 0.002 0.009 0.010 0.008 
165 PCRA_WM1147    (1)   17 :  0.005 0.049 0.114 0.025 0.006 0.013 0.007 0.015 0.274 0.002 0.007 0.089 0.090 0.002 0.054 0.179 0.069 
166 PCRA_WM1148    (0)   17 :  0.004 0.005 0.007 0.004 0.005 0.011 0.004 0.008 0.010 0.018 0.004 0.017 0.874 0.002 0.012 0.007 0.007 
167 PCRA_WM1149    (1)   17 :  0.117 0.017 0.011 0.007 0.015 0.028 0.005 0.006 0.014 0.013 0.006 0.008 0.712 0.002 0.013 0.015 0.010 
168 PCRA_WM1150    (0)   17 :  0.005 0.011 0.015 0.004 0.013 0.034 0.004 0.007 0.018 0.020 0.004 0.014 0.809 0.005 0.011 0.012 0.013 
169 DHFA_WM1202    (3)   18 :  0.006 0.006 0.020 0.010 0.005 0.016 0.008 0.036 0.038 0.003 0.018 0.016 0.004 0.680 0.050 0.050 0.035 
170 DHFA_WM1203    (1)   18 :  0.006 0.005 0.026 0.005 0.010 0.014 0.027 0.012 0.030 0.003 0.015 0.012 0.003 0.703 0.042 0.042 0.043 
171 DHFA_WM1204    (2)   18 :  0.006 0.007 0.020 0.007 0.007 0.015 0.012 0.013 0.032 0.004 0.010 0.014 0.003 0.731 0.048 0.030 0.042 
172 DHFA_WM1205    (5)   18 :  0.004 0.002 0.005 0.004 0.004 0.006 0.005 0.008 0.008 0.003 0.006 0.006 0.002 0.906 0.010 0.010 0.008 
173 DHFA_WM1206    (4)   18 :  0.004 0.003 0.008 0.005 0.004 0.008 0.003 0.006 0.010 0.003 0.005 0.007 0.003 0.889 0.016 0.012 0.014 
174 DHFA_WM1207    (2)   18 :  0.004 0.003 0.004 0.003 0.003 0.004 0.004 0.004 0.005 0.003 0.004 0.004 0.002 0.935 0.007 0.007 0.005 
175 DHFA_WM1208    (3)   18 :  0.003 0.003 0.005 0.006 0.004 0.007 0.008 0.008 0.007 0.004 0.007 0.005 0.003 0.901 0.012 0.010 0.009 
176 DHFA_WM1209    (1)   18 :  0.005 0.007 0.008 0.004 0.004 0.004 0.004 0.006 0.005 0.009 0.009 0.005 0.003 0.912 0.006 0.007 0.005 
177 DHFA_WM1210    (0)   18 :  0.002 0.003 0.005 0.002 0.002 0.003 0.003 0.002 0.003 0.005 0.003 0.002 0.002 0.953 0.004 0.003 0.003 
178 DHFA_WM1211    (2)   18 :  0.006 0.006 0.017 0.006 0.006 0.011 0.014 0.013 0.028 0.004 0.012 0.017 0.004 0.735 0.046 0.034 0.041 


Estimated Allele Frequencies in each cluster
First column gives estimated ancestral frequencies


Locus 1 : 953_21 
2 alleles
4.5% missing data
 120   (0.960) 0.997 0.981 0.982 0.997 0.998 0.999 0.998 0.999 0.999 0.960 0.798 0.999 0.995 0.997 1.000 1.000 1.000 
 100   (0.040) 0.003 0.019 0.018 0.003 0.002 0.001 0.002 0.001 0.001 0.040 0.202 0.001 0.005 0.003 0.000 0.000 0.000 

Locus 2 : 2370_26 
2 alleles
6.2% missing data
 110   (0.958) 0.997 0.980 0.980 0.997 0.998 0.999 0.611 0.999 0.999 0.958 0.999 0.999 0.995 0.997 1.000 1.000 1.000 
 130   (0.042) 0.003 0.020 0.020 0.003 0.002 0.001 0.389 0.001 0.001 0.042 0.001 0.001 0.005 0.003 0.000 0.000 0.000 

Locus 3 : 2692_87 
2 alleles
1.7% missing data
 130   (0.959) 0.997 0.980 0.982 0.997 0.998 0.999 0.999 0.999 0.998 0.960 0.999 0.999 0.995 0.763 1.000 1.000 1.000 
 120   (0.041) 0.003 0.020 0.018 0.003 0.002 0.001 0.001 0.001 0.002 0.040 0.001 0.001 0.005 0.237 0.000 0.000 0.000 

Locus 4 : 2828_58 
2 alleles
6.7% missing data
 100   (0.933) 0.994 0.964 0.964 0.986 0.995 0.996 0.997 0.998 0.966 0.933 0.997 0.997 0.825 0.995 1.000 0.988 0.992 
 120   (0.067) 0.006 0.036 0.036 0.014 0.005 0.004 0.003 0.002 0.034 0.067 0.003 0.003 0.175 0.005 0.000 0.012 0.008 

Locus 5 : 6398_73 
2 alleles
6.2% missing data
 130   (0.927) 0.995 0.964 0.966 0.995 0.996 0.999 0.998 0.998 0.997 0.927 0.565 0.999 0.991 0.647 1.000 0.999 1.000 
 100   (0.073) 0.005 0.036 0.034 0.005 0.004 0.001 0.002 0.002 0.003 0.073 0.435 0.001 0.009 0.353 0.000 0.001 0.000 

Locus 6 : 7469_71 
2 alleles
5.1% missing data
 130   (0.961) 0.996 0.980 0.975 0.995 0.997 0.999 0.998 0.998 0.996 0.961 0.996 0.999 0.992 0.996 0.991 0.997 0.999 
 110   (0.039) 0.004 0.020 0.025 0.005 0.003 0.001 0.002 0.002 0.004 0.039 0.004 0.001 0.008 0.004 0.009 0.003 0.001 

Locus 7 : 7615_47 
2 alleles
5.1% missing data
 130   (0.961) 0.996 0.978 0.980 0.995 0.997 0.999 0.997 0.997 0.994 0.961 0.997 0.998 0.992 0.996 0.998 0.996 0.996 
 100   (0.039) 0.004 0.022 0.020 0.005 0.003 0.001 0.003 0.003 0.006 0.039 0.003 0.002 0.008 0.004 0.002 0.004 0.004 

Locus 8 : 8211_10 
2 alleles
2.8% missing data
 120   (0.958) 0.997 0.979 0.982 0.998 0.998 0.999 0.999 0.999 0.998 0.958 0.999 0.999 0.995 0.935 1.000 1.000 1.000 
 100   (0.042) 0.003 0.021 0.018 0.002 0.002 0.001 0.001 0.001 0.002 0.042 0.001 0.001 0.005 0.065 0.000 0.000 0.000 

Locus 9 : 8394_14 
2 alleles
2.2% missing data
 110   (0.955) 0.997 0.979 0.979 0.997 0.997 0.999 0.984 0.998 0.998 0.955 0.743 0.999 0.995 0.996 1.000 0.999 1.000 
 130   (0.045) 0.003 0.021 0.021 0.003 0.003 0.001 0.016 0.002 0.002 0.045 0.257 0.001 0.005 0.004 0.000 0.001 0.000 

Locus 10 : 9621_63 
2 alleles
3.9% missing data
 130   (0.959) 0.997 0.980 0.981 0.997 0.998 0.999 0.999 0.999 0.998 0.959 0.998 0.999 0.995 0.939 1.000 1.000 1.000 
 110   (0.041) 0.003 0.020 0.019 0.003 0.002 0.001 0.001 0.001 0.002 0.041 0.002 0.001 0.005 0.061 0.000 0.000 0.000 

Locus 11 : 9880_35 
2 alleles
4.5% missing data
 120   (0.954) 0.996 0.979 0.979 0.997 0.998 0.999 0.998 0.999 0.998 0.954 0.999 0.999 0.995 0.703 1.000 1.000 1.000 
 100   (0.046) 0.004 0.021 0.021 0.003 0.002 0.001 0.002 0.001 0.002 0.046 0.001 0.001 0.005 0.297 0.000 0.000 0.000 

Locus 12 : 11163_16 
2 alleles
7.9% missing data
 130   (0.956) 0.997 0.978 0.980 0.997 0.998 0.999 0.998 0.999 0.998 0.956 0.999 0.999 0.995 0.913 1.000 0.999 1.000 
 110   (0.044) 0.003 0.022 0.020 0.003 0.002 0.001 0.002 0.001 0.002 0.044 0.001 0.001 0.005 0.087 0.000 0.001 0.000 

Locus 13 : 11991_31 
2 alleles
4.5% missing data
 120   (0.934) 0.994 0.959 0.964 0.982 0.981 0.999 0.997 0.998 0.958 0.934 0.997 0.993 0.988 0.995 0.999 0.990 0.998 
 100   (0.066) 0.006 0.041 0.036 0.018 0.019 0.001 0.003 0.002 0.042 0.066 0.003 0.007 0.012 0.005 0.001 0.010 0.002 

Locus 14 : 12766_17 
2 alleles
2.2% missing data
 120   (0.962) 0.994 0.980 0.984 0.998 0.998 0.999 0.999 0.999 0.998 0.962 0.999 0.999 0.931 0.997 1.000 1.000 1.000 
 100   (0.038) 0.006 0.020 0.016 0.002 0.002 0.001 0.001 0.001 0.002 0.038 0.001 0.001 0.069 0.003 0.000 0.000 0.000 

Locus 15 : 13496_14 
2 alleles
5.1% missing data
 110   (0.960) 0.688 0.981 0.982 0.997 0.998 0.999 0.999 0.999 0.998 0.960 0.999 0.999 0.995 0.997 1.000 1.000 1.000 
 100   (0.040) 0.312 0.019 0.018 0.003 0.002 0.001 0.001 0.001 0.002 0.040 0.001 0.001 0.005 0.003 0.000 0.000 0.000 

Locus 16 : 14394_41 
2 alleles
2.2% missing data
 130   (0.963) 0.997 0.982 0.983 0.998 0.998 0.999 0.999 0.999 0.998 0.963 0.999 0.999 0.929 0.997 1.000 1.000 1.000 
 110   (0.037) 0.003 0.018 0.017 0.002 0.002 0.001 0.001 0.001 0.002 0.037 0.001 0.001 0.071 0.003 0.000 0.000 0.000 

Locus 17 : 16285_24 
2 alleles
6.2% missing data
 130   (0.960) 0.997 0.981 0.981 0.997 0.998 0.999 0.999 0.999 0.999 0.960 0.999 0.999 0.995 0.874 1.000 1.000 1.000 
 100   (0.040) 0.003 0.019 0.019 0.003 0.002 0.001 0.001 0.001 0.001 0.040 0.001 0.001 0.005 0.126 0.000 0.000 0.000 

Locus 18 : 18821_69 
2 alleles
7.3% missing data
 120   (0.958) 0.997 0.980 0.980 0.997 0.998 0.999 0.998 0.702 0.998 0.959 0.998 0.999 0.995 0.997 0.999 1.000 1.000 
 110   (0.042) 0.003 0.020 0.020 0.003 0.002 0.001 0.002 0.298 0.002 0.041 0.002 0.001 0.005 0.003 0.001 0.000 0.000 

Locus 19 : 19006_32 
2 alleles
6.7% missing data
 120   (0.921) 0.994 0.961 0.964 0.995 0.996 0.999 0.971 0.998 0.997 0.921 0.630 0.999 0.990 0.659 1.000 0.999 1.000 
 110   (0.079) 0.006 0.039 0.036 0.005 0.004 0.001 0.029 0.002 0.003 0.079 0.370 0.001 0.010 0.341 0.000 0.001 0.000 

Locus 20 : 19602_58 
2 alleles
4.5% missing data
 120   (0.962) 0.997 0.982 0.982 0.997 0.998 0.999 0.999 0.999 0.998 0.962 0.999 0.999 0.995 0.973 1.000 1.000 1.000 
 100   (0.038) 0.003 0.018 0.018 0.003 0.002 0.001 0.001 0.001 0.002 0.038 0.001 0.001 0.005 0.027 0.000 0.000 0.000 

Locus 21 : 20143_24 
2 alleles
3.4% missing data
 120   (0.962) 0.965 0.980 0.982 0.996 0.998 0.999 0.999 0.999 0.995 0.962 0.999 0.999 0.995 0.997 1.000 0.999 1.000 
 100   (0.038) 0.035 0.020 0.018 0.004 0.002 0.001 0.001 0.001 0.005 0.038 0.001 0.001 0.005 0.003 0.000 0.001 0.000 

Locus 22 : 21661_29 
2 alleles
2.2% missing data
 120   (0.959) 0.997 0.981 0.981 0.997 0.998 0.999 0.999 0.999 0.999 0.959 0.999 0.999 0.995 0.891 1.000 1.000 1.000 
 100   (0.041) 0.003 0.019 0.019 0.003 0.002 0.001 0.001 0.001 0.001 0.041 0.001 0.001 0.005 0.109 0.000 0.000 0.000 

Locus 23 : 22603_12 
2 alleles
5.1% missing data
 130   (0.959) 0.997 0.979 0.982 0.997 0.998 0.999 0.999 0.999 0.998 0.959 0.999 0.999 0.995 0.944 1.000 1.000 1.000 
 110   (0.041) 0.003 0.021 0.018 0.003 0.002 0.001 0.001 0.001 0.002 0.041 0.001 0.001 0.005 0.056 0.000 0.000 0.000 

Locus 24 : 25109_23 
2 alleles
1.7% missing data
 120   (0.942) 0.995 0.960 0.972 0.739 0.997 0.999 0.998 0.998 0.995 0.943 0.998 0.991 0.954 0.996 1.000 0.997 0.998 
 100   (0.058) 0.005 0.040 0.028 0.261 0.003 0.001 0.002 0.002 0.005 0.057 0.002 0.009 0.046 0.004 0.000 0.003 0.002 

Locus 25 : 25511_77 
2 alleles
5.1% missing data
 130   (0.961) 0.997 0.982 0.982 0.997 0.998 0.999 0.871 0.999 0.998 0.961 0.999 0.999 0.995 0.997 1.000 1.000 1.000 
 110   (0.039) 0.003 0.018 0.018 0.003 0.002 0.001 0.129 0.001 0.002 0.039 0.001 0.001 0.005 0.003 0.000 0.000 0.000 

Locus 26 : 26816_9 
2 alleles
5.6% missing data
 110   (0.880) 0.982 0.842 0.931 0.637 0.815 0.996 0.995 0.994 0.911 0.880 0.996 0.965 0.983 0.991 0.999 0.979 0.997 
 130   (0.120) 0.018 0.158 0.069 0.363 0.185 0.004 0.005 0.006 0.089 0.120 0.004 0.035 0.017 0.009 0.001 0.021 0.003 

Locus 27 : 29455_86 
2 alleles
5.6% missing data
 120   (0.962) 0.997 0.980 0.981 0.996 0.998 0.999 0.999 0.999 0.997 0.962 0.999 0.992 0.989 0.997 1.000 0.999 1.000 
 110   (0.038) 0.003 0.020 0.019 0.004 0.002 0.001 0.001 0.001 0.003 0.038 0.001 0.008 0.011 0.003 0.000 0.001 0.000 

Locus 28 : 30970_30 
2 alleles
6.7% missing data
 120   (0.961) 0.960 0.981 0.981 0.996 0.998 0.999 0.999 0.999 0.998 0.961 0.999 0.999 0.994 0.997 1.000 1.000 1.000 
 110   (0.039) 0.040 0.019 0.019 0.004 0.002 0.001 0.001 0.001 0.002 0.039 0.001 0.001 0.006 0.003 0.000 0.000 0.000 

Locus 29 : 33052_5 
2 alleles
1.1% missing data
 130   (0.963) 0.997 0.974 0.984 0.993 0.998 0.999 0.998 0.971 0.997 0.963 0.999 0.999 0.995 0.997 1.000 1.000 1.000 
 110   (0.037) 0.003 0.026 0.016 0.007 0.002 0.001 0.002 0.029 0.003 0.037 0.001 0.001 0.005 0.003 0.000 0.000 0.000 

Locus 30 : 33744_32 
2 alleles
2.8% missing data
 130   (0.956) 0.997 0.980 0.978 0.997 0.998 0.999 0.999 0.874 0.999 0.956 0.999 0.999 0.995 0.997 1.000 0.999 1.000 
 110   (0.044) 0.003 0.020 0.022 0.003 0.002 0.001 0.001 0.126 0.001 0.044 0.001 0.001 0.005 0.003 0.000 0.001 0.000 

Locus 31 : 34805_8 
2 alleles
4.5% missing data
 110   (0.945) 0.996 0.970 0.975 0.994 0.997 0.999 0.998 0.999 0.997 0.945 0.998 0.991 0.748 0.996 1.000 0.999 1.000 
 120   (0.055) 0.004 0.030 0.025 0.006 0.003 0.001 0.002 0.001 0.003 0.055 0.002 0.009 0.252 0.004 0.000 0.001 0.000 

Locus 32 : 35345_10 
2 alleles
5.1% missing data
 130   (0.955) 0.996 0.976 0.971 0.994 0.997 0.999 0.998 0.947 0.989 0.955 0.998 0.999 0.993 0.996 0.997 0.995 0.997 
 110   (0.045) 0.004 0.024 0.029 0.006 0.003 0.001 0.002 0.053 0.011 0.045 0.002 0.001 0.007 0.004 0.003 0.005 0.003 

Locus 33 : 35769_30 
2 alleles
6.2% missing data
 110   (0.945) 0.961 0.969 0.973 0.993 0.997 0.999 0.998 0.999 0.997 0.945 0.998 0.999 0.927 0.996 1.000 0.999 1.000 
 100   (0.055) 0.039 0.031 0.027 0.007 0.003 0.001 0.002 0.001 0.003 0.055 0.002 0.001 0.073 0.004 0.000 0.001 0.000 

Locus 34 : 35965_89 
2 alleles
3.4% missing data
 130   (0.961) 0.997 0.955 0.978 0.988 0.998 0.999 0.999 0.999 0.996 0.961 0.999 0.999 0.995 0.997 1.000 0.999 1.000 
 100   (0.039) 0.003 0.045 0.022 0.012 0.002 0.001 0.001 0.001 0.004 0.039 0.001 0.001 0.005 0.003 0.000 0.001 0.000 

Locus 35 : 39654_13 
2 alleles
5.6% missing data
 120   (0.963) 0.997 0.980 0.982 0.998 0.989 0.999 0.999 0.999 0.997 0.963 0.999 0.999 0.995 0.997 1.000 1.000 1.000 
 100   (0.037) 0.003 0.020 0.018 0.002 0.011 0.001 0.001 0.001 0.003 0.037 0.001 0.001 0.005 0.003 0.000 0.000 0.000 

Locus 36 : 39700_65 
2 alleles
3.4% missing data
 110   (0.960) 0.995 0.980 0.979 0.996 0.997 0.999 0.998 0.999 0.994 0.960 0.998 0.995 0.994 0.997 1.000 0.998 0.999 
 120   (0.040) 0.005 0.020 0.021 0.004 0.003 0.001 0.002 0.001 0.006 0.040 0.002 0.005 0.006 0.003 0.000 0.002 0.001 

Locus 37 : 40824_7 
2 alleles
5.1% missing data
 130   (0.960) 0.996 0.980 0.982 0.997 0.928 0.999 0.998 0.999 0.998 0.960 0.999 0.999 0.995 0.997 1.000 0.999 1.000 
 110   (0.040) 0.004 0.020 0.018 0.003 0.072 0.001 0.002 0.001 0.002 0.040 0.001 0.001 0.005 0.003 0.000 0.001 0.000 

Locus 38 : 41554_43 
2 alleles
7.3% missing data
 120   (0.962) 0.959 0.980 0.983 0.997 0.997 0.999 0.998 0.999 0.998 0.962 0.998 0.999 0.994 0.997 1.000 0.999 1.000 
 100   (0.038) 0.041 0.020 0.017 0.003 0.003 0.001 0.002 0.001 0.002 0.038 0.002 0.001 0.006 0.003 0.000 0.001 0.000 

Locus 39 : 42501_5 
2 alleles
5.6% missing data
 120   (0.956) 0.996 0.979 0.980 0.997 0.998 0.999 0.999 0.999 0.998 0.956 0.998 0.999 0.995 0.917 1.000 1.000 1.000 
 110   (0.044) 0.004 0.021 0.020 0.003 0.002 0.001 0.001 0.001 0.002 0.044 0.002 0.001 0.005 0.083 0.000 0.000 0.000 

Locus 40 : 42989_15 
2 alleles
3.4% missing data
 130   (0.959) 0.997 0.980 0.980 0.997 0.926 0.999 0.998 0.999 0.998 0.959 0.998 0.999 0.995 0.997 1.000 0.999 1.000 
 110   (0.041) 0.003 0.020 0.020 0.003 0.074 0.001 0.002 0.001 0.002 0.041 0.002 0.001 0.005 0.003 0.000 0.001 0.000 

Locus 41 : 44631_16 
2 alleles
5.6% missing data
 120   (0.960) 0.849 0.980 0.983 0.997 0.998 0.999 0.999 0.999 0.998 0.960 0.999 0.999 0.995 0.997 1.000 1.000 1.000 
 110   (0.040) 0.151 0.020 0.017 0.003 0.002 0.001 0.001 0.001 0.002 0.040 0.001 0.001 0.005 0.003 0.000 0.000 0.000 

Locus 42 : 45332_74 
2 alleles
3.4% missing data
 130   (0.882) 0.991 0.941 0.944 0.985 0.742 0.802 0.995 0.979 0.969 0.883 0.995 0.933 0.836 0.991 0.999 0.988 0.995 
 110   (0.118) 0.009 0.059 0.056 0.015 0.258 0.198 0.005 0.021 0.031 0.117 0.005 0.067 0.164 0.009 0.001 0.012 0.005 

Locus 43 : 45964_12 
2 alleles
2.2% missing data
 100   (0.959) 0.997 0.980 0.982 0.997 0.998 0.999 0.957 0.999 0.998 0.959 0.998 0.999 0.994 0.995 1.000 1.000 1.000 
 130   (0.041) 0.003 0.020 0.018 0.003 0.002 0.001 0.043 0.001 0.002 0.041 0.002 0.001 0.006 0.005 0.000 0.000 0.000 

Locus 44 : 47772_18 
2 alleles
1.7% missing data
 120   (0.960) 0.997 0.980 0.983 0.997 0.998 0.999 0.999 0.999 0.999 0.960 0.999 0.999 0.995 0.812 1.000 1.000 1.000 
 100   (0.040) 0.003 0.020 0.017 0.003 0.002 0.001 0.001 0.001 0.001 0.040 0.001 0.001 0.005 0.188 0.000 0.000 0.000 

Locus 45 : 48505_7 
2 alleles
2.8% missing data
 130   (0.962) 0.997 0.978 0.981 0.995 0.998 0.992 0.999 0.999 0.995 0.961 0.998 0.999 0.994 0.997 1.000 0.999 0.999 
 110   (0.038) 0.003 0.022 0.019 0.005 0.002 0.008 0.001 0.001 0.005 0.039 0.002 0.001 0.006 0.003 0.000 0.001 0.001 

Locus 46 : 49838_13 
2 alleles
5.1% missing data
 120   (0.960) 0.997 0.982 0.981 0.997 0.998 0.910 0.999 0.999 0.998 0.960 0.999 0.999 0.995 0.997 1.000 1.000 1.000 
 100   (0.040) 0.003 0.018 0.019 0.003 0.002 0.090 0.001 0.001 0.002 0.040 0.001 0.001 0.005 0.003 0.000 0.000 0.000 

Locus 47 : 50793_47 
2 alleles
6.2% missing data
 120   (0.957) 0.995 0.978 0.981 0.997 0.861 0.999 0.998 0.999 0.998 0.957 0.999 0.999 0.995 0.996 1.000 0.995 1.000 
 100   (0.043) 0.005 0.022 0.019 0.003 0.139 0.001 0.002 0.001 0.002 0.043 0.001 0.001 0.005 0.004 0.000 0.005 0.000 

Locus 48 : 51471_5 
2 alleles
2.2% missing data
 110   (0.964) 0.997 0.982 0.984 0.997 0.998 0.999 0.999 0.999 0.999 0.964 0.882 0.999 0.996 0.997 1.000 1.000 1.000 
 120   (0.036) 0.003 0.018 0.016 0.003 0.002 0.001 0.001 0.001 0.001 0.036 0.118 0.001 0.004 0.003 0.000 0.000 0.000 

Locus 49 : 52408_45 
2 alleles
2.2% missing data
 130   (0.960) 0.814 0.982 0.981 0.997 0.998 0.999 0.999 0.999 0.999 0.960 0.999 0.999 0.995 0.997 1.000 1.000 1.000 
 110   (0.040) 0.186 0.018 0.019 0.003 0.002 0.001 0.001 0.001 0.001 0.040 0.001 0.001 0.005 0.003 0.000 0.000 0.000 

Locus 50 : 53046_18 
2 alleles
0.6% missing data
 120   (0.942) 0.996 0.969 0.971 0.996 0.927 0.999 0.998 0.993 0.997 0.941 0.998 0.999 0.992 0.995 1.000 0.999 1.000 
 100   (0.058) 0.004 0.031 0.029 0.004 0.073 0.001 0.002 0.007 0.003 0.059 0.002 0.001 0.008 0.005 0.000 0.001 0.000 

Locus 51 : 53230_50 
2 alleles
4.5% missing data
 120   (0.960) 0.997 0.981 0.981 0.998 0.998 0.999 0.830 0.999 0.999 0.960 0.998 0.999 0.995 0.997 1.000 1.000 1.000 
 110   (0.040) 0.003 0.019 0.019 0.002 0.002 0.001 0.170 0.001 0.001 0.040 0.002 0.001 0.005 0.003 0.000 0.000 0.000 

Locus 52 : 53957_5 
2 alleles
3.9% missing data
 130   (0.959) 0.997 0.978 0.977 0.997 0.992 0.999 0.999 0.999 0.998 0.959 0.999 0.999 0.994 0.997 1.000 1.000 1.000 
 110   (0.041) 0.003 0.022 0.023 0.003 0.008 0.001 0.001 0.001 0.002 0.041 0.001 0.001 0.006 0.003 0.000 0.000 0.000 

Locus 53 : 58003_89 
2 alleles
3.9% missing data
 120   (0.951) 0.995 0.972 0.968 0.972 0.995 0.999 0.997 0.997 0.979 0.951 0.998 0.994 0.989 0.996 0.995 0.992 0.998 
 100   (0.049) 0.005 0.028 0.032 0.028 0.005 0.001 0.003 0.003 0.021 0.049 0.002 0.006 0.011 0.004 0.005 0.008 0.002 

Locus 54 : 58412_58 
2 alleles
2.2% missing data
 110   (0.961) 0.997 0.981 0.981 0.997 0.998 0.999 0.998 0.999 0.998 0.961 0.999 0.999 0.995 0.974 1.000 1.000 1.000 
 100   (0.039) 0.003 0.019 0.019 0.003 0.002 0.001 0.002 0.001 0.002 0.039 0.001 0.001 0.005 0.026 0.000 0.000 0.000 

Locus 55 : 58452_11 
2 alleles
3.4% missing data
 120   (0.961) 0.997 0.961 0.974 0.992 0.998 0.999 0.999 0.999 0.998 0.961 0.998 0.999 0.995 0.997 1.000 1.000 1.000 
 130   (0.039) 0.003 0.039 0.026 0.008 0.002 0.001 0.001 0.001 0.002 0.039 0.002 0.001 0.005 0.003 0.000 0.000 0.000 

Locus 56 : 59409_85 
2 alleles
2.8% missing data
 130   (0.963) 0.997 0.979 0.982 0.997 0.998 0.999 0.999 0.999 0.999 0.962 0.999 0.996 0.994 0.997 1.000 1.000 1.000 
 100   (0.037) 0.003 0.021 0.018 0.003 0.002 0.001 0.001 0.001 0.001 0.038 0.001 0.004 0.006 0.003 0.000 0.000 0.000 

Locus 57 : 60620_10 
2 alleles
1.1% missing data
 120   (0.955) 0.997 0.978 0.979 0.997 0.998 0.999 0.998 0.999 0.998 0.955 0.999 0.999 0.995 0.891 1.000 1.000 1.000 
 130   (0.045) 0.003 0.022 0.021 0.003 0.002 0.001 0.002 0.001 0.002 0.045 0.001 0.001 0.005 0.109 0.000 0.000 0.000 

Locus 58 : 61541_77 
2 alleles
3.4% missing data
 120   (0.959) 0.997 0.982 0.980 0.997 0.998 0.999 0.999 0.999 0.999 0.959 0.999 0.999 0.995 0.838 1.000 1.000 1.000 
 100   (0.041) 0.003 0.018 0.020 0.003 0.002 0.001 0.001 0.001 0.001 0.041 0.001 0.001 0.005 0.162 0.000 0.000 0.000 

Locus 59 : 61756_42 
2 alleles
1.1% missing data
 130   (0.957) 0.997 0.981 0.979 0.997 0.998 0.999 0.999 0.999 0.999 0.957 0.999 0.999 0.995 0.820 1.000 1.000 1.000 
 110   (0.043) 0.003 0.019 0.021 0.003 0.002 0.001 0.001 0.001 0.001 0.043 0.001 0.001 0.005 0.180 0.000 0.000 0.000 

Locus 60 : 62497_19 
2 alleles
6.2% missing data
 130   (0.917) 0.878 0.952 0.953 0.925 0.995 0.987 0.996 0.997 0.980 0.917 0.996 0.987 0.947 0.993 0.996 0.994 0.995 
 110   (0.083) 0.122 0.048 0.047 0.075 0.005 0.013 0.004 0.003 0.020 0.083 0.004 0.013 0.053 0.007 0.004 0.006 0.005 

Locus 61 : 63024_50 
2 alleles
2.8% missing data
 120   (0.949) 0.996 0.911 0.963 0.977 0.997 0.999 0.998 0.999 0.997 0.948 0.998 0.999 0.992 0.996 1.000 0.999 1.000 
 100   (0.051) 0.004 0.089 0.037 0.023 0.003 0.001 0.002 0.001 0.003 0.052 0.002 0.001 0.008 0.004 0.000 0.001 0.000 

Locus 62 : 64492_50 
2 alleles
7.3% missing data
 120   (0.921) 0.889 0.959 0.960 0.926 0.930 0.999 0.997 0.998 0.995 0.921 0.997 0.998 0.988 0.994 1.000 0.999 0.999 
 100   (0.079) 0.111 0.041 0.040 0.074 0.070 0.001 0.003 0.002 0.005 0.079 0.003 0.002 0.012 0.006 0.000 0.001 0.001 

Locus 63 : 67984_34 
2 alleles
2.2% missing data
 120   (0.959) 0.997 0.980 0.982 0.997 0.998 0.999 0.999 0.999 0.998 0.959 0.999 0.999 0.995 0.865 1.000 1.000 1.000 
 100   (0.041) 0.003 0.020 0.018 0.003 0.002 0.001 0.001 0.001 0.002 0.041 0.001 0.001 0.005 0.135 0.000 0.000 0.000 

Locus 64 : 69199_10 
2 alleles
4.5% missing data
 120   (0.935) 0.995 0.647 0.952 0.456 0.997 0.999 0.998 0.998 0.988 0.935 0.998 0.999 0.991 0.995 0.999 0.995 0.999 
 100   (0.065) 0.005 0.353 0.048 0.544 0.003 0.001 0.002 0.002 0.012 0.065 0.002 0.001 0.009 0.005 0.001 0.005 0.001 

Locus 65 : 71368_77 
2 alleles
6.7% missing data
 100   (0.962) 0.997 0.983 0.982 0.997 0.998 0.999 0.998 0.999 0.999 0.962 0.536 0.999 0.996 0.997 1.000 1.000 1.000 
 110   (0.038) 0.003 0.017 0.018 0.003 0.002 0.001 0.002 0.001 0.001 0.038 0.464 0.001 0.004 0.003 0.000 0.000 0.000 

Locus 66 : 72276_35 
2 alleles
5.1% missing data
 130   (0.958) 0.997 0.979 0.981 0.996 0.897 0.999 0.998 0.999 0.998 0.958 0.999 0.999 0.995 0.997 1.000 0.999 1.000 
 120   (0.042) 0.003 0.021 0.019 0.004 0.103 0.001 0.002 0.001 0.002 0.042 0.001 0.001 0.005 0.003 0.000 0.001 0.000 

Locus 67 : 73554_16 
2 alleles
3.9% missing data
 100   (0.962) 0.997 0.982 0.982 0.998 0.998 0.999 0.999 0.999 0.999 0.962 0.999 0.999 0.844 0.997 1.000 1.000 1.000 
 130   (0.038) 0.003 0.018 0.018 0.002 0.002 0.001 0.001 0.001 0.001 0.038 0.001 0.001 0.156 0.003 0.000 0.000 0.000 

Locus 68 : 74575_32 
2 alleles
1.7% missing data
 120   (0.963) 0.997 0.980 0.982 0.997 0.990 0.999 0.999 0.999 0.997 0.963 0.999 0.999 0.995 0.997 1.000 1.000 1.000 
 100   (0.037) 0.003 0.020 0.018 0.003 0.010 0.001 0.001 0.001 0.003 0.037 0.001 0.001 0.005 0.003 0.000 0.000 0.000 

Locus 69 : 76504_10 
2 alleles
1.1% missing data
 110   (0.956) 0.997 0.978 0.979 0.997 0.998 0.999 0.998 0.783 0.999 0.956 0.999 0.999 0.995 0.996 1.000 1.000 1.000 
 100   (0.044) 0.003 0.022 0.021 0.003 0.002 0.001 0.002 0.217 0.001 0.044 0.001 0.001 0.005 0.004 0.000 0.000 0.000 

Locus 70 : 76561_35 
2 alleles
5.6% missing data
 120   (0.956) 0.554 0.978 0.981 0.997 0.998 0.999 0.998 0.999 0.998 0.956 0.999 0.999 0.995 0.996 1.000 1.000 1.000 
 100   (0.044) 0.446 0.022 0.019 0.003 0.002 0.001 0.002 0.001 0.002 0.044 0.001 0.001 0.005 0.004 0.000 0.000 0.000 

Locus 71 : 77346_16 
2 alleles
2.2% missing data
 130   (0.962) 0.997 0.982 0.981 0.997 0.998 0.999 0.999 0.915 0.998 0.962 0.999 0.999 0.995 0.997 1.000 1.000 1.000 
 110   (0.038) 0.003 0.018 0.019 0.003 0.002 0.001 0.001 0.085 0.002 0.038 0.001 0.001 0.005 0.003 0.000 0.000 0.000 

Locus 72 : 78631_40 
2 alleles
7.9% missing data
 120   (0.950) 0.993 0.974 0.977 0.995 0.818 0.999 0.998 0.999 0.997 0.950 0.998 0.999 0.994 0.996 1.000 0.999 1.000 
 110   (0.050) 0.007 0.026 0.023 0.005 0.182 0.001 0.002 0.001 0.003 0.050 0.002 0.001 0.006 0.004 0.000 0.001 0.000 

Locus 73 : 80366_12 
2 alleles
6.7% missing data
 130   (0.961) 0.995 0.979 0.982 0.996 0.997 0.999 0.998 0.999 0.994 0.961 0.998 0.995 0.994 0.997 1.000 0.997 0.999 
 110   (0.039) 0.005 0.021 0.018 0.004 0.003 0.001 0.002 0.001 0.006 0.039 0.002 0.005 0.006 0.003 0.000 0.003 0.001 

Locus 74 : 80499_10 
2 alleles
6.2% missing data
 130   (0.960) 0.997 0.981 0.981 0.997 0.998 0.999 0.807 0.999 0.998 0.960 0.998 0.999 0.995 0.997 1.000 1.000 1.000 
 100   (0.040) 0.003 0.019 0.019 0.003 0.002 0.001 0.193 0.001 0.002 0.040 0.002 0.001 0.005 0.003 0.000 0.000 0.000 

Locus 75 : 81141_31 
2 alleles
2.8% missing data
 120   (0.962) 0.997 0.978 0.982 0.995 0.998 0.992 0.998 0.999 0.996 0.962 0.998 0.999 0.994 0.997 1.000 0.999 0.999 
 100   (0.038) 0.003 0.022 0.018 0.005 0.002 0.008 0.002 0.001 0.004 0.038 0.002 0.001 0.006 0.003 0.000 0.001 0.001 

Locus 76 : 81662_33 
2 alleles
3.4% missing data
 120   (0.963) 0.997 0.978 0.981 0.995 0.998 0.999 0.999 0.999 0.994 0.963 0.999 0.994 0.995 0.997 1.000 1.000 1.000 
 110   (0.037) 0.003 0.022 0.019 0.005 0.002 0.001 0.001 0.001 0.006 0.037 0.001 0.006 0.005 0.003 0.000 0.000 0.000 

Locus 77 : 82002_8 
2 alleles
6.7% missing data
 100   (0.954) 0.997 0.979 0.978 0.997 0.998 0.999 0.999 0.999 0.998 0.954 0.998 0.999 0.994 0.674 1.000 1.000 1.000 
 110   (0.046) 0.003 0.021 0.022 0.003 0.002 0.001 0.001 0.001 0.002 0.046 0.002 0.001 0.006 0.326 0.000 0.000 0.000 

Locus 78 : 82631_34 
2 alleles
7.9% missing data
 120   (0.963) 0.996 0.979 0.981 0.987 0.996 0.999 0.999 0.999 0.983 0.963 0.999 0.998 0.994 0.997 1.000 0.995 0.999 
 100   (0.037) 0.004 0.021 0.019 0.013 0.004 0.001 0.001 0.001 0.017 0.037 0.001 0.002 0.006 0.003 0.000 0.005 0.001 

Locus 79 : 83247_84 
2 alleles
3.4% missing data
 110   (0.950) 0.996 0.974 0.975 0.997 0.778 0.999 0.998 0.999 0.997 0.950 0.998 0.999 0.994 0.996 1.000 0.999 1.000 
 100   (0.050) 0.004 0.026 0.025 0.003 0.222 0.001 0.002 0.001 0.003 0.050 0.002 0.001 0.006 0.004 0.000 0.001 0.000 

Locus 80 : 83916_5 
2 alleles
3.9% missing data
 130   (0.959) 0.997 0.980 0.981 0.997 0.998 0.851 0.999 0.999 0.998 0.959 0.999 0.999 0.995 0.997 1.000 0.999 0.999 
 110   (0.041) 0.003 0.020 0.019 0.003 0.002 0.149 0.001 0.001 0.002 0.041 0.001 0.001 0.005 0.003 0.000 0.001 0.001 

Locus 81 : 84971_7 
2 alleles
2.2% missing data
 120   (0.949) 0.996 0.969 0.957 0.986 0.996 0.999 0.998 0.962 0.969 0.949 0.998 0.998 0.992 0.996 0.997 0.988 0.999 
 110   (0.051) 0.004 0.031 0.043 0.014 0.004 0.001 0.002 0.038 0.031 0.051 0.002 0.002 0.008 0.004 0.003 0.012 0.001 

Locus 82 : 85247_77 
2 alleles
7.9% missing data
 120   (0.962) 0.996 0.980 0.979 0.995 0.997 0.995 0.997 0.998 0.992 0.962 0.998 0.998 0.993 0.997 0.999 0.994 0.996 
 110   (0.038) 0.004 0.020 0.021 0.005 0.003 0.005 0.003 0.002 0.008 0.038 0.002 0.002 0.007 0.003 0.001 0.006 0.004 

Locus 83 : 85248_24 
2 alleles
5.1% missing data
 100   (0.954) 0.997 0.979 0.978 0.997 0.998 0.999 0.998 0.999 0.998 0.954 0.998 0.999 0.995 0.858 1.000 0.999 1.000 
 120   (0.046) 0.003 0.021 0.022 0.003 0.002 0.001 0.002 0.001 0.002 0.046 0.002 0.001 0.005 0.142 0.000 0.001 0.000 

Locus 84 : 85402_12 
2 alleles
3.4% missing data
 120   (0.959) 0.997 0.977 0.981 0.997 0.998 0.999 0.999 0.999 0.999 0.959 0.999 0.996 0.994 0.997 1.000 1.000 1.000 
 100   (0.041) 0.003 0.023 0.019 0.003 0.002 0.001 0.001 0.001 0.001 0.041 0.001 0.004 0.006 0.003 0.000 0.000 0.000 

Locus 85 : 86588_18 
2 alleles
3.9% missing data
 120   (0.961) 0.997 0.956 0.975 0.990 0.998 0.999 0.998 0.999 0.998 0.961 0.999 0.999 0.993 0.997 1.000 1.000 1.000 
 100   (0.039) 0.003 0.044 0.025 0.010 0.002 0.001 0.002 0.001 0.002 0.039 0.001 0.001 0.007 0.003 0.000 0.000 0.000 

Locus 86 : 87070_60 
2 alleles
2.2% missing data
 100   (0.959) 0.997 0.980 0.981 0.997 0.998 0.999 0.999 0.999 0.998 0.959 0.999 0.999 0.858 0.997 1.000 0.999 1.000 
 130   (0.041) 0.003 0.020 0.019 0.003 0.002 0.001 0.001 0.001 0.002 0.041 0.001 0.001 0.142 0.003 0.000 0.001 0.000 

Locus 87 : 87747_31 
2 alleles
6.2% missing data
 120   (0.956) 0.997 0.979 0.980 0.997 0.997 0.999 0.999 0.999 0.998 0.956 0.998 0.999 0.995 0.914 1.000 0.999 1.000 
 110   (0.044) 0.003 0.021 0.020 0.003 0.003 0.001 0.001 0.001 0.002 0.044 0.002 0.001 0.005 0.086 0.000 0.001 0.000 

Locus 88 : 88455_10 
2 alleles
5.1% missing data
 130   (0.957) 0.787 0.980 0.980 0.996 0.997 0.999 0.998 0.999 0.998 0.957 0.999 0.999 0.995 0.997 1.000 1.000 1.000 
 100   (0.043) 0.213 0.020 0.020 0.004 0.003 0.001 0.002 0.001 0.002 0.043 0.001 0.001 0.005 0.003 0.000 0.000 0.000 

Locus 89 : 89005_12 
2 alleles
1.1% missing data
 120   (0.959) 0.997 0.981 0.981 0.997 0.998 0.999 0.999 0.999 0.998 0.959 0.999 0.999 0.995 0.891 1.000 1.000 1.000 
 130   (0.041) 0.003 0.019 0.019 0.003 0.002 0.001 0.001 0.001 0.002 0.041 0.001 0.001 0.005 0.109 0.000 0.000 0.000 

Locus 90 : 89213_8 
2 alleles
3.4% missing data
 130   (0.958) 0.997 0.981 0.980 0.997 0.998 0.999 0.999 0.999 0.998 0.958 0.999 0.999 0.995 0.972 1.000 1.000 1.000 
 110   (0.042) 0.003 0.019 0.020 0.003 0.002 0.001 0.001 0.001 0.002 0.042 0.001 0.001 0.005 0.028 0.000 0.000 0.000 

Locus 91 : 93475_13 
2 alleles
2.2% missing data
 130   (0.958) 0.997 0.979 0.981 0.997 0.998 0.999 0.999 0.999 0.999 0.958 0.999 0.999 0.995 0.865 1.000 1.000 1.000 
 110   (0.042) 0.003 0.021 0.019 0.003 0.002 0.001 0.001 0.001 0.001 0.042 0.001 0.001 0.005 0.135 0.000 0.000 0.000 

Locus 92 : 95749_27 
2 alleles
3.9% missing data
 120   (0.962) 0.997 0.982 0.983 0.998 0.998 0.999 0.999 0.999 0.999 0.962 0.999 0.999 0.995 0.970 1.000 1.000 1.000 
 100   (0.038) 0.003 0.018 0.017 0.002 0.002 0.001 0.001 0.001 0.001 0.038 0.001 0.001 0.005 0.030 0.000 0.000 0.000 

Locus 93 : 98167_26 
2 alleles
3.4% missing data
 120   (0.939) 0.991 0.958 0.969 0.990 0.996 0.999 0.997 0.993 0.996 0.939 0.997 0.972 0.894 0.995 0.999 0.998 0.999 
 110   (0.061) 0.009 0.042 0.031 0.010 0.004 0.001 0.003 0.007 0.004 0.061 0.003 0.028 0.106 0.005 0.001 0.002 0.001 

Locus 94 : 98988_58 
2 alleles
2.2% missing data
 130   (0.961) 0.997 0.981 0.982 0.997 0.998 0.999 0.998 0.999 0.999 0.961 0.999 0.999 0.994 0.975 1.000 1.000 1.000 
 110   (0.039) 0.003 0.019 0.018 0.003 0.002 0.001 0.002 0.001 0.001 0.039 0.001 0.001 0.006 0.025 0.000 0.000 0.000 

Locus 95 : 103824_15 
2 alleles
3.4% missing data
 130   (0.959) 0.997 0.979 0.982 0.997 0.998 0.999 0.999 0.999 0.998 0.959 0.998 0.999 0.995 0.809 1.000 1.000 1.000 
 110   (0.041) 0.003 0.021 0.018 0.003 0.002 0.001 0.001 0.001 0.002 0.041 0.002 0.001 0.005 0.191 0.000 0.000 0.000 

Locus 96 : 108043_8 
2 alleles
4.5% missing data
 130   (0.962) 0.997 0.982 0.982 0.997 0.998 0.999 0.999 0.909 0.999 0.962 0.998 0.999 0.995 0.997 1.000 0.999 1.000 
 110   (0.038) 0.003 0.018 0.018 0.003 0.002 0.001 0.001 0.091 0.001 0.038 0.002 0.001 0.005 0.003 0.000 0.001 0.000 

Locus 97 : 108049_79 
2 alleles
2.8% missing data
 120   (0.961) 0.997 0.980 0.978 0.995 0.998 0.999 0.999 0.999 0.994 0.961 0.999 0.994 0.995 0.997 1.000 1.000 1.000 
 100   (0.039) 0.003 0.020 0.022 0.005 0.002 0.001 0.001 0.001 0.006 0.039 0.001 0.006 0.005 0.003 0.000 0.000 0.000 

Locus 98 : 108366_5 
2 alleles
2.8% missing data
 130   (0.958) 0.997 0.979 0.981 0.997 0.998 0.999 0.999 0.999 0.998 0.958 0.999 0.999 0.995 0.918 1.000 1.000 1.000 
 100   (0.042) 0.003 0.021 0.019 0.003 0.002 0.001 0.001 0.001 0.002 0.042 0.001 0.001 0.005 0.082 0.000 0.000 0.000 

Locus 99 : 108403_10 
2 alleles
6.2% missing data
 130   (0.961) 0.997 0.978 0.982 0.997 0.998 0.999 0.999 0.992 0.998 0.961 0.999 0.999 0.995 0.997 1.000 1.000 1.000 
 110   (0.039) 0.003 0.022 0.018 0.003 0.002 0.001 0.001 0.008 0.002 0.039 0.001 0.001 0.005 0.003 0.000 0.000 0.000 

Locus 100 : 109283_38 
2 alleles
3.9% missing data
 120   (0.876) 0.990 0.894 0.903 0.953 0.984 0.451 0.995 0.995 0.783 0.876 0.995 0.897 0.982 0.990 0.991 0.843 0.881 
 100   (0.124) 0.010 0.106 0.097 0.047 0.016 0.549 0.005 0.005 0.217 0.124 0.005 0.103 0.018 0.010 0.009 0.157 0.119 

Locus 101 : 109527_54 
2 alleles
7.3% missing data
 110   (0.953) 0.997 0.975 0.976 0.996 0.819 0.999 0.998 0.999 0.998 0.953 0.998 0.995 0.992 0.996 1.000 0.999 1.000 
 130   (0.047) 0.003 0.025 0.024 0.004 0.181 0.001 0.002 0.001 0.002 0.047 0.002 0.005 0.008 0.004 0.000 0.001 0.000 

Locus 102 : 109804_31 
2 alleles
2.2% missing data
 130   (0.960) 0.997 0.981 0.981 0.998 0.998 0.999 0.999 0.999 0.998 0.960 0.999 0.999 0.995 0.946 1.000 1.000 1.000 
 100   (0.040) 0.003 0.019 0.019 0.002 0.002 0.001 0.001 0.001 0.002 0.040 0.001 0.001 0.005 0.054 0.000 0.000 0.000 

Locus 103 : 112614_46 
2 alleles
5.1% missing data
 120   (0.954) 0.997 0.979 0.978 0.997 0.998 0.999 0.998 0.999 0.998 0.954 0.998 0.999 0.994 0.884 1.000 0.999 1.000 
 100   (0.046) 0.003 0.021 0.022 0.003 0.002 0.001 0.002 0.001 0.002 0.046 0.002 0.001 0.006 0.116 0.000 0.001 0.000 

Locus 104 : 112906_14 
2 alleles
3.9% missing data
 110   (0.902) 0.671 0.949 0.956 0.985 0.714 0.965 0.997 0.997 0.986 0.902 0.996 0.998 0.955 0.992 1.000 0.979 0.999 
 120   (0.098) 0.329 0.051 0.044 0.015 0.286 0.035 0.003 0.003 0.014 0.098 0.004 0.002 0.045 0.008 0.000 0.021 0.001 

Locus 105 : 113735_32 
2 alleles
6.7% missing data
 120   (0.960) 0.965 0.979 0.982 0.996 0.998 0.999 0.999 0.999 0.995 0.960 0.998 0.999 0.995 0.997 1.000 0.999 1.000 
 100   (0.040) 0.035 0.021 0.018 0.004 0.002 0.001 0.001 0.001 0.005 0.040 0.002 0.001 0.005 0.003 0.000 0.001 0.000 

Locus 106 : 115028_7 
2 alleles
3.9% missing data
 120   (0.962) 0.959 0.981 0.982 0.997 0.998 0.999 0.999 0.999 0.998 0.962 0.998 0.999 0.995 0.997 1.000 1.000 1.000 
 100   (0.038) 0.041 0.019 0.018 0.003 0.002 0.001 0.001 0.001 0.002 0.038 0.002 0.001 0.005 0.003 0.000 0.000 0.000 

Locus 107 : 115179_16 
2 alleles
2.2% missing data
 120   (0.956) 0.997 0.979 0.980 0.997 0.998 0.999 0.998 0.999 0.998 0.956 0.999 0.999 0.995 0.909 1.000 1.000 1.000 
 110   (0.044) 0.003 0.021 0.020 0.003 0.002 0.001 0.002 0.001 0.002 0.044 0.001 0.001 0.005 0.091 0.000 0.000 0.000 

Locus 108 : 116753_51 
2 alleles
7.3% missing data
 120   (0.955) 0.995 0.975 0.979 0.981 0.994 0.972 0.998 0.999 0.970 0.955 0.998 0.996 0.994 0.996 1.000 0.992 0.994 
 100   (0.045) 0.005 0.025 0.021 0.019 0.006 0.028 0.002 0.001 0.030 0.045 0.002 0.004 0.006 0.004 0.000 0.008 0.006 

Locus 109 : 116931_31 
2 alleles
7.9% missing data
 120   (0.962) 0.997 0.958 0.975 0.991 0.998 0.999 0.999 0.999 0.998 0.962 0.999 0.999 0.995 0.997 1.000 0.999 1.000 
 110   (0.038) 0.003 0.042 0.025 0.009 0.002 0.001 0.001 0.001 0.002 0.038 0.001 0.001 0.005 0.003 0.000 0.001 0.000 

Locus 110 : 116938_8 
2 alleles
4.5% missing data
 130   (0.922) 0.994 0.962 0.962 0.994 0.862 0.895 0.997 0.998 0.997 0.922 0.997 0.998 0.937 0.994 1.000 0.999 1.000 
 110   (0.078) 0.006 0.038 0.038 0.006 0.138 0.105 0.003 0.002 0.003 0.078 0.003 0.002 0.063 0.006 0.000 0.001 0.000 

Locus 111 : 122302_80 
2 alleles
10.1% missing data
 110   (0.961) 0.996 0.974 0.983 0.944 0.998 0.999 0.998 0.999 0.998 0.961 0.998 0.999 0.995 0.997 1.000 1.000 1.000 
 100   (0.039) 0.004 0.026 0.017 0.056 0.002 0.001 0.002 0.001 0.002 0.039 0.002 0.001 0.005 0.003 0.000 0.000 0.000 

Locus 112 : 123190_14 
2 alleles
3.4% missing data
 120   (0.955) 0.997 0.907 0.971 0.972 0.998 0.999 0.998 0.999 0.996 0.955 0.999 0.999 0.994 0.997 1.000 0.999 1.000 
 130   (0.045) 0.003 0.093 0.029 0.028 0.002 0.001 0.002 0.001 0.004 0.045 0.001 0.001 0.006 0.003 0.000 0.001 0.000 

Locus 113 : 123271_36 
2 alleles
3.9% missing data
 100   (0.960) 0.997 0.981 0.982 0.998 0.998 0.999 0.999 0.999 0.999 0.960 0.998 0.999 0.995 0.857 1.000 1.000 1.000 
 110   (0.040) 0.003 0.019 0.018 0.002 0.002 0.001 0.001 0.001 0.001 0.040 0.002 0.001 0.005 0.143 0.000 0.000 0.000 

Locus 114 : 124147_18 
2 alleles
2.2% missing data
 130   (0.957) 0.997 0.978 0.981 0.997 0.998 0.999 0.999 0.999 0.998 0.957 0.999 0.998 0.760 0.997 1.000 1.000 1.000 
 110   (0.043) 0.003 0.022 0.019 0.003 0.002 0.001 0.001 0.001 0.002 0.043 0.001 0.002 0.240 0.003 0.000 0.000 0.000 

Locus 115 : 124184_33 
2 alleles
5.6% missing data
 110   (0.960) 0.997 0.980 0.982 0.997 0.998 0.999 0.999 0.999 0.998 0.960 0.999 0.999 0.995 0.909 1.000 1.000 1.000 
 100   (0.040) 0.003 0.020 0.018 0.003 0.002 0.001 0.001 0.001 0.002 0.040 0.001 0.001 0.005 0.091 0.000 0.000 0.000 

Locus 116 : 125404_24 
2 alleles
1.1% missing data
 130   (0.959) 0.763 0.980 0.982 0.998 0.998 0.999 0.999 0.999 0.999 0.959 0.999 0.999 0.995 0.997 1.000 1.000 1.000 
 110   (0.041) 0.237 0.020 0.018 0.002 0.002 0.001 0.001 0.001 0.001 0.041 0.001 0.001 0.005 0.003 0.000 0.000 0.000 

Locus 117 : 125436_43 
2 alleles
3.9% missing data
 130   (0.933) 0.713 0.968 0.969 0.995 0.834 0.999 0.998 0.998 0.997 0.933 0.998 0.998 0.992 0.995 1.000 0.999 1.000 
 100   (0.067) 0.287 0.032 0.031 0.005 0.166 0.001 0.002 0.002 0.003 0.067 0.002 0.002 0.008 0.005 0.000 0.001 0.000 

Locus 118 : 126013_18 
2 alleles
2.8% missing data
 130   (0.958) 0.997 0.980 0.981 0.997 0.998 0.999 0.790 0.999 0.998 0.958 0.998 0.999 0.995 0.996 1.000 0.999 1.000 
 110   (0.042) 0.003 0.020 0.019 0.003 0.002 0.001 0.210 0.001 0.002 0.042 0.002 0.001 0.005 0.004 0.000 0.001 0.000 

Locus 119 : 126137_19 
2 alleles
3.9% missing data
 120   (0.962) 0.986 0.981 0.982 0.997 0.980 0.999 0.999 0.999 0.998 0.962 0.999 0.999 0.995 0.997 1.000 0.999 1.000 
 110   (0.038) 0.014 0.019 0.018 0.003 0.020 0.001 0.001 0.001 0.002 0.038 0.001 0.001 0.005 0.003 0.000 0.001 0.000 

Locus 120 : 126845_22 
2 alleles
5.6% missing data
 130   (0.961) 0.962 0.981 0.982 0.996 0.998 0.999 0.999 0.999 0.998 0.961 0.999 0.999 0.993 0.997 1.000 1.000 1.000 
 110   (0.039) 0.038 0.019 0.018 0.004 0.002 0.001 0.001 0.001 0.002 0.039 0.001 0.001 0.007 0.003 0.000 0.000 0.000 

Locus 121 : 127512_8 
2 alleles
1.1% missing data
 130   (0.960) 0.997 0.981 0.983 0.998 0.998 0.999 0.838 0.999 0.999 0.961 0.999 0.999 0.995 0.997 1.000 1.000 1.000 
 100   (0.040) 0.003 0.019 0.017 0.002 0.002 0.001 0.162 0.001 0.001 0.039 0.001 0.001 0.005 0.003 0.000 0.000 0.000 

Locus 122 : 127692_13 
2 alleles
2.8% missing data
 100   (0.957) 0.997 0.977 0.980 0.997 0.941 0.999 0.998 0.999 0.997 0.957 0.999 0.999 0.994 0.997 1.000 0.999 1.000 
 120   (0.043) 0.003 0.023 0.020 0.003 0.059 0.001 0.002 0.001 0.003 0.043 0.001 0.001 0.006 0.003 0.000 0.001 0.000 

Locus 123 : 128195_18 
2 alleles
7.3% missing data
 130   (0.871) 0.989 0.923 0.923 0.964 0.926 0.998 0.995 0.997 0.929 0.871 0.995 0.363 0.426 0.990 0.999 0.972 0.997 
 110   (0.129) 0.011 0.077 0.077 0.036 0.074 0.002 0.005 0.003 0.071 0.129 0.005 0.637 0.574 0.010 0.001 0.028 0.003 

Locus 124 : 128198_14 
2 alleles
4.5% missing data
 130   (0.940) 0.996 0.970 0.973 0.996 0.997 0.999 0.819 0.998 0.998 0.940 0.998 0.999 0.993 0.921 1.000 0.999 1.000 
 120   (0.060) 0.004 0.030 0.027 0.004 0.003 0.001 0.181 0.002 0.002 0.060 0.002 0.001 0.007 0.079 0.000 0.001 0.000 

Locus 125 : 128423_39 
2 alleles
4.5% missing data
 130   (0.962) 0.997 0.979 0.981 0.995 0.998 0.999 0.999 0.999 0.997 0.961 0.999 0.992 0.989 0.997 1.000 1.000 1.000 
 100   (0.038) 0.003 0.021 0.019 0.005 0.002 0.001 0.001 0.001 0.003 0.039 0.001 0.008 0.011 0.003 0.000 0.000 0.000 

Locus 126 : 131572_48 
2 alleles
1.1% missing data
 120   (0.952) 0.996 0.975 0.976 0.985 0.996 0.975 0.998 0.999 0.982 0.952 0.998 0.998 0.993 0.996 1.000 0.997 0.995 
 100   (0.048) 0.004 0.025 0.024 0.015 0.004 0.025 0.002 0.001 0.018 0.048 0.002 0.002 0.007 0.004 0.000 0.003 0.005 

Locus 127 : 132199_62 
2 alleles
3.9% missing data
 100   (0.954) 0.997 0.978 0.980 0.997 0.998 0.999 0.998 0.999 0.998 0.954 0.999 0.999 0.994 0.750 1.000 0.999 1.000 
 120   (0.046) 0.003 0.022 0.020 0.003 0.002 0.001 0.002 0.001 0.002 0.046 0.001 0.001 0.006 0.250 0.000 0.001 0.000 

Locus 128 : 135566_64 
2 alleles
7.3% missing data
 130   (0.961) 0.997 0.978 0.981 0.997 0.998 0.999 0.999 0.999 0.998 0.961 0.999 0.996 0.994 0.997 1.000 1.000 1.000 
 110   (0.039) 0.003 0.022 0.019 0.003 0.002 0.001 0.001 0.001 0.002 0.039 0.001 0.004 0.006 0.003 0.000 0.000 0.000 

Locus 129 : 135761_5 
2 alleles
7.9% missing data
 130   (0.956) 0.997 0.978 0.980 0.997 0.998 0.999 0.998 0.999 0.998 0.956 0.998 0.999 0.995 0.904 1.000 1.000 1.000 
 100   (0.044) 0.003 0.022 0.020 0.003 0.002 0.001 0.002 0.001 0.002 0.044 0.002 0.001 0.005 0.096 0.000 0.000 0.000 

Locus 130 : 137219_35 
2 alleles
3.4% missing data
 120   (0.945) 0.996 0.969 0.971 0.994 0.997 0.999 0.998 0.999 0.993 0.945 0.998 0.977 0.992 0.996 1.000 0.999 1.000 
 100   (0.055) 0.004 0.031 0.029 0.006 0.003 0.001 0.002 0.001 0.007 0.055 0.002 0.023 0.008 0.004 0.000 0.001 0.000 

Locus 131 : 139081_20 
2 alleles
5.6% missing data
 120   (0.943) 0.995 0.970 0.972 0.995 0.973 0.998 0.998 0.998 0.992 0.943 0.998 0.998 0.929 0.995 1.000 0.998 0.999 
 110   (0.057) 0.005 0.030 0.028 0.005 0.027 0.002 0.002 0.002 0.008 0.057 0.002 0.002 0.071 0.005 0.000 0.002 0.001 

Locus 132 : 139084_52 
2 alleles
5.1% missing data
 120   (0.923) 0.994 0.870 0.948 0.967 0.996 0.999 0.997 0.998 0.992 0.923 0.997 0.996 0.826 0.994 1.000 0.996 0.999 
 110   (0.077) 0.006 0.130 0.052 0.033 0.004 0.001 0.003 0.002 0.008 0.077 0.003 0.004 0.174 0.006 0.000 0.004 0.001 

Locus 133 : 139433_54 
2 alleles
3.9% missing data
 120   (0.961) 0.997 0.982 0.982 0.998 0.998 0.999 0.999 0.999 0.999 0.961 0.999 0.999 0.995 0.945 1.000 1.000 1.000 
 100   (0.039) 0.003 0.018 0.018 0.002 0.002 0.001 0.001 0.001 0.001 0.039 0.001 0.001 0.005 0.055 0.000 0.000 0.000 

Locus 134 : 140063_88 
2 alleles
7.9% missing data
 110   (0.958) 0.997 0.977 0.977 0.997 0.991 0.999 0.998 0.999 0.998 0.958 0.998 0.999 0.993 0.997 1.000 1.000 1.000 
 100   (0.042) 0.003 0.023 0.023 0.003 0.009 0.001 0.002 0.001 0.002 0.042 0.002 0.001 0.007 0.003 0.000 0.000 0.000 

Locus 135 : 140194_73 
2 alleles
2.8% missing data
 120   (0.962) 0.997 0.981 0.983 0.997 0.998 0.999 0.998 0.999 0.998 0.962 0.951 0.999 0.993 0.997 1.000 0.999 1.000 
 110   (0.038) 0.003 0.019 0.017 0.003 0.002 0.001 0.002 0.001 0.002 0.038 0.049 0.001 0.007 0.003 0.000 0.001 0.000 

Locus 136 : 141313_8 
2 alleles
2.8% missing data
 120   (0.958) 0.997 0.979 0.981 0.997 0.998 0.999 0.998 0.999 0.998 0.958 0.999 0.999 0.995 0.919 1.000 0.999 1.000 
 100   (0.042) 0.003 0.021 0.019 0.003 0.002 0.001 0.002 0.001 0.002 0.042 0.001 0.001 0.005 0.081 0.000 0.001 0.000 

Locus 137 : 145284_28 
2 alleles
2.8% missing data
 130   (0.960) 0.997 0.981 0.981 0.998 0.998 0.999 0.999 0.999 0.999 0.960 0.999 0.999 0.614 0.997 1.000 1.000 1.000 
 110   (0.040) 0.003 0.019 0.019 0.002 0.002 0.001 0.001 0.001 0.001 0.040 0.001 0.001 0.386 0.003 0.000 0.000 0.000 

Locus 138 : 145957_11 
2 alleles
4.5% missing data
 130   (0.960) 0.997 0.981 0.982 0.997 0.998 0.872 0.999 0.999 0.999 0.960 0.999 0.999 0.995 0.997 1.000 1.000 0.999 
 110   (0.040) 0.003 0.019 0.018 0.003 0.002 0.128 0.001 0.001 0.001 0.040 0.001 0.001 0.005 0.003 0.000 0.000 0.001 

Locus 139 : 160306_34 
2 alleles
2.8% missing data
 120   (0.935) 0.776 0.966 0.970 0.986 0.960 0.997 0.998 0.998 0.987 0.935 0.998 0.998 0.991 0.995 1.000 0.989 0.999 
 100   (0.065) 0.224 0.034 0.030 0.014 0.040 0.003 0.002 0.002 0.013 0.065 0.002 0.002 0.009 0.005 0.000 0.011 0.001 

Locus 140 : 162107_37 
2 alleles
3.4% missing data
 120   (0.942) 0.904 0.972 0.970 0.996 0.989 0.999 0.998 0.999 0.996 0.942 0.998 0.999 0.993 0.995 1.000 0.999 1.000 
 100   (0.058) 0.096 0.028 0.030 0.004 0.011 0.001 0.002 0.001 0.004 0.058 0.002 0.001 0.007 0.005 0.000 0.001 0.000 

Locus 141 : 163290_36 
2 alleles
5.1% missing data
 130   (0.930) 0.995 0.934 0.941 0.962 0.996 0.998 0.997 0.997 0.922 0.930 0.998 0.996 0.777 0.994 0.999 0.960 0.994 
 110   (0.070) 0.005 0.066 0.059 0.038 0.004 0.002 0.003 0.003 0.078 0.070 0.002 0.004 0.223 0.006 0.001 0.040 0.006 

Locus 142 : 163453_13 
2 alleles
5.6% missing data
 120   (0.963) 0.997 0.962 0.976 0.992 0.998 0.999 0.998 0.999 0.998 0.963 0.999 0.999 0.995 0.997 1.000 0.999 1.000 
 110   (0.037) 0.003 0.038 0.024 0.008 0.002 0.001 0.002 0.001 0.002 0.037 0.001 0.001 0.005 0.003 0.000 0.001 0.000 

Locus 143 : 163580_14 
2 alleles
10.1% missing data
 120   (0.957) 0.997 0.979 0.913 0.996 0.998 0.999 0.998 0.999 0.998 0.957 0.999 0.998 0.995 0.996 0.912 0.965 1.000 
 100   (0.043) 0.003 0.021 0.087 0.004 0.002 0.001 0.002 0.001 0.002 0.043 0.001 0.002 0.005 0.004 0.088 0.035 0.000 

Locus 144 : 164461_13 
2 alleles
5.6% missing data
 100   (0.961) 0.997 0.968 0.982 0.786 0.998 0.999 0.999 0.999 0.998 0.961 0.999 0.999 0.995 0.997 1.000 1.000 1.000 
 120   (0.039) 0.003 0.032 0.018 0.214 0.002 0.001 0.001 0.001 0.002 0.039 0.001 0.001 0.005 0.003 0.000 0.000 0.000 

Locus 145 : 165413_43 
2 alleles
1.7% missing data
 110   (0.956) 0.997 0.978 0.978 0.997 0.945 0.999 0.998 0.999 0.995 0.956 0.998 0.999 0.994 0.997 1.000 0.999 1.000 
 130   (0.044) 0.003 0.022 0.022 0.003 0.055 0.001 0.002 0.001 0.005 0.044 0.002 0.001 0.006 0.003 0.000 0.001 0.000 

Locus 146 : 168629_44 
2 alleles
5.6% missing data
 130   (0.946) 0.996 0.970 0.971 0.978 0.966 0.999 0.997 0.998 0.989 0.946 0.998 0.991 0.988 0.996 1.000 0.998 0.999 
 110   (0.054) 0.004 0.030 0.029 0.022 0.034 0.001 0.003 0.002 0.011 0.054 0.002 0.009 0.012 0.004 0.000 0.002 0.001 

Locus 147 : 168991_77 
2 alleles
5.6% missing data
 110   (0.868) 0.642 0.928 0.930 0.919 0.901 0.977 0.995 0.996 0.921 0.867 0.995 0.946 0.978 0.990 0.999 0.963 0.989 
 100   (0.132) 0.358 0.072 0.070 0.081 0.099 0.023 0.005 0.004 0.079 0.133 0.005 0.054 0.022 0.010 0.001 0.037 0.011 

Locus 148 : 169478_88 
2 alleles
5.1% missing data
 130   (0.963) 0.997 0.981 0.982 0.997 0.998 0.999 0.998 0.999 0.999 0.963 0.959 0.999 0.995 0.997 1.000 0.999 1.000 
 100   (0.037) 0.003 0.019 0.018 0.003 0.002 0.001 0.002 0.001 0.001 0.037 0.041 0.001 0.005 0.003 0.000 0.001 0.000 

Locus 149 : 169898_8 
2 alleles
6.2% missing data
 120   (0.944) 0.996 0.966 0.973 0.960 0.916 0.999 0.997 0.998 0.997 0.944 0.998 0.998 0.992 0.995 1.000 0.999 1.000 
 100   (0.056) 0.004 0.034 0.027 0.040 0.084 0.001 0.003 0.002 0.003 0.056 0.002 0.002 0.008 0.005 0.000 0.001 0.000 

Locus 150 : 170224_42 
2 alleles
7.3% missing data
 100   (0.914) 0.993 0.834 0.946 0.889 0.950 0.998 0.997 0.997 0.928 0.914 0.997 0.988 0.979 0.993 0.998 0.981 0.998 
 120   (0.086) 0.007 0.166 0.054 0.111 0.050 0.002 0.003 0.003 0.072 0.086 0.003 0.012 0.021 0.007 0.002 0.019 0.002 

Locus 151 : 174083_22 
2 alleles
3.9% missing data
 120   (0.955) 0.997 0.977 0.981 0.997 0.998 0.999 0.999 0.999 0.998 0.955 0.999 0.999 0.995 0.784 1.000 1.000 1.000 
 100   (0.045) 0.003 0.023 0.019 0.003 0.002 0.001 0.001 0.001 0.002 0.045 0.001 0.001 0.005 0.216 0.000 0.000 0.000 

Locus 152 : 174223_24 
2 alleles
2.8% missing data
 120   (0.962) 0.997 0.979 0.981 0.997 0.998 0.999 0.999 0.991 0.998 0.962 0.999 0.999 0.995 0.997 1.000 1.000 1.000 
 100   (0.038) 0.003 0.021 0.019 0.003 0.002 0.001 0.001 0.009 0.002 0.038 0.001 0.001 0.005 0.003 0.000 0.000 0.000 

Locus 153 : 174263_44 
2 alleles
3.9% missing data
 130   (0.961) 0.997 0.981 0.982 0.998 0.998 0.999 0.703 0.999 0.999 0.961 0.996 0.999 0.995 0.997 1.000 1.000 1.000 
 110   (0.039) 0.003 0.019 0.018 0.002 0.002 0.001 0.297 0.001 0.001 0.039 0.004 0.001 0.005 0.003 0.000 0.000 0.000 

Locus 154 : 175657_6 
2 alleles
8.4% missing data
 100   (0.934) 0.763 0.969 0.969 0.996 0.924 0.999 0.998 0.998 0.997 0.934 0.998 0.999 0.992 0.994 1.000 0.999 1.000 
 130   (0.066) 0.237 0.031 0.031 0.004 0.076 0.001 0.002 0.002 0.003 0.066 0.002 0.001 0.008 0.006 0.000 0.001 0.000 

Locus 155 : 176570_23 
2 alleles
3.9% missing data
 130   (0.963) 0.996 0.975 0.982 0.991 0.998 0.987 0.995 0.998 0.970 0.963 0.998 0.996 0.995 0.997 0.999 0.981 0.980 
 110   (0.037) 0.004 0.025 0.018 0.009 0.002 0.013 0.005 0.002 0.030 0.037 0.002 0.004 0.005 0.003 0.001 0.019 0.020 

Locus 156 : 176775_13 
2 alleles
6.7% missing data
 130   (0.955) 0.997 0.979 0.979 0.997 0.997 0.999 0.998 0.999 0.998 0.955 0.998 0.999 0.994 0.703 1.000 0.999 1.000 
 110   (0.045) 0.003 0.021 0.021 0.003 0.003 0.001 0.002 0.001 0.002 0.045 0.002 0.001 0.006 0.297 0.000 0.001 0.000 

Locus 157 : 178448_19 
2 alleles
3.4% missing data
 120   (0.959) 0.997 0.980 0.981 0.997 0.998 0.999 0.999 0.999 0.999 0.959 0.999 0.999 0.995 0.881 1.000 1.000 1.000 
 100   (0.041) 0.003 0.020 0.019 0.003 0.002 0.001 0.001 0.001 0.001 0.041 0.001 0.001 0.005 0.119 0.000 0.000 0.000 

Locus 158 : 179162_16 
2 alleles
6.2% missing data
 120   (0.960) 0.997 0.981 0.981 0.997 0.998 0.999 0.999 0.999 0.998 0.960 0.998 0.999 0.995 0.971 1.000 1.000 1.000 
 100   (0.040) 0.003 0.019 0.019 0.003 0.002 0.001 0.001 0.001 0.002 0.040 0.002 0.001 0.005 0.029 0.000 0.000 0.000 

Locus 159 : 179286_31 
2 alleles
2.8% missing data
 120   (0.939) 0.905 0.970 0.971 0.995 0.901 0.999 0.998 0.998 0.995 0.939 0.998 0.999 0.992 0.995 0.999 0.993 1.000 
 100   (0.061) 0.095 0.030 0.029 0.005 0.099 0.001 0.002 0.002 0.005 0.061 0.002 0.001 0.008 0.005 0.001 0.007 0.000 

Locus 160 : 179594_17 
2 alleles
4.5% missing data
 120   (0.926) 0.733 0.917 0.961 0.983 0.996 0.999 0.997 0.994 0.996 0.926 0.997 0.998 0.935 0.994 1.000 0.999 0.999 
 100   (0.074) 0.267 0.083 0.039 0.017 0.004 0.001 0.003 0.006 0.004 0.074 0.003 0.002 0.065 0.006 0.000 0.001 0.001 

Locus 161 : 180413_54 
2 alleles
3.9% missing data
 100   (0.959) 0.997 0.978 0.983 0.997 0.998 0.999 0.999 0.999 0.998 0.959 0.999 0.999 0.995 0.880 1.000 1.000 1.000 
 110   (0.041) 0.003 0.022 0.017 0.003 0.002 0.001 0.001 0.001 0.002 0.041 0.001 0.001 0.005 0.120 0.000 0.000 0.000 

Locus 162 : 182862_79 
2 alleles
3.4% missing data
 130   (0.959) 0.997 0.980 0.982 0.997 0.998 0.999 0.999 0.999 0.998 0.959 0.999 0.999 0.995 0.866 1.000 0.999 1.000 
 110   (0.041) 0.003 0.020 0.018 0.003 0.002 0.001 0.001 0.001 0.002 0.041 0.001 0.001 0.005 0.134 0.000 0.001 0.000 

Locus 163 : 183288_63 
2 alleles
10.1% missing data
 100   (0.958) 0.997 0.980 0.980 0.997 0.998 0.999 0.999 0.999 0.998 0.958 0.998 0.999 0.995 0.971 1.000 0.999 1.000 
 120   (0.042) 0.003 0.020 0.020 0.003 0.002 0.001 0.001 0.001 0.002 0.042 0.002 0.001 0.005 0.029 0.000 0.001 0.000 

Locus 164 : 183906_55 
2 alleles
6.7% missing data
 130   (0.957) 0.997 0.980 0.979 0.997 0.998 0.999 0.998 0.999 0.998 0.957 0.998 0.999 0.994 0.945 1.000 1.000 1.000 
 100   (0.043) 0.003 0.020 0.021 0.003 0.002 0.001 0.002 0.001 0.002 0.043 0.002 0.001 0.006 0.055 0.000 0.000 0.000 

Locus 165 : 183990_7 
2 alleles
3.4% missing data
 120   (0.956) 0.997 0.975 0.980 0.987 0.998 0.999 0.999 0.999 0.947 0.956 0.999 0.834 0.995 0.997 1.000 0.999 1.000 
 100   (0.044) 0.003 0.025 0.020 0.013 0.002 0.001 0.001 0.001 0.053 0.044 0.001 0.166 0.005 0.003 0.000 0.001 0.000 

Locus 166 : 185904_60 
2 alleles
3.4% missing data
 120   (0.958) 0.997 0.905 0.978 0.954 0.998 0.999 0.999 0.999 0.998 0.958 0.999 0.999 0.995 0.997 1.000 0.999 1.000 
 100   (0.042) 0.003 0.095 0.022 0.046 0.002 0.001 0.001 0.001 0.002 0.042 0.001 0.001 0.005 0.003 0.000 0.001 0.000 

Locus 167 : 191703_64 
2 alleles
1.7% missing data
 130   (0.932) 0.866 0.967 0.970 0.996 0.997 0.999 0.998 0.998 0.996 0.933 0.998 0.999 0.671 0.995 1.000 0.999 1.000 
 110   (0.068) 0.134 0.033 0.030 0.004 0.003 0.001 0.002 0.002 0.004 0.067 0.002 0.001 0.329 0.005 0.000 0.001 0.000 

Locus 168 : 193854_7 
2 alleles
1.7% missing data
 130   (0.941) 0.996 0.971 0.971 0.995 0.997 0.999 0.962 0.998 0.997 0.941 0.997 0.999 0.993 0.883 1.000 0.999 1.000 
 110   (0.059) 0.004 0.029 0.029 0.005 0.003 0.001 0.038 0.002 0.003 0.059 0.003 0.001 0.007 0.117 0.000 0.001 0.000 

Locus 169 : 194868_38 
2 alleles
5.6% missing data
 120   (0.949) 0.976 0.974 0.972 0.996 0.889 0.999 0.998 0.998 0.997 0.949 0.998 0.999 0.992 0.996 1.000 0.998 1.000 
 100   (0.051) 0.024 0.026 0.028 0.004 0.111 0.001 0.002 0.002 0.003 0.051 0.002 0.001 0.008 0.004 0.000 0.002 0.000 

Locus 170 : 195463_36 
2 alleles
5.1% missing data
 120   (0.959) 0.860 0.979 0.983 0.997 0.998 0.999 0.999 0.999 0.999 0.959 0.998 0.999 0.995 0.997 1.000 1.000 1.000 
 100   (0.041) 0.140 0.021 0.017 0.003 0.002 0.001 0.001 0.001 0.001 0.041 0.002 0.001 0.005 0.003 0.000 0.000 0.000 

Locus 171 : 195727_20 
2 alleles
1.7% missing data
 130   (0.960) 0.997 0.981 0.982 0.997 0.998 0.999 0.999 0.999 0.999 0.960 0.999 0.999 0.995 0.914 1.000 1.000 1.000 
 110   (0.040) 0.003 0.019 0.018 0.003 0.002 0.001 0.001 0.001 0.001 0.040 0.001 0.001 0.005 0.086 0.000 0.000 0.000 

Locus 172 : 197508_5 
2 alleles
2.2% missing data
 120   (0.961) 0.997 0.980 0.978 0.997 0.991 0.999 0.999 0.999 0.998 0.961 0.999 0.999 0.995 0.997 1.000 1.000 1.000 
 100   (0.039) 0.003 0.020 0.022 0.003 0.009 0.001 0.001 0.001 0.002 0.039 0.001 0.001 0.005 0.003 0.000 0.000 0.000 

Locus 173 : 199140_10 
2 alleles
4.5% missing data
 130   (0.962) 0.997 0.981 0.980 0.997 0.998 0.999 0.999 0.999 0.999 0.962 0.999 0.996 0.994 0.997 1.000 1.000 1.000 
 110   (0.038) 0.003 0.019 0.020 0.003 0.002 0.001 0.001 0.001 0.001 0.038 0.001 0.004 0.006 0.003 0.000 0.000 0.000 

Locus 174 : 199429_51 
2 alleles
5.1% missing data
 130   (0.964) 0.996 0.955 0.977 0.991 0.998 0.999 0.999 0.999 0.998 0.964 0.999 0.999 0.994 0.997 1.000 0.999 1.000 
 100   (0.036) 0.004 0.045 0.023 0.009 0.002 0.001 0.001 0.001 0.002 0.036 0.001 0.001 0.006 0.003 0.000 0.001 0.000 

Locus 175 : 199635_9 
2 alleles
3.4% missing data
 120   (0.956) 0.997 0.980 0.979 0.997 0.997 0.999 0.999 0.999 0.998 0.957 0.999 0.999 0.995 0.829 1.000 1.000 1.000 
 100   (0.044) 0.003 0.020 0.021 0.003 0.003 0.001 0.001 0.001 0.002 0.043 0.001 0.001 0.005 0.171 0.000 0.000 0.000 

Locus 176 : 200923_8 
2 alleles
5.1% missing data
 100   (0.963) 0.994 0.982 0.982 0.997 0.998 0.999 0.999 0.999 0.998 0.963 0.999 0.999 0.934 0.997 1.000 1.000 1.000 
 110   (0.037) 0.006 0.018 0.018 0.003 0.002 0.001 0.001 0.001 0.002 0.037 0.001 0.001 0.066 0.003 0.000 0.000 0.000 

Locus 177 : 201090_64 
2 alleles
5.1% missing data
 130   (0.961) 0.997 0.974 0.983 0.944 0.998 0.999 0.999 0.999 0.998 0.961 0.998 0.999 0.995 0.997 1.000 0.999 1.000 
 100   (0.039) 0.003 0.026 0.017 0.056 0.002 0.001 0.001 0.001 0.002 0.039 0.002 0.001 0.005 0.003 0.000 0.001 0.000 

Locus 178 : 201549_57 
2 alleles
4.5% missing data
 120   (0.958) 0.906 0.979 0.981 0.997 0.998 0.999 0.999 0.999 0.998 0.958 0.999 0.999 0.995 0.997 1.000 1.000 1.000 
 110   (0.042) 0.094 0.021 0.019 0.003 0.002 0.001 0.001 0.001 0.002 0.042 0.001 0.001 0.005 0.003 0.000 0.000 0.000 

Locus 179 : 203565_40 
2 alleles
3.9% missing data
 120   (0.963) 0.997 0.982 0.983 0.997 0.998 0.999 0.999 0.999 0.998 0.963 0.999 0.999 0.934 0.997 1.000 1.000 1.000 
 100   (0.037) 0.003 0.018 0.017 0.003 0.002 0.001 0.001 0.001 0.002 0.037 0.001 0.001 0.066 0.003 0.000 0.000 0.000 

Locus 180 : 205184_19 
2 alleles
7.3% missing data
 110   (0.912) 0.994 0.956 0.960 0.994 0.995 0.999 0.890 0.998 0.996 0.912 0.866 0.998 0.989 0.759 1.000 0.999 0.999 
 120   (0.088) 0.006 0.044 0.040 0.006 0.005 0.001 0.110 0.002 0.004 0.088 0.134 0.002 0.011 0.241 0.000 0.001 0.001 

Locus 181 : 206551_17 
2 alleles
6.2% missing data
 120   (0.908) 0.966 0.665 0.951 0.755 0.995 0.998 0.996 0.881 0.985 0.908 0.997 0.991 0.945 0.993 0.999 0.998 0.999 
 100   (0.092) 0.034 0.335 0.049 0.245 0.005 0.002 0.004 0.119 0.015 0.092 0.003 0.009 0.055 0.007 0.001 0.002 0.001 

Locus 182 : 216246_19 
2 alleles
2.8% missing data
 110   (0.946) 0.987 0.971 0.974 0.983 0.988 0.999 0.998 0.999 0.987 0.946 0.998 0.989 0.988 0.996 1.000 0.995 1.000 
 130   (0.054) 0.013 0.029 0.026 0.017 0.012 0.001 0.002 0.001 0.013 0.054 0.002 0.011 0.012 0.004 0.000 0.005 0.000 

Locus 183 : 216776_13 
2 alleles
5.6% missing data
 120   (0.919) 0.994 0.960 0.965 0.994 0.996 0.998 0.997 0.822 0.996 0.919 0.978 0.999 0.990 0.727 1.000 0.999 0.999 
 110   (0.081) 0.006 0.040 0.035 0.006 0.004 0.002 0.003 0.178 0.004 0.081 0.022 0.001 0.010 0.273 0.000 0.001 0.001 

Locus 184 : 217291_37 
2 alleles
3.9% missing data
 120   (0.957) 0.913 0.978 0.979 0.994 0.998 0.999 0.999 0.999 0.991 0.957 0.999 0.999 0.994 0.997 1.000 0.999 1.000 
 100   (0.043) 0.087 0.022 0.021 0.006 0.002 0.001 0.001 0.001 0.009 0.043 0.001 0.001 0.006 0.003 0.000 0.001 0.000 

Locus 185 : 217570_13 
2 alleles
3.9% missing data
 130   (0.957) 0.997 0.980 0.980 0.997 0.998 0.999 0.999 0.999 0.998 0.957 0.999 0.999 0.995 0.865 1.000 1.000 1.000 
 110   (0.043) 0.003 0.020 0.020 0.003 0.002 0.001 0.001 0.001 0.002 0.043 0.001 0.001 0.005 0.135 0.000 0.000 0.000 

Locus 186 : 220422_65 
2 alleles
3.4% missing data
 120   (0.952) 0.988 0.975 0.976 0.977 0.985 0.999 0.998 0.999 0.970 0.952 0.998 0.997 0.993 0.996 1.000 0.990 0.999 
 110   (0.048) 0.012 0.025 0.024 0.023 0.015 0.001 0.002 0.001 0.030 0.048 0.002 0.003 0.007 0.004 0.000 0.010 0.001 

Locus 187 : 220502_40 
2 alleles
6.7% missing data
 120   (0.962) 0.997 0.980 0.981 0.997 0.997 0.983 0.998 0.998 0.998 0.962 0.998 0.998 0.994 0.997 1.000 0.999 0.999 
 110   (0.038) 0.003 0.020 0.019 0.003 0.003 0.017 0.002 0.002 0.002 0.038 0.002 0.002 0.006 0.003 0.000 0.001 0.001 

Locus 188 : 220519_81 
2 alleles
4.5% missing data
 130   (0.936) 0.995 0.970 0.969 0.996 0.997 0.999 0.998 0.998 0.997 0.936 0.998 0.999 0.933 0.858 1.000 0.999 1.000 
 110   (0.064) 0.005 0.030 0.031 0.004 0.003 0.001 0.002 0.002 0.003 0.064 0.002 0.001 0.067 0.142 0.000 0.001 0.000 

Locus 189 : 222347_17 
2 alleles
3.9% missing data
 120   (0.958) 0.997 0.979 0.981 0.997 0.998 0.999 0.999 0.999 0.998 0.958 0.999 0.999 0.995 0.891 1.000 1.000 1.000 
 100   (0.042) 0.003 0.021 0.019 0.003 0.002 0.001 0.001 0.001 0.002 0.042 0.001 0.001 0.005 0.109 0.000 0.000 0.000 

Locus 190 : 222896_46 
2 alleles
0.6% missing data
 110   (0.958) 0.997 0.980 0.981 0.997 0.998 0.999 0.999 0.999 0.999 0.958 0.999 0.999 0.995 0.944 1.000 1.000 1.000 
 130   (0.042) 0.003 0.020 0.019 0.003 0.002 0.001 0.001 0.001 0.001 0.042 0.001 0.001 0.005 0.056 0.000 0.000 0.000 

Locus 191 : 223181_12 
2 alleles
3.4% missing data
 120   (0.954) 0.997 0.978 0.978 0.997 0.998 0.999 0.998 0.999 0.998 0.954 0.998 0.999 0.994 0.723 1.000 1.000 1.000 
 100   (0.046) 0.003 0.022 0.022 0.003 0.002 0.001 0.002 0.001 0.002 0.046 0.002 0.001 0.006 0.277 0.000 0.000 0.000 

Locus 192 : 224649_57 
2 alleles
5.1% missing data
 100   (0.962) 0.997 0.981 0.982 0.997 0.998 0.999 0.998 0.999 0.998 0.962 0.954 0.999 0.994 0.997 1.000 1.000 1.000 
 110   (0.038) 0.003 0.019 0.018 0.003 0.002 0.001 0.002 0.001 0.002 0.038 0.046 0.001 0.006 0.003 0.000 0.000 0.000 

Locus 193 : 226245_11 
2 alleles
5.1% missing data
 130   (0.961) 0.997 0.981 0.982 0.997 0.997 0.945 0.998 0.999 0.997 0.961 0.999 0.999 0.994 0.997 1.000 0.999 1.000 
 110   (0.039) 0.003 0.019 0.018 0.003 0.003 0.055 0.002 0.001 0.003 0.039 0.001 0.001 0.006 0.003 0.000 0.001 0.000 

Locus 194 : 226342_59 
2 alleles
6.2% missing data
 120   (0.937) 0.994 0.968 0.969 0.994 0.996 0.999 0.946 0.996 0.994 0.937 0.995 0.998 0.991 0.908 0.998 0.996 0.998 
 100   (0.063) 0.006 0.032 0.031 0.006 0.004 0.001 0.054 0.004 0.006 0.063 0.005 0.002 0.009 0.092 0.002 0.004 0.002 

Locus 195 : 228970_13 
2 alleles
3.9% missing data
 120   (0.961) 0.958 0.980 0.983 0.997 0.998 0.999 0.999 0.999 0.998 0.961 0.998 0.999 0.995 0.997 1.000 1.000 1.000 
 100   (0.039) 0.042 0.020 0.017 0.003 0.002 0.001 0.001 0.001 0.002 0.039 0.002 0.001 0.005 0.003 0.000 0.000 0.000 

Locus 196 : 229097_27 
2 alleles
5.1% missing data
 130   (0.952) 0.996 0.977 0.978 0.997 0.998 0.999 0.998 0.999 0.998 0.952 0.998 0.999 0.994 0.791 1.000 0.999 1.000 
 110   (0.048) 0.004 0.023 0.022 0.003 0.002 0.001 0.002 0.001 0.002 0.048 0.002 0.001 0.006 0.209 0.000 0.001 0.000 

Locus 197 : 229177_29 
2 alleles
7.3% missing data
 130   (0.955) 0.997 0.974 0.978 0.995 0.997 0.999 0.998 0.790 0.996 0.955 0.998 0.999 0.994 0.997 0.998 0.999 0.994 
 110   (0.045) 0.003 0.026 0.022 0.005 0.003 0.001 0.002 0.210 0.004 0.045 0.002 0.001 0.006 0.003 0.002 0.001 0.006 

Locus 198 : 229612_7 
2 alleles
6.2% missing data
 100   (0.963) 0.997 0.980 0.978 0.997 0.991 0.999 0.999 0.999 0.998 0.963 0.999 0.999 0.995 0.997 1.000 1.000 1.000 
 120   (0.037) 0.003 0.020 0.022 0.003 0.009 0.001 0.001 0.001 0.002 0.037 0.001 0.001 0.005 0.003 0.000 0.000 0.000 

Locus 199 : 229936_67 
2 alleles
3.9% missing data
 120   (0.961) 0.997 0.974 0.982 0.989 0.998 0.986 0.994 0.998 0.974 0.961 0.998 0.996 0.995 0.997 0.999 0.979 0.980 
 100   (0.039) 0.003 0.026 0.018 0.011 0.002 0.014 0.006 0.002 0.026 0.039 0.002 0.004 0.005 0.003 0.001 0.021 0.020 

Locus 200 : 232937_62 
2 alleles
2.2% missing data
 100   (0.962) 0.997 0.979 0.982 0.997 0.998 0.999 0.999 0.992 0.999 0.962 0.999 0.999 0.995 0.997 1.000 1.000 1.000 
 120   (0.038) 0.003 0.021 0.018 0.003 0.002 0.001 0.001 0.008 0.001 0.038 0.001 0.001 0.005 0.003 0.000 0.000 0.000 

Locus 201 : 233194_6 
2 alleles
2.8% missing data
 120   (0.937) 0.996 0.969 0.971 0.995 0.997 0.999 0.917 0.998 0.998 0.937 0.998 0.999 0.992 0.668 1.000 0.999 1.000 
 100   (0.063) 0.004 0.031 0.029 0.005 0.003 0.001 0.083 0.002 0.002 0.063 0.002 0.001 0.008 0.332 0.000 0.001 0.000 

Locus 202 : 234346_33 
2 alleles
4.5% missing data
 110   (0.957) 0.997 0.979 0.981 0.998 0.998 0.999 0.675 0.999 0.998 0.957 0.996 0.999 0.995 0.996 1.000 1.000 1.000 
 130   (0.043) 0.003 0.021 0.019 0.002 0.002 0.001 0.325 0.001 0.002 0.043 0.004 0.001 0.005 0.004 0.000 0.000 0.000 

Locus 203 : 235241_77 
2 alleles
2.2% missing data
 130   (0.955) 0.997 0.978 0.979 0.997 0.998 0.999 0.998 0.999 0.998 0.955 0.998 0.999 0.995 0.838 1.000 1.000 1.000 
 100   (0.045) 0.003 0.022 0.021 0.003 0.002 0.001 0.002 0.001 0.002 0.045 0.002 0.001 0.005 0.162 0.000 0.000 0.000 

Locus 204 : 236207_44 
2 alleles
6.2% missing data
 120   (0.925) 0.962 0.963 0.964 0.995 0.995 0.637 0.997 0.998 0.996 0.925 0.997 0.998 0.861 0.994 1.000 0.999 0.999 
 100   (0.075) 0.038 0.037 0.036 0.005 0.005 0.363 0.003 0.002 0.004 0.075 0.003 0.002 0.139 0.006 0.000 0.001 0.001 

Locus 205 : 236307_12 
2 alleles
1.7% missing data
 130   (0.955) 0.991 0.978 0.980 0.993 0.997 0.999 0.998 0.999 0.970 0.955 0.998 0.563 0.994 0.996 1.000 0.999 1.000 
 110   (0.045) 0.009 0.022 0.020 0.007 0.003 0.001 0.002 0.001 0.030 0.045 0.002 0.437 0.006 0.004 0.000 0.001 0.000 

Locus 206 : 236931_45 
2 alleles
6.7% missing data
 120   (0.897) 0.713 0.949 0.953 0.992 0.705 0.998 0.997 0.997 0.995 0.897 0.997 0.997 0.458 0.992 1.000 0.999 0.999 
 100   (0.103) 0.287 0.051 0.047 0.008 0.295 0.002 0.003 0.003 0.005 0.103 0.003 0.003 0.542 0.008 0.000 0.001 0.001 

Locus 207 : 236999_38 
2 alleles
2.8% missing data
 120   (0.960) 0.997 0.979 0.983 0.998 0.998 0.999 0.999 0.999 0.998 0.960 0.999 0.999 0.995 0.945 1.000 1.000 1.000 
 100   (0.040) 0.003 0.021 0.017 0.002 0.002 0.001 0.001 0.001 0.002 0.040 0.001 0.001 0.005 0.055 0.000 0.000 0.000 

Locus 208 : 240398_42 
2 alleles
3.9% missing data
 110   (0.866) 0.887 0.930 0.935 0.990 0.826 0.998 0.995 0.996 0.991 0.866 0.995 0.586 0.448 0.990 0.999 0.997 0.999 
 130   (0.134) 0.113 0.070 0.065 0.010 0.174 0.002 0.005 0.004 0.009 0.134 0.005 0.414 0.552 0.010 0.001 0.003 0.001 

Locus 209 : 240825_22 
2 alleles
6.2% missing data
 130   (0.963) 0.997 0.977 0.978 0.994 0.998 0.999 0.998 0.997 0.989 0.963 0.998 0.999 0.993 0.997 1.000 0.996 0.999 
 110   (0.037) 0.003 0.023 0.022 0.006 0.002 0.001 0.002 0.003 0.011 0.037 0.002 0.001 0.007 0.003 0.000 0.004 0.001 

Locus 210 : 244435_48 
2 alleles
1.7% missing data
 110   (0.960) 0.997 0.981 0.982 0.998 0.997 0.942 0.999 0.999 0.998 0.960 0.999 0.999 0.995 0.997 1.000 0.999 1.000 
 130   (0.040) 0.003 0.019 0.018 0.002 0.003 0.058 0.001 0.001 0.002 0.040 0.001 0.001 0.005 0.003 0.000 0.001 0.000 

Locus 211 : 245971_21 
2 alleles
5.1% missing data
 130   (0.957) 0.997 0.979 0.981 0.998 0.998 0.999 0.998 0.999 0.998 0.957 0.998 0.999 0.995 0.914 1.000 1.000 1.000 
 120   (0.043) 0.003 0.021 0.019 0.002 0.002 0.001 0.002 0.001 0.002 0.043 0.002 0.001 0.005 0.086 0.000 0.000 0.000 

Locus 212 : 246895_22 
2 alleles
3.4% missing data
 120   (0.961) 0.997 0.979 0.979 0.995 0.998 0.999 0.999 0.999 0.994 0.961 0.999 0.994 0.995 0.997 1.000 1.000 1.000 
 110   (0.039) 0.003 0.021 0.021 0.005 0.002 0.001 0.001 0.001 0.006 0.039 0.001 0.006 0.005 0.003 0.000 0.000 0.000 

Locus 213 : 248131_26 
2 alleles
7.9% missing data
 130   (0.949) 0.994 0.969 0.974 0.926 0.980 0.999 0.997 0.998 0.996 0.949 0.998 0.999 0.992 0.996 0.999 0.996 0.999 
 110   (0.051) 0.006 0.031 0.026 0.074 0.020 0.001 0.003 0.002 0.004 0.051 0.002 0.001 0.008 0.004 0.001 0.004 0.001 

Locus 214 : 250844_49 
2 alleles
7.3% missing data
 130   (0.961) 0.997 0.978 0.982 0.997 0.989 0.999 0.999 0.999 0.996 0.961 0.999 0.999 0.995 0.997 1.000 1.000 1.000 
 100   (0.039) 0.003 0.022 0.018 0.003 0.011 0.001 0.001 0.001 0.004 0.039 0.001 0.001 0.005 0.003 0.000 0.000 0.000 

Locus 215 : 251283_19 
2 alleles
5.6% missing data
 120   (0.960) 0.997 0.980 0.982 0.997 0.998 0.999 0.999 0.999 0.998 0.960 0.999 0.999 0.826 0.997 1.000 1.000 1.000 
 100   (0.040) 0.003 0.020 0.018 0.003 0.002 0.001 0.001 0.001 0.002 0.040 0.001 0.001 0.174 0.003 0.000 0.000 0.000 

Locus 216 : 251358_15 
2 alleles
8.4% missing data
 110   (0.946) 0.995 0.973 0.975 0.996 0.794 0.988 0.998 0.998 0.996 0.946 0.997 0.999 0.991 0.996 1.000 0.999 1.000 
 120   (0.054) 0.005 0.027 0.025 0.004 0.206 0.012 0.002 0.002 0.004 0.054 0.003 0.001 0.009 0.004 0.000 0.001 0.000 

Locus 217 : 251901_42 
2 alleles
2.2% missing data
 120   (0.959) 0.997 0.954 0.978 0.988 0.998 0.999 0.999 0.999 0.996 0.959 0.999 0.999 0.995 0.997 1.000 0.999 1.000 
 100   (0.041) 0.003 0.046 0.022 0.012 0.002 0.001 0.001 0.001 0.004 0.041 0.001 0.001 0.005 0.003 0.000 0.001 0.000 

Locus 218 : 252158_43 
2 alleles
0.0% missing data
 120   (0.957) 0.997 0.980 0.979 0.997 0.998 0.999 0.999 0.999 0.998 0.957 0.999 0.999 0.995 0.918 1.000 1.000 1.000 
 100   (0.043) 0.003 0.020 0.021 0.003 0.002 0.001 0.001 0.001 0.002 0.043 0.001 0.001 0.005 0.082 0.000 0.000 0.000 

Locus 219 : 252988_16 
2 alleles
7.9% missing data
 110   (0.956) 0.997 0.955 0.977 0.617 0.997 0.999 0.998 0.999 0.995 0.956 0.998 0.998 0.993 0.996 1.000 0.999 1.000 
 100   (0.044) 0.003 0.045 0.023 0.383 0.003 0.001 0.002 0.001 0.005 0.044 0.002 0.002 0.007 0.004 0.000 0.001 0.000 

Locus 220 : 254425_88 
2 alleles
5.6% missing data
 130   (0.932) 0.995 0.968 0.968 0.995 0.996 0.999 0.998 0.998 0.998 0.932 0.748 0.999 0.991 0.780 1.000 0.999 1.000 
 110   (0.068) 0.005 0.032 0.032 0.005 0.004 0.001 0.002 0.002 0.002 0.068 0.252 0.001 0.009 0.220 0.000 0.001 0.000 

Locus 221 : 256337_57 
2 alleles
5.6% missing data
 110   (0.960) 0.997 0.980 0.982 0.997 0.998 0.999 0.999 0.999 0.998 0.960 0.999 0.999 0.928 0.997 1.000 0.999 1.000 
 130   (0.040) 0.003 0.020 0.018 0.003 0.002 0.001 0.001 0.001 0.002 0.040 0.001 0.001 0.072 0.003 0.000 0.001 0.000 

Locus 222 : 259058_15 
2 alleles
1.7% missing data
 120   (0.962) 0.997 0.981 0.984 0.998 0.998 0.999 0.757 0.999 0.999 0.962 0.999 0.999 0.995 0.997 1.000 1.000 1.000 
 100   (0.038) 0.003 0.019 0.016 0.002 0.002 0.001 0.243 0.001 0.001 0.038 0.001 0.001 0.005 0.003 0.000 0.000 0.000 

Locus 223 : 259869_81 
2 alleles
0.6% missing data
 120   (0.964) 0.998 0.982 0.984 0.998 0.998 0.999 0.998 0.999 0.999 0.964 0.886 0.999 0.996 0.997 1.000 1.000 1.000 
 130   (0.036) 0.002 0.018 0.016 0.002 0.002 0.001 0.002 0.001 0.001 0.036 0.114 0.001 0.004 0.003 0.000 0.000 0.000 

Locus 224 : 260700_55 
2 alleles
2.2% missing data
 130   (0.962) 0.997 0.978 0.983 0.993 0.998 0.999 0.998 0.975 0.998 0.962 0.998 0.999 0.995 0.997 1.000 0.999 0.999 
 110   (0.038) 0.003 0.022 0.017 0.007 0.002 0.001 0.002 0.025 0.002 0.038 0.002 0.001 0.005 0.003 0.000 0.001 0.001 

Locus 225 : 262223_11 
2 alleles
4.5% missing data
 130   (0.959) 0.997 0.980 0.981 0.998 0.998 0.999 0.999 0.851 0.998 0.959 0.998 0.999 0.995 0.997 1.000 1.000 1.000 
 100   (0.041) 0.003 0.020 0.019 0.002 0.002 0.001 0.001 0.149 0.002 0.041 0.002 0.001 0.005 0.003 0.000 0.000 0.000 

Locus 226 : 262346_48 
2 alleles
3.4% missing data
 130   (0.959) 0.997 0.980 0.981 0.997 0.998 0.999 0.998 0.999 0.999 0.959 0.999 0.999 0.410 0.997 1.000 1.000 1.000 
 110   (0.041) 0.003 0.020 0.019 0.003 0.002 0.001 0.002 0.001 0.001 0.041 0.001 0.001 0.590 0.003 0.000 0.000 0.000 

Locus 227 : 262620_18 
2 alleles
3.9% missing data
 110   (0.951) 0.994 0.974 0.973 0.992 0.995 0.996 0.997 0.998 0.988 0.951 0.997 0.987 0.991 0.995 0.999 0.989 0.992 
 130   (0.049) 0.006 0.026 0.027 0.008 0.005 0.004 0.003 0.002 0.012 0.049 0.003 0.013 0.009 0.005 0.001 0.011 0.008 

Locus 228 : 263002_42 
2 alleles
3.4% missing data
 120   (0.954) 0.996 0.977 0.979 0.997 0.853 0.999 0.998 0.999 0.998 0.954 0.999 0.999 0.994 0.996 1.000 1.000 1.000 
 100   (0.046) 0.004 0.023 0.021 0.003 0.147 0.001 0.002 0.001 0.002 0.046 0.001 0.001 0.006 0.004 0.000 0.000 0.000 

Locus 229 : 263813_70 
2 alleles
10.1% missing data
 130   (0.964) 0.997 0.982 0.983 0.998 0.998 0.999 0.999 0.999 0.998 0.964 0.870 0.999 0.995 0.997 1.000 1.000 1.000 
 110   (0.036) 0.003 0.018 0.017 0.002 0.002 0.001 0.001 0.001 0.002 0.036 0.130 0.001 0.005 0.003 0.000 0.000 0.000 

Locus 230 : 264184_13 
2 alleles
10.1% missing data
 110   (0.914) 0.993 0.840 0.953 0.882 0.995 0.906 0.997 0.997 0.996 0.914 0.996 0.998 0.940 0.993 0.999 0.999 1.000 
 130   (0.086) 0.007 0.160 0.047 0.118 0.005 0.094 0.003 0.003 0.004 0.086 0.004 0.002 0.060 0.007 0.001 0.001 0.000 

Values of parameters used in structure:
DATAFILE=C:\Users\jmahg\OneDrive\Desktop\Transfers\TrkNbr-1524n1282n1083_AllPops_Structure_p18_r080_LDnHWEx\project_data,	OUTFILE=C:\Users\jmahg\OneDrive\Desktop\Transfers\TrkNbr-1524n1282n1083_AllPops_Structure_p18_r080_LDnHWEx\BI50000_MCMC100000\Results\BI50000_MCMC100000_run_162,	NUMINDS=178,	NUMLOCI=230,	MISSING=0,	LABEL=1,	POPDATA=1,	POPFLAG=0,	PHENOTYPE=0,	EXTRACOLS=0,	MAXPOPS=17,	BURNIN=50000,	NUMREPS=100000,	USEPOPINFO=0,	INFERALPHA=1,	INFERLAMBDA=0,	POPSPECIFICLAMBDA=0,	POPALPHAS=0,	COMPUTEPROB=1,	NOADMIX=0,	ADMBURNIN=2500,	UPDATEFREQ=1,	PRINTLIKES=0,	INTERMEDSAVE=0,	PRINTKLD=0,	PRINTNET=0,	PRINTLAMBDA=0,	ANCESTDIST=0,	NUMBOXES=1000,	ANCESTPINT=0.90000,	GENSBACK=2,	MIGRPRIOR=0.05000,	PRINTQHAT=0,	PRINTQSUM=0,	ALPHA=1.0000,	FREQSCORR=1,	FPRIORMEAN=0.0100,	FPRIORSD=0.0500,	ONEFST=0,	LAMBDA=1.0000,	UNIFPRIORALPHA=1,	ALPHAMAX=10.0000,	ALPHAPRIORA=1.0000,	ALPHAPRIORB=2.0000,	ALPHAPROPSD=0.0250,	STARTATPOPINFO=0,	RANDOMIZE=1,	LINKAGE=0,	METROFREQ=10,	REPORTHITRATE=0,	MARKOVPHASE=-1,	PHASED=0,	PLOIDY=2,	PHASEINFO=0	LOCPRIOR=0, 	LOCPRIORINIT=1.000000, 	LOCDATA=0, 	LOCISPOP=0, 	LOCPRIORSTEP=0.100000, 	MAXLOCPRIOR=20.000000, 	SEED=1603033482,	
[STRAT parameters]:    NUMSIMSTATS=1000,	PHENOTYPECOL=-9,	POOLFREQ=10,	LOCUSxONLY=0,	EMERROR=0.00100,	MISSINGPHENO=-9,	