

----------------------------------------------------
STRUCTURE by Pritchard, Stephens and Donnelly (2000)
     and Falush, Stephens and Pritchard (2003)
       Code by Pritchard, Falush and Hubisz
             Version 2.3.4 (Jul 2012)
----------------------------------------------------



Command line arguments:   bin\structure -m C:\Users\jmahg\OneDrive\Desktop\Transfers\TrkNbr-1524n1282n1083_AllPops_Structure_p18_r080_LDnHWEx\BI50000_MCMC100000\mainparams -e C:\Users\jmahg\OneDrive\Desktop\Transfers\TrkNbr-1524n1282n1083_AllPops_Structure_p18_r080_LDnHWEx\BI50000_MCMC100000\extraparams 
Input File:    C:\Users\jmahg\OneDrive\Desktop\Transfers\TrkNbr-1524n1282n1083_AllPops_Structure_p18_r080_LDnHWEx\project_data

Run parameters:
   178 individuals
   230 loci
   14 populations assumed
   50000 Burn-in period
   100000 Reps


--------------------------------------------
Proportion of membership of each pre-defined
 population in each of the 14 clusters

Given    Inferred Clusters                                                                                    Number of
 Pop       1      2      3      4      5      6      7      8      9     10     11     12     13     14      Individuals

  1:     0.044  0.004  0.008  0.041  0.007  0.011  0.022  0.011  0.002  0.030  0.020  0.009  0.775  0.015       10
  2:     0.111  0.013  0.026  0.096  0.007  0.004  0.032  0.017  0.002  0.065  0.008  0.034  0.040  0.544        8
  3:     0.132  0.003  0.013  0.098  0.008  0.004  0.017  0.549  0.002  0.117  0.007  0.022  0.013  0.015       10
  4:     0.114  0.008  0.007  0.101  0.010  0.018  0.030  0.027  0.002  0.114  0.028  0.429  0.024  0.087       10
  5:     0.019  0.003  0.003  0.014  0.012  0.004  0.005  0.008  0.895  0.015  0.005  0.005  0.006  0.007       10
  6:     0.179  0.004  0.003  0.136  0.010  0.005  0.023  0.398  0.003  0.177  0.009  0.009  0.025  0.020       10
  7:     0.117  0.003  0.004  0.111  0.008  0.004  0.025  0.015  0.002  0.058  0.006  0.008  0.621  0.018       10
  8:     0.099  0.017  0.036  0.101  0.010  0.042  0.072  0.040  0.003  0.069  0.091  0.050  0.090  0.280       10
  9:     0.320  0.003  0.002  0.263  0.010  0.004  0.031  0.026  0.002  0.245  0.006  0.007  0.062  0.019       10
 10:     0.214  0.004  0.004  0.229  0.013  0.005  0.036  0.034  0.003  0.403  0.007  0.010  0.018  0.022       10
 11:     0.086  0.007  0.028  0.069  0.008  0.008  0.026  0.016  0.002  0.077  0.602  0.015  0.020  0.036       10
 12:     0.051  0.005  0.004  0.042  0.010  0.086  0.013  0.020  0.002  0.051  0.612  0.014  0.024  0.066       10
 13:     0.027  0.008  0.007  0.023  0.007  0.833  0.010  0.012  0.002  0.024  0.011  0.009  0.016  0.012       10
 14:     0.060  0.003  0.004  0.045  0.752  0.004  0.010  0.020  0.009  0.059  0.005  0.007  0.011  0.011       10
 15:     0.044  0.003  0.004  0.035  0.788  0.004  0.007  0.035  0.007  0.041  0.005  0.006  0.011  0.010       10
 16:     0.116  0.012  0.024  0.088  0.009  0.006  0.066  0.036  0.002  0.066  0.011  0.483  0.032  0.049       10
 17:     0.077  0.528  0.007  0.060  0.008  0.018  0.020  0.017  0.002  0.061  0.074  0.030  0.031  0.068       10
 18:     0.030  0.003  0.003  0.022  0.009  0.004  0.006  0.012  0.851  0.030  0.005  0.007  0.010  0.009       10
--------------------------------------------

Allele-freq. divergence among pops (Net nucleotide distance),
computed using point estimates of P.

      1       2       3       4       5       6       7       8       9      10      11      12      13      14      
 1      -    0.0089  0.0035  0.0000  0.0017  0.0051  0.0020  0.0011  0.0072  0.0001  0.0026  0.0038  0.0017  0.0029  
 2   0.0089     -    0.0073  0.0087  0.0103  0.0107  0.0072  0.0097  0.0152  0.0089  0.0080  0.0115  0.0101  0.0069  
 3   0.0035  0.0073     -    0.0031  0.0038  0.0049  0.0003  0.0038  0.0061  0.0036  0.0031  0.0050  0.0042  0.0047  
 4   0.0000  0.0087  0.0031     -    0.0017  0.0049  0.0017  0.0011  0.0071  0.0001  0.0024  0.0037  0.0016  0.0029  
 5   0.0017  0.0103  0.0038  0.0017     -    0.0065  0.0028  0.0027  0.0067  0.0017  0.0041  0.0053  0.0038  0.0046  
 6   0.0051  0.0107  0.0049  0.0049  0.0065     -    0.0043  0.0059  0.0117  0.0051  0.0047  0.0083  0.0068  0.0073  
 7   0.0020  0.0072  0.0003  0.0017  0.0028  0.0043     -    0.0026  0.0062  0.0022  0.0023  0.0040  0.0028  0.0036  
 8   0.0011  0.0097  0.0038  0.0011  0.0027  0.0059  0.0026     -    0.0077  0.0011  0.0035  0.0044  0.0032  0.0040  
 9   0.0072  0.0152  0.0061  0.0071  0.0067  0.0117  0.0062  0.0077     -    0.0072  0.0094  0.0107  0.0093  0.0100  
10   0.0001  0.0089  0.0036  0.0001  0.0017  0.0051  0.0022  0.0011  0.0072     -    0.0026  0.0038  0.0021  0.0030  
11   0.0026  0.0080  0.0031  0.0024  0.0041  0.0047  0.0023  0.0035  0.0094  0.0026     -    0.0055  0.0039  0.0043  
12   0.0038  0.0115  0.0050  0.0037  0.0053  0.0083  0.0040  0.0044  0.0107  0.0038  0.0055     -    0.0057  0.0063  
13   0.0017  0.0101  0.0042  0.0016  0.0038  0.0068  0.0028  0.0032  0.0093  0.0021  0.0039  0.0057     -    0.0047  
14   0.0029  0.0069  0.0047  0.0029  0.0046  0.0073  0.0036  0.0040  0.0100  0.0030  0.0043  0.0063  0.0047     -    

Average distances (expected heterozygosity) between individuals in same cluster:
cluster  1  : 0.0023 
cluster  2  : 0.0459 
cluster  3  : 0.1068 
cluster  4  : 0.0082 
cluster  5  : 0.0229 
cluster  6  : 0.0394 
cluster  7  : 0.0807 
cluster  8  : 0.0139 
cluster  9  : 0.0664 
cluster 10  : 0.0018 
cluster 11  : 0.0320 
cluster 12  : 0.0240 
cluster 13  : 0.0141 
cluster 14  : 0.0132 

--------------------------------------------
Estimated Ln Prob of Data   = -3743.4
Mean value of ln likelihood = -3264.8
Variance of ln likelihood   = 957.1
Mean value of alpha         = 0.0352

Mean value of Fst_1         = 0.9273
Mean value of Fst_2         = 0.4381
Mean value of Fst_3         = 0.0124
Mean value of Fst_4         = 0.8745
Mean value of Fst_5         = 0.5736
Mean value of Fst_6         = 0.4582
Mean value of Fst_7         = 0.2464
Mean value of Fst_8         = 0.7180
Mean value of Fst_9         = 0.2974
Mean value of Fst_10         = 0.9452
Mean value of Fst_11         = 0.4689
Mean value of Fst_12         = 0.5870
Mean value of Fst_13         = 0.7116
Mean value of Fst_14         = 0.7762


Inferred ancestry of individuals:
        Label (%Miss) Pop:  Inferred clusters
  1 TGCP_WM1    (0)    1 :  0.033 0.005 0.008 0.037 0.006 0.004 0.013 0.014 0.003 0.030 0.008 0.007 0.821 0.012 
  2 TGCP_WM10    (1)    1 :  0.113 0.004 0.002 0.110 0.009 0.003 0.024 0.013 0.002 0.075 0.013 0.007 0.594 0.031 
  3 TGCP_WM2    (0)    1 :  0.062 0.004 0.040 0.078 0.006 0.005 0.047 0.011 0.003 0.041 0.005 0.010 0.675 0.015 
  4 TGCP_WM3    (1)    1 :  0.017 0.003 0.002 0.019 0.006 0.003 0.005 0.009 0.002 0.021 0.008 0.005 0.892 0.008 
  5 TGCP_WM4    (0)    1 :  0.021 0.004 0.004 0.019 0.011 0.004 0.014 0.011 0.002 0.026 0.072 0.015 0.792 0.006 
  6 TGCP_WM5    (0)    1 :  0.077 0.004 0.017 0.039 0.008 0.016 0.078 0.016 0.002 0.030 0.021 0.009 0.650 0.034 
  7 TGCP_WM6    (0)    1 :  0.020 0.003 0.002 0.016 0.004 0.013 0.006 0.011 0.002 0.014 0.019 0.008 0.875 0.006 
  8 TGCP_WM7    (0)    1 :  0.072 0.010 0.004 0.073 0.008 0.019 0.016 0.014 0.002 0.043 0.005 0.017 0.692 0.025 
  9 TGCP_WM8    (0)    1 :  0.014 0.005 0.003 0.013 0.005 0.041 0.011 0.006 0.002 0.016 0.043 0.006 0.827 0.007 
 10 TGCP_WM9    (0)    1 :  0.011 0.003 0.003 0.007 0.004 0.003 0.003 0.005 0.002 0.007 0.006 0.005 0.937 0.004 
 11 MRLP_WM123    (3)    2 :  0.023 0.004 0.104 0.044 0.006 0.005 0.077 0.010 0.002 0.016 0.012 0.016 0.014 0.666 
 12 MRLP_WM124    (4)    2 :  0.040 0.004 0.001 0.030 0.011 0.003 0.011 0.010 0.002 0.043 0.006 0.008 0.009 0.820 
 13 MRLP_WM125    (1)    2 :  0.049 0.050 0.088 0.032 0.007 0.007 0.058 0.010 0.003 0.017 0.010 0.005 0.028 0.636 
 14 MRLP_WM126    (2)    2 :  0.329 0.003 0.002 0.252 0.009 0.004 0.022 0.042 0.002 0.285 0.008 0.008 0.017 0.016 
 15 MRLP_WM127    (3)    2 :  0.281 0.028 0.006 0.275 0.011 0.005 0.056 0.021 0.003 0.113 0.009 0.010 0.159 0.023 
 16 MRLP_WM128    (3)    2 :  0.012 0.005 0.001 0.010 0.004 0.003 0.004 0.006 0.001 0.009 0.005 0.004 0.007 0.929 
 17 MRLP_WM129    (7)    2 :  0.062 0.004 0.004 0.050 0.006 0.004 0.018 0.027 0.002 0.014 0.009 0.212 0.030 0.557 
 18 MRLP_WM130    (5)    2 :  0.088 0.003 0.002 0.077 0.005 0.003 0.013 0.011 0.002 0.026 0.004 0.006 0.053 0.706 
 19 STT_WM183    (2)    3 :  0.044 0.004 0.100 0.050 0.010 0.004 0.049 0.648 0.003 0.036 0.021 0.007 0.012 0.012 
 20 STT_WM184    (3)    3 :  0.076 0.006 0.008 0.031 0.011 0.005 0.015 0.735 0.002 0.036 0.007 0.046 0.010 0.013 
 21 STT_WM185   (15)    3 :  0.305 0.003 0.002 0.233 0.013 0.004 0.028 0.040 0.002 0.290 0.006 0.010 0.029 0.035 
 22 STT_WM186   (13)    3 :  0.302 0.003 0.002 0.250 0.009 0.005 0.022 0.032 0.002 0.311 0.006 0.011 0.018 0.028 
 23 STT_WM187   (13)    3 :  0.032 0.003 0.002 0.016 0.006 0.006 0.005 0.873 0.002 0.026 0.006 0.004 0.008 0.010 
 24 STT_WM188    (3)    3 :  0.016 0.003 0.002 0.014 0.006 0.003 0.003 0.916 0.002 0.010 0.004 0.007 0.007 0.007 
 25 STT_WM189    (0)    3 :  0.330 0.003 0.002 0.267 0.010 0.003 0.018 0.026 0.002 0.290 0.005 0.008 0.015 0.019 
 26 STT_WM190   (11)    3 :  0.027 0.002 0.001 0.014 0.004 0.003 0.006 0.898 0.002 0.018 0.006 0.004 0.008 0.005 
 27 STT_WM191    (7)    3 :  0.159 0.003 0.003 0.098 0.008 0.005 0.015 0.529 0.002 0.136 0.008 0.009 0.012 0.014 
 28 STT_WM192   (12)    3 :  0.025 0.004 0.006 0.006 0.007 0.004 0.008 0.796 0.002 0.017 0.004 0.109 0.006 0.005 
 29 FSSP_WM241    (3)    4 :  0.170 0.014 0.007 0.145 0.015 0.034 0.057 0.034 0.003 0.142 0.022 0.146 0.062 0.149 
 30 FSSP_WM242   (15)    4 :  0.307 0.003 0.002 0.260 0.013 0.005 0.023 0.035 0.002 0.296 0.008 0.011 0.018 0.017 
 31 FSSP_WM243    (6)    4 :  0.009 0.003 0.012 0.013 0.006 0.004 0.007 0.012 0.002 0.010 0.006 0.903 0.005 0.008 
 32 FSSP_WM244    (5)    4 :  0.108 0.021 0.005 0.096 0.011 0.087 0.054 0.020 0.002 0.082 0.036 0.031 0.074 0.373 
 33 FSSP_WM245   (10)    4 :  0.189 0.004 0.002 0.158 0.012 0.005 0.027 0.039 0.003 0.208 0.008 0.300 0.022 0.023 
 34 FSSP_WM246    (6)    4 :  0.212 0.005 0.007 0.210 0.013 0.009 0.051 0.068 0.003 0.260 0.016 0.070 0.020 0.057 
 35 FSSP_WM247    (3)    4 :  0.019 0.006 0.007 0.023 0.007 0.014 0.009 0.014 0.002 0.012 0.013 0.852 0.011 0.009 
 36 FSSP_WM248    (9)    4 :  0.025 0.004 0.003 0.017 0.006 0.011 0.006 0.010 0.002 0.015 0.026 0.861 0.007 0.007 
 37 FSSP_WM249    (6)    4 :  0.047 0.004 0.004 0.030 0.012 0.005 0.008 0.026 0.003 0.038 0.051 0.748 0.013 0.012 
 38 FSSP_WM250    (2)    4 :  0.050 0.017 0.018 0.059 0.008 0.007 0.055 0.017 0.002 0.080 0.095 0.365 0.010 0.218 
 39 HNL_WM301    (3)    5 :  0.016 0.002 0.002 0.010 0.012 0.004 0.004 0.007 0.909 0.012 0.004 0.004 0.006 0.006 
 40 HNL_WM302    (2)    5 :  0.009 0.002 0.002 0.007 0.006 0.003 0.003 0.004 0.945 0.006 0.003 0.003 0.004 0.005 
 41 HNL_WM303    (2)    5 :  0.021 0.003 0.002 0.014 0.010 0.003 0.004 0.009 0.897 0.011 0.004 0.005 0.008 0.008 
 42 HNL_WM304    (3)    5 :  0.031 0.003 0.002 0.024 0.026 0.004 0.008 0.015 0.825 0.026 0.007 0.006 0.011 0.012 
 43 HNL_WM305    (3)    5 :  0.011 0.003 0.005 0.008 0.007 0.003 0.004 0.006 0.928 0.008 0.003 0.004 0.005 0.005 
 44 HNL_WM306    (0)    5 :  0.012 0.002 0.004 0.006 0.009 0.003 0.004 0.005 0.929 0.009 0.003 0.005 0.004 0.006 
 45 HNL_WM307    (3)    5 :  0.015 0.002 0.002 0.016 0.008 0.003 0.004 0.007 0.907 0.013 0.005 0.005 0.005 0.006 
 46 HNL_WM308    (3)    5 :  0.017 0.003 0.003 0.012 0.013 0.004 0.005 0.010 0.896 0.014 0.006 0.004 0.006 0.006 
 47 HNL_WM309    (0)    5 :  0.027 0.003 0.005 0.027 0.014 0.005 0.010 0.012 0.838 0.030 0.006 0.005 0.009 0.009 
 48 HNL_WM310   (10)    5 :  0.025 0.003 0.002 0.015 0.012 0.006 0.004 0.010 0.878 0.019 0.004 0.006 0.007 0.009 
 49 MPO_WM482    (2)    6 :  0.020 0.002 0.003 0.019 0.004 0.003 0.004 0.900 0.004 0.016 0.006 0.004 0.008 0.009 
 50 MPO_WM483    (3)    6 :  0.218 0.004 0.004 0.151 0.008 0.005 0.048 0.332 0.003 0.169 0.008 0.011 0.026 0.015 
 51 MPO_WM484    (1)    6 :  0.115 0.003 0.002 0.109 0.008 0.005 0.017 0.586 0.002 0.110 0.005 0.009 0.013 0.016 
 52 MPO_WM485    (0)    6 :  0.111 0.003 0.007 0.058 0.004 0.005 0.051 0.679 0.002 0.037 0.008 0.013 0.012 0.009 
 53 MPO_WM486   (21)    6 :  0.319 0.005 0.002 0.223 0.012 0.006 0.021 0.038 0.003 0.280 0.007 0.012 0.046 0.027 
 54 MPO_WM487   (19)    6 :  0.152 0.003 0.002 0.095 0.018 0.006 0.014 0.531 0.003 0.117 0.007 0.010 0.021 0.021 
 55 MPO_WM488    (9)    6 :  0.288 0.003 0.002 0.233 0.013 0.004 0.020 0.045 0.003 0.348 0.005 0.006 0.016 0.015 
 56 MPO_WM489    (3)    6 :  0.021 0.007 0.004 0.019 0.008 0.004 0.006 0.780 0.003 0.026 0.031 0.007 0.068 0.018 
 57 MPO_WM490   (24)    6 :  0.270 0.006 0.002 0.216 0.011 0.006 0.023 0.060 0.003 0.327 0.008 0.009 0.024 0.036 
 58 MPO_WM491   (11)    6 :  0.277 0.003 0.002 0.241 0.010 0.004 0.026 0.033 0.002 0.336 0.007 0.007 0.020 0.032 
 59 OICP_WM541    (1)    7 :  0.035 0.002 0.002 0.028 0.007 0.004 0.006 0.012 0.002 0.017 0.005 0.006 0.862 0.013 
 60 OICP_WM542    (2)    7 :  0.041 0.003 0.002 0.039 0.008 0.004 0.009 0.011 0.002 0.035 0.005 0.006 0.826 0.010 
 61 OICP_WM543    (0)    7 :  0.049 0.002 0.002 0.029 0.007 0.004 0.007 0.012 0.002 0.033 0.004 0.005 0.834 0.011 
 62 OICP_WM544    (1)    7 :  0.180 0.006 0.031 0.282 0.014 0.005 0.102 0.036 0.002 0.037 0.012 0.030 0.195 0.067 
 63 OICP_WM545    (0)    7 :  0.081 0.003 0.001 0.078 0.006 0.003 0.012 0.017 0.002 0.075 0.006 0.007 0.695 0.015 
 64 OICP_WM546    (3)    7 :  0.336 0.003 0.002 0.279 0.007 0.004 0.043 0.011 0.002 0.159 0.006 0.006 0.121 0.021 
 65 OICP_WM547    (2)    7 :  0.360 0.002 0.002 0.293 0.009 0.003 0.048 0.014 0.002 0.146 0.004 0.006 0.093 0.018 
 66 OICP_WM548    (3)    7 :  0.030 0.002 0.001 0.023 0.008 0.004 0.007 0.010 0.002 0.030 0.007 0.004 0.863 0.008 
 67 OICP_WM549    (0)    7 :  0.020 0.003 0.001 0.015 0.007 0.004 0.005 0.009 0.002 0.023 0.004 0.006 0.895 0.005 
 68 OICP_WM550    (1)    7 :  0.041 0.002 0.001 0.043 0.005 0.004 0.008 0.016 0.002 0.031 0.006 0.004 0.826 0.008 
 69 IRO_WM601    (2)    8 :  0.106 0.005 0.006 0.087 0.007 0.042 0.082 0.021 0.002 0.032 0.143 0.042 0.381 0.045 
 70 IRO_WM602    (1)    8 :  0.257 0.005 0.007 0.267 0.008 0.007 0.084 0.029 0.002 0.084 0.010 0.010 0.165 0.063 
 71 IRO_WM603    (2)    8 :  0.049 0.005 0.021 0.072 0.011 0.241 0.100 0.012 0.002 0.031 0.387 0.024 0.016 0.028 
 72 IRO_WM604    (0)    8 :  0.015 0.012 0.133 0.018 0.007 0.008 0.082 0.009 0.002 0.022 0.011 0.005 0.006 0.670 
 73 IRO_WM605    (3)    8 :  0.016 0.015 0.002 0.021 0.007 0.004 0.006 0.013 0.002 0.015 0.073 0.004 0.104 0.718 
 74 IRO_WM606    (3)    8 :  0.052 0.026 0.005 0.044 0.014 0.005 0.010 0.031 0.003 0.063 0.012 0.012 0.012 0.710 
 75 IRO_WM607    (2)    8 :  0.125 0.023 0.013 0.095 0.011 0.005 0.081 0.022 0.003 0.077 0.102 0.141 0.030 0.272 
 76 IRO_WM608    (0)    8 :  0.128 0.011 0.076 0.183 0.008 0.019 0.162 0.017 0.002 0.072 0.112 0.038 0.127 0.047 
 77 IRO_WM609    (0)    8 :  0.147 0.015 0.081 0.141 0.012 0.032 0.087 0.039 0.004 0.171 0.052 0.010 0.039 0.170 
 78 IRO_WM610   (13)    8 :  0.099 0.051 0.014 0.081 0.014 0.057 0.030 0.209 0.003 0.124 0.009 0.219 0.016 0.075 
 79 HGRF_WM661    (5)    9 :  0.364 0.003 0.002 0.283 0.006 0.003 0.044 0.021 0.002 0.152 0.004 0.007 0.089 0.020 
 80 HGRF_WM662    (5)    9 :  0.303 0.002 0.001 0.243 0.013 0.004 0.021 0.034 0.003 0.327 0.005 0.009 0.021 0.013 
 81 HGRF_WM663    (4)    9 :  0.329 0.002 0.001 0.308 0.009 0.004 0.036 0.018 0.003 0.158 0.005 0.005 0.099 0.023 
 82 HGRF_WM664    (3)    9 :  0.310 0.003 0.001 0.253 0.009 0.004 0.028 0.029 0.002 0.302 0.004 0.006 0.030 0.019 
 83 HGRF_WM665    (1)    9 :  0.318 0.006 0.008 0.252 0.008 0.006 0.062 0.026 0.003 0.110 0.008 0.011 0.156 0.025 
 84 HGRF_WM666    (5)    9 :  0.301 0.003 0.001 0.244 0.015 0.004 0.020 0.028 0.002 0.336 0.006 0.008 0.019 0.014 
 85 HGRF_WM667    (0)    9 :  0.343 0.003 0.001 0.234 0.010 0.004 0.023 0.033 0.003 0.297 0.005 0.008 0.019 0.018 
 86 HGRF_WM668    (4)    9 :  0.325 0.002 0.002 0.298 0.007 0.004 0.030 0.013 0.002 0.165 0.005 0.007 0.117 0.023 
 87 HGRF_WM669    (5)    9 :  0.286 0.002 0.002 0.263 0.009 0.004 0.024 0.031 0.002 0.336 0.006 0.006 0.016 0.015 
 88 HGRF_WM670    (9)    9 :  0.319 0.003 0.002 0.252 0.011 0.004 0.020 0.028 0.002 0.272 0.008 0.006 0.052 0.021 
 89 PTP_WM721    (2)   10 :  0.287 0.007 0.012 0.220 0.026 0.007 0.021 0.078 0.005 0.247 0.009 0.017 0.026 0.039 
 90 PTP_WM722    (2)   10 :  0.053 0.005 0.011 0.211 0.010 0.006 0.065 0.011 0.004 0.587 0.009 0.009 0.009 0.009 
 91 PTP_WM723   (25)   10 :  0.261 0.003 0.002 0.224 0.012 0.004 0.026 0.037 0.003 0.355 0.006 0.008 0.023 0.036 
 92 PTP_WM724   (13)   10 :  0.289 0.003 0.002 0.265 0.017 0.005 0.022 0.048 0.003 0.298 0.009 0.007 0.018 0.015 
 93 PTP_WM725   (25)   10 :  0.292 0.003 0.002 0.232 0.022 0.005 0.024 0.049 0.003 0.305 0.009 0.015 0.021 0.016 
 94 PTP_WM726   (13)   10 :  0.325 0.003 0.002 0.219 0.011 0.006 0.024 0.039 0.003 0.293 0.008 0.008 0.029 0.031 
 95 PTP_WM727   (10)   10 :  0.251 0.002 0.001 0.238 0.015 0.004 0.025 0.031 0.002 0.362 0.006 0.007 0.015 0.040 
 96 PTP_WM728    (8)   10 :  0.330 0.003 0.002 0.252 0.009 0.003 0.030 0.030 0.002 0.281 0.007 0.011 0.019 0.020 
 97 PTP_WM729    (9)   10 :  0.033 0.003 0.002 0.214 0.007 0.003 0.060 0.009 0.002 0.645 0.003 0.007 0.008 0.005 
 98 PTP_WM730    (8)   10 :  0.021 0.003 0.001 0.217 0.006 0.003 0.061 0.008 0.002 0.656 0.004 0.006 0.007 0.007 
 99 RRL_WM782    (9)   11 :  0.342 0.003 0.002 0.249 0.012 0.004 0.018 0.036 0.002 0.277 0.008 0.008 0.018 0.020 
100 RRL_WM783    (8)   11 :  0.010 0.005 0.003 0.011 0.008 0.013 0.012 0.012 0.002 0.013 0.864 0.011 0.015 0.019 
101 RRL_WM784    (1)   11 :  0.026 0.007 0.003 0.036 0.010 0.020 0.007 0.015 0.003 0.024 0.811 0.008 0.008 0.022 
102 RRL_WM785    (1)   11 :  0.309 0.003 0.002 0.236 0.010 0.004 0.025 0.037 0.002 0.322 0.006 0.008 0.019 0.018 
103 RRL_WM786    (2)   11 :  0.009 0.018 0.003 0.013 0.005 0.005 0.008 0.006 0.002 0.010 0.817 0.024 0.009 0.070 
104 RRL_WM787    (3)   11 :  0.044 0.008 0.008 0.041 0.005 0.010 0.050 0.007 0.002 0.026 0.687 0.013 0.084 0.014 
105 RRL_WM788    (0)   11 :  0.016 0.004 0.146 0.011 0.004 0.007 0.055 0.005 0.002 0.008 0.719 0.013 0.004 0.005 
106 RRL_WM789    (2)   11 :  0.009 0.005 0.002 0.009 0.004 0.011 0.003 0.005 0.002 0.008 0.924 0.004 0.007 0.006 
107 RRL_WM790    (0)   11 :  0.036 0.016 0.106 0.026 0.007 0.005 0.065 0.013 0.002 0.039 0.501 0.010 0.009 0.165 
108 RRL_WM791    (0)   11 :  0.060 0.004 0.006 0.057 0.013 0.004 0.015 0.019 0.002 0.043 0.678 0.049 0.028 0.020 
109 RRO_WM842    (0)   12 :  0.023 0.008 0.003 0.015 0.005 0.006 0.009 0.011 0.002 0.025 0.800 0.013 0.012 0.068 
110 RRO_WM843    (7)   12 :  0.020 0.006 0.010 0.020 0.009 0.315 0.028 0.009 0.002 0.020 0.517 0.006 0.009 0.029 
111 RRO_WM844    (2)   12 :  0.073 0.006 0.003 0.072 0.008 0.358 0.006 0.017 0.002 0.068 0.034 0.006 0.022 0.325 
112 RRO_WM845    (4)   12 :  0.016 0.003 0.002 0.011 0.005 0.042 0.006 0.008 0.002 0.013 0.875 0.005 0.007 0.005 
113 RRO_WM846   (10)   12 :  0.059 0.004 0.003 0.047 0.014 0.014 0.005 0.034 0.003 0.043 0.734 0.011 0.010 0.018 
114 RRO_WM847    (6)   12 :  0.032 0.009 0.003 0.024 0.007 0.052 0.025 0.014 0.002 0.029 0.646 0.008 0.015 0.135 
115 RRO_WM848    (4)   12 :  0.133 0.004 0.008 0.081 0.017 0.023 0.021 0.045 0.003 0.150 0.394 0.066 0.028 0.026 
116 RRO_WM849    (5)   12 :  0.028 0.004 0.002 0.032 0.011 0.009 0.008 0.017 0.002 0.036 0.712 0.009 0.110 0.018 
117 RRO_WM850    (2)   12 :  0.031 0.003 0.002 0.021 0.005 0.003 0.005 0.013 0.002 0.026 0.852 0.006 0.010 0.020 
118 RRO_WM851    (1)   12 :  0.093 0.004 0.002 0.092 0.014 0.039 0.015 0.033 0.002 0.102 0.557 0.007 0.019 0.018 
119 CPS_WM901    (2)   13 :  0.019 0.005 0.002 0.015 0.006 0.868 0.004 0.007 0.002 0.012 0.022 0.005 0.009 0.024 
120 CPS_WM902    (2)   13 :  0.013 0.012 0.002 0.014 0.007 0.843 0.006 0.006 0.002 0.007 0.009 0.005 0.068 0.005 
121 CPS_WM903    (5)   13 :  0.008 0.009 0.002 0.009 0.005 0.911 0.004 0.005 0.002 0.009 0.012 0.003 0.007 0.015 
122 CPS_WM904    (1)   13 :  0.017 0.018 0.020 0.012 0.006 0.861 0.014 0.007 0.003 0.010 0.010 0.009 0.007 0.006 
123 CPS_WM905    (2)   13 :  0.012 0.010 0.030 0.014 0.004 0.839 0.023 0.014 0.002 0.008 0.009 0.023 0.006 0.005 
124 CPS_WM906    (3)   13 :  0.031 0.002 0.002 0.023 0.007 0.863 0.004 0.009 0.002 0.022 0.010 0.006 0.008 0.010 
125 CPS_WM907    (6)   13 :  0.052 0.004 0.002 0.052 0.013 0.748 0.015 0.017 0.002 0.056 0.008 0.007 0.010 0.014 
126 CPS_WM908    (3)   13 :  0.058 0.007 0.004 0.043 0.010 0.722 0.010 0.024 0.003 0.054 0.013 0.013 0.018 0.018 
127 CPS_WM909    (2)   13 :  0.039 0.005 0.002 0.039 0.009 0.794 0.008 0.017 0.002 0.038 0.008 0.010 0.016 0.013 
128 CPS_WM910    (1)   13 :  0.016 0.004 0.007 0.013 0.008 0.879 0.009 0.009 0.002 0.019 0.007 0.006 0.011 0.010 
129 PPNP_WM962    (1)   14 :  0.008 0.003 0.003 0.008 0.936 0.002 0.004 0.006 0.005 0.009 0.003 0.003 0.006 0.005 
130 PPNP_WM963    (0)   14 :  0.050 0.003 0.006 0.035 0.754 0.006 0.011 0.018 0.015 0.060 0.005 0.007 0.016 0.014 
131 PPNP_WM964    (0)   14 :  0.013 0.003 0.012 0.010 0.860 0.004 0.012 0.008 0.044 0.014 0.005 0.005 0.005 0.006 
132 PPNP_WM965    (4)   14 :  0.027 0.004 0.002 0.020 0.864 0.003 0.005 0.011 0.002 0.034 0.005 0.006 0.010 0.007 
133 PPNP_WM966    (4)   14 :  0.015 0.002 0.002 0.010 0.930 0.003 0.002 0.006 0.002 0.011 0.003 0.003 0.006 0.005 
134 PPNP_WM967    (4)   14 :  0.075 0.003 0.002 0.052 0.740 0.005 0.007 0.021 0.003 0.052 0.005 0.007 0.013 0.016 
135 PPNP_WM968    (5)   14 :  0.238 0.004 0.006 0.190 0.119 0.004 0.029 0.084 0.015 0.241 0.011 0.017 0.020 0.022 
136 PPNP_WM969    (2)   14 :  0.056 0.002 0.002 0.044 0.787 0.005 0.012 0.012 0.002 0.046 0.004 0.006 0.011 0.013 
137 PPNP_WM970    (2)   14 :  0.056 0.003 0.002 0.039 0.753 0.006 0.008 0.016 0.004 0.070 0.007 0.010 0.012 0.014 
138 PPNP_WM971    (2)   14 :  0.058 0.003 0.002 0.046 0.773 0.004 0.009 0.014 0.002 0.052 0.007 0.007 0.011 0.013 
139 FPPI_WM1021    (4)   15 :  0.030 0.004 0.006 0.024 0.834 0.004 0.009 0.014 0.004 0.033 0.008 0.007 0.009 0.015 
140 FPPI_WM1022    (4)   15 :  0.068 0.004 0.004 0.042 0.532 0.005 0.012 0.230 0.018 0.046 0.007 0.006 0.014 0.013 
141 FPPI_WM1023    (1)   15 :  0.059 0.003 0.002 0.025 0.826 0.003 0.004 0.015 0.004 0.033 0.005 0.007 0.007 0.009 
142 FPPI_WM1024    (5)   15 :  0.038 0.003 0.002 0.044 0.787 0.003 0.005 0.016 0.002 0.063 0.007 0.008 0.011 0.012 
143 FPPI_WM1025    (6)   15 :  0.061 0.003 0.002 0.049 0.762 0.004 0.007 0.017 0.006 0.038 0.006 0.006 0.026 0.013 
144 FPPI_WM1026    (1)   15 :  0.018 0.002 0.002 0.010 0.918 0.003 0.004 0.005 0.003 0.013 0.004 0.004 0.006 0.008 
145 FPPI_WM1027    (3)   15 :  0.012 0.002 0.002 0.010 0.936 0.002 0.003 0.006 0.002 0.008 0.004 0.004 0.005 0.005 
146 FPPI_WM1028    (2)   15 :  0.016 0.002 0.001 0.019 0.885 0.003 0.005 0.010 0.007 0.025 0.006 0.005 0.008 0.007 
147 FPPI_WM1029    (3)   15 :  0.127 0.004 0.002 0.116 0.495 0.006 0.017 0.022 0.024 0.140 0.005 0.008 0.019 0.014 
148 FPPI_WM1030    (1)   15 :  0.014 0.003 0.015 0.009 0.901 0.004 0.009 0.008 0.004 0.011 0.003 0.006 0.006 0.005 
149 CRWA_WM1082    (2)   16 :  0.010 0.002 0.002 0.006 0.005 0.002 0.015 0.004 0.002 0.006 0.003 0.933 0.004 0.005 
150 CRWA_WM1084    (5)   16 :  0.174 0.008 0.003 0.119 0.006 0.004 0.093 0.017 0.002 0.037 0.006 0.433 0.063 0.035 
151 CRWA_WM1085    (2)   16 :  0.148 0.009 0.002 0.071 0.009 0.003 0.072 0.025 0.002 0.070 0.009 0.528 0.016 0.035 
152 CRWA_WM1086    (9)   16 :  0.216 0.006 0.006 0.172 0.011 0.006 0.110 0.129 0.002 0.123 0.040 0.122 0.016 0.041 
153 CRWA_WM1087    (0)   16 :  0.056 0.009 0.074 0.055 0.011 0.022 0.066 0.025 0.002 0.066 0.006 0.577 0.014 0.017 
154 CRWA_WM1088    (1)   16 :  0.245 0.020 0.022 0.221 0.012 0.006 0.147 0.075 0.002 0.072 0.004 0.084 0.052 0.039 
155 CRWA_WM1089    (3)   16 :  0.088 0.004 0.002 0.069 0.010 0.005 0.014 0.024 0.002 0.085 0.007 0.634 0.035 0.020 
156 CRWA_WM1090    (0)   16 :  0.105 0.051 0.006 0.070 0.012 0.004 0.043 0.028 0.002 0.120 0.023 0.258 0.015 0.263 
157 CRWA_WM1092    (1)   16 :  0.046 0.009 0.076 0.050 0.008 0.007 0.056 0.019 0.003 0.047 0.007 0.639 0.021 0.012 
158 CRWA_WM1093    (1)   16 :  0.069 0.003 0.045 0.045 0.006 0.004 0.043 0.016 0.002 0.038 0.008 0.617 0.084 0.020 
159 PCRA_WM1141    (3)   17 :  0.046 0.544 0.003 0.042 0.007 0.005 0.019 0.019 0.002 0.040 0.013 0.044 0.015 0.201 
160 PCRA_WM1142    (3)   17 :  0.110 0.632 0.002 0.061 0.011 0.005 0.006 0.016 0.002 0.085 0.009 0.011 0.021 0.028 
161 PCRA_WM1143    (1)   17 :  0.140 0.424 0.002 0.105 0.009 0.004 0.013 0.028 0.002 0.142 0.010 0.014 0.019 0.089 
162 PCRA_WM1144    (2)   17 :  0.063 0.011 0.002 0.076 0.010 0.011 0.012 0.015 0.002 0.049 0.631 0.009 0.094 0.016 
163 PCRA_WM1145    (4)   17 :  0.142 0.333 0.006 0.153 0.011 0.024 0.028 0.023 0.002 0.144 0.011 0.020 0.038 0.065 
164 PCRA_WM1146    (2)   17 :  0.014 0.774 0.009 0.011 0.004 0.008 0.010 0.014 0.002 0.011 0.017 0.072 0.035 0.019 
165 PCRA_WM1147    (1)   17 :  0.208 0.122 0.002 0.112 0.010 0.006 0.081 0.026 0.002 0.094 0.006 0.107 0.016 0.208 
166 PCRA_WM1148    (0)   17 :  0.014 0.867 0.011 0.007 0.004 0.004 0.009 0.006 0.002 0.015 0.007 0.005 0.012 0.035 
167 PCRA_WM1149    (1)   17 :  0.019 0.737 0.013 0.015 0.006 0.105 0.011 0.009 0.002 0.017 0.024 0.009 0.028 0.006 
168 PCRA_WM1150    (0)   17 :  0.020 0.833 0.016 0.017 0.005 0.005 0.015 0.011 0.005 0.011 0.011 0.008 0.033 0.011 
169 DHFA_WM1202    (3)   18 :  0.066 0.004 0.003 0.052 0.015 0.006 0.012 0.024 0.694 0.070 0.008 0.017 0.013 0.017 
170 DHFA_WM1203    (1)   18 :  0.068 0.003 0.002 0.052 0.022 0.005 0.009 0.018 0.717 0.055 0.007 0.008 0.017 0.016 
171 DHFA_WM1204    (2)   18 :  0.065 0.003 0.003 0.041 0.014 0.006 0.006 0.015 0.751 0.053 0.007 0.007 0.013 0.017 
172 DHFA_WM1205    (5)   18 :  0.008 0.002 0.002 0.008 0.006 0.003 0.003 0.008 0.931 0.010 0.004 0.004 0.006 0.006 
173 DHFA_WM1206    (4)   18 :  0.018 0.003 0.002 0.015 0.006 0.003 0.004 0.011 0.901 0.015 0.005 0.004 0.005 0.008 
174 DHFA_WM1207    (2)   18 :  0.006 0.003 0.002 0.006 0.004 0.003 0.003 0.005 0.947 0.009 0.003 0.004 0.004 0.003 
175 DHFA_WM1208    (3)   18 :  0.016 0.003 0.002 0.009 0.006 0.003 0.004 0.008 0.910 0.012 0.004 0.007 0.008 0.006 
176 DHFA_WM1209    (1)   18 :  0.008 0.003 0.007 0.005 0.004 0.003 0.006 0.006 0.933 0.007 0.004 0.004 0.005 0.006 
177 DHFA_WM1210    (0)   18 :  0.005 0.002 0.005 0.003 0.002 0.002 0.005 0.003 0.959 0.003 0.002 0.003 0.003 0.002 
178 DHFA_WM1211    (2)   18 :  0.042 0.003 0.002 0.029 0.010 0.004 0.011 0.020 0.761 0.061 0.007 0.011 0.025 0.014 


Estimated Allele Frequencies in each cluster
First column gives estimated ancestral frequencies


Locus 1 : 953_21 
2 alleles
4.5% missing data
 120   (0.952) 1.000 0.995 0.953 0.998 0.900 0.997 0.968 0.999 0.997 1.000 0.998 0.998 0.999 0.999 
 100   (0.048) 0.000 0.005 0.047 0.002 0.100 0.003 0.032 0.001 0.003 0.000 0.002 0.002 0.001 0.001 

Locus 2 : 2370_26 
2 alleles
6.2% missing data
 110   (0.952) 1.000 0.995 0.954 0.999 0.792 0.997 0.969 0.999 0.997 1.000 0.998 0.998 0.999 0.999 
 130   (0.048) 0.000 0.005 0.046 0.001 0.208 0.003 0.031 0.001 0.003 0.000 0.002 0.002 0.001 0.001 

Locus 3 : 2692_87 
2 alleles
1.7% missing data
 130   (0.948) 1.000 0.995 0.949 0.998 0.999 0.997 0.966 0.999 0.765 1.000 0.998 0.998 0.999 0.999 
 120   (0.052) 0.000 0.005 0.051 0.002 0.001 0.003 0.034 0.001 0.235 0.000 0.002 0.002 0.001 0.001 

Locus 4 : 2828_58 
2 alleles
6.7% missing data
 100   (0.922) 0.993 0.817 0.922 0.982 0.998 0.994 0.927 0.998 0.995 0.998 0.995 0.996 0.995 0.998 
 120   (0.078) 0.007 0.183 0.078 0.018 0.002 0.006 0.073 0.002 0.005 0.002 0.005 0.004 0.005 0.002 

Locus 5 : 6398_73 
2 alleles
6.2% missing data
 130   (0.911) 1.000 0.991 0.913 0.997 0.797 0.995 0.942 0.998 0.641 1.000 0.997 0.997 0.999 0.999 
 100   (0.089) 0.000 0.009 0.087 0.003 0.203 0.005 0.058 0.002 0.359 0.000 0.003 0.003 0.001 0.001 

Locus 6 : 7469_71 
2 alleles
5.1% missing data
 130   (0.954) 0.999 0.992 0.953 0.993 0.998 0.996 0.965 0.999 0.997 0.992 0.997 0.997 0.999 0.999 
 110   (0.046) 0.001 0.008 0.047 0.007 0.002 0.004 0.035 0.001 0.003 0.008 0.003 0.003 0.001 0.001 

Locus 7 : 7615_47 
2 alleles
5.1% missing data
 130   (0.956) 0.997 0.992 0.955 0.996 0.998 0.996 0.967 0.996 0.996 0.998 0.997 0.997 0.999 0.998 
 100   (0.044) 0.003 0.008 0.045 0.004 0.002 0.004 0.033 0.004 0.004 0.002 0.003 0.003 0.001 0.002 

Locus 8 : 8211_10 
2 alleles
2.8% missing data
 120   (0.949) 1.000 0.995 0.951 0.999 0.999 0.997 0.966 0.999 0.936 1.000 0.998 0.998 0.999 0.999 
 100   (0.051) 0.000 0.005 0.049 0.001 0.001 0.003 0.034 0.001 0.064 0.000 0.002 0.002 0.001 0.001 

Locus 9 : 8394_14 
2 alleles
2.2% missing data
 110   (0.951) 1.000 0.995 0.953 0.998 0.863 0.997 0.968 0.998 0.997 1.000 0.998 0.998 0.999 0.999 
 130   (0.049) 0.000 0.005 0.047 0.002 0.137 0.003 0.032 0.002 0.003 0.000 0.002 0.002 0.001 0.001 

Locus 10 : 9621_63 
2 alleles
3.9% missing data
 130   (0.951) 1.000 0.995 0.953 0.998 0.999 0.997 0.968 0.999 0.939 1.000 0.998 0.998 0.999 0.999 
 110   (0.049) 0.000 0.005 0.047 0.002 0.001 0.003 0.032 0.001 0.061 0.000 0.002 0.002 0.001 0.001 

Locus 11 : 9880_35 
2 alleles
4.5% missing data
 120   (0.945) 1.000 0.994 0.946 0.998 0.999 0.996 0.964 0.999 0.706 1.000 0.998 0.998 0.999 0.999 
 100   (0.055) 0.000 0.006 0.054 0.002 0.001 0.004 0.036 0.001 0.294 0.000 0.002 0.002 0.001 0.001 

Locus 12 : 11163_16 
2 alleles
7.9% missing data
 130   (0.949) 1.000 0.995 0.950 0.999 0.999 0.997 0.966 0.999 0.914 1.000 0.998 0.998 0.999 0.999 
 110   (0.051) 0.000 0.005 0.050 0.001 0.001 0.003 0.034 0.001 0.086 0.000 0.002 0.002 0.001 0.001 

Locus 13 : 11991_31 
2 alleles
4.5% missing data
 120   (0.921) 0.998 0.985 0.918 0.988 0.998 0.994 0.916 0.998 0.995 1.000 0.975 0.991 0.998 0.991 
 100   (0.079) 0.002 0.015 0.082 0.012 0.002 0.006 0.084 0.002 0.005 0.000 0.025 0.009 0.002 0.009 

Locus 14 : 12766_17 
2 alleles
2.2% missing data
 120   (0.955) 1.000 0.927 0.956 0.998 0.999 0.995 0.969 0.999 0.997 1.000 0.998 0.998 0.999 0.999 
 100   (0.045) 0.000 0.073 0.044 0.002 0.001 0.005 0.031 0.001 0.003 0.000 0.002 0.002 0.001 0.001 

Locus 15 : 13496_14 
2 alleles
5.1% missing data
 110   (0.951) 1.000 0.995 0.953 0.999 0.999 0.692 0.968 0.999 0.997 1.000 0.998 0.998 0.999 0.999 
 100   (0.049) 0.000 0.005 0.047 0.001 0.001 0.308 0.032 0.001 0.003 0.000 0.002 0.002 0.001 0.001 

Locus 16 : 14394_41 
2 alleles
2.2% missing data
 130   (0.955) 1.000 0.926 0.956 0.999 0.999 0.997 0.969 0.999 0.997 1.000 0.998 0.998 0.999 0.999 
 110   (0.045) 0.000 0.074 0.044 0.001 0.001 0.003 0.031 0.001 0.003 0.000 0.002 0.002 0.001 0.001 

Locus 17 : 16285_24 
2 alleles
6.2% missing data
 130   (0.950) 1.000 0.995 0.952 0.998 0.999 0.997 0.968 0.999 0.875 1.000 0.998 0.998 0.999 0.999 
 100   (0.050) 0.000 0.005 0.048 0.002 0.001 0.003 0.032 0.001 0.125 0.000 0.002 0.002 0.001 0.001 

Locus 18 : 18821_69 
2 alleles
7.3% missing data
 120   (0.950) 0.999 0.995 0.952 0.998 0.999 0.997 0.967 0.726 0.997 1.000 0.998 0.998 0.999 0.999 
 110   (0.050) 0.001 0.005 0.048 0.002 0.001 0.003 0.033 0.274 0.003 0.000 0.002 0.002 0.001 0.001 

Locus 19 : 19006_32 
2 alleles
6.7% missing data
 120   (0.915) 1.000 0.991 0.918 0.997 0.798 0.995 0.944 0.998 0.660 1.000 0.997 0.997 0.999 0.999 
 110   (0.085) 0.000 0.009 0.082 0.003 0.202 0.005 0.056 0.002 0.340 0.000 0.003 0.003 0.001 0.001 

Locus 20 : 19602_58 
2 alleles
4.5% missing data
 120   (0.954) 1.000 0.995 0.955 0.999 0.999 0.997 0.970 0.999 0.973 1.000 0.998 0.998 0.999 0.999 
 100   (0.046) 0.000 0.005 0.045 0.001 0.001 0.003 0.030 0.001 0.027 0.000 0.002 0.002 0.001 0.001 

Locus 21 : 20143_24 
2 alleles
3.4% missing data
 120   (0.955) 1.000 0.994 0.956 0.997 0.999 0.966 0.966 0.999 0.997 1.000 0.998 0.998 0.999 0.999 
 100   (0.045) 0.000 0.006 0.044 0.003 0.001 0.034 0.034 0.001 0.003 0.000 0.002 0.002 0.001 0.001 

Locus 22 : 21661_29 
2 alleles
2.2% missing data
 120   (0.948) 1.000 0.995 0.950 0.998 0.999 0.997 0.966 0.999 0.892 1.000 0.998 0.998 0.999 0.999 
 100   (0.052) 0.000 0.005 0.050 0.002 0.001 0.003 0.034 0.001 0.108 0.000 0.002 0.002 0.001 0.001 

Locus 23 : 22603_12 
2 alleles
5.1% missing data
 130   (0.953) 1.000 0.995 0.954 0.999 0.999 0.997 0.970 0.999 0.945 1.000 0.998 0.998 0.999 0.999 
 110   (0.047) 0.000 0.005 0.046 0.001 0.001 0.003 0.030 0.001 0.055 0.000 0.002 0.002 0.001 0.001 

Locus 24 : 25109_23 
2 alleles
1.7% missing data
 120   (0.927) 0.999 0.941 0.928 0.996 0.998 0.994 0.947 0.998 0.995 0.999 0.996 0.836 0.998 0.990 
 100   (0.073) 0.001 0.059 0.072 0.004 0.002 0.006 0.053 0.002 0.005 0.001 0.004 0.164 0.002 0.010 

Locus 25 : 25511_77 
2 alleles
5.1% missing data
 130   (0.952) 1.000 0.995 0.953 0.998 0.938 0.997 0.968 0.999 0.996 1.000 0.998 0.998 0.999 0.999 
 110   (0.048) 0.000 0.005 0.047 0.002 0.062 0.003 0.032 0.001 0.004 0.000 0.002 0.002 0.001 0.001 

Locus 26 : 26816_9 
2 alleles
5.6% missing data
 110   (0.864) 0.995 0.983 0.862 0.966 0.997 0.978 0.854 0.995 0.991 0.999 0.814 0.691 0.994 0.966 
 130   (0.136) 0.005 0.017 0.138 0.034 0.003 0.022 0.146 0.005 0.009 0.001 0.186 0.309 0.006 0.034 

Locus 27 : 29455_86 
2 alleles
5.6% missing data
 120   (0.953) 1.000 0.989 0.951 0.996 0.999 0.997 0.962 0.999 0.997 1.000 0.998 0.998 0.999 0.994 
 110   (0.047) 0.000 0.011 0.049 0.004 0.001 0.003 0.038 0.001 0.003 0.000 0.002 0.002 0.001 0.006 

Locus 28 : 30970_30 
2 alleles
6.7% missing data
 120   (0.955) 1.000 0.993 0.956 0.998 0.999 0.959 0.969 0.999 0.997 1.000 0.998 0.998 0.999 0.999 
 110   (0.045) 0.000 0.007 0.044 0.002 0.001 0.041 0.031 0.001 0.003 0.000 0.002 0.002 0.001 0.001 

Locus 29 : 33052_5 
2 alleles
1.1% missing data
 130   (0.955) 1.000 0.994 0.955 0.999 0.999 0.997 0.969 0.971 0.997 1.000 0.998 0.993 0.999 0.999 
 110   (0.045) 0.000 0.006 0.045 0.001 0.001 0.003 0.031 0.029 0.003 0.000 0.002 0.007 0.001 0.001 

Locus 30 : 33744_32 
2 alleles
2.8% missing data
 130   (0.950) 1.000 0.995 0.950 0.998 0.999 0.997 0.966 0.885 0.997 1.000 0.998 0.998 0.999 0.999 
 110   (0.050) 0.000 0.005 0.050 0.002 0.001 0.003 0.034 0.115 0.003 0.000 0.002 0.002 0.001 0.001 

Locus 31 : 34805_8 
2 alleles
4.5% missing data
 110   (0.932) 1.000 0.746 0.931 0.996 0.998 0.996 0.951 0.999 0.996 1.000 0.997 0.997 0.999 0.993 
 120   (0.068) 0.000 0.254 0.069 0.004 0.002 0.004 0.049 0.001 0.004 0.000 0.003 0.003 0.001 0.007 

Locus 32 : 35345_10 
2 alleles
5.1% missing data
 130   (0.950) 0.993 0.994 0.951 0.993 0.999 0.997 0.957 0.950 0.997 0.996 0.998 0.997 0.999 0.999 
 110   (0.050) 0.007 0.006 0.049 0.007 0.001 0.003 0.043 0.050 0.003 0.004 0.002 0.003 0.001 0.001 

Locus 33 : 35769_30 
2 alleles
6.2% missing data
 110   (0.934) 1.000 0.922 0.934 0.997 0.998 0.960 0.955 0.999 0.996 1.000 0.997 0.995 0.999 0.999 
 100   (0.066) 0.000 0.078 0.066 0.003 0.002 0.040 0.045 0.001 0.004 0.000 0.003 0.005 0.001 0.001 

Locus 34 : 35965_89 
2 alleles
3.4% missing data
 130   (0.952) 1.000 0.995 0.952 0.998 0.999 0.997 0.964 0.999 0.997 1.000 0.998 0.977 0.999 0.999 
 100   (0.048) 0.000 0.005 0.048 0.002 0.001 0.003 0.036 0.001 0.003 0.000 0.002 0.023 0.001 0.001 

Locus 35 : 39654_13 
2 alleles
5.6% missing data
 120   (0.952) 1.000 0.995 0.950 0.997 0.999 0.997 0.962 0.999 0.997 1.000 0.989 0.998 0.999 0.999 
 100   (0.048) 0.000 0.005 0.050 0.003 0.001 0.003 0.038 0.001 0.003 0.000 0.011 0.002 0.001 0.001 

Locus 36 : 39700_65 
2 alleles
3.4% missing data
 110   (0.956) 1.000 0.993 0.954 0.996 0.999 0.996 0.961 0.999 0.997 1.000 0.997 0.998 0.999 0.997 
 120   (0.044) 0.000 0.007 0.046 0.004 0.001 0.004 0.039 0.001 0.003 0.000 0.003 0.002 0.001 0.003 

Locus 37 : 40824_7 
2 alleles
5.1% missing data
 130   (0.952) 1.000 0.995 0.954 0.998 0.999 0.997 0.968 0.999 0.997 1.000 0.930 0.998 0.999 0.999 
 110   (0.048) 0.000 0.005 0.046 0.002 0.001 0.003 0.032 0.001 0.003 0.000 0.070 0.002 0.001 0.001 

Locus 38 : 41554_43 
2 alleles
7.3% missing data
 120   (0.955) 1.000 0.994 0.955 0.998 0.999 0.957 0.969 0.999 0.997 1.000 0.998 0.997 0.999 0.999 
 100   (0.045) 0.000 0.006 0.045 0.002 0.001 0.043 0.031 0.001 0.003 0.000 0.002 0.003 0.001 0.001 

Locus 39 : 42501_5 
2 alleles
5.6% missing data
 120   (0.951) 1.000 0.995 0.952 0.999 0.999 0.997 0.968 0.999 0.918 1.000 0.998 0.998 0.999 0.999 
 110   (0.049) 0.000 0.005 0.048 0.001 0.001 0.003 0.032 0.001 0.082 0.000 0.002 0.002 0.001 0.001 

Locus 40 : 42989_15 
2 alleles
3.4% missing data
 130   (0.954) 1.000 0.995 0.955 0.999 0.999 0.997 0.970 0.999 0.997 1.000 0.928 0.998 0.999 0.999 
 110   (0.046) 0.000 0.005 0.045 0.001 0.001 0.003 0.030 0.001 0.003 0.000 0.072 0.002 0.001 0.001 

Locus 41 : 44631_16 
2 alleles
5.6% missing data
 120   (0.949) 1.000 0.994 0.951 0.998 0.999 0.849 0.965 0.999 0.997 1.000 0.998 0.998 0.999 0.999 
 110   (0.051) 0.000 0.006 0.049 0.002 0.001 0.151 0.035 0.001 0.003 0.000 0.002 0.002 0.001 0.001 

Locus 42 : 45332_74 
2 alleles
3.4% missing data
 130   (0.870) 0.999 0.830 0.873 0.989 0.996 0.992 0.900 0.983 0.992 0.999 0.755 0.995 0.795 0.944 
 110   (0.130) 0.001 0.170 0.127 0.011 0.004 0.008 0.100 0.017 0.008 0.001 0.245 0.005 0.205 0.056 

Locus 43 : 45964_12 
2 alleles
2.2% missing data
 100   (0.955) 1.000 0.995 0.955 0.999 0.978 0.997 0.969 0.999 0.995 1.000 0.998 0.998 0.999 0.999 
 130   (0.045) 0.000 0.005 0.045 0.001 0.022 0.003 0.031 0.001 0.005 0.000 0.002 0.002 0.001 0.001 

Locus 44 : 47772_18 
2 alleles
1.7% missing data
 120   (0.947) 1.000 0.995 0.948 0.999 0.999 0.997 0.965 0.999 0.814 1.000 0.998 0.998 0.999 0.999 
 100   (0.053) 0.000 0.005 0.052 0.001 0.001 0.003 0.035 0.001 0.186 0.000 0.002 0.002 0.001 0.001 

Locus 45 : 48505_7 
2 alleles
2.8% missing data
 130   (0.955) 1.000 0.994 0.953 0.996 0.999 0.997 0.960 0.999 0.997 1.000 0.998 0.998 0.990 0.999 
 110   (0.045) 0.000 0.006 0.047 0.004 0.001 0.003 0.040 0.001 0.003 0.000 0.002 0.002 0.010 0.001 

Locus 46 : 49838_13 
2 alleles
5.1% missing data
 120   (0.953) 1.000 0.995 0.954 0.998 0.999 0.997 0.969 0.999 0.997 1.000 0.998 0.998 0.915 0.999 
 100   (0.047) 0.000 0.005 0.046 0.002 0.001 0.003 0.031 0.001 0.003 0.000 0.002 0.002 0.085 0.001 

Locus 47 : 50793_47 
2 alleles
6.2% missing data
 120   (0.948) 1.000 0.994 0.949 0.999 0.999 0.992 0.966 0.999 0.996 1.000 0.868 0.998 0.999 0.998 
 100   (0.052) 0.000 0.006 0.051 0.001 0.001 0.008 0.034 0.001 0.004 0.000 0.132 0.002 0.001 0.002 

Locus 48 : 51471_5 
2 alleles
2.2% missing data
 110   (0.953) 1.000 0.995 0.954 0.999 0.941 0.997 0.970 0.999 0.997 1.000 0.998 0.998 0.999 0.999 
 120   (0.047) 0.000 0.005 0.046 0.001 0.059 0.003 0.030 0.001 0.003 0.000 0.002 0.002 0.001 0.001 

Locus 49 : 52408_45 
2 alleles
2.2% missing data
 130   (0.952) 1.000 0.995 0.953 0.998 0.999 0.815 0.969 0.999 0.997 1.000 0.998 0.998 0.999 0.999 
 110   (0.048) 0.000 0.005 0.047 0.002 0.001 0.185 0.031 0.001 0.003 0.000 0.002 0.002 0.001 0.001 

Locus 50 : 53046_18 
2 alleles
0.6% missing data
 120   (0.932) 1.000 0.992 0.930 0.997 0.998 0.996 0.951 0.993 0.995 1.000 0.930 0.998 0.999 0.999 
 100   (0.068) 0.000 0.008 0.070 0.003 0.002 0.004 0.049 0.007 0.005 0.000 0.070 0.002 0.001 0.001 

Locus 51 : 53230_50 
2 alleles
4.5% missing data
 120   (0.952) 1.000 0.995 0.953 0.998 0.898 0.997 0.968 0.999 0.997 1.000 0.998 0.998 0.999 0.999 
 110   (0.048) 0.000 0.005 0.047 0.002 0.102 0.003 0.032 0.001 0.003 0.000 0.002 0.002 0.001 0.001 

Locus 52 : 53957_5 
2 alleles
3.9% missing data
 130   (0.954) 1.000 0.994 0.953 0.999 0.999 0.997 0.962 0.999 0.997 1.000 0.990 0.998 0.999 0.999 
 110   (0.046) 0.000 0.006 0.047 0.001 0.001 0.003 0.038 0.001 0.003 0.000 0.010 0.002 0.001 0.001 

Locus 53 : 58003_89 
2 alleles
3.9% missing data
 120   (0.945) 0.996 0.991 0.945 0.992 0.998 0.995 0.955 0.996 0.996 0.995 0.994 0.975 0.999 0.990 
 100   (0.055) 0.004 0.009 0.055 0.008 0.002 0.005 0.045 0.004 0.004 0.005 0.006 0.025 0.001 0.010 

Locus 54 : 58412_58 
2 alleles
2.2% missing data
 110   (0.954) 1.000 0.995 0.955 0.998 0.999 0.997 0.969 0.999 0.974 1.000 0.998 0.998 0.999 0.999 
 100   (0.046) 0.000 0.005 0.045 0.002 0.001 0.003 0.031 0.001 0.026 0.000 0.002 0.002 0.001 0.001 

Locus 55 : 58452_11 
2 alleles
3.4% missing data
 120   (0.953) 1.000 0.994 0.950 0.998 0.999 0.997 0.963 0.999 0.997 1.000 0.998 0.982 0.999 0.999 
 130   (0.047) 0.000 0.006 0.050 0.002 0.001 0.003 0.037 0.001 0.003 0.000 0.002 0.018 0.001 0.001 

Locus 56 : 59409_85 
2 alleles
2.8% missing data
 130   (0.955) 1.000 0.995 0.950 0.998 0.999 0.997 0.960 0.999 0.997 1.000 0.998 0.998 0.999 0.996 
 100   (0.045) 0.000 0.005 0.050 0.002 0.001 0.003 0.040 0.001 0.003 0.000 0.002 0.002 0.001 0.004 

Locus 57 : 60620_10 
2 alleles
1.1% missing data
 120   (0.950) 1.000 0.995 0.951 0.999 0.999 0.997 0.967 0.999 0.892 1.000 0.998 0.998 0.999 0.999 
 130   (0.050) 0.000 0.005 0.049 0.001 0.001 0.003 0.033 0.001 0.108 0.000 0.002 0.002 0.001 0.001 

Locus 58 : 61541_77 
2 alleles
3.4% missing data
 120   (0.946) 1.000 0.994 0.947 0.998 0.999 0.997 0.965 0.999 0.840 1.000 0.998 0.998 0.999 0.999 
 100   (0.054) 0.000 0.006 0.053 0.002 0.001 0.003 0.035 0.001 0.160 0.000 0.002 0.002 0.001 0.001 

Locus 59 : 61756_42 
2 alleles
1.1% missing data
 130   (0.949) 1.000 0.995 0.950 0.999 0.999 0.997 0.967 0.999 0.821 1.000 0.998 0.998 0.999 0.999 
 110   (0.051) 0.000 0.005 0.050 0.001 0.001 0.003 0.033 0.001 0.179 0.000 0.002 0.002 0.001 0.001 

Locus 60 : 62497_19 
2 alleles
6.2% missing data
 130   (0.897) 0.995 0.939 0.898 0.988 0.997 0.873 0.923 0.997 0.993 0.998 0.994 0.959 0.983 0.983 
 110   (0.103) 0.005 0.061 0.102 0.012 0.003 0.127 0.077 0.003 0.007 0.002 0.006 0.041 0.017 0.017 

Locus 61 : 63024_50 
2 alleles
2.8% missing data
 120   (0.943) 1.000 0.994 0.937 0.997 0.999 0.996 0.947 0.999 0.996 1.000 0.998 0.948 0.999 0.999 
 100   (0.057) 0.000 0.006 0.063 0.003 0.001 0.004 0.053 0.001 0.004 0.000 0.002 0.052 0.001 0.001 

Locus 62 : 64492_50 
2 alleles
7.3% missing data
 120   (0.908) 1.000 0.988 0.910 0.997 0.998 0.889 0.937 0.998 0.994 1.000 0.930 0.957 0.999 0.998 
 100   (0.092) 0.000 0.012 0.090 0.003 0.002 0.111 0.063 0.002 0.006 0.000 0.070 0.043 0.001 0.002 

Locus 63 : 67984_34 
2 alleles
2.2% missing data
 120   (0.947) 1.000 0.995 0.949 0.998 0.999 0.997 0.966 0.999 0.866 1.000 0.998 0.998 0.999 0.999 
 100   (0.053) 0.000 0.005 0.051 0.002 0.001 0.003 0.034 0.001 0.134 0.000 0.002 0.002 0.001 0.001 

Locus 64 : 69199_10 
2 alleles
4.5% missing data
 120   (0.939) 0.999 0.993 0.937 0.997 0.999 0.996 0.951 0.999 0.996 1.000 0.998 0.361 0.999 0.999 
 100   (0.061) 0.001 0.007 0.063 0.003 0.001 0.004 0.049 0.001 0.004 0.000 0.002 0.639 0.001 0.001 

Locus 65 : 71368_77 
2 alleles
6.7% missing data
 100   (0.951) 1.000 0.995 0.952 0.999 0.772 0.997 0.967 0.999 0.997 1.000 0.998 0.998 0.999 0.999 
 110   (0.049) 0.000 0.005 0.048 0.001 0.228 0.003 0.033 0.001 0.003 0.000 0.002 0.002 0.001 0.001 

Locus 66 : 72276_35 
2 alleles
5.1% missing data
 130   (0.951) 1.000 0.995 0.953 0.998 0.999 0.997 0.968 0.999 0.997 1.000 0.902 0.998 0.999 0.999 
 120   (0.049) 0.000 0.005 0.047 0.002 0.001 0.003 0.032 0.001 0.003 0.000 0.098 0.002 0.001 0.001 

Locus 67 : 73554_16 
2 alleles
3.9% missing data
 100   (0.951) 1.000 0.841 0.952 0.998 0.999 0.997 0.967 0.999 0.997 1.000 0.998 0.998 0.999 0.999 
 130   (0.049) 0.000 0.159 0.048 0.002 0.001 0.003 0.033 0.001 0.003 0.000 0.002 0.002 0.001 0.001 

Locus 68 : 74575_32 
2 alleles
1.7% missing data
 120   (0.954) 1.000 0.995 0.952 0.997 0.999 0.997 0.963 0.999 0.997 1.000 0.990 0.998 0.999 0.999 
 100   (0.046) 0.000 0.005 0.048 0.003 0.001 0.003 0.037 0.001 0.003 0.000 0.010 0.002 0.001 0.001 

Locus 69 : 76504_10 
2 alleles
1.1% missing data
 110   (0.948) 1.000 0.995 0.949 0.998 0.999 0.997 0.966 0.803 0.997 1.000 0.998 0.997 0.999 0.999 
 100   (0.052) 0.000 0.005 0.051 0.002 0.001 0.003 0.034 0.197 0.003 0.000 0.002 0.003 0.001 0.001 

Locus 70 : 76561_35 
2 alleles
5.6% missing data
 120   (0.948) 1.000 0.995 0.950 0.998 0.999 0.556 0.967 0.999 0.997 1.000 0.998 0.998 0.999 0.999 
 100   (0.052) 0.000 0.005 0.050 0.002 0.001 0.444 0.033 0.001 0.003 0.000 0.002 0.002 0.001 0.001 

Locus 71 : 77346_16 
2 alleles
2.2% missing data
 130   (0.952) 1.000 0.995 0.953 0.999 0.999 0.997 0.966 0.922 0.997 1.000 0.998 0.998 0.999 0.999 
 110   (0.048) 0.000 0.005 0.047 0.001 0.001 0.003 0.034 0.078 0.003 0.000 0.002 0.002 0.001 0.001 

Locus 72 : 78631_40 
2 alleles
7.9% missing data
 120   (0.943) 1.000 0.994 0.944 0.996 0.999 0.992 0.960 0.999 0.996 1.000 0.829 0.997 0.999 0.999 
 110   (0.057) 0.000 0.006 0.056 0.004 0.001 0.008 0.040 0.001 0.004 0.000 0.171 0.003 0.001 0.001 

Locus 73 : 80366_12 
2 alleles
6.7% missing data
 130   (0.953) 1.000 0.993 0.951 0.996 0.999 0.996 0.959 0.999 0.997 1.000 0.997 0.998 0.999 0.997 
 110   (0.047) 0.000 0.007 0.049 0.004 0.001 0.004 0.041 0.001 0.003 0.000 0.003 0.002 0.001 0.003 

Locus 74 : 80499_10 
2 alleles
6.2% missing data
 130   (0.952) 1.000 0.995 0.953 0.999 0.902 0.997 0.968 0.999 0.997 1.000 0.998 0.998 0.999 0.999 
 100   (0.048) 0.000 0.005 0.047 0.001 0.098 0.003 0.032 0.001 0.003 0.000 0.002 0.002 0.001 0.001 

Locus 75 : 81141_31 
2 alleles
2.8% missing data
 120   (0.952) 1.000 0.994 0.951 0.996 0.999 0.997 0.958 0.999 0.997 1.000 0.998 0.998 0.990 0.999 
 100   (0.048) 0.000 0.006 0.049 0.004 0.001 0.003 0.042 0.001 0.003 0.000 0.002 0.002 0.010 0.001 

Locus 76 : 81662_33 
2 alleles
3.4% missing data
 120   (0.953) 1.000 0.995 0.950 0.997 0.999 0.997 0.959 0.999 0.997 1.000 0.998 0.998 0.999 0.994 
 110   (0.047) 0.000 0.005 0.050 0.003 0.001 0.003 0.041 0.001 0.003 0.000 0.002 0.002 0.001 0.006 

Locus 77 : 82002_8 
2 alleles
6.7% missing data
 100   (0.942) 1.000 0.994 0.944 0.998 0.999 0.997 0.962 0.999 0.678 1.000 0.998 0.998 0.999 0.999 
 110   (0.058) 0.000 0.006 0.056 0.002 0.001 0.003 0.038 0.001 0.322 0.000 0.002 0.002 0.001 0.001 

Locus 78 : 82631_34 
2 alleles
7.9% missing data
 120   (0.952) 0.999 0.994 0.952 0.992 0.999 0.995 0.952 0.999 0.997 1.000 0.994 0.997 0.999 0.999 
 100   (0.048) 0.001 0.006 0.048 0.008 0.001 0.005 0.048 0.001 0.003 0.000 0.006 0.003 0.001 0.001 

Locus 79 : 83247_84 
2 alleles
3.4% missing data
 110   (0.941) 1.000 0.994 0.941 0.998 0.999 0.997 0.957 0.999 0.996 1.000 0.787 0.998 0.999 0.999 
 100   (0.059) 0.000 0.006 0.059 0.002 0.001 0.003 0.043 0.001 0.004 0.000 0.213 0.002 0.001 0.001 

Locus 80 : 83916_5 
2 alleles
3.9% missing data
 130   (0.952) 1.000 0.995 0.953 0.998 0.999 0.997 0.969 0.999 0.997 1.000 0.998 0.998 0.860 0.999 
 110   (0.048) 0.000 0.005 0.047 0.002 0.001 0.003 0.031 0.001 0.003 0.000 0.002 0.002 0.140 0.001 

Locus 81 : 84971_7 
2 alleles
2.2% missing data
 120   (0.937) 0.989 0.989 0.938 0.982 0.998 0.996 0.930 0.968 0.996 0.998 0.996 0.985 0.998 0.997 
 110   (0.063) 0.011 0.011 0.062 0.018 0.002 0.004 0.070 0.032 0.004 0.002 0.004 0.015 0.002 0.003 

Locus 82 : 85247_77 
2 alleles
7.9% missing data
 120   (0.955) 0.995 0.993 0.954 0.993 0.998 0.996 0.964 0.998 0.997 0.999 0.998 0.997 0.995 0.998 
 110   (0.045) 0.005 0.007 0.046 0.007 0.002 0.004 0.036 0.002 0.003 0.001 0.002 0.003 0.005 0.002 

Locus 83 : 85248_24 
2 alleles
5.1% missing data
 100   (0.947) 1.000 0.995 0.949 0.998 0.999 0.997 0.965 0.999 0.859 1.000 0.998 0.998 0.999 0.999 
 120   (0.053) 0.000 0.005 0.051 0.002 0.001 0.003 0.035 0.001 0.141 0.000 0.002 0.002 0.001 0.001 

Locus 84 : 85402_12 
2 alleles
3.4% missing data
 120   (0.954) 1.000 0.995 0.949 0.998 0.999 0.997 0.959 0.999 0.997 1.000 0.998 0.998 0.999 0.996 
 100   (0.046) 0.000 0.005 0.051 0.002 0.001 0.003 0.041 0.001 0.003 0.000 0.002 0.002 0.001 0.004 

Locus 85 : 86588_18 
2 alleles
3.9% missing data
 120   (0.954) 1.000 0.994 0.951 0.998 0.999 0.997 0.959 0.999 0.997 1.000 0.998 0.979 0.999 0.999 
 100   (0.046) 0.000 0.006 0.049 0.002 0.001 0.003 0.041 0.001 0.003 0.000 0.002 0.021 0.001 0.001 

Locus 86 : 87070_60 
2 alleles
2.2% missing data
 100   (0.951) 1.000 0.852 0.952 0.998 0.999 0.997 0.967 0.999 0.997 1.000 0.998 0.998 0.999 0.999 
 130   (0.049) 0.000 0.148 0.048 0.002 0.001 0.003 0.033 0.001 0.003 0.000 0.002 0.002 0.001 0.001 

Locus 87 : 87747_31 
2 alleles
6.2% missing data
 120   (0.950) 1.000 0.995 0.951 0.998 0.999 0.997 0.967 0.999 0.915 1.000 0.998 0.998 0.999 0.999 
 110   (0.050) 0.000 0.005 0.049 0.002 0.001 0.003 0.033 0.001 0.085 0.000 0.002 0.002 0.001 0.001 

Locus 88 : 88455_10 
2 alleles
5.1% missing data
 130   (0.949) 1.000 0.995 0.951 0.998 0.999 0.787 0.966 0.999 0.997 1.000 0.997 0.998 0.999 0.999 
 100   (0.051) 0.000 0.005 0.049 0.002 0.001 0.213 0.034 0.001 0.003 0.000 0.003 0.002 0.001 0.001 

Locus 89 : 89005_12 
2 alleles
1.1% missing data
 120   (0.948) 1.000 0.995 0.950 0.998 0.999 0.997 0.966 0.999 0.893 1.000 0.998 0.998 0.999 0.999 
 130   (0.052) 0.000 0.005 0.050 0.002 0.001 0.003 0.034 0.001 0.107 0.000 0.002 0.002 0.001 0.001 

Locus 90 : 89213_8 
2 alleles
3.4% missing data
 130   (0.954) 1.000 0.995 0.955 0.999 0.999 0.997 0.970 0.999 0.972 1.000 0.998 0.998 0.999 0.999 
 110   (0.046) 0.000 0.005 0.045 0.001 0.001 0.003 0.030 0.001 0.028 0.000 0.002 0.002 0.001 0.001 

Locus 91 : 93475_13 
2 alleles
2.2% missing data
 130   (0.947) 1.000 0.995 0.948 0.998 0.999 0.997 0.966 0.999 0.866 1.000 0.998 0.998 0.999 0.999 
 110   (0.053) 0.000 0.005 0.052 0.002 0.001 0.003 0.034 0.001 0.134 0.000 0.002 0.002 0.001 0.001 

Locus 92 : 95749_27 
2 alleles
3.9% missing data
 120   (0.952) 1.000 0.995 0.953 0.998 0.999 0.997 0.968 0.999 0.970 1.000 0.998 0.998 0.999 0.999 
 100   (0.048) 0.000 0.005 0.047 0.002 0.001 0.003 0.032 0.001 0.030 0.000 0.002 0.002 0.001 0.001 

Locus 93 : 98167_26 
2 alleles
3.4% missing data
 120   (0.930) 0.999 0.897 0.930 0.996 0.998 0.993 0.950 0.993 0.995 0.998 0.996 0.989 0.999 0.965 
 110   (0.070) 0.001 0.103 0.070 0.004 0.002 0.007 0.050 0.007 0.005 0.002 0.004 0.011 0.001 0.035 

Locus 94 : 98988_58 
2 alleles
2.2% missing data
 130   (0.957) 1.000 0.995 0.958 0.999 0.999 0.997 0.972 0.999 0.974 1.000 0.998 0.998 0.999 0.999 
 110   (0.043) 0.000 0.005 0.042 0.001 0.001 0.003 0.028 0.001 0.026 0.000 0.002 0.002 0.001 0.001 

Locus 95 : 103824_15 
2 alleles
3.4% missing data
 130   (0.948) 1.000 0.995 0.950 0.998 0.999 0.997 0.966 0.999 0.811 1.000 0.998 0.998 0.999 0.999 
 110   (0.052) 0.000 0.005 0.050 0.002 0.001 0.003 0.034 0.001 0.189 0.000 0.002 0.002 0.001 0.001 

Locus 96 : 108043_8 
2 alleles
4.5% missing data
 130   (0.953) 1.000 0.995 0.954 0.999 0.999 0.997 0.969 0.915 0.997 1.000 0.998 0.998 0.999 0.999 
 110   (0.047) 0.000 0.005 0.046 0.001 0.001 0.003 0.031 0.085 0.003 0.000 0.002 0.002 0.001 0.001 

Locus 97 : 108049_79 
2 alleles
2.8% missing data
 120   (0.955) 1.000 0.995 0.952 0.997 0.999 0.997 0.960 0.999 0.997 1.000 0.998 0.998 0.999 0.994 
 100   (0.045) 0.000 0.005 0.048 0.003 0.001 0.003 0.040 0.001 0.003 0.000 0.002 0.002 0.001 0.006 

Locus 98 : 108366_5 
2 alleles
2.8% missing data
 130   (0.951) 1.000 0.995 0.952 0.998 0.999 0.997 0.968 0.999 0.919 1.000 0.998 0.998 0.999 0.999 
 100   (0.049) 0.000 0.005 0.048 0.002 0.001 0.003 0.032 0.001 0.081 0.000 0.002 0.002 0.001 0.001 

Locus 99 : 108403_10 
2 alleles
6.2% missing data
 130   (0.955) 1.000 0.995 0.952 0.998 0.999 0.997 0.965 0.992 0.997 1.000 0.997 0.998 0.999 0.999 
 110   (0.045) 0.000 0.005 0.048 0.002 0.001 0.003 0.035 0.008 0.003 0.000 0.003 0.002 0.001 0.001 

Locus 100 : 109283_38 
2 alleles
3.9% missing data
 120   (0.870) 0.872 0.983 0.869 0.848 0.997 0.992 0.830 0.996 0.992 0.965 0.984 0.966 0.466 0.908 
 100   (0.130) 0.128 0.017 0.131 0.152 0.003 0.008 0.170 0.004 0.008 0.035 0.016 0.034 0.534 0.092 

Locus 101 : 109527_54 
2 alleles
7.3% missing data
 110   (0.942) 1.000 0.993 0.943 0.998 0.999 0.997 0.958 0.999 0.996 1.000 0.827 0.998 0.999 0.996 
 130   (0.058) 0.000 0.007 0.057 0.002 0.001 0.003 0.042 0.001 0.004 0.000 0.173 0.002 0.001 0.004 

Locus 102 : 109804_31 
2 alleles
2.2% missing data
 130   (0.953) 1.000 0.995 0.954 0.998 0.999 0.997 0.969 0.999 0.946 1.000 0.998 0.998 0.999 0.999 
 100   (0.047) 0.000 0.005 0.046 0.002 0.001 0.003 0.031 0.001 0.054 0.000 0.002 0.002 0.001 0.001 

Locus 103 : 112614_46 
2 alleles
5.1% missing data
 120   (0.945) 1.000 0.993 0.947 0.998 0.999 0.997 0.964 0.999 0.886 1.000 0.998 0.998 0.999 0.999 
 100   (0.055) 0.000 0.007 0.053 0.002 0.001 0.003 0.036 0.001 0.114 0.000 0.002 0.002 0.001 0.001 

Locus 104 : 112906_14 
2 alleles
3.9% missing data
 110   (0.880) 0.999 0.951 0.882 0.989 0.997 0.679 0.905 0.997 0.992 1.000 0.731 0.995 0.957 0.998 
 120   (0.120) 0.001 0.049 0.118 0.011 0.003 0.321 0.095 0.003 0.008 0.000 0.269 0.005 0.043 0.002 

Locus 105 : 113735_32 
2 alleles
6.7% missing data
 120   (0.955) 1.000 0.994 0.956 0.998 0.999 0.966 0.966 0.999 0.997 1.000 0.998 0.998 0.999 0.999 
 100   (0.045) 0.000 0.006 0.044 0.002 0.001 0.034 0.034 0.001 0.003 0.000 0.002 0.002 0.001 0.001 

Locus 106 : 115028_7 
2 alleles
3.9% missing data
 120   (0.955) 1.000 0.995 0.956 0.998 0.999 0.958 0.969 0.999 0.997 1.000 0.998 0.998 0.999 0.999 
 100   (0.045) 0.000 0.005 0.044 0.002 0.001 0.042 0.031 0.001 0.003 0.000 0.002 0.002 0.001 0.001 

Locus 107 : 115179_16 
2 alleles
2.2% missing data
 120   (0.949) 1.000 0.995 0.950 0.999 0.999 0.997 0.967 0.999 0.909 1.000 0.998 0.998 0.999 0.999 
 110   (0.051) 0.000 0.005 0.050 0.001 0.001 0.003 0.033 0.001 0.091 0.000 0.002 0.002 0.001 0.001 

Locus 108 : 116753_51 
2 alleles
7.3% missing data
 120   (0.948) 0.999 0.994 0.949 0.993 0.999 0.995 0.944 0.998 0.996 1.000 0.996 0.998 0.960 0.997 
 100   (0.052) 0.001 0.006 0.051 0.007 0.001 0.005 0.056 0.002 0.004 0.000 0.004 0.002 0.040 0.003 

Locus 109 : 116931_31 
2 alleles
7.9% missing data
 120   (0.952) 1.000 0.994 0.949 0.998 0.999 0.997 0.960 0.999 0.997 1.000 0.998 0.980 0.999 0.999 
 110   (0.048) 0.000 0.006 0.051 0.002 0.001 0.003 0.040 0.001 0.003 0.000 0.002 0.020 0.001 0.001 

Locus 110 : 116938_8 
2 alleles
4.5% missing data
 130   (0.908) 1.000 0.935 0.910 0.997 0.998 0.994 0.939 0.998 0.994 1.000 0.868 0.996 0.903 0.998 
 110   (0.092) 0.000 0.065 0.090 0.003 0.002 0.006 0.061 0.002 0.006 0.000 0.132 0.004 0.097 0.002 

Locus 111 : 122302_80 
2 alleles
10.1% missing data
 110   (0.953) 1.000 0.995 0.954 0.998 0.999 0.996 0.968 0.999 0.997 1.000 0.998 0.959 0.999 0.999 
 100   (0.047) 0.000 0.005 0.046 0.002 0.001 0.004 0.032 0.001 0.003 0.000 0.002 0.041 0.001 0.001 

Locus 112 : 123190_14 
2 alleles
3.4% missing data
 120   (0.943) 1.000 0.994 0.940 0.997 0.999 0.997 0.953 0.999 0.996 1.000 0.998 0.940 0.999 0.999 
 130   (0.057) 0.000 0.006 0.060 0.003 0.001 0.003 0.047 0.001 0.004 0.000 0.002 0.060 0.001 0.001 

Locus 113 : 123271_36 
2 alleles
3.9% missing data
 100   (0.948) 1.000 0.995 0.950 0.999 0.999 0.997 0.967 0.999 0.858 1.000 0.998 0.998 0.999 0.999 
 110   (0.052) 0.000 0.005 0.050 0.001 0.001 0.003 0.033 0.001 0.142 0.000 0.002 0.002 0.001 0.001 

Locus 114 : 124147_18 
2 alleles
2.2% missing data
 130   (0.951) 1.000 0.751 0.953 0.998 0.999 0.997 0.969 0.999 0.997 1.000 0.998 0.998 0.999 0.999 
 110   (0.049) 0.000 0.249 0.047 0.002 0.001 0.003 0.031 0.001 0.003 0.000 0.002 0.002 0.001 0.001 

Locus 115 : 124184_33 
2 alleles
5.6% missing data
 110   (0.949) 1.000 0.994 0.950 0.999 0.999 0.997 0.967 0.999 0.910 1.000 0.998 0.998 0.999 0.999 
 100   (0.051) 0.000 0.006 0.050 0.001 0.001 0.003 0.033 0.001 0.090 0.000 0.002 0.002 0.001 0.001 

Locus 116 : 125404_24 
2 alleles
1.1% missing data
 130   (0.952) 1.000 0.995 0.953 0.998 0.999 0.765 0.969 0.999 0.997 1.000 0.998 0.998 0.999 0.999 
 110   (0.048) 0.000 0.005 0.047 0.002 0.001 0.235 0.031 0.001 0.003 0.000 0.002 0.002 0.001 0.001 

Locus 117 : 125436_43 
2 alleles
3.9% missing data
 130   (0.924) 1.000 0.992 0.926 0.997 0.998 0.705 0.949 0.998 0.995 1.000 0.848 0.997 0.999 0.999 
 100   (0.076) 0.000 0.008 0.074 0.003 0.002 0.295 0.051 0.002 0.005 0.000 0.152 0.003 0.001 0.001 

Locus 118 : 126013_18 
2 alleles
2.8% missing data
 130   (0.953) 1.000 0.995 0.955 0.999 0.881 0.997 0.970 0.999 0.997 1.000 0.998 0.998 0.999 0.999 
 110   (0.047) 0.000 0.005 0.045 0.001 0.119 0.003 0.030 0.001 0.003 0.000 0.002 0.002 0.001 0.001 

Locus 119 : 126137_19 
2 alleles
3.9% missing data
 120   (0.954) 1.000 0.995 0.955 0.998 0.999 0.983 0.968 0.999 0.997 1.000 0.984 0.998 0.999 0.999 
 110   (0.046) 0.000 0.005 0.045 0.002 0.001 0.017 0.032 0.001 0.003 0.000 0.016 0.002 0.001 0.001 

Locus 120 : 126845_22 
2 alleles
5.6% missing data
 130   (0.955) 1.000 0.993 0.955 0.999 0.999 0.960 0.968 0.999 0.997 1.000 0.998 0.998 0.999 0.999 
 110   (0.045) 0.000 0.007 0.045 0.001 0.001 0.040 0.032 0.001 0.003 0.000 0.002 0.002 0.001 0.001 

Locus 121 : 127512_8 
2 alleles
1.1% missing data
 130   (0.953) 1.000 0.995 0.955 0.999 0.911 0.997 0.969 0.999 0.997 1.000 0.998 0.998 0.999 0.999 
 100   (0.047) 0.000 0.005 0.045 0.001 0.089 0.003 0.031 0.001 0.003 0.000 0.002 0.002 0.001 0.001 

Locus 122 : 127692_13 
2 alleles
2.8% missing data
 100   (0.946) 1.000 0.994 0.947 0.997 0.999 0.996 0.963 0.999 0.997 1.000 0.945 0.998 0.999 0.999 
 120   (0.054) 0.000 0.006 0.053 0.003 0.001 0.004 0.037 0.001 0.003 0.000 0.055 0.002 0.001 0.001 

Locus 123 : 128195_18 
2 alleles
7.3% missing data
 130   (0.865) 0.998 0.422 0.865 0.992 0.997 0.990 0.888 0.997 0.991 0.999 0.919 0.968 0.998 0.396 
 110   (0.135) 0.002 0.578 0.135 0.008 0.003 0.010 0.112 0.003 0.009 0.001 0.081 0.032 0.002 0.604 

Locus 124 : 128198_14 
2 alleles
4.5% missing data
 130   (0.922) 1.000 0.992 0.924 0.997 0.908 0.996 0.948 0.998 0.918 1.000 0.997 0.997 0.999 0.999 
 120   (0.078) 0.000 0.008 0.076 0.003 0.092 0.004 0.052 0.002 0.082 0.000 0.003 0.003 0.001 0.001 

Locus 125 : 128423_39 
2 alleles
4.5% missing data
 130   (0.957) 1.000 0.990 0.955 0.996 0.999 0.997 0.966 0.999 0.997 1.000 0.998 0.998 0.999 0.993 
 100   (0.043) 0.000 0.010 0.045 0.004 0.001 0.003 0.034 0.001 0.003 0.000 0.002 0.002 0.001 0.007 

Locus 126 : 131572_48 
2 alleles
1.1% missing data
 120   (0.947) 0.999 0.994 0.946 0.993 0.999 0.996 0.945 0.999 0.997 1.000 0.997 0.998 0.966 0.999 
 100   (0.053) 0.001 0.006 0.054 0.007 0.001 0.004 0.055 0.001 0.003 0.000 0.003 0.002 0.034 0.001 

Locus 127 : 132199_62 
2 alleles
3.9% missing data
 100   (0.946) 1.000 0.994 0.948 0.998 0.999 0.997 0.964 0.999 0.752 1.000 0.998 0.998 0.999 0.999 
 120   (0.054) 0.000 0.006 0.052 0.002 0.001 0.003 0.036 0.001 0.248 0.000 0.002 0.002 0.001 0.001 

Locus 128 : 135566_64 
2 alleles
7.3% missing data
 130   (0.954) 1.000 0.995 0.950 0.998 0.999 0.997 0.959 0.999 0.997 1.000 0.998 0.998 0.999 0.995 
 110   (0.046) 0.000 0.005 0.050 0.002 0.001 0.003 0.041 0.001 0.003 0.000 0.002 0.002 0.001 0.005 

Locus 129 : 135761_5 
2 alleles
7.9% missing data
 130   (0.949) 1.000 0.995 0.950 0.998 0.999 0.997 0.966 0.999 0.905 1.000 0.998 0.998 0.999 0.999 
 100   (0.051) 0.000 0.005 0.050 0.002 0.001 0.003 0.034 0.001 0.095 0.000 0.002 0.002 0.001 0.001 

Locus 130 : 137219_35 
2 alleles
3.4% missing data
 120   (0.937) 1.000 0.993 0.930 0.997 0.998 0.996 0.940 0.999 0.996 1.000 0.997 0.998 0.999 0.976 
 100   (0.063) 0.000 0.007 0.070 0.003 0.002 0.004 0.060 0.001 0.004 0.000 0.003 0.002 0.001 0.024 

Locus 131 : 139081_20 
2 alleles
5.6% missing data
 120   (0.935) 1.000 0.924 0.937 0.996 0.998 0.996 0.953 0.999 0.996 1.000 0.974 0.997 0.998 0.999 
 110   (0.065) 0.000 0.076 0.063 0.004 0.002 0.004 0.047 0.001 0.004 0.000 0.026 0.003 0.002 0.001 

Locus 132 : 139084_52 
2 alleles
5.1% missing data
 120   (0.911) 1.000 0.821 0.906 0.995 0.998 0.994 0.926 0.998 0.994 1.000 0.996 0.918 0.999 0.994 
 110   (0.089) 0.000 0.179 0.094 0.005 0.002 0.006 0.074 0.002 0.006 0.000 0.004 0.082 0.001 0.006 

Locus 133 : 139433_54 
2 alleles
3.9% missing data
 120   (0.950) 1.000 0.995 0.952 0.998 0.999 0.997 0.967 0.999 0.945 1.000 0.998 0.998 0.999 0.999 
 100   (0.050) 0.000 0.005 0.048 0.002 0.001 0.003 0.033 0.001 0.055 0.000 0.002 0.002 0.001 0.001 

Locus 134 : 140063_88 
2 alleles
7.9% missing data
 110   (0.955) 1.000 0.993 0.953 0.998 0.999 0.997 0.962 0.999 0.997 1.000 0.989 0.998 0.999 0.998 
 100   (0.045) 0.000 0.007 0.047 0.002 0.001 0.003 0.038 0.001 0.003 0.000 0.011 0.002 0.001 0.002 

Locus 135 : 140194_73 
2 alleles
2.8% missing data
 120   (0.955) 1.000 0.993 0.956 0.998 0.975 0.997 0.969 0.999 0.997 1.000 0.998 0.998 0.999 0.999 
 110   (0.045) 0.000 0.007 0.044 0.002 0.025 0.003 0.031 0.001 0.003 0.000 0.002 0.002 0.001 0.001 

Locus 136 : 141313_8 
2 alleles
2.8% missing data
 120   (0.948) 1.000 0.995 0.950 0.998 0.999 0.997 0.966 0.999 0.919 1.000 0.998 0.998 0.999 0.999 
 100   (0.052) 0.000 0.005 0.050 0.002 0.001 0.003 0.034 0.001 0.081 0.000 0.002 0.002 0.001 0.001 

Locus 137 : 145284_28 
2 alleles
2.8% missing data
 130   (0.948) 1.000 0.610 0.949 0.998 0.999 0.997 0.966 0.999 0.997 1.000 0.998 0.998 0.999 0.999 
 110   (0.052) 0.000 0.390 0.051 0.002 0.001 0.003 0.034 0.001 0.003 0.000 0.002 0.002 0.001 0.001 

Locus 138 : 145957_11 
2 alleles
4.5% missing data
 130   (0.953) 1.000 0.995 0.954 0.998 0.999 0.997 0.969 0.999 0.997 1.000 0.998 0.998 0.881 0.999 
 110   (0.047) 0.000 0.005 0.046 0.002 0.001 0.003 0.031 0.001 0.003 0.000 0.002 0.002 0.119 0.001 

Locus 139 : 160306_34 
2 alleles
2.8% missing data
 120   (0.929) 1.000 0.992 0.931 0.992 0.998 0.771 0.939 0.998 0.995 1.000 0.964 0.996 0.997 0.998 
 100   (0.071) 0.000 0.008 0.069 0.008 0.002 0.229 0.061 0.002 0.005 0.000 0.036 0.004 0.003 0.002 

Locus 140 : 162107_37 
2 alleles
3.4% missing data
 120   (0.931) 1.000 0.992 0.929 0.997 0.998 0.904 0.949 0.999 0.995 1.000 0.990 0.998 0.999 0.999 
 100   (0.069) 0.000 0.008 0.071 0.003 0.002 0.096 0.051 0.001 0.005 0.000 0.010 0.002 0.001 0.001 

Locus 141 : 163290_36 
2 alleles
5.1% missing data
 130   (0.913) 0.982 0.748 0.915 0.985 0.998 0.995 0.915 0.995 0.994 0.998 0.996 0.919 0.998 0.982 
 110   (0.087) 0.018 0.252 0.085 0.015 0.002 0.005 0.085 0.005 0.006 0.002 0.004 0.081 0.002 0.018 

Locus 142 : 163453_13 
2 alleles
5.6% missing data
 120   (0.953) 1.000 0.994 0.951 0.998 0.999 0.997 0.962 0.999 0.997 1.000 0.998 0.982 0.999 0.999 
 110   (0.047) 0.000 0.006 0.049 0.002 0.001 0.003 0.038 0.001 0.003 0.000 0.002 0.018 0.001 0.001 

Locus 143 : 163580_14 
2 alleles
10.1% missing data
 120   (0.952) 1.000 0.995 0.953 0.961 0.999 0.997 0.957 0.999 0.997 0.894 0.998 0.998 0.999 0.999 
 100   (0.048) 0.000 0.005 0.047 0.039 0.001 0.003 0.043 0.001 0.003 0.106 0.002 0.002 0.001 0.001 

Locus 144 : 164461_13 
2 alleles
5.6% missing data
 100   (0.952) 1.000 0.995 0.954 0.999 0.999 0.997 0.969 0.999 0.997 1.000 0.998 0.854 0.999 0.999 
 120   (0.048) 0.000 0.005 0.046 0.001 0.001 0.003 0.031 0.001 0.003 0.000 0.002 0.146 0.001 0.001 

Locus 145 : 165413_43 
2 alleles
1.7% missing data
 110   (0.944) 1.000 0.993 0.943 0.998 0.999 0.997 0.959 0.999 0.996 1.000 0.947 0.997 0.999 0.999 
 130   (0.056) 0.000 0.007 0.057 0.002 0.001 0.003 0.041 0.001 0.004 0.000 0.053 0.003 0.001 0.001 

Locus 146 : 168629_44 
2 alleles
5.6% missing data
 130   (0.940) 1.000 0.989 0.941 0.996 0.998 0.996 0.957 0.998 0.996 1.000 0.965 0.982 0.999 0.990 
 110   (0.060) 0.000 0.011 0.059 0.004 0.002 0.004 0.043 0.002 0.004 0.000 0.035 0.018 0.001 0.010 

Locus 147 : 168991_77 
2 alleles
5.6% missing data
 110   (0.841) 0.997 0.976 0.836 0.969 0.996 0.643 0.823 0.996 0.990 0.998 0.901 0.986 0.958 0.947 
 100   (0.159) 0.003 0.024 0.164 0.031 0.004 0.357 0.177 0.004 0.010 0.002 0.099 0.014 0.042 0.053 

Locus 148 : 169478_88 
2 alleles
5.1% missing data
 130   (0.953) 1.000 0.994 0.952 0.998 0.978 0.997 0.967 0.999 0.997 1.000 0.998 0.998 0.999 0.999 
 100   (0.047) 0.000 0.006 0.048 0.002 0.022 0.003 0.033 0.001 0.003 0.000 0.002 0.002 0.001 0.001 

Locus 149 : 169898_8 
2 alleles
6.2% missing data
 120   (0.937) 1.000 0.993 0.939 0.997 0.998 0.996 0.958 0.998 0.996 1.000 0.918 0.969 0.999 0.999 
 100   (0.063) 0.000 0.007 0.061 0.003 0.002 0.004 0.042 0.002 0.004 0.000 0.082 0.031 0.001 0.001 

Locus 150 : 170224_42 
2 alleles
7.3% missing data
 100   (0.905) 0.999 0.977 0.905 0.995 0.998 0.994 0.915 0.998 0.993 0.999 0.944 0.792 0.999 0.978 
 120   (0.095) 0.001 0.023 0.095 0.005 0.002 0.006 0.085 0.002 0.007 0.001 0.056 0.208 0.001 0.022 

Locus 151 : 174083_22 
2 alleles
3.9% missing data
 120   (0.947) 1.000 0.995 0.948 0.998 0.999 0.997 0.965 0.999 0.786 1.000 0.998 0.998 0.999 0.999 
 100   (0.053) 0.000 0.005 0.052 0.002 0.001 0.003 0.035 0.001 0.214 0.000 0.002 0.002 0.001 0.001 

Locus 152 : 174223_24 
2 alleles
2.8% missing data
 120   (0.956) 1.000 0.995 0.954 0.999 0.999 0.997 0.968 0.990 0.997 1.000 0.998 0.998 0.999 0.999 
 100   (0.044) 0.000 0.005 0.046 0.001 0.001 0.003 0.032 0.010 0.003 0.000 0.002 0.002 0.001 0.001 

Locus 153 : 174263_44 
2 alleles
3.9% missing data
 130   (0.953) 1.000 0.995 0.954 0.999 0.842 0.997 0.970 0.999 0.997 1.000 0.998 0.998 0.999 0.999 
 110   (0.047) 0.000 0.005 0.046 0.001 0.158 0.003 0.030 0.001 0.003 0.000 0.002 0.002 0.001 0.001 

Locus 154 : 175657_6 
2 alleles
8.4% missing data
 100   (0.926) 1.000 0.992 0.928 0.998 0.998 0.763 0.952 0.999 0.995 1.000 0.929 0.997 0.999 0.999 
 130   (0.074) 0.000 0.008 0.072 0.002 0.002 0.237 0.048 0.001 0.005 0.000 0.071 0.003 0.001 0.001 

Locus 155 : 176570_23 
2 alleles
3.9% missing data
 130   (0.948) 0.995 0.993 0.943 0.973 0.998 0.996 0.945 0.996 0.997 0.999 0.997 0.995 0.990 0.993 
 110   (0.052) 0.005 0.007 0.057 0.027 0.002 0.004 0.055 0.004 0.003 0.001 0.003 0.005 0.010 0.007 

Locus 156 : 176775_13 
2 alleles
6.7% missing data
 130   (0.946) 1.000 0.994 0.948 0.999 0.999 0.997 0.966 0.999 0.707 1.000 0.998 0.998 0.999 0.999 
 110   (0.054) 0.000 0.006 0.052 0.001 0.001 0.003 0.034 0.001 0.293 0.000 0.002 0.002 0.001 0.001 

Locus 157 : 178448_19 
2 alleles
3.4% missing data
 120   (0.949) 1.000 0.995 0.951 0.998 0.999 0.997 0.966 0.999 0.882 1.000 0.998 0.998 0.999 0.999 
 100   (0.051) 0.000 0.005 0.049 0.002 0.001 0.003 0.034 0.001 0.118 0.000 0.002 0.002 0.001 0.001 

Locus 158 : 179162_16 
2 alleles
6.2% missing data
 120   (0.955) 1.000 0.995 0.956 0.999 0.999 0.997 0.970 0.999 0.970 1.000 0.998 0.998 0.999 0.999 
 100   (0.045) 0.000 0.005 0.044 0.001 0.001 0.003 0.030 0.001 0.030 0.000 0.002 0.002 0.001 0.001 

Locus 159 : 179286_31 
2 alleles
2.8% missing data
 120   (0.926) 1.000 0.992 0.928 0.997 0.998 0.902 0.949 0.998 0.995 1.000 0.906 0.997 0.998 0.999 
 100   (0.074) 0.000 0.008 0.072 0.003 0.002 0.098 0.051 0.002 0.005 0.000 0.094 0.003 0.002 0.001 

Locus 160 : 179594_17 
2 alleles
4.5% missing data
 120   (0.905) 1.000 0.924 0.902 0.995 0.998 0.738 0.924 0.994 0.993 1.000 0.996 0.970 0.999 0.998 
 100   (0.095) 0.000 0.076 0.098 0.005 0.002 0.262 0.076 0.006 0.007 0.000 0.004 0.030 0.001 0.002 

Locus 161 : 180413_54 
2 alleles
3.9% missing data
 100   (0.949) 1.000 0.995 0.950 0.999 0.999 0.997 0.968 0.999 0.881 1.000 0.998 0.998 0.999 0.999 
 110   (0.051) 0.000 0.005 0.050 0.001 0.001 0.003 0.032 0.001 0.119 0.000 0.002 0.002 0.001 0.001 

Locus 162 : 182862_79 
2 alleles
3.4% missing data
 130   (0.950) 1.000 0.995 0.951 0.998 0.999 0.997 0.968 0.999 0.868 1.000 0.998 0.998 0.999 0.999 
 110   (0.050) 0.000 0.005 0.049 0.002 0.001 0.003 0.032 0.001 0.132 0.000 0.002 0.002 0.001 0.001 

Locus 163 : 183288_63 
2 alleles
10.1% missing data
 100   (0.952) 1.000 0.994 0.953 0.999 0.999 0.997 0.968 0.999 0.971 1.000 0.998 0.998 0.999 0.999 
 120   (0.048) 0.000 0.006 0.047 0.001 0.001 0.003 0.032 0.001 0.029 0.000 0.002 0.002 0.001 0.001 

Locus 164 : 183906_55 
2 alleles
6.7% missing data
 130   (0.952) 1.000 0.995 0.953 0.998 0.999 0.997 0.968 0.999 0.945 1.000 0.998 0.998 0.999 0.999 
 100   (0.048) 0.000 0.005 0.047 0.002 0.001 0.003 0.032 0.001 0.055 0.000 0.002 0.002 0.001 0.001 

Locus 165 : 183990_7 
2 alleles
3.4% missing data
 120   (0.946) 0.999 0.994 0.947 0.991 0.999 0.997 0.958 0.998 0.997 1.000 0.998 0.997 0.999 0.826 
 100   (0.054) 0.001 0.006 0.053 0.009 0.001 0.003 0.042 0.002 0.003 0.000 0.002 0.003 0.001 0.174 

Locus 166 : 185904_60 
2 alleles
3.4% missing data
 120   (0.950) 1.000 0.995 0.951 0.998 0.999 0.997 0.966 0.999 0.997 1.000 0.998 0.916 0.999 0.999 
 100   (0.050) 0.000 0.005 0.049 0.002 0.001 0.003 0.034 0.001 0.003 0.000 0.002 0.084 0.001 0.001 

Locus 167 : 191703_64 
2 alleles
1.7% missing data
 130   (0.922) 1.000 0.668 0.924 0.997 0.998 0.866 0.948 0.999 0.995 1.000 0.997 0.997 0.999 0.999 
 110   (0.078) 0.000 0.332 0.076 0.003 0.002 0.134 0.052 0.001 0.005 0.000 0.003 0.003 0.001 0.001 

Locus 168 : 193854_7 
2 alleles
1.7% missing data
 130   (0.927) 1.000 0.992 0.928 0.997 0.980 0.996 0.949 0.998 0.882 1.000 0.997 0.997 0.999 0.999 
 110   (0.073) 0.000 0.008 0.072 0.003 0.020 0.004 0.051 0.002 0.118 0.000 0.003 0.003 0.001 0.001 

Locus 169 : 194868_38 
2 alleles
5.6% missing data
 120   (0.937) 1.000 0.992 0.937 0.998 0.999 0.968 0.953 0.999 0.996 1.000 0.899 0.998 0.999 0.998 
 100   (0.063) 0.000 0.008 0.063 0.002 0.001 0.032 0.047 0.001 0.004 0.000 0.101 0.002 0.001 0.002 

Locus 170 : 195463_36 
2 alleles
5.1% missing data
 120   (0.951) 1.000 0.995 0.952 0.998 0.999 0.860 0.968 0.999 0.997 1.000 0.998 0.998 0.999 0.999 
 100   (0.049) 0.000 0.005 0.048 0.002 0.001 0.140 0.032 0.001 0.003 0.000 0.002 0.002 0.001 0.001 

Locus 171 : 195727_20 
2 alleles
1.7% missing data
 130   (0.949) 1.000 0.995 0.951 0.998 0.999 0.997 0.968 0.999 0.915 1.000 0.998 0.998 0.999 0.999 
 110   (0.051) 0.000 0.005 0.049 0.002 0.001 0.003 0.032 0.001 0.085 0.000 0.002 0.002 0.001 0.001 

Locus 172 : 197508_5 
2 alleles
2.2% missing data
 120   (0.955) 1.000 0.994 0.954 0.999 0.999 0.997 0.962 0.999 0.997 1.000 0.990 0.998 0.999 0.998 
 100   (0.045) 0.000 0.006 0.046 0.001 0.001 0.003 0.038 0.001 0.003 0.000 0.010 0.002 0.001 0.002 

Locus 173 : 199140_10 
2 alleles
4.5% missing data
 130   (0.955) 1.000 0.995 0.951 0.999 0.999 0.997 0.960 0.999 0.997 1.000 0.998 0.998 0.999 0.996 
 110   (0.045) 0.000 0.005 0.049 0.001 0.001 0.003 0.040 0.001 0.003 0.000 0.002 0.002 0.001 0.004 

Locus 174 : 199429_51 
2 alleles
5.1% missing data
 130   (0.953) 1.000 0.994 0.950 0.998 0.999 0.996 0.960 0.999 0.997 1.000 0.998 0.981 0.999 0.999 
 100   (0.047) 0.000 0.006 0.050 0.002 0.001 0.004 0.040 0.001 0.003 0.000 0.002 0.019 0.001 0.001 

Locus 175 : 199635_9 
2 alleles
3.4% missing data
 120   (0.946) 1.000 0.994 0.948 0.998 0.999 0.997 0.965 0.999 0.830 1.000 0.998 0.998 0.999 0.999 
 100   (0.054) 0.000 0.006 0.052 0.002 0.001 0.003 0.035 0.001 0.170 0.000 0.002 0.002 0.001 0.001 

Locus 176 : 200923_8 
2 alleles
5.1% missing data
 100   (0.955) 1.000 0.930 0.956 0.998 0.999 0.995 0.969 0.999 0.997 1.000 0.998 0.998 0.999 0.999 
 110   (0.045) 0.000 0.070 0.044 0.002 0.001 0.005 0.031 0.001 0.003 0.000 0.002 0.002 0.001 0.001 

Locus 177 : 201090_64 
2 alleles
5.1% missing data
 130   (0.955) 1.000 0.995 0.955 0.998 0.999 0.997 0.969 0.999 0.997 1.000 0.998 0.960 0.999 0.999 
 100   (0.045) 0.000 0.005 0.045 0.002 0.001 0.003 0.031 0.001 0.003 0.000 0.002 0.040 0.001 0.001 

Locus 178 : 201549_57 
2 alleles
4.5% missing data
 120   (0.954) 1.000 0.995 0.955 0.999 0.999 0.906 0.970 0.999 0.997 1.000 0.998 0.998 0.999 0.999 
 110   (0.046) 0.000 0.005 0.045 0.001 0.001 0.094 0.030 0.001 0.003 0.000 0.002 0.002 0.001 0.001 

Locus 179 : 203565_40 
2 alleles
3.9% missing data
 120   (0.954) 1.000 0.929 0.955 0.998 0.999 0.997 0.970 0.999 0.997 1.000 0.998 0.998 0.999 0.999 
 100   (0.046) 0.000 0.071 0.045 0.002 0.001 0.003 0.030 0.001 0.003 0.000 0.002 0.002 0.001 0.001 

Locus 180 : 205184_19 
2 alleles
7.3% missing data
 110   (0.917) 1.000 0.991 0.919 0.998 0.866 0.995 0.946 0.999 0.762 1.000 0.997 0.997 0.999 0.999 
 120   (0.083) 0.000 0.009 0.081 0.002 0.134 0.005 0.054 0.001 0.238 0.000 0.003 0.003 0.001 0.001 

Locus 181 : 206551_17 
2 alleles
6.2% missing data
 120   (0.888) 0.999 0.935 0.889 0.993 0.997 0.966 0.916 0.873 0.993 1.000 0.995 0.637 0.998 0.990 
 100   (0.112) 0.001 0.065 0.111 0.007 0.003 0.034 0.084 0.127 0.007 0.000 0.005 0.363 0.002 0.010 

Locus 182 : 216246_19 
2 alleles
2.8% missing data
 110   (0.934) 1.000 0.988 0.932 0.989 0.998 0.985 0.942 0.999 0.996 1.000 0.986 0.997 0.999 0.991 
 130   (0.066) 0.000 0.012 0.068 0.011 0.002 0.015 0.058 0.001 0.004 0.000 0.014 0.003 0.001 0.009 

Locus 183 : 216776_13 
2 alleles
5.6% missing data
 120   (0.910) 1.000 0.990 0.912 0.997 0.990 0.995 0.941 0.835 0.729 1.000 0.996 0.997 0.999 0.999 
 110   (0.090) 0.000 0.010 0.088 0.003 0.010 0.005 0.059 0.165 0.271 0.000 0.004 0.003 0.001 0.001 

Locus 184 : 217291_37 
2 alleles
3.9% missing data
 120   (0.950) 1.000 0.994 0.951 0.996 0.999 0.914 0.962 0.999 0.997 1.000 0.998 0.998 0.999 0.999 
 100   (0.050) 0.000 0.006 0.049 0.004 0.001 0.086 0.038 0.001 0.003 0.000 0.002 0.002 0.001 0.001 

Locus 185 : 217570_13 
2 alleles
3.9% missing data
 130   (0.947) 1.000 0.995 0.949 0.998 0.999 0.997 0.966 0.999 0.866 1.000 0.998 0.998 0.999 0.999 
 110   (0.053) 0.000 0.005 0.051 0.002 0.001 0.003 0.034 0.001 0.134 0.000 0.002 0.002 0.001 0.001 

Locus 186 : 220422_65 
2 alleles
3.4% missing data
 120   (0.940) 1.000 0.993 0.939 0.983 0.999 0.986 0.934 0.999 0.996 1.000 0.980 0.996 0.999 0.998 
 110   (0.060) 0.000 0.007 0.061 0.017 0.001 0.014 0.066 0.001 0.004 0.000 0.020 0.004 0.001 0.002 

Locus 187 : 220502_40 
2 alleles
6.7% missing data
 120   (0.956) 1.000 0.994 0.956 0.998 0.999 0.997 0.968 0.999 0.997 1.000 0.998 0.998 0.981 0.999 
 110   (0.044) 0.000 0.006 0.044 0.002 0.001 0.003 0.032 0.001 0.003 0.000 0.002 0.002 0.019 0.001 

Locus 188 : 220519_81 
2 alleles
4.5% missing data
 130   (0.927) 1.000 0.928 0.928 0.997 0.998 0.996 0.951 0.999 0.859 1.000 0.997 0.997 0.999 0.999 
 110   (0.073) 0.000 0.072 0.072 0.003 0.002 0.004 0.049 0.001 0.141 0.000 0.003 0.003 0.001 0.001 

Locus 189 : 222347_17 
2 alleles
3.9% missing data
 120   (0.950) 1.000 0.995 0.951 0.999 0.999 0.997 0.967 0.999 0.893 1.000 0.998 0.998 0.999 0.999 
 100   (0.050) 0.000 0.005 0.049 0.001 0.001 0.003 0.033 0.001 0.107 0.000 0.002 0.002 0.001 0.001 

Locus 190 : 222896_46 
2 alleles
0.6% missing data
 110   (0.952) 1.000 0.995 0.954 0.999 0.999 0.997 0.969 0.999 0.945 1.000 0.998 0.998 0.999 0.999 
 130   (0.048) 0.000 0.005 0.046 0.001 0.001 0.003 0.031 0.001 0.055 0.000 0.002 0.002 0.001 0.001 

Locus 191 : 223181_12 
2 alleles
3.4% missing data
 120   (0.944) 1.000 0.994 0.946 0.998 0.999 0.997 0.964 0.999 0.724 1.000 0.998 0.998 0.999 0.999 
 100   (0.056) 0.000 0.006 0.054 0.002 0.001 0.003 0.036 0.001 0.276 0.000 0.002 0.002 0.001 0.001 

Locus 192 : 224649_57 
2 alleles
5.1% missing data
 100   (0.955) 1.000 0.994 0.955 0.998 0.976 0.997 0.969 0.999 0.997 1.000 0.998 0.998 0.999 0.999 
 110   (0.045) 0.000 0.006 0.045 0.002 0.024 0.003 0.031 0.001 0.003 0.000 0.002 0.002 0.001 0.001 

Locus 193 : 226245_11 
2 alleles
5.1% missing data
 130   (0.952) 1.000 0.994 0.953 0.998 0.999 0.997 0.968 0.999 0.997 1.000 0.998 0.998 0.946 0.999 
 110   (0.048) 0.000 0.006 0.047 0.002 0.001 0.003 0.032 0.001 0.003 0.000 0.002 0.002 0.054 0.001 

Locus 194 : 226342_59 
2 alleles
6.2% missing data
 120   (0.915) 0.998 0.989 0.916 0.995 0.965 0.994 0.940 0.995 0.911 0.997 0.996 0.996 0.998 0.998 
 100   (0.085) 0.002 0.011 0.084 0.005 0.035 0.006 0.060 0.005 0.089 0.003 0.004 0.004 0.002 0.002 

Locus 195 : 228970_13 
2 alleles
3.9% missing data
 120   (0.955) 1.000 0.995 0.956 0.999 0.999 0.957 0.970 0.999 0.997 1.000 0.998 0.998 0.999 0.999 
 100   (0.045) 0.000 0.005 0.044 0.001 0.001 0.043 0.030 0.001 0.003 0.000 0.002 0.002 0.001 0.001 

Locus 196 : 229097_27 
2 alleles
5.1% missing data
 130   (0.948) 1.000 0.995 0.949 0.999 0.999 0.996 0.966 0.999 0.792 1.000 0.998 0.998 0.999 0.999 
 110   (0.052) 0.000 0.005 0.051 0.001 0.001 0.004 0.034 0.001 0.208 0.000 0.002 0.002 0.001 0.001 

Locus 197 : 229177_29 
2 alleles
7.3% missing data
 130   (0.948) 0.990 0.994 0.949 0.997 0.999 0.997 0.965 0.807 0.997 0.998 0.998 0.997 0.999 0.999 
 110   (0.052) 0.010 0.006 0.051 0.003 0.001 0.003 0.035 0.193 0.003 0.002 0.002 0.003 0.001 0.001 

Locus 198 : 229612_7 
2 alleles
6.2% missing data
 100   (0.955) 1.000 0.994 0.954 0.999 0.999 0.997 0.962 0.999 0.997 1.000 0.989 0.998 0.999 0.999 
 120   (0.045) 0.000 0.006 0.046 0.001 0.001 0.003 0.038 0.001 0.003 0.000 0.011 0.002 0.001 0.001 

Locus 199 : 229936_67 
2 alleles
3.9% missing data
 120   (0.949) 0.995 0.993 0.945 0.971 0.998 0.997 0.946 0.996 0.997 0.999 0.997 0.995 0.989 0.993 
 100   (0.051) 0.005 0.007 0.055 0.029 0.002 0.003 0.054 0.004 0.003 0.001 0.003 0.005 0.011 0.007 

Locus 200 : 232937_62 
2 alleles
2.2% missing data
 100   (0.954) 1.000 0.995 0.951 0.999 0.999 0.997 0.965 0.991 0.997 1.000 0.998 0.998 0.999 0.999 
 120   (0.046) 0.000 0.005 0.049 0.001 0.001 0.003 0.035 0.009 0.003 0.000 0.002 0.002 0.001 0.001 

Locus 201 : 233194_6 
2 alleles
2.8% missing data
 120   (0.925) 1.000 0.992 0.925 0.998 0.963 0.996 0.948 0.999 0.667 1.000 0.997 0.997 0.999 0.999 
 100   (0.075) 0.000 0.008 0.075 0.002 0.037 0.004 0.052 0.001 0.333 0.000 0.003 0.003 0.001 0.001 

Locus 202 : 234346_33 
2 alleles
4.5% missing data
 110   (0.952) 1.000 0.995 0.953 0.999 0.820 0.997 0.969 0.999 0.997 1.000 0.998 0.998 0.999 0.999 
 130   (0.048) 0.000 0.005 0.047 0.001 0.180 0.003 0.031 0.001 0.003 0.000 0.002 0.002 0.001 0.001 

Locus 203 : 235241_77 
2 alleles
2.2% missing data
 130   (0.950) 1.000 0.995 0.951 0.998 0.999 0.997 0.968 0.999 0.839 1.000 0.998 0.998 0.999 0.999 
 100   (0.050) 0.000 0.005 0.049 0.002 0.001 0.003 0.032 0.001 0.161 0.000 0.002 0.002 0.001 0.001 

Locus 204 : 236207_44 
2 alleles
6.2% missing data
 120   (0.910) 1.000 0.855 0.912 0.996 0.998 0.963 0.936 0.998 0.994 1.000 0.996 0.997 0.660 0.999 
 100   (0.090) 0.000 0.145 0.088 0.004 0.002 0.037 0.064 0.002 0.006 0.000 0.004 0.003 0.340 0.001 

Locus 205 : 236307_12 
2 alleles
1.7% missing data
 130   (0.946) 0.998 0.993 0.947 0.997 0.999 0.992 0.964 0.999 0.997 1.000 0.998 0.998 0.999 0.608 
 110   (0.054) 0.002 0.007 0.053 0.003 0.001 0.008 0.036 0.001 0.003 0.000 0.002 0.002 0.001 0.392 

Locus 206 : 236931_45 
2 alleles
6.7% missing data
 120   (0.880) 1.000 0.447 0.882 0.995 0.997 0.716 0.919 0.998 0.992 1.000 0.718 0.996 0.998 0.997 
 100   (0.120) 0.000 0.553 0.118 0.005 0.003 0.284 0.081 0.002 0.008 0.000 0.282 0.004 0.002 0.003 

Locus 207 : 236999_38 
2 alleles
2.8% missing data
 120   (0.950) 1.000 0.995 0.952 0.998 0.999 0.997 0.968 0.999 0.945 1.000 0.998 0.998 0.999 0.999 
 100   (0.050) 0.000 0.005 0.048 0.002 0.001 0.003 0.032 0.001 0.055 0.000 0.002 0.002 0.001 0.001 

Locus 208 : 240398_42 
2 alleles
3.9% missing data
 110   (0.838) 0.999 0.441 0.837 0.992 0.996 0.884 0.879 0.997 0.990 0.999 0.835 0.994 0.998 0.650 
 130   (0.162) 0.001 0.559 0.163 0.008 0.004 0.116 0.121 0.003 0.010 0.001 0.165 0.006 0.002 0.350 

Locus 209 : 240825_22 
2 alleles
6.2% missing data
 130   (0.955) 0.997 0.990 0.955 0.994 0.999 0.997 0.959 0.997 0.997 1.000 0.998 0.993 0.999 0.998 
 110   (0.045) 0.003 0.010 0.045 0.006 0.001 0.003 0.041 0.003 0.003 0.000 0.002 0.007 0.001 0.002 

Locus 210 : 244435_48 
2 alleles
1.7% missing data
 110   (0.954) 1.000 0.995 0.955 0.998 0.999 0.997 0.970 0.999 0.997 1.000 0.997 0.998 0.947 0.999 
 130   (0.046) 0.000 0.005 0.045 0.002 0.001 0.003 0.030 0.001 0.003 0.000 0.003 0.002 0.053 0.001 

Locus 211 : 245971_21 
2 alleles
5.1% missing data
 130   (0.950) 1.000 0.995 0.952 0.999 0.999 0.997 0.968 0.999 0.914 1.000 0.998 0.998 0.999 0.999 
 120   (0.050) 0.000 0.005 0.048 0.001 0.001 0.003 0.032 0.001 0.086 0.000 0.002 0.002 0.001 0.001 

Locus 212 : 246895_22 
2 alleles
3.4% missing data
 120   (0.954) 1.000 0.995 0.951 0.997 0.999 0.997 0.960 0.999 0.997 1.000 0.998 0.998 0.999 0.993 
 110   (0.046) 0.000 0.005 0.049 0.003 0.001 0.003 0.040 0.001 0.003 0.000 0.002 0.002 0.001 0.007 

Locus 213 : 248131_26 
2 alleles
7.9% missing data
 130   (0.938) 0.999 0.991 0.939 0.995 0.998 0.994 0.956 0.997 0.996 0.999 0.979 0.954 0.999 0.998 
 110   (0.062) 0.001 0.009 0.061 0.005 0.002 0.006 0.044 0.003 0.004 0.001 0.021 0.046 0.001 0.002 

Locus 214 : 250844_49 
2 alleles
7.3% missing data
 130   (0.954) 1.000 0.995 0.952 0.998 0.999 0.997 0.963 0.999 0.997 1.000 0.990 0.998 0.999 0.999 
 100   (0.046) 0.000 0.005 0.048 0.002 0.001 0.003 0.037 0.001 0.003 0.000 0.010 0.002 0.001 0.001 

Locus 215 : 251283_19 
2 alleles
5.6% missing data
 120   (0.950) 1.000 0.823 0.952 0.998 0.999 0.997 0.967 0.999 0.997 1.000 0.998 0.998 0.999 0.999 
 100   (0.050) 0.000 0.177 0.048 0.002 0.001 0.003 0.033 0.001 0.003 0.000 0.002 0.002 0.001 0.001 

Locus 216 : 251358_15 
2 alleles
8.4% missing data
 110   (0.934) 1.000 0.990 0.935 0.997 0.998 0.995 0.954 0.999 0.995 1.000 0.807 0.997 0.987 0.999 
 120   (0.066) 0.000 0.010 0.065 0.003 0.002 0.005 0.046 0.001 0.005 0.000 0.193 0.003 0.013 0.001 

Locus 217 : 251901_42 
2 alleles
2.2% missing data
 120   (0.954) 1.000 0.995 0.954 0.998 0.999 0.997 0.965 0.999 0.997 1.000 0.998 0.977 0.999 0.999 
 100   (0.046) 0.000 0.005 0.046 0.002 0.001 0.003 0.035 0.001 0.003 0.000 0.002 0.023 0.001 0.001 

Locus 218 : 252158_43 
2 alleles
0.0% missing data
 120   (0.950) 1.000 0.995 0.952 0.999 0.999 0.997 0.968 0.999 0.919 1.000 0.998 0.998 0.999 0.999 
 100   (0.050) 0.000 0.005 0.048 0.001 0.001 0.003 0.032 0.001 0.081 0.000 0.002 0.002 0.001 0.001 

Locus 219 : 252988_16 
2 alleles
7.9% missing data
 110   (0.948) 1.000 0.994 0.949 0.999 0.999 0.997 0.966 0.999 0.997 1.000 0.997 0.729 0.999 0.998 
 100   (0.052) 0.000 0.006 0.051 0.001 0.001 0.003 0.034 0.001 0.003 0.000 0.003 0.271 0.001 0.002 

Locus 220 : 254425_88 
2 alleles
5.6% missing data
 130   (0.916) 1.000 0.991 0.919 0.997 0.884 0.995 0.944 0.997 0.774 1.000 0.997 0.997 0.999 0.999 
 110   (0.084) 0.000 0.009 0.081 0.003 0.116 0.005 0.056 0.003 0.226 0.000 0.003 0.003 0.001 0.001 

Locus 221 : 256337_57 
2 alleles
5.6% missing data
 110   (0.954) 1.000 0.926 0.955 0.999 0.999 0.997 0.969 0.999 0.997 1.000 0.998 0.998 0.999 0.999 
 130   (0.046) 0.000 0.074 0.045 0.001 0.001 0.003 0.031 0.001 0.003 0.000 0.002 0.002 0.001 0.001 

Locus 222 : 259058_15 
2 alleles
1.7% missing data
 120   (0.954) 1.000 0.995 0.955 0.998 0.875 0.997 0.970 0.999 0.997 0.999 0.998 0.998 0.999 0.999 
 100   (0.046) 0.000 0.005 0.045 0.002 0.125 0.003 0.030 0.001 0.003 0.001 0.002 0.002 0.001 0.001 

Locus 223 : 259869_81 
2 alleles
0.6% missing data
 120   (0.953) 1.000 0.995 0.954 0.999 0.941 0.997 0.970 0.999 0.997 1.000 0.998 0.998 0.999 0.999 
 130   (0.047) 0.000 0.005 0.046 0.001 0.059 0.003 0.030 0.001 0.003 0.000 0.002 0.002 0.001 0.001 

Locus 224 : 260700_55 
2 alleles
2.2% missing data
 130   (0.954) 0.999 0.993 0.955 0.998 0.998 0.997 0.968 0.974 0.997 1.000 0.998 0.996 0.999 0.999 
 110   (0.046) 0.001 0.007 0.045 0.002 0.002 0.003 0.032 0.026 0.003 0.000 0.002 0.004 0.001 0.001 

Locus 225 : 262223_11 
2 alleles
4.5% missing data
 130   (0.955) 1.000 0.995 0.956 0.999 0.999 0.997 0.970 0.865 0.997 1.000 0.998 0.998 0.999 0.999 
 100   (0.045) 0.000 0.005 0.044 0.001 0.001 0.003 0.030 0.135 0.003 0.000 0.002 0.002 0.001 0.001 

Locus 226 : 262346_48 
2 alleles
3.4% missing data
 130   (0.947) 1.000 0.398 0.948 0.998 0.999 0.997 0.965 0.999 0.997 1.000 0.998 0.998 0.999 0.999 
 110   (0.053) 0.000 0.602 0.052 0.002 0.001 0.003 0.035 0.001 0.003 0.000 0.002 0.002 0.001 0.001 

Locus 227 : 262620_18 
2 alleles
3.9% missing data
 110   (0.939) 0.995 0.990 0.937 0.989 0.998 0.995 0.944 0.997 0.995 0.997 0.996 0.996 0.995 0.992 
 130   (0.061) 0.005 0.010 0.063 0.011 0.002 0.005 0.056 0.003 0.005 0.003 0.004 0.004 0.005 0.008 

Locus 228 : 263002_42 
2 alleles
3.4% missing data
 120   (0.947) 1.000 0.994 0.948 0.998 0.999 0.997 0.964 0.999 0.997 1.000 0.861 0.998 0.999 0.999 
 100   (0.053) 0.000 0.006 0.052 0.002 0.001 0.003 0.036 0.001 0.003 0.000 0.139 0.002 0.001 0.001 

Locus 229 : 263813_70 
2 alleles
10.1% missing data
 130   (0.952) 1.000 0.994 0.953 0.998 0.936 0.997 0.969 0.999 0.997 1.000 0.998 0.998 0.999 0.999 
 110   (0.048) 0.000 0.006 0.047 0.002 0.064 0.003 0.031 0.001 0.003 0.000 0.002 0.002 0.001 0.001 

Locus 230 : 264184_13 
2 alleles
10.1% missing data
 110   (0.906) 1.000 0.936 0.907 0.996 0.998 0.994 0.934 0.998 0.993 1.000 0.996 0.833 0.914 0.998 
 130   (0.094) 0.000 0.064 0.093 0.004 0.002 0.006 0.066 0.002 0.007 0.000 0.004 0.167 0.086 0.002 

Values of parameters used in structure:
DATAFILE=C:\Users\jmahg\OneDrive\Desktop\Transfers\TrkNbr-1524n1282n1083_AllPops_Structure_p18_r080_LDnHWEx\project_data,	OUTFILE=C:\Users\jmahg\OneDrive\Desktop\Transfers\TrkNbr-1524n1282n1083_AllPops_Structure_p18_r080_LDnHWEx\BI50000_MCMC100000\Results\BI50000_MCMC100000_run_139,	NUMINDS=178,	NUMLOCI=230,	MISSING=0,	LABEL=1,	POPDATA=1,	POPFLAG=0,	PHENOTYPE=0,	EXTRACOLS=0,	MAXPOPS=14,	BURNIN=50000,	NUMREPS=100000,	USEPOPINFO=0,	INFERALPHA=1,	INFERLAMBDA=0,	POPSPECIFICLAMBDA=0,	POPALPHAS=0,	COMPUTEPROB=1,	NOADMIX=0,	ADMBURNIN=2500,	UPDATEFREQ=1,	PRINTLIKES=0,	INTERMEDSAVE=0,	PRINTKLD=0,	PRINTNET=0,	PRINTLAMBDA=0,	ANCESTDIST=0,	NUMBOXES=1000,	ANCESTPINT=0.90000,	GENSBACK=2,	MIGRPRIOR=0.05000,	PRINTQHAT=0,	PRINTQSUM=0,	ALPHA=1.0000,	FREQSCORR=1,	FPRIORMEAN=0.0100,	FPRIORSD=0.0500,	ONEFST=0,	LAMBDA=1.0000,	UNIFPRIORALPHA=1,	ALPHAMAX=10.0000,	ALPHAPRIORA=1.0000,	ALPHAPRIORB=2.0000,	ALPHAPROPSD=0.0250,	STARTATPOPINFO=0,	RANDOMIZE=1,	LINKAGE=0,	METROFREQ=10,	REPORTHITRATE=0,	MARKOVPHASE=-1,	PHASED=0,	PLOIDY=2,	PHASEINFO=0	LOCPRIOR=0, 	LOCPRIORINIT=1.000000, 	LOCDATA=0, 	LOCISPOP=0, 	LOCPRIORSTEP=0.100000, 	MAXLOCPRIOR=20.000000, 	SEED=1602997732,	
[STRAT parameters]:    NUMSIMSTATS=1000,	PHENOTYPECOL=-9,	POOLFREQ=10,	LOCUSxONLY=0,	EMERROR=0.00100,	MISSINGPHENO=-9,	