

----------------------------------------------------
STRUCTURE by Pritchard, Stephens and Donnelly (2000)
     and Falush, Stephens and Pritchard (2003)
       Code by Pritchard, Falush and Hubisz
             Version 2.3.4 (Jul 2012)
----------------------------------------------------



Command line arguments:   bin\structure -m C:\Users\jmahg\OneDrive\Desktop\Transfers\TrkNbr-1524n1282n1083_AllPops_Structure_p18_r080_LDnHWEx\BI50000_MCMC100000\mainparams -e C:\Users\jmahg\OneDrive\Desktop\Transfers\TrkNbr-1524n1282n1083_AllPops_Structure_p18_r080_LDnHWEx\BI50000_MCMC100000\extraparams 
Input File:    C:\Users\jmahg\OneDrive\Desktop\Transfers\TrkNbr-1524n1282n1083_AllPops_Structure_p18_r080_LDnHWEx\project_data

Run parameters:
   178 individuals
   230 loci
   14 populations assumed
   50000 Burn-in period
   100000 Reps


--------------------------------------------
Proportion of membership of each pre-defined
 population in each of the 14 clusters

Given    Inferred Clusters                                                                                    Number of
 Pop       1      2      3      4      5      6      7      8      9     10     11     12     13     14      Individuals

  1:     0.034  0.006  0.011  0.007  0.013  0.135  0.007  0.008  0.008  0.002  0.005  0.747  0.006  0.012       10
  2:     0.129  0.211  0.109  0.010  0.009  0.148  0.005  0.226  0.011  0.002  0.019  0.073  0.016  0.032        8
  3:     0.217  0.005  0.027  0.010  0.007  0.067  0.004  0.013  0.010  0.002  0.008  0.013  0.009  0.606       10
  4:     0.173  0.024  0.534  0.017  0.027  0.047  0.015  0.057  0.013  0.002  0.006  0.037  0.005  0.042       10
  5:     0.018  0.004  0.006  0.009  0.004  0.009  0.004  0.004  0.019  0.903  0.003  0.006  0.002  0.009       10
  6:     0.316  0.007  0.017  0.014  0.010  0.075  0.005  0.011  0.016  0.002  0.002  0.020  0.002  0.502       10
  7:     0.034  0.004  0.011  0.007  0.004  0.832  0.003  0.006  0.009  0.002  0.003  0.072  0.003  0.011       10
  8:     0.080  0.150  0.098  0.014  0.084  0.126  0.039  0.137  0.012  0.002  0.026  0.146  0.026  0.059       10
  9:     0.434  0.005  0.015  0.015  0.006  0.396  0.004  0.012  0.014  0.002  0.002  0.042  0.002  0.050       10
 10:     0.693  0.007  0.017  0.019  0.008  0.104  0.005  0.016  0.018  0.002  0.003  0.018  0.003  0.086       10
 11:     0.152  0.015  0.019  0.009  0.623  0.047  0.007  0.033  0.010  0.002  0.016  0.026  0.016  0.025       10
 12:     0.067  0.020  0.023  0.013  0.638  0.030  0.095  0.028  0.011  0.002  0.004  0.043  0.003  0.023       10
 13:     0.026  0.008  0.010  0.007  0.009  0.018  0.864  0.009  0.008  0.002  0.007  0.012  0.007  0.013       10
 14:     0.066  0.004  0.010  0.818  0.005  0.024  0.004  0.007  0.017  0.009  0.003  0.008  0.002  0.023       10
 15:     0.040  0.005  0.009  0.091  0.005  0.020  0.004  0.005  0.772  0.004  0.003  0.008  0.003  0.031       10
 16:     0.069  0.019  0.622  0.011  0.014  0.085  0.006  0.033  0.010  0.002  0.022  0.030  0.022  0.056       10
 17:     0.050  0.629  0.054  0.009  0.067  0.026  0.018  0.043  0.010  0.002  0.014  0.043  0.015  0.020       10
 18:     0.030  0.004  0.009  0.011  0.006  0.018  0.004  0.005  0.011  0.873  0.003  0.010  0.003  0.014       10
--------------------------------------------

Allele-freq. divergence among pops (Net nucleotide distance),
computed using point estimates of P.

      1       2       3       4       5       6       7       8       9      10      11      12      13      14      
 1      -    0.0055  0.0022  0.0021  0.0023  0.0011  0.0047  0.0023  0.0028  0.0070  0.0038  0.0021  0.0038  0.0007  
 2   0.0055     -    0.0068  0.0074  0.0051  0.0063  0.0080  0.0036  0.0081  0.0120  0.0055  0.0067  0.0054  0.0060  
 3   0.0022  0.0068     -    0.0041  0.0038  0.0029  0.0065  0.0030  0.0049  0.0089  0.0040  0.0036  0.0040  0.0026  
 4   0.0021  0.0074  0.0041     -    0.0042  0.0031  0.0066  0.0036  0.0046  0.0082  0.0047  0.0040  0.0047  0.0027  
 5   0.0023  0.0051  0.0038  0.0042     -    0.0033  0.0044  0.0023  0.0050  0.0089  0.0032  0.0030  0.0032  0.0029  
 6   0.0011  0.0063  0.0029  0.0031  0.0033     -    0.0056  0.0027  0.0038  0.0080  0.0041  0.0010  0.0040  0.0017  
 7   0.0047  0.0080  0.0065  0.0066  0.0044  0.0056     -    0.0044  0.0073  0.0112  0.0049  0.0058  0.0048  0.0053  
 8   0.0023  0.0036  0.0030  0.0036  0.0023  0.0027  0.0044     -    0.0041  0.0063  0.0006  0.0027  0.0006  0.0026  
 9   0.0028  0.0081  0.0049  0.0046  0.0050  0.0038  0.0073  0.0041     -    0.0068  0.0051  0.0048  0.0051  0.0035  
10   0.0070  0.0120  0.0089  0.0082  0.0089  0.0080  0.0112  0.0063  0.0068     -    0.0061  0.0088  0.0063  0.0073  
11   0.0038  0.0055  0.0040  0.0047  0.0032  0.0041  0.0049  0.0006  0.0051  0.0061     -    0.0038  0.0000  0.0038  
12   0.0021  0.0067  0.0036  0.0040  0.0030  0.0010  0.0058  0.0027  0.0048  0.0088  0.0038     -    0.0037  0.0027  
13   0.0038  0.0054  0.0040  0.0047  0.0032  0.0040  0.0048  0.0006  0.0051  0.0063  0.0000  0.0037     -    0.0038  
14   0.0007  0.0060  0.0026  0.0027  0.0029  0.0017  0.0053  0.0026  0.0035  0.0073  0.0038  0.0027  0.0038     -    

Average distances (expected heterozygosity) between individuals in same cluster:
cluster  1  : 0.0010 
cluster  2  : 0.0320 
cluster  3  : 0.0199 
cluster  4  : 0.0189 
cluster  5  : 0.0307 
cluster  6  : 0.0060 
cluster  7  : 0.0379 
cluster  8  : 0.0759 
cluster  9  : 0.0182 
cluster 10  : 0.0655 
cluster 11  : 0.1092 
cluster 12  : 0.0183 
cluster 13  : 0.1077 
cluster 14  : 0.0116 

--------------------------------------------
Estimated Ln Prob of Data   = -4164.9
Mean value of ln likelihood = -3257.9
Variance of ln likelihood   = 1814.0
Mean value of alpha         = 0.0329

Mean value of Fst_1         = 0.9532
Mean value of Fst_2         = 0.5515
Mean value of Fst_3         = 0.6259
Mean value of Fst_4         = 0.6912
Mean value of Fst_5         = 0.4891
Mean value of Fst_6         = 0.8872
Mean value of Fst_7         = 0.4801
Mean value of Fst_8         = 0.3060
Mean value of Fst_9         = 0.7103
Mean value of Fst_10         = 0.3054
Mean value of Fst_11         = 0.0266
Mean value of Fst_12         = 0.6515
Mean value of Fst_13         = 0.0550
Mean value of Fst_14         = 0.7445


Inferred ancestry of individuals:
        Label (%Miss) Pop:  Inferred clusters
  1 TGCP_WM1    (0)    1 :  0.049 0.006 0.013 0.008 0.004 0.041 0.004 0.007 0.011 0.003 0.005 0.826 0.006 0.019 
  2 TGCP_WM10    (1)    1 :  0.090 0.011 0.013 0.008 0.014 0.220 0.003 0.016 0.009 0.002 0.002 0.584 0.002 0.025 
  3 TGCP_WM2    (0)    1 :  0.031 0.005 0.011 0.008 0.008 0.285 0.005 0.017 0.013 0.002 0.027 0.548 0.024 0.016 
  4 TGCP_WM3    (1)    1 :  0.034 0.005 0.005 0.008 0.011 0.073 0.004 0.004 0.008 0.002 0.001 0.834 0.001 0.009 
  5 TGCP_WM4    (0)    1 :  0.034 0.005 0.009 0.005 0.053 0.020 0.002 0.004 0.007 0.002 0.002 0.843 0.003 0.009 
  6 TGCP_WM5    (0)    1 :  0.021 0.006 0.007 0.006 0.006 0.037 0.006 0.010 0.007 0.002 0.004 0.865 0.010 0.012 
  7 TGCP_WM6    (0)    1 :  0.024 0.005 0.010 0.005 0.009 0.034 0.006 0.004 0.006 0.001 0.002 0.883 0.002 0.009 
  8 TGCP_WM7    (0)    1 :  0.032 0.010 0.030 0.012 0.005 0.612 0.027 0.014 0.007 0.002 0.004 0.234 0.004 0.009 
  9 TGCP_WM8    (0)    1 :  0.015 0.005 0.006 0.006 0.013 0.020 0.013 0.003 0.005 0.002 0.002 0.903 0.001 0.008 
 10 TGCP_WM9    (0)    1 :  0.008 0.003 0.006 0.003 0.004 0.008 0.003 0.003 0.004 0.002 0.001 0.950 0.002 0.003 
 11 MRLP_WM123    (3)    2 :  0.051 0.098 0.171 0.013 0.019 0.057 0.004 0.335 0.015 0.002 0.086 0.060 0.064 0.026 
 12 MRLP_WM124    (4)    2 :  0.094 0.425 0.020 0.013 0.009 0.043 0.005 0.321 0.021 0.002 0.002 0.016 0.001 0.028 
 13 MRLP_WM125    (1)    2 :  0.026 0.398 0.015 0.007 0.008 0.107 0.006 0.256 0.007 0.003 0.048 0.060 0.045 0.015 
 14 MRLP_WM126    (2)    2 :  0.689 0.004 0.015 0.013 0.007 0.131 0.004 0.016 0.017 0.002 0.001 0.011 0.001 0.088 
 15 MRLP_WM127    (3)    2 :  0.106 0.025 0.026 0.015 0.010 0.571 0.005 0.022 0.011 0.002 0.004 0.173 0.007 0.024 
 16 MRLP_WM128    (3)    2 :  0.013 0.591 0.007 0.006 0.006 0.009 0.003 0.338 0.007 0.002 0.001 0.006 0.001 0.010 
 17 MRLP_WM129    (7)    2 :  0.021 0.047 0.447 0.009 0.006 0.068 0.004 0.232 0.006 0.002 0.005 0.112 0.007 0.034 
 18 MRLP_WM130    (5)    2 :  0.034 0.097 0.170 0.007 0.006 0.196 0.004 0.290 0.006 0.002 0.003 0.150 0.003 0.033 
 19 STT_WM183    (2)    3 :  0.038 0.004 0.006 0.008 0.023 0.032 0.004 0.037 0.008 0.002 0.058 0.008 0.063 0.710 
 20 STT_WM184    (3)    3 :  0.039 0.008 0.076 0.007 0.006 0.027 0.006 0.009 0.011 0.003 0.007 0.016 0.008 0.778 
 21 STT_WM185   (15)    3 :  0.539 0.007 0.021 0.021 0.007 0.255 0.004 0.027 0.018 0.002 0.002 0.024 0.002 0.071 
 22 STT_WM186   (13)    3 :  0.674 0.005 0.030 0.017 0.010 0.127 0.006 0.022 0.013 0.002 0.002 0.025 0.002 0.066 
 23 STT_WM187   (13)    3 :  0.021 0.005 0.008 0.006 0.007 0.013 0.005 0.005 0.006 0.002 0.002 0.006 0.002 0.914 
 24 STT_WM188    (3)    3 :  0.009 0.003 0.004 0.004 0.002 0.008 0.004 0.003 0.004 0.002 0.002 0.004 0.002 0.950 
 25 STT_WM189    (0)    3 :  0.688 0.005 0.015 0.016 0.005 0.147 0.004 0.012 0.019 0.002 0.001 0.022 0.001 0.064 
 26 STT_WM190   (11)    3 :  0.014 0.003 0.005 0.004 0.004 0.012 0.003 0.002 0.004 0.002 0.002 0.006 0.002 0.939 
 27 STT_WM191    (7)    3 :  0.139 0.007 0.016 0.014 0.006 0.039 0.005 0.009 0.010 0.002 0.002 0.013 0.001 0.735 
 28 STT_WM192   (12)    3 :  0.012 0.005 0.087 0.007 0.004 0.009 0.004 0.006 0.008 0.002 0.008 0.004 0.006 0.837 
 29 FSSP_WM241    (3)    4 :  0.221 0.041 0.308 0.020 0.027 0.056 0.031 0.100 0.016 0.002 0.006 0.115 0.005 0.051 
 30 FSSP_WM242   (15)    4 :  0.678 0.005 0.021 0.026 0.010 0.118 0.006 0.012 0.016 0.002 0.002 0.020 0.002 0.082 
 31 FSSP_WM243    (6)    4 :  0.012 0.004 0.915 0.005 0.005 0.006 0.004 0.011 0.005 0.002 0.011 0.005 0.010 0.005 
 32 FSSP_WM244    (5)    4 :  0.100 0.129 0.135 0.022 0.057 0.072 0.063 0.223 0.013 0.002 0.006 0.138 0.005 0.034 
 33 FSSP_WM245   (10)    4 :  0.248 0.004 0.529 0.016 0.009 0.064 0.006 0.011 0.024 0.002 0.002 0.022 0.002 0.060 
 34 FSSP_WM246    (6)    4 :  0.365 0.008 0.210 0.043 0.013 0.099 0.007 0.060 0.024 0.002 0.005 0.022 0.004 0.137 
 35 FSSP_WM247    (3)    4 :  0.009 0.009 0.884 0.006 0.009 0.010 0.014 0.012 0.005 0.002 0.008 0.019 0.006 0.006 
 36 FSSP_WM248    (9)    4 :  0.012 0.003 0.905 0.005 0.023 0.010 0.012 0.005 0.004 0.002 0.003 0.006 0.004 0.007 
 37 FSSP_WM249    (6)    4 :  0.035 0.005 0.837 0.013 0.043 0.012 0.005 0.007 0.010 0.002 0.003 0.010 0.004 0.014 
 38 FSSP_WM250    (2)    4 :  0.052 0.028 0.599 0.012 0.077 0.020 0.006 0.131 0.012 0.002 0.015 0.010 0.009 0.027 
 39 HNL_WM301    (3)    5 :  0.011 0.004 0.006 0.007 0.004 0.008 0.003 0.003 0.014 0.925 0.002 0.006 0.002 0.006 
 40 HNL_WM302    (2)    5 :  0.008 0.002 0.004 0.005 0.003 0.005 0.003 0.002 0.007 0.949 0.002 0.004 0.001 0.005 
 41 HNL_WM303    (2)    5 :  0.024 0.004 0.005 0.009 0.004 0.011 0.003 0.003 0.008 0.907 0.002 0.005 0.002 0.012 
 42 HNL_WM304    (3)    5 :  0.037 0.006 0.008 0.007 0.004 0.013 0.005 0.004 0.080 0.809 0.002 0.007 0.002 0.015 
 43 HNL_WM305    (3)    5 :  0.011 0.003 0.005 0.004 0.004 0.006 0.003 0.004 0.011 0.934 0.004 0.003 0.003 0.005 
 44 HNL_WM306    (0)    5 :  0.009 0.003 0.003 0.006 0.002 0.006 0.003 0.004 0.019 0.930 0.004 0.005 0.002 0.005 
 45 HNL_WM307    (3)    5 :  0.015 0.004 0.005 0.009 0.005 0.007 0.004 0.005 0.006 0.924 0.002 0.006 0.002 0.006 
 46 HNL_WM308    (3)    5 :  0.014 0.004 0.006 0.011 0.003 0.011 0.003 0.004 0.017 0.908 0.002 0.008 0.002 0.008 
 47 HNL_WM309    (0)    5 :  0.027 0.005 0.011 0.024 0.007 0.016 0.004 0.006 0.012 0.853 0.005 0.009 0.005 0.015 
 48 HNL_WM310   (10)    5 :  0.025 0.004 0.007 0.011 0.005 0.010 0.004 0.004 0.014 0.892 0.002 0.006 0.002 0.013 
 49 MPO_WM482    (2)    6 :  0.018 0.003 0.005 0.005 0.003 0.011 0.003 0.003 0.009 0.003 0.001 0.005 0.002 0.929 
 50 MPO_WM483    (3)    6 :  0.252 0.006 0.017 0.016 0.009 0.059 0.004 0.012 0.013 0.002 0.002 0.013 0.003 0.591 
 51 MPO_WM484    (1)    6 :  0.104 0.004 0.014 0.016 0.005 0.048 0.004 0.009 0.012 0.002 0.001 0.013 0.002 0.765 
 52 MPO_WM485    (0)    6 :  0.033 0.005 0.030 0.008 0.007 0.009 0.004 0.006 0.006 0.002 0.006 0.010 0.005 0.868 
 53 MPO_WM486   (21)    6 :  0.574 0.010 0.033 0.026 0.011 0.192 0.008 0.012 0.018 0.002 0.002 0.035 0.002 0.075 
 54 MPO_WM487   (19)    6 :  0.173 0.007 0.015 0.013 0.008 0.047 0.007 0.006 0.026 0.002 0.002 0.010 0.002 0.681 
 55 MPO_WM488    (9)    6 :  0.705 0.005 0.010 0.012 0.007 0.114 0.004 0.010 0.018 0.002 0.001 0.013 0.001 0.096 
 56 MPO_WM489    (3)    6 :  0.020 0.013 0.004 0.007 0.026 0.013 0.004 0.008 0.007 0.002 0.004 0.067 0.004 0.821 
 57 MPO_WM490   (24)    6 :  0.581 0.010 0.018 0.021 0.010 0.149 0.007 0.021 0.028 0.003 0.002 0.020 0.002 0.129 
 58 MPO_WM491   (11)    6 :  0.700 0.006 0.022 0.016 0.009 0.111 0.004 0.029 0.018 0.002 0.001 0.015 0.002 0.065 
 59 OICP_WM541    (1)    7 :  0.014 0.003 0.007 0.004 0.004 0.938 0.002 0.003 0.004 0.002 0.001 0.008 0.001 0.009 
 60 OICP_WM542    (2)    7 :  0.018 0.004 0.006 0.005 0.003 0.928 0.002 0.003 0.005 0.002 0.001 0.013 0.001 0.008 
 61 OICP_WM543    (0)    7 :  0.017 0.003 0.006 0.006 0.004 0.928 0.002 0.003 0.006 0.002 0.002 0.016 0.001 0.004 
 62 OICP_WM544    (1)    7 :  0.065 0.006 0.052 0.016 0.005 0.238 0.006 0.010 0.035 0.002 0.020 0.515 0.018 0.012 
 63 OICP_WM545    (0)    7 :  0.023 0.004 0.007 0.004 0.003 0.917 0.003 0.007 0.007 0.002 0.001 0.012 0.002 0.009 
 64 OICP_WM546    (3)    7 :  0.074 0.005 0.011 0.009 0.006 0.783 0.003 0.009 0.009 0.002 0.001 0.066 0.001 0.020 
 65 OICP_WM547    (2)    7 :  0.081 0.003 0.009 0.007 0.006 0.778 0.003 0.017 0.010 0.002 0.001 0.056 0.001 0.025 
 66 OICP_WM548    (3)    7 :  0.017 0.002 0.004 0.005 0.003 0.934 0.002 0.004 0.005 0.002 0.001 0.012 0.001 0.008 
 67 OICP_WM549    (0)    7 :  0.012 0.003 0.006 0.004 0.003 0.940 0.003 0.002 0.004 0.002 0.001 0.015 0.001 0.006 
 68 OICP_WM550    (1)    7 :  0.017 0.003 0.003 0.006 0.003 0.937 0.003 0.002 0.007 0.002 0.001 0.007 0.001 0.007 
 69 IRO_WM601    (2)    8 :  0.032 0.005 0.065 0.008 0.137 0.133 0.034 0.038 0.009 0.002 0.005 0.509 0.005 0.019 
 70 IRO_WM602    (1)    8 :  0.074 0.012 0.028 0.013 0.010 0.586 0.010 0.052 0.011 0.003 0.007 0.158 0.006 0.029 
 71 IRO_WM603    (2)    8 :  0.032 0.005 0.038 0.011 0.379 0.017 0.202 0.025 0.008 0.002 0.014 0.227 0.020 0.020 
 72 IRO_WM604    (0)    8 :  0.045 0.360 0.028 0.013 0.015 0.011 0.007 0.293 0.008 0.002 0.117 0.020 0.065 0.015 
 73 IRO_WM605    (3)    8 :  0.034 0.496 0.010 0.009 0.033 0.021 0.004 0.252 0.009 0.002 0.002 0.113 0.002 0.014 
 74 IRO_WM606    (3)    8 :  0.116 0.410 0.029 0.013 0.016 0.033 0.005 0.285 0.013 0.002 0.003 0.015 0.003 0.056 
 75 IRO_WM607    (2)    8 :  0.088 0.058 0.386 0.019 0.116 0.060 0.006 0.158 0.013 0.003 0.008 0.046 0.008 0.030 
 76 IRO_WM608    (0)    8 :  0.056 0.013 0.130 0.009 0.073 0.231 0.008 0.077 0.007 0.002 0.046 0.257 0.068 0.023 
 77 IRO_WM609    (0)    8 :  0.203 0.068 0.030 0.030 0.057 0.122 0.046 0.153 0.022 0.002 0.046 0.100 0.063 0.058 
 78 IRO_WM610   (13)    8 :  0.119 0.075 0.240 0.019 0.011 0.041 0.065 0.038 0.017 0.003 0.010 0.020 0.016 0.327 
 79 HGRF_WM661    (5)    9 :  0.102 0.003 0.014 0.010 0.006 0.745 0.004 0.015 0.008 0.002 0.001 0.064 0.001 0.023 
 80 HGRF_WM662    (5)    9 :  0.700 0.005 0.015 0.030 0.006 0.124 0.003 0.011 0.012 0.002 0.002 0.016 0.001 0.073 
 81 HGRF_WM663    (4)    9 :  0.083 0.004 0.010 0.009 0.006 0.774 0.004 0.012 0.010 0.002 0.002 0.061 0.002 0.023 
 82 HGRF_WM664    (3)    9 :  0.572 0.005 0.019 0.013 0.005 0.268 0.004 0.010 0.013 0.002 0.001 0.025 0.001 0.061 
 83 HGRF_WM665    (1)    9 :  0.080 0.007 0.019 0.015 0.006 0.659 0.007 0.021 0.012 0.003 0.007 0.117 0.008 0.039 
 84 HGRF_WM666    (5)    9 :  0.712 0.004 0.015 0.023 0.004 0.117 0.004 0.012 0.019 0.002 0.001 0.016 0.001 0.068 
 85 HGRF_WM667    (0)    9 :  0.699 0.006 0.013 0.012 0.007 0.160 0.003 0.012 0.011 0.002 0.002 0.015 0.001 0.057 
 86 HGRF_WM668    (4)    9 :  0.103 0.004 0.017 0.011 0.004 0.758 0.004 0.011 0.011 0.002 0.001 0.057 0.001 0.016 
 87 HGRF_WM669    (5)    9 :  0.728 0.004 0.013 0.017 0.005 0.092 0.004 0.006 0.026 0.002 0.001 0.012 0.001 0.088 
 88 HGRF_WM670    (9)    9 :  0.559 0.005 0.014 0.015 0.009 0.261 0.004 0.014 0.016 0.002 0.001 0.040 0.001 0.057 
 89 PTP_WM721    (2)   10 :  0.479 0.012 0.030 0.035 0.009 0.152 0.007 0.036 0.032 0.003 0.007 0.048 0.008 0.140 
 90 PTP_WM722    (2)   10 :  0.824 0.006 0.012 0.012 0.011 0.015 0.005 0.007 0.010 0.003 0.011 0.006 0.009 0.068 
 91 PTP_WM723   (25)   10 :  0.588 0.009 0.015 0.023 0.008 0.186 0.006 0.022 0.014 0.003 0.002 0.025 0.002 0.096 
 92 PTP_WM724   (13)   10 :  0.648 0.007 0.016 0.034 0.009 0.134 0.005 0.013 0.013 0.003 0.002 0.019 0.002 0.095 
 93 PTP_WM725   (25)   10 :  0.600 0.008 0.032 0.024 0.012 0.120 0.006 0.009 0.056 0.003 0.002 0.025 0.002 0.103 
 94 PTP_WM726   (13)   10 :  0.677 0.009 0.016 0.015 0.006 0.139 0.004 0.014 0.011 0.002 0.002 0.020 0.002 0.085 
 95 PTP_WM727   (10)   10 :  0.647 0.010 0.015 0.016 0.008 0.142 0.005 0.031 0.022 0.002 0.001 0.017 0.001 0.082 
 96 PTP_WM728    (8)   10 :  0.702 0.005 0.019 0.020 0.005 0.123 0.004 0.015 0.013 0.002 0.002 0.014 0.002 0.074 
 97 PTP_WM729    (9)   10 :  0.879 0.004 0.008 0.008 0.004 0.020 0.003 0.006 0.007 0.002 0.001 0.004 0.001 0.053 
 98 PTP_WM730    (8)   10 :  0.884 0.003 0.009 0.006 0.005 0.005 0.004 0.004 0.005 0.001 0.001 0.006 0.001 0.065 
 99 RRL_WM782    (9)   11 :  0.635 0.006 0.013 0.018 0.012 0.158 0.005 0.016 0.029 0.002 0.002 0.018 0.001 0.085 
100 RRL_WM783    (8)   11 :  0.015 0.008 0.010 0.007 0.879 0.012 0.013 0.005 0.007 0.002 0.003 0.026 0.003 0.010 
101 RRL_WM784    (1)   11 :  0.022 0.017 0.009 0.009 0.856 0.019 0.011 0.015 0.009 0.002 0.003 0.011 0.003 0.015 
102 RRL_WM785    (1)   11 :  0.702 0.005 0.014 0.019 0.006 0.124 0.004 0.018 0.013 0.002 0.001 0.017 0.002 0.074 
103 RRL_WM786    (2)   11 :  0.011 0.043 0.021 0.005 0.826 0.007 0.005 0.054 0.005 0.002 0.003 0.010 0.003 0.005 
104 RRL_WM787    (3)   11 :  0.018 0.006 0.023 0.006 0.692 0.083 0.006 0.029 0.006 0.002 0.008 0.101 0.011 0.009 
105 RRL_WM788    (0)   11 :  0.011 0.003 0.012 0.003 0.739 0.005 0.007 0.060 0.004 0.002 0.065 0.006 0.078 0.005 
106 RRL_WM789    (2)   11 :  0.009 0.006 0.002 0.003 0.926 0.007 0.010 0.008 0.004 0.002 0.002 0.014 0.002 0.004 
107 RRL_WM790    (0)   11 :  0.050 0.050 0.011 0.010 0.582 0.019 0.008 0.113 0.008 0.002 0.072 0.007 0.052 0.016 
108 RRL_WM791    (0)   11 :  0.044 0.006 0.072 0.012 0.709 0.033 0.004 0.013 0.017 0.002 0.005 0.054 0.006 0.023 
109 RRO_WM842    (0)   12 :  0.025 0.024 0.021 0.006 0.837 0.013 0.006 0.022 0.010 0.002 0.003 0.012 0.002 0.015 
110 RRO_WM843    (7)   12 :  0.027 0.011 0.007 0.009 0.556 0.013 0.289 0.029 0.011 0.002 0.008 0.019 0.008 0.010 
111 RRO_WM844    (2)   12 :  0.119 0.104 0.036 0.020 0.046 0.050 0.403 0.134 0.013 0.002 0.003 0.032 0.003 0.034 
112 RRO_WM845    (4)   12 :  0.011 0.003 0.004 0.005 0.909 0.008 0.032 0.003 0.008 0.002 0.002 0.005 0.002 0.008 
113 RRO_WM846   (10)   12 :  0.055 0.009 0.018 0.014 0.792 0.029 0.018 0.007 0.012 0.003 0.002 0.013 0.002 0.028 
114 RRO_WM847    (6)   12 :  0.029 0.030 0.015 0.011 0.697 0.020 0.094 0.050 0.006 0.002 0.003 0.023 0.003 0.016 
115 RRO_WM848    (4)   12 :  0.184 0.006 0.100 0.022 0.462 0.053 0.011 0.012 0.019 0.003 0.007 0.061 0.007 0.053 
116 RRO_WM849    (5)   12 :  0.032 0.006 0.009 0.009 0.633 0.021 0.016 0.006 0.007 0.002 0.002 0.237 0.002 0.016 
117 RRO_WM850    (2)   12 :  0.028 0.005 0.009 0.009 0.885 0.015 0.006 0.010 0.007 0.003 0.003 0.008 0.003 0.010 
118 RRO_WM851    (1)   12 :  0.160 0.006 0.014 0.024 0.560 0.072 0.075 0.009 0.016 0.002 0.003 0.017 0.002 0.042 
119 CPS_WM901    (2)   13 :  0.016 0.009 0.009 0.005 0.020 0.007 0.901 0.007 0.005 0.002 0.003 0.007 0.002 0.008 
120 CPS_WM902    (2)   13 :  0.012 0.007 0.004 0.005 0.006 0.047 0.869 0.004 0.004 0.002 0.002 0.030 0.002 0.006 
121 CPS_WM903    (5)   13 :  0.008 0.013 0.004 0.004 0.014 0.006 0.929 0.004 0.004 0.001 0.002 0.004 0.002 0.005 
122 CPS_WM904    (1)   13 :  0.015 0.009 0.007 0.006 0.008 0.013 0.869 0.015 0.007 0.003 0.013 0.010 0.018 0.007 
123 CPS_WM905    (2)   13 :  0.011 0.005 0.021 0.004 0.007 0.007 0.821 0.021 0.005 0.001 0.036 0.008 0.035 0.016 
124 CPS_WM906    (3)   13 :  0.028 0.004 0.007 0.007 0.004 0.011 0.898 0.004 0.009 0.002 0.002 0.011 0.002 0.012 
125 CPS_WM907    (6)   13 :  0.057 0.007 0.012 0.010 0.011 0.028 0.813 0.007 0.012 0.002 0.002 0.014 0.002 0.023 
126 CPS_WM908    (3)   13 :  0.061 0.010 0.012 0.014 0.008 0.028 0.792 0.013 0.018 0.002 0.004 0.012 0.003 0.021 
127 CPS_WM909    (2)   13 :  0.029 0.009 0.018 0.011 0.009 0.024 0.847 0.007 0.012 0.002 0.002 0.013 0.002 0.016 
128 CPS_WM910    (1)   13 :  0.019 0.004 0.007 0.008 0.004 0.008 0.900 0.007 0.008 0.002 0.008 0.009 0.006 0.010 
129 PPNP_WM962    (1)   14 :  0.008 0.003 0.004 0.906 0.003 0.005 0.003 0.003 0.031 0.019 0.003 0.004 0.003 0.005 
130 PPNP_WM963    (0)   14 :  0.037 0.006 0.013 0.862 0.008 0.017 0.004 0.004 0.011 0.011 0.004 0.005 0.004 0.013 
131 PPNP_WM964    (0)   14 :  0.013 0.003 0.004 0.898 0.004 0.007 0.003 0.008 0.006 0.034 0.006 0.005 0.005 0.005 
132 PPNP_WM965    (4)   14 :  0.033 0.004 0.006 0.900 0.004 0.015 0.003 0.005 0.006 0.002 0.001 0.007 0.001 0.011 
133 PPNP_WM966    (4)   14 :  0.010 0.002 0.004 0.954 0.003 0.005 0.002 0.002 0.004 0.001 0.001 0.005 0.001 0.005 
134 PPNP_WM967    (4)   14 :  0.067 0.004 0.009 0.827 0.005 0.031 0.004 0.007 0.010 0.002 0.001 0.010 0.002 0.022 
135 PPNP_WM968    (5)   14 :  0.339 0.006 0.041 0.319 0.011 0.091 0.006 0.015 0.021 0.011 0.004 0.020 0.004 0.114 
136 PPNP_WM969    (2)   14 :  0.029 0.004 0.005 0.900 0.005 0.017 0.004 0.007 0.007 0.002 0.001 0.006 0.001 0.012 
137 PPNP_WM970    (2)   14 :  0.093 0.005 0.008 0.758 0.005 0.035 0.004 0.010 0.043 0.004 0.002 0.009 0.002 0.021 
138 PPNP_WM971    (2)   14 :  0.035 0.006 0.010 0.852 0.006 0.020 0.004 0.004 0.028 0.004 0.001 0.011 0.002 0.017 
139 FPPI_WM1021    (4)   15 :  0.034 0.006 0.008 0.008 0.006 0.015 0.003 0.007 0.879 0.003 0.004 0.009 0.004 0.013 
140 FPPI_WM1022    (4)   15 :  0.030 0.004 0.010 0.011 0.005 0.017 0.004 0.005 0.688 0.011 0.003 0.009 0.002 0.200 
141 FPPI_WM1023    (1)   15 :  0.035 0.005 0.008 0.016 0.006 0.014 0.004 0.006 0.880 0.004 0.001 0.009 0.002 0.010 
142 FPPI_WM1024    (5)   15 :  0.063 0.006 0.011 0.574 0.005 0.026 0.004 0.003 0.280 0.002 0.002 0.011 0.002 0.011 
143 FPPI_WM1025    (6)   15 :  0.039 0.005 0.007 0.013 0.006 0.033 0.004 0.006 0.850 0.003 0.001 0.011 0.002 0.019 
144 FPPI_WM1026    (1)   15 :  0.008 0.003 0.005 0.004 0.003 0.006 0.002 0.002 0.949 0.002 0.002 0.005 0.002 0.006 
145 FPPI_WM1027    (3)   15 :  0.012 0.003 0.004 0.250 0.003 0.006 0.002 0.003 0.704 0.002 0.002 0.005 0.002 0.004 
146 FPPI_WM1028    (2)   15 :  0.019 0.004 0.006 0.005 0.004 0.014 0.003 0.003 0.923 0.004 0.001 0.005 0.001 0.008 
147 FPPI_WM1029    (3)   15 :  0.144 0.006 0.021 0.018 0.007 0.063 0.005 0.006 0.670 0.007 0.002 0.014 0.002 0.034 
148 FPPI_WM1030    (1)   15 :  0.018 0.004 0.004 0.011 0.004 0.008 0.004 0.009 0.893 0.006 0.013 0.007 0.011 0.008 
149 CRWA_WM1082    (2)   16 :  0.008 0.003 0.956 0.004 0.003 0.004 0.003 0.003 0.003 0.001 0.002 0.004 0.002 0.005 
150 CRWA_WM1084    (5)   16 :  0.029 0.009 0.669 0.009 0.005 0.195 0.005 0.007 0.010 0.002 0.002 0.041 0.002 0.015 
151 CRWA_WM1085    (2)   16 :  0.062 0.008 0.809 0.010 0.012 0.050 0.004 0.007 0.009 0.002 0.002 0.011 0.002 0.013 
152 CRWA_WM1086    (9)   16 :  0.160 0.008 0.370 0.015 0.050 0.060 0.007 0.013 0.013 0.003 0.005 0.037 0.005 0.254 
153 CRWA_WM1087    (0)   16 :  0.116 0.011 0.511 0.019 0.010 0.045 0.016 0.035 0.011 0.002 0.080 0.013 0.077 0.052 
154 CRWA_WM1088    (1)   16 :  0.061 0.017 0.286 0.014 0.009 0.292 0.007 0.020 0.013 0.002 0.022 0.106 0.022 0.128 
155 CRWA_WM1089    (3)   16 :  0.066 0.005 0.811 0.011 0.005 0.029 0.005 0.009 0.007 0.002 0.002 0.022 0.002 0.023 
156 CRWA_WM1090    (0)   16 :  0.089 0.113 0.483 0.012 0.028 0.044 0.007 0.147 0.013 0.002 0.004 0.012 0.007 0.040 
157 CRWA_WM1092    (1)   16 :  0.078 0.009 0.630 0.010 0.008 0.038 0.004 0.051 0.009 0.002 0.060 0.024 0.065 0.013 
158 CRWA_WM1093    (1)   16 :  0.025 0.004 0.690 0.009 0.009 0.093 0.003 0.035 0.006 0.003 0.039 0.034 0.033 0.018 
159 PCRA_WM1141    (3)   17 :  0.039 0.773 0.040 0.006 0.008 0.014 0.005 0.075 0.009 0.002 0.004 0.006 0.004 0.017 
160 PCRA_WM1142    (3)   17 :  0.035 0.836 0.014 0.009 0.006 0.028 0.005 0.010 0.013 0.003 0.002 0.017 0.002 0.021 
161 PCRA_WM1143    (1)   17 :  0.085 0.725 0.013 0.011 0.010 0.024 0.006 0.055 0.016 0.002 0.002 0.016 0.002 0.035 
162 PCRA_WM1144    (2)   17 :  0.057 0.018 0.008 0.012 0.576 0.035 0.016 0.006 0.009 0.002 0.002 0.235 0.002 0.019 
163 PCRA_WM1145    (4)   17 :  0.103 0.566 0.040 0.014 0.013 0.061 0.022 0.077 0.021 0.003 0.007 0.037 0.005 0.032 
164 PCRA_WM1146    (2)   17 :  0.007 0.757 0.068 0.005 0.011 0.005 0.006 0.025 0.003 0.002 0.029 0.043 0.031 0.007 
165 PCRA_WM1147    (1)   17 :  0.140 0.257 0.329 0.015 0.011 0.058 0.005 0.085 0.017 0.002 0.003 0.018 0.003 0.058 
166 PCRA_WM1148    (0)   17 :  0.007 0.895 0.004 0.004 0.005 0.004 0.003 0.022 0.003 0.002 0.020 0.007 0.020 0.004 
167 PCRA_WM1149    (1)   17 :  0.016 0.690 0.008 0.006 0.017 0.014 0.108 0.035 0.005 0.002 0.034 0.026 0.032 0.006 
168 PCRA_WM1150    (0)   17 :  0.009 0.771 0.012 0.004 0.010 0.017 0.004 0.043 0.004 0.004 0.042 0.021 0.052 0.007 
169 DHFA_WM1202    (3)   18 :  0.064 0.005 0.023 0.015 0.009 0.045 0.004 0.006 0.025 0.736 0.002 0.019 0.002 0.044 
170 DHFA_WM1203    (1)   18 :  0.064 0.007 0.016 0.033 0.008 0.037 0.005 0.007 0.020 0.761 0.002 0.014 0.003 0.022 
171 DHFA_WM1204    (2)   18 :  0.062 0.006 0.012 0.016 0.011 0.029 0.005 0.009 0.014 0.794 0.003 0.019 0.002 0.018 
172 DHFA_WM1205    (5)   18 :  0.012 0.004 0.004 0.005 0.003 0.005 0.003 0.005 0.005 0.939 0.002 0.004 0.002 0.007 
173 DHFA_WM1206    (4)   18 :  0.017 0.005 0.006 0.006 0.006 0.008 0.004 0.004 0.005 0.920 0.003 0.006 0.002 0.009 
174 DHFA_WM1207    (2)   18 :  0.008 0.002 0.002 0.004 0.003 0.004 0.002 0.003 0.004 0.954 0.003 0.004 0.002 0.004 
175 DHFA_WM1208    (3)   18 :  0.010 0.003 0.006 0.007 0.005 0.009 0.003 0.004 0.008 0.925 0.002 0.005 0.002 0.009 
176 DHFA_WM1209    (1)   18 :  0.009 0.004 0.004 0.004 0.004 0.005 0.003 0.006 0.005 0.932 0.008 0.006 0.007 0.004 
177 DHFA_WM1210    (0)   18 :  0.004 0.002 0.002 0.002 0.002 0.003 0.002 0.003 0.002 0.965 0.004 0.002 0.004 0.002 
178 DHFA_WM1211    (2)   18 :  0.051 0.006 0.010 0.014 0.008 0.033 0.005 0.007 0.017 0.802 0.002 0.019 0.002 0.023 


Estimated Allele Frequencies in each cluster
First column gives estimated ancestral frequencies


Locus 1 : 953_21 
2 alleles
4.5% missing data
 120   (0.951) 1.000 0.998 0.999 0.999 0.998 1.000 0.998 0.970 0.821 0.997 0.954 0.999 0.956 0.999 
 100   (0.049) 0.000 0.002 0.001 0.001 0.002 0.000 0.002 0.030 0.179 0.003 0.046 0.001 0.044 0.001 

Locus 2 : 2370_26 
2 alleles
6.2% missing data
 110   (0.950) 1.000 0.998 0.999 0.649 0.998 1.000 0.997 0.970 0.999 0.997 0.953 0.999 0.955 0.999 
 130   (0.050) 0.000 0.002 0.001 0.351 0.002 0.000 0.003 0.030 0.001 0.003 0.047 0.001 0.045 0.001 

Locus 3 : 2692_87 
2 alleles
1.7% missing data
 130   (0.945) 1.000 0.997 0.999 0.999 0.998 1.000 0.997 0.966 0.999 0.767 0.948 0.999 0.951 0.999 
 120   (0.055) 0.000 0.003 0.001 0.001 0.002 0.000 0.003 0.034 0.001 0.233 0.052 0.001 0.049 0.001 

Locus 4 : 2828_58 
2 alleles
6.7% missing data
 100   (0.915) 1.000 0.910 0.994 0.997 0.996 0.992 0.995 0.933 0.997 0.995 0.911 0.984 0.893 0.999 
 120   (0.085) 0.000 0.090 0.006 0.003 0.004 0.008 0.005 0.067 0.003 0.005 0.089 0.016 0.107 0.001 

Locus 5 : 6398_73 
2 alleles
6.2% missing data
 130   (0.911) 1.000 0.996 0.998 0.998 0.997 1.000 0.996 0.945 0.605 0.654 0.915 0.998 0.919 0.999 
 100   (0.089) 0.000 0.004 0.002 0.002 0.003 0.000 0.004 0.055 0.395 0.346 0.085 0.002 0.081 0.001 

Locus 6 : 7469_71 
2 alleles
5.1% missing data
 130   (0.953) 0.996 0.996 0.998 0.997 0.997 1.000 0.997 0.970 0.997 0.997 0.950 0.998 0.950 0.997 
 110   (0.047) 0.004 0.004 0.002 0.003 0.003 0.000 0.003 0.030 0.003 0.003 0.050 0.002 0.050 0.003 

Locus 7 : 7615_47 
2 alleles
5.1% missing data
 130   (0.953) 0.998 0.995 0.998 0.997 0.997 0.999 0.997 0.971 0.997 0.997 0.954 0.997 0.953 0.996 
 100   (0.047) 0.002 0.005 0.002 0.003 0.003 0.001 0.003 0.029 0.003 0.003 0.046 0.003 0.047 0.004 

Locus 8 : 8211_10 
2 alleles
2.8% missing data
 120   (0.951) 1.000 0.998 0.999 0.999 0.998 1.000 0.998 0.971 0.999 0.937 0.954 0.999 0.956 0.999 
 100   (0.049) 0.000 0.002 0.001 0.001 0.002 0.000 0.002 0.029 0.001 0.063 0.046 0.001 0.044 0.001 

Locus 9 : 8394_14 
2 alleles
2.2% missing data
 110   (0.947) 1.000 0.997 0.999 0.989 0.998 1.000 0.997 0.968 0.765 0.997 0.950 0.999 0.952 0.999 
 130   (0.053) 0.000 0.003 0.001 0.011 0.002 0.000 0.003 0.032 0.235 0.003 0.050 0.001 0.048 0.001 

Locus 10 : 9621_63 
2 alleles
3.9% missing data
 130   (0.952) 1.000 0.998 0.999 0.999 0.998 1.000 0.998 0.971 0.998 0.940 0.955 0.999 0.957 0.999 
 110   (0.048) 0.000 0.002 0.001 0.001 0.002 0.000 0.002 0.029 0.002 0.060 0.045 0.001 0.043 0.001 

Locus 11 : 9880_35 
2 alleles
4.5% missing data
 120   (0.945) 1.000 0.997 0.999 0.999 0.998 1.000 0.997 0.967 0.999 0.710 0.948 0.999 0.951 0.999 
 100   (0.055) 0.000 0.003 0.001 0.001 0.002 0.000 0.003 0.033 0.001 0.290 0.052 0.001 0.049 0.001 

Locus 12 : 11163_16 
2 alleles
7.9% missing data
 130   (0.947) 1.000 0.997 0.999 0.999 0.998 1.000 0.997 0.968 0.999 0.915 0.950 0.999 0.952 0.999 
 110   (0.053) 0.000 0.003 0.001 0.001 0.002 0.000 0.003 0.032 0.001 0.085 0.050 0.001 0.048 0.001 

Locus 13 : 11991_31 
2 alleles
4.5% missing data
 120   (0.917) 1.000 0.992 0.985 0.997 0.980 0.999 0.995 0.934 0.997 0.995 0.910 0.992 0.902 0.999 
 100   (0.083) 0.000 0.008 0.015 0.003 0.020 0.001 0.005 0.066 0.003 0.005 0.090 0.008 0.098 0.001 

Locus 14 : 12766_17 
2 alleles
2.2% missing data
 120   (0.952) 1.000 0.968 0.999 0.999 0.998 1.000 0.994 0.970 0.999 0.997 0.953 0.999 0.949 0.999 
 100   (0.048) 0.000 0.032 0.001 0.001 0.002 0.000 0.006 0.030 0.001 0.003 0.047 0.001 0.051 0.001 

Locus 15 : 13496_14 
2 alleles
5.1% missing data
 110   (0.948) 1.000 0.997 0.999 0.999 0.998 1.000 0.698 0.967 0.999 0.997 0.950 0.999 0.953 0.999 
 100   (0.052) 0.000 0.003 0.001 0.001 0.002 0.000 0.302 0.033 0.001 0.003 0.050 0.001 0.047 0.001 

Locus 16 : 14394_41 
2 alleles
2.2% missing data
 130   (0.951) 1.000 0.961 0.999 0.999 0.998 1.000 0.997 0.969 0.999 0.997 0.953 0.999 0.952 0.999 
 110   (0.049) 0.000 0.039 0.001 0.001 0.002 0.000 0.003 0.031 0.001 0.003 0.047 0.001 0.048 0.001 

Locus 17 : 16285_24 
2 alleles
6.2% missing data
 130   (0.947) 1.000 0.997 0.999 0.999 0.998 1.000 0.997 0.969 0.999 0.877 0.951 0.999 0.953 0.999 
 100   (0.053) 0.000 0.003 0.001 0.001 0.002 0.000 0.003 0.031 0.001 0.123 0.049 0.001 0.047 0.001 

Locus 18 : 18821_69 
2 alleles
7.3% missing data
 120   (0.951) 1.000 0.998 0.999 0.999 0.998 1.000 0.997 0.972 0.999 0.997 0.954 0.999 0.956 0.778 
 110   (0.049) 0.000 0.002 0.001 0.001 0.002 0.000 0.003 0.028 0.001 0.003 0.046 0.001 0.044 0.222 

Locus 19 : 19006_32 
2 alleles
6.7% missing data
 120   (0.902) 1.000 0.995 0.998 0.975 0.996 1.000 0.994 0.941 0.664 0.665 0.907 0.998 0.911 0.999 
 110   (0.098) 0.000 0.005 0.002 0.025 0.004 0.000 0.006 0.059 0.336 0.335 0.093 0.002 0.089 0.001 

Locus 20 : 19602_58 
2 alleles
4.5% missing data
 120   (0.951) 1.000 0.998 0.999 0.999 0.998 1.000 0.998 0.970 0.999 0.973 0.954 0.999 0.956 0.999 
 100   (0.049) 0.000 0.002 0.001 0.001 0.002 0.000 0.002 0.030 0.001 0.027 0.046 0.001 0.044 0.001 

Locus 21 : 20143_24 
2 alleles
3.4% missing data
 120   (0.951) 1.000 0.997 0.999 0.999 0.998 1.000 0.972 0.970 0.999 0.997 0.950 0.999 0.950 0.999 
 100   (0.049) 0.000 0.003 0.001 0.001 0.002 0.000 0.028 0.030 0.001 0.003 0.050 0.001 0.050 0.001 

Locus 22 : 21661_29 
2 alleles
2.2% missing data
 120   (0.947) 1.000 0.997 0.999 0.999 0.998 1.000 0.997 0.969 0.999 0.894 0.951 0.999 0.953 0.999 
 100   (0.053) 0.000 0.003 0.001 0.001 0.002 0.000 0.003 0.031 0.001 0.106 0.049 0.001 0.047 0.001 

Locus 23 : 22603_12 
2 alleles
5.1% missing data
 130   (0.950) 1.000 0.998 0.999 0.999 0.998 1.000 0.998 0.970 0.999 0.946 0.953 0.999 0.955 0.999 
 110   (0.050) 0.000 0.002 0.001 0.001 0.002 0.000 0.002 0.030 0.001 0.054 0.047 0.001 0.045 0.001 

Locus 24 : 25109_23 
2 alleles
1.7% missing data
 120   (0.928) 1.000 0.959 0.877 0.998 0.997 1.000 0.995 0.952 0.998 0.996 0.931 0.996 0.932 0.998 
 100   (0.072) 0.000 0.041 0.123 0.002 0.003 0.000 0.005 0.048 0.002 0.004 0.069 0.004 0.068 0.002 

Locus 25 : 25511_77 
2 alleles
5.1% missing data
 130   (0.953) 1.000 0.998 0.999 0.889 0.998 1.000 0.998 0.971 0.999 0.997 0.955 0.999 0.957 0.999 
 110   (0.047) 0.000 0.002 0.001 0.111 0.002 0.000 0.002 0.029 0.001 0.003 0.045 0.001 0.043 0.001 

Locus 26 : 26816_9 
2 alleles
5.6% missing data
 110   (0.869) 1.000 0.991 0.743 0.997 0.822 0.999 0.984 0.890 0.997 0.992 0.860 0.960 0.861 0.995 
 130   (0.131) 0.000 0.009 0.257 0.003 0.178 0.001 0.016 0.110 0.003 0.008 0.140 0.040 0.139 0.005 

Locus 27 : 29455_86 
2 alleles
5.6% missing data
 120   (0.953) 1.000 0.989 0.999 0.999 0.998 1.000 0.997 0.968 0.999 0.997 0.949 0.998 0.949 0.999 
 110   (0.047) 0.000 0.011 0.001 0.001 0.002 0.000 0.003 0.032 0.001 0.003 0.051 0.002 0.051 0.001 

Locus 28 : 30970_30 
2 alleles
6.7% missing data
 120   (0.952) 1.000 0.997 0.999 0.999 0.998 1.000 0.962 0.971 0.999 0.997 0.954 0.999 0.954 0.999 
 110   (0.048) 0.000 0.003 0.001 0.001 0.002 0.000 0.038 0.029 0.001 0.003 0.046 0.001 0.046 0.001 

Locus 29 : 33052_5 
2 alleles
1.1% missing data
 130   (0.954) 1.000 0.997 0.996 0.999 0.998 1.000 0.997 0.971 0.999 0.997 0.955 0.999 0.956 0.979 
 110   (0.046) 0.000 0.003 0.004 0.001 0.002 0.000 0.003 0.029 0.001 0.003 0.045 0.001 0.044 0.021 

Locus 30 : 33744_32 
2 alleles
2.8% missing data
 130   (0.947) 1.000 0.997 0.999 0.999 0.998 1.000 0.997 0.968 0.999 0.997 0.948 0.999 0.950 0.908 
 110   (0.053) 0.000 0.003 0.001 0.001 0.002 0.000 0.003 0.032 0.001 0.003 0.052 0.001 0.050 0.092 

Locus 31 : 34805_8 
2 alleles
4.5% missing data
 110   (0.943) 1.000 0.806 0.999 0.999 0.998 1.000 0.997 0.967 0.999 0.997 0.942 0.999 0.946 0.999 
 120   (0.057) 0.000 0.194 0.001 0.001 0.002 0.000 0.003 0.033 0.001 0.003 0.058 0.001 0.054 0.001 

Locus 32 : 35345_10 
2 alleles
5.1% missing data
 130   (0.946) 0.998 0.997 0.998 0.998 0.998 0.999 0.997 0.967 0.998 0.997 0.948 0.998 0.950 0.942 
 110   (0.054) 0.002 0.003 0.002 0.002 0.002 0.001 0.003 0.033 0.002 0.003 0.052 0.002 0.050 0.058 

Locus 33 : 35769_30 
2 alleles
6.2% missing data
 110   (0.933) 1.000 0.966 0.997 0.998 0.997 1.000 0.962 0.957 0.998 0.996 0.933 0.998 0.930 0.999 
 100   (0.067) 0.000 0.034 0.003 0.002 0.003 0.000 0.038 0.043 0.002 0.004 0.067 0.002 0.070 0.001 

Locus 34 : 35965_89 
2 alleles
3.4% missing data
 130   (0.953) 1.000 0.997 0.988 0.999 0.998 1.000 0.998 0.970 0.999 0.997 0.952 0.998 0.952 0.999 
 100   (0.047) 0.000 0.003 0.012 0.001 0.002 0.000 0.002 0.030 0.001 0.003 0.048 0.002 0.048 0.001 

Locus 35 : 39654_13 
2 alleles
5.6% missing data
 120   (0.953) 1.000 0.998 0.999 0.999 0.990 1.000 0.997 0.969 0.999 0.997 0.950 0.999 0.949 0.999 
 100   (0.047) 0.000 0.002 0.001 0.001 0.010 0.000 0.003 0.031 0.001 0.003 0.050 0.001 0.051 0.001 

Locus 36 : 39700_65 
2 alleles
3.4% missing data
 110   (0.952) 1.000 0.996 0.999 0.998 0.998 1.000 0.996 0.967 0.999 0.997 0.949 0.998 0.942 0.999 
 120   (0.048) 0.000 0.004 0.001 0.002 0.002 0.000 0.004 0.033 0.001 0.003 0.051 0.002 0.058 0.001 

Locus 37 : 40824_7 
2 alleles
5.1% missing data
 130   (0.952) 1.000 0.997 0.999 0.999 0.931 1.000 0.997 0.972 0.999 0.997 0.955 0.999 0.958 0.999 
 110   (0.048) 0.000 0.003 0.001 0.001 0.069 0.000 0.003 0.028 0.001 0.003 0.045 0.001 0.042 0.001 

Locus 38 : 41554_43 
2 alleles
7.3% missing data
 120   (0.951) 1.000 0.997 0.999 0.999 0.998 1.000 0.959 0.968 0.998 0.997 0.953 0.999 0.955 0.999 
 100   (0.049) 0.000 0.003 0.001 0.001 0.002 0.000 0.041 0.032 0.002 0.003 0.047 0.001 0.045 0.001 

Locus 39 : 42501_5 
2 alleles
5.6% missing data
 120   (0.949) 1.000 0.997 0.999 0.999 0.998 1.000 0.997 0.969 0.999 0.919 0.952 0.999 0.954 0.999 
 110   (0.051) 0.000 0.003 0.001 0.001 0.002 0.000 0.003 0.031 0.001 0.081 0.048 0.001 0.046 0.001 

Locus 40 : 42989_15 
2 alleles
3.4% missing data
 130   (0.954) 1.000 0.998 0.999 0.999 0.930 1.000 0.997 0.972 0.999 0.997 0.956 0.999 0.959 0.999 
 110   (0.046) 0.000 0.002 0.001 0.001 0.070 0.000 0.003 0.028 0.001 0.003 0.044 0.001 0.041 0.001 

Locus 41 : 44631_16 
2 alleles
5.6% missing data
 120   (0.948) 1.000 0.997 0.999 0.999 0.998 1.000 0.854 0.969 0.999 0.997 0.951 0.999 0.953 0.999 
 110   (0.052) 0.000 0.003 0.001 0.001 0.002 0.000 0.146 0.031 0.001 0.003 0.049 0.001 0.047 0.001 

Locus 42 : 45332_74 
2 alleles
3.4% missing data
 130   (0.877) 1.000 0.859 0.997 0.997 0.788 0.998 0.993 0.910 0.997 0.992 0.881 0.685 0.878 0.989 
 110   (0.123) 0.000 0.141 0.003 0.003 0.212 0.002 0.007 0.090 0.003 0.008 0.119 0.315 0.122 0.011 

Locus 43 : 45964_12 
2 alleles
2.2% missing data
 100   (0.954) 1.000 0.998 0.999 0.965 0.998 1.000 0.998 0.971 0.999 0.996 0.956 0.999 0.958 0.999 
 130   (0.046) 0.000 0.002 0.001 0.035 0.002 0.000 0.002 0.029 0.001 0.004 0.044 0.001 0.042 0.001 

Locus 44 : 47772_18 
2 alleles
1.7% missing data
 120   (0.945) 1.000 0.997 0.999 0.999 0.998 1.000 0.997 0.967 0.999 0.816 0.949 0.999 0.951 0.999 
 100   (0.055) 0.000 0.003 0.001 0.001 0.002 0.000 0.003 0.033 0.001 0.184 0.051 0.001 0.049 0.001 

Locus 45 : 48505_7 
2 alleles
2.8% missing data
 130   (0.953) 1.000 0.997 0.999 0.999 0.998 0.999 0.997 0.969 0.999 0.997 0.951 0.985 0.951 0.999 
 110   (0.047) 0.000 0.003 0.001 0.001 0.002 0.001 0.003 0.031 0.001 0.003 0.049 0.015 0.049 0.001 

Locus 46 : 49838_13 
2 alleles
5.1% missing data
 120   (0.953) 1.000 0.998 0.999 0.999 0.998 1.000 0.998 0.973 0.999 0.997 0.956 0.880 0.958 0.999 
 100   (0.047) 0.000 0.002 0.001 0.001 0.002 0.000 0.002 0.027 0.001 0.003 0.044 0.120 0.042 0.001 

Locus 47 : 50793_47 
2 alleles
6.2% missing data
 120   (0.944) 1.000 0.997 0.999 0.999 0.873 1.000 0.990 0.966 0.999 0.996 0.947 0.999 0.949 0.999 
 100   (0.056) 0.000 0.003 0.001 0.001 0.127 0.000 0.010 0.034 0.001 0.004 0.053 0.001 0.051 0.001 

Locus 48 : 51471_5 
2 alleles
2.2% missing data
 110   (0.951) 1.000 0.998 0.999 0.999 0.998 1.000 0.998 0.971 0.894 0.997 0.954 0.999 0.957 0.999 
 120   (0.049) 0.000 0.002 0.001 0.001 0.002 0.000 0.002 0.029 0.106 0.003 0.046 0.001 0.043 0.001 

Locus 49 : 52408_45 
2 alleles
2.2% missing data
 130   (0.950) 1.000 0.998 0.999 0.999 0.998 1.000 0.818 0.970 0.999 0.997 0.953 0.999 0.956 0.999 
 110   (0.050) 0.000 0.002 0.001 0.001 0.002 0.000 0.182 0.030 0.001 0.003 0.047 0.001 0.044 0.001 

Locus 50 : 53046_18 
2 alleles
0.6% missing data
 120   (0.930) 1.000 0.996 0.999 0.998 0.932 1.000 0.996 0.955 0.998 0.996 0.926 0.998 0.924 0.996 
 100   (0.070) 0.000 0.004 0.001 0.002 0.068 0.000 0.004 0.045 0.002 0.004 0.074 0.002 0.076 0.004 

Locus 51 : 53230_50 
2 alleles
4.5% missing data
 120   (0.951) 1.000 0.998 0.999 0.854 0.998 1.000 0.998 0.970 0.999 0.997 0.954 0.999 0.956 0.999 
 110   (0.049) 0.000 0.002 0.001 0.146 0.002 0.000 0.002 0.030 0.001 0.003 0.046 0.001 0.044 0.001 

Locus 52 : 53957_5 
2 alleles
3.9% missing data
 130   (0.952) 1.000 0.997 0.999 0.999 0.990 1.000 0.998 0.970 0.999 0.997 0.948 0.999 0.952 0.999 
 110   (0.048) 0.000 0.003 0.001 0.001 0.010 0.000 0.002 0.030 0.001 0.003 0.052 0.001 0.048 0.001 

Locus 53 : 58003_89 
2 alleles
3.9% missing data
 120   (0.942) 0.998 0.995 0.972 0.996 0.995 0.999 0.996 0.956 0.997 0.996 0.941 0.998 0.944 0.996 
 100   (0.058) 0.002 0.005 0.028 0.004 0.005 0.001 0.004 0.044 0.003 0.004 0.059 0.002 0.056 0.004 

Locus 54 : 58412_58 
2 alleles
2.2% missing data
 110   (0.953) 1.000 0.998 0.999 0.999 0.998 1.000 0.998 0.971 0.999 0.975 0.955 0.999 0.956 0.999 
 100   (0.047) 0.000 0.002 0.001 0.001 0.002 0.000 0.002 0.029 0.001 0.025 0.045 0.001 0.044 0.001 

Locus 55 : 58452_11 
2 alleles
3.4% missing data
 120   (0.953) 1.000 0.997 0.993 0.999 0.998 1.000 0.997 0.969 0.999 0.997 0.951 0.999 0.947 0.999 
 130   (0.047) 0.000 0.003 0.007 0.001 0.002 0.000 0.003 0.031 0.001 0.003 0.049 0.001 0.053 0.001 

Locus 56 : 59409_85 
2 alleles
2.8% missing data
 130   (0.953) 1.000 0.995 0.999 0.999 0.998 1.000 0.997 0.968 0.999 0.997 0.944 0.999 0.950 0.999 
 100   (0.047) 0.000 0.005 0.001 0.001 0.002 0.000 0.003 0.032 0.001 0.003 0.056 0.001 0.050 0.001 

Locus 57 : 60620_10 
2 alleles
1.1% missing data
 120   (0.948) 1.000 0.997 0.999 0.999 0.998 1.000 0.997 0.969 0.999 0.893 0.951 0.999 0.954 0.999 
 130   (0.052) 0.000 0.003 0.001 0.001 0.002 0.000 0.003 0.031 0.001 0.107 0.049 0.001 0.046 0.001 

Locus 58 : 61541_77 
2 alleles
3.4% missing data
 120   (0.947) 1.000 0.997 0.999 0.999 0.998 1.000 0.997 0.969 0.999 0.842 0.950 0.999 0.953 0.999 
 100   (0.053) 0.000 0.003 0.001 0.001 0.002 0.000 0.003 0.031 0.001 0.158 0.050 0.001 0.047 0.001 

Locus 59 : 61756_42 
2 alleles
1.1% missing data
 130   (0.946) 1.000 0.997 0.999 0.999 0.998 1.000 0.997 0.968 0.999 0.824 0.950 0.999 0.952 0.999 
 110   (0.054) 0.000 0.003 0.001 0.001 0.002 0.000 0.003 0.032 0.001 0.176 0.050 0.001 0.048 0.001 

Locus 60 : 62497_19 
2 alleles
6.2% missing data
 130   (0.895) 1.000 0.956 0.968 0.996 0.995 0.993 0.880 0.923 0.996 0.993 0.898 0.982 0.899 0.998 
 110   (0.105) 0.000 0.044 0.032 0.004 0.005 0.007 0.120 0.077 0.004 0.007 0.102 0.018 0.101 0.002 

Locus 61 : 63024_50 
2 alleles
2.8% missing data
 120   (0.936) 1.000 0.997 0.975 0.998 0.998 1.000 0.997 0.956 0.999 0.996 0.930 0.999 0.921 0.999 
 100   (0.064) 0.000 0.003 0.025 0.002 0.002 0.000 0.003 0.044 0.001 0.004 0.070 0.001 0.079 0.001 

Locus 62 : 64492_50 
2 alleles
7.3% missing data
 120   (0.907) 1.000 0.994 0.972 0.998 0.931 1.000 0.892 0.943 0.998 0.994 0.911 0.998 0.914 0.998 
 100   (0.093) 0.000 0.006 0.028 0.002 0.069 0.000 0.108 0.057 0.002 0.006 0.089 0.002 0.086 0.002 

Locus 63 : 67984_34 
2 alleles
2.2% missing data
 120   (0.946) 1.000 0.997 0.999 0.999 0.998 1.000 0.997 0.967 0.999 0.867 0.950 0.999 0.952 0.999 
 100   (0.054) 0.000 0.003 0.001 0.001 0.002 0.000 0.003 0.033 0.001 0.133 0.050 0.001 0.048 0.001 

Locus 64 : 69199_10 
2 alleles
4.5% missing data
 120   (0.937) 1.000 0.997 0.540 0.998 0.998 1.000 0.997 0.959 0.998 0.996 0.938 0.998 0.936 0.999 
 100   (0.063) 0.000 0.003 0.460 0.002 0.002 0.000 0.003 0.041 0.002 0.004 0.062 0.002 0.064 0.001 

Locus 65 : 71368_77 
2 alleles
6.7% missing data
 100   (0.951) 1.000 0.998 0.999 0.999 0.998 1.000 0.997 0.970 0.576 0.997 0.954 0.999 0.956 0.999 
 110   (0.049) 0.000 0.002 0.001 0.001 0.002 0.000 0.003 0.030 0.424 0.003 0.046 0.001 0.044 0.001 

Locus 66 : 72276_35 
2 alleles
5.1% missing data
 130   (0.948) 1.000 0.997 0.999 0.999 0.905 1.000 0.997 0.968 0.999 0.997 0.951 0.998 0.953 0.999 
 120   (0.052) 0.000 0.003 0.001 0.001 0.095 0.000 0.003 0.032 0.001 0.003 0.049 0.002 0.047 0.001 

Locus 67 : 73554_16 
2 alleles
3.9% missing data
 100   (0.946) 1.000 0.911 0.999 0.999 0.998 1.000 0.997 0.964 0.999 0.997 0.948 0.999 0.946 0.999 
 130   (0.054) 0.000 0.089 0.001 0.001 0.002 0.000 0.003 0.036 0.001 0.003 0.052 0.001 0.054 0.001 

Locus 68 : 74575_32 
2 alleles
1.7% missing data
 120   (0.953) 1.000 0.998 0.999 0.999 0.991 1.000 0.997 0.969 0.999 0.997 0.950 0.999 0.950 0.999 
 100   (0.047) 0.000 0.002 0.001 0.001 0.009 0.000 0.003 0.031 0.001 0.003 0.050 0.001 0.050 0.001 

Locus 69 : 76504_10 
2 alleles
1.1% missing data
 110   (0.949) 1.000 0.998 0.999 0.999 0.998 1.000 0.997 0.969 0.999 0.997 0.951 0.999 0.953 0.841 
 100   (0.051) 0.000 0.002 0.001 0.001 0.002 0.000 0.003 0.031 0.001 0.003 0.049 0.001 0.047 0.159 

Locus 70 : 76561_35 
2 alleles
5.6% missing data
 120   (0.948) 1.000 0.997 0.999 0.999 0.998 1.000 0.560 0.970 0.999 0.997 0.951 0.999 0.954 0.999 
 100   (0.052) 0.000 0.003 0.001 0.001 0.002 0.000 0.440 0.030 0.001 0.003 0.049 0.001 0.046 0.001 

Locus 71 : 77346_16 
2 alleles
2.2% missing data
 130   (0.952) 1.000 0.998 0.999 0.999 0.998 1.000 0.997 0.971 0.999 0.997 0.955 0.999 0.957 0.936 
 110   (0.048) 0.000 0.002 0.001 0.001 0.002 0.000 0.003 0.029 0.001 0.003 0.045 0.001 0.043 0.064 

Locus 72 : 78631_40 
2 alleles
7.9% missing data
 120   (0.943) 1.000 0.997 0.998 0.999 0.827 1.000 0.996 0.966 0.999 0.997 0.945 0.998 0.947 0.999 
 110   (0.057) 0.000 0.003 0.002 0.001 0.173 0.000 0.004 0.034 0.001 0.003 0.055 0.002 0.053 0.001 

Locus 73 : 80366_12 
2 alleles
6.7% missing data
 130   (0.953) 1.000 0.996 0.999 0.998 0.997 1.000 0.996 0.967 0.999 0.997 0.950 0.997 0.943 0.999 
 110   (0.047) 0.000 0.004 0.001 0.002 0.003 0.000 0.004 0.033 0.001 0.003 0.050 0.003 0.057 0.001 

Locus 74 : 80499_10 
2 alleles
6.2% missing data
 130   (0.952) 1.000 0.997 0.999 0.832 0.998 1.000 0.998 0.973 0.998 0.997 0.955 0.999 0.957 0.999 
 100   (0.048) 0.000 0.003 0.001 0.168 0.002 0.000 0.002 0.027 0.002 0.003 0.045 0.001 0.043 0.001 

Locus 75 : 81141_31 
2 alleles
2.8% missing data
 120   (0.952) 1.000 0.997 0.999 0.999 0.998 0.999 0.998 0.969 0.999 0.997 0.951 0.985 0.951 0.999 
 100   (0.048) 0.000 0.003 0.001 0.001 0.002 0.001 0.002 0.031 0.001 0.003 0.049 0.015 0.049 0.001 

Locus 76 : 81662_33 
2 alleles
3.4% missing data
 120   (0.954) 1.000 0.997 0.998 0.999 0.998 1.000 0.998 0.962 0.999 0.997 0.945 0.999 0.950 0.999 
 110   (0.046) 0.000 0.003 0.002 0.001 0.002 0.000 0.002 0.038 0.001 0.003 0.055 0.001 0.050 0.001 

Locus 77 : 82002_8 
2 alleles
6.7% missing data
 100   (0.944) 1.000 0.997 0.999 0.999 0.998 1.000 0.997 0.969 0.999 0.681 0.948 0.999 0.950 0.999 
 110   (0.056) 0.000 0.003 0.001 0.001 0.002 0.000 0.003 0.031 0.001 0.319 0.052 0.001 0.050 0.001 

Locus 78 : 82631_34 
2 alleles
7.9% missing data
 120   (0.951) 1.000 0.996 0.997 0.999 0.996 1.000 0.997 0.962 0.999 0.997 0.949 0.995 0.943 0.999 
 100   (0.049) 0.000 0.004 0.003 0.001 0.004 0.000 0.003 0.038 0.001 0.003 0.051 0.005 0.057 0.001 

Locus 79 : 83247_84 
2 alleles
3.4% missing data
 110   (0.942) 1.000 0.997 0.999 0.999 0.791 1.000 0.997 0.964 0.999 0.996 0.943 0.999 0.946 0.999 
 100   (0.058) 0.000 0.003 0.001 0.001 0.209 0.000 0.003 0.036 0.001 0.004 0.057 0.001 0.054 0.001 

Locus 80 : 83916_5 
2 alleles
3.9% missing data
 130   (0.953) 1.000 0.998 0.999 0.999 0.998 0.873 0.998 0.972 0.999 0.997 0.956 0.999 0.958 0.999 
 110   (0.047) 0.000 0.002 0.001 0.001 0.002 0.127 0.002 0.028 0.001 0.003 0.044 0.001 0.042 0.001 

Locus 81 : 84971_7 
2 alleles
2.2% missing data
 120   (0.931) 0.999 0.995 0.976 0.998 0.996 0.999 0.996 0.955 0.997 0.996 0.931 0.995 0.931 0.960 
 110   (0.069) 0.001 0.005 0.024 0.002 0.004 0.001 0.004 0.045 0.003 0.004 0.069 0.005 0.069 0.040 

Locus 82 : 85247_77 
2 alleles
7.9% missing data
 120   (0.954) 1.000 0.996 0.998 0.998 0.998 0.992 0.997 0.971 0.998 0.997 0.953 0.994 0.953 0.998 
 110   (0.046) 0.000 0.004 0.002 0.002 0.002 0.008 0.003 0.029 0.002 0.003 0.047 0.006 0.047 0.002 

Locus 83 : 85248_24 
2 alleles
5.1% missing data
 100   (0.950) 1.000 0.997 0.999 0.999 0.998 1.000 0.997 0.970 0.999 0.861 0.953 0.999 0.955 0.999 
 120   (0.050) 0.000 0.003 0.001 0.001 0.002 0.000 0.003 0.030 0.001 0.139 0.047 0.001 0.045 0.001 

Locus 84 : 85402_12 
2 alleles
3.4% missing data
 120   (0.952) 1.000 0.995 0.999 0.999 0.998 1.000 0.998 0.967 0.999 0.997 0.943 0.999 0.949 0.999 
 100   (0.048) 0.000 0.005 0.001 0.001 0.002 0.000 0.002 0.033 0.001 0.003 0.057 0.001 0.051 0.001 

Locus 85 : 86588_18 
2 alleles
3.9% missing data
 120   (0.953) 1.000 0.997 0.992 0.999 0.998 1.000 0.997 0.971 0.999 0.997 0.949 0.999 0.944 0.999 
 100   (0.047) 0.000 0.003 0.008 0.001 0.002 0.000 0.003 0.029 0.001 0.003 0.051 0.001 0.056 0.001 

Locus 86 : 87070_60 
2 alleles
2.2% missing data
 100   (0.948) 1.000 0.908 0.999 0.999 0.998 1.000 0.997 0.968 0.999 0.997 0.951 0.999 0.952 0.999 
 130   (0.052) 0.000 0.092 0.001 0.001 0.002 0.000 0.003 0.032 0.001 0.003 0.049 0.001 0.048 0.001 

Locus 87 : 87747_31 
2 alleles
6.2% missing data
 120   (0.948) 1.000 0.997 0.999 0.999 0.998 1.000 0.997 0.968 0.999 0.916 0.951 0.999 0.954 0.999 
 110   (0.052) 0.000 0.003 0.001 0.001 0.002 0.000 0.003 0.032 0.001 0.084 0.049 0.001 0.046 0.001 

Locus 88 : 88455_10 
2 alleles
5.1% missing data
 130   (0.948) 1.000 0.997 0.999 0.999 0.997 1.000 0.791 0.969 0.999 0.997 0.951 0.999 0.953 0.999 
 100   (0.052) 0.000 0.003 0.001 0.001 0.003 0.000 0.209 0.031 0.001 0.003 0.049 0.001 0.047 0.001 

Locus 89 : 89005_12 
2 alleles
1.1% missing data
 120   (0.948) 1.000 0.997 0.999 0.999 0.998 1.000 0.997 0.969 0.999 0.894 0.951 0.999 0.954 0.999 
 130   (0.052) 0.000 0.003 0.001 0.001 0.002 0.000 0.003 0.031 0.001 0.106 0.049 0.001 0.046 0.001 

Locus 90 : 89213_8 
2 alleles
3.4% missing data
 130   (0.952) 1.000 0.998 0.999 0.999 0.998 1.000 0.998 0.971 0.999 0.972 0.954 0.999 0.957 0.999 
 110   (0.048) 0.000 0.002 0.001 0.001 0.002 0.000 0.002 0.029 0.001 0.028 0.046 0.001 0.043 0.001 

Locus 91 : 93475_13 
2 alleles
2.2% missing data
 130   (0.947) 1.000 0.997 0.999 0.999 0.998 1.000 0.997 0.968 0.999 0.868 0.950 0.999 0.953 0.999 
 110   (0.053) 0.000 0.003 0.001 0.001 0.002 0.000 0.003 0.032 0.001 0.132 0.050 0.001 0.047 0.001 

Locus 92 : 95749_27 
2 alleles
3.9% missing data
 120   (0.953) 1.000 0.998 0.999 0.999 0.998 1.000 0.998 0.972 0.999 0.971 0.955 0.999 0.957 0.999 
 100   (0.047) 0.000 0.002 0.001 0.001 0.002 0.000 0.002 0.028 0.001 0.029 0.045 0.001 0.043 0.001 

Locus 93 : 98167_26 
2 alleles
3.4% missing data
 120   (0.928) 1.000 0.914 0.993 0.998 0.996 1.000 0.993 0.948 0.998 0.995 0.929 0.998 0.927 0.994 
 110   (0.072) 0.000 0.086 0.007 0.002 0.004 0.000 0.007 0.052 0.002 0.005 0.071 0.002 0.073 0.006 

Locus 94 : 98988_58 
2 alleles
2.2% missing data
 130   (0.954) 1.000 0.997 0.999 0.998 0.998 1.000 0.998 0.972 0.999 0.975 0.956 0.999 0.959 0.999 
 110   (0.046) 0.000 0.003 0.001 0.002 0.002 0.000 0.002 0.028 0.001 0.025 0.044 0.001 0.041 0.001 

Locus 95 : 103824_15 
2 alleles
3.4% missing data
 130   (0.946) 1.000 0.997 0.999 0.999 0.998 1.000 0.997 0.968 0.999 0.814 0.949 0.999 0.952 0.999 
 110   (0.054) 0.000 0.003 0.001 0.001 0.002 0.000 0.003 0.032 0.001 0.186 0.051 0.001 0.048 0.001 

Locus 96 : 108043_8 
2 alleles
4.5% missing data
 130   (0.952) 1.000 0.998 0.999 0.999 0.998 1.000 0.998 0.972 0.998 0.997 0.955 0.999 0.957 0.932 
 110   (0.048) 0.000 0.002 0.001 0.001 0.002 0.000 0.002 0.028 0.002 0.003 0.045 0.001 0.043 0.068 

Locus 97 : 108049_79 
2 alleles
2.8% missing data
 120   (0.952) 1.000 0.997 0.998 0.999 0.998 1.000 0.998 0.962 0.999 0.997 0.944 0.999 0.948 0.999 
 100   (0.048) 0.000 0.003 0.002 0.001 0.002 0.000 0.002 0.038 0.001 0.003 0.056 0.001 0.052 0.001 

Locus 98 : 108366_5 
2 alleles
2.8% missing data
 130   (0.950) 1.000 0.997 0.999 0.999 0.998 1.000 0.997 0.970 0.999 0.920 0.953 0.999 0.955 0.999 
 100   (0.050) 0.000 0.003 0.001 0.001 0.002 0.000 0.003 0.030 0.001 0.080 0.047 0.001 0.045 0.001 

Locus 99 : 108403_10 
2 alleles
6.2% missing data
 130   (0.953) 1.000 0.998 0.999 0.999 0.998 1.000 0.997 0.969 0.999 0.997 0.948 0.999 0.944 0.996 
 110   (0.047) 0.000 0.002 0.001 0.001 0.002 0.000 0.003 0.031 0.001 0.003 0.052 0.001 0.056 0.004 

Locus 100 : 109283_38 
2 alleles
3.9% missing data
 120   (0.870) 0.999 0.988 0.937 0.997 0.987 0.566 0.993 0.878 0.996 0.992 0.868 0.527 0.864 0.996 
 100   (0.130) 0.001 0.012 0.063 0.003 0.013 0.434 0.007 0.122 0.004 0.008 0.132 0.473 0.136 0.004 

Locus 101 : 109527_54 
2 alleles
7.3% missing data
 110   (0.942) 1.000 0.996 0.999 0.999 0.831 1.000 0.997 0.960 0.999 0.996 0.944 0.999 0.947 0.999 
 130   (0.058) 0.000 0.004 0.001 0.001 0.169 0.000 0.003 0.040 0.001 0.004 0.056 0.001 0.053 0.001 

Locus 102 : 109804_31 
2 alleles
2.2% missing data
 130   (0.950) 1.000 0.997 0.999 0.999 0.998 1.000 0.997 0.970 0.999 0.947 0.953 0.999 0.955 0.999 
 100   (0.050) 0.000 0.003 0.001 0.001 0.002 0.000 0.003 0.030 0.001 0.053 0.047 0.001 0.045 0.001 

Locus 103 : 112614_46 
2 alleles
5.1% missing data
 120   (0.948) 1.000 0.997 0.999 0.999 0.998 1.000 0.997 0.969 0.999 0.887 0.951 0.999 0.953 0.999 
 100   (0.052) 0.000 0.003 0.001 0.001 0.002 0.000 0.003 0.031 0.001 0.113 0.049 0.001 0.047 0.001 

Locus 104 : 112906_14 
2 alleles
3.9% missing data
 110   (0.875) 1.000 0.980 0.997 0.997 0.756 1.000 0.705 0.922 0.997 0.992 0.878 0.885 0.878 0.998 
 120   (0.125) 0.000 0.020 0.003 0.003 0.244 0.000 0.295 0.078 0.003 0.008 0.122 0.115 0.122 0.002 

Locus 105 : 113735_32 
2 alleles
6.7% missing data
 120   (0.954) 1.000 0.998 0.999 0.999 0.998 1.000 0.972 0.972 0.999 0.997 0.953 0.999 0.953 0.999 
 100   (0.046) 0.000 0.002 0.001 0.001 0.002 0.000 0.028 0.028 0.001 0.003 0.047 0.001 0.047 0.001 

Locus 106 : 115028_7 
2 alleles
3.9% missing data
 120   (0.953) 1.000 0.998 0.999 0.999 0.998 1.000 0.960 0.971 0.999 0.997 0.955 0.999 0.957 0.999 
 100   (0.047) 0.000 0.002 0.001 0.001 0.002 0.000 0.040 0.029 0.001 0.003 0.045 0.001 0.043 0.001 

Locus 107 : 115179_16 
2 alleles
2.2% missing data
 120   (0.949) 1.000 0.997 0.999 0.999 0.998 1.000 0.997 0.970 0.999 0.911 0.952 0.999 0.955 0.999 
 110   (0.051) 0.000 0.003 0.001 0.001 0.002 0.000 0.003 0.030 0.001 0.089 0.048 0.001 0.045 0.001 

Locus 108 : 116753_51 
2 alleles
7.3% missing data
 120   (0.950) 1.000 0.997 0.999 0.999 0.998 0.999 0.997 0.968 0.999 0.997 0.953 0.918 0.949 0.999 
 100   (0.050) 0.000 0.003 0.001 0.001 0.002 0.001 0.003 0.032 0.001 0.003 0.047 0.082 0.051 0.001 

Locus 109 : 116931_31 
2 alleles
7.9% missing data
 120   (0.952) 1.000 0.997 0.991 0.999 0.998 1.000 0.997 0.967 0.999 0.997 0.950 0.999 0.946 0.999 
 110   (0.048) 0.000 0.003 0.009 0.001 0.002 0.000 0.003 0.033 0.001 0.003 0.050 0.001 0.054 0.001 

Locus 110 : 116938_8 
2 alleles
4.5% missing data
 130   (0.907) 1.000 0.973 0.997 0.998 0.882 1.000 0.995 0.942 0.997 0.994 0.910 0.858 0.911 0.999 
 110   (0.093) 0.000 0.027 0.003 0.002 0.118 0.000 0.005 0.058 0.003 0.006 0.090 0.142 0.089 0.001 

Locus 111 : 122302_80 
2 alleles
10.1% missing data
 110   (0.952) 1.000 0.997 0.973 0.999 0.998 1.000 0.997 0.970 0.999 0.997 0.953 0.999 0.955 0.999 
 100   (0.048) 0.000 0.003 0.027 0.001 0.002 0.000 0.003 0.030 0.001 0.003 0.047 0.001 0.045 0.001 

Locus 112 : 123190_14 
2 alleles
3.4% missing data
 120   (0.940) 1.000 0.997 0.968 0.999 0.998 1.000 0.997 0.960 0.998 0.996 0.935 0.998 0.930 0.999 
 130   (0.060) 0.000 0.003 0.032 0.001 0.002 0.000 0.003 0.040 0.002 0.004 0.065 0.002 0.070 0.001 

Locus 113 : 123271_36 
2 alleles
3.9% missing data
 100   (0.947) 1.000 0.997 0.999 0.999 0.998 1.000 0.997 0.969 0.998 0.860 0.951 0.999 0.953 0.999 
 110   (0.053) 0.000 0.003 0.001 0.001 0.002 0.000 0.003 0.031 0.002 0.140 0.049 0.001 0.047 0.001 

Locus 114 : 124147_18 
2 alleles
2.2% missing data
 130   (0.948) 1.000 0.844 0.999 0.999 0.998 1.000 0.997 0.967 0.999 0.997 0.951 0.999 0.951 0.999 
 110   (0.052) 0.000 0.156 0.001 0.001 0.002 0.000 0.003 0.033 0.001 0.003 0.049 0.001 0.049 0.001 

Locus 115 : 124184_33 
2 alleles
5.6% missing data
 110   (0.951) 1.000 0.998 0.999 0.999 0.998 1.000 0.998 0.971 0.999 0.911 0.954 0.999 0.957 0.999 
 100   (0.049) 0.000 0.002 0.001 0.001 0.002 0.000 0.002 0.029 0.001 0.089 0.046 0.001 0.043 0.001 

Locus 116 : 125404_24 
2 alleles
1.1% missing data
 130   (0.952) 1.000 0.998 0.999 0.999 0.998 1.000 0.770 0.971 0.999 0.997 0.955 0.999 0.957 0.999 
 110   (0.048) 0.000 0.002 0.001 0.001 0.002 0.000 0.230 0.029 0.001 0.003 0.045 0.001 0.043 0.001 

Locus 117 : 125436_43 
2 alleles
3.9% missing data
 130   (0.920) 1.000 0.996 0.998 0.998 0.850 1.000 0.713 0.952 0.998 0.995 0.924 0.998 0.928 0.999 
 100   (0.080) 0.000 0.004 0.002 0.002 0.150 0.000 0.287 0.048 0.002 0.005 0.076 0.002 0.072 0.001 

Locus 118 : 126013_18 
2 alleles
2.8% missing data
 130   (0.951) 1.000 0.998 0.999 0.815 0.998 1.000 0.997 0.970 0.998 0.997 0.953 0.999 0.956 0.999 
 110   (0.049) 0.000 0.002 0.001 0.185 0.002 0.000 0.003 0.030 0.002 0.003 0.047 0.001 0.044 0.001 

Locus 119 : 126137_19 
2 alleles
3.9% missing data
 120   (0.952) 1.000 0.997 0.999 0.999 0.983 1.000 0.985 0.970 0.999 0.997 0.954 0.999 0.956 0.999 
 110   (0.048) 0.000 0.003 0.001 0.001 0.017 0.000 0.015 0.030 0.001 0.003 0.046 0.001 0.044 0.001 

Locus 120 : 126845_22 
2 alleles
5.6% missing data
 130   (0.953) 1.000 0.997 0.999 0.999 0.998 1.000 0.963 0.971 0.999 0.997 0.954 0.999 0.955 0.999 
 110   (0.047) 0.000 0.003 0.001 0.001 0.002 0.000 0.037 0.029 0.001 0.003 0.046 0.001 0.045 0.001 

Locus 121 : 127512_8 
2 alleles
1.1% missing data
 130   (0.952) 1.000 0.998 0.999 0.860 0.998 1.000 0.998 0.970 0.998 0.997 0.955 0.999 0.957 0.999 
 100   (0.048) 0.000 0.002 0.001 0.140 0.002 0.000 0.002 0.030 0.002 0.003 0.045 0.001 0.043 0.001 

Locus 122 : 127692_13 
2 alleles
2.8% missing data
 100   (0.946) 1.000 0.997 0.999 0.999 0.945 1.000 0.997 0.966 0.999 0.997 0.947 0.999 0.948 0.999 
 120   (0.054) 0.000 0.003 0.001 0.001 0.055 0.000 0.003 0.034 0.001 0.003 0.053 0.001 0.052 0.001 

Locus 123 : 128195_18 
2 alleles
7.3% missing data
 130   (0.863) 1.000 0.394 0.932 0.997 0.906 0.999 0.990 0.714 0.996 0.991 0.860 0.995 0.863 0.997 
 110   (0.137) 0.000 0.606 0.068 0.003 0.094 0.001 0.010 0.286 0.004 0.009 0.140 0.005 0.137 0.003 

Locus 124 : 128198_14 
2 alleles
4.5% missing data
 130   (0.923) 1.000 0.996 0.998 0.839 0.997 1.000 0.996 0.953 0.998 0.922 0.928 0.998 0.931 0.999 
 120   (0.077) 0.000 0.004 0.002 0.161 0.003 0.000 0.004 0.047 0.002 0.078 0.072 0.002 0.069 0.001 

Locus 125 : 128423_39 
2 alleles
4.5% missing data
 130   (0.952) 1.000 0.989 0.999 0.999 0.998 1.000 0.997 0.967 0.999 0.997 0.948 0.998 0.948 0.999 
 100   (0.048) 0.000 0.011 0.001 0.001 0.002 0.000 0.003 0.033 0.001 0.003 0.052 0.002 0.052 0.001 

Locus 126 : 131572_48 
2 alleles
1.1% missing data
 120   (0.943) 1.000 0.997 0.999 0.999 0.998 0.999 0.997 0.963 0.999 0.997 0.943 0.943 0.940 0.999 
 100   (0.057) 0.000 0.003 0.001 0.001 0.002 0.001 0.003 0.037 0.001 0.003 0.057 0.057 0.060 0.001 

Locus 127 : 132199_62 
2 alleles
3.9% missing data
 100   (0.943) 1.000 0.997 0.999 0.999 0.998 1.000 0.997 0.967 0.999 0.755 0.947 0.999 0.950 0.999 
 120   (0.057) 0.000 0.003 0.001 0.001 0.002 0.000 0.003 0.033 0.001 0.245 0.053 0.001 0.050 0.001 

Locus 128 : 135566_64 
2 alleles
7.3% missing data
 130   (0.951) 1.000 0.995 0.999 0.999 0.998 1.000 0.997 0.966 0.999 0.997 0.942 0.999 0.949 0.999 
 110   (0.049) 0.000 0.005 0.001 0.001 0.002 0.000 0.003 0.034 0.001 0.003 0.058 0.001 0.051 0.001 

Locus 129 : 135761_5 
2 alleles
7.9% missing data
 130   (0.948) 1.000 0.997 0.999 0.999 0.998 1.000 0.997 0.969 0.999 0.906 0.951 0.999 0.954 0.999 
 100   (0.052) 0.000 0.003 0.001 0.001 0.002 0.000 0.003 0.031 0.001 0.094 0.049 0.001 0.046 0.001 

Locus 130 : 137219_35 
2 alleles
3.4% missing data
 120   (0.935) 1.000 0.993 0.998 0.998 0.998 1.000 0.997 0.941 0.998 0.996 0.918 0.998 0.927 0.999 
 100   (0.065) 0.000 0.007 0.002 0.002 0.002 0.000 0.003 0.059 0.002 0.004 0.082 0.002 0.073 0.001 

Locus 131 : 139081_20 
2 alleles
5.6% missing data
 120   (0.930) 1.000 0.969 0.998 0.998 0.975 1.000 0.996 0.952 0.998 0.996 0.931 0.996 0.923 0.999 
 110   (0.070) 0.000 0.031 0.002 0.002 0.025 0.000 0.004 0.048 0.002 0.004 0.069 0.004 0.077 0.001 

Locus 132 : 139084_52 
2 alleles
5.1% missing data
 120   (0.899) 1.000 0.911 0.948 0.997 0.996 1.000 0.993 0.928 0.997 0.994 0.894 0.997 0.873 0.998 
 110   (0.101) 0.000 0.089 0.052 0.003 0.004 0.000 0.007 0.072 0.003 0.006 0.106 0.003 0.127 0.002 

Locus 133 : 139433_54 
2 alleles
3.9% missing data
 120   (0.950) 1.000 0.998 0.999 0.999 0.998 1.000 0.997 0.970 0.999 0.946 0.953 0.999 0.955 0.999 
 100   (0.050) 0.000 0.002 0.001 0.001 0.002 0.000 0.003 0.030 0.001 0.054 0.047 0.001 0.045 0.001 

Locus 134 : 140063_88 
2 alleles
7.9% missing data
 110   (0.952) 1.000 0.996 0.999 0.999 0.989 1.000 0.997 0.969 0.999 0.997 0.947 0.999 0.950 0.999 
 100   (0.048) 0.000 0.004 0.001 0.001 0.011 0.000 0.003 0.031 0.001 0.003 0.053 0.001 0.050 0.001 

Locus 135 : 140194_73 
2 alleles
2.8% missing data
 120   (0.952) 1.000 0.996 0.999 0.999 0.998 1.000 0.997 0.971 0.954 0.997 0.954 0.999 0.956 0.999 
 110   (0.048) 0.000 0.004 0.001 0.001 0.002 0.000 0.003 0.029 0.046 0.003 0.046 0.001 0.044 0.001 

Locus 136 : 141313_8 
2 alleles
2.8% missing data
 120   (0.948) 1.000 0.997 0.999 0.999 0.998 1.000 0.997 0.968 0.999 0.921 0.951 0.999 0.953 0.999 
 100   (0.052) 0.000 0.003 0.001 0.001 0.002 0.000 0.003 0.032 0.001 0.079 0.049 0.001 0.047 0.001 

Locus 137 : 145284_28 
2 alleles
2.8% missing data
 130   (0.949) 1.000 0.744 0.999 0.999 0.998 1.000 0.997 0.968 0.999 0.997 0.951 0.999 0.952 0.999 
 110   (0.051) 0.000 0.256 0.001 0.001 0.002 0.000 0.003 0.032 0.001 0.003 0.049 0.001 0.048 0.001 

Locus 138 : 145957_11 
2 alleles
4.5% missing data
 130   (0.953) 1.000 0.997 0.999 0.999 0.998 0.897 0.998 0.971 0.999 0.997 0.955 0.999 0.958 0.999 
 110   (0.047) 0.000 0.003 0.001 0.001 0.002 0.103 0.002 0.029 0.001 0.003 0.045 0.001 0.042 0.001 

Locus 139 : 160306_34 
2 alleles
2.8% missing data
 120   (0.924) 1.000 0.996 0.997 0.998 0.964 1.000 0.786 0.951 0.998 0.995 0.926 0.978 0.928 0.999 
 100   (0.076) 0.000 0.004 0.003 0.002 0.036 0.000 0.214 0.049 0.002 0.005 0.074 0.022 0.072 0.001 

Locus 140 : 162107_37 
2 alleles
3.4% missing data
 120   (0.930) 1.000 0.996 0.999 0.998 0.991 1.000 0.907 0.955 0.998 0.996 0.929 0.998 0.929 0.999 
 100   (0.070) 0.000 0.004 0.001 0.002 0.009 0.000 0.093 0.045 0.002 0.004 0.071 0.002 0.071 0.001 

Locus 141 : 163290_36 
2 alleles
5.1% missing data
 130   (0.908) 1.000 0.855 0.889 0.997 0.996 0.996 0.995 0.939 0.997 0.994 0.908 0.995 0.902 0.995 
 110   (0.092) 0.000 0.145 0.111 0.003 0.004 0.004 0.005 0.061 0.003 0.006 0.092 0.005 0.098 0.005 

Locus 142 : 163453_13 
2 alleles
5.6% missing data
 120   (0.953) 1.000 0.997 0.993 0.999 0.998 1.000 0.998 0.969 0.999 0.997 0.951 0.999 0.947 0.999 
 110   (0.047) 0.000 0.003 0.007 0.001 0.002 0.000 0.002 0.031 0.001 0.003 0.049 0.001 0.053 0.001 

Locus 143 : 163580_14 
2 alleles
10.1% missing data
 120   (0.952) 0.914 0.998 0.998 0.999 0.998 1.000 0.997 0.970 0.999 0.997 0.954 0.999 0.957 0.992 
 100   (0.048) 0.086 0.002 0.002 0.001 0.002 0.000 0.003 0.030 0.001 0.003 0.046 0.001 0.043 0.008 

Locus 144 : 164461_13 
2 alleles
5.6% missing data
 100   (0.951) 1.000 0.998 0.892 0.999 0.998 1.000 0.997 0.971 0.999 0.997 0.954 0.999 0.956 0.999 
 120   (0.049) 0.000 0.002 0.108 0.001 0.002 0.000 0.003 0.029 0.001 0.003 0.046 0.001 0.044 0.001 

Locus 145 : 165413_43 
2 alleles
1.7% missing data
 110   (0.943) 1.000 0.997 0.998 0.999 0.950 1.000 0.997 0.964 0.998 0.997 0.943 0.998 0.944 0.999 
 130   (0.057) 0.000 0.003 0.002 0.001 0.050 0.000 0.003 0.036 0.002 0.003 0.057 0.002 0.056 0.001 

Locus 146 : 168629_44 
2 alleles
5.6% missing data
 130   (0.938) 1.000 0.994 0.986 0.998 0.965 1.000 0.996 0.955 0.998 0.996 0.939 0.998 0.943 0.999 
 110   (0.062) 0.000 0.006 0.014 0.002 0.035 0.000 0.004 0.045 0.002 0.004 0.061 0.002 0.057 0.001 

Locus 147 : 168991_77 
2 alleles
5.6% missing data
 110   (0.829) 0.999 0.981 0.983 0.995 0.908 0.999 0.671 0.844 0.996 0.990 0.819 0.881 0.809 0.997 
 100   (0.171) 0.001 0.019 0.017 0.005 0.092 0.001 0.329 0.156 0.004 0.010 0.181 0.119 0.191 0.003 

Locus 148 : 169478_88 
2 alleles
5.1% missing data
 130   (0.952) 1.000 0.997 0.999 0.999 0.998 1.000 0.997 0.970 0.964 0.997 0.952 0.999 0.954 0.999 
 100   (0.048) 0.000 0.003 0.001 0.001 0.002 0.000 0.003 0.030 0.036 0.003 0.048 0.001 0.046 0.001 

Locus 149 : 169898_8 
2 alleles
6.2% missing data
 120   (0.935) 1.000 0.996 0.978 0.998 0.919 1.000 0.996 0.961 0.998 0.996 0.938 0.998 0.940 0.999 
 100   (0.065) 0.000 0.004 0.022 0.002 0.081 0.000 0.004 0.039 0.002 0.004 0.062 0.002 0.060 0.001 

Locus 150 : 170224_42 
2 alleles
7.3% missing data
 100   (0.908) 1.000 0.990 0.818 0.998 0.948 1.000 0.995 0.933 0.997 0.994 0.908 0.997 0.907 0.998 
 120   (0.092) 0.000 0.010 0.182 0.002 0.052 0.000 0.005 0.067 0.003 0.006 0.092 0.003 0.093 0.002 

Locus 151 : 174083_22 
2 alleles
3.9% missing data
 120   (0.943) 1.000 0.997 0.999 0.999 0.998 1.000 0.997 0.965 0.999 0.789 0.946 0.999 0.949 0.999 
 100   (0.057) 0.000 0.003 0.001 0.001 0.002 0.000 0.003 0.035 0.001 0.211 0.054 0.001 0.051 0.001 

Locus 152 : 174223_24 
2 alleles
2.8% missing data
 120   (0.954) 1.000 0.998 0.999 0.999 0.998 1.000 0.998 0.971 0.999 0.997 0.950 0.999 0.946 0.995 
 100   (0.046) 0.000 0.002 0.001 0.001 0.002 0.000 0.002 0.029 0.001 0.003 0.050 0.001 0.054 0.005 

Locus 153 : 174263_44 
2 alleles
3.9% missing data
 130   (0.949) 1.000 0.998 0.999 0.747 0.998 1.000 0.997 0.969 0.997 0.997 0.952 0.999 0.955 0.999 
 110   (0.051) 0.000 0.002 0.001 0.253 0.002 0.000 0.003 0.031 0.003 0.003 0.048 0.001 0.045 0.001 

Locus 154 : 175657_6 
2 alleles
8.4% missing data
 100   (0.924) 1.000 0.996 0.998 0.998 0.931 1.000 0.766 0.955 0.998 0.995 0.929 0.998 0.932 0.999 
 130   (0.076) 0.000 0.004 0.002 0.002 0.069 0.000 0.234 0.045 0.002 0.005 0.071 0.002 0.068 0.001 

Locus 155 : 176570_23 
2 alleles
3.9% missing data
 130   (0.949) 1.000 0.996 0.996 0.998 0.998 0.995 0.997 0.966 0.995 0.997 0.941 0.958 0.942 0.999 
 110   (0.051) 0.000 0.004 0.004 0.002 0.002 0.005 0.003 0.034 0.005 0.003 0.059 0.042 0.058 0.001 

Locus 156 : 176775_13 
2 alleles
6.7% missing data
 130   (0.942) 1.000 0.997 0.999 0.999 0.998 1.000 0.997 0.965 0.999 0.709 0.945 0.999 0.948 0.999 
 110   (0.058) 0.000 0.003 0.001 0.001 0.002 0.000 0.003 0.035 0.001 0.291 0.055 0.001 0.052 0.001 

Locus 157 : 178448_19 
2 alleles
3.4% missing data
 120   (0.945) 1.000 0.997 0.999 0.999 0.998 1.000 0.997 0.966 0.999 0.883 0.948 0.999 0.951 0.999 
 100   (0.055) 0.000 0.003 0.001 0.001 0.002 0.000 0.003 0.034 0.001 0.117 0.052 0.001 0.049 0.001 

Locus 158 : 179162_16 
2 alleles
6.2% missing data
 120   (0.953) 1.000 0.997 0.999 0.999 0.998 1.000 0.998 0.972 0.999 0.972 0.955 0.999 0.958 0.999 
 100   (0.047) 0.000 0.003 0.001 0.001 0.002 0.000 0.002 0.028 0.001 0.028 0.045 0.001 0.042 0.001 

Locus 159 : 179286_31 
2 alleles
2.8% missing data
 120   (0.922) 1.000 0.996 0.998 0.998 0.918 1.000 0.901 0.952 0.998 0.995 0.925 0.993 0.928 0.999 
 100   (0.078) 0.000 0.004 0.002 0.002 0.082 0.000 0.099 0.048 0.002 0.005 0.075 0.007 0.072 0.001 

Locus 160 : 179594_17 
2 alleles
4.5% missing data
 120   (0.903) 1.000 0.966 0.985 0.998 0.996 1.000 0.745 0.938 0.997 0.993 0.899 0.997 0.887 0.994 
 100   (0.097) 0.000 0.034 0.015 0.002 0.004 0.000 0.255 0.062 0.003 0.007 0.101 0.003 0.113 0.006 

Locus 161 : 180413_54 
2 alleles
3.9% missing data
 100   (0.948) 1.000 0.998 0.999 0.999 0.998 1.000 0.997 0.968 0.999 0.882 0.951 0.999 0.953 0.999 
 110   (0.052) 0.000 0.002 0.001 0.001 0.002 0.000 0.003 0.032 0.001 0.118 0.049 0.001 0.047 0.001 

Locus 162 : 182862_79 
2 alleles
3.4% missing data
 130   (0.948) 1.000 0.997 0.999 0.999 0.998 1.000 0.997 0.970 0.999 0.869 0.951 0.999 0.954 0.999 
 110   (0.052) 0.000 0.003 0.001 0.001 0.002 0.000 0.003 0.030 0.001 0.131 0.049 0.001 0.046 0.001 

Locus 163 : 183288_63 
2 alleles
10.1% missing data
 100   (0.952) 1.000 0.997 0.999 0.999 0.998 1.000 0.997 0.971 0.998 0.972 0.954 0.999 0.956 0.999 
 120   (0.048) 0.000 0.003 0.001 0.001 0.002 0.000 0.003 0.029 0.002 0.028 0.046 0.001 0.044 0.001 

Locus 164 : 183906_55 
2 alleles
6.7% missing data
 130   (0.950) 1.000 0.997 0.999 0.999 0.998 1.000 0.997 0.970 0.999 0.946 0.953 0.999 0.955 0.999 
 100   (0.050) 0.000 0.003 0.001 0.001 0.002 0.000 0.003 0.030 0.001 0.054 0.047 0.001 0.045 0.001 

Locus 165 : 183990_7 
2 alleles
3.4% missing data
 120   (0.935) 1.000 0.981 0.975 0.998 0.998 0.998 0.997 0.883 0.998 0.996 0.932 0.986 0.934 0.997 
 100   (0.065) 0.000 0.019 0.025 0.002 0.002 0.002 0.003 0.117 0.002 0.004 0.068 0.014 0.066 0.003 

Locus 166 : 185904_60 
2 alleles
3.4% missing data
 120   (0.947) 1.000 0.997 0.941 0.999 0.998 1.000 0.997 0.967 0.999 0.997 0.949 0.999 0.950 0.999 
 100   (0.053) 0.000 0.003 0.059 0.001 0.002 0.000 0.003 0.033 0.001 0.003 0.051 0.001 0.050 0.001 

Locus 167 : 191703_64 
2 alleles
1.7% missing data
 130   (0.918) 1.000 0.796 0.998 0.998 0.997 1.000 0.868 0.948 0.998 0.995 0.921 0.998 0.921 0.999 
 110   (0.082) 0.000 0.204 0.002 0.002 0.003 0.000 0.132 0.052 0.002 0.005 0.079 0.002 0.079 0.001 

Locus 168 : 193854_7 
2 alleles
1.7% missing data
 130   (0.927) 1.000 0.996 0.998 0.966 0.997 1.000 0.996 0.956 0.998 0.885 0.931 0.998 0.934 0.999 
 110   (0.073) 0.000 0.004 0.002 0.034 0.003 0.000 0.004 0.044 0.002 0.115 0.069 0.002 0.066 0.001 

Locus 169 : 194868_38 
2 alleles
5.6% missing data
 120   (0.936) 1.000 0.996 0.999 0.999 0.896 1.000 0.971 0.961 0.998 0.996 0.936 0.998 0.939 0.999 
 100   (0.064) 0.000 0.004 0.001 0.001 0.104 0.000 0.029 0.039 0.002 0.004 0.064 0.002 0.061 0.001 

Locus 170 : 195463_36 
2 alleles
5.1% missing data
 120   (0.950) 1.000 0.997 0.999 0.999 0.998 1.000 0.864 0.970 0.999 0.997 0.952 0.999 0.955 0.999 
 100   (0.050) 0.000 0.003 0.001 0.001 0.002 0.000 0.136 0.030 0.001 0.003 0.048 0.001 0.045 0.001 

Locus 171 : 195727_20 
2 alleles
1.7% missing data
 130   (0.949) 1.000 0.998 0.999 0.999 0.998 1.000 0.997 0.969 0.999 0.916 0.952 0.999 0.955 0.999 
 110   (0.051) 0.000 0.002 0.001 0.001 0.002 0.000 0.003 0.031 0.001 0.084 0.048 0.001 0.045 0.001 

Locus 172 : 197508_5 
2 alleles
2.2% missing data
 120   (0.955) 1.000 0.997 0.999 0.999 0.990 1.000 0.998 0.971 0.999 0.997 0.950 0.999 0.954 0.999 
 100   (0.045) 0.000 0.003 0.001 0.001 0.010 0.000 0.002 0.029 0.001 0.003 0.050 0.001 0.046 0.001 

Locus 173 : 199140_10 
2 alleles
4.5% missing data
 130   (0.951) 1.000 0.995 0.999 0.999 0.998 1.000 0.998 0.966 0.999 0.997 0.942 0.999 0.948 0.999 
 110   (0.049) 0.000 0.005 0.001 0.001 0.002 0.000 0.002 0.034 0.001 0.003 0.058 0.001 0.052 0.001 

Locus 174 : 199429_51 
2 alleles
5.1% missing data
 130   (0.952) 1.000 0.997 0.992 0.999 0.998 1.000 0.997 0.970 0.999 0.997 0.948 0.999 0.944 0.999 
 100   (0.048) 0.000 0.003 0.008 0.001 0.002 0.000 0.003 0.030 0.001 0.003 0.052 0.001 0.056 0.001 

Locus 175 : 199635_9 
2 alleles
3.4% missing data
 120   (0.947) 1.000 0.997 0.999 0.999 0.998 1.000 0.997 0.968 0.999 0.832 0.950 0.999 0.952 0.999 
 100   (0.053) 0.000 0.003 0.001 0.001 0.002 0.000 0.003 0.032 0.001 0.168 0.050 0.001 0.048 0.001 

Locus 176 : 200923_8 
2 alleles
5.1% missing data
 100   (0.951) 1.000 0.969 0.999 0.999 0.998 1.000 0.994 0.969 0.999 0.997 0.952 0.999 0.948 0.999 
 110   (0.049) 0.000 0.031 0.001 0.001 0.002 0.000 0.006 0.031 0.001 0.003 0.048 0.001 0.052 0.001 

Locus 177 : 201090_64 
2 alleles
5.1% missing data
 130   (0.953) 1.000 0.998 0.975 0.999 0.998 1.000 0.997 0.971 0.999 0.997 0.953 0.999 0.955 0.999 
 100   (0.047) 0.000 0.002 0.025 0.001 0.002 0.000 0.003 0.029 0.001 0.003 0.047 0.001 0.045 0.001 

Locus 178 : 201549_57 
2 alleles
4.5% missing data
 120   (0.952) 1.000 0.997 0.999 0.999 0.998 1.000 0.909 0.971 0.999 0.997 0.955 0.999 0.957 0.999 
 110   (0.048) 0.000 0.003 0.001 0.001 0.002 0.000 0.091 0.029 0.001 0.003 0.045 0.001 0.043 0.001 

Locus 179 : 203565_40 
2 alleles
3.9% missing data
 120   (0.954) 1.000 0.971 0.999 0.999 0.998 1.000 0.998 0.970 0.999 0.997 0.954 0.999 0.947 0.999 
 100   (0.046) 0.000 0.029 0.001 0.001 0.002 0.000 0.002 0.030 0.001 0.003 0.046 0.001 0.053 0.001 

Locus 180 : 205184_19 
2 alleles
7.3% missing data
 110   (0.892) 1.000 0.994 0.998 0.904 0.996 1.000 0.994 0.935 0.881 0.763 0.898 0.998 0.902 0.999 
 120   (0.108) 0.000 0.006 0.002 0.096 0.004 0.000 0.006 0.065 0.119 0.237 0.102 0.002 0.098 0.001 

Locus 181 : 206551_17 
2 alleles
6.2% missing data
 120   (0.885) 1.000 0.970 0.740 0.997 0.996 0.999 0.971 0.924 0.997 0.993 0.884 0.996 0.878 0.895 
 100   (0.115) 0.000 0.030 0.260 0.003 0.004 0.001 0.029 0.076 0.003 0.007 0.116 0.004 0.122 0.105 

Locus 182 : 216246_19 
2 alleles
2.8% missing data
 110   (0.934) 1.000 0.989 0.998 0.998 0.988 1.000 0.989 0.953 0.998 0.996 0.929 0.990 0.927 0.999 
 130   (0.066) 0.000 0.011 0.002 0.002 0.012 0.000 0.011 0.047 0.002 0.004 0.071 0.010 0.073 0.001 

Locus 183 : 216776_13 
2 alleles
5.6% missing data
 120   (0.905) 1.000 0.995 0.998 0.998 0.997 1.000 0.995 0.944 0.980 0.733 0.910 0.998 0.914 0.872 
 110   (0.095) 0.000 0.005 0.002 0.002 0.003 0.000 0.005 0.056 0.020 0.267 0.090 0.002 0.086 0.128 

Locus 184 : 217291_37 
2 alleles
3.9% missing data
 120   (0.948) 1.000 0.997 0.999 0.999 0.998 1.000 0.924 0.968 0.999 0.997 0.945 0.999 0.944 0.999 
 100   (0.052) 0.000 0.003 0.001 0.001 0.002 0.000 0.076 0.032 0.001 0.003 0.055 0.001 0.056 0.001 

Locus 185 : 217570_13 
2 alleles
3.9% missing data
 130   (0.946) 1.000 0.997 0.999 0.999 0.998 1.000 0.997 0.967 0.999 0.868 0.949 0.999 0.951 0.999 
 110   (0.054) 0.000 0.003 0.001 0.001 0.002 0.000 0.003 0.033 0.001 0.132 0.051 0.001 0.049 0.001 

Locus 186 : 220422_65 
2 alleles
3.4% missing data
 120   (0.939) 1.000 0.996 0.996 0.999 0.985 1.000 0.990 0.951 0.998 0.996 0.935 0.984 0.928 0.999 
 110   (0.061) 0.000 0.004 0.004 0.001 0.015 0.000 0.010 0.049 0.002 0.004 0.065 0.016 0.072 0.001 

Locus 187 : 220502_40 
2 alleles
6.7% missing data
 120   (0.952) 1.000 0.997 0.999 0.998 0.998 1.000 0.997 0.970 0.998 0.997 0.954 0.969 0.955 0.999 
 110   (0.048) 0.000 0.003 0.001 0.002 0.002 0.000 0.003 0.030 0.002 0.003 0.046 0.031 0.045 0.001 

Locus 188 : 220519_81 
2 alleles
4.5% missing data
 130   (0.923) 1.000 0.970 0.998 0.998 0.997 1.000 0.996 0.950 0.998 0.860 0.925 0.998 0.921 0.999 
 110   (0.077) 0.000 0.030 0.002 0.002 0.003 0.000 0.004 0.050 0.002 0.140 0.075 0.002 0.079 0.001 

Locus 189 : 222347_17 
2 alleles
3.9% missing data
 120   (0.946) 1.000 0.997 0.999 0.999 0.998 1.000 0.997 0.967 0.999 0.894 0.950 0.999 0.952 0.999 
 100   (0.054) 0.000 0.003 0.001 0.001 0.002 0.000 0.003 0.033 0.001 0.106 0.050 0.001 0.048 0.001 

Locus 190 : 222896_46 
2 alleles
0.6% missing data
 110   (0.950) 1.000 0.998 0.999 0.999 0.998 1.000 0.998 0.970 0.999 0.946 0.953 0.999 0.956 0.999 
 130   (0.050) 0.000 0.002 0.001 0.001 0.002 0.000 0.002 0.030 0.001 0.054 0.047 0.001 0.044 0.001 

Locus 191 : 223181_12 
2 alleles
3.4% missing data
 120   (0.945) 1.000 0.997 0.999 0.999 0.998 1.000 0.997 0.967 0.999 0.728 0.948 0.999 0.951 0.999 
 100   (0.055) 0.000 0.003 0.001 0.001 0.002 0.000 0.003 0.033 0.001 0.272 0.052 0.001 0.049 0.001 

Locus 192 : 224649_57 
2 alleles
5.1% missing data
 100   (0.950) 1.000 0.997 0.999 0.998 0.998 1.000 0.997 0.968 0.961 0.997 0.950 0.999 0.952 0.999 
 110   (0.050) 0.000 0.003 0.001 0.002 0.002 0.000 0.003 0.032 0.039 0.003 0.050 0.001 0.048 0.001 

Locus 193 : 226245_11 
2 alleles
5.1% missing data
 130   (0.950) 1.000 0.997 0.999 0.999 0.998 1.000 0.997 0.969 0.999 0.997 0.953 0.924 0.955 0.999 
 110   (0.050) 0.000 0.003 0.001 0.001 0.002 0.000 0.003 0.031 0.001 0.003 0.047 0.076 0.045 0.001 

Locus 194 : 226342_59 
2 alleles
6.2% missing data
 120   (0.920) 0.999 0.996 0.998 0.939 0.996 0.999 0.995 0.951 0.996 0.912 0.923 0.998 0.925 0.997 
 100   (0.080) 0.001 0.004 0.002 0.061 0.004 0.001 0.005 0.049 0.004 0.088 0.077 0.002 0.075 0.003 

Locus 195 : 228970_13 
2 alleles
3.9% missing data
 120   (0.955) 1.000 0.998 0.999 0.999 0.998 1.000 0.960 0.972 0.999 0.997 0.956 0.999 0.959 0.999 
 100   (0.045) 0.000 0.002 0.001 0.001 0.002 0.000 0.040 0.028 0.001 0.003 0.044 0.001 0.041 0.001 

Locus 196 : 229097_27 
2 alleles
5.1% missing data
 130   (0.944) 1.000 0.997 0.999 0.999 0.998 1.000 0.997 0.966 0.999 0.795 0.947 0.999 0.950 0.999 
 110   (0.056) 0.000 0.003 0.001 0.001 0.002 0.000 0.003 0.034 0.001 0.205 0.053 0.001 0.050 0.001 

Locus 197 : 229177_29 
2 alleles
7.3% missing data
 130   (0.948) 0.999 0.997 0.998 0.999 0.998 1.000 0.997 0.969 0.998 0.997 0.950 0.999 0.952 0.833 
 110   (0.052) 0.001 0.003 0.002 0.001 0.002 0.000 0.003 0.031 0.002 0.003 0.050 0.001 0.048 0.167 

Locus 198 : 229612_7 
2 alleles
6.2% missing data
 100   (0.954) 1.000 0.997 0.999 0.999 0.989 1.000 0.998 0.971 0.999 0.997 0.950 0.999 0.953 0.999 
 120   (0.046) 0.000 0.003 0.001 0.001 0.011 0.000 0.002 0.029 0.001 0.003 0.050 0.001 0.047 0.001 

Locus 199 : 229936_67 
2 alleles
3.9% missing data
 120   (0.950) 1.000 0.996 0.996 0.998 0.998 0.994 0.997 0.967 0.995 0.997 0.942 0.958 0.942 0.999 
 100   (0.050) 0.000 0.004 0.004 0.002 0.002 0.006 0.003 0.033 0.005 0.003 0.058 0.042 0.058 0.001 

Locus 200 : 232937_62 
2 alleles
2.2% missing data
 100   (0.955) 1.000 0.998 0.999 0.999 0.998 1.000 0.998 0.971 0.999 0.997 0.950 0.999 0.947 0.996 
 120   (0.045) 0.000 0.002 0.001 0.001 0.002 0.000 0.002 0.029 0.001 0.003 0.050 0.001 0.053 0.004 

Locus 201 : 233194_6 
2 alleles
2.8% missing data
 120   (0.921) 1.000 0.996 0.998 0.933 0.997 1.000 0.996 0.950 0.998 0.673 0.924 0.998 0.929 0.999 
 100   (0.079) 0.000 0.004 0.002 0.067 0.003 0.000 0.004 0.050 0.002 0.327 0.076 0.002 0.071 0.001 

Locus 202 : 234346_33 
2 alleles
4.5% missing data
 110   (0.951) 1.000 0.998 0.999 0.721 0.998 1.000 0.998 0.972 0.997 0.997 0.954 0.999 0.956 0.999 
 130   (0.049) 0.000 0.002 0.001 0.279 0.002 0.000 0.002 0.028 0.003 0.003 0.046 0.001 0.044 0.001 

Locus 203 : 235241_77 
2 alleles
2.2% missing data
 130   (0.946) 1.000 0.997 0.999 0.999 0.998 1.000 0.997 0.967 0.999 0.841 0.949 0.999 0.952 0.999 
 100   (0.054) 0.000 0.003 0.001 0.001 0.002 0.000 0.003 0.033 0.001 0.159 0.051 0.001 0.048 0.001 

Locus 204 : 236207_44 
2 alleles
6.2% missing data
 120   (0.877) 1.000 0.938 0.997 0.997 0.995 0.839 0.957 0.919 0.997 0.992 0.880 0.794 0.871 0.998 
 100   (0.123) 0.000 0.062 0.003 0.003 0.005 0.161 0.043 0.081 0.003 0.008 0.120 0.206 0.129 0.002 

Locus 205 : 236307_12 
2 alleles
1.7% missing data
 130   (0.929) 1.000 0.852 0.980 0.998 0.997 0.997 0.988 0.827 0.998 0.996 0.931 0.983 0.933 0.996 
 110   (0.071) 0.000 0.148 0.020 0.002 0.003 0.003 0.012 0.173 0.002 0.004 0.069 0.017 0.067 0.004 

Locus 206 : 236931_45 
2 alleles
6.7% missing data
 120   (0.872) 1.000 0.638 0.997 0.997 0.727 1.000 0.721 0.920 0.997 0.992 0.877 0.994 0.876 0.998 
 100   (0.128) 0.000 0.362 0.003 0.003 0.273 0.000 0.279 0.080 0.003 0.008 0.123 0.006 0.124 0.002 

Locus 207 : 236999_38 
2 alleles
2.8% missing data
 120   (0.950) 1.000 0.998 0.999 0.999 0.998 1.000 0.998 0.970 0.999 0.946 0.953 0.999 0.955 0.999 
 100   (0.050) 0.000 0.002 0.001 0.001 0.002 0.000 0.002 0.030 0.001 0.054 0.047 0.001 0.045 0.001 

Locus 208 : 240398_42 
2 alleles
3.9% missing data
 110   (0.853) 1.000 0.464 0.997 0.997 0.833 0.999 0.885 0.800 0.996 0.991 0.852 0.996 0.851 0.998 
 130   (0.147) 0.000 0.536 0.003 0.003 0.167 0.001 0.115 0.200 0.004 0.009 0.148 0.004 0.149 0.002 

Locus 209 : 240825_22 
2 alleles
6.2% missing data
 130   (0.952) 1.000 0.996 0.991 0.998 0.998 0.999 0.997 0.969 0.998 0.997 0.951 0.996 0.951 0.997 
 110   (0.048) 0.000 0.004 0.009 0.002 0.002 0.001 0.003 0.031 0.002 0.003 0.049 0.004 0.049 0.003 

Locus 210 : 244435_48 
2 alleles
1.7% missing data
 110   (0.953) 1.000 0.998 0.999 0.999 0.998 1.000 0.998 0.972 0.999 0.997 0.956 0.923 0.958 0.999 
 130   (0.047) 0.000 0.002 0.001 0.001 0.002 0.000 0.002 0.028 0.001 0.003 0.044 0.077 0.042 0.001 

Locus 211 : 245971_21 
2 alleles
5.1% missing data
 130   (0.949) 1.000 0.997 0.999 0.999 0.998 1.000 0.997 0.969 0.999 0.916 0.952 0.999 0.954 0.999 
 120   (0.051) 0.000 0.003 0.001 0.001 0.002 0.000 0.003 0.031 0.001 0.084 0.048 0.001 0.046 0.001 

Locus 212 : 246895_22 
2 alleles
3.4% missing data
 120   (0.955) 1.000 0.997 0.998 0.999 0.998 1.000 0.998 0.962 0.999 0.997 0.946 0.999 0.951 0.999 
 110   (0.045) 0.000 0.003 0.002 0.001 0.002 0.000 0.002 0.038 0.001 0.003 0.054 0.001 0.049 0.001 

Locus 213 : 248131_26 
2 alleles
7.9% missing data
 130   (0.936) 1.000 0.996 0.967 0.997 0.980 1.000 0.995 0.960 0.998 0.996 0.938 0.996 0.939 0.998 
 110   (0.064) 0.000 0.004 0.033 0.003 0.020 0.000 0.005 0.040 0.002 0.004 0.062 0.004 0.061 0.002 

Locus 214 : 250844_49 
2 alleles
7.3% missing data
 130   (0.951) 1.000 0.998 0.999 0.999 0.991 1.000 0.997 0.968 0.999 0.997 0.949 0.999 0.948 0.999 
 100   (0.049) 0.000 0.002 0.001 0.001 0.009 0.000 0.003 0.032 0.001 0.003 0.051 0.001 0.052 0.001 

Locus 215 : 251283_19 
2 alleles
5.6% missing data
 120   (0.948) 1.000 0.891 0.999 0.999 0.998 1.000 0.997 0.968 0.999 0.997 0.951 0.999 0.952 0.999 
 100   (0.052) 0.000 0.109 0.001 0.001 0.002 0.000 0.003 0.032 0.001 0.003 0.049 0.001 0.048 0.001 

Locus 216 : 251358_15 
2 alleles
8.4% missing data
 110   (0.931) 1.000 0.996 0.998 0.998 0.823 1.000 0.996 0.958 0.998 0.996 0.934 0.964 0.937 0.999 
 120   (0.069) 0.000 0.004 0.002 0.002 0.177 0.000 0.004 0.042 0.002 0.004 0.066 0.036 0.063 0.001 

Locus 217 : 251901_42 
2 alleles
2.2% missing data
 120   (0.952) 1.000 0.997 0.988 0.999 0.998 1.000 0.997 0.968 0.999 0.997 0.950 0.998 0.951 0.999 
 100   (0.048) 0.000 0.003 0.012 0.001 0.002 0.000 0.003 0.032 0.001 0.003 0.050 0.002 0.049 0.001 

Locus 218 : 252158_43 
2 alleles
0.0% missing data
 120   (0.951) 1.000 0.998 0.999 0.999 0.998 1.000 0.998 0.971 0.999 0.920 0.954 0.999 0.956 0.999 
 100   (0.049) 0.000 0.002 0.001 0.001 0.002 0.000 0.002 0.029 0.001 0.080 0.046 0.001 0.044 0.001 

Locus 219 : 252988_16 
2 alleles
7.9% missing data
 110   (0.950) 1.000 0.997 0.798 0.999 0.998 1.000 0.997 0.970 0.999 0.997 0.952 0.999 0.955 0.999 
 100   (0.050) 0.000 0.003 0.202 0.001 0.002 0.000 0.003 0.030 0.001 0.003 0.048 0.001 0.045 0.001 

Locus 220 : 254425_88 
2 alleles
5.6% missing data
 130   (0.917) 1.000 0.996 0.998 0.998 0.997 1.000 0.996 0.951 0.771 0.784 0.922 0.998 0.926 0.999 
 110   (0.083) 0.000 0.004 0.002 0.002 0.003 0.000 0.004 0.049 0.229 0.216 0.078 0.002 0.074 0.001 

Locus 221 : 256337_57 
2 alleles
5.6% missing data
 110   (0.953) 1.000 0.960 0.999 0.999 0.998 1.000 0.998 0.970 0.999 0.997 0.955 0.999 0.954 0.999 
 130   (0.047) 0.000 0.040 0.001 0.001 0.002 0.000 0.002 0.030 0.001 0.003 0.045 0.001 0.046 0.001 

Locus 222 : 259058_15 
2 alleles
1.7% missing data
 120   (0.952) 1.000 0.998 0.999 0.790 0.998 1.000 0.998 0.971 0.999 0.997 0.955 0.999 0.957 0.999 
 100   (0.048) 0.000 0.002 0.001 0.210 0.002 0.000 0.002 0.029 0.001 0.003 0.045 0.001 0.043 0.001 

Locus 223 : 259869_81 
2 alleles
0.6% missing data
 120   (0.953) 1.000 0.998 0.999 0.998 0.998 1.000 0.998 0.971 0.897 0.997 0.956 0.999 0.958 0.999 
 130   (0.047) 0.000 0.002 0.001 0.002 0.002 0.000 0.002 0.029 0.103 0.003 0.044 0.001 0.042 0.001 

Locus 224 : 260700_55 
2 alleles
2.2% missing data
 130   (0.954) 1.000 0.997 0.997 0.999 0.998 1.000 0.997 0.972 0.998 0.997 0.955 0.998 0.955 0.981 
 110   (0.046) 0.000 0.003 0.003 0.001 0.002 0.000 0.003 0.028 0.002 0.003 0.045 0.002 0.045 0.019 

Locus 225 : 262223_11 
2 alleles
4.5% missing data
 130   (0.951) 1.000 0.998 0.999 0.999 0.998 1.000 0.997 0.971 0.999 0.997 0.954 0.999 0.957 0.893 
 100   (0.049) 0.000 0.002 0.001 0.001 0.002 0.000 0.003 0.029 0.001 0.003 0.046 0.001 0.043 0.107 

Locus 226 : 262346_48 
2 alleles
3.4% missing data
 130   (0.948) 1.000 0.593 0.999 0.999 0.998 1.000 0.997 0.968 0.999 0.997 0.950 0.999 0.951 0.999 
 110   (0.052) 0.000 0.407 0.001 0.001 0.002 0.000 0.003 0.032 0.001 0.003 0.050 0.001 0.049 0.001 

Locus 227 : 262620_18 
2 alleles
3.9% missing data
 110   (0.935) 1.000 0.994 0.997 0.998 0.996 0.993 0.994 0.950 0.997 0.995 0.931 0.990 0.925 0.998 
 130   (0.065) 0.000 0.006 0.003 0.002 0.004 0.007 0.006 0.050 0.003 0.005 0.069 0.010 0.075 0.002 

Locus 228 : 263002_42 
2 alleles
3.4% missing data
 120   (0.946) 1.000 0.997 0.999 0.999 0.864 1.000 0.997 0.966 0.999 0.997 0.948 0.999 0.950 0.999 
 100   (0.054) 0.000 0.003 0.001 0.001 0.136 0.000 0.003 0.034 0.001 0.003 0.052 0.001 0.050 0.001 

Locus 229 : 263813_70 
2 alleles
10.1% missing data
 130   (0.953) 1.000 0.997 0.999 0.999 0.998 1.000 0.997 0.972 0.885 0.997 0.955 0.999 0.958 0.999 
 110   (0.047) 0.000 0.003 0.001 0.001 0.002 0.000 0.003 0.028 0.115 0.003 0.045 0.001 0.042 0.001 

Locus 230 : 264184_13 
2 alleles
10.1% missing data
 110   (0.902) 1.000 0.973 0.888 0.998 0.996 1.000 0.994 0.936 0.997 0.993 0.904 0.872 0.902 0.999 
 130   (0.098) 0.000 0.027 0.112 0.002 0.004 0.000 0.006 0.064 0.003 0.007 0.096 0.128 0.098 0.001 

Values of parameters used in structure:
DATAFILE=C:\Users\jmahg\OneDrive\Desktop\Transfers\TrkNbr-1524n1282n1083_AllPops_Structure_p18_r080_LDnHWEx\project_data,	OUTFILE=C:\Users\jmahg\OneDrive\Desktop\Transfers\TrkNbr-1524n1282n1083_AllPops_Structure_p18_r080_LDnHWEx\BI50000_MCMC100000\Results\BI50000_MCMC100000_run_131,	NUMINDS=178,	NUMLOCI=230,	MISSING=0,	LABEL=1,	POPDATA=1,	POPFLAG=0,	PHENOTYPE=0,	EXTRACOLS=0,	MAXPOPS=14,	BURNIN=50000,	NUMREPS=100000,	USEPOPINFO=0,	INFERALPHA=1,	INFERLAMBDA=0,	POPSPECIFICLAMBDA=0,	POPALPHAS=0,	COMPUTEPROB=1,	NOADMIX=0,	ADMBURNIN=2500,	UPDATEFREQ=1,	PRINTLIKES=0,	INTERMEDSAVE=0,	PRINTKLD=0,	PRINTNET=0,	PRINTLAMBDA=0,	ANCESTDIST=0,	NUMBOXES=1000,	ANCESTPINT=0.90000,	GENSBACK=2,	MIGRPRIOR=0.05000,	PRINTQHAT=0,	PRINTQSUM=0,	ALPHA=1.0000,	FREQSCORR=1,	FPRIORMEAN=0.0100,	FPRIORSD=0.0500,	ONEFST=0,	LAMBDA=1.0000,	UNIFPRIORALPHA=1,	ALPHAMAX=10.0000,	ALPHAPRIORA=1.0000,	ALPHAPRIORB=2.0000,	ALPHAPROPSD=0.0250,	STARTATPOPINFO=0,	RANDOMIZE=1,	LINKAGE=0,	METROFREQ=10,	REPORTHITRATE=0,	MARKOVPHASE=-1,	PHASED=0,	PLOIDY=2,	PHASEINFO=0	LOCPRIOR=0, 	LOCPRIORINIT=1.000000, 	LOCDATA=0, 	LOCISPOP=0, 	LOCPRIORSTEP=0.100000, 	MAXLOCPRIOR=20.000000, 	SEED=1602986028,	
[STRAT parameters]:    NUMSIMSTATS=1000,	PHENOTYPECOL=-9,	POOLFREQ=10,	LOCUSxONLY=0,	EMERROR=0.00100,	MISSINGPHENO=-9,	