

----------------------------------------------------
STRUCTURE by Pritchard, Stephens and Donnelly (2000)
     and Falush, Stephens and Pritchard (2003)
       Code by Pritchard, Falush and Hubisz
             Version 2.3.4 (Jul 2012)
----------------------------------------------------



Command line arguments:   bin\structure -m C:\Users\jmahg\OneDrive\Desktop\Transfers\TrkNbr-1524n1282n1083_AllPops_Structure_p18_r080_LDnHWEx\BI50000_MCMC100000\mainparams -e C:\Users\jmahg\OneDrive\Desktop\Transfers\TrkNbr-1524n1282n1083_AllPops_Structure_p18_r080_LDnHWEx\BI50000_MCMC100000\extraparams 
Input File:    C:\Users\jmahg\OneDrive\Desktop\Transfers\TrkNbr-1524n1282n1083_AllPops_Structure_p18_r080_LDnHWEx\project_data

Run parameters:
   178 individuals
   230 loci
   14 populations assumed
   50000 Burn-in period
   100000 Reps


--------------------------------------------
Proportion of membership of each pre-defined
 population in each of the 14 clusters

Given    Inferred Clusters                                                                                    Number of
 Pop       1      2      3      4      5      6      7      8      9     10     11     12     13     14      Individuals

  1:     0.011  0.002  0.005  0.004  0.010  0.757  0.007  0.005  0.012  0.013  0.014  0.006  0.024  0.128       10
  2:     0.046  0.002  0.018  0.011  0.020  0.038  0.004  0.018  0.036  0.007  0.583  0.007  0.103  0.107        8
  3:     0.038  0.002  0.008  0.003  0.593  0.013  0.004  0.008  0.048  0.007  0.024  0.009  0.186  0.056       10
  4:     0.493  0.002  0.007  0.009  0.036  0.029  0.017  0.006  0.047  0.024  0.117  0.012  0.151  0.048       10
  5:     0.008  0.911  0.003  0.003  0.009  0.007  0.004  0.003  0.007  0.005  0.007  0.011  0.014  0.010       10
  6:     0.017  0.002  0.003  0.004  0.487  0.025  0.005  0.002  0.064  0.009  0.031  0.013  0.273  0.065       10
  7:     0.011  0.002  0.006  0.003  0.015  0.040  0.003  0.002  0.013  0.004  0.020  0.006  0.032  0.842       10
  8:     0.080  0.002  0.027  0.016  0.043  0.118  0.039  0.024  0.040  0.093  0.322  0.010  0.071  0.114       10
  9:     0.014  0.002  0.002  0.003  0.046  0.051  0.004  0.002  0.077  0.006  0.036  0.013  0.386  0.357       10
 10:     0.018  0.003  0.003  0.004  0.070  0.017  0.005  0.003  0.076  0.008  0.039  0.017  0.642  0.095       10
 11:     0.021  0.002  0.017  0.008  0.022  0.028  0.008  0.020  0.044  0.605  0.040  0.009  0.139  0.038       10
 12:     0.020  0.002  0.004  0.005  0.022  0.048  0.078  0.003  0.022  0.640  0.066  0.010  0.056  0.024       10
 13:     0.013  0.002  0.007  0.006  0.011  0.011  0.858  0.006  0.013  0.010  0.011  0.007  0.024  0.019       10
 14:     0.012  0.009  0.004  0.003  0.030  0.010  0.004  0.003  0.020  0.006  0.014  0.796  0.064  0.026       10
 15:     0.010  0.006  0.003  0.003  0.040  0.010  0.004  0.004  0.015  0.005  0.012  0.825  0.042  0.020       10
 16:     0.586  0.002  0.024  0.012  0.059  0.032  0.006  0.019  0.034  0.012  0.058  0.010  0.067  0.078       10
 17:     0.053  0.002  0.007  0.548  0.026  0.048  0.017  0.008  0.026  0.066  0.077  0.010  0.074  0.038       10
 18:     0.010  0.871  0.003  0.003  0.012  0.009  0.004  0.004  0.009  0.006  0.011  0.011  0.029  0.018       10
--------------------------------------------

Allele-freq. divergence among pops (Net nucleotide distance),
computed using point estimates of P.

      1       2       3       4       5       6       7       8       9      10      11      12      13      14      
 1      -    0.0094  0.0041  0.0103  0.0031  0.0043  0.0071  0.0045  0.0032  0.0043  0.0046  0.0040  0.0027  0.0035  
 2   0.0094     -    0.0064  0.0148  0.0073  0.0089  0.0113  0.0060  0.0058  0.0090  0.0091  0.0065  0.0070  0.0080  
 3   0.0041  0.0064     -    0.0074  0.0037  0.0037  0.0049  0.0001  0.0002  0.0030  0.0042  0.0038  0.0036  0.0039  
 4   0.0103  0.0148  0.0074     -    0.0092  0.0097  0.0104  0.0074  0.0070  0.0077  0.0066  0.0099  0.0087  0.0095  
 5   0.0031  0.0073  0.0037  0.0092     -    0.0029  0.0055  0.0039  0.0023  0.0030  0.0030  0.0022  0.0008  0.0018  
 6   0.0043  0.0089  0.0037  0.0097  0.0029     -    0.0062  0.0040  0.0027  0.0032  0.0039  0.0036  0.0022  0.0012  
 7   0.0071  0.0113  0.0049  0.0104  0.0055  0.0062     -    0.0050  0.0042  0.0044  0.0065  0.0062  0.0049  0.0058  
 8   0.0045  0.0060  0.0001  0.0074  0.0039  0.0040  0.0050     -    0.0003  0.0032  0.0045  0.0039  0.0039  0.0042  
 9   0.0032  0.0058  0.0002  0.0070  0.0023  0.0027  0.0042  0.0003     -    0.0022  0.0031  0.0026  0.0021  0.0026  
10   0.0043  0.0090  0.0030  0.0077  0.0030  0.0032  0.0044  0.0032  0.0022     -    0.0036  0.0037  0.0024  0.0034  
11   0.0046  0.0091  0.0042  0.0066  0.0030  0.0039  0.0065  0.0045  0.0031  0.0036     -    0.0037  0.0023  0.0030  
12   0.0040  0.0065  0.0038  0.0099  0.0022  0.0036  0.0062  0.0039  0.0026  0.0037  0.0037     -    0.0015  0.0026  
13   0.0027  0.0070  0.0036  0.0087  0.0008  0.0022  0.0049  0.0039  0.0021  0.0024  0.0023  0.0015     -    0.0012  
14   0.0035  0.0080  0.0039  0.0095  0.0018  0.0012  0.0058  0.0042  0.0026  0.0034  0.0030  0.0026  0.0012     -    

Average distances (expected heterozygosity) between individuals in same cluster:
cluster  1  : 0.0201 
cluster  2  : 0.0653 
cluster  3  : 0.1036 
cluster  4  : 0.0430 
cluster  5  : 0.0117 
cluster  6  : 0.0172 
cluster  7  : 0.0381 
cluster  8  : 0.1107 
cluster  9  : 0.0807 
cluster 10  : 0.0308 
cluster 11  : 0.0119 
cluster 12  : 0.0215 
cluster 13  : 0.0012 
cluster 14  : 0.0064 

--------------------------------------------
Estimated Ln Prob of Data   = -3695.6
Mean value of ln likelihood = -3276.2
Variance of ln likelihood   = 838.9
Mean value of alpha         = 0.0330

Mean value of Fst_1         = 0.6303
Mean value of Fst_2         = 0.3079
Mean value of Fst_3         = 0.1088
Mean value of Fst_4         = 0.4749
Mean value of Fst_5         = 0.7477
Mean value of Fst_6         = 0.6783
Mean value of Fst_7         = 0.4814
Mean value of Fst_8         = 0.0021
Mean value of Fst_9         = 0.3054
Mean value of Fst_10         = 0.4904
Mean value of Fst_11         = 0.7933
Mean value of Fst_12         = 0.5985
Mean value of Fst_13         = 0.9498
Mean value of Fst_14         = 0.8752


Inferred ancestry of individuals:
        Label (%Miss) Pop:  Inferred clusters
  1 TGCP_WM1    (0)    1 :  0.011 0.002 0.005 0.005 0.020 0.847 0.004 0.004 0.018 0.006 0.013 0.009 0.021 0.035 
  2 TGCP_WM10    (1)    1 :  0.010 0.002 0.001 0.003 0.018 0.642 0.003 0.002 0.031 0.011 0.033 0.009 0.084 0.150 
  3 TGCP_WM2    (0)    1 :  0.015 0.002 0.017 0.004 0.006 0.574 0.007 0.029 0.025 0.008 0.012 0.008 0.027 0.265 
  4 TGCP_WM3    (1)    1 :  0.006 0.002 0.002 0.004 0.012 0.855 0.003 0.001 0.004 0.007 0.009 0.006 0.023 0.067 
  5 TGCP_WM4    (0)    1 :  0.010 0.002 0.003 0.005 0.009 0.858 0.004 0.003 0.009 0.047 0.011 0.004 0.017 0.017 
  6 TGCP_WM5    (0)    1 :  0.008 0.002 0.007 0.004 0.006 0.899 0.007 0.004 0.010 0.007 0.012 0.006 0.011 0.016 
  7 TGCP_WM6    (0)    1 :  0.010 0.002 0.002 0.003 0.007 0.910 0.005 0.001 0.008 0.011 0.007 0.006 0.010 0.018 
  8 TGCP_WM7    (0)    1 :  0.029 0.003 0.004 0.009 0.013 0.157 0.021 0.004 0.012 0.005 0.032 0.006 0.032 0.673 
  9 TGCP_WM8    (0)    1 :  0.008 0.002 0.003 0.003 0.005 0.882 0.014 0.002 0.004 0.022 0.011 0.004 0.013 0.027 
 10 TGCP_WM9    (0)    1 :  0.005 0.001 0.002 0.002 0.005 0.945 0.003 0.002 0.003 0.005 0.004 0.002 0.006 0.015 
 11 MRLP_WM123    (3)    2 :  0.022 0.002 0.071 0.004 0.013 0.015 0.003 0.072 0.061 0.009 0.689 0.007 0.015 0.018 
 12 MRLP_WM124    (4)    2 :  0.013 0.002 0.001 0.003 0.012 0.007 0.005 0.001 0.021 0.006 0.878 0.011 0.023 0.017 
 13 MRLP_WM125    (1)    2 :  0.009 0.002 0.048 0.038 0.009 0.019 0.005 0.061 0.042 0.007 0.702 0.004 0.018 0.034 
 14 MRLP_WM126    (2)    2 :  0.011 0.002 0.002 0.002 0.071 0.013 0.004 0.001 0.115 0.005 0.032 0.010 0.628 0.105 
 15 MRLP_WM127    (3)    2 :  0.019 0.003 0.010 0.028 0.022 0.172 0.005 0.004 0.030 0.011 0.035 0.012 0.092 0.557 
 16 MRLP_WM128    (3)    2 :  0.005 0.002 0.001 0.006 0.005 0.005 0.003 0.001 0.003 0.006 0.941 0.006 0.009 0.008 
 17 MRLP_WM129    (7)    2 :  0.270 0.002 0.007 0.004 0.017 0.023 0.004 0.004 0.005 0.009 0.595 0.004 0.014 0.044 
 18 MRLP_WM130    (5)    2 :  0.016 0.001 0.002 0.003 0.012 0.048 0.003 0.002 0.010 0.004 0.793 0.005 0.024 0.075 
 19 STT_WM183    (2)    3 :  0.013 0.002 0.054 0.003 0.730 0.006 0.004 0.052 0.046 0.019 0.009 0.011 0.026 0.027 
 20 STT_WM184    (3)    3 :  0.096 0.003 0.007 0.004 0.754 0.009 0.004 0.007 0.026 0.005 0.017 0.010 0.039 0.018 
 21 STT_WM185   (15)    3 :  0.018 0.002 0.002 0.004 0.077 0.038 0.004 0.002 0.090 0.006 0.075 0.020 0.468 0.195 
 22 STT_WM186   (13)    3 :  0.029 0.002 0.003 0.003 0.074 0.023 0.005 0.002 0.111 0.007 0.055 0.012 0.569 0.105 
 23 STT_WM187   (13)    3 :  0.009 0.002 0.002 0.004 0.901 0.006 0.006 0.002 0.007 0.007 0.011 0.005 0.029 0.011 
 24 STT_WM188    (3)    3 :  0.006 0.002 0.002 0.003 0.948 0.005 0.003 0.002 0.003 0.003 0.006 0.004 0.007 0.007 
 25 STT_WM189    (0)    3 :  0.012 0.003 0.002 0.003 0.065 0.015 0.004 0.001 0.131 0.007 0.031 0.014 0.590 0.122 
 26 STT_WM190   (11)    3 :  0.006 0.002 0.001 0.002 0.934 0.007 0.003 0.002 0.008 0.004 0.006 0.004 0.010 0.010 
 27 STT_WM191    (7)    3 :  0.016 0.003 0.002 0.003 0.707 0.019 0.004 0.002 0.045 0.005 0.018 0.009 0.115 0.053 
 28 STT_WM192   (12)    3 :  0.179 0.002 0.007 0.003 0.746 0.004 0.004 0.007 0.011 0.004 0.010 0.004 0.009 0.010 
 29 FSSP_WM241    (3)    4 :  0.247 0.003 0.007 0.012 0.056 0.099 0.031 0.006 0.048 0.031 0.185 0.016 0.186 0.074 
 30 FSSP_WM242   (15)    4 :  0.014 0.003 0.002 0.003 0.063 0.019 0.005 0.002 0.121 0.010 0.037 0.016 0.583 0.123 
 31 FSSP_WM243    (6)    4 :  0.912 0.003 0.010 0.003 0.008 0.007 0.004 0.011 0.013 0.005 0.006 0.005 0.009 0.007 
 32 FSSP_WM244    (5)    4 :  0.047 0.003 0.007 0.028 0.031 0.072 0.086 0.005 0.031 0.036 0.488 0.011 0.097 0.056 
 33 FSSP_WM245   (10)    4 :  0.499 0.002 0.002 0.004 0.055 0.029 0.006 0.002 0.073 0.007 0.033 0.015 0.202 0.072 
 34 FSSP_WM246    (6)    4 :  0.149 0.003 0.007 0.005 0.104 0.023 0.005 0.005 0.111 0.016 0.116 0.028 0.333 0.097 
 35 FSSP_WM247    (3)    4 :  0.876 0.002 0.009 0.007 0.006 0.012 0.016 0.010 0.010 0.010 0.012 0.005 0.016 0.011 
 36 FSSP_WM248    (9)    4 :  0.907 0.002 0.004 0.004 0.008 0.006 0.012 0.003 0.006 0.017 0.009 0.006 0.009 0.007 
 37 FSSP_WM249    (6)    4 :  0.842 0.002 0.005 0.005 0.013 0.010 0.004 0.004 0.012 0.037 0.012 0.007 0.034 0.013 
 38 FSSP_WM250    (2)    4 :  0.435 0.002 0.019 0.017 0.021 0.015 0.005 0.013 0.049 0.074 0.273 0.008 0.043 0.025 
 39 HNL_WM301    (3)    5 :  0.007 0.924 0.002 0.003 0.006 0.005 0.003 0.002 0.005 0.004 0.007 0.008 0.014 0.009 
 40 HNL_WM302    (2)    5 :  0.004 0.954 0.002 0.003 0.004 0.003 0.002 0.001 0.002 0.003 0.004 0.007 0.006 0.005 
 41 HNL_WM303    (2)    5 :  0.009 0.912 0.002 0.004 0.010 0.006 0.004 0.002 0.006 0.005 0.006 0.009 0.013 0.013 
 42 HNL_WM304    (3)    5 :  0.012 0.851 0.002 0.003 0.010 0.013 0.005 0.002 0.014 0.006 0.013 0.023 0.028 0.018 
 43 HNL_WM305    (3)    5 :  0.006 0.935 0.005 0.002 0.006 0.005 0.002 0.004 0.005 0.004 0.005 0.006 0.009 0.005 
 44 HNL_WM306    (0)    5 :  0.005 0.943 0.003 0.003 0.005 0.005 0.003 0.003 0.003 0.004 0.004 0.007 0.007 0.005 
 45 HNL_WM307    (3)    5 :  0.006 0.925 0.002 0.003 0.009 0.006 0.004 0.002 0.005 0.004 0.005 0.008 0.013 0.007 
 46 HNL_WM308    (3)    5 :  0.007 0.903 0.002 0.004 0.011 0.007 0.004 0.002 0.010 0.004 0.009 0.017 0.013 0.008 
 47 HNL_WM309    (0)    5 :  0.012 0.861 0.006 0.003 0.017 0.009 0.005 0.006 0.009 0.005 0.011 0.019 0.021 0.016 
 48 HNL_WM310   (10)    5 :  0.008 0.901 0.002 0.003 0.009 0.008 0.004 0.002 0.006 0.007 0.007 0.008 0.017 0.018 
 49 MPO_WM482    (2)    6 :  0.006 0.003 0.002 0.002 0.928 0.006 0.003 0.001 0.013 0.004 0.006 0.008 0.010 0.008 
 50 MPO_WM483    (3)    6 :  0.024 0.003 0.004 0.004 0.524 0.021 0.004 0.003 0.060 0.010 0.027 0.016 0.243 0.059 
 51 MPO_WM484    (1)    6 :  0.012 0.002 0.001 0.003 0.750 0.012 0.003 0.002 0.037 0.006 0.014 0.012 0.119 0.027 
 52 MPO_WM485    (0)    6 :  0.028 0.002 0.005 0.004 0.841 0.006 0.004 0.007 0.011 0.007 0.011 0.013 0.046 0.014 
 53 MPO_WM486   (21)    6 :  0.029 0.002 0.004 0.004 0.075 0.038 0.008 0.002 0.115 0.009 0.041 0.014 0.493 0.165 
 54 MPO_WM487   (19)    6 :  0.020 0.003 0.002 0.004 0.663 0.014 0.006 0.002 0.055 0.009 0.026 0.012 0.119 0.065 
 55 MPO_WM488    (9)    6 :  0.011 0.002 0.001 0.003 0.087 0.024 0.004 0.001 0.118 0.005 0.018 0.015 0.626 0.084 
 56 MPO_WM489    (3)    6 :  0.007 0.003 0.003 0.006 0.808 0.089 0.002 0.003 0.010 0.023 0.017 0.006 0.015 0.008 
 57 MPO_WM490   (24)    6 :  0.014 0.002 0.003 0.006 0.142 0.024 0.007 0.002 0.103 0.009 0.069 0.016 0.487 0.116 
 58 MPO_WM491   (11)    6 :  0.017 0.002 0.002 0.003 0.056 0.015 0.003 0.001 0.118 0.006 0.079 0.019 0.571 0.107 
 59 OICP_WM541    (1)    7 :  0.008 0.002 0.001 0.003 0.006 0.010 0.002 0.001 0.003 0.003 0.007 0.004 0.016 0.932 
 60 OICP_WM542    (2)    7 :  0.007 0.002 0.002 0.002 0.007 0.011 0.003 0.001 0.006 0.003 0.007 0.006 0.010 0.934 
 61 OICP_WM543    (0)    7 :  0.007 0.002 0.001 0.002 0.007 0.010 0.003 0.001 0.006 0.004 0.007 0.004 0.018 0.927 
 62 OICP_WM544    (1)    7 :  0.038 0.002 0.046 0.006 0.059 0.197 0.004 0.009 0.032 0.007 0.096 0.006 0.035 0.464 
 63 OICP_WM545    (0)    7 :  0.008 0.002 0.002 0.003 0.016 0.009 0.004 0.001 0.008 0.004 0.009 0.005 0.033 0.897 
 64 OICP_WM546    (3)    7 :  0.010 0.002 0.004 0.003 0.019 0.063 0.003 0.001 0.032 0.005 0.028 0.007 0.079 0.743 
 65 OICP_WM547    (2)    7 :  0.012 0.002 0.002 0.003 0.020 0.069 0.003 0.001 0.029 0.006 0.031 0.010 0.101 0.711 
 66 OICP_WM548    (3)    7 :  0.009 0.002 0.002 0.002 0.005 0.007 0.003 0.001 0.006 0.003 0.004 0.005 0.011 0.939 
 67 OICP_WM549    (0)    7 :  0.005 0.002 0.001 0.002 0.007 0.015 0.003 0.001 0.003 0.003 0.005 0.005 0.008 0.940 
 68 OICP_WM550    (1)    7 :  0.007 0.002 0.002 0.002 0.008 0.006 0.003 0.001 0.003 0.003 0.007 0.006 0.013 0.938 
 69 IRO_WM601    (2)    8 :  0.078 0.002 0.008 0.002 0.016 0.442 0.036 0.005 0.016 0.168 0.039 0.007 0.042 0.137 
 70 IRO_WM602    (1)    8 :  0.012 0.003 0.007 0.005 0.025 0.139 0.006 0.007 0.024 0.009 0.137 0.012 0.072 0.541 
 71 IRO_WM603    (2)    8 :  0.060 0.003 0.024 0.003 0.019 0.070 0.245 0.015 0.027 0.459 0.021 0.009 0.024 0.019 
 72 IRO_WM604    (0)    8 :  0.007 0.002 0.073 0.021 0.009 0.006 0.007 0.086 0.058 0.008 0.682 0.007 0.028 0.006 
 73 IRO_WM605    (3)    8 :  0.007 0.002 0.003 0.015 0.008 0.203 0.003 0.002 0.004 0.033 0.693 0.005 0.013 0.009 
 74 IRO_WM606    (3)    8 :  0.025 0.003 0.005 0.025 0.025 0.010 0.006 0.004 0.016 0.012 0.783 0.011 0.054 0.022 
 75 IRO_WM607    (2)    8 :  0.179 0.002 0.013 0.014 0.022 0.028 0.004 0.008 0.047 0.077 0.460 0.010 0.088 0.048 
 76 IRO_WM608    (0)    8 :  0.084 0.002 0.072 0.012 0.022 0.192 0.013 0.052 0.076 0.101 0.072 0.007 0.077 0.218 
 77 IRO_WM609    (0)    8 :  0.020 0.003 0.051 0.010 0.042 0.077 0.023 0.056 0.092 0.052 0.275 0.014 0.189 0.095 
 78 IRO_WM610   (13)    8 :  0.322 0.003 0.014 0.056 0.242 0.011 0.048 0.010 0.039 0.008 0.056 0.020 0.127 0.044 
 79 HGRF_WM661    (5)    9 :  0.018 0.002 0.002 0.002 0.028 0.087 0.004 0.001 0.019 0.006 0.037 0.008 0.090 0.697 
 80 HGRF_WM662    (5)    9 :  0.017 0.002 0.002 0.003 0.067 0.014 0.003 0.001 0.117 0.006 0.032 0.020 0.607 0.110 
 81 HGRF_WM663    (4)    9 :  0.013 0.002 0.002 0.003 0.017 0.073 0.004 0.002 0.029 0.006 0.037 0.009 0.087 0.717 
 82 HGRF_WM664    (3)    9 :  0.016 0.002 0.002 0.003 0.059 0.028 0.003 0.002 0.128 0.005 0.030 0.012 0.483 0.226 
 83 HGRF_WM665    (1)    9 :  0.016 0.003 0.006 0.005 0.029 0.130 0.006 0.007 0.029 0.008 0.069 0.012 0.104 0.576 
 84 HGRF_WM666    (5)    9 :  0.011 0.002 0.002 0.003 0.060 0.020 0.004 0.001 0.118 0.005 0.033 0.021 0.613 0.107 
 85 HGRF_WM667    (0)    9 :  0.009 0.002 0.001 0.003 0.051 0.016 0.003 0.001 0.119 0.004 0.035 0.010 0.619 0.126 
 86 HGRF_WM668    (4)    9 :  0.011 0.002 0.001 0.003 0.022 0.071 0.005 0.002 0.019 0.005 0.037 0.010 0.115 0.698 
 87 HGRF_WM669    (5)    9 :  0.011 0.002 0.002 0.003 0.067 0.016 0.004 0.001 0.097 0.007 0.022 0.016 0.670 0.082 
 88 HGRF_WM670    (9)    9 :  0.013 0.003 0.002 0.003 0.057 0.060 0.005 0.002 0.098 0.008 0.029 0.013 0.476 0.232 
 89 PTP_WM721    (2)   10 :  0.042 0.004 0.008 0.008 0.160 0.032 0.007 0.008 0.077 0.012 0.053 0.029 0.435 0.126 
 90 PTP_WM722    (2)   10 :  0.012 0.003 0.009 0.004 0.027 0.008 0.005 0.010 0.029 0.011 0.012 0.009 0.845 0.018 
 91 PTP_WM723   (25)   10 :  0.013 0.003 0.002 0.004 0.089 0.017 0.006 0.002 0.076 0.010 0.078 0.022 0.535 0.144 
 92 PTP_WM724   (13)   10 :  0.012 0.003 0.003 0.004 0.103 0.016 0.006 0.002 0.111 0.008 0.030 0.020 0.567 0.115 
 93 PTP_WM725   (25)   10 :  0.031 0.003 0.003 0.003 0.094 0.028 0.006 0.002 0.113 0.011 0.033 0.031 0.521 0.121 
 94 PTP_WM726   (13)   10 :  0.020 0.002 0.002 0.004 0.062 0.028 0.005 0.001 0.117 0.008 0.054 0.014 0.546 0.137 
 95 PTP_WM727   (10)   10 :  0.016 0.003 0.003 0.004 0.081 0.014 0.003 0.001 0.100 0.006 0.081 0.018 0.562 0.108 
 96 PTP_WM728    (8)   10 :  0.016 0.002 0.002 0.003 0.069 0.021 0.004 0.001 0.122 0.008 0.036 0.017 0.548 0.151 
 97 PTP_WM729    (9)   10 :  0.006 0.002 0.002 0.002 0.010 0.004 0.004 0.001 0.009 0.004 0.007 0.007 0.923 0.018 
 98 PTP_WM730    (8)   10 :  0.008 0.002 0.001 0.002 0.008 0.005 0.002 0.001 0.006 0.004 0.008 0.004 0.939 0.009 
 99 RRL_WM782    (9)   11 :  0.013 0.002 0.002 0.003 0.071 0.021 0.005 0.001 0.123 0.006 0.037 0.018 0.594 0.104 
100 RRL_WM783    (8)   11 :  0.013 0.002 0.006 0.006 0.013 0.048 0.020 0.003 0.005 0.832 0.015 0.007 0.019 0.012 
101 RRL_WM784    (1)   11 :  0.011 0.002 0.003 0.008 0.013 0.009 0.014 0.003 0.014 0.838 0.032 0.007 0.022 0.022 
102 RRL_WM785    (1)   11 :  0.012 0.002 0.002 0.003 0.060 0.017 0.003 0.002 0.110 0.005 0.032 0.014 0.625 0.113 
103 RRL_WM786    (2)   11 :  0.025 0.002 0.016 0.022 0.006 0.012 0.005 0.004 0.022 0.810 0.055 0.005 0.009 0.006 
104 RRL_WM787    (3)   11 :  0.021 0.002 0.013 0.008 0.008 0.090 0.007 0.007 0.011 0.718 0.026 0.006 0.011 0.072 
105 RRL_WM788    (0)   11 :  0.016 0.002 0.058 0.003 0.006 0.007 0.007 0.095 0.068 0.711 0.006 0.005 0.010 0.007 
106 RRL_WM789    (2)   11 :  0.005 0.002 0.002 0.007 0.009 0.013 0.009 0.003 0.003 0.922 0.008 0.005 0.007 0.005 
107 RRL_WM790    (0)   11 :  0.016 0.002 0.062 0.015 0.008 0.015 0.005 0.071 0.049 0.546 0.152 0.008 0.036 0.016 
108 RRL_WM791    (0)   11 :  0.075 0.002 0.007 0.006 0.022 0.049 0.003 0.007 0.031 0.664 0.040 0.012 0.054 0.026 
109 RRO_WM842    (0)   12 :  0.014 0.002 0.003 0.009 0.014 0.018 0.007 0.003 0.013 0.818 0.064 0.007 0.017 0.010 
110 RRO_WM843    (7)   12 :  0.008 0.003 0.009 0.005 0.011 0.022 0.256 0.006 0.013 0.592 0.035 0.009 0.025 0.009 
111 RRO_WM844    (2)   12 :  0.011 0.002 0.003 0.007 0.035 0.015 0.343 0.003 0.052 0.050 0.371 0.013 0.060 0.033 
112 RRO_WM845    (4)   12 :  0.005 0.002 0.002 0.002 0.007 0.006 0.029 0.002 0.004 0.913 0.005 0.005 0.011 0.008 
113 RRO_WM846   (10)   12 :  0.018 0.002 0.004 0.005 0.023 0.021 0.031 0.003 0.011 0.766 0.021 0.011 0.059 0.026 
114 RRO_WM847    (6)   12 :  0.014 0.003 0.004 0.011 0.012 0.029 0.048 0.003 0.011 0.723 0.087 0.009 0.029 0.015 
115 RRO_WM848    (4)   12 :  0.092 0.003 0.011 0.003 0.054 0.071 0.015 0.007 0.052 0.436 0.027 0.019 0.161 0.049 
116 RRO_WM849    (5)   12 :  0.006 0.002 0.002 0.004 0.018 0.273 0.011 0.002 0.011 0.612 0.011 0.005 0.027 0.017 
117 RRO_WM850    (2)   12 :  0.011 0.003 0.002 0.003 0.013 0.007 0.004 0.002 0.009 0.888 0.011 0.007 0.027 0.013 
118 RRO_WM851    (1)   12 :  0.018 0.002 0.002 0.004 0.031 0.017 0.035 0.002 0.041 0.598 0.030 0.013 0.144 0.063 
119 CPS_WM901    (2)   13 :  0.006 0.002 0.003 0.005 0.006 0.009 0.890 0.002 0.008 0.022 0.020 0.006 0.011 0.009 
120 CPS_WM902    (2)   13 :  0.007 0.002 0.002 0.010 0.006 0.026 0.861 0.002 0.005 0.006 0.005 0.006 0.015 0.046 
121 CPS_WM903    (5)   13 :  0.005 0.002 0.002 0.007 0.004 0.005 0.933 0.002 0.003 0.013 0.007 0.004 0.008 0.007 
122 CPS_WM904    (1)   13 :  0.012 0.002 0.015 0.013 0.007 0.006 0.869 0.015 0.017 0.009 0.008 0.006 0.014 0.009 
123 CPS_WM905    (2)   13 :  0.031 0.002 0.032 0.005 0.011 0.007 0.822 0.027 0.032 0.007 0.007 0.004 0.007 0.007 
124 CPS_WM906    (3)   13 :  0.007 0.003 0.002 0.003 0.008 0.009 0.906 0.001 0.008 0.011 0.008 0.006 0.017 0.012 
125 CPS_WM907    (6)   13 :  0.015 0.002 0.002 0.004 0.023 0.009 0.802 0.002 0.018 0.006 0.017 0.007 0.050 0.043 
126 CPS_WM908    (3)   13 :  0.024 0.003 0.004 0.005 0.026 0.017 0.763 0.004 0.018 0.010 0.015 0.017 0.062 0.031 
127 CPS_WM909    (2)   13 :  0.015 0.002 0.003 0.006 0.013 0.012 0.838 0.002 0.012 0.009 0.019 0.009 0.042 0.020 
128 CPS_WM910    (1)   13 :  0.007 0.002 0.007 0.003 0.009 0.007 0.902 0.007 0.009 0.007 0.009 0.006 0.015 0.011 
129 PPNP_WM962    (1)   14 :  0.007 0.004 0.003 0.003 0.007 0.004 0.003 0.004 0.004 0.003 0.004 0.941 0.007 0.006 
130 PPNP_WM963    (0)   14 :  0.015 0.014 0.006 0.004 0.023 0.011 0.004 0.007 0.019 0.006 0.017 0.805 0.045 0.024 
131 PPNP_WM964    (0)   14 :  0.006 0.045 0.012 0.003 0.007 0.005 0.003 0.010 0.011 0.005 0.006 0.868 0.010 0.010 
132 PPNP_WM965    (4)   14 :  0.007 0.002 0.001 0.003 0.010 0.008 0.003 0.001 0.006 0.005 0.007 0.906 0.028 0.013 
133 PPNP_WM966    (4)   14 :  0.005 0.001 0.001 0.002 0.006 0.004 0.003 0.001 0.003 0.003 0.004 0.949 0.007 0.008 
134 PPNP_WM967    (4)   14 :  0.013 0.003 0.002 0.003 0.029 0.011 0.003 0.002 0.017 0.007 0.014 0.813 0.061 0.022 
135 PPNP_WM968    (5)   14 :  0.034 0.011 0.006 0.005 0.152 0.028 0.005 0.005 0.094 0.009 0.043 0.154 0.350 0.101 
136 PPNP_WM969    (2)   14 :  0.012 0.002 0.002 0.003 0.015 0.007 0.004 0.002 0.011 0.005 0.014 0.856 0.039 0.028 
137 PPNP_WM970    (2)   14 :  0.011 0.004 0.003 0.004 0.022 0.008 0.004 0.002 0.019 0.005 0.015 0.817 0.060 0.028 
138 PPNP_WM971    (2)   14 :  0.010 0.003 0.002 0.003 0.025 0.010 0.004 0.001 0.015 0.006 0.017 0.847 0.034 0.022 
139 FPPI_WM1021    (4)   15 :  0.013 0.002 0.007 0.004 0.016 0.012 0.004 0.009 0.017 0.007 0.012 0.853 0.030 0.013 
140 FPPI_WM1022    (4)   15 :  0.011 0.015 0.003 0.002 0.279 0.009 0.004 0.004 0.015 0.006 0.016 0.554 0.059 0.022 
141 FPPI_WM1023    (1)   15 :  0.010 0.004 0.001 0.003 0.012 0.009 0.005 0.001 0.007 0.005 0.011 0.891 0.025 0.015 
142 FPPI_WM1024    (5)   15 :  0.012 0.002 0.002 0.002 0.015 0.008 0.004 0.002 0.016 0.005 0.013 0.838 0.054 0.026 
143 FPPI_WM1025    (6)   15 :  0.013 0.004 0.002 0.003 0.017 0.021 0.004 0.002 0.021 0.005 0.018 0.817 0.035 0.039 
144 FPPI_WM1026    (1)   15 :  0.004 0.002 0.002 0.003 0.007 0.005 0.003 0.002 0.005 0.004 0.007 0.940 0.009 0.007 
145 FPPI_WM1027    (3)   15 :  0.005 0.001 0.002 0.002 0.008 0.004 0.002 0.002 0.003 0.003 0.005 0.949 0.008 0.006 
146 FPPI_WM1028    (2)   15 :  0.007 0.007 0.001 0.003 0.007 0.007 0.003 0.001 0.006 0.004 0.008 0.907 0.026 0.011 
147 FPPI_WM1029    (3)   15 :  0.018 0.020 0.002 0.004 0.027 0.021 0.003 0.002 0.051 0.004 0.022 0.604 0.165 0.057 
148 FPPI_WM1030    (1)   15 :  0.007 0.005 0.010 0.003 0.009 0.008 0.003 0.017 0.011 0.007 0.008 0.892 0.012 0.008 
149 CRWA_WM1082    (2)   16 :  0.952 0.002 0.002 0.002 0.005 0.004 0.003 0.002 0.003 0.005 0.004 0.004 0.007 0.005 
150 CRWA_WM1084    (5)   16 :  0.621 0.002 0.003 0.009 0.016 0.061 0.003 0.002 0.009 0.008 0.042 0.008 0.031 0.187 
151 CRWA_WM1085    (2)   16 :  0.781 0.002 0.002 0.009 0.036 0.016 0.004 0.002 0.017 0.011 0.021 0.012 0.057 0.031 
152 CRWA_WM1086    (9)   16 :  0.305 0.003 0.011 0.005 0.265 0.024 0.005 0.005 0.051 0.045 0.029 0.015 0.184 0.051 
153 CRWA_WM1087    (0)   16 :  0.559 0.002 0.080 0.015 0.039 0.012 0.016 0.064 0.046 0.007 0.030 0.014 0.090 0.026 
154 CRWA_WM1088    (1)   16 :  0.252 0.002 0.019 0.017 0.122 0.090 0.006 0.022 0.036 0.006 0.044 0.011 0.080 0.295 
155 CRWA_WM1089    (3)   16 :  0.784 0.002 0.002 0.005 0.026 0.030 0.005 0.002 0.014 0.007 0.020 0.011 0.071 0.020 
156 CRWA_WM1090    (0)   16 :  0.302 0.003 0.008 0.044 0.041 0.010 0.004 0.005 0.075 0.013 0.351 0.012 0.098 0.034 
157 CRWA_WM1092    (1)   16 :  0.616 0.003 0.081 0.010 0.032 0.039 0.004 0.055 0.056 0.007 0.026 0.008 0.038 0.025 
158 CRWA_WM1093    (1)   16 :  0.686 0.002 0.034 0.004 0.012 0.039 0.004 0.036 0.035 0.010 0.015 0.006 0.016 0.101 
159 PCRA_WM1141    (3)   17 :  0.076 0.002 0.002 0.598 0.019 0.018 0.007 0.003 0.013 0.015 0.170 0.008 0.039 0.029 
160 PCRA_WM1142    (3)   17 :  0.016 0.003 0.002 0.698 0.026 0.014 0.006 0.001 0.030 0.014 0.027 0.012 0.100 0.051 
161 PCRA_WM1143    (1)   17 :  0.019 0.002 0.002 0.485 0.047 0.018 0.005 0.002 0.039 0.011 0.124 0.017 0.162 0.069 
162 PCRA_WM1144    (2)   17 :  0.009 0.002 0.002 0.018 0.025 0.269 0.016 0.002 0.019 0.544 0.016 0.009 0.048 0.021 
163 PCRA_WM1145    (4)   17 :  0.029 0.002 0.006 0.364 0.045 0.024 0.020 0.007 0.060 0.011 0.128 0.021 0.184 0.098 
164 PCRA_WM1146    (2)   17 :  0.105 0.002 0.010 0.756 0.013 0.044 0.006 0.008 0.007 0.016 0.013 0.005 0.009 0.006 
165 PCRA_WM1147    (1)   17 :  0.242 0.002 0.003 0.136 0.059 0.011 0.003 0.002 0.054 0.005 0.258 0.010 0.156 0.060 
166 PCRA_WM1148    (0)   17 :  0.008 0.002 0.010 0.878 0.012 0.010 0.004 0.013 0.014 0.005 0.023 0.004 0.011 0.007 
167 PCRA_WM1149    (1)   17 :  0.008 0.002 0.015 0.730 0.010 0.034 0.100 0.016 0.014 0.024 0.007 0.006 0.015 0.020 
168 PCRA_WM1150    (0)   17 :  0.016 0.005 0.020 0.810 0.009 0.039 0.004 0.024 0.014 0.012 0.011 0.005 0.012 0.019 
169 DHFA_WM1202    (3)   18 :  0.023 0.730 0.003 0.005 0.023 0.013 0.006 0.002 0.017 0.009 0.024 0.018 0.086 0.040 
170 DHFA_WM1203    (1)   18 :  0.016 0.769 0.004 0.004 0.018 0.020 0.005 0.002 0.019 0.011 0.021 0.033 0.051 0.027 
171 DHFA_WM1204    (2)   18 :  0.011 0.793 0.002 0.005 0.022 0.013 0.007 0.002 0.008 0.010 0.020 0.012 0.054 0.042 
172 DHFA_WM1205    (5)   18 :  0.005 0.941 0.002 0.002 0.008 0.004 0.003 0.002 0.004 0.004 0.006 0.004 0.009 0.007 
173 DHFA_WM1206    (4)   18 :  0.008 0.924 0.002 0.003 0.008 0.007 0.003 0.002 0.005 0.004 0.006 0.005 0.012 0.012 
174 DHFA_WM1207    (2)   18 :  0.005 0.950 0.002 0.002 0.005 0.004 0.003 0.004 0.004 0.003 0.005 0.004 0.005 0.005 
175 DHFA_WM1208    (3)   18 :  0.008 0.923 0.002 0.003 0.009 0.005 0.003 0.003 0.005 0.003 0.008 0.008 0.011 0.010 
176 DHFA_WM1209    (1)   18 :  0.007 0.932 0.007 0.003 0.005 0.003 0.003 0.009 0.006 0.004 0.005 0.004 0.007 0.005 
177 DHFA_WM1210    (0)   18 :  0.003 0.960 0.005 0.002 0.003 0.003 0.002 0.007 0.004 0.002 0.002 0.003 0.003 0.002 
178 DHFA_WM1211    (2)   18 :  0.012 0.789 0.002 0.003 0.023 0.018 0.004 0.003 0.019 0.008 0.018 0.024 0.048 0.027 


Estimated Allele Frequencies in each cluster
First column gives estimated ancestral frequencies


Locus 1 : 953_21 
2 alleles
4.5% missing data
 120   (0.952) 0.999 0.997 0.960 0.996 0.999 0.999 0.998 0.952 0.968 0.998 0.999 0.906 1.000 1.000 
 100   (0.048) 0.001 0.003 0.040 0.004 0.001 0.001 0.002 0.048 0.032 0.002 0.001 0.094 0.000 0.000 

Locus 2 : 2370_26 
2 alleles
6.2% missing data
 110   (0.950) 0.999 0.997 0.958 0.996 0.999 0.999 0.997 0.950 0.967 0.998 0.999 0.802 1.000 1.000 
 130   (0.050) 0.001 0.003 0.042 0.004 0.001 0.001 0.003 0.050 0.033 0.002 0.001 0.198 0.000 0.000 

Locus 3 : 2692_87 
2 alleles
1.7% missing data
 130   (0.946) 0.999 0.768 0.955 0.995 0.999 0.999 0.997 0.946 0.964 0.998 0.999 0.999 1.000 1.000 
 120   (0.054) 0.001 0.232 0.045 0.005 0.001 0.001 0.003 0.054 0.036 0.002 0.001 0.001 0.000 0.000 

Locus 4 : 2828_58 
2 alleles
6.7% missing data
 100   (0.917) 0.996 0.995 0.899 0.827 0.999 0.988 0.994 0.917 0.930 0.994 0.998 0.998 1.000 0.992 
 120   (0.083) 0.004 0.005 0.101 0.173 0.001 0.012 0.006 0.083 0.070 0.006 0.002 0.002 0.000 0.008 

Locus 5 : 6398_73 
2 alleles
6.2% missing data
 130   (0.904) 0.998 0.649 0.920 0.991 0.999 0.998 0.995 0.904 0.935 0.997 0.999 0.807 1.000 1.000 
 100   (0.096) 0.002 0.351 0.080 0.009 0.001 0.002 0.005 0.096 0.065 0.003 0.001 0.193 0.000 0.000 

Locus 6 : 7469_71 
2 alleles
5.1% missing data
 130   (0.955) 0.998 0.997 0.954 0.994 0.998 0.998 0.996 0.955 0.964 0.997 0.999 0.998 0.995 1.000 
 110   (0.045) 0.002 0.003 0.046 0.006 0.002 0.002 0.004 0.045 0.036 0.003 0.001 0.002 0.005 0.000 

Locus 7 : 7615_47 
2 alleles
5.1% missing data
 130   (0.951) 0.997 0.996 0.952 0.993 0.995 0.998 0.996 0.951 0.962 0.997 0.998 0.998 0.998 0.998 
 100   (0.049) 0.003 0.004 0.048 0.007 0.005 0.002 0.004 0.049 0.038 0.003 0.002 0.002 0.002 0.002 

Locus 8 : 8211_10 
2 alleles
2.8% missing data
 120   (0.948) 0.999 0.937 0.957 0.995 0.999 0.999 0.997 0.949 0.966 0.998 0.999 0.999 1.000 1.000 
 100   (0.052) 0.001 0.063 0.043 0.005 0.001 0.001 0.003 0.051 0.034 0.002 0.001 0.001 0.000 0.000 

Locus 9 : 8394_14 
2 alleles
2.2% missing data
 110   (0.948) 0.999 0.997 0.956 0.995 0.999 0.999 0.997 0.949 0.966 0.998 0.999 0.871 1.000 1.000 
 130   (0.052) 0.001 0.003 0.044 0.005 0.001 0.001 0.003 0.051 0.034 0.002 0.001 0.129 0.000 0.000 

Locus 10 : 9621_63 
2 alleles
3.9% missing data
 130   (0.945) 0.999 0.940 0.954 0.995 0.999 0.999 0.997 0.945 0.963 0.998 0.999 0.999 1.000 1.000 
 110   (0.055) 0.001 0.060 0.046 0.005 0.001 0.001 0.003 0.055 0.037 0.002 0.001 0.001 0.000 0.000 

Locus 11 : 9880_35 
2 alleles
4.5% missing data
 120   (0.945) 0.999 0.711 0.954 0.995 0.999 0.999 0.997 0.946 0.964 0.998 0.999 0.999 1.000 1.000 
 100   (0.055) 0.001 0.289 0.046 0.005 0.001 0.001 0.003 0.054 0.036 0.002 0.001 0.001 0.000 0.000 

Locus 12 : 11163_16 
2 alleles
7.9% missing data
 130   (0.945) 0.999 0.915 0.954 0.995 0.999 0.999 0.997 0.945 0.964 0.998 0.999 0.999 1.000 1.000 
 110   (0.055) 0.001 0.085 0.046 0.005 0.001 0.001 0.003 0.055 0.036 0.002 0.001 0.001 0.000 0.000 

Locus 13 : 11991_31 
2 alleles
4.5% missing data
 120   (0.916) 0.992 0.995 0.893 0.989 0.999 0.995 0.995 0.914 0.915 0.980 0.989 0.998 1.000 0.999 
 100   (0.084) 0.008 0.005 0.107 0.011 0.001 0.005 0.005 0.086 0.085 0.020 0.011 0.002 0.000 0.001 

Locus 14 : 12766_17 
2 alleles
2.2% missing data
 120   (0.952) 0.999 0.997 0.957 0.936 0.999 0.999 0.995 0.952 0.968 0.998 0.999 0.999 1.000 1.000 
 100   (0.048) 0.001 0.003 0.043 0.064 0.001 0.001 0.005 0.048 0.032 0.002 0.001 0.001 0.000 0.000 

Locus 15 : 13496_14 
2 alleles
5.1% missing data
 110   (0.948) 0.999 0.997 0.956 0.995 0.999 0.999 0.692 0.948 0.967 0.998 0.999 0.999 1.000 1.000 
 100   (0.052) 0.001 0.003 0.044 0.005 0.001 0.001 0.308 0.052 0.033 0.002 0.001 0.001 0.000 0.000 

Locus 16 : 14394_41 
2 alleles
2.2% missing data
 130   (0.952) 0.999 0.997 0.958 0.932 0.999 0.999 0.998 0.952 0.967 0.998 0.999 0.999 1.000 1.000 
 110   (0.048) 0.001 0.003 0.042 0.068 0.001 0.001 0.002 0.048 0.033 0.002 0.001 0.001 0.000 0.000 

Locus 17 : 16285_24 
2 alleles
6.2% missing data
 130   (0.949) 0.999 0.877 0.958 0.995 0.999 0.999 0.997 0.949 0.968 0.998 0.999 0.999 1.000 1.000 
 100   (0.051) 0.001 0.123 0.042 0.005 0.001 0.001 0.003 0.051 0.032 0.002 0.001 0.001 0.000 0.000 

Locus 18 : 18821_69 
2 alleles
7.3% missing data
 120   (0.952) 0.999 0.997 0.959 0.995 0.771 0.999 0.997 0.952 0.967 0.998 0.999 0.999 1.000 1.000 
 110   (0.048) 0.001 0.003 0.041 0.005 0.229 0.001 0.003 0.048 0.033 0.002 0.001 0.001 0.000 0.000 

Locus 19 : 19006_32 
2 alleles
6.7% missing data
 120   (0.907) 0.998 0.666 0.922 0.992 0.999 0.998 0.995 0.907 0.936 0.997 0.999 0.808 1.000 1.000 
 110   (0.093) 0.002 0.334 0.078 0.008 0.001 0.002 0.005 0.093 0.064 0.003 0.001 0.192 0.000 0.000 

Locus 20 : 19602_58 
2 alleles
4.5% missing data
 120   (0.953) 0.999 0.974 0.960 0.996 0.999 0.999 0.998 0.954 0.969 0.998 0.999 0.999 1.000 1.000 
 100   (0.047) 0.001 0.026 0.040 0.004 0.001 0.001 0.002 0.046 0.031 0.002 0.001 0.001 0.000 0.000 

Locus 21 : 20143_24 
2 alleles
3.4% missing data
 120   (0.956) 0.999 0.997 0.954 0.996 0.999 0.999 0.971 0.956 0.965 0.998 0.999 0.999 1.000 1.000 
 100   (0.044) 0.001 0.003 0.046 0.004 0.001 0.001 0.029 0.044 0.035 0.002 0.001 0.001 0.000 0.000 

Locus 22 : 21661_29 
2 alleles
2.2% missing data
 120   (0.952) 0.999 0.894 0.961 0.996 0.999 0.999 0.998 0.953 0.970 0.998 0.999 0.999 1.000 1.000 
 100   (0.048) 0.001 0.106 0.039 0.004 0.001 0.001 0.002 0.047 0.030 0.002 0.001 0.001 0.000 0.000 

Locus 23 : 22603_12 
2 alleles
5.1% missing data
 130   (0.949) 0.999 0.946 0.956 0.995 0.999 0.999 0.997 0.949 0.967 0.998 0.999 0.999 1.000 1.000 
 110   (0.051) 0.001 0.054 0.044 0.005 0.001 0.001 0.003 0.051 0.033 0.002 0.001 0.001 0.000 0.000 

Locus 24 : 25109_23 
2 alleles
1.7% missing data
 120   (0.926) 0.865 0.995 0.936 0.948 0.998 0.997 0.994 0.926 0.949 0.996 0.993 0.998 1.000 0.999 
 100   (0.074) 0.135 0.005 0.064 0.052 0.002 0.003 0.006 0.074 0.051 0.004 0.007 0.002 0.000 0.001 

Locus 25 : 25511_77 
2 alleles
5.1% missing data
 130   (0.952) 0.999 0.997 0.957 0.995 0.999 0.999 0.998 0.952 0.967 0.998 0.999 0.943 1.000 1.000 
 110   (0.048) 0.001 0.003 0.043 0.005 0.001 0.001 0.002 0.048 0.033 0.002 0.001 0.057 0.000 0.000 

Locus 26 : 26816_9 
2 alleles
5.6% missing data
 110   (0.857) 0.728 0.991 0.818 0.985 0.995 0.979 0.981 0.856 0.867 0.820 0.979 0.997 1.000 0.999 
 130   (0.143) 0.272 0.009 0.182 0.015 0.005 0.021 0.019 0.144 0.133 0.180 0.021 0.003 0.000 0.001 

Locus 27 : 29455_86 
2 alleles
5.6% missing data
 120   (0.953) 0.999 0.997 0.951 0.993 0.999 0.999 0.997 0.953 0.963 0.998 0.995 0.999 1.000 1.000 
 110   (0.047) 0.001 0.003 0.049 0.007 0.001 0.001 0.003 0.047 0.037 0.002 0.005 0.001 0.000 0.000 

Locus 28 : 30970_30 
2 alleles
6.7% missing data
 120   (0.953) 0.999 0.997 0.957 0.995 0.999 0.999 0.962 0.953 0.967 0.998 0.999 0.999 1.000 1.000 
 110   (0.047) 0.001 0.003 0.043 0.005 0.001 0.001 0.038 0.047 0.033 0.002 0.001 0.001 0.000 0.000 

Locus 29 : 33052_5 
2 alleles
1.1% missing data
 130   (0.956) 0.993 0.997 0.959 0.995 0.981 0.999 0.997 0.956 0.970 0.998 0.999 0.999 1.000 1.000 
 110   (0.044) 0.007 0.003 0.041 0.005 0.019 0.001 0.003 0.044 0.030 0.002 0.001 0.001 0.000 0.000 

Locus 30 : 33744_32 
2 alleles
2.8% missing data
 130   (0.953) 0.999 0.997 0.959 0.996 0.903 0.999 0.998 0.953 0.968 0.998 0.999 0.999 1.000 1.000 
 110   (0.047) 0.001 0.003 0.041 0.004 0.097 0.001 0.002 0.047 0.032 0.002 0.001 0.001 0.000 0.000 

Locus 31 : 34805_8 
2 alleles
4.5% missing data
 110   (0.931) 0.998 0.996 0.934 0.750 0.999 0.998 0.996 0.931 0.949 0.998 0.995 0.999 1.000 1.000 
 120   (0.069) 0.002 0.004 0.066 0.250 0.001 0.002 0.004 0.069 0.051 0.002 0.005 0.001 0.000 0.000 

Locus 32 : 35345_10 
2 alleles
5.1% missing data
 130   (0.948) 0.998 0.997 0.951 0.994 0.944 0.999 0.997 0.948 0.962 0.998 0.999 0.998 0.998 1.000 
 110   (0.052) 0.002 0.003 0.049 0.006 0.056 0.001 0.003 0.052 0.038 0.002 0.001 0.002 0.002 0.000 

Locus 33 : 35769_30 
2 alleles
6.2% missing data
 110   (0.931) 0.996 0.996 0.938 0.930 0.999 0.998 0.963 0.931 0.951 0.997 0.999 0.998 1.000 1.000 
 100   (0.069) 0.004 0.004 0.062 0.070 0.001 0.002 0.037 0.069 0.049 0.003 0.001 0.002 0.000 0.000 

Locus 34 : 35965_89 
2 alleles
3.4% missing data
 130   (0.955) 0.987 0.997 0.956 0.996 0.999 0.998 0.998 0.954 0.966 0.998 0.999 0.999 1.000 1.000 
 100   (0.045) 0.013 0.003 0.044 0.004 0.001 0.002 0.002 0.046 0.034 0.002 0.001 0.001 0.000 0.000 

Locus 35 : 39654_13 
2 alleles
5.6% missing data
 120   (0.956) 0.999 0.997 0.952 0.996 0.999 0.999 0.998 0.955 0.965 0.991 1.000 0.999 1.000 1.000 
 100   (0.044) 0.001 0.003 0.048 0.004 0.001 0.001 0.002 0.045 0.035 0.009 0.000 0.001 0.000 0.000 

Locus 36 : 39700_65 
2 alleles
3.4% missing data
 110   (0.952) 0.999 0.997 0.950 0.995 0.999 0.998 0.997 0.951 0.962 0.997 0.997 0.999 1.000 1.000 
 120   (0.048) 0.001 0.003 0.050 0.005 0.001 0.002 0.003 0.049 0.038 0.003 0.003 0.001 0.000 0.000 

Locus 37 : 40824_7 
2 alleles
5.1% missing data
 130   (0.951) 0.999 0.997 0.958 0.995 0.999 0.998 0.996 0.951 0.967 0.933 0.999 0.999 1.000 1.000 
 110   (0.049) 0.001 0.003 0.042 0.005 0.001 0.002 0.004 0.049 0.033 0.067 0.001 0.001 0.000 0.000 

Locus 38 : 41554_43 
2 alleles
7.3% missing data
 120   (0.955) 0.998 0.997 0.961 0.995 0.999 0.999 0.959 0.955 0.969 0.998 0.999 0.999 1.000 1.000 
 100   (0.045) 0.002 0.003 0.039 0.005 0.001 0.001 0.041 0.045 0.031 0.002 0.001 0.001 0.000 0.000 

Locus 39 : 42501_5 
2 alleles
5.6% missing data
 120   (0.947) 0.999 0.920 0.955 0.995 0.999 0.999 0.997 0.947 0.965 0.998 0.999 0.999 1.000 1.000 
 110   (0.053) 0.001 0.080 0.045 0.005 0.001 0.001 0.003 0.053 0.035 0.002 0.001 0.001 0.000 0.000 

Locus 40 : 42989_15 
2 alleles
3.4% missing data
 130   (0.952) 0.999 0.997 0.960 0.996 0.999 0.999 0.997 0.952 0.967 0.928 0.999 0.999 1.000 1.000 
 110   (0.048) 0.001 0.003 0.040 0.004 0.001 0.001 0.003 0.048 0.033 0.072 0.001 0.001 0.000 0.000 

Locus 41 : 44631_16 
2 alleles
5.6% missing data
 120   (0.949) 0.999 0.997 0.956 0.995 0.999 0.999 0.851 0.949 0.965 0.998 0.999 0.999 1.000 1.000 
 110   (0.051) 0.001 0.003 0.044 0.005 0.001 0.001 0.149 0.051 0.035 0.002 0.001 0.001 0.000 0.000 

Locus 42 : 45332_74 
2 alleles
3.4% missing data
 130   (0.869) 0.996 0.992 0.877 0.844 0.989 0.638 0.993 0.869 0.902 0.797 0.973 0.997 1.000 0.998 
 110   (0.131) 0.004 0.008 0.123 0.156 0.011 0.362 0.007 0.131 0.098 0.203 0.027 0.003 0.000 0.002 

Locus 43 : 45964_12 
2 alleles
2.2% missing data
 100   (0.953) 0.999 0.995 0.956 0.995 0.999 0.999 0.998 0.953 0.966 0.998 0.999 0.982 1.000 1.000 
 130   (0.047) 0.001 0.005 0.044 0.005 0.001 0.001 0.002 0.047 0.034 0.002 0.001 0.018 0.000 0.000 

Locus 44 : 47772_18 
2 alleles
1.7% missing data
 120   (0.945) 0.999 0.817 0.954 0.995 0.999 0.999 0.997 0.945 0.963 0.998 0.999 0.999 1.000 1.000 
 100   (0.055) 0.001 0.183 0.046 0.005 0.001 0.001 0.003 0.055 0.037 0.002 0.001 0.001 0.000 0.000 

Locus 45 : 48505_7 
2 alleles
2.8% missing data
 130   (0.953) 0.999 0.997 0.956 0.995 0.999 0.984 0.997 0.952 0.963 0.998 0.999 0.999 1.000 0.999 
 110   (0.047) 0.001 0.003 0.044 0.005 0.001 0.016 0.003 0.048 0.037 0.002 0.001 0.001 0.000 0.001 

Locus 46 : 49838_13 
2 alleles
5.1% missing data
 120   (0.954) 0.999 0.997 0.961 0.996 0.999 0.875 0.998 0.955 0.971 0.998 0.999 0.999 1.000 1.000 
 100   (0.046) 0.001 0.003 0.039 0.004 0.001 0.125 0.002 0.045 0.029 0.002 0.001 0.001 0.000 0.000 

Locus 47 : 50793_47 
2 alleles
6.2% missing data
 120   (0.946) 0.999 0.997 0.954 0.995 0.999 0.998 0.994 0.947 0.964 0.866 0.999 0.999 1.000 1.000 
 100   (0.054) 0.001 0.003 0.046 0.005 0.001 0.002 0.006 0.053 0.036 0.134 0.001 0.001 0.000 0.000 

Locus 48 : 51471_5 
2 alleles
2.2% missing data
 110   (0.951) 0.999 0.997 0.959 0.995 0.999 0.999 0.997 0.952 0.968 0.998 0.999 0.946 1.000 1.000 
 120   (0.049) 0.001 0.003 0.041 0.005 0.001 0.001 0.003 0.048 0.032 0.002 0.001 0.054 0.000 0.000 

Locus 49 : 52408_45 
2 alleles
2.2% missing data
 130   (0.950) 0.999 0.997 0.958 0.995 0.999 0.999 0.815 0.950 0.966 0.998 0.999 0.999 1.000 1.000 
 110   (0.050) 0.001 0.003 0.042 0.005 0.001 0.001 0.185 0.050 0.034 0.002 0.001 0.001 0.000 0.000 

Locus 50 : 53046_18 
2 alleles
0.6% missing data
 120   (0.926) 0.998 0.995 0.933 0.993 0.996 0.999 0.996 0.926 0.945 0.932 0.999 0.999 1.000 1.000 
 100   (0.074) 0.002 0.005 0.067 0.007 0.004 0.001 0.004 0.074 0.055 0.068 0.001 0.001 0.000 0.000 

Locus 51 : 53230_50 
2 alleles
4.5% missing data
 120   (0.951) 0.999 0.997 0.959 0.996 0.999 0.999 0.998 0.951 0.968 0.998 0.999 0.905 1.000 1.000 
 110   (0.049) 0.001 0.003 0.041 0.004 0.001 0.001 0.002 0.049 0.032 0.002 0.001 0.095 0.000 0.000 

Locus 52 : 53957_5 
2 alleles
3.9% missing data
 130   (0.954) 0.999 0.997 0.954 0.995 0.999 0.999 0.998 0.954 0.964 0.992 0.999 0.999 1.000 1.000 
 110   (0.046) 0.001 0.003 0.046 0.005 0.001 0.001 0.002 0.046 0.036 0.008 0.001 0.001 0.000 0.000 

Locus 53 : 58003_89 
2 alleles
3.9% missing data
 120   (0.938) 0.977 0.996 0.935 0.991 0.996 0.998 0.996 0.938 0.948 0.995 0.986 0.998 0.999 0.999 
 100   (0.062) 0.023 0.004 0.065 0.009 0.004 0.002 0.004 0.062 0.052 0.005 0.014 0.002 0.001 0.001 

Locus 54 : 58412_58 
2 alleles
2.2% missing data
 110   (0.956) 0.999 0.975 0.962 0.996 0.999 0.999 0.998 0.957 0.972 0.998 0.999 0.999 1.000 1.000 
 100   (0.044) 0.001 0.025 0.038 0.004 0.001 0.001 0.002 0.043 0.028 0.002 0.001 0.001 0.000 0.000 

Locus 55 : 58452_11 
2 alleles
3.4% missing data
 120   (0.954) 0.992 0.997 0.941 0.995 0.999 0.999 0.997 0.953 0.965 0.998 0.999 0.999 1.000 1.000 
 130   (0.046) 0.008 0.003 0.059 0.005 0.001 0.001 0.003 0.047 0.035 0.002 0.001 0.001 0.000 0.000 

Locus 56 : 59409_85 
2 alleles
2.8% missing data
 130   (0.952) 0.999 0.997 0.953 0.995 0.999 0.999 0.997 0.952 0.964 0.998 0.997 0.999 1.000 1.000 
 100   (0.048) 0.001 0.003 0.047 0.005 0.001 0.001 0.003 0.048 0.036 0.002 0.003 0.001 0.000 0.000 

Locus 57 : 60620_10 
2 alleles
1.1% missing data
 120   (0.948) 0.999 0.894 0.956 0.995 0.999 0.999 0.997 0.948 0.966 0.998 0.999 0.999 1.000 1.000 
 130   (0.052) 0.001 0.106 0.044 0.005 0.001 0.001 0.003 0.052 0.034 0.002 0.001 0.001 0.000 0.000 

Locus 58 : 61541_77 
2 alleles
3.4% missing data
 120   (0.946) 0.999 0.842 0.955 0.995 0.999 0.999 0.997 0.946 0.965 0.998 0.999 0.999 1.000 1.000 
 100   (0.054) 0.001 0.158 0.045 0.005 0.001 0.001 0.003 0.054 0.035 0.002 0.001 0.001 0.000 0.000 

Locus 59 : 61756_42 
2 alleles
1.1% missing data
 130   (0.948) 0.999 0.825 0.957 0.995 0.999 0.999 0.997 0.948 0.968 0.998 0.999 0.999 1.000 1.000 
 110   (0.052) 0.001 0.175 0.043 0.005 0.001 0.001 0.003 0.052 0.032 0.002 0.001 0.001 0.000 0.000 

Locus 60 : 62497_19 
2 alleles
6.2% missing data
 130   (0.893) 0.969 0.993 0.892 0.940 0.997 0.990 0.873 0.893 0.919 0.995 0.981 0.997 0.999 0.991 
 110   (0.107) 0.031 0.007 0.108 0.060 0.003 0.010 0.127 0.107 0.081 0.005 0.019 0.003 0.001 0.009 

Locus 61 : 63024_50 
2 alleles
2.8% missing data
 120   (0.941) 0.972 0.996 0.917 0.994 0.999 0.999 0.997 0.940 0.955 0.998 0.999 0.999 1.000 1.000 
 100   (0.059) 0.028 0.004 0.083 0.006 0.001 0.001 0.003 0.060 0.045 0.002 0.001 0.001 0.000 0.000 

Locus 62 : 64492_50 
2 alleles
7.3% missing data
 120   (0.902) 0.967 0.994 0.915 0.988 0.998 0.997 0.888 0.902 0.932 0.933 0.998 0.998 1.000 1.000 
 100   (0.098) 0.033 0.006 0.085 0.012 0.002 0.003 0.112 0.098 0.068 0.067 0.002 0.002 0.000 0.000 

Locus 63 : 67984_34 
2 alleles
2.2% missing data
 120   (0.949) 0.999 0.868 0.958 0.996 0.999 0.999 0.997 0.949 0.966 0.998 0.999 0.999 1.000 1.000 
 100   (0.051) 0.001 0.132 0.042 0.004 0.001 0.001 0.003 0.051 0.034 0.002 0.001 0.001 0.000 0.000 

Locus 64 : 69199_10 
2 alleles
4.5% missing data
 120   (0.942) 0.475 0.996 0.939 0.995 0.999 0.999 0.997 0.942 0.961 0.998 0.999 0.999 1.000 1.000 
 100   (0.058) 0.525 0.004 0.061 0.005 0.001 0.001 0.003 0.058 0.039 0.002 0.001 0.001 0.000 0.000 

Locus 65 : 71368_77 
2 alleles
6.7% missing data
 100   (0.950) 0.999 0.997 0.958 0.996 0.999 0.999 0.997 0.950 0.966 0.998 0.999 0.785 1.000 1.000 
 110   (0.050) 0.001 0.003 0.042 0.004 0.001 0.001 0.003 0.050 0.034 0.002 0.001 0.215 0.000 0.000 

Locus 66 : 72276_35 
2 alleles
5.1% missing data
 130   (0.947) 0.998 0.997 0.954 0.995 0.999 0.998 0.997 0.947 0.964 0.905 0.999 0.999 1.000 1.000 
 120   (0.053) 0.002 0.003 0.046 0.005 0.001 0.002 0.003 0.053 0.036 0.095 0.001 0.001 0.000 0.000 

Locus 67 : 73554_16 
2 alleles
3.9% missing data
 100   (0.949) 0.999 0.997 0.956 0.847 0.999 0.999 0.997 0.949 0.964 0.998 0.999 0.999 1.000 1.000 
 130   (0.051) 0.001 0.003 0.044 0.153 0.001 0.001 0.003 0.051 0.036 0.002 0.001 0.001 0.000 0.000 

Locus 68 : 74575_32 
2 alleles
1.7% missing data
 120   (0.953) 0.999 0.997 0.949 0.996 0.999 0.999 0.997 0.952 0.961 0.992 1.000 0.999 1.000 1.000 
 100   (0.047) 0.001 0.003 0.051 0.004 0.001 0.001 0.003 0.048 0.039 0.008 0.000 0.001 0.000 0.000 

Locus 69 : 76504_10 
2 alleles
1.1% missing data
 110   (0.951) 0.999 0.997 0.959 0.996 0.835 0.999 0.998 0.952 0.967 0.998 1.000 0.999 1.000 1.000 
 100   (0.049) 0.001 0.003 0.041 0.004 0.165 0.001 0.002 0.048 0.033 0.002 0.000 0.001 0.000 0.000 

Locus 70 : 76561_35 
2 alleles
5.6% missing data
 120   (0.945) 0.999 0.997 0.956 0.995 0.999 0.999 0.551 0.946 0.963 0.998 0.999 0.999 1.000 1.000 
 100   (0.055) 0.001 0.003 0.044 0.005 0.001 0.001 0.449 0.054 0.037 0.002 0.001 0.001 0.000 0.000 

Locus 71 : 77346_16 
2 alleles
2.2% missing data
 130   (0.953) 0.999 0.997 0.961 0.996 0.934 0.999 0.998 0.953 0.968 0.998 0.999 0.999 1.000 1.000 
 110   (0.047) 0.001 0.003 0.039 0.004 0.066 0.001 0.002 0.047 0.032 0.002 0.001 0.001 0.000 0.000 

Locus 72 : 78631_40 
2 alleles
7.9% missing data
 120   (0.940) 0.998 0.996 0.947 0.995 0.999 0.998 0.995 0.940 0.958 0.826 0.999 0.999 1.000 1.000 
 110   (0.060) 0.002 0.004 0.053 0.005 0.001 0.002 0.005 0.060 0.042 0.174 0.001 0.001 0.000 0.000 

Locus 73 : 80366_12 
2 alleles
6.7% missing data
 130   (0.954) 0.999 0.997 0.950 0.995 0.999 0.998 0.997 0.953 0.964 0.997 0.997 0.999 1.000 1.000 
 110   (0.046) 0.001 0.003 0.050 0.005 0.001 0.002 0.003 0.047 0.036 0.003 0.003 0.001 0.000 0.000 

Locus 74 : 80499_10 
2 alleles
6.2% missing data
 130   (0.950) 0.999 0.997 0.957 0.996 0.999 0.999 0.997 0.950 0.967 0.998 0.999 0.908 1.000 1.000 
 100   (0.050) 0.001 0.003 0.043 0.004 0.001 0.001 0.003 0.050 0.033 0.002 0.001 0.092 0.000 0.000 

Locus 75 : 81141_31 
2 alleles
2.8% missing data
 120   (0.952) 0.999 0.997 0.956 0.995 0.999 0.983 0.997 0.952 0.963 0.998 0.999 0.999 1.000 0.999 
 100   (0.048) 0.001 0.003 0.044 0.005 0.001 0.017 0.003 0.048 0.037 0.002 0.001 0.001 0.000 0.001 

Locus 76 : 81662_33 
2 alleles
3.4% missing data
 120   (0.957) 0.999 0.997 0.955 0.996 0.999 0.999 0.998 0.957 0.968 0.998 0.996 0.999 1.000 1.000 
 110   (0.043) 0.001 0.003 0.045 0.004 0.001 0.001 0.002 0.043 0.032 0.002 0.004 0.001 0.000 0.000 

Locus 77 : 82002_8 
2 alleles
6.7% missing data
 100   (0.947) 0.999 0.682 0.956 0.995 0.999 0.999 0.997 0.947 0.965 0.998 0.999 0.999 1.000 1.000 
 110   (0.053) 0.001 0.318 0.044 0.005 0.001 0.001 0.003 0.053 0.035 0.002 0.001 0.001 0.000 0.000 

Locus 78 : 82631_34 
2 alleles
7.9% missing data
 120   (0.956) 0.998 0.997 0.943 0.995 0.999 0.997 0.997 0.955 0.959 0.995 0.999 0.999 1.000 1.000 
 100   (0.044) 0.002 0.003 0.057 0.005 0.001 0.003 0.003 0.045 0.041 0.005 0.001 0.001 0.000 0.000 

Locus 79 : 83247_84 
2 alleles
3.4% missing data
 110   (0.941) 0.999 0.997 0.947 0.995 0.999 0.999 0.997 0.941 0.959 0.789 0.999 0.999 1.000 1.000 
 100   (0.059) 0.001 0.003 0.053 0.005 0.001 0.001 0.003 0.059 0.041 0.211 0.001 0.001 0.000 0.000 

Locus 80 : 83916_5 
2 alleles
3.9% missing data
 130   (0.955) 0.999 0.997 0.962 0.996 0.999 0.999 0.998 0.955 0.971 0.998 1.000 0.999 1.000 0.865 
 110   (0.045) 0.001 0.003 0.038 0.004 0.001 0.001 0.002 0.045 0.029 0.002 0.000 0.001 0.000 0.135 

Locus 81 : 84971_7 
2 alleles
2.2% missing data
 120   (0.936) 0.976 0.996 0.937 0.992 0.957 0.997 0.996 0.936 0.948 0.996 0.998 0.998 0.998 0.998 
 110   (0.064) 0.024 0.004 0.063 0.008 0.043 0.003 0.004 0.064 0.052 0.004 0.002 0.002 0.002 0.002 

Locus 82 : 85247_77 
2 alleles
7.9% missing data
 120   (0.952) 0.998 0.997 0.953 0.994 0.998 0.994 0.997 0.952 0.965 0.998 0.997 0.998 0.999 0.992 
 110   (0.048) 0.002 0.003 0.047 0.006 0.002 0.006 0.003 0.048 0.035 0.002 0.003 0.002 0.001 0.008 

Locus 83 : 85248_24 
2 alleles
5.1% missing data
 100   (0.945) 0.999 0.861 0.954 0.995 0.999 0.999 0.997 0.945 0.962 0.998 0.999 0.999 1.000 1.000 
 120   (0.055) 0.001 0.139 0.046 0.005 0.001 0.001 0.003 0.055 0.038 0.002 0.001 0.001 0.000 0.000 

Locus 84 : 85402_12 
2 alleles
3.4% missing data
 120   (0.953) 0.999 0.997 0.953 0.995 0.999 0.999 0.998 0.953 0.966 0.998 0.997 0.999 1.000 1.000 
 100   (0.047) 0.001 0.003 0.047 0.005 0.001 0.001 0.002 0.047 0.034 0.002 0.003 0.001 0.000 0.000 

Locus 85 : 86588_18 
2 alleles
3.9% missing data
 120   (0.955) 0.990 0.997 0.944 0.995 0.999 0.999 0.997 0.954 0.967 0.998 0.999 0.999 1.000 1.000 
 100   (0.045) 0.010 0.003 0.056 0.005 0.001 0.001 0.003 0.046 0.033 0.002 0.001 0.001 0.000 0.000 

Locus 86 : 87070_60 
2 alleles
2.2% missing data
 100   (0.954) 0.999 0.997 0.960 0.857 0.999 0.999 0.997 0.954 0.969 0.998 0.999 0.999 1.000 1.000 
 130   (0.046) 0.001 0.003 0.040 0.143 0.001 0.001 0.003 0.046 0.031 0.002 0.001 0.001 0.000 0.000 

Locus 87 : 87747_31 
2 alleles
6.2% missing data
 120   (0.948) 0.999 0.916 0.956 0.995 0.999 0.999 0.997 0.949 0.965 0.998 0.999 0.999 1.000 1.000 
 110   (0.052) 0.001 0.084 0.044 0.005 0.001 0.001 0.003 0.051 0.035 0.002 0.001 0.001 0.000 0.000 

Locus 88 : 88455_10 
2 alleles
5.1% missing data
 130   (0.949) 0.999 0.997 0.957 0.995 0.999 0.999 0.788 0.949 0.967 0.997 0.999 0.999 1.000 1.000 
 100   (0.051) 0.001 0.003 0.043 0.005 0.001 0.001 0.212 0.051 0.033 0.003 0.001 0.001 0.000 0.000 

Locus 89 : 89005_12 
2 alleles
1.1% missing data
 120   (0.945) 0.999 0.895 0.954 0.995 0.999 0.999 0.997 0.945 0.964 0.998 0.999 0.999 1.000 1.000 
 130   (0.055) 0.001 0.105 0.046 0.005 0.001 0.001 0.003 0.055 0.036 0.002 0.001 0.001 0.000 0.000 

Locus 90 : 89213_8 
2 alleles
3.4% missing data
 130   (0.953) 0.999 0.973 0.960 0.996 0.999 0.999 0.997 0.953 0.969 0.998 0.999 0.999 1.000 1.000 
 110   (0.047) 0.001 0.027 0.040 0.004 0.001 0.001 0.003 0.047 0.031 0.002 0.001 0.001 0.000 0.000 

Locus 91 : 93475_13 
2 alleles
2.2% missing data
 130   (0.943) 0.999 0.868 0.954 0.995 0.999 0.999 0.997 0.944 0.963 0.998 0.999 0.999 1.000 1.000 
 110   (0.057) 0.001 0.132 0.046 0.005 0.001 0.001 0.003 0.056 0.037 0.002 0.001 0.001 0.000 0.000 

Locus 92 : 95749_27 
2 alleles
3.9% missing data
 120   (0.951) 0.999 0.972 0.959 0.996 0.999 0.999 0.998 0.952 0.968 0.998 0.999 0.999 1.000 1.000 
 100   (0.049) 0.001 0.028 0.041 0.004 0.001 0.001 0.002 0.048 0.032 0.002 0.001 0.001 0.000 0.000 

Locus 93 : 98167_26 
2 alleles
3.4% missing data
 120   (0.924) 0.988 0.995 0.925 0.901 0.994 0.998 0.993 0.924 0.946 0.996 0.977 0.998 0.999 1.000 
 110   (0.076) 0.012 0.005 0.075 0.099 0.006 0.002 0.007 0.076 0.054 0.004 0.023 0.002 0.001 0.000 

Locus 94 : 98988_58 
2 alleles
2.2% missing data
 130   (0.953) 0.999 0.975 0.960 0.995 0.999 0.999 0.997 0.953 0.969 0.998 0.999 0.999 1.000 1.000 
 110   (0.047) 0.001 0.025 0.040 0.005 0.001 0.001 0.003 0.047 0.031 0.002 0.001 0.001 0.000 0.000 

Locus 95 : 103824_15 
2 alleles
3.4% missing data
 130   (0.944) 0.999 0.814 0.953 0.995 0.999 0.999 0.997 0.944 0.963 0.998 0.999 0.999 1.000 1.000 
 110   (0.056) 0.001 0.186 0.047 0.005 0.001 0.001 0.003 0.056 0.037 0.002 0.001 0.001 0.000 0.000 

Locus 96 : 108043_8 
2 alleles
4.5% missing data
 130   (0.949) 0.999 0.997 0.957 0.995 0.929 0.999 0.997 0.950 0.966 0.998 0.999 0.999 1.000 1.000 
 110   (0.051) 0.001 0.003 0.043 0.005 0.071 0.001 0.003 0.050 0.034 0.002 0.001 0.001 0.000 0.000 

Locus 97 : 108049_79 
2 alleles
2.8% missing data
 120   (0.954) 0.999 0.997 0.953 0.996 0.999 0.999 0.998 0.954 0.966 0.998 0.996 0.999 1.000 1.000 
 100   (0.046) 0.001 0.003 0.047 0.004 0.001 0.001 0.002 0.046 0.034 0.002 0.004 0.001 0.000 0.000 

Locus 98 : 108366_5 
2 alleles
2.8% missing data
 130   (0.948) 0.999 0.921 0.957 0.995 0.999 0.999 0.997 0.948 0.966 0.998 0.999 0.999 1.000 1.000 
 100   (0.052) 0.001 0.079 0.043 0.005 0.001 0.001 0.003 0.052 0.034 0.002 0.001 0.001 0.000 0.000 

Locus 99 : 108403_10 
2 alleles
6.2% missing data
 130   (0.953) 0.999 0.997 0.953 0.996 0.996 0.999 0.997 0.953 0.962 0.998 0.999 0.999 1.000 1.000 
 110   (0.047) 0.001 0.003 0.047 0.004 0.004 0.001 0.003 0.047 0.038 0.002 0.001 0.001 0.000 0.000 

Locus 100 : 109283_38 
2 alleles
3.9% missing data
 120   (0.859) 0.954 0.992 0.848 0.985 0.997 0.531 0.992 0.859 0.889 0.983 0.900 0.997 0.998 0.557 
 100   (0.141) 0.046 0.008 0.152 0.015 0.003 0.469 0.008 0.141 0.111 0.017 0.100 0.003 0.002 0.443 

Locus 101 : 109527_54 
2 alleles
7.3% missing data
 110   (0.942) 0.999 0.996 0.945 0.993 0.999 0.999 0.997 0.942 0.950 0.830 0.998 0.999 1.000 1.000 
 130   (0.058) 0.001 0.004 0.055 0.007 0.001 0.001 0.003 0.058 0.050 0.170 0.002 0.001 0.000 0.000 

Locus 102 : 109804_31 
2 alleles
2.2% missing data
 130   (0.947) 0.999 0.947 0.955 0.995 0.999 0.999 0.997 0.947 0.964 0.998 0.999 0.999 1.000 1.000 
 100   (0.053) 0.001 0.053 0.045 0.005 0.001 0.001 0.003 0.053 0.036 0.002 0.001 0.001 0.000 0.000 

Locus 103 : 112614_46 
2 alleles
5.1% missing data
 120   (0.946) 0.999 0.888 0.955 0.995 0.999 0.999 0.997 0.946 0.965 0.998 0.999 0.999 1.000 1.000 
 100   (0.054) 0.001 0.112 0.045 0.005 0.001 0.001 0.003 0.054 0.035 0.002 0.001 0.001 0.000 0.000 

Locus 104 : 112906_14 
2 alleles
3.9% missing data
 110   (0.880) 0.997 0.993 0.887 0.961 0.998 0.891 0.700 0.880 0.917 0.744 0.999 0.997 1.000 0.999 
 120   (0.120) 0.003 0.007 0.113 0.039 0.002 0.109 0.300 0.120 0.083 0.256 0.001 0.003 0.000 0.001 

Locus 105 : 113735_32 
2 alleles
6.7% missing data
 120   (0.950) 0.999 0.997 0.949 0.995 0.999 0.999 0.971 0.950 0.960 0.998 0.999 0.999 1.000 1.000 
 100   (0.050) 0.001 0.003 0.051 0.005 0.001 0.001 0.029 0.050 0.040 0.002 0.001 0.001 0.000 0.000 

Locus 106 : 115028_7 
2 alleles
3.9% missing data
 120   (0.952) 0.999 0.997 0.959 0.996 0.999 0.999 0.959 0.952 0.967 0.998 0.999 0.999 1.000 1.000 
 100   (0.048) 0.001 0.003 0.041 0.004 0.001 0.001 0.041 0.048 0.033 0.002 0.001 0.001 0.000 0.000 

Locus 107 : 115179_16 
2 alleles
2.2% missing data
 120   (0.953) 0.999 0.911 0.961 0.996 0.999 0.999 0.998 0.953 0.970 0.998 0.999 0.999 1.000 1.000 
 110   (0.047) 0.001 0.089 0.039 0.004 0.001 0.001 0.002 0.047 0.030 0.002 0.001 0.001 0.000 0.000 

Locus 108 : 116753_51 
2 alleles
7.3% missing data
 120   (0.951) 0.999 0.997 0.957 0.995 0.999 0.911 0.997 0.951 0.962 0.998 0.999 0.999 1.000 1.000 
 100   (0.049) 0.001 0.003 0.043 0.005 0.001 0.089 0.003 0.049 0.038 0.002 0.001 0.001 0.000 0.000 

Locus 109 : 116931_31 
2 alleles
7.9% missing data
 120   (0.953) 0.991 0.997 0.941 0.995 0.999 0.999 0.997 0.952 0.964 0.998 0.999 0.999 1.000 1.000 
 110   (0.047) 0.009 0.003 0.059 0.005 0.001 0.001 0.003 0.048 0.036 0.002 0.001 0.001 0.000 0.000 

Locus 110 : 116938_8 
2 alleles
4.5% missing data
 130   (0.906) 0.997 0.994 0.919 0.943 0.999 0.855 0.995 0.906 0.936 0.882 0.999 0.998 1.000 0.998 
 110   (0.094) 0.003 0.006 0.081 0.057 0.001 0.145 0.005 0.094 0.064 0.118 0.001 0.002 0.000 0.002 

Locus 111 : 122302_80 
2 alleles
10.1% missing data
 110   (0.950) 0.971 0.997 0.954 0.995 0.999 0.999 0.997 0.950 0.966 0.998 0.999 0.999 1.000 1.000 
 100   (0.050) 0.029 0.003 0.046 0.005 0.001 0.001 0.003 0.050 0.034 0.002 0.001 0.001 0.000 0.000 

Locus 112 : 123190_14 
2 alleles
3.4% missing data
 120   (0.943) 0.960 0.997 0.932 0.994 0.999 0.999 0.997 0.942 0.956 0.998 0.999 0.999 1.000 1.000 
 130   (0.057) 0.040 0.003 0.068 0.006 0.001 0.001 0.003 0.058 0.044 0.002 0.001 0.001 0.000 0.000 

Locus 113 : 123271_36 
2 alleles
3.9% missing data
 100   (0.947) 0.999 0.860 0.956 0.995 0.999 0.999 0.997 0.947 0.966 0.998 0.999 0.999 1.000 1.000 
 110   (0.053) 0.001 0.140 0.044 0.005 0.001 0.001 0.003 0.053 0.034 0.002 0.001 0.001 0.000 0.000 

Locus 114 : 124147_18 
2 alleles
2.2% missing data
 130   (0.950) 0.999 0.997 0.958 0.759 0.999 0.999 0.997 0.950 0.966 0.998 0.999 0.999 1.000 1.000 
 110   (0.050) 0.001 0.003 0.042 0.241 0.001 0.001 0.003 0.050 0.034 0.002 0.001 0.001 0.000 0.000 

Locus 115 : 124184_33 
2 alleles
5.6% missing data
 110   (0.950) 0.999 0.912 0.958 0.995 0.999 0.999 0.997 0.950 0.967 0.998 0.999 0.999 1.000 1.000 
 100   (0.050) 0.001 0.088 0.042 0.005 0.001 0.001 0.003 0.050 0.033 0.002 0.001 0.001 0.000 0.000 

Locus 116 : 125404_24 
2 alleles
1.1% missing data
 130   (0.953) 0.999 0.997 0.961 0.996 0.999 0.999 0.767 0.953 0.969 0.998 0.999 0.999 1.000 1.000 
 110   (0.047) 0.001 0.003 0.039 0.004 0.001 0.001 0.233 0.047 0.031 0.002 0.001 0.001 0.000 0.000 

Locus 117 : 125436_43 
2 alleles
3.9% missing data
 130   (0.920) 0.998 0.995 0.932 0.993 0.999 0.998 0.714 0.920 0.948 0.844 0.999 0.998 1.000 1.000 
 100   (0.080) 0.002 0.005 0.068 0.007 0.001 0.002 0.286 0.080 0.052 0.156 0.001 0.002 0.000 0.000 

Locus 118 : 126013_18 
2 alleles
2.8% missing data
 130   (0.949) 0.999 0.997 0.958 0.996 0.999 0.999 0.997 0.949 0.968 0.998 0.999 0.888 1.000 1.000 
 110   (0.051) 0.001 0.003 0.042 0.004 0.001 0.001 0.003 0.051 0.032 0.002 0.001 0.112 0.000 0.000 

Locus 119 : 126137_19 
2 alleles
3.9% missing data
 120   (0.949) 0.999 0.997 0.955 0.995 0.999 0.999 0.987 0.950 0.966 0.982 0.999 0.999 1.000 1.000 
 110   (0.051) 0.001 0.003 0.045 0.005 0.001 0.001 0.013 0.050 0.034 0.018 0.001 0.001 0.000 0.000 

Locus 120 : 126845_22 
2 alleles
5.6% missing data
 130   (0.949) 0.999 0.997 0.955 0.994 0.999 0.999 0.963 0.949 0.964 0.998 0.999 0.999 1.000 1.000 
 110   (0.051) 0.001 0.003 0.045 0.006 0.001 0.001 0.037 0.051 0.036 0.002 0.001 0.001 0.000 0.000 

Locus 121 : 127512_8 
2 alleles
1.1% missing data
 130   (0.951) 0.999 0.997 0.959 0.996 0.999 0.999 0.998 0.952 0.969 0.998 1.000 0.916 1.000 1.000 
 100   (0.049) 0.001 0.003 0.041 0.004 0.001 0.001 0.002 0.048 0.031 0.002 0.000 0.084 0.000 0.000 

Locus 122 : 127692_13 
2 alleles
2.8% missing data
 100   (0.943) 0.999 0.997 0.949 0.994 0.999 0.999 0.997 0.943 0.959 0.946 0.999 0.999 1.000 1.000 
 120   (0.057) 0.001 0.003 0.051 0.006 0.001 0.001 0.003 0.057 0.041 0.054 0.001 0.001 0.000 0.000 

Locus 123 : 128195_18 
2 alleles
7.3% missing data
 130   (0.864) 0.972 0.991 0.873 0.421 0.998 0.996 0.991 0.864 0.897 0.917 0.474 0.997 1.000 0.999 
 110   (0.136) 0.028 0.009 0.127 0.579 0.002 0.004 0.009 0.136 0.103 0.083 0.526 0.003 0.000 0.001 

Locus 124 : 128198_14 
2 alleles
4.5% missing data
 130   (0.922) 0.998 0.921 0.934 0.993 0.999 0.998 0.996 0.923 0.948 0.997 0.999 0.911 1.000 1.000 
 120   (0.078) 0.002 0.079 0.066 0.007 0.001 0.002 0.004 0.077 0.052 0.003 0.001 0.089 0.000 0.000 

Locus 125 : 128423_39 
2 alleles
4.5% missing data
 130   (0.952) 0.999 0.997 0.951 0.993 0.999 0.999 0.997 0.952 0.961 0.998 0.995 0.999 1.000 1.000 
 100   (0.048) 0.001 0.003 0.049 0.007 0.001 0.001 0.003 0.048 0.039 0.002 0.005 0.001 0.000 0.000 

Locus 126 : 131572_48 
2 alleles
1.1% missing data
 120   (0.948) 0.999 0.997 0.952 0.995 0.999 0.939 0.997 0.948 0.960 0.998 0.999 0.999 1.000 0.999 
 100   (0.052) 0.001 0.003 0.048 0.005 0.001 0.061 0.003 0.052 0.040 0.002 0.001 0.001 0.000 0.001 

Locus 127 : 132199_62 
2 alleles
3.9% missing data
 100   (0.948) 0.999 0.756 0.957 0.995 0.999 0.999 0.997 0.948 0.967 0.998 0.999 0.999 1.000 1.000 
 120   (0.052) 0.001 0.244 0.043 0.005 0.001 0.001 0.003 0.052 0.033 0.002 0.001 0.001 0.000 0.000 

Locus 128 : 135566_64 
2 alleles
7.3% missing data
 130   (0.952) 0.999 0.997 0.952 0.995 0.999 0.999 0.997 0.951 0.964 0.998 0.997 0.999 1.000 1.000 
 110   (0.048) 0.001 0.003 0.048 0.005 0.001 0.001 0.003 0.049 0.036 0.002 0.003 0.001 0.000 0.000 

Locus 129 : 135761_5 
2 alleles
7.9% missing data
 130   (0.948) 0.999 0.907 0.956 0.995 0.999 0.999 0.997 0.949 0.966 0.998 0.999 0.999 1.000 1.000 
 100   (0.052) 0.001 0.093 0.044 0.005 0.001 0.001 0.003 0.051 0.034 0.002 0.001 0.001 0.000 0.000 

Locus 130 : 137219_35 
2 alleles
3.4% missing data
 120   (0.932) 0.998 0.996 0.930 0.993 0.999 0.999 0.996 0.932 0.948 0.997 0.984 0.999 1.000 1.000 
 100   (0.068) 0.002 0.004 0.070 0.007 0.001 0.001 0.004 0.068 0.052 0.003 0.016 0.001 0.000 0.000 

Locus 131 : 139081_20 
2 alleles
5.6% missing data
 120   (0.933) 0.998 0.996 0.934 0.936 0.999 0.996 0.996 0.933 0.951 0.975 0.999 0.999 1.000 1.000 
 110   (0.067) 0.002 0.004 0.066 0.064 0.001 0.004 0.004 0.067 0.049 0.025 0.001 0.001 0.000 0.000 

Locus 132 : 139084_52 
2 alleles
5.1% missing data
 120   (0.901) 0.950 0.994 0.879 0.832 0.998 0.997 0.994 0.900 0.924 0.996 0.993 0.998 1.000 0.999 
 110   (0.099) 0.050 0.006 0.121 0.168 0.002 0.003 0.006 0.100 0.076 0.004 0.007 0.002 0.000 0.001 

Locus 133 : 139433_54 
2 alleles
3.9% missing data
 120   (0.952) 0.999 0.947 0.961 0.996 0.999 0.999 0.998 0.952 0.968 0.998 0.999 0.999 1.000 1.000 
 100   (0.048) 0.001 0.053 0.039 0.004 0.001 0.001 0.002 0.048 0.032 0.002 0.001 0.001 0.000 0.000 

Locus 134 : 140063_88 
2 alleles
7.9% missing data
 110   (0.952) 0.999 0.997 0.951 0.994 0.999 0.999 0.997 0.951 0.964 0.991 0.999 0.999 1.000 1.000 
 100   (0.048) 0.001 0.003 0.049 0.006 0.001 0.001 0.003 0.049 0.036 0.009 0.001 0.001 0.000 0.000 

Locus 135 : 140194_73 
2 alleles
2.8% missing data
 120   (0.954) 0.999 0.997 0.958 0.993 0.999 0.999 0.997 0.954 0.968 0.998 0.999 0.979 1.000 1.000 
 110   (0.046) 0.001 0.003 0.042 0.007 0.001 0.001 0.003 0.046 0.032 0.002 0.001 0.021 0.000 0.000 

Locus 136 : 141313_8 
2 alleles
2.8% missing data
 120   (0.949) 0.999 0.921 0.957 0.995 0.999 0.999 0.997 0.949 0.967 0.998 0.999 0.999 1.000 1.000 
 100   (0.051) 0.001 0.079 0.043 0.005 0.001 0.001 0.003 0.051 0.033 0.002 0.001 0.001 0.000 0.000 

Locus 137 : 145284_28 
2 alleles
2.8% missing data
 130   (0.947) 0.999 0.997 0.955 0.611 0.999 0.999 0.997 0.947 0.965 0.998 0.999 0.999 1.000 1.000 
 110   (0.053) 0.001 0.003 0.045 0.389 0.001 0.001 0.003 0.053 0.035 0.002 0.001 0.001 0.000 0.000 

Locus 138 : 145957_11 
2 alleles
4.5% missing data
 130   (0.953) 0.999 0.997 0.961 0.995 0.999 0.999 0.998 0.953 0.969 0.998 0.999 0.999 1.000 0.889 
 110   (0.047) 0.001 0.003 0.039 0.005 0.001 0.001 0.002 0.047 0.031 0.002 0.001 0.001 0.000 0.111 

Locus 139 : 160306_34 
2 alleles
2.8% missing data
 120   (0.921) 0.996 0.995 0.927 0.993 0.999 0.988 0.780 0.922 0.945 0.957 0.999 0.998 1.000 1.000 
 100   (0.079) 0.004 0.005 0.073 0.007 0.001 0.012 0.220 0.078 0.055 0.043 0.001 0.002 0.000 0.000 

Locus 140 : 162107_37 
2 alleles
3.4% missing data
 120   (0.928) 0.998 0.996 0.928 0.993 0.999 0.998 0.905 0.928 0.946 0.991 0.999 0.999 1.000 1.000 
 100   (0.072) 0.002 0.004 0.072 0.007 0.001 0.002 0.095 0.072 0.054 0.009 0.001 0.001 0.000 0.000 

Locus 141 : 163290_36 
2 alleles
5.1% missing data
 130   (0.913) 0.893 0.995 0.921 0.756 0.994 0.996 0.995 0.913 0.937 0.997 0.989 0.998 0.996 0.997 
 110   (0.087) 0.107 0.005 0.079 0.244 0.006 0.004 0.005 0.087 0.063 0.003 0.011 0.002 0.004 0.003 

Locus 142 : 163453_13 
2 alleles
5.6% missing data
 120   (0.953) 0.992 0.997 0.941 0.995 0.999 0.999 0.998 0.953 0.965 0.998 0.999 0.999 1.000 1.000 
 110   (0.047) 0.008 0.003 0.059 0.005 0.001 0.001 0.002 0.047 0.035 0.002 0.001 0.001 0.000 0.000 

Locus 143 : 163580_14 
2 alleles
10.1% missing data
 120   (0.948) 0.999 0.997 0.956 0.995 0.999 0.999 0.997 0.948 0.965 0.998 0.999 0.999 0.894 1.000 
 100   (0.052) 0.001 0.003 0.044 0.005 0.001 0.001 0.003 0.052 0.035 0.002 0.001 0.001 0.106 0.000 

Locus 144 : 164461_13 
2 alleles
5.6% missing data
 100   (0.949) 0.885 0.997 0.957 0.995 0.999 0.999 0.997 0.950 0.966 0.998 0.999 0.999 1.000 1.000 
 120   (0.051) 0.115 0.003 0.043 0.005 0.001 0.001 0.003 0.050 0.034 0.002 0.001 0.001 0.000 0.000 

Locus 145 : 165413_43 
2 alleles
1.7% missing data
 110   (0.944) 0.998 0.997 0.945 0.994 0.999 0.998 0.997 0.944 0.959 0.952 0.999 0.999 1.000 1.000 
 130   (0.056) 0.002 0.003 0.055 0.006 0.001 0.002 0.003 0.056 0.041 0.048 0.001 0.001 0.000 0.000 

Locus 146 : 168629_44 
2 alleles
5.6% missing data
 130   (0.936) 0.987 0.996 0.936 0.990 0.999 0.998 0.996 0.936 0.945 0.966 0.992 0.998 1.000 1.000 
 110   (0.064) 0.013 0.004 0.064 0.010 0.001 0.002 0.004 0.064 0.055 0.034 0.008 0.002 0.000 0.000 

Locus 147 : 168991_77 
2 alleles
5.6% missing data
 110   (0.826) 0.987 0.989 0.807 0.978 0.997 0.895 0.665 0.825 0.856 0.897 0.950 0.996 0.999 0.999 
 100   (0.174) 0.013 0.011 0.193 0.022 0.003 0.105 0.335 0.175 0.144 0.103 0.050 0.004 0.001 0.001 

Locus 148 : 169478_88 
2 alleles
5.1% missing data
 130   (0.952) 0.999 0.997 0.957 0.995 0.999 0.999 0.997 0.952 0.967 0.998 0.999 0.982 1.000 1.000 
 100   (0.048) 0.001 0.003 0.043 0.005 0.001 0.001 0.003 0.048 0.033 0.002 0.001 0.018 0.000 0.000 

Locus 149 : 169898_8 
2 alleles
6.2% missing data
 120   (0.935) 0.976 0.996 0.941 0.993 0.999 0.998 0.996 0.935 0.957 0.921 0.999 0.998 1.000 1.000 
 100   (0.065) 0.024 0.004 0.059 0.007 0.001 0.002 0.004 0.065 0.043 0.079 0.001 0.002 0.000 0.000 

Locus 150 : 170224_42 
2 alleles
7.3% missing data
 100   (0.902) 0.823 0.993 0.897 0.984 0.998 0.997 0.994 0.902 0.920 0.955 0.972 0.998 1.000 0.999 
 120   (0.098) 0.177 0.007 0.103 0.016 0.002 0.003 0.006 0.098 0.080 0.045 0.028 0.002 0.000 0.001 

Locus 151 : 174083_22 
2 alleles
3.9% missing data
 120   (0.949) 0.999 0.790 0.957 0.995 0.999 0.999 0.997 0.949 0.967 0.998 0.999 0.999 1.000 1.000 
 100   (0.051) 0.001 0.210 0.043 0.005 0.001 0.001 0.003 0.051 0.033 0.002 0.001 0.001 0.000 0.000 

Locus 152 : 174223_24 
2 alleles
2.8% missing data
 120   (0.949) 0.999 0.997 0.950 0.995 0.995 0.999 0.997 0.949 0.959 0.998 0.999 0.999 1.000 1.000 
 100   (0.051) 0.001 0.003 0.050 0.005 0.005 0.001 0.003 0.051 0.041 0.002 0.001 0.001 0.000 0.000 

Locus 153 : 174263_44 
2 alleles
3.9% missing data
 130   (0.955) 0.999 0.997 0.962 0.996 0.999 0.999 0.998 0.956 0.972 0.998 1.000 0.851 1.000 1.000 
 110   (0.045) 0.001 0.003 0.038 0.004 0.001 0.001 0.002 0.044 0.028 0.002 0.000 0.149 0.000 0.000 

Locus 154 : 175657_6 
2 alleles
8.4% missing data
 100   (0.923) 0.998 0.995 0.935 0.993 0.999 0.998 0.765 0.924 0.950 0.929 0.999 0.998 1.000 1.000 
 130   (0.077) 0.002 0.005 0.065 0.007 0.001 0.002 0.235 0.076 0.050 0.071 0.001 0.002 0.000 0.000 

Locus 155 : 176570_23 
2 alleles
3.9% missing data
 130   (0.950) 0.997 0.997 0.916 0.995 0.996 0.984 0.997 0.951 0.931 0.998 0.992 0.999 1.000 0.988 
 110   (0.050) 0.003 0.003 0.084 0.005 0.004 0.016 0.003 0.049 0.069 0.002 0.008 0.001 0.000 0.012 

Locus 156 : 176775_13 
2 alleles
6.7% missing data
 130   (0.941) 0.998 0.710 0.951 0.994 0.999 0.999 0.997 0.942 0.961 0.998 0.999 0.999 1.000 1.000 
 110   (0.059) 0.002 0.290 0.049 0.006 0.001 0.001 0.003 0.058 0.039 0.002 0.001 0.001 0.000 0.000 

Locus 157 : 178448_19 
2 alleles
3.4% missing data
 120   (0.951) 0.999 0.884 0.960 0.996 0.999 0.999 0.998 0.952 0.970 0.998 0.999 0.999 1.000 1.000 
 100   (0.049) 0.001 0.116 0.040 0.004 0.001 0.001 0.002 0.048 0.030 0.002 0.001 0.001 0.000 0.000 

Locus 158 : 179162_16 
2 alleles
6.2% missing data
 120   (0.951) 0.999 0.972 0.959 0.995 0.999 0.999 0.997 0.951 0.966 0.998 0.999 0.999 1.000 1.000 
 100   (0.049) 0.001 0.028 0.041 0.005 0.001 0.001 0.003 0.049 0.034 0.002 0.001 0.001 0.000 0.000 

Locus 159 : 179286_31 
2 alleles
2.8% missing data
 120   (0.926) 0.998 0.996 0.932 0.993 0.999 0.992 0.907 0.926 0.950 0.911 0.999 0.998 1.000 1.000 
 100   (0.074) 0.002 0.004 0.068 0.007 0.001 0.008 0.093 0.074 0.050 0.089 0.001 0.002 0.000 0.000 

Locus 160 : 179594_17 
2 alleles
4.5% missing data
 120   (0.906) 0.980 0.994 0.891 0.930 0.995 0.998 0.742 0.906 0.933 0.996 0.999 0.998 1.000 1.000 
 100   (0.094) 0.020 0.006 0.109 0.070 0.005 0.002 0.258 0.094 0.067 0.004 0.001 0.002 0.000 0.000 

Locus 161 : 180413_54 
2 alleles
3.9% missing data
 100   (0.946) 0.999 0.883 0.955 0.995 0.999 0.999 0.997 0.946 0.964 0.998 0.999 0.999 1.000 1.000 
 110   (0.054) 0.001 0.117 0.045 0.005 0.001 0.001 0.003 0.054 0.036 0.002 0.001 0.001 0.000 0.000 

Locus 162 : 182862_79 
2 alleles
3.4% missing data
 130   (0.945) 0.999 0.870 0.955 0.995 0.999 0.999 0.997 0.946 0.964 0.998 0.999 0.999 1.000 1.000 
 110   (0.055) 0.001 0.130 0.045 0.005 0.001 0.001 0.003 0.054 0.036 0.002 0.001 0.001 0.000 0.000 

Locus 163 : 183288_63 
2 alleles
10.1% missing data
 100   (0.954) 0.999 0.972 0.960 0.995 0.999 0.999 0.997 0.954 0.970 0.998 0.999 0.999 1.000 1.000 
 120   (0.046) 0.001 0.028 0.040 0.005 0.001 0.001 0.003 0.046 0.030 0.002 0.001 0.001 0.000 0.000 

Locus 164 : 183906_55 
2 alleles
6.7% missing data
 130   (0.949) 0.999 0.946 0.957 0.995 0.999 0.999 0.997 0.949 0.965 0.998 0.999 0.999 1.000 1.000 
 100   (0.051) 0.001 0.054 0.043 0.005 0.001 0.001 0.003 0.051 0.035 0.002 0.001 0.001 0.000 0.000 

Locus 165 : 183990_7 
2 alleles
3.4% missing data
 120   (0.943) 0.997 0.997 0.947 0.995 0.999 0.998 0.997 0.943 0.961 0.998 0.849 0.999 1.000 1.000 
 100   (0.057) 0.003 0.003 0.053 0.005 0.001 0.002 0.003 0.057 0.039 0.002 0.151 0.001 0.000 0.000 

Locus 166 : 185904_60 
2 alleles
3.4% missing data
 120   (0.945) 0.936 0.997 0.949 0.995 0.999 0.999 0.997 0.945 0.962 0.998 0.999 0.999 1.000 1.000 
 100   (0.055) 0.064 0.003 0.051 0.005 0.001 0.001 0.003 0.055 0.038 0.002 0.001 0.001 0.000 0.000 

Locus 167 : 191703_64 
2 alleles
1.7% missing data
 130   (0.923) 0.998 0.995 0.932 0.675 0.999 0.998 0.868 0.923 0.948 0.997 0.999 0.998 1.000 1.000 
 110   (0.077) 0.002 0.005 0.068 0.325 0.001 0.002 0.132 0.077 0.052 0.003 0.001 0.002 0.000 0.000 

Locus 168 : 193854_7 
2 alleles
1.7% missing data
 130   (0.926) 0.998 0.885 0.935 0.993 0.999 0.998 0.996 0.926 0.949 0.997 0.999 0.982 1.000 1.000 
 110   (0.074) 0.002 0.115 0.065 0.007 0.001 0.002 0.004 0.074 0.051 0.003 0.001 0.018 0.000 0.000 

Locus 169 : 194868_38 
2 alleles
5.6% missing data
 120   (0.938) 0.999 0.996 0.944 0.993 0.999 0.997 0.975 0.938 0.958 0.897 0.997 0.999 1.000 1.000 
 100   (0.062) 0.001 0.004 0.056 0.007 0.001 0.003 0.025 0.062 0.042 0.103 0.003 0.001 0.000 0.000 

Locus 170 : 195463_36 
2 alleles
5.1% missing data
 120   (0.950) 0.999 0.997 0.957 0.996 0.999 0.999 0.861 0.950 0.966 0.998 0.999 0.999 1.000 1.000 
 100   (0.050) 0.001 0.003 0.043 0.004 0.001 0.001 0.139 0.050 0.034 0.002 0.001 0.001 0.000 0.000 

Locus 171 : 195727_20 
2 alleles
1.7% missing data
 130   (0.947) 0.999 0.916 0.956 0.995 0.999 0.999 0.997 0.947 0.965 0.998 0.999 0.999 1.000 1.000 
 110   (0.053) 0.001 0.084 0.044 0.005 0.001 0.001 0.003 0.053 0.035 0.002 0.001 0.001 0.000 0.000 

Locus 172 : 197508_5 
2 alleles
2.2% missing data
 120   (0.950) 0.999 0.997 0.949 0.995 0.999 0.999 0.997 0.949 0.963 0.992 0.999 0.999 1.000 1.000 
 100   (0.050) 0.001 0.003 0.051 0.005 0.001 0.001 0.003 0.051 0.037 0.008 0.001 0.001 0.000 0.000 

Locus 173 : 199140_10 
2 alleles
4.5% missing data
 130   (0.955) 0.999 0.997 0.955 0.995 0.999 0.999 0.998 0.955 0.967 0.998 0.997 0.999 1.000 1.000 
 110   (0.045) 0.001 0.003 0.045 0.005 0.001 0.001 0.002 0.045 0.033 0.002 0.003 0.001 0.000 0.000 

Locus 174 : 199429_51 
2 alleles
5.1% missing data
 130   (0.950) 0.991 0.997 0.940 0.994 0.999 0.999 0.997 0.949 0.963 0.998 0.999 0.999 1.000 1.000 
 100   (0.050) 0.009 0.003 0.060 0.006 0.001 0.001 0.003 0.051 0.037 0.002 0.001 0.001 0.000 0.000 

Locus 175 : 199635_9 
2 alleles
3.4% missing data
 120   (0.948) 0.999 0.833 0.956 0.995 0.999 0.999 0.997 0.948 0.965 0.998 0.999 0.999 1.000 1.000 
 100   (0.052) 0.001 0.167 0.044 0.005 0.001 0.001 0.003 0.052 0.035 0.002 0.001 0.001 0.000 0.000 

Locus 176 : 200923_8 
2 alleles
5.1% missing data
 100   (0.953) 0.999 0.997 0.957 0.938 0.999 0.999 0.995 0.953 0.968 0.998 0.999 0.999 1.000 1.000 
 110   (0.047) 0.001 0.003 0.043 0.062 0.001 0.001 0.005 0.047 0.032 0.002 0.001 0.001 0.000 0.000 

Locus 177 : 201090_64 
2 alleles
5.1% missing data
 130   (0.952) 0.973 0.997 0.956 0.995 0.999 0.999 0.997 0.952 0.967 0.998 0.999 0.999 1.000 1.000 
 100   (0.048) 0.027 0.003 0.044 0.005 0.001 0.001 0.003 0.048 0.033 0.002 0.001 0.001 0.000 0.000 

Locus 178 : 201549_57 
2 alleles
4.5% missing data
 120   (0.950) 0.999 0.997 0.958 0.996 0.999 0.999 0.907 0.951 0.968 0.998 0.999 0.999 1.000 1.000 
 110   (0.050) 0.001 0.003 0.042 0.004 0.001 0.001 0.093 0.049 0.032 0.002 0.001 0.001 0.000 0.000 

Locus 179 : 203565_40 
2 alleles
3.9% missing data
 120   (0.955) 0.999 0.997 0.961 0.940 0.999 0.999 0.998 0.955 0.970 0.998 0.999 0.999 1.000 1.000 
 100   (0.045) 0.001 0.003 0.039 0.060 0.001 0.001 0.002 0.045 0.030 0.002 0.001 0.001 0.000 0.000 

Locus 180 : 205184_19 
2 alleles
7.3% missing data
 110   (0.906) 0.998 0.765 0.920 0.992 0.999 0.998 0.995 0.907 0.938 0.997 0.999 0.875 1.000 1.000 
 120   (0.094) 0.002 0.235 0.080 0.008 0.001 0.002 0.005 0.093 0.062 0.003 0.001 0.125 0.000 0.000 

Locus 181 : 206551_17 
2 alleles
6.2% missing data
 120   (0.886) 0.688 0.993 0.884 0.948 0.915 0.997 0.972 0.886 0.914 0.995 0.994 0.998 1.000 0.999 
 100   (0.114) 0.312 0.007 0.116 0.052 0.085 0.003 0.028 0.114 0.086 0.005 0.006 0.002 0.000 0.001 

Locus 182 : 216246_19 
2 alleles
2.8% missing data
 110   (0.936) 0.997 0.996 0.921 0.991 0.999 0.997 0.988 0.935 0.945 0.986 0.994 0.999 1.000 1.000 
 130   (0.064) 0.003 0.004 0.079 0.009 0.001 0.003 0.012 0.065 0.055 0.014 0.006 0.001 0.000 0.000 

Locus 183 : 216776_13 
2 alleles
5.6% missing data
 120   (0.907) 0.998 0.734 0.922 0.992 0.862 0.998 0.995 0.908 0.939 0.997 0.999 0.991 1.000 1.000 
 110   (0.093) 0.002 0.266 0.078 0.008 0.138 0.002 0.005 0.092 0.061 0.003 0.001 0.009 0.000 0.000 

Locus 184 : 217291_37 
2 alleles
3.9% missing data
 120   (0.944) 0.998 0.997 0.940 0.995 0.999 0.999 0.922 0.944 0.953 0.998 0.999 0.999 1.000 1.000 
 100   (0.056) 0.002 0.003 0.060 0.005 0.001 0.001 0.078 0.056 0.047 0.002 0.001 0.001 0.000 0.000 

Locus 185 : 217570_13 
2 alleles
3.9% missing data
 130   (0.949) 0.999 0.869 0.958 0.995 0.999 0.999 0.997 0.949 0.967 0.998 0.999 0.999 1.000 1.000 
 110   (0.051) 0.001 0.131 0.042 0.005 0.001 0.001 0.003 0.051 0.033 0.002 0.001 0.001 0.000 0.000 

Locus 186 : 220422_65 
2 alleles
3.4% missing data
 120   (0.938) 0.997 0.996 0.914 0.994 0.999 0.994 0.988 0.938 0.941 0.981 0.998 0.999 1.000 1.000 
 110   (0.062) 0.003 0.004 0.086 0.006 0.001 0.006 0.012 0.062 0.059 0.019 0.002 0.001 0.000 0.000 

Locus 187 : 220502_40 
2 alleles
6.7% missing data
 120   (0.949) 0.998 0.997 0.956 0.995 0.999 0.968 0.997 0.949 0.964 0.998 0.999 0.999 1.000 1.000 
 110   (0.051) 0.002 0.003 0.044 0.005 0.001 0.032 0.003 0.051 0.036 0.002 0.001 0.001 0.000 0.000 

Locus 188 : 220519_81 
2 alleles
4.5% missing data
 130   (0.921) 0.998 0.861 0.930 0.939 0.999 0.998 0.996 0.921 0.946 0.997 0.999 0.998 1.000 1.000 
 110   (0.079) 0.002 0.139 0.070 0.061 0.001 0.002 0.004 0.079 0.054 0.003 0.001 0.002 0.000 0.000 

Locus 189 : 222347_17 
2 alleles
3.9% missing data
 120   (0.947) 0.999 0.895 0.957 0.995 0.999 0.999 0.997 0.948 0.964 0.998 0.999 0.999 1.000 1.000 
 100   (0.053) 0.001 0.105 0.043 0.005 0.001 0.001 0.003 0.052 0.036 0.002 0.001 0.001 0.000 0.000 

Locus 190 : 222896_46 
2 alleles
0.6% missing data
 110   (0.947) 0.999 0.946 0.955 0.995 0.999 0.999 0.997 0.947 0.965 0.998 0.999 0.999 1.000 1.000 
 130   (0.053) 0.001 0.054 0.045 0.005 0.001 0.001 0.003 0.053 0.035 0.002 0.001 0.001 0.000 0.000 

Locus 191 : 223181_12 
2 alleles
3.4% missing data
 120   (0.945) 0.999 0.728 0.954 0.995 0.999 0.999 0.997 0.945 0.964 0.998 0.999 0.999 1.000 1.000 
 100   (0.055) 0.001 0.272 0.046 0.005 0.001 0.001 0.003 0.055 0.036 0.002 0.001 0.001 0.000 0.000 

Locus 192 : 224649_57 
2 alleles
5.1% missing data
 100   (0.956) 0.999 0.997 0.959 0.995 0.999 0.999 0.998 0.956 0.969 0.998 0.999 0.981 1.000 1.000 
 110   (0.044) 0.001 0.003 0.041 0.005 0.001 0.001 0.002 0.044 0.031 0.002 0.001 0.019 0.000 0.000 

Locus 193 : 226245_11 
2 alleles
5.1% missing data
 130   (0.953) 0.999 0.997 0.960 0.995 0.999 0.919 0.998 0.953 0.970 0.998 0.999 0.999 1.000 1.000 
 110   (0.047) 0.001 0.003 0.040 0.005 0.001 0.081 0.002 0.047 0.030 0.002 0.001 0.001 0.000 0.000 

Locus 194 : 226342_59 
2 alleles
6.2% missing data
 120   (0.913) 0.996 0.915 0.919 0.990 0.995 0.997 0.995 0.913 0.938 0.996 0.998 0.968 0.999 0.999 
 100   (0.087) 0.004 0.085 0.081 0.010 0.005 0.003 0.005 0.087 0.062 0.004 0.002 0.032 0.001 0.001 

Locus 195 : 228970_13 
2 alleles
3.9% missing data
 120   (0.950) 0.999 0.997 0.957 0.995 0.999 0.999 0.959 0.951 0.966 0.998 0.999 0.999 1.000 1.000 
 100   (0.050) 0.001 0.003 0.043 0.005 0.001 0.001 0.041 0.049 0.034 0.002 0.001 0.001 0.000 0.000 

Locus 196 : 229097_27 
2 alleles
5.1% missing data
 130   (0.944) 0.999 0.795 0.953 0.995 0.999 0.999 0.997 0.944 0.962 0.998 0.999 0.999 1.000 1.000 
 110   (0.056) 0.001 0.205 0.047 0.005 0.001 0.001 0.003 0.056 0.038 0.002 0.001 0.001 0.000 0.000 

Locus 197 : 229177_29 
2 alleles
7.3% missing data
 130   (0.945) 0.997 0.997 0.953 0.995 0.831 0.999 0.997 0.946 0.961 0.998 0.999 0.999 0.998 0.999 
 110   (0.055) 0.003 0.003 0.047 0.005 0.169 0.001 0.003 0.054 0.039 0.002 0.001 0.001 0.002 0.001 

Locus 198 : 229612_7 
2 alleles
6.2% missing data
 100   (0.951) 0.999 0.997 0.952 0.995 0.999 0.999 0.997 0.951 0.963 0.991 0.999 0.999 1.000 1.000 
 120   (0.049) 0.001 0.003 0.048 0.005 0.001 0.001 0.003 0.049 0.037 0.009 0.001 0.001 0.000 0.000 

Locus 199 : 229936_67 
2 alleles
3.9% missing data
 120   (0.950) 0.996 0.997 0.915 0.995 0.996 0.984 0.997 0.950 0.932 0.998 0.992 0.999 1.000 0.987 
 100   (0.050) 0.004 0.003 0.085 0.005 0.004 0.016 0.003 0.050 0.068 0.002 0.008 0.001 0.000 0.013 

Locus 200 : 232937_62 
2 alleles
2.2% missing data
 100   (0.954) 0.999 0.997 0.954 0.996 0.996 0.999 0.998 0.953 0.962 0.998 0.999 0.999 1.000 1.000 
 120   (0.046) 0.001 0.003 0.046 0.004 0.004 0.001 0.002 0.047 0.038 0.002 0.001 0.001 0.000 0.000 

Locus 201 : 233194_6 
2 alleles
2.8% missing data
 120   (0.921) 0.998 0.671 0.928 0.992 0.999 0.998 0.996 0.922 0.946 0.997 0.999 0.968 1.000 1.000 
 100   (0.079) 0.002 0.329 0.072 0.008 0.001 0.002 0.004 0.078 0.054 0.003 0.001 0.032 0.000 0.000 

Locus 202 : 234346_33 
2 alleles
4.5% missing data
 110   (0.950) 0.999 0.997 0.958 0.996 0.999 0.999 0.997 0.950 0.967 0.998 0.999 0.829 1.000 1.000 
 130   (0.050) 0.001 0.003 0.042 0.004 0.001 0.001 0.003 0.050 0.033 0.002 0.001 0.171 0.000 0.000 

Locus 203 : 235241_77 
2 alleles
2.2% missing data
 130   (0.947) 0.999 0.842 0.956 0.995 0.999 0.999 0.997 0.948 0.965 0.998 0.999 0.999 1.000 1.000 
 100   (0.053) 0.001 0.158 0.044 0.005 0.001 0.001 0.003 0.052 0.035 0.002 0.001 0.001 0.000 0.000 

Locus 204 : 236207_44 
2 alleles
6.2% missing data
 120   (0.883) 0.997 0.993 0.897 0.873 0.998 0.788 0.960 0.883 0.920 0.995 0.999 0.998 1.000 0.827 
 100   (0.117) 0.003 0.007 0.103 0.127 0.002 0.212 0.040 0.117 0.080 0.005 0.001 0.002 0.000 0.173 

Locus 205 : 236307_12 
2 alleles
1.7% missing data
 130   (0.946) 0.998 0.997 0.954 0.995 0.999 0.998 0.993 0.946 0.963 0.998 0.658 0.999 1.000 1.000 
 110   (0.054) 0.002 0.003 0.046 0.005 0.001 0.002 0.007 0.054 0.037 0.002 0.342 0.001 0.000 0.000 

Locus 206 : 236931_45 
2 alleles
6.7% missing data
 120   (0.872) 0.997 0.992 0.887 0.444 0.998 0.994 0.718 0.872 0.908 0.727 0.998 0.997 1.000 0.999 
 100   (0.128) 0.003 0.008 0.113 0.556 0.002 0.006 0.282 0.128 0.092 0.273 0.002 0.003 0.000 0.001 

Locus 207 : 236999_38 
2 alleles
2.8% missing data
 120   (0.948) 0.999 0.947 0.956 0.996 0.999 0.999 0.997 0.948 0.965 0.998 0.999 0.999 1.000 1.000 
 100   (0.052) 0.001 0.053 0.044 0.004 0.001 0.001 0.003 0.052 0.035 0.002 0.001 0.001 0.000 0.000 

Locus 208 : 240398_42 
2 alleles
3.9% missing data
 110   (0.836) 0.996 0.990 0.846 0.450 0.998 0.996 0.888 0.836 0.873 0.836 0.698 0.997 1.000 0.999 
 130   (0.164) 0.004 0.010 0.154 0.550 0.002 0.004 0.112 0.164 0.127 0.164 0.302 0.003 0.000 0.001 

Locus 209 : 240825_22 
2 alleles
6.2% missing data
 130   (0.952) 0.991 0.997 0.953 0.992 0.997 0.997 0.997 0.952 0.963 0.998 0.999 0.999 1.000 0.999 
 110   (0.048) 0.009 0.003 0.047 0.008 0.003 0.003 0.003 0.048 0.037 0.002 0.001 0.001 0.000 0.001 

Locus 210 : 244435_48 
2 alleles
1.7% missing data
 110   (0.952) 0.999 0.997 0.959 0.996 0.999 0.919 0.998 0.952 0.969 0.998 0.999 0.999 1.000 1.000 
 130   (0.048) 0.001 0.003 0.041 0.004 0.001 0.081 0.002 0.048 0.031 0.002 0.001 0.001 0.000 0.000 

Locus 211 : 245971_21 
2 alleles
5.1% missing data
 130   (0.952) 0.999 0.916 0.960 0.996 0.999 0.999 0.998 0.952 0.969 0.998 0.999 0.999 1.000 1.000 
 120   (0.048) 0.001 0.084 0.040 0.004 0.001 0.001 0.002 0.048 0.031 0.002 0.001 0.001 0.000 0.000 

Locus 212 : 246895_22 
2 alleles
3.4% missing data
 120   (0.954) 0.999 0.997 0.952 0.996 0.999 0.999 0.998 0.953 0.967 0.998 0.996 0.999 1.000 1.000 
 110   (0.046) 0.001 0.003 0.048 0.004 0.001 0.001 0.002 0.047 0.033 0.002 0.004 0.001 0.000 0.000 

Locus 213 : 248131_26 
2 alleles
7.9% missing data
 130   (0.935) 0.965 0.996 0.933 0.992 0.998 0.997 0.994 0.935 0.951 0.980 0.998 0.998 0.999 1.000 
 110   (0.065) 0.035 0.004 0.067 0.008 0.002 0.003 0.006 0.065 0.049 0.020 0.002 0.002 0.001 0.000 

Locus 214 : 250844_49 
2 alleles
7.3% missing data
 130   (0.949) 0.999 0.997 0.946 0.995 0.999 0.999 0.997 0.948 0.959 0.991 0.999 0.999 1.000 1.000 
 100   (0.051) 0.001 0.003 0.054 0.005 0.001 0.001 0.003 0.052 0.041 0.009 0.001 0.001 0.000 0.000 

Locus 215 : 251283_19 
2 alleles
5.6% missing data
 120   (0.949) 0.999 0.997 0.957 0.826 0.999 0.999 0.997 0.949 0.966 0.998 0.999 0.999 1.000 1.000 
 100   (0.051) 0.001 0.003 0.043 0.174 0.001 0.001 0.003 0.051 0.034 0.002 0.001 0.001 0.000 0.000 

Locus 216 : 251358_15 
2 alleles
8.4% missing data
 110   (0.923) 0.998 0.995 0.931 0.990 0.999 0.962 0.995 0.923 0.947 0.826 0.999 0.998 1.000 1.000 
 120   (0.077) 0.002 0.005 0.069 0.010 0.001 0.038 0.005 0.077 0.053 0.174 0.001 0.002 0.000 0.000 

Locus 217 : 251901_42 
2 alleles
2.2% missing data
 120   (0.949) 0.987 0.997 0.951 0.995 0.999 0.998 0.997 0.948 0.962 0.998 0.999 0.999 1.000 1.000 
 100   (0.051) 0.013 0.003 0.049 0.005 0.001 0.002 0.003 0.052 0.038 0.002 0.001 0.001 0.000 0.000 

Locus 218 : 252158_43 
2 alleles
0.0% missing data
 120   (0.949) 0.999 0.920 0.956 0.995 0.999 0.999 0.997 0.949 0.967 0.998 0.999 0.999 1.000 1.000 
 100   (0.051) 0.001 0.080 0.044 0.005 0.001 0.001 0.003 0.051 0.033 0.002 0.001 0.001 0.000 0.000 

Locus 219 : 252988_16 
2 alleles
7.9% missing data
 110   (0.945) 0.784 0.997 0.951 0.994 0.999 0.999 0.997 0.945 0.962 0.997 0.999 0.999 1.000 1.000 
 100   (0.055) 0.216 0.003 0.049 0.006 0.001 0.001 0.003 0.055 0.038 0.003 0.001 0.001 0.000 0.000 

Locus 220 : 254425_88 
2 alleles
5.6% missing data
 130   (0.914) 0.998 0.778 0.927 0.992 0.998 0.998 0.996 0.915 0.943 0.997 0.999 0.890 1.000 1.000 
 110   (0.086) 0.002 0.222 0.073 0.008 0.002 0.002 0.004 0.085 0.057 0.003 0.001 0.110 0.000 0.000 

Locus 221 : 256337_57 
2 alleles
5.6% missing data
 110   (0.952) 0.999 0.997 0.958 0.931 0.999 0.999 0.997 0.952 0.968 0.998 0.999 0.999 1.000 1.000 
 130   (0.048) 0.001 0.003 0.042 0.069 0.001 0.001 0.003 0.048 0.032 0.002 0.001 0.001 0.000 0.000 

Locus 222 : 259058_15 
2 alleles
1.7% missing data
 120   (0.952) 0.999 0.997 0.960 0.996 0.999 0.999 0.998 0.952 0.967 0.998 0.999 0.881 1.000 1.000 
 100   (0.048) 0.001 0.003 0.040 0.004 0.001 0.001 0.002 0.048 0.033 0.002 0.001 0.119 0.000 0.000 

Locus 223 : 259869_81 
2 alleles
0.6% missing data
 120   (0.952) 0.999 0.997 0.959 0.996 0.999 0.999 0.998 0.953 0.968 0.998 0.999 0.945 1.000 1.000 
 130   (0.048) 0.001 0.003 0.041 0.004 0.001 0.001 0.002 0.047 0.032 0.002 0.001 0.055 0.000 0.000 

Locus 224 : 260700_55 
2 alleles
2.2% missing data
 130   (0.953) 0.995 0.997 0.956 0.995 0.981 0.999 0.997 0.953 0.967 0.998 0.999 0.999 1.000 1.000 
 110   (0.047) 0.005 0.003 0.044 0.005 0.019 0.001 0.003 0.047 0.033 0.002 0.001 0.001 0.000 0.000 

Locus 225 : 262223_11 
2 alleles
4.5% missing data
 130   (0.954) 0.999 0.997 0.962 0.996 0.890 0.999 0.997 0.954 0.969 0.998 0.999 0.999 1.000 1.000 
 100   (0.046) 0.001 0.003 0.038 0.004 0.110 0.001 0.003 0.046 0.031 0.002 0.001 0.001 0.000 0.000 

Locus 226 : 262346_48 
2 alleles
3.4% missing data
 130   (0.948) 0.999 0.997 0.955 0.400 0.999 0.999 0.997 0.948 0.966 0.998 0.999 0.999 1.000 1.000 
 110   (0.052) 0.001 0.003 0.045 0.600 0.001 0.001 0.003 0.052 0.034 0.002 0.001 0.001 0.000 0.000 

Locus 227 : 262620_18 
2 alleles
3.9% missing data
 110   (0.935) 0.998 0.995 0.930 0.992 0.998 0.992 0.995 0.934 0.954 0.996 0.989 0.998 0.999 0.992 
 130   (0.065) 0.002 0.005 0.070 0.008 0.002 0.008 0.005 0.066 0.046 0.004 0.011 0.002 0.001 0.008 

Locus 228 : 263002_42 
2 alleles
3.4% missing data
 120   (0.948) 0.999 0.997 0.955 0.995 0.999 0.999 0.997 0.949 0.965 0.862 0.999 0.999 1.000 1.000 
 100   (0.052) 0.001 0.003 0.045 0.005 0.001 0.001 0.003 0.051 0.035 0.138 0.001 0.001 0.000 0.000 

Locus 229 : 263813_70 
2 alleles
10.1% missing data
 130   (0.950) 0.999 0.997 0.958 0.995 0.999 0.999 0.997 0.950 0.966 0.998 0.999 0.941 1.000 1.000 
 110   (0.050) 0.001 0.003 0.042 0.005 0.001 0.001 0.003 0.050 0.034 0.002 0.001 0.059 0.000 0.000 

Locus 230 : 264184_13 
2 alleles
10.1% missing data
 110   (0.907) 0.873 0.994 0.913 0.948 0.999 0.866 0.995 0.907 0.936 0.996 0.999 0.998 1.000 1.000 
 130   (0.093) 0.127 0.006 0.087 0.052 0.001 0.134 0.005 0.093 0.064 0.004 0.001 0.002 0.000 0.000 

Values of parameters used in structure:
DATAFILE=C:\Users\jmahg\OneDrive\Desktop\Transfers\TrkNbr-1524n1282n1083_AllPops_Structure_p18_r080_LDnHWEx\project_data,	OUTFILE=C:\Users\jmahg\OneDrive\Desktop\Transfers\TrkNbr-1524n1282n1083_AllPops_Structure_p18_r080_LDnHWEx\BI50000_MCMC100000\Results\BI50000_MCMC100000_run_134,	NUMINDS=178,	NUMLOCI=230,	MISSING=0,	LABEL=1,	POPDATA=1,	POPFLAG=0,	PHENOTYPE=0,	EXTRACOLS=0,	MAXPOPS=14,	BURNIN=50000,	NUMREPS=100000,	USEPOPINFO=0,	INFERALPHA=1,	INFERLAMBDA=0,	POPSPECIFICLAMBDA=0,	POPALPHAS=0,	COMPUTEPROB=1,	NOADMIX=0,	ADMBURNIN=2500,	UPDATEFREQ=1,	PRINTLIKES=0,	INTERMEDSAVE=0,	PRINTKLD=0,	PRINTNET=0,	PRINTLAMBDA=0,	ANCESTDIST=0,	NUMBOXES=1000,	ANCESTPINT=0.90000,	GENSBACK=2,	MIGRPRIOR=0.05000,	PRINTQHAT=0,	PRINTQSUM=0,	ALPHA=1.0000,	FREQSCORR=1,	FPRIORMEAN=0.0100,	FPRIORSD=0.0500,	ONEFST=0,	LAMBDA=1.0000,	UNIFPRIORALPHA=1,	ALPHAMAX=10.0000,	ALPHAPRIORA=1.0000,	ALPHAPRIORB=2.0000,	ALPHAPROPSD=0.0250,	STARTATPOPINFO=0,	RANDOMIZE=1,	LINKAGE=0,	METROFREQ=10,	REPORTHITRATE=0,	MARKOVPHASE=-1,	PHASED=0,	PLOIDY=2,	PHASEINFO=0	LOCPRIOR=0, 	LOCPRIORINIT=1.000000, 	LOCDATA=0, 	LOCISPOP=0, 	LOCPRIORSTEP=0.100000, 	MAXLOCPRIOR=20.000000, 	SEED=1602990410,	
[STRAT parameters]:    NUMSIMSTATS=1000,	PHENOTYPECOL=-9,	POOLFREQ=10,	LOCUSxONLY=0,	EMERROR=0.00100,	MISSINGPHENO=-9,	