

----------------------------------------------------
STRUCTURE by Pritchard, Stephens and Donnelly (2000)
     and Falush, Stephens and Pritchard (2003)
       Code by Pritchard, Falush and Hubisz
             Version 2.3.4 (Jul 2012)
----------------------------------------------------



Command line arguments:   bin\structure -m C:\Users\jmahg\OneDrive\Desktop\Transfers\TrkNbr-1524n1282n1083_AllPops_Structure_p18_r080_LDnHWEx\BI50000_MCMC100000\mainparams -e C:\Users\jmahg\OneDrive\Desktop\Transfers\TrkNbr-1524n1282n1083_AllPops_Structure_p18_r080_LDnHWEx\BI50000_MCMC100000\extraparams 
Input File:    C:\Users\jmahg\OneDrive\Desktop\Transfers\TrkNbr-1524n1282n1083_AllPops_Structure_p18_r080_LDnHWEx\project_data

Run parameters:
   178 individuals
   230 loci
   17 populations assumed
   50000 Burn-in period
   100000 Reps


--------------------------------------------
Proportion of membership of each pre-defined
 population in each of the 17 clusters

Given    Inferred Clusters                                                                                                         Number of
 Pop       1      2      3      4      5      6      7      8      9     10     11     12     13     14     15     16     17      Individuals

  1:     0.010  0.023  0.009  0.006  0.516  0.002  0.011  0.005  0.030  0.030  0.007  0.022  0.019  0.041  0.008  0.250  0.013       10
  2:     0.037  0.066  0.004  0.007  0.050  0.002  0.012  0.015  0.058  0.075  0.007  0.072  0.006  0.070  0.020  0.023  0.476        8
  3:     0.029  0.105  0.004  0.008  0.017  0.002  0.504  0.003  0.102  0.028  0.008  0.045  0.006  0.104  0.013  0.009  0.012       10
  4:     0.421  0.092  0.016  0.010  0.024  0.002  0.024  0.008  0.095  0.036  0.010  0.049  0.017  0.097  0.008  0.011  0.079       10
  5:     0.006  0.012  0.003  0.008  0.009  0.871  0.008  0.003  0.012  0.006  0.021  0.008  0.004  0.014  0.003  0.004  0.006       10
  6:     0.011  0.153  0.005  0.010  0.026  0.002  0.361  0.004  0.148  0.037  0.012  0.057  0.009  0.136  0.003  0.009  0.016       10
  7:     0.008  0.038  0.003  0.007  0.663  0.002  0.014  0.003  0.036  0.069  0.007  0.036  0.004  0.075  0.002  0.020  0.010       10
  8:     0.053  0.058  0.038  0.011  0.067  0.003  0.037  0.016  0.061  0.083  0.012  0.065  0.067  0.087  0.031  0.061  0.250       10
  9:     0.008  0.204  0.004  0.009  0.088  0.002  0.020  0.003  0.183  0.106  0.009  0.104  0.005  0.223  0.003  0.012  0.016       10
 10:     0.010  0.310  0.004  0.012  0.023  0.002  0.027  0.004  0.308  0.039  0.014  0.066  0.007  0.147  0.004  0.006  0.018       10
 11:     0.017  0.075  0.008  0.007  0.018  0.002  0.014  0.010  0.065  0.037  0.007  0.038  0.565  0.061  0.022  0.022  0.033       10
 12:     0.016  0.050  0.088  0.009  0.021  0.002  0.016  0.006  0.052  0.015  0.009  0.022  0.553  0.049  0.005  0.026  0.059       10
 13:     0.011  0.020  0.809  0.007  0.016  0.002  0.011  0.008  0.022  0.012  0.007  0.013  0.011  0.023  0.008  0.010  0.010       10
 14:     0.009  0.054  0.004  0.712  0.014  0.009  0.016  0.003  0.052  0.016  0.014  0.023  0.005  0.048  0.003  0.006  0.010       10
 15:     0.008  0.036  0.004  0.078  0.012  0.005  0.028  0.003  0.033  0.012  0.705  0.016  0.005  0.035  0.004  0.006  0.010       10
 16:     0.433  0.055  0.005  0.008  0.042  0.002  0.031  0.013  0.065  0.063  0.008  0.063  0.012  0.111  0.024  0.023  0.040       10
 17:     0.028  0.051  0.018  0.008  0.028  0.003  0.017  0.537  0.050  0.021  0.008  0.028  0.065  0.062  0.007  0.019  0.052       10
 18:     0.008  0.027  0.003  0.009  0.009  0.831  0.010  0.003  0.025  0.009  0.008  0.013  0.005  0.023  0.004  0.005  0.008       10
--------------------------------------------

Allele-freq. divergence among pops (Net nucleotide distance),
computed using point estimates of P.

      1       2       3       4       5       6       7       8       9      10      11      12      13      14      15      16      17      
 1      -    0.0040  0.0086  0.0067  0.0057  0.0109  0.0047  0.0113  0.0040  0.0038  0.0072  0.0036  0.0059  0.0039  0.0046  0.0044  0.0074  
 2   0.0040     -    0.0052  0.0029  0.0020  0.0073  0.0012  0.0083  0.0000  0.0012  0.0034  0.0008  0.0028  0.0001  0.0027  0.0019  0.0038  
 3   0.0086  0.0052     -    0.0078  0.0069  0.0119  0.0062  0.0103  0.0052  0.0044  0.0084  0.0043  0.0049  0.0052  0.0046  0.0045  0.0082  
 4   0.0067  0.0029  0.0078     -    0.0048  0.0091  0.0040  0.0108  0.0029  0.0035  0.0059  0.0030  0.0054  0.0029  0.0043  0.0041  0.0066  
 5   0.0057  0.0020  0.0069  0.0048     -    0.0092  0.0032  0.0095  0.0020  0.0018  0.0054  0.0019  0.0042  0.0016  0.0034  0.0017  0.0054  
 6   0.0109  0.0073  0.0119  0.0091  0.0092     -    0.0079  0.0147  0.0073  0.0066  0.0073  0.0060  0.0096  0.0073  0.0058  0.0069  0.0109  
 7   0.0047  0.0012  0.0062  0.0040  0.0032  0.0079     -    0.0092  0.0012  0.0020  0.0045  0.0016  0.0038  0.0012  0.0031  0.0026  0.0049  
 8   0.0113  0.0083  0.0103  0.0108  0.0095  0.0147  0.0092     -    0.0083  0.0071  0.0114  0.0068  0.0076  0.0082  0.0067  0.0072  0.0065  
 9   0.0040  0.0000  0.0052  0.0029  0.0020  0.0073  0.0012  0.0083     -    0.0012  0.0034  0.0008  0.0028  0.0001  0.0027  0.0019  0.0038  
10   0.0038  0.0012  0.0044  0.0035  0.0018  0.0066  0.0020  0.0071  0.0012     -    0.0039  0.0001  0.0023  0.0010  0.0006  0.0003  0.0037  
11   0.0072  0.0034  0.0084  0.0059  0.0054  0.0073  0.0045  0.0114  0.0034  0.0039     -    0.0035  0.0060  0.0034  0.0046  0.0045  0.0071  
12   0.0036  0.0008  0.0043  0.0030  0.0019  0.0060  0.0016  0.0068  0.0008  0.0001  0.0035     -    0.0021  0.0007  0.0006  0.0004  0.0035  
13   0.0059  0.0028  0.0049  0.0054  0.0042  0.0096  0.0038  0.0076  0.0028  0.0023  0.0060  0.0021     -    0.0028  0.0027  0.0022  0.0053  
14   0.0039  0.0001  0.0052  0.0029  0.0016  0.0073  0.0012  0.0082  0.0001  0.0010  0.0034  0.0007  0.0028     -    0.0025  0.0017  0.0037  
15   0.0046  0.0027  0.0046  0.0043  0.0034  0.0058  0.0031  0.0067  0.0027  0.0006  0.0046  0.0006  0.0027  0.0025     -    0.0006  0.0047  
16   0.0044  0.0019  0.0045  0.0041  0.0017  0.0069  0.0026  0.0072  0.0019  0.0003  0.0045  0.0004  0.0022  0.0017  0.0006     -    0.0043  
17   0.0074  0.0038  0.0082  0.0066  0.0054  0.0109  0.0049  0.0065  0.0038  0.0037  0.0071  0.0035  0.0053  0.0037  0.0047  0.0043     -    

Average distances (expected heterozygosity) between individuals in same cluster:
cluster  1  : 0.0226 
cluster  2  : 0.0014 
cluster  3  : 0.0395 
cluster  4  : 0.0217 
cluster  5  : 0.0121 
cluster  6  : 0.0668 
cluster  7  : 0.0143 
cluster  8  : 0.0436 
cluster  9  : 0.0025 
cluster 10  : 0.0531 
cluster 11  : 0.0195 
cluster 12  : 0.0512 
cluster 13  : 0.0333 
cluster 14  : 0.0028 
cluster 15  : 0.0927 
cluster 16  : 0.0627 
cluster 17  : 0.0123 

--------------------------------------------
Estimated Ln Prob of Data   = -3989.7
Mean value of ln likelihood = -3226.4
Variance of ln likelihood   = 1526.5
Mean value of alpha         = 0.0349

Mean value of Fst_1         = 0.5722
Mean value of Fst_2         = 0.9470
Mean value of Fst_3         = 0.4188
Mean value of Fst_4         = 0.6311
Mean value of Fst_5         = 0.7375
Mean value of Fst_6         = 0.2631
Mean value of Fst_7         = 0.6942
Mean value of Fst_8         = 0.4093
Mean value of Fst_9         = 0.9166
Mean value of Fst_10         = 0.4221
Mean value of Fst_11         = 0.6602
Mean value of Fst_12         = 0.4357
Mean value of Fst_13         = 0.4215
Mean value of Fst_14         = 0.9180
Mean value of Fst_15         = 0.0027
Mean value of Fst_16         = 0.2888
Mean value of Fst_17         = 0.7824


Inferred ancestry of individuals:
        Label (%Miss) Pop:  Inferred clusters
  1 TGCP_WM1    (0)    1 :  0.008 0.028 0.004 0.008 0.522 0.002 0.015 0.006 0.030 0.014 0.007 0.019 0.008 0.047 0.008 0.262 0.010 
  2 TGCP_WM10    (1)    1 :  0.008 0.062 0.005 0.010 0.407 0.002 0.019 0.004 0.057 0.046 0.010 0.044 0.011 0.109 0.002 0.174 0.028 
  3 TGCP_WM2    (0)    1 :  0.007 0.020 0.003 0.008 0.446 0.002 0.012 0.005 0.046 0.076 0.006 0.036 0.008 0.045 0.039 0.232 0.008 
  4 TGCP_WM3    (1)    1 :  0.007 0.014 0.003 0.006 0.598 0.002 0.008 0.003 0.021 0.007 0.007 0.016 0.008 0.028 0.002 0.264 0.006 
  5 TGCP_WM4    (0)    1 :  0.012 0.014 0.004 0.007 0.508 0.001 0.010 0.003 0.023 0.009 0.008 0.013 0.076 0.021 0.004 0.278 0.008 
  6 TGCP_WM5    (0)    1 :  0.007 0.017 0.013 0.006 0.342 0.002 0.012 0.004 0.025 0.088 0.008 0.023 0.022 0.056 0.013 0.328 0.034 
  7 TGCP_WM6    (0)    1 :  0.010 0.012 0.011 0.005 0.570 0.002 0.007 0.004 0.020 0.010 0.005 0.009 0.014 0.025 0.003 0.286 0.007 
  8 TGCP_WM7    (0)    1 :  0.022 0.047 0.016 0.005 0.641 0.002 0.011 0.009 0.052 0.030 0.008 0.041 0.005 0.053 0.004 0.038 0.016 
  9 TGCP_WM8    (0)    1 :  0.006 0.013 0.031 0.004 0.521 0.002 0.010 0.004 0.019 0.011 0.005 0.014 0.029 0.015 0.003 0.306 0.008 
 10 TGCP_WM9    (0)    1 :  0.006 0.006 0.002 0.004 0.607 0.002 0.005 0.003 0.006 0.004 0.004 0.005 0.004 0.006 0.002 0.328 0.004 
 11 MRLP_WM123    (3)    2 :  0.021 0.019 0.004 0.007 0.019 0.002 0.013 0.008 0.029 0.136 0.006 0.134 0.008 0.018 0.079 0.049 0.450 
 12 MRLP_WM124    (4)    2 :  0.013 0.031 0.004 0.008 0.021 0.002 0.012 0.004 0.036 0.014 0.008 0.009 0.008 0.039 0.002 0.004 0.785 
 13 MRLP_WM125    (1)    2 :  0.007 0.016 0.006 0.005 0.049 0.002 0.008 0.061 0.019 0.065 0.005 0.046 0.009 0.020 0.062 0.050 0.570 
 14 MRLP_WM126    (2)    2 :  0.007 0.309 0.004 0.010 0.021 0.002 0.022 0.003 0.244 0.057 0.010 0.088 0.005 0.200 0.002 0.005 0.011 
 15 MRLP_WM127    (3)    2 :  0.012 0.082 0.006 0.012 0.159 0.002 0.014 0.029 0.087 0.193 0.011 0.115 0.007 0.207 0.005 0.038 0.020 
 16 MRLP_WM128    (3)    2 :  0.006 0.011 0.003 0.003 0.005 0.002 0.004 0.005 0.008 0.006 0.005 0.005 0.003 0.009 0.002 0.003 0.921 
 17 MRLP_WM129    (7)    2 :  0.215 0.024 0.003 0.006 0.042 0.002 0.014 0.004 0.018 0.077 0.005 0.089 0.006 0.029 0.004 0.016 0.447 
 18 MRLP_WM130    (5)    2 :  0.014 0.037 0.003 0.006 0.083 0.002 0.009 0.003 0.023 0.053 0.006 0.092 0.005 0.040 0.002 0.017 0.605 
 19 STT_WM183    (2)    3 :  0.006 0.036 0.004 0.009 0.014 0.003 0.606 0.006 0.035 0.042 0.008 0.045 0.015 0.032 0.097 0.035 0.008 
 20 STT_WM184    (3)    3 :  0.073 0.047 0.006 0.009 0.015 0.003 0.620 0.004 0.069 0.012 0.010 0.016 0.008 0.082 0.009 0.008 0.009 
 21 STT_WM185   (15)    3 :  0.009 0.226 0.004 0.009 0.046 0.003 0.035 0.003 0.221 0.061 0.011 0.102 0.007 0.220 0.002 0.008 0.033 
 22 STT_WM186   (13)    3 :  0.012 0.268 0.006 0.011 0.025 0.002 0.025 0.003 0.231 0.060 0.010 0.094 0.007 0.216 0.002 0.007 0.021 
 23 STT_WM187   (13)    3 :  0.006 0.024 0.006 0.007 0.012 0.002 0.841 0.003 0.030 0.010 0.005 0.013 0.004 0.023 0.002 0.005 0.007 
 24 STT_WM188    (3)    3 :  0.006 0.009 0.003 0.004 0.005 0.002 0.912 0.002 0.018 0.005 0.005 0.006 0.003 0.010 0.002 0.002 0.004 
 25 STT_WM189    (0)    3 :  0.007 0.258 0.003 0.007 0.018 0.002 0.017 0.003 0.256 0.049 0.010 0.105 0.005 0.239 0.002 0.006 0.013 
 26 STT_WM190   (11)    3 :  0.006 0.018 0.003 0.006 0.012 0.003 0.866 0.003 0.016 0.006 0.006 0.009 0.005 0.030 0.002 0.003 0.006 
 27 STT_WM191    (7)    3 :  0.018 0.153 0.006 0.010 0.018 0.002 0.422 0.004 0.103 0.020 0.007 0.053 0.006 0.152 0.003 0.009 0.013 
 28 STT_WM192   (12)    3 :  0.149 0.014 0.004 0.005 0.006 0.002 0.693 0.003 0.037 0.011 0.005 0.012 0.003 0.032 0.008 0.008 0.007 
 29 FSSP_WM241    (3)    4 :  0.130 0.124 0.030 0.014 0.038 0.003 0.033 0.011 0.123 0.069 0.014 0.059 0.020 0.150 0.009 0.026 0.147 
 30 FSSP_WM242   (15)    4 :  0.011 0.266 0.006 0.009 0.024 0.002 0.026 0.003 0.259 0.055 0.008 0.087 0.007 0.214 0.002 0.006 0.015 
 31 FSSP_WM243    (6)    4 :  0.885 0.010 0.004 0.005 0.007 0.002 0.010 0.004 0.011 0.013 0.006 0.009 0.004 0.006 0.012 0.008 0.005 
 32 FSSP_WM244    (5)    4 :  0.014 0.090 0.080 0.014 0.078 0.003 0.019 0.025 0.092 0.052 0.011 0.058 0.022 0.128 0.007 0.014 0.292 
 33 FSSP_WM245   (10)    4 :  0.315 0.157 0.004 0.010 0.019 0.003 0.038 0.003 0.143 0.038 0.018 0.074 0.007 0.142 0.003 0.009 0.017 
 34 FSSP_WM246    (6)    4 :  0.056 0.170 0.007 0.015 0.031 0.002 0.064 0.006 0.212 0.051 0.017 0.096 0.010 0.191 0.007 0.011 0.054 
 35 FSSP_WM247    (3)    4 :  0.832 0.016 0.010 0.006 0.011 0.002 0.008 0.006 0.019 0.014 0.005 0.016 0.009 0.021 0.008 0.011 0.006 
 36 FSSP_WM248    (9)    4 :  0.864 0.012 0.011 0.007 0.008 0.003 0.006 0.003 0.018 0.010 0.006 0.008 0.015 0.011 0.004 0.005 0.010 
 37 FSSP_WM249    (6)    4 :  0.769 0.021 0.004 0.010 0.014 0.002 0.018 0.005 0.027 0.018 0.009 0.019 0.037 0.028 0.005 0.006 0.010 
 38 FSSP_WM250    (2)    4 :  0.335 0.056 0.006 0.012 0.010 0.002 0.018 0.015 0.044 0.040 0.009 0.064 0.042 0.076 0.020 0.017 0.235 
 39 HNL_WM301    (3)    5 :  0.007 0.011 0.004 0.007 0.008 0.890 0.007 0.003 0.012 0.005 0.020 0.005 0.003 0.009 0.002 0.003 0.004 
 40 HNL_WM302    (2)    5 :  0.004 0.006 0.002 0.003 0.005 0.933 0.004 0.002 0.006 0.004 0.008 0.004 0.003 0.007 0.002 0.002 0.003 
 41 HNL_WM303    (2)    5 :  0.009 0.013 0.003 0.009 0.011 0.871 0.011 0.003 0.015 0.007 0.007 0.007 0.005 0.014 0.003 0.005 0.007 
 42 HNL_WM304    (3)    5 :  0.006 0.016 0.004 0.010 0.015 0.766 0.009 0.003 0.020 0.010 0.080 0.013 0.005 0.030 0.003 0.004 0.007 
 43 HNL_WM305    (3)    5 :  0.006 0.009 0.002 0.005 0.005 0.908 0.004 0.003 0.007 0.006 0.010 0.007 0.003 0.009 0.005 0.005 0.005 
 44 HNL_WM306    (0)    5 :  0.005 0.006 0.003 0.004 0.005 0.907 0.006 0.003 0.006 0.004 0.022 0.007 0.004 0.006 0.004 0.003 0.004 
 45 HNL_WM307    (3)    5 :  0.006 0.010 0.003 0.007 0.007 0.901 0.005 0.002 0.011 0.005 0.008 0.006 0.005 0.011 0.002 0.003 0.007 
 46 HNL_WM308    (3)    5 :  0.005 0.016 0.003 0.010 0.009 0.868 0.010 0.003 0.012 0.005 0.020 0.010 0.004 0.016 0.002 0.003 0.005 
 47 HNL_WM309    (0)    5 :  0.007 0.015 0.005 0.021 0.014 0.812 0.011 0.003 0.021 0.010 0.011 0.014 0.007 0.023 0.008 0.006 0.011 
 48 HNL_WM310   (10)    5 :  0.008 0.017 0.005 0.008 0.011 0.852 0.010 0.003 0.013 0.006 0.023 0.012 0.005 0.017 0.002 0.003 0.006 
 49 MPO_WM482    (2)    6 :  0.006 0.024 0.003 0.008 0.006 0.003 0.844 0.003 0.044 0.005 0.006 0.007 0.005 0.022 0.002 0.004 0.007 
 50 MPO_WM483    (3)    6 :  0.013 0.165 0.005 0.015 0.023 0.002 0.214 0.006 0.203 0.049 0.010 0.085 0.007 0.178 0.005 0.008 0.012 
 51 MPO_WM484    (1)    6 :  0.011 0.104 0.003 0.007 0.025 0.002 0.565 0.003 0.076 0.020 0.008 0.060 0.004 0.093 0.002 0.004 0.011 
 52 MPO_WM485    (0)    6 :  0.020 0.028 0.005 0.009 0.012 0.002 0.674 0.005 0.076 0.031 0.009 0.026 0.006 0.075 0.007 0.008 0.008 
 53 MPO_WM486   (21)    6 :  0.017 0.256 0.008 0.014 0.043 0.002 0.035 0.005 0.220 0.064 0.012 0.084 0.007 0.201 0.002 0.009 0.023 
 54 MPO_WM487   (19)    6 :  0.013 0.123 0.007 0.011 0.033 0.003 0.412 0.004 0.104 0.031 0.027 0.046 0.008 0.149 0.003 0.005 0.020 
 55 MPO_WM488    (9)    6 :  0.008 0.303 0.005 0.008 0.024 0.002 0.043 0.003 0.221 0.049 0.017 0.092 0.004 0.198 0.002 0.006 0.015 
 56 MPO_WM489    (3)    6 :  0.007 0.020 0.003 0.007 0.048 0.002 0.742 0.008 0.036 0.009 0.008 0.008 0.028 0.015 0.004 0.040 0.014 
 57 MPO_WM490   (24)    6 :  0.008 0.238 0.005 0.010 0.030 0.003 0.055 0.005 0.253 0.053 0.014 0.082 0.008 0.203 0.002 0.005 0.026 
 58 MPO_WM491   (11)    6 :  0.010 0.268 0.003 0.012 0.020 0.002 0.023 0.003 0.243 0.056 0.012 0.079 0.007 0.227 0.002 0.004 0.028 
 59 OICP_WM541    (1)    7 :  0.006 0.016 0.003 0.007 0.867 0.002 0.009 0.003 0.027 0.011 0.004 0.010 0.003 0.020 0.002 0.003 0.007 
 60 OICP_WM542    (2)    7 :  0.006 0.019 0.003 0.006 0.859 0.002 0.009 0.003 0.022 0.011 0.007 0.011 0.004 0.027 0.002 0.004 0.006 
 61 OICP_WM543    (0)    7 :  0.005 0.017 0.003 0.006 0.857 0.002 0.010 0.002 0.018 0.014 0.006 0.010 0.004 0.030 0.002 0.005 0.010 
 62 OICP_WM544    (1)    7 :  0.015 0.026 0.003 0.014 0.329 0.002 0.049 0.008 0.034 0.226 0.015 0.041 0.007 0.081 0.009 0.132 0.009 
 63 OICP_WM545    (0)    7 :  0.009 0.049 0.003 0.008 0.739 0.002 0.011 0.004 0.033 0.032 0.010 0.027 0.006 0.049 0.002 0.005 0.011 
 64 OICP_WM546    (3)    7 :  0.011 0.083 0.004 0.009 0.204 0.002 0.012 0.003 0.090 0.190 0.006 0.110 0.004 0.242 0.002 0.017 0.012 
 65 OICP_WM547    (2)    7 :  0.009 0.103 0.003 0.006 0.197 0.002 0.012 0.002 0.091 0.167 0.008 0.118 0.005 0.232 0.002 0.020 0.022 
 66 OICP_WM548    (3)    7 :  0.008 0.022 0.003 0.006 0.850 0.002 0.010 0.003 0.012 0.016 0.007 0.012 0.005 0.027 0.002 0.006 0.010 
 67 OICP_WM549    (0)    7 :  0.006 0.016 0.003 0.006 0.894 0.002 0.009 0.003 0.014 0.005 0.006 0.005 0.003 0.017 0.002 0.007 0.005 
 68 OICP_WM550    (1)    7 :  0.007 0.029 0.004 0.005 0.835 0.002 0.011 0.003 0.023 0.017 0.006 0.012 0.004 0.029 0.002 0.004 0.008 
 69 IRO_WM601    (2)    8 :  0.039 0.026 0.034 0.006 0.237 0.002 0.021 0.005 0.039 0.061 0.009 0.066 0.114 0.118 0.007 0.176 0.038 
 70 IRO_WM602    (1)    8 :  0.008 0.061 0.006 0.013 0.150 0.003 0.021 0.005 0.077 0.180 0.011 0.141 0.007 0.212 0.007 0.034 0.064 
 71 IRO_WM603    (2)    8 :  0.033 0.033 0.242 0.008 0.026 0.003 0.014 0.005 0.029 0.080 0.008 0.048 0.293 0.047 0.017 0.085 0.030 
 72 IRO_WM604    (0)    8 :  0.007 0.023 0.008 0.005 0.009 0.002 0.010 0.019 0.018 0.060 0.006 0.061 0.004 0.029 0.122 0.038 0.579 
 73 IRO_WM605    (3)    8 :  0.006 0.018 0.003 0.008 0.067 0.003 0.018 0.018 0.013 0.010 0.006 0.010 0.053 0.022 0.002 0.078 0.664 
 74 IRO_WM606    (3)    8 :  0.016 0.064 0.007 0.010 0.026 0.003 0.026 0.027 0.054 0.015 0.014 0.033 0.008 0.041 0.006 0.009 0.641 
 75 IRO_WM607    (2)    8 :  0.135 0.077 0.006 0.014 0.030 0.002 0.030 0.013 0.080 0.055 0.016 0.061 0.062 0.112 0.010 0.014 0.283 
 76 IRO_WM608    (0)    8 :  0.038 0.076 0.011 0.009 0.082 0.003 0.017 0.010 0.051 0.219 0.011 0.119 0.069 0.095 0.054 0.108 0.029 
 77 IRO_WM609    (0)    8 :  0.016 0.107 0.019 0.014 0.028 0.003 0.026 0.018 0.130 0.115 0.019 0.068 0.054 0.121 0.068 0.058 0.135 
 78 IRO_WM610   (13)    8 :  0.229 0.095 0.045 0.018 0.015 0.002 0.188 0.042 0.118 0.030 0.015 0.046 0.009 0.078 0.013 0.014 0.040 
 79 HGRF_WM661    (5)    9 :  0.009 0.096 0.004 0.007 0.181 0.003 0.023 0.004 0.090 0.165 0.007 0.113 0.005 0.252 0.002 0.019 0.021 
 80 HGRF_WM662    (5)    9 :  0.009 0.323 0.003 0.016 0.022 0.002 0.018 0.003 0.251 0.048 0.010 0.089 0.004 0.181 0.002 0.005 0.014 
 81 HGRF_WM663    (4)    9 :  0.006 0.109 0.004 0.009 0.164 0.002 0.012 0.003 0.079 0.174 0.010 0.120 0.005 0.266 0.002 0.019 0.016 
 82 HGRF_WM664    (3)    9 :  0.010 0.228 0.003 0.009 0.040 0.002 0.020 0.003 0.228 0.084 0.007 0.097 0.004 0.247 0.002 0.006 0.011 
 83 HGRF_WM665    (1)    9 :  0.010 0.087 0.006 0.007 0.186 0.003 0.023 0.005 0.086 0.164 0.008 0.145 0.007 0.196 0.012 0.034 0.023 
 84 HGRF_WM666    (5)    9 :  0.009 0.306 0.003 0.013 0.022 0.003 0.022 0.003 0.246 0.053 0.012 0.078 0.005 0.206 0.002 0.005 0.012 
 85 HGRF_WM667    (0)    9 :  0.008 0.267 0.003 0.008 0.026 0.002 0.017 0.003 0.249 0.064 0.008 0.090 0.006 0.229 0.001 0.004 0.013 
 86 HGRF_WM668    (4)    9 :  0.008 0.109 0.003 0.007 0.164 0.002 0.011 0.003 0.114 0.171 0.007 0.117 0.003 0.243 0.002 0.016 0.019 
 87 HGRF_WM669    (5)    9 :  0.008 0.290 0.004 0.010 0.022 0.002 0.034 0.003 0.256 0.044 0.013 0.108 0.004 0.182 0.002 0.003 0.013 
 88 HGRF_WM670    (9)    9 :  0.008 0.230 0.005 0.008 0.053 0.002 0.016 0.003 0.229 0.090 0.009 0.085 0.006 0.232 0.002 0.008 0.013 
 89 PTP_WM721    (2)   10 :  0.022 0.260 0.006 0.022 0.031 0.004 0.047 0.007 0.206 0.050 0.027 0.088 0.009 0.170 0.009 0.012 0.028 
 90 PTP_WM722    (2)   10 :  0.009 0.402 0.005 0.008 0.011 0.003 0.012 0.005 0.443 0.013 0.009 0.014 0.008 0.031 0.010 0.009 0.008 
 91 PTP_WM723   (25)   10 :  0.009 0.241 0.005 0.016 0.039 0.003 0.037 0.004 0.265 0.043 0.011 0.071 0.005 0.211 0.003 0.005 0.034 
 92 PTP_WM724   (13)   10 :  0.009 0.258 0.004 0.022 0.022 0.002 0.033 0.004 0.227 0.068 0.010 0.097 0.008 0.215 0.002 0.005 0.013 
 93 PTP_WM725   (25)   10 :  0.018 0.272 0.005 0.015 0.026 0.002 0.037 0.005 0.240 0.049 0.031 0.092 0.009 0.176 0.002 0.008 0.014 
 94 PTP_WM726   (13)   10 :  0.009 0.261 0.005 0.011 0.029 0.002 0.028 0.005 0.222 0.052 0.009 0.103 0.006 0.231 0.002 0.005 0.017 
 95 PTP_WM727   (10)   10 :  0.008 0.279 0.004 0.009 0.020 0.002 0.032 0.003 0.245 0.044 0.014 0.094 0.007 0.194 0.002 0.005 0.037 
 96 PTP_WM728    (8)   10 :  0.008 0.283 0.005 0.009 0.026 0.002 0.024 0.003 0.250 0.059 0.013 0.084 0.006 0.209 0.002 0.005 0.013 
 97 PTP_WM729    (9)   10 :  0.005 0.423 0.004 0.007 0.014 0.002 0.010 0.002 0.479 0.006 0.005 0.011 0.003 0.019 0.002 0.002 0.006 
 98 PTP_WM730    (8)   10 :  0.007 0.417 0.002 0.005 0.007 0.002 0.009 0.003 0.502 0.005 0.006 0.005 0.004 0.017 0.001 0.002 0.005 
 99 RRL_WM782    (9)   11 :  0.009 0.260 0.004 0.007 0.021 0.002 0.034 0.003 0.232 0.077 0.014 0.100 0.006 0.208 0.002 0.005 0.015 
100 RRL_WM783    (8)   11 :  0.015 0.014 0.017 0.006 0.019 0.002 0.008 0.005 0.020 0.012 0.007 0.009 0.801 0.016 0.003 0.031 0.013 
101 RRL_WM784    (1)   11 :  0.011 0.038 0.014 0.009 0.011 0.002 0.011 0.012 0.032 0.011 0.009 0.018 0.756 0.038 0.003 0.004 0.021 
102 RRL_WM785    (1)   11 :  0.006 0.294 0.005 0.009 0.023 0.002 0.025 0.003 0.239 0.061 0.010 0.080 0.005 0.219 0.002 0.004 0.013 
103 RRL_WM786    (2)   11 :  0.025 0.009 0.003 0.005 0.006 0.002 0.007 0.027 0.013 0.018 0.005 0.010 0.759 0.013 0.004 0.015 0.079 
104 RRL_WM787    (3)   11 :  0.014 0.011 0.006 0.005 0.063 0.002 0.008 0.012 0.012 0.055 0.006 0.032 0.657 0.034 0.012 0.049 0.021 
105 RRL_WM788    (0)   11 :  0.016 0.006 0.006 0.004 0.004 0.002 0.005 0.005 0.009 0.052 0.005 0.049 0.708 0.008 0.082 0.035 0.006 
106 RRL_WM789    (2)   11 :  0.005 0.009 0.013 0.003 0.007 0.002 0.006 0.006 0.007 0.005 0.005 0.004 0.898 0.009 0.003 0.011 0.007 
107 RRL_WM790    (0)   11 :  0.009 0.046 0.006 0.010 0.012 0.002 0.017 0.018 0.023 0.062 0.006 0.055 0.427 0.029 0.103 0.044 0.133 
108 RRL_WM791    (0)   11 :  0.060 0.058 0.004 0.008 0.014 0.002 0.018 0.005 0.057 0.019 0.008 0.022 0.637 0.040 0.006 0.020 0.022 
109 RRO_WM842    (0)   12 :  0.020 0.032 0.008 0.005 0.011 0.002 0.012 0.009 0.027 0.011 0.009 0.014 0.732 0.023 0.005 0.008 0.072 
110 RRO_WM843    (7)   12 :  0.010 0.024 0.303 0.011 0.009 0.003 0.013 0.008 0.022 0.016 0.007 0.011 0.424 0.020 0.012 0.062 0.045 
111 RRO_WM844    (2)   12 :  0.013 0.058 0.323 0.009 0.018 0.003 0.014 0.005 0.094 0.010 0.009 0.048 0.037 0.084 0.004 0.008 0.263 
112 RRO_WM845    (4)   12 :  0.006 0.011 0.033 0.005 0.008 0.002 0.007 0.003 0.011 0.004 0.007 0.009 0.869 0.013 0.002 0.004 0.006 
113 RRO_WM846   (10)   12 :  0.019 0.055 0.024 0.010 0.015 0.002 0.024 0.005 0.055 0.010 0.013 0.025 0.660 0.059 0.005 0.010 0.010 
114 RRO_WM847    (6)   12 :  0.010 0.030 0.091 0.009 0.012 0.002 0.014 0.011 0.028 0.015 0.007 0.017 0.584 0.024 0.003 0.021 0.124 
115 RRO_WM848    (4)   12 :  0.050 0.120 0.014 0.016 0.026 0.003 0.022 0.005 0.130 0.034 0.015 0.045 0.351 0.117 0.009 0.018 0.024 
116 RRO_WM849    (5)   12 :  0.011 0.033 0.015 0.008 0.076 0.002 0.021 0.004 0.034 0.013 0.007 0.014 0.600 0.024 0.003 0.120 0.014 
117 RRO_WM850    (2)   12 :  0.009 0.030 0.003 0.007 0.010 0.002 0.010 0.004 0.026 0.010 0.006 0.012 0.817 0.027 0.002 0.005 0.017 
118 RRO_WM851    (1)   12 :  0.009 0.111 0.065 0.013 0.022 0.002 0.023 0.003 0.091 0.030 0.011 0.028 0.459 0.104 0.004 0.007 0.018 
119 CPS_WM901    (2)   13 :  0.009 0.012 0.848 0.006 0.007 0.002 0.010 0.005 0.015 0.006 0.004 0.010 0.021 0.016 0.003 0.005 0.021 
120 CPS_WM902    (2)   13 :  0.006 0.010 0.824 0.005 0.066 0.002 0.007 0.016 0.012 0.004 0.004 0.005 0.007 0.010 0.003 0.013 0.006 
121 CPS_WM903    (5)   13 :  0.004 0.009 0.901 0.005 0.005 0.002 0.006 0.009 0.009 0.004 0.004 0.004 0.018 0.007 0.002 0.003 0.008 
122 CPS_WM904    (1)   13 :  0.011 0.013 0.816 0.007 0.004 0.002 0.007 0.015 0.018 0.016 0.006 0.016 0.013 0.014 0.024 0.013 0.005 
123 CPS_WM905    (2)   13 :  0.034 0.009 0.811 0.004 0.005 0.002 0.015 0.006 0.006 0.020 0.005 0.012 0.008 0.007 0.022 0.032 0.004 
124 CPS_WM906    (3)   13 :  0.006 0.022 0.844 0.008 0.009 0.002 0.011 0.002 0.019 0.007 0.008 0.010 0.006 0.022 0.002 0.009 0.011 
125 CPS_WM907    (6)   13 :  0.008 0.040 0.729 0.013 0.018 0.002 0.015 0.003 0.053 0.017 0.009 0.020 0.006 0.048 0.002 0.003 0.013 
126 CPS_WM908    (3)   13 :  0.011 0.048 0.696 0.008 0.021 0.002 0.019 0.009 0.030 0.016 0.018 0.025 0.017 0.050 0.006 0.007 0.017 
127 CPS_WM909    (2)   13 :  0.013 0.026 0.771 0.010 0.018 0.003 0.012 0.006 0.037 0.013 0.007 0.016 0.008 0.041 0.002 0.007 0.011 
128 CPS_WM910    (1)   13 :  0.008 0.015 0.855 0.006 0.008 0.002 0.012 0.003 0.021 0.011 0.005 0.009 0.008 0.013 0.008 0.007 0.007 
129 PPNP_WM962    (1)   14 :  0.006 0.011 0.002 0.873 0.005 0.020 0.003 0.002 0.010 0.006 0.033 0.007 0.003 0.006 0.004 0.004 0.004 
130 PPNP_WM963    (0)   14 :  0.009 0.054 0.004 0.716 0.016 0.013 0.018 0.005 0.046 0.009 0.010 0.013 0.007 0.054 0.004 0.007 0.015 
131 PPNP_WM964    (0)   14 :  0.008 0.013 0.003 0.861 0.010 0.028 0.006 0.003 0.010 0.007 0.004 0.012 0.003 0.011 0.008 0.006 0.006 
132 PPNP_WM965    (4)   14 :  0.009 0.030 0.003 0.827 0.010 0.002 0.013 0.004 0.026 0.008 0.007 0.015 0.007 0.023 0.002 0.007 0.009 
133 PPNP_WM966    (4)   14 :  0.004 0.009 0.003 0.926 0.006 0.001 0.007 0.002 0.008 0.003 0.003 0.004 0.003 0.012 0.002 0.003 0.005 
134 PPNP_WM967    (4)   14 :  0.011 0.062 0.003 0.655 0.024 0.002 0.011 0.004 0.058 0.017 0.008 0.042 0.007 0.073 0.002 0.009 0.012 
135 PPNP_WM968    (5)   14 :  0.019 0.181 0.004 0.147 0.025 0.012 0.057 0.003 0.209 0.057 0.012 0.073 0.006 0.166 0.006 0.010 0.013 
136 PPNP_WM969    (2)   14 :  0.006 0.034 0.004 0.814 0.015 0.002 0.014 0.003 0.027 0.005 0.006 0.017 0.004 0.032 0.002 0.005 0.010 
137 PPNP_WM970    (2)   14 :  0.011 0.086 0.005 0.601 0.017 0.005 0.020 0.004 0.082 0.025 0.034 0.023 0.006 0.059 0.004 0.007 0.011 
138 PPNP_WM971    (2)   14 :  0.012 0.061 0.004 0.703 0.010 0.004 0.016 0.003 0.047 0.019 0.022 0.027 0.005 0.048 0.002 0.006 0.010 
139 FPPI_WM1021    (4)   15 :  0.011 0.025 0.005 0.010 0.009 0.002 0.014 0.005 0.022 0.014 0.801 0.013 0.006 0.033 0.008 0.008 0.012 
140 FPPI_WM1022    (4)   15 :  0.008 0.032 0.004 0.008 0.011 0.013 0.170 0.003 0.039 0.013 0.628 0.017 0.006 0.031 0.003 0.005 0.009 
141 FPPI_WM1023    (1)   15 :  0.010 0.039 0.005 0.013 0.013 0.006 0.011 0.003 0.025 0.009 0.796 0.017 0.006 0.029 0.002 0.006 0.011 
142 FPPI_WM1024    (5)   15 :  0.009 0.060 0.005 0.468 0.026 0.003 0.026 0.004 0.069 0.012 0.206 0.022 0.007 0.065 0.004 0.007 0.009 
143 FPPI_WM1025    (6)   15 :  0.006 0.042 0.004 0.009 0.019 0.003 0.013 0.003 0.037 0.018 0.762 0.016 0.005 0.046 0.002 0.005 0.009 
144 FPPI_WM1026    (1)   15 :  0.005 0.015 0.002 0.005 0.007 0.002 0.006 0.002 0.012 0.003 0.908 0.005 0.003 0.009 0.002 0.005 0.009 
145 FPPI_WM1027    (3)   15 :  0.004 0.008 0.003 0.238 0.005 0.002 0.008 0.003 0.010 0.004 0.686 0.006 0.003 0.010 0.002 0.003 0.006 
146 FPPI_WM1028    (2)   15 :  0.007 0.017 0.004 0.005 0.010 0.004 0.010 0.002 0.021 0.005 0.874 0.006 0.005 0.017 0.002 0.004 0.006 
147 FPPI_WM1029    (3)   15 :  0.009 0.105 0.005 0.011 0.016 0.011 0.019 0.003 0.078 0.035 0.529 0.047 0.006 0.096 0.002 0.006 0.020 
148 FPPI_WM1030    (1)   15 :  0.006 0.015 0.003 0.012 0.005 0.003 0.006 0.003 0.014 0.009 0.862 0.014 0.004 0.010 0.018 0.011 0.005 
149 CRWA_WM1082    (2)   16 :  0.933 0.008 0.002 0.003 0.004 0.002 0.006 0.002 0.006 0.003 0.004 0.005 0.004 0.008 0.002 0.003 0.005 
150 CRWA_WM1084    (5)   16 :  0.408 0.031 0.003 0.005 0.097 0.003 0.016 0.009 0.038 0.087 0.005 0.082 0.009 0.156 0.004 0.019 0.027 
151 CRWA_WM1085    (2)   16 :  0.540 0.060 0.003 0.011 0.015 0.002 0.018 0.008 0.069 0.032 0.012 0.069 0.006 0.131 0.003 0.006 0.016 
152 CRWA_WM1086    (9)   16 :  0.123 0.089 0.005 0.010 0.028 0.003 0.097 0.005 0.151 0.081 0.008 0.110 0.044 0.206 0.007 0.013 0.021 
153 CRWA_WM1087    (0)   16 :  0.427 0.048 0.017 0.009 0.020 0.002 0.026 0.016 0.049 0.107 0.012 0.058 0.006 0.068 0.074 0.046 0.015 
154 CRWA_WM1088    (1)   16 :  0.074 0.042 0.005 0.005 0.120 0.002 0.050 0.017 0.086 0.134 0.006 0.138 0.007 0.231 0.020 0.038 0.025 
155 CRWA_WM1089    (3)   16 :  0.610 0.067 0.004 0.007 0.021 0.002 0.023 0.004 0.084 0.020 0.009 0.022 0.006 0.095 0.002 0.010 0.015 
156 CRWA_WM1090    (0)   16 :  0.170 0.120 0.005 0.008 0.017 0.003 0.023 0.052 0.107 0.030 0.010 0.044 0.028 0.114 0.009 0.008 0.252 
157 CRWA_WM1092    (1)   16 :  0.478 0.054 0.005 0.013 0.028 0.003 0.028 0.011 0.040 0.071 0.010 0.064 0.006 0.056 0.078 0.047 0.009 
158 CRWA_WM1093    (1)   16 :  0.572 0.028 0.004 0.009 0.073 0.002 0.028 0.004 0.021 0.062 0.008 0.041 0.006 0.043 0.039 0.045 0.016 
159 PCRA_WM1141    (3)   17 :  0.056 0.031 0.006 0.011 0.017 0.002 0.012 0.543 0.036 0.006 0.008 0.020 0.008 0.025 0.003 0.006 0.209 
160 PCRA_WM1142    (3)   17 :  0.014 0.071 0.005 0.013 0.022 0.003 0.026 0.663 0.039 0.016 0.011 0.024 0.007 0.049 0.002 0.006 0.030 
161 PCRA_WM1143    (1)   17 :  0.013 0.110 0.005 0.011 0.023 0.002 0.025 0.465 0.102 0.019 0.009 0.033 0.010 0.113 0.002 0.006 0.050 
162 PCRA_WM1144    (2)   17 :  0.008 0.051 0.014 0.006 0.077 0.002 0.019 0.012 0.049 0.017 0.010 0.029 0.558 0.047 0.002 0.087 0.011 
163 PCRA_WM1145    (4)   17 :  0.019 0.115 0.019 0.012 0.038 0.003 0.034 0.340 0.110 0.054 0.016 0.041 0.008 0.132 0.006 0.009 0.044 
164 PCRA_WM1146    (2)   17 :  0.085 0.008 0.007 0.004 0.023 0.002 0.010 0.766 0.009 0.008 0.004 0.012 0.012 0.008 0.010 0.023 0.009 
165 PCRA_WM1147    (1)   17 :  0.065 0.101 0.003 0.008 0.019 0.002 0.022 0.153 0.125 0.044 0.009 0.085 0.007 0.216 0.003 0.005 0.131 
166 PCRA_WM1148    (0)   17 :  0.006 0.008 0.003 0.005 0.008 0.002 0.004 0.877 0.008 0.012 0.005 0.008 0.007 0.011 0.012 0.009 0.016 
167 PCRA_WM1149    (1)   17 :  0.008 0.012 0.111 0.006 0.024 0.003 0.007 0.716 0.012 0.013 0.007 0.017 0.015 0.011 0.017 0.016 0.008 
168 PCRA_WM1150    (0)   17 :  0.008 0.006 0.003 0.004 0.023 0.005 0.007 0.834 0.010 0.015 0.006 0.010 0.013 0.011 0.018 0.017 0.009 
169 DHFA_WM1202    (3)   18 :  0.014 0.070 0.004 0.013 0.013 0.679 0.020 0.004 0.059 0.015 0.018 0.026 0.008 0.037 0.003 0.007 0.011 
170 DHFA_WM1203    (1)   18 :  0.008 0.047 0.005 0.021 0.017 0.690 0.013 0.004 0.066 0.012 0.012 0.024 0.006 0.053 0.003 0.006 0.014 
171 DHFA_WM1204    (2)   18 :  0.013 0.039 0.004 0.012 0.015 0.729 0.015 0.005 0.030 0.018 0.012 0.022 0.008 0.052 0.003 0.006 0.018 
172 DHFA_WM1205    (5)   18 :  0.006 0.011 0.003 0.006 0.005 0.908 0.006 0.003 0.010 0.006 0.008 0.004 0.004 0.007 0.003 0.003 0.006 
173 DHFA_WM1206    (4)   18 :  0.005 0.017 0.003 0.007 0.007 0.894 0.008 0.003 0.010 0.006 0.006 0.007 0.005 0.008 0.003 0.004 0.006 
174 DHFA_WM1207    (2)   18 :  0.005 0.007 0.003 0.004 0.004 0.937 0.005 0.002 0.005 0.004 0.002 0.005 0.003 0.006 0.002 0.003 0.005 
175 DHFA_WM1208    (3)   18 :  0.006 0.011 0.003 0.008 0.008 0.890 0.009 0.003 0.013 0.006 0.007 0.006 0.005 0.012 0.003 0.004 0.006 
176 DHFA_WM1209    (1)   18 :  0.006 0.007 0.003 0.004 0.004 0.907 0.004 0.003 0.008 0.007 0.006 0.008 0.003 0.009 0.009 0.006 0.005 
177 DHFA_WM1210    (0)   18 :  0.003 0.004 0.002 0.002 0.003 0.953 0.003 0.002 0.003 0.004 0.002 0.004 0.002 0.003 0.005 0.004 0.002 
178 DHFA_WM1211    (2)   18 :  0.012 0.055 0.004 0.015 0.015 0.721 0.013 0.004 0.045 0.017 0.009 0.024 0.004 0.043 0.002 0.007 0.009 


Estimated Allele Frequencies in each cluster
First column gives estimated ancestral frequencies


Locus 1 : 953_21 
2 alleles
4.5% missing data
 120   (0.961) 0.999 1.000 0.997 0.998 1.000 0.997 0.999 0.996 1.000 0.983 0.799 0.980 0.998 1.000 0.961 0.979 0.999 
 100   (0.039) 0.001 0.000 0.003 0.002 0.000 0.003 0.001 0.004 0.000 0.017 0.201 0.020 0.002 0.000 0.039 0.021 0.001 

Locus 2 : 2370_26 
2 alleles
6.2% missing data
 110   (0.959) 0.998 1.000 0.997 0.601 1.000 0.997 0.999 0.995 1.000 0.983 0.999 0.980 0.997 1.000 0.959 0.979 0.999 
 130   (0.041) 0.002 0.000 0.003 0.399 0.000 0.003 0.001 0.005 0.000 0.017 0.001 0.020 0.003 0.000 0.041 0.021 0.001 

Locus 3 : 2692_87 
2 alleles
1.7% missing data
 130   (0.952) 0.998 1.000 0.997 0.998 0.999 0.762 0.999 0.995 1.000 0.980 0.998 0.976 0.997 1.000 0.952 0.975 0.999 
 120   (0.048) 0.002 0.000 0.003 0.002 0.001 0.238 0.001 0.005 0.000 0.020 0.002 0.024 0.003 0.000 0.048 0.025 0.001 

Locus 4 : 2828_58 
2 alleles
6.7% missing data
 100   (0.933) 0.996 0.999 0.994 0.997 0.996 0.995 0.998 0.830 0.998 0.935 0.997 0.962 0.995 0.997 0.933 0.944 0.998 
 120   (0.067) 0.004 0.001 0.006 0.003 0.004 0.005 0.002 0.170 0.002 0.065 0.003 0.038 0.005 0.003 0.067 0.056 0.002 

Locus 5 : 6398_73 
2 alleles
6.2% missing data
 130   (0.926) 0.997 1.000 0.995 0.997 0.999 0.647 0.998 0.992 1.000 0.967 0.565 0.964 0.996 1.000 0.927 0.962 0.999 
 100   (0.074) 0.003 0.000 0.005 0.003 0.001 0.353 0.002 0.008 0.000 0.033 0.435 0.036 0.004 0.000 0.073 0.038 0.001 

Locus 6 : 7469_71 
2 alleles
5.1% missing data
 130   (0.962) 0.998 0.992 0.997 0.998 0.999 0.997 0.999 0.994 0.987 0.980 0.997 0.980 0.997 0.999 0.962 0.978 0.999 
 110   (0.038) 0.002 0.008 0.003 0.002 0.001 0.003 0.001 0.006 0.013 0.020 0.003 0.020 0.003 0.001 0.038 0.022 0.001 

Locus 7 : 7615_47 
2 alleles
5.1% missing data
 130   (0.959) 0.996 0.998 0.996 0.997 0.999 0.996 0.997 0.992 0.997 0.976 0.996 0.979 0.997 0.998 0.959 0.975 0.998 
 100   (0.041) 0.004 0.002 0.004 0.003 0.001 0.004 0.003 0.008 0.003 0.024 0.004 0.021 0.003 0.002 0.041 0.025 0.002 

Locus 8 : 8211_10 
2 alleles
2.8% missing data
 120   (0.958) 0.998 1.000 0.997 0.999 1.000 0.935 0.999 0.995 1.000 0.981 0.999 0.980 0.998 1.000 0.958 0.979 0.999 
 100   (0.042) 0.002 0.000 0.003 0.001 0.000 0.065 0.001 0.005 0.000 0.019 0.001 0.020 0.002 0.000 0.042 0.021 0.001 

Locus 9 : 8394_14 
2 alleles
2.2% missing data
 110   (0.955) 0.998 1.000 0.997 0.984 0.999 0.996 0.998 0.995 0.999 0.981 0.746 0.976 0.997 0.999 0.956 0.975 0.999 
 130   (0.045) 0.002 0.000 0.003 0.016 0.001 0.004 0.002 0.005 0.001 0.019 0.254 0.024 0.003 0.001 0.044 0.025 0.001 

Locus 10 : 9621_63 
2 alleles
3.9% missing data
 130   (0.956) 0.998 1.000 0.997 0.998 0.999 0.939 0.999 0.995 1.000 0.982 0.998 0.977 0.998 1.000 0.956 0.976 0.999 
 110   (0.044) 0.002 0.000 0.003 0.002 0.001 0.061 0.001 0.005 0.000 0.018 0.002 0.023 0.002 0.000 0.044 0.024 0.001 

Locus 11 : 9880_35 
2 alleles
4.5% missing data
 120   (0.953) 0.998 1.000 0.996 0.998 0.999 0.702 0.999 0.995 1.000 0.980 0.999 0.976 0.997 1.000 0.953 0.975 0.999 
 100   (0.047) 0.002 0.000 0.004 0.002 0.001 0.298 0.001 0.005 0.000 0.020 0.001 0.024 0.003 0.000 0.047 0.025 0.001 

Locus 12 : 11163_16 
2 alleles
7.9% missing data
 130   (0.957) 0.998 1.000 0.997 0.998 0.999 0.913 0.999 0.995 1.000 0.982 0.999 0.978 0.998 1.000 0.957 0.977 0.999 
 110   (0.043) 0.002 0.000 0.003 0.002 0.001 0.087 0.001 0.005 0.000 0.018 0.001 0.022 0.002 0.000 0.043 0.023 0.001 

Locus 13 : 11991_31 
2 alleles
4.5% missing data
 120   (0.934) 0.989 0.999 0.995 0.997 0.999 0.995 0.998 0.989 0.999 0.928 0.996 0.962 0.976 0.998 0.934 0.946 0.991 
 100   (0.066) 0.011 0.001 0.005 0.003 0.001 0.005 0.002 0.011 0.001 0.072 0.004 0.038 0.024 0.002 0.066 0.054 0.009 

Locus 14 : 12766_17 
2 alleles
2.2% missing data
 120   (0.962) 0.999 1.000 0.994 0.999 0.999 0.997 0.999 0.937 1.000 0.983 0.999 0.981 0.998 1.000 0.962 0.979 0.999 
 100   (0.038) 0.001 0.000 0.006 0.001 0.001 0.003 0.001 0.063 0.000 0.017 0.001 0.019 0.002 0.000 0.038 0.021 0.001 

Locus 15 : 13496_14 
2 alleles
5.1% missing data
 110   (0.958) 0.998 1.000 0.685 0.999 1.000 0.997 0.999 0.995 1.000 0.982 0.999 0.978 0.998 1.000 0.958 0.977 0.999 
 100   (0.042) 0.002 0.000 0.315 0.001 0.000 0.003 0.001 0.005 0.000 0.018 0.001 0.022 0.002 0.000 0.042 0.023 0.001 

Locus 16 : 14394_41 
2 alleles
2.2% missing data
 130   (0.964) 0.999 1.000 0.998 0.999 1.000 0.997 0.999 0.934 1.000 0.982 0.999 0.982 0.998 1.000 0.964 0.981 0.999 
 110   (0.036) 0.001 0.000 0.002 0.001 0.000 0.003 0.001 0.066 0.000 0.018 0.001 0.018 0.002 0.000 0.036 0.019 0.001 

Locus 17 : 16285_24 
2 alleles
6.2% missing data
 130   (0.958) 0.998 1.000 0.997 0.999 0.999 0.874 0.999 0.995 1.000 0.982 0.999 0.979 0.998 1.000 0.958 0.978 0.999 
 100   (0.042) 0.002 0.000 0.003 0.001 0.001 0.126 0.001 0.005 0.000 0.018 0.001 0.021 0.002 0.000 0.042 0.022 0.001 

Locus 18 : 18821_69 
2 alleles
7.3% missing data
 120   (0.958) 0.998 0.999 0.997 0.998 0.999 0.997 0.702 0.995 0.999 0.982 0.998 0.977 0.997 1.000 0.958 0.976 0.999 
 110   (0.042) 0.002 0.001 0.003 0.002 0.001 0.003 0.298 0.005 0.001 0.018 0.002 0.023 0.003 0.000 0.042 0.024 0.001 

Locus 19 : 19006_32 
2 alleles
6.7% missing data
 120   (0.916) 0.997 1.000 0.994 0.969 0.999 0.661 0.998 0.990 1.000 0.964 0.629 0.957 0.996 0.999 0.916 0.955 0.999 
 110   (0.084) 0.003 0.000 0.006 0.031 0.001 0.339 0.002 0.010 0.000 0.036 0.371 0.043 0.004 0.001 0.084 0.045 0.001 

Locus 20 : 19602_58 
2 alleles
4.5% missing data
 120   (0.959) 0.998 1.000 0.997 0.998 0.999 0.973 0.999 0.995 1.000 0.982 0.999 0.978 0.998 1.000 0.959 0.978 0.999 
 100   (0.041) 0.002 0.000 0.003 0.002 0.001 0.027 0.001 0.005 0.000 0.018 0.001 0.022 0.002 0.000 0.041 0.022 0.001 

Locus 21 : 20143_24 
2 alleles
3.4% missing data
 120   (0.961) 0.998 1.000 0.965 0.999 1.000 0.997 0.999 0.995 1.000 0.977 0.999 0.981 0.998 1.000 0.961 0.974 0.999 
 100   (0.039) 0.002 0.000 0.035 0.001 0.000 0.003 0.001 0.005 0.000 0.023 0.001 0.019 0.002 0.000 0.039 0.026 0.001 

Locus 22 : 21661_29 
2 alleles
2.2% missing data
 120   (0.959) 0.999 1.000 0.997 0.999 1.000 0.891 0.999 0.995 1.000 0.982 0.999 0.980 0.998 1.000 0.959 0.979 0.999 
 100   (0.041) 0.001 0.000 0.003 0.001 0.000 0.109 0.001 0.005 0.000 0.018 0.001 0.020 0.002 0.000 0.041 0.021 0.001 

Locus 23 : 22603_12 
2 alleles
5.1% missing data
 130   (0.958) 0.998 1.000 0.997 0.999 0.999 0.944 0.999 0.995 1.000 0.982 0.999 0.979 0.998 1.000 0.959 0.979 0.999 
 110   (0.042) 0.002 0.000 0.003 0.001 0.001 0.056 0.001 0.005 0.000 0.018 0.001 0.021 0.002 0.000 0.041 0.021 0.001 

Locus 24 : 25109_23 
2 alleles
1.7% missing data
 120   (0.939) 0.830 1.000 0.994 0.997 0.999 0.995 0.998 0.951 0.999 0.969 0.997 0.969 0.996 0.999 0.940 0.965 0.987 
 100   (0.061) 0.170 0.000 0.006 0.003 0.001 0.005 0.002 0.049 0.001 0.031 0.003 0.031 0.004 0.001 0.060 0.035 0.013 

Locus 25 : 25511_77 
2 alleles
5.1% missing data
 130   (0.959) 0.998 1.000 0.997 0.869 1.000 0.997 0.999 0.995 1.000 0.983 0.999 0.979 0.998 1.000 0.960 0.978 0.999 
 110   (0.041) 0.002 0.000 0.003 0.131 0.000 0.003 0.001 0.005 0.000 0.017 0.001 0.021 0.002 0.000 0.040 0.022 0.001 

Locus 26 : 26816_9 
2 alleles
5.6% missing data
 110   (0.878) 0.679 0.999 0.980 0.995 0.996 0.990 0.995 0.984 0.998 0.865 0.996 0.917 0.809 0.992 0.877 0.882 0.983 
 130   (0.122) 0.321 0.001 0.020 0.005 0.004 0.010 0.005 0.016 0.002 0.135 0.004 0.083 0.191 0.008 0.123 0.118 0.017 

Locus 27 : 29455_86 
2 alleles
5.6% missing data
 120   (0.961) 0.998 1.000 0.997 0.999 0.999 0.997 0.999 0.990 1.000 0.971 0.999 0.980 0.998 1.000 0.961 0.977 0.994 
 110   (0.039) 0.002 0.000 0.003 0.001 0.001 0.003 0.001 0.010 0.000 0.029 0.001 0.020 0.002 0.000 0.039 0.023 0.006 

Locus 28 : 30970_30 
2 alleles
6.7% missing data
 120   (0.960) 0.998 1.000 0.962 0.998 1.000 0.997 0.999 0.994 1.000 0.982 0.999 0.980 0.997 1.000 0.960 0.978 0.999 
 110   (0.040) 0.002 0.000 0.038 0.002 0.000 0.003 0.001 0.006 0.000 0.018 0.001 0.020 0.003 0.000 0.040 0.022 0.001 

Locus 29 : 33052_5 
2 alleles
1.1% missing data
 130   (0.961) 0.991 1.000 0.997 0.998 1.000 0.997 0.974 0.995 0.999 0.981 0.998 0.980 0.998 0.999 0.961 0.979 0.999 
 110   (0.039) 0.009 0.000 0.003 0.002 0.000 0.003 0.026 0.005 0.001 0.019 0.002 0.020 0.002 0.001 0.039 0.021 0.001 

Locus 30 : 33744_32 
2 alleles
2.8% missing data
 130   (0.955) 0.998 1.000 0.997 0.998 0.999 0.997 0.874 0.995 0.999 0.979 0.999 0.977 0.998 1.000 0.955 0.977 0.999 
 110   (0.045) 0.002 0.000 0.003 0.002 0.001 0.003 0.126 0.005 0.001 0.021 0.001 0.023 0.002 0.000 0.045 0.023 0.001 

Locus 31 : 34805_8 
2 alleles
4.5% missing data
 110   (0.943) 0.998 1.000 0.996 0.998 0.999 0.996 0.999 0.753 1.000 0.968 0.998 0.969 0.997 1.000 0.943 0.967 0.994 
 120   (0.057) 0.002 0.000 0.004 0.002 0.001 0.004 0.001 0.247 0.000 0.032 0.002 0.031 0.003 0.000 0.057 0.033 0.006 

Locus 32 : 35345_10 
2 alleles
5.1% missing data
 130   (0.954) 0.997 0.997 0.996 0.997 0.999 0.996 0.950 0.992 0.992 0.974 0.997 0.974 0.997 0.993 0.954 0.974 0.999 
 110   (0.046) 0.003 0.003 0.004 0.003 0.001 0.004 0.050 0.008 0.008 0.026 0.003 0.026 0.003 0.007 0.046 0.026 0.001 

Locus 33 : 35769_30 
2 alleles
6.2% missing data
 110   (0.944) 0.996 1.000 0.963 0.998 0.999 0.996 0.999 0.930 1.000 0.973 0.998 0.972 0.996 1.000 0.945 0.970 0.999 
 100   (0.056) 0.004 0.000 0.037 0.002 0.001 0.004 0.001 0.070 0.000 0.027 0.002 0.028 0.004 0.000 0.055 0.030 0.001 

Locus 34 : 35965_89 
2 alleles
3.4% missing data
 130   (0.962) 0.983 1.000 0.997 0.998 0.999 0.997 0.999 0.995 1.000 0.976 0.999 0.979 0.998 1.000 0.962 0.977 0.999 
 100   (0.038) 0.017 0.000 0.003 0.002 0.001 0.003 0.001 0.005 0.000 0.024 0.001 0.021 0.002 0.000 0.038 0.023 0.001 

Locus 35 : 39654_13 
2 alleles
5.6% missing data
 120   (0.961) 0.998 1.000 0.997 0.999 1.000 0.997 0.999 0.995 1.000 0.975 0.999 0.980 0.986 1.000 0.961 0.979 0.999 
 100   (0.039) 0.002 0.000 0.003 0.001 0.000 0.003 0.001 0.005 0.000 0.025 0.001 0.020 0.014 0.000 0.039 0.021 0.001 

Locus 36 : 39700_65 
2 alleles
3.4% missing data
 110   (0.962) 0.998 1.000 0.997 0.998 0.999 0.997 0.999 0.994 1.000 0.972 0.998 0.979 0.997 1.000 0.961 0.972 0.998 
 120   (0.038) 0.002 0.000 0.003 0.002 0.001 0.003 0.001 0.006 0.000 0.028 0.002 0.021 0.003 0.000 0.039 0.028 0.002 

Locus 37 : 40824_7 
2 alleles
5.1% missing data
 130   (0.958) 0.998 1.000 0.996 0.998 0.999 0.997 0.999 0.995 1.000 0.983 0.999 0.978 0.927 1.000 0.958 0.977 0.999 
 110   (0.042) 0.002 0.000 0.004 0.002 0.001 0.003 0.001 0.005 0.000 0.017 0.001 0.022 0.073 0.000 0.042 0.023 0.001 

Locus 38 : 41554_43 
2 alleles
7.3% missing data
 120   (0.962) 0.998 1.000 0.959 0.999 0.999 0.997 0.999 0.994 1.000 0.982 0.998 0.981 0.997 1.000 0.962 0.979 0.999 
 100   (0.038) 0.002 0.000 0.041 0.001 0.001 0.003 0.001 0.006 0.000 0.018 0.002 0.019 0.003 0.000 0.038 0.021 0.001 

Locus 39 : 42501_5 
2 alleles
5.6% missing data
 120   (0.959) 0.998 1.000 0.997 0.999 1.000 0.917 0.999 0.995 1.000 0.983 0.999 0.980 0.998 1.000 0.959 0.979 0.999 
 110   (0.041) 0.002 0.000 0.003 0.001 0.000 0.083 0.001 0.005 0.000 0.017 0.001 0.020 0.002 0.000 0.041 0.021 0.001 

Locus 40 : 42989_15 
2 alleles
3.4% missing data
 130   (0.959) 0.998 1.000 0.997 0.999 0.999 0.997 0.999 0.995 1.000 0.982 0.999 0.979 0.922 1.000 0.959 0.977 0.999 
 110   (0.041) 0.002 0.000 0.003 0.001 0.001 0.003 0.001 0.005 0.000 0.018 0.001 0.021 0.078 0.000 0.041 0.023 0.001 

Locus 41 : 44631_16 
2 alleles
5.6% missing data
 120   (0.960) 0.998 1.000 0.846 0.999 1.000 0.997 0.999 0.995 1.000 0.981 0.999 0.980 0.998 1.000 0.960 0.978 0.999 
 110   (0.040) 0.002 0.000 0.154 0.001 0.000 0.003 0.001 0.005 0.000 0.019 0.001 0.020 0.002 0.000 0.040 0.022 0.001 

Locus 42 : 45332_74 
2 alleles
3.4% missing data
 130   (0.888) 0.995 0.999 0.992 0.995 0.869 0.991 0.982 0.839 0.999 0.937 0.996 0.939 0.756 0.996 0.889 0.772 0.950 
 110   (0.112) 0.005 0.001 0.008 0.005 0.131 0.009 0.018 0.161 0.001 0.063 0.004 0.061 0.244 0.004 0.111 0.228 0.050 

Locus 43 : 45964_12 
2 alleles
2.2% missing data
 100   (0.962) 0.998 1.000 0.997 0.958 1.000 0.996 0.999 0.995 1.000 0.982 0.999 0.981 0.998 1.000 0.962 0.979 0.999 
 130   (0.038) 0.002 0.000 0.003 0.042 0.000 0.004 0.001 0.005 0.000 0.018 0.001 0.019 0.002 0.000 0.038 0.021 0.001 

Locus 44 : 47772_18 
2 alleles
1.7% missing data
 120   (0.954) 0.998 1.000 0.997 0.998 0.999 0.812 0.999 0.995 1.000 0.980 0.998 0.976 0.998 1.000 0.954 0.976 0.999 
 100   (0.046) 0.002 0.000 0.003 0.002 0.001 0.188 0.001 0.005 0.000 0.020 0.002 0.024 0.002 0.000 0.046 0.024 0.001 

Locus 45 : 48505_7 
2 alleles
2.8% missing data
 130   (0.963) 0.999 1.000 0.997 0.998 0.996 0.997 0.999 0.995 1.000 0.977 0.999 0.980 0.998 1.000 0.962 0.970 0.999 
 110   (0.037) 0.001 0.000 0.003 0.002 0.004 0.003 0.001 0.005 0.000 0.023 0.001 0.020 0.002 0.000 0.038 0.030 0.001 

Locus 46 : 49838_13 
2 alleles
5.1% missing data
 120   (0.959) 0.998 1.000 0.997 0.999 0.944 0.997 0.999 0.995 1.000 0.982 0.999 0.980 0.998 1.000 0.959 0.927 0.999 
 100   (0.041) 0.002 0.000 0.003 0.001 0.056 0.003 0.001 0.005 0.000 0.018 0.001 0.020 0.002 0.000 0.041 0.073 0.001 

Locus 47 : 50793_47 
2 alleles
6.2% missing data
 120   (0.956) 0.998 1.000 0.988 0.998 0.999 0.996 0.999 0.995 1.000 0.981 0.999 0.977 0.862 1.000 0.956 0.976 0.998 
 100   (0.044) 0.002 0.000 0.012 0.002 0.001 0.004 0.001 0.005 0.000 0.019 0.001 0.023 0.138 0.000 0.044 0.024 0.002 

Locus 48 : 51471_5 
2 alleles
2.2% missing data
 110   (0.960) 0.999 1.000 0.997 0.999 0.999 0.997 0.999 0.996 1.000 0.983 0.883 0.980 0.998 1.000 0.961 0.979 0.999 
 120   (0.040) 0.001 0.000 0.003 0.001 0.001 0.003 0.001 0.004 0.000 0.017 0.117 0.020 0.002 0.000 0.039 0.021 0.001 

Locus 49 : 52408_45 
2 alleles
2.2% missing data
 130   (0.959) 0.998 1.000 0.812 0.999 1.000 0.997 0.999 0.995 1.000 0.982 0.999 0.980 0.998 1.000 0.959 0.979 0.999 
 110   (0.041) 0.002 0.000 0.188 0.001 0.000 0.003 0.001 0.005 0.000 0.018 0.001 0.020 0.002 0.000 0.041 0.021 0.001 

Locus 50 : 53046_18 
2 alleles
0.6% missing data
 120   (0.943) 0.998 1.000 0.996 0.998 0.999 0.995 0.993 0.993 1.000 0.972 0.998 0.969 0.924 1.000 0.942 0.968 0.999 
 100   (0.057) 0.002 0.000 0.004 0.002 0.001 0.005 0.007 0.007 0.000 0.028 0.002 0.031 0.076 0.000 0.058 0.032 0.001 

Locus 51 : 53230_50 
2 alleles
4.5% missing data
 120   (0.959) 0.998 1.000 0.997 0.824 0.999 0.997 0.999 0.995 1.000 0.983 0.998 0.979 0.998 1.000 0.960 0.978 0.999 
 110   (0.041) 0.002 0.000 0.003 0.176 0.001 0.003 0.001 0.005 0.000 0.017 0.002 0.021 0.002 0.000 0.040 0.022 0.001 

Locus 52 : 53957_5 
2 alleles
3.9% missing data
 130   (0.962) 0.998 1.000 0.997 0.999 0.999 0.997 0.999 0.995 1.000 0.978 0.999 0.979 0.990 1.000 0.961 0.975 0.999 
 110   (0.038) 0.002 0.000 0.003 0.001 0.001 0.003 0.001 0.005 0.000 0.022 0.001 0.021 0.010 0.000 0.039 0.025 0.001 

Locus 53 : 58003_89 
2 alleles
3.9% missing data
 120   (0.952) 0.978 0.997 0.995 0.997 0.999 0.996 0.995 0.990 0.996 0.969 0.997 0.969 0.995 0.995 0.951 0.970 0.987 
 100   (0.048) 0.022 0.003 0.005 0.003 0.001 0.004 0.005 0.010 0.004 0.031 0.003 0.031 0.005 0.005 0.049 0.030 0.013 

Locus 54 : 58412_58 
2 alleles
2.2% missing data
 110   (0.961) 0.998 1.000 0.997 0.998 0.999 0.974 0.999 0.996 1.000 0.982 0.999 0.979 0.998 1.000 0.961 0.979 0.999 
 100   (0.039) 0.002 0.000 0.003 0.002 0.001 0.026 0.001 0.004 0.000 0.018 0.001 0.021 0.002 0.000 0.039 0.021 0.001 

Locus 55 : 58452_11 
2 alleles
3.4% missing data
 120   (0.962) 0.990 1.000 0.997 0.999 0.999 0.997 0.999 0.995 1.000 0.971 0.999 0.979 0.998 1.000 0.962 0.979 0.999 
 130   (0.038) 0.010 0.000 0.003 0.001 0.001 0.003 0.001 0.005 0.000 0.029 0.001 0.021 0.002 0.000 0.038 0.021 0.001 

Locus 56 : 59409_85 
2 alleles
2.8% missing data
 130   (0.960) 0.998 1.000 0.997 0.999 1.000 0.997 0.999 0.995 1.000 0.973 0.999 0.977 0.998 1.000 0.960 0.977 0.996 
 100   (0.040) 0.002 0.000 0.003 0.001 0.000 0.003 0.001 0.005 0.000 0.027 0.001 0.023 0.002 0.000 0.040 0.023 0.004 

Locus 57 : 60620_10 
2 alleles
1.1% missing data
 120   (0.957) 0.998 1.000 0.997 0.999 1.000 0.891 0.999 0.995 1.000 0.982 0.999 0.980 0.998 1.000 0.958 0.979 0.999 
 130   (0.043) 0.002 0.000 0.003 0.001 0.000 0.109 0.001 0.005 0.000 0.018 0.001 0.020 0.002 0.000 0.042 0.021 0.001 

Locus 58 : 61541_77 
2 alleles
3.4% missing data
 120   (0.955) 0.998 1.000 0.997 0.998 0.999 0.838 0.999 0.995 1.000 0.981 0.998 0.977 0.998 1.000 0.955 0.976 0.999 
 100   (0.045) 0.002 0.000 0.003 0.002 0.001 0.162 0.001 0.005 0.000 0.019 0.002 0.023 0.002 0.000 0.045 0.024 0.001 

Locus 59 : 61756_42 
2 alleles
1.1% missing data
 130   (0.956) 0.998 1.000 0.997 0.998 0.999 0.820 0.999 0.995 1.000 0.982 0.998 0.977 0.998 1.000 0.956 0.976 0.999 
 110   (0.044) 0.002 0.000 0.003 0.002 0.001 0.180 0.001 0.005 0.000 0.018 0.002 0.023 0.002 0.000 0.044 0.024 0.001 

Locus 60 : 62497_19 
2 alleles
6.2% missing data
 130   (0.911) 0.963 0.998 0.880 0.996 0.982 0.993 0.997 0.944 0.992 0.944 0.995 0.950 0.993 0.990 0.911 0.947 0.986 
 110   (0.089) 0.037 0.002 0.120 0.004 0.018 0.007 0.003 0.056 0.008 0.056 0.005 0.050 0.007 0.010 0.089 0.053 0.014 

Locus 61 : 63024_50 
2 alleles
2.8% missing data
 120   (0.950) 0.968 1.000 0.997 0.998 0.999 0.996 0.999 0.993 1.000 0.956 0.998 0.970 0.997 1.000 0.949 0.969 0.999 
 100   (0.050) 0.032 0.000 0.003 0.002 0.001 0.004 0.001 0.007 0.000 0.044 0.002 0.030 0.003 0.000 0.051 0.031 0.001 

Locus 62 : 64492_50 
2 alleles
7.3% missing data
 120   (0.922) 0.954 1.000 0.889 0.997 0.999 0.994 0.998 0.989 0.999 0.965 0.997 0.959 0.929 0.999 0.923 0.957 0.998 
 100   (0.078) 0.046 0.000 0.111 0.003 0.001 0.006 0.002 0.011 0.001 0.035 0.003 0.041 0.071 0.001 0.077 0.043 0.002 

Locus 63 : 67984_34 
2 alleles
2.2% missing data
 120   (0.955) 0.998 1.000 0.997 0.998 0.999 0.864 0.999 0.995 1.000 0.981 0.999 0.978 0.997 1.000 0.955 0.977 0.999 
 100   (0.045) 0.002 0.000 0.003 0.002 0.001 0.136 0.001 0.005 0.000 0.019 0.001 0.022 0.003 0.000 0.045 0.023 0.001 

Locus 64 : 69199_10 
2 alleles
4.5% missing data
 120   (0.942) 0.344 1.000 0.996 0.998 0.999 0.995 0.998 0.993 0.999 0.964 0.998 0.967 0.997 0.999 0.942 0.964 0.999 
 100   (0.058) 0.656 0.000 0.004 0.002 0.001 0.005 0.002 0.007 0.001 0.036 0.002 0.033 0.003 0.001 0.058 0.036 0.001 

Locus 65 : 71368_77 
2 alleles
6.7% missing data
 100   (0.961) 0.999 1.000 0.997 0.998 1.000 0.997 0.999 0.996 1.000 0.984 0.537 0.980 0.998 1.000 0.961 0.979 0.999 
 110   (0.039) 0.001 0.000 0.003 0.002 0.000 0.003 0.001 0.004 0.000 0.016 0.463 0.020 0.002 0.000 0.039 0.021 0.001 

Locus 66 : 72276_35 
2 alleles
5.1% missing data
 130   (0.957) 0.998 1.000 0.997 0.998 0.999 0.997 0.999 0.995 1.000 0.980 0.999 0.978 0.894 1.000 0.958 0.977 0.999 
 120   (0.043) 0.002 0.000 0.003 0.002 0.001 0.003 0.001 0.005 0.000 0.020 0.001 0.022 0.106 0.000 0.042 0.023 0.001 

Locus 67 : 73554_16 
2 alleles
3.9% missing data
 100   (0.961) 0.998 1.000 0.997 0.999 1.000 0.997 0.999 0.850 1.000 0.981 0.999 0.981 0.998 1.000 0.961 0.980 0.999 
 130   (0.039) 0.002 0.000 0.003 0.001 0.000 0.003 0.001 0.150 0.000 0.019 0.001 0.019 0.002 0.000 0.039 0.020 0.001 

Locus 68 : 74575_32 
2 alleles
1.7% missing data
 120   (0.961) 0.998 1.000 0.997 0.999 1.000 0.997 0.999 0.995 1.000 0.975 0.999 0.979 0.987 1.000 0.961 0.977 0.999 
 100   (0.039) 0.002 0.000 0.003 0.001 0.000 0.003 0.001 0.005 0.000 0.025 0.001 0.021 0.013 0.000 0.039 0.023 0.001 

Locus 69 : 76504_10 
2 alleles
1.1% missing data
 110   (0.956) 0.998 1.000 0.997 0.998 0.999 0.997 0.785 0.995 1.000 0.979 0.999 0.978 0.998 1.000 0.956 0.977 0.999 
 100   (0.044) 0.002 0.000 0.003 0.002 0.001 0.003 0.215 0.005 0.000 0.021 0.001 0.022 0.002 0.000 0.044 0.023 0.001 

Locus 70 : 76561_35 
2 alleles
5.6% missing data
 120   (0.959) 0.999 1.000 0.549 0.998 0.999 0.997 0.999 0.995 1.000 0.983 0.999 0.979 0.998 1.000 0.959 0.978 0.999 
 100   (0.041) 0.001 0.000 0.451 0.002 0.001 0.003 0.001 0.005 0.000 0.017 0.001 0.021 0.002 0.000 0.041 0.022 0.001 

Locus 71 : 77346_16 
2 alleles
2.2% missing data
 130   (0.961) 0.999 1.000 0.997 0.999 1.000 0.997 0.913 0.996 1.000 0.982 0.999 0.980 0.998 1.000 0.962 0.980 0.999 
 110   (0.039) 0.001 0.000 0.003 0.001 0.000 0.003 0.087 0.004 0.000 0.018 0.001 0.020 0.002 0.000 0.038 0.020 0.001 

Locus 72 : 78631_40 
2 alleles
7.9% missing data
 120   (0.951) 0.997 1.000 0.993 0.998 0.999 0.996 0.999 0.994 1.000 0.978 0.998 0.975 0.810 0.999 0.951 0.972 0.999 
 110   (0.049) 0.003 0.000 0.007 0.002 0.001 0.004 0.001 0.006 0.000 0.022 0.002 0.025 0.190 0.001 0.049 0.028 0.001 

Locus 73 : 80366_12 
2 alleles
6.7% missing data
 130   (0.961) 0.998 1.000 0.997 0.998 0.999 0.997 0.999 0.994 1.000 0.972 0.998 0.979 0.996 1.000 0.961 0.971 0.998 
 110   (0.039) 0.002 0.000 0.003 0.002 0.001 0.003 0.001 0.006 0.000 0.028 0.002 0.021 0.004 0.000 0.039 0.029 0.002 

Locus 74 : 80499_10 
2 alleles
6.2% missing data
 130   (0.960) 0.999 1.000 0.997 0.802 1.000 0.997 0.999 0.995 1.000 0.983 0.998 0.979 0.998 1.000 0.960 0.978 0.999 
 100   (0.040) 0.001 0.000 0.003 0.198 0.000 0.003 0.001 0.005 0.000 0.017 0.002 0.021 0.002 0.000 0.040 0.022 0.001 

Locus 75 : 81141_31 
2 alleles
2.8% missing data
 120   (0.963) 0.999 1.000 0.997 0.998 0.996 0.997 0.999 0.995 1.000 0.977 0.999 0.980 0.998 1.000 0.962 0.970 0.999 
 100   (0.037) 0.001 0.000 0.003 0.002 0.004 0.003 0.001 0.005 0.000 0.023 0.001 0.020 0.002 0.000 0.038 0.030 0.001 

Locus 76 : 81662_33 
2 alleles
3.4% missing data
 120   (0.963) 0.998 1.000 0.997 0.999 1.000 0.997 0.999 0.995 1.000 0.968 0.999 0.977 0.998 1.000 0.963 0.977 0.997 
 110   (0.037) 0.002 0.000 0.003 0.001 0.000 0.003 0.001 0.005 0.000 0.032 0.001 0.023 0.002 0.000 0.037 0.023 0.003 

Locus 77 : 82002_8 
2 alleles
6.7% missing data
 100   (0.952) 0.998 1.000 0.997 0.998 0.999 0.674 0.999 0.995 1.000 0.979 0.998 0.976 0.997 1.000 0.952 0.975 0.999 
 110   (0.048) 0.002 0.000 0.003 0.002 0.001 0.326 0.001 0.005 0.000 0.021 0.002 0.024 0.003 0.000 0.048 0.025 0.001 

Locus 78 : 82631_34 
2 alleles
7.9% missing data
 120   (0.960) 0.997 1.000 0.996 0.999 0.999 0.997 0.999 0.995 1.000 0.958 0.999 0.980 0.995 1.000 0.960 0.967 0.999 
 100   (0.040) 0.003 0.000 0.004 0.001 0.001 0.003 0.001 0.005 0.000 0.042 0.001 0.020 0.005 0.000 0.040 0.033 0.001 

Locus 79 : 83247_84 
2 alleles
3.4% missing data
 110   (0.953) 0.998 1.000 0.997 0.998 0.999 0.996 0.999 0.994 1.000 0.977 0.998 0.974 0.773 1.000 0.953 0.972 0.999 
 100   (0.047) 0.002 0.000 0.003 0.002 0.001 0.004 0.001 0.006 0.000 0.023 0.002 0.026 0.227 0.000 0.047 0.028 0.001 

Locus 80 : 83916_5 
2 alleles
3.9% missing data
 130   (0.960) 0.998 1.000 0.997 0.999 0.837 0.997 0.999 0.995 1.000 0.983 0.999 0.979 0.998 1.000 0.960 0.979 0.999 
 110   (0.040) 0.002 0.000 0.003 0.001 0.163 0.003 0.001 0.005 0.000 0.017 0.001 0.021 0.002 0.000 0.040 0.021 0.001 

Locus 81 : 84971_7 
2 alleles
2.2% missing data
 120   (0.947) 0.986 1.000 0.996 0.998 0.997 0.996 0.968 0.991 0.991 0.961 0.998 0.960 0.995 0.979 0.947 0.967 0.998 
 110   (0.053) 0.014 0.000 0.004 0.002 0.003 0.004 0.032 0.009 0.009 0.039 0.002 0.040 0.005 0.021 0.053 0.033 0.002 

Locus 82 : 85247_77 
2 alleles
7.9% missing data
 120   (0.962) 0.998 0.999 0.997 0.998 0.996 0.997 0.998 0.994 0.998 0.975 0.998 0.978 0.997 0.997 0.962 0.977 0.998 
 110   (0.038) 0.002 0.001 0.003 0.002 0.004 0.003 0.002 0.006 0.002 0.025 0.002 0.022 0.003 0.003 0.038 0.023 0.002 

Locus 83 : 85248_24 
2 alleles
5.1% missing data
 100   (0.954) 0.998 1.000 0.997 0.998 0.999 0.857 0.999 0.995 1.000 0.981 0.998 0.976 0.997 1.000 0.954 0.975 0.999 
 120   (0.046) 0.002 0.000 0.003 0.002 0.001 0.143 0.001 0.005 0.000 0.019 0.002 0.024 0.003 0.000 0.046 0.025 0.001 

Locus 84 : 85402_12 
2 alleles
3.4% missing data
 120   (0.959) 0.998 1.000 0.997 0.999 1.000 0.997 0.999 0.995 1.000 0.974 0.999 0.975 0.998 1.000 0.959 0.975 0.996 
 100   (0.041) 0.002 0.000 0.003 0.001 0.000 0.003 0.001 0.005 0.000 0.026 0.001 0.025 0.002 0.000 0.041 0.025 0.004 

Locus 85 : 86588_18 
2 alleles
3.9% missing data
 120   (0.961) 0.987 1.000 0.997 0.998 0.999 0.997 0.999 0.995 1.000 0.971 0.999 0.979 0.998 1.000 0.961 0.977 0.999 
 100   (0.039) 0.013 0.000 0.003 0.002 0.001 0.003 0.001 0.005 0.000 0.029 0.001 0.021 0.002 0.000 0.039 0.023 0.001 

Locus 86 : 87070_60 
2 alleles
2.2% missing data
 100   (0.961) 0.998 1.000 0.997 0.999 1.000 0.997 0.999 0.860 1.000 0.981 0.999 0.980 0.998 1.000 0.961 0.980 0.999 
 130   (0.039) 0.002 0.000 0.003 0.001 0.000 0.003 0.001 0.140 0.000 0.019 0.001 0.020 0.002 0.000 0.039 0.020 0.001 

Locus 87 : 87747_31 
2 alleles
6.2% missing data
 120   (0.957) 0.998 1.000 0.997 0.998 1.000 0.914 0.999 0.995 1.000 0.982 0.998 0.978 0.997 1.000 0.957 0.977 0.999 
 110   (0.043) 0.002 0.000 0.003 0.002 0.000 0.086 0.001 0.005 0.000 0.018 0.002 0.022 0.003 0.000 0.043 0.023 0.001 

Locus 88 : 88455_10 
2 alleles
5.1% missing data
 130   (0.959) 0.998 1.000 0.784 0.999 0.999 0.997 0.999 0.995 1.000 0.982 0.999 0.979 0.997 1.000 0.959 0.978 0.999 
 100   (0.041) 0.002 0.000 0.216 0.001 0.001 0.003 0.001 0.005 0.000 0.018 0.001 0.021 0.003 0.000 0.041 0.022 0.001 

Locus 89 : 89005_12 
2 alleles
1.1% missing data
 120   (0.955) 0.998 1.000 0.997 0.999 0.999 0.891 0.999 0.995 1.000 0.981 0.999 0.977 0.998 1.000 0.956 0.976 0.999 
 130   (0.045) 0.002 0.000 0.003 0.001 0.001 0.109 0.001 0.005 0.000 0.019 0.001 0.023 0.002 0.000 0.044 0.024 0.001 

Locus 90 : 89213_8 
2 alleles
3.4% missing data
 130   (0.962) 0.998 1.000 0.997 0.999 1.000 0.972 0.999 0.996 1.000 0.983 0.999 0.981 0.998 1.000 0.962 0.980 0.999 
 110   (0.038) 0.002 0.000 0.003 0.001 0.000 0.028 0.001 0.004 0.000 0.017 0.001 0.019 0.002 0.000 0.038 0.020 0.001 

Locus 91 : 93475_13 
2 alleles
2.2% missing data
 130   (0.957) 0.998 1.000 0.997 0.999 1.000 0.864 0.999 0.995 1.000 0.982 0.998 0.978 0.998 1.000 0.957 0.977 0.999 
 110   (0.043) 0.002 0.000 0.003 0.001 0.000 0.136 0.001 0.005 0.000 0.018 0.002 0.022 0.002 0.000 0.043 0.023 0.001 

Locus 92 : 95749_27 
2 alleles
3.9% missing data
 120   (0.961) 0.999 1.000 0.997 0.999 1.000 0.970 0.999 0.996 1.000 0.983 0.999 0.980 0.998 1.000 0.962 0.979 0.999 
 100   (0.039) 0.001 0.000 0.003 0.001 0.000 0.030 0.001 0.004 0.000 0.017 0.001 0.020 0.002 0.000 0.038 0.021 0.001 

Locus 93 : 98167_26 
2 alleles
3.4% missing data
 120   (0.934) 0.988 0.999 0.992 0.997 0.999 0.995 0.993 0.905 0.996 0.964 0.996 0.965 0.995 0.998 0.934 0.958 0.974 
 110   (0.066) 0.012 0.001 0.008 0.003 0.001 0.005 0.007 0.095 0.004 0.036 0.004 0.035 0.005 0.002 0.066 0.042 0.026 

Locus 94 : 98988_58 
2 alleles
2.2% missing data
 130   (0.961) 0.998 1.000 0.997 0.998 1.000 0.974 0.999 0.995 1.000 0.982 0.999 0.980 0.998 1.000 0.961 0.979 0.999 
 110   (0.039) 0.002 0.000 0.003 0.002 0.000 0.026 0.001 0.005 0.000 0.018 0.001 0.020 0.002 0.000 0.039 0.021 0.001 

Locus 95 : 103824_15 
2 alleles
3.4% missing data
 130   (0.958) 0.998 1.000 0.997 0.999 0.999 0.809 0.999 0.995 1.000 0.982 0.998 0.980 0.998 1.000 0.958 0.979 0.999 
 110   (0.042) 0.002 0.000 0.003 0.001 0.001 0.191 0.001 0.005 0.000 0.018 0.002 0.020 0.002 0.000 0.042 0.021 0.001 

Locus 96 : 108043_8 
2 alleles
4.5% missing data
 130   (0.961) 0.999 1.000 0.997 0.999 0.999 0.997 0.910 0.995 0.996 0.984 0.999 0.979 0.998 1.000 0.961 0.978 0.999 
 110   (0.039) 0.001 0.000 0.003 0.001 0.001 0.003 0.090 0.005 0.004 0.016 0.001 0.021 0.002 0.000 0.039 0.022 0.001 

Locus 97 : 108049_79 
2 alleles
2.8% missing data
 120   (0.961) 0.998 1.000 0.997 0.999 1.000 0.997 0.999 0.995 1.000 0.966 0.999 0.976 0.998 1.000 0.961 0.976 0.997 
 100   (0.039) 0.002 0.000 0.003 0.001 0.000 0.003 0.001 0.005 0.000 0.034 0.001 0.024 0.002 0.000 0.039 0.024 0.003 

Locus 98 : 108366_5 
2 alleles
2.8% missing data
 130   (0.958) 0.998 1.000 0.997 0.999 0.999 0.918 0.999 0.995 1.000 0.982 0.999 0.978 0.998 1.000 0.958 0.977 0.999 
 100   (0.042) 0.002 0.000 0.003 0.001 0.001 0.082 0.001 0.005 0.000 0.018 0.001 0.022 0.002 0.000 0.042 0.023 0.001 

Locus 99 : 108403_10 
2 alleles
6.2% missing data
 130   (0.960) 0.998 1.000 0.997 0.998 1.000 0.996 0.992 0.995 1.000 0.978 0.999 0.979 0.997 1.000 0.959 0.977 0.999 
 110   (0.040) 0.002 0.000 0.003 0.002 0.000 0.004 0.008 0.005 0.000 0.022 0.001 0.021 0.003 0.000 0.041 0.023 0.001 

Locus 100 : 109283_38 
2 alleles
3.9% missing data
 120   (0.875) 0.969 0.989 0.991 0.995 0.465 0.990 0.994 0.982 0.982 0.770 0.995 0.861 0.982 0.894 0.875 0.731 0.923 
 100   (0.125) 0.031 0.011 0.009 0.005 0.535 0.010 0.006 0.018 0.018 0.230 0.005 0.139 0.018 0.106 0.125 0.269 0.077 

Locus 101 : 109527_54 
2 alleles
7.3% missing data
 110   (0.948) 0.998 1.000 0.996 0.998 0.999 0.996 0.999 0.991 1.000 0.970 0.998 0.973 0.815 1.000 0.948 0.964 0.996 
 130   (0.052) 0.002 0.000 0.004 0.002 0.001 0.004 0.001 0.009 0.000 0.030 0.002 0.027 0.185 0.000 0.052 0.036 0.004 

Locus 102 : 109804_31 
2 alleles
2.2% missing data
 130   (0.960) 0.998 1.000 0.997 0.999 1.000 0.945 0.999 0.995 1.000 0.982 0.999 0.980 0.998 1.000 0.960 0.979 0.999 
 100   (0.040) 0.002 0.000 0.003 0.001 0.000 0.055 0.001 0.005 0.000 0.018 0.001 0.020 0.002 0.000 0.040 0.021 0.001 

Locus 103 : 112614_46 
2 alleles
5.1% missing data
 120   (0.958) 0.998 1.000 0.997 0.998 1.000 0.885 0.999 0.995 1.000 0.981 0.998 0.980 0.998 1.000 0.958 0.979 0.999 
 100   (0.042) 0.002 0.000 0.003 0.002 0.000 0.115 0.001 0.005 0.000 0.019 0.002 0.020 0.002 0.000 0.042 0.021 0.001 

Locus 104 : 112906_14 
2 alleles
3.9% missing data
 110   (0.896) 0.995 1.000 0.672 0.996 0.971 0.992 0.997 0.958 0.999 0.943 0.996 0.946 0.731 0.999 0.896 0.853 0.997 
 120   (0.104) 0.005 0.000 0.328 0.004 0.029 0.008 0.003 0.042 0.001 0.057 0.004 0.054 0.269 0.001 0.104 0.147 0.003 

Locus 105 : 113735_32 
2 alleles
6.7% missing data
 120   (0.962) 0.998 1.000 0.965 0.999 1.000 0.997 0.999 0.995 1.000 0.978 0.998 0.981 0.998 1.000 0.962 0.975 0.999 
 100   (0.038) 0.002 0.000 0.035 0.001 0.000 0.003 0.001 0.005 0.000 0.022 0.002 0.019 0.002 0.000 0.038 0.025 0.001 

Locus 106 : 115028_7 
2 alleles
3.9% missing data
 120   (0.963) 0.999 1.000 0.959 0.999 1.000 0.997 0.999 0.995 1.000 0.981 0.999 0.981 0.998 1.000 0.963 0.980 0.999 
 100   (0.037) 0.001 0.000 0.041 0.001 0.000 0.003 0.001 0.005 0.000 0.019 0.001 0.019 0.002 0.000 0.037 0.020 0.001 

Locus 107 : 115179_16 
2 alleles
2.2% missing data
 120   (0.957) 0.998 1.000 0.997 0.998 0.999 0.908 0.999 0.995 1.000 0.982 0.999 0.977 0.998 1.000 0.957 0.977 0.999 
 110   (0.043) 0.002 0.000 0.003 0.002 0.001 0.092 0.001 0.005 0.000 0.018 0.001 0.023 0.002 0.000 0.043 0.023 0.001 

Locus 108 : 116753_51 
2 alleles
7.3% missing data
 120   (0.956) 0.998 1.000 0.995 0.998 0.981 0.996 0.998 0.995 0.998 0.960 0.999 0.976 0.996 1.000 0.956 0.923 0.997 
 100   (0.044) 0.002 0.000 0.005 0.002 0.019 0.004 0.002 0.005 0.002 0.040 0.001 0.024 0.004 0.000 0.044 0.077 0.003 

Locus 109 : 116931_31 
2 alleles
7.9% missing data
 120   (0.961) 0.989 1.000 0.997 0.998 0.999 0.997 0.999 0.995 1.000 0.971 0.999 0.978 0.998 1.000 0.960 0.978 0.999 
 110   (0.039) 0.011 0.000 0.003 0.002 0.001 0.003 0.001 0.005 0.000 0.029 0.001 0.022 0.002 0.000 0.040 0.022 0.001 

Locus 110 : 116938_8 
2 alleles
4.5% missing data
 130   (0.925) 0.996 1.000 0.995 0.997 0.936 0.994 0.998 0.942 1.000 0.965 0.997 0.962 0.860 1.000 0.925 0.899 0.999 
 110   (0.075) 0.004 0.000 0.005 0.003 0.064 0.006 0.002 0.058 0.000 0.035 0.003 0.038 0.140 0.000 0.075 0.101 0.001 

Locus 111 : 122302_80 
2 alleles
10.1% missing data
 110   (0.960) 0.962 1.000 0.996 0.998 0.999 0.997 0.999 0.995 1.000 0.980 0.999 0.979 0.998 1.000 0.960 0.977 0.999 
 100   (0.040) 0.038 0.000 0.004 0.002 0.001 0.003 0.001 0.005 0.000 0.020 0.001 0.021 0.002 0.000 0.040 0.023 0.001 

Locus 112 : 123190_14 
2 alleles
3.4% missing data
 120   (0.951) 0.956 1.000 0.996 0.998 0.999 0.996 0.998 0.994 1.000 0.962 0.998 0.972 0.997 1.000 0.950 0.969 0.999 
 130   (0.049) 0.044 0.000 0.004 0.002 0.001 0.004 0.002 0.006 0.000 0.038 0.002 0.028 0.003 0.000 0.050 0.031 0.001 

Locus 113 : 123271_36 
2 alleles
3.9% missing data
 100   (0.957) 0.998 1.000 0.997 0.999 0.999 0.856 0.999 0.995 1.000 0.982 0.998 0.978 0.998 1.000 0.957 0.977 0.999 
 110   (0.043) 0.002 0.000 0.003 0.001 0.001 0.144 0.001 0.005 0.000 0.018 0.002 0.022 0.002 0.000 0.043 0.023 0.001 

Locus 114 : 124147_18 
2 alleles
2.2% missing data
 130   (0.957) 0.998 1.000 0.997 0.999 0.999 0.997 0.999 0.763 1.000 0.982 0.999 0.978 0.998 1.000 0.958 0.977 0.999 
 110   (0.043) 0.002 0.000 0.003 0.001 0.001 0.003 0.001 0.237 0.000 0.018 0.001 0.022 0.002 0.000 0.042 0.023 0.001 

Locus 115 : 124184_33 
2 alleles
5.6% missing data
 110   (0.958) 0.998 1.000 0.997 0.999 0.999 0.909 0.999 0.995 1.000 0.982 0.999 0.979 0.998 1.000 0.958 0.978 0.999 
 100   (0.042) 0.002 0.000 0.003 0.001 0.001 0.091 0.001 0.005 0.000 0.018 0.001 0.021 0.002 0.000 0.042 0.022 0.001 

Locus 116 : 125404_24 
2 alleles
1.1% missing data
 130   (0.960) 0.999 1.000 0.761 0.999 1.000 0.997 0.999 0.995 1.000 0.983 0.999 0.980 0.998 1.000 0.960 0.979 0.999 
 110   (0.040) 0.001 0.000 0.239 0.001 0.000 0.003 0.001 0.005 0.000 0.017 0.001 0.020 0.002 0.000 0.040 0.021 0.001 

Locus 117 : 125436_43 
2 alleles
3.9% missing data
 130   (0.931) 0.997 1.000 0.700 0.998 0.999 0.995 0.998 0.992 1.000 0.969 0.998 0.966 0.839 1.000 0.931 0.955 0.998 
 100   (0.069) 0.003 0.000 0.300 0.002 0.001 0.005 0.002 0.008 0.000 0.031 0.002 0.034 0.161 0.000 0.069 0.045 0.002 

Locus 118 : 126013_18 
2 alleles
2.8% missing data
 130   (0.959) 0.999 1.000 0.997 0.784 0.999 0.997 0.999 0.995 1.000 0.983 0.998 0.979 0.998 1.000 0.959 0.978 0.999 
 110   (0.041) 0.001 0.000 0.003 0.216 0.001 0.003 0.001 0.005 0.000 0.017 0.002 0.021 0.002 0.000 0.041 0.022 0.001 

Locus 119 : 126137_19 
2 alleles
3.9% missing data
 120   (0.963) 0.998 1.000 0.984 0.998 1.000 0.997 0.999 0.995 1.000 0.981 0.999 0.981 0.986 1.000 0.963 0.969 0.999 
 110   (0.037) 0.002 0.000 0.016 0.002 0.000 0.003 0.001 0.005 0.000 0.019 0.001 0.019 0.014 0.000 0.037 0.031 0.001 

Locus 120 : 126845_22 
2 alleles
5.6% missing data
 130   (0.960) 0.998 1.000 0.963 0.999 1.000 0.997 0.999 0.994 1.000 0.981 0.999 0.980 0.998 1.000 0.960 0.978 0.999 
 110   (0.040) 0.002 0.000 0.037 0.001 0.000 0.003 0.001 0.006 0.000 0.019 0.001 0.020 0.002 0.000 0.040 0.022 0.001 

Locus 121 : 127512_8 
2 alleles
1.1% missing data
 130   (0.963) 0.999 1.000 0.998 0.834 1.000 0.997 0.999 0.996 1.000 0.984 0.999 0.982 0.998 1.000 0.963 0.981 0.999 
 100   (0.037) 0.001 0.000 0.002 0.166 0.000 0.003 0.001 0.004 0.000 0.016 0.001 0.018 0.002 0.000 0.037 0.019 0.001 

Locus 122 : 127692_13 
2 alleles
2.8% missing data
 100   (0.954) 0.998 1.000 0.997 0.998 0.999 0.997 0.999 0.994 1.000 0.978 0.998 0.976 0.937 1.000 0.954 0.975 0.999 
 120   (0.046) 0.002 0.000 0.003 0.002 0.001 0.003 0.001 0.006 0.000 0.022 0.002 0.024 0.063 0.000 0.046 0.025 0.001 

Locus 123 : 128195_18 
2 alleles
7.3% missing data
 130   (0.879) 0.979 0.995 0.989 0.995 0.998 0.990 0.997 0.435 0.998 0.917 0.995 0.924 0.926 0.987 0.879 0.921 0.309 
 110   (0.121) 0.021 0.005 0.011 0.005 0.002 0.010 0.003 0.565 0.002 0.083 0.005 0.076 0.074 0.013 0.121 0.079 0.691 

Locus 124 : 128198_14 
2 alleles
4.5% missing data
 130   (0.934) 0.997 1.000 0.995 0.817 0.999 0.920 0.998 0.992 0.999 0.971 0.998 0.967 0.996 1.000 0.934 0.966 0.999 
 120   (0.066) 0.003 0.000 0.005 0.183 0.001 0.080 0.002 0.008 0.001 0.029 0.002 0.033 0.004 0.000 0.066 0.034 0.001 

Locus 125 : 128423_39 
2 alleles
4.5% missing data
 130   (0.961) 0.998 1.000 0.997 0.999 0.999 0.997 0.999 0.989 1.000 0.972 0.999 0.980 0.998 1.000 0.961 0.977 0.994 
 100   (0.039) 0.002 0.000 0.003 0.001 0.001 0.003 0.001 0.011 0.000 0.028 0.001 0.020 0.002 0.000 0.039 0.023 0.006 

Locus 126 : 131572_48 
2 alleles
1.1% missing data
 120   (0.953) 0.998 1.000 0.996 0.998 0.984 0.996 0.999 0.994 0.999 0.966 0.998 0.974 0.997 1.000 0.953 0.937 0.999 
 100   (0.047) 0.002 0.000 0.004 0.002 0.016 0.004 0.001 0.006 0.001 0.034 0.002 0.026 0.003 0.000 0.047 0.063 0.001 

Locus 127 : 132199_62 
2 alleles
3.9% missing data
 100   (0.953) 0.998 1.000 0.997 0.998 0.999 0.749 0.999 0.995 1.000 0.980 0.999 0.976 0.998 1.000 0.954 0.975 0.999 
 120   (0.047) 0.002 0.000 0.003 0.002 0.001 0.251 0.001 0.005 0.000 0.020 0.001 0.024 0.002 0.000 0.046 0.025 0.001 

Locus 128 : 135566_64 
2 alleles
7.3% missing data
 130   (0.962) 0.998 1.000 0.997 0.999 0.999 0.997 0.999 0.995 1.000 0.974 0.999 0.977 0.998 1.000 0.961 0.977 0.996 
 110   (0.038) 0.002 0.000 0.003 0.001 0.001 0.003 0.001 0.005 0.000 0.026 0.001 0.023 0.002 0.000 0.039 0.023 0.004 

Locus 129 : 135761_5 
2 alleles
7.9% missing data
 130   (0.957) 0.998 1.000 0.997 0.998 0.999 0.904 0.999 0.995 1.000 0.981 0.998 0.979 0.998 1.000 0.957 0.978 0.999 
 100   (0.043) 0.002 0.000 0.003 0.002 0.001 0.096 0.001 0.005 0.000 0.019 0.002 0.021 0.002 0.000 0.043 0.022 0.001 

Locus 130 : 137219_35 
2 alleles
3.4% missing data
 120   (0.946) 0.998 1.000 0.996 0.998 0.999 0.996 0.999 0.993 1.000 0.952 0.998 0.964 0.997 1.000 0.945 0.964 0.982 
 100   (0.054) 0.002 0.000 0.004 0.002 0.001 0.004 0.001 0.007 0.000 0.048 0.002 0.036 0.003 0.000 0.055 0.036 0.018 

Locus 131 : 139081_20 
2 alleles
5.6% missing data
 120   (0.947) 0.997 1.000 0.996 0.998 0.999 0.996 0.999 0.930 1.000 0.966 0.998 0.973 0.974 1.000 0.947 0.966 0.999 
 110   (0.053) 0.003 0.000 0.004 0.002 0.001 0.004 0.001 0.070 0.000 0.034 0.002 0.027 0.026 0.000 0.053 0.034 0.001 

Locus 132 : 139084_52 
2 alleles
5.1% missing data
 120   (0.916) 0.949 0.999 0.993 0.997 0.999 0.994 0.998 0.831 0.999 0.940 0.996 0.951 0.995 0.998 0.916 0.949 0.993 
 110   (0.084) 0.051 0.001 0.007 0.003 0.001 0.006 0.002 0.169 0.001 0.060 0.004 0.049 0.005 0.002 0.084 0.051 0.007 

Locus 133 : 139433_54 
2 alleles
3.9% missing data
 120   (0.957) 0.998 1.000 0.997 0.999 0.999 0.945 0.999 0.995 1.000 0.982 0.999 0.979 0.998 1.000 0.958 0.978 0.999 
 100   (0.043) 0.002 0.000 0.003 0.001 0.001 0.055 0.001 0.005 0.000 0.018 0.001 0.021 0.002 0.000 0.042 0.022 0.001 

Locus 134 : 140063_88 
2 alleles
7.9% missing data
 110   (0.962) 0.999 1.000 0.997 0.999 1.000 0.997 0.999 0.994 1.000 0.978 0.999 0.980 0.990 1.000 0.962 0.976 0.999 
 100   (0.038) 0.001 0.000 0.003 0.001 0.000 0.003 0.001 0.006 0.000 0.022 0.001 0.020 0.010 0.000 0.038 0.024 0.001 

Locus 135 : 140194_73 
2 alleles
2.8% missing data
 120   (0.961) 0.998 1.000 0.997 0.998 0.999 0.997 0.999 0.993 1.000 0.981 0.953 0.981 0.998 1.000 0.961 0.979 0.999 
 110   (0.039) 0.002 0.000 0.003 0.002 0.001 0.003 0.001 0.007 0.000 0.019 0.047 0.019 0.002 0.000 0.039 0.021 0.001 

Locus 136 : 141313_8 
2 alleles
2.8% missing data
 120   (0.959) 0.998 1.000 0.997 0.998 0.999 0.918 0.999 0.995 1.000 0.982 0.999 0.979 0.998 1.000 0.959 0.978 0.999 
 100   (0.041) 0.002 0.000 0.003 0.002 0.001 0.082 0.001 0.005 0.000 0.018 0.001 0.021 0.002 0.000 0.041 0.022 0.001 

Locus 137 : 145284_28 
2 alleles
2.8% missing data
 130   (0.958) 0.998 1.000 0.997 0.998 1.000 0.997 0.999 0.626 1.000 0.981 0.999 0.979 0.998 1.000 0.958 0.978 0.999 
 110   (0.042) 0.002 0.000 0.003 0.002 0.000 0.003 0.001 0.374 0.000 0.019 0.001 0.021 0.002 0.000 0.042 0.022 0.001 

Locus 138 : 145957_11 
2 alleles
4.5% missing data
 130   (0.961) 0.999 1.000 0.997 0.999 0.858 0.997 0.999 0.995 1.000 0.983 0.999 0.981 0.998 1.000 0.961 0.980 0.999 
 110   (0.039) 0.001 0.000 0.003 0.001 0.142 0.003 0.001 0.005 0.000 0.017 0.001 0.019 0.002 0.000 0.039 0.020 0.001 

Locus 139 : 160306_34 
2 alleles
2.8% missing data
 120   (0.935) 0.996 1.000 0.770 0.998 0.997 0.995 0.998 0.992 1.000 0.961 0.998 0.967 0.968 0.999 0.935 0.924 0.998 
 100   (0.065) 0.004 0.000 0.230 0.002 0.003 0.005 0.002 0.008 0.000 0.039 0.002 0.033 0.032 0.001 0.065 0.076 0.002 

Locus 140 : 162107_37 
2 alleles
3.4% missing data
 120   (0.941) 0.998 1.000 0.903 0.998 0.999 0.995 0.999 0.993 1.000 0.966 0.998 0.970 0.987 1.000 0.941 0.967 0.999 
 100   (0.059) 0.002 0.000 0.097 0.002 0.001 0.005 0.001 0.007 0.000 0.034 0.002 0.030 0.013 0.000 0.059 0.033 0.001 

Locus 141 : 163290_36 
2 alleles
5.1% missing data
 130   (0.926) 0.919 0.998 0.995 0.997 0.998 0.994 0.997 0.744 0.991 0.956 0.997 0.944 0.996 0.966 0.926 0.956 0.991 
 110   (0.074) 0.081 0.002 0.005 0.003 0.002 0.006 0.003 0.256 0.009 0.044 0.003 0.056 0.004 0.034 0.074 0.044 0.009 

Locus 142 : 163453_13 
2 alleles
5.6% missing data
 120   (0.962) 0.990 1.000 0.997 0.998 0.999 0.997 0.999 0.995 1.000 0.971 0.999 0.979 0.998 1.000 0.962 0.979 0.999 
 110   (0.038) 0.010 0.000 0.003 0.002 0.001 0.003 0.001 0.005 0.000 0.029 0.001 0.021 0.002 0.000 0.038 0.021 0.001 

Locus 143 : 163580_14 
2 alleles
10.1% missing data
 120   (0.961) 0.998 0.922 0.997 0.998 0.999 0.997 0.999 0.996 0.890 0.983 0.999 0.981 0.998 1.000 0.961 0.980 0.999 
 100   (0.039) 0.002 0.078 0.003 0.002 0.001 0.003 0.001 0.004 0.110 0.017 0.001 0.019 0.002 0.000 0.039 0.020 0.001 

Locus 144 : 164461_13 
2 alleles
5.6% missing data
 100   (0.959) 0.852 1.000 0.997 0.999 1.000 0.997 0.999 0.995 1.000 0.982 0.999 0.979 0.997 1.000 0.959 0.978 0.999 
 120   (0.041) 0.148 0.000 0.003 0.001 0.000 0.003 0.001 0.005 0.000 0.018 0.001 0.021 0.003 0.000 0.041 0.022 0.001 

Locus 145 : 165413_43 
2 alleles
1.7% missing data
 110   (0.953) 0.997 1.000 0.997 0.998 0.999 0.996 0.999 0.994 1.000 0.975 0.998 0.975 0.942 1.000 0.953 0.973 0.999 
 130   (0.047) 0.003 0.000 0.003 0.002 0.001 0.004 0.001 0.006 0.000 0.025 0.002 0.025 0.058 0.000 0.047 0.027 0.001 

Locus 146 : 168629_44 
2 alleles
5.6% missing data
 130   (0.948) 0.985 0.999 0.996 0.997 0.999 0.996 0.998 0.990 1.000 0.968 0.998 0.972 0.966 0.999 0.948 0.968 0.987 
 110   (0.052) 0.015 0.001 0.004 0.003 0.001 0.004 0.002 0.010 0.000 0.032 0.002 0.028 0.034 0.001 0.052 0.032 0.013 

Locus 147 : 168991_77 
2 alleles
5.6% missing data
 110   (0.854) 0.987 0.998 0.642 0.994 0.981 0.989 0.995 0.976 0.996 0.848 0.994 0.912 0.908 0.993 0.853 0.805 0.947 
 100   (0.146) 0.013 0.002 0.358 0.006 0.019 0.011 0.005 0.024 0.004 0.152 0.006 0.088 0.092 0.007 0.147 0.195 0.053 

Locus 148 : 169478_88 
2 alleles
5.1% missing data
 130   (0.962) 0.998 1.000 0.997 0.998 1.000 0.997 0.999 0.995 0.999 0.982 0.960 0.979 0.998 1.000 0.961 0.978 0.999 
 100   (0.038) 0.002 0.000 0.003 0.002 0.000 0.003 0.001 0.005 0.001 0.018 0.040 0.021 0.002 0.000 0.039 0.022 0.001 

Locus 149 : 169898_8 
2 alleles
6.2% missing data
 120   (0.946) 0.968 1.000 0.996 0.998 0.999 0.995 0.998 0.993 1.000 0.976 0.998 0.971 0.913 0.999 0.946 0.968 0.999 
 100   (0.054) 0.032 0.000 0.004 0.002 0.001 0.005 0.002 0.007 0.000 0.024 0.002 0.029 0.087 0.001 0.054 0.032 0.001 

Locus 150 : 170224_42 
2 alleles
7.3% missing data
 100   (0.918) 0.788 0.995 0.993 0.997 0.999 0.993 0.997 0.982 0.998 0.945 0.996 0.954 0.944 0.994 0.918 0.952 0.975 
 120   (0.082) 0.212 0.005 0.007 0.003 0.001 0.007 0.003 0.018 0.002 0.055 0.004 0.046 0.056 0.006 0.082 0.048 0.025 

Locus 151 : 174083_22 
2 alleles
3.9% missing data
 120   (0.954) 0.998 1.000 0.997 0.998 0.999 0.784 0.999 0.995 1.000 0.980 0.999 0.977 0.998 1.000 0.954 0.976 0.999 
 100   (0.046) 0.002 0.000 0.003 0.002 0.001 0.216 0.001 0.005 0.000 0.020 0.001 0.023 0.002 0.000 0.046 0.024 0.001 

Locus 152 : 174223_24 
2 alleles
2.8% missing data
 120   (0.961) 0.999 1.000 0.997 0.999 0.999 0.997 0.991 0.995 1.000 0.978 0.999 0.980 0.997 1.000 0.960 0.978 0.999 
 100   (0.039) 0.001 0.000 0.003 0.001 0.001 0.003 0.009 0.005 0.000 0.022 0.001 0.020 0.003 0.000 0.040 0.022 0.001 

Locus 153 : 174263_44 
2 alleles
3.9% missing data
 130   (0.960) 0.999 1.000 0.997 0.693 0.999 0.997 0.999 0.996 1.000 0.983 0.996 0.979 0.998 1.000 0.960 0.978 0.999 
 110   (0.040) 0.001 0.000 0.003 0.307 0.001 0.003 0.001 0.004 0.000 0.017 0.004 0.021 0.002 0.000 0.040 0.022 0.001 

Locus 154 : 175657_6 
2 alleles
8.4% missing data
 100   (0.934) 0.998 1.000 0.761 0.998 0.999 0.994 0.999 0.992 1.000 0.972 0.998 0.967 0.919 1.000 0.935 0.965 0.999 
 130   (0.066) 0.002 0.000 0.239 0.002 0.001 0.006 0.001 0.008 0.000 0.028 0.002 0.033 0.081 0.000 0.065 0.035 0.001 

Locus 155 : 176570_23 
2 alleles
3.9% missing data
 130   (0.959) 0.997 1.000 0.997 0.998 0.980 0.997 0.995 0.993 0.999 0.939 0.997 0.977 0.997 0.995 0.959 0.948 0.999 
 110   (0.041) 0.003 0.000 0.003 0.002 0.020 0.003 0.005 0.007 0.001 0.061 0.003 0.023 0.003 0.005 0.041 0.052 0.001 

Locus 156 : 176775_13 
2 alleles
6.7% missing data
 130   (0.954) 0.998 1.000 0.997 0.998 0.999 0.702 0.999 0.994 1.000 0.981 0.999 0.978 0.997 1.000 0.955 0.977 0.999 
 110   (0.046) 0.002 0.000 0.003 0.002 0.001 0.298 0.001 0.006 0.000 0.019 0.001 0.022 0.003 0.000 0.045 0.023 0.001 

Locus 157 : 178448_19 
2 alleles
3.4% missing data
 120   (0.953) 0.998 1.000 0.997 0.998 0.999 0.881 0.999 0.995 1.000 0.980 0.998 0.977 0.998 1.000 0.954 0.976 0.999 
 100   (0.047) 0.002 0.000 0.003 0.002 0.001 0.119 0.001 0.005 0.000 0.020 0.002 0.023 0.002 0.000 0.046 0.024 0.001 

Locus 158 : 179162_16 
2 alleles
6.2% missing data
 120   (0.958) 0.998 1.000 0.997 0.999 1.000 0.971 0.999 0.995 1.000 0.981 0.998 0.979 0.998 1.000 0.959 0.978 0.999 
 100   (0.042) 0.002 0.000 0.003 0.001 0.000 0.029 0.001 0.005 0.000 0.019 0.002 0.021 0.002 0.000 0.041 0.022 0.001 

Locus 159 : 179286_31 
2 alleles
2.8% missing data
 120   (0.935) 0.997 1.000 0.894 0.998 0.999 0.995 0.998 0.992 0.999 0.971 0.998 0.966 0.909 1.000 0.935 0.957 0.998 
 100   (0.065) 0.003 0.000 0.106 0.002 0.001 0.005 0.002 0.008 0.001 0.029 0.002 0.034 0.091 0.000 0.065 0.043 0.002 

Locus 160 : 179594_17 
2 alleles
4.5% missing data
 120   (0.917) 0.976 1.000 0.733 0.997 0.999 0.993 0.994 0.936 0.999 0.950 0.996 0.955 0.995 0.999 0.917 0.948 0.998 
 100   (0.083) 0.024 0.000 0.267 0.003 0.001 0.007 0.006 0.064 0.001 0.050 0.004 0.045 0.005 0.001 0.083 0.052 0.002 

Locus 161 : 180413_54 
2 alleles
3.9% missing data
 100   (0.956) 0.998 1.000 0.997 0.999 0.999 0.879 0.999 0.995 1.000 0.981 0.999 0.977 0.998 1.000 0.956 0.977 0.999 
 110   (0.044) 0.002 0.000 0.003 0.001 0.001 0.121 0.001 0.005 0.000 0.019 0.001 0.023 0.002 0.000 0.044 0.023 0.001 

Locus 162 : 182862_79 
2 alleles
3.4% missing data
 130   (0.957) 0.998 1.000 0.997 0.999 0.999 0.866 0.999 0.995 1.000 0.981 0.999 0.979 0.998 1.000 0.957 0.978 0.999 
 110   (0.043) 0.002 0.000 0.003 0.001 0.001 0.134 0.001 0.005 0.000 0.019 0.001 0.021 0.002 0.000 0.043 0.022 0.001 

Locus 163 : 183288_63 
2 alleles
10.1% missing data
 100   (0.960) 0.998 1.000 0.997 0.999 0.999 0.972 0.999 0.995 1.000 0.982 0.998 0.979 0.998 1.000 0.961 0.979 0.999 
 120   (0.040) 0.002 0.000 0.003 0.001 0.001 0.028 0.001 0.005 0.000 0.018 0.002 0.021 0.002 0.000 0.039 0.021 0.001 

Locus 164 : 183906_55 
2 alleles
6.7% missing data
 130   (0.956) 0.998 1.000 0.997 0.998 0.999 0.945 0.999 0.995 1.000 0.981 0.999 0.978 0.998 1.000 0.956 0.977 0.999 
 100   (0.044) 0.002 0.000 0.003 0.002 0.001 0.055 0.001 0.005 0.000 0.019 0.001 0.022 0.002 0.000 0.044 0.023 0.001 

Locus 165 : 183990_7 
2 alleles
3.4% missing data
 120   (0.955) 0.996 1.000 0.997 0.998 0.998 0.997 0.999 0.995 1.000 0.952 0.999 0.953 0.998 1.000 0.955 0.975 0.849 
 100   (0.045) 0.004 0.000 0.003 0.002 0.002 0.003 0.001 0.005 0.000 0.048 0.001 0.047 0.002 0.000 0.045 0.025 0.151 

Locus 166 : 185904_60 
2 alleles
3.4% missing data
 120   (0.958) 0.918 1.000 0.997 0.998 0.999 0.997 0.999 0.995 1.000 0.979 0.999 0.979 0.998 1.000 0.959 0.978 0.999 
 100   (0.042) 0.082 0.000 0.003 0.002 0.001 0.003 0.001 0.005 0.000 0.021 0.001 0.021 0.002 0.000 0.041 0.022 0.001 

Locus 167 : 191703_64 
2 alleles
1.7% missing data
 130   (0.934) 0.998 1.000 0.865 0.998 0.999 0.995 0.999 0.682 1.000 0.969 0.998 0.967 0.997 1.000 0.934 0.964 0.999 
 110   (0.066) 0.002 0.000 0.135 0.002 0.001 0.005 0.001 0.318 0.000 0.031 0.002 0.033 0.003 0.000 0.066 0.036 0.001 

Locus 168 : 193854_7 
2 alleles
1.7% missing data
 130   (0.937) 0.997 1.000 0.995 0.962 0.999 0.882 0.998 0.992 1.000 0.972 0.997 0.969 0.996 0.999 0.937 0.966 0.999 
 110   (0.063) 0.003 0.000 0.005 0.038 0.001 0.118 0.002 0.008 0.000 0.028 0.003 0.031 0.004 0.001 0.063 0.034 0.001 

Locus 169 : 194868_38 
2 alleles
5.6% missing data
 120   (0.943) 0.998 1.000 0.968 0.998 0.999 0.996 0.998 0.992 1.000 0.969 0.998 0.970 0.904 1.000 0.943 0.935 0.998 
 100   (0.057) 0.002 0.000 0.032 0.002 0.001 0.004 0.002 0.008 0.000 0.031 0.002 0.030 0.096 0.000 0.057 0.065 0.002 

Locus 170 : 195463_36 
2 alleles
5.1% missing data
 120   (0.959) 0.998 1.000 0.859 0.999 0.999 0.997 0.999 0.995 1.000 0.980 0.999 0.979 0.998 1.000 0.959 0.979 0.999 
 100   (0.041) 0.002 0.000 0.141 0.001 0.001 0.003 0.001 0.005 0.000 0.020 0.001 0.021 0.002 0.000 0.041 0.021 0.001 

Locus 171 : 195727_20 
2 alleles
1.7% missing data
 130   (0.957) 0.998 1.000 0.997 0.999 0.999 0.914 0.999 0.995 1.000 0.982 0.999 0.977 0.998 1.000 0.957 0.976 0.999 
 110   (0.043) 0.002 0.000 0.003 0.001 0.001 0.086 0.001 0.005 0.000 0.018 0.001 0.023 0.002 0.000 0.043 0.024 0.001 

Locus 172 : 197508_5 
2 alleles
2.2% missing data
 120   (0.963) 0.999 1.000 0.997 0.999 1.000 0.997 0.999 0.995 1.000 0.978 0.999 0.980 0.990 1.000 0.962 0.976 0.999 
 100   (0.037) 0.001 0.000 0.003 0.001 0.000 0.003 0.001 0.005 0.000 0.022 0.001 0.020 0.010 0.000 0.038 0.024 0.001 

Locus 173 : 199140_10 
2 alleles
4.5% missing data
 130   (0.963) 0.999 1.000 0.997 0.999 1.000 0.997 0.999 0.995 1.000 0.975 0.999 0.977 0.998 1.000 0.962 0.977 0.997 
 110   (0.037) 0.001 0.000 0.003 0.001 0.000 0.003 0.001 0.005 0.000 0.025 0.001 0.023 0.002 0.000 0.038 0.023 0.003 

Locus 174 : 199429_51 
2 alleles
5.1% missing data
 130   (0.962) 0.988 1.000 0.997 0.999 1.000 0.997 0.999 0.994 1.000 0.971 0.999 0.980 0.998 1.000 0.961 0.978 0.999 
 100   (0.038) 0.012 0.000 0.003 0.001 0.000 0.003 0.001 0.006 0.000 0.029 0.001 0.020 0.002 0.000 0.039 0.022 0.001 

Locus 175 : 199635_9 
2 alleles
3.4% missing data
 120   (0.953) 0.998 1.000 0.997 0.998 0.999 0.828 0.999 0.995 1.000 0.980 0.999 0.976 0.997 1.000 0.953 0.975 0.999 
 100   (0.047) 0.002 0.000 0.003 0.002 0.001 0.172 0.001 0.005 0.000 0.020 0.001 0.024 0.003 0.000 0.047 0.025 0.001 

Locus 176 : 200923_8 
2 alleles
5.1% missing data
 100   (0.962) 0.998 1.000 0.994 0.999 0.999 0.997 0.999 0.940 1.000 0.983 0.999 0.980 0.998 1.000 0.962 0.979 0.999 
 110   (0.038) 0.002 0.000 0.006 0.001 0.001 0.003 0.001 0.060 0.000 0.017 0.001 0.020 0.002 0.000 0.038 0.021 0.001 

Locus 177 : 201090_64 
2 alleles
5.1% missing data
 130   (0.963) 0.962 1.000 0.997 0.999 1.000 0.997 0.999 0.995 1.000 0.981 0.998 0.981 0.998 1.000 0.963 0.979 0.999 
 100   (0.037) 0.038 0.000 0.003 0.001 0.000 0.003 0.001 0.005 0.000 0.019 0.002 0.019 0.002 0.000 0.037 0.021 0.001 

Locus 178 : 201549_57 
2 alleles
4.5% missing data
 120   (0.960) 0.999 1.000 0.905 0.999 1.000 0.997 0.999 0.995 1.000 0.982 0.999 0.980 0.998 1.000 0.960 0.979 0.999 
 110   (0.040) 0.001 0.000 0.095 0.001 0.000 0.003 0.001 0.005 0.000 0.018 0.001 0.020 0.002 0.000 0.040 0.021 0.001 

Locus 179 : 203565_40 
2 alleles
3.9% missing data
 120   (0.960) 0.998 1.000 0.997 0.999 0.999 0.997 0.999 0.935 1.000 0.981 0.999 0.979 0.998 1.000 0.960 0.978 0.999 
 100   (0.040) 0.002 0.000 0.003 0.001 0.001 0.003 0.001 0.065 0.000 0.019 0.001 0.021 0.002 0.000 0.040 0.022 0.001 

Locus 180 : 205184_19 
2 alleles
7.3% missing data
 110   (0.910) 0.996 0.999 0.993 0.890 0.999 0.759 0.998 0.990 0.999 0.960 0.868 0.955 0.995 0.999 0.910 0.952 0.998 
 120   (0.090) 0.004 0.001 0.007 0.110 0.001 0.241 0.002 0.010 0.001 0.040 0.132 0.045 0.005 0.001 0.090 0.048 0.002 

Locus 181 : 206551_17 
2 alleles
6.2% missing data
 120   (0.909) 0.612 0.999 0.969 0.997 0.999 0.993 0.889 0.950 0.991 0.947 0.997 0.950 0.995 0.997 0.909 0.942 0.995 
 100   (0.091) 0.388 0.001 0.031 0.003 0.001 0.007 0.111 0.050 0.009 0.053 0.003 0.050 0.005 0.003 0.091 0.058 0.005 

Locus 182 : 216246_19 
2 alleles
2.8% missing data
 110   (0.946) 0.997 1.000 0.987 0.998 0.999 0.996 0.999 0.988 1.000 0.949 0.998 0.971 0.989 1.000 0.945 0.953 0.991 
 130   (0.054) 0.003 0.000 0.013 0.002 0.001 0.004 0.001 0.012 0.000 0.051 0.002 0.029 0.011 0.000 0.055 0.047 0.009 

Locus 183 : 216776_13 
2 alleles
5.6% missing data
 120   (0.925) 0.997 1.000 0.995 0.997 0.999 0.726 0.824 0.991 0.993 0.966 0.980 0.963 0.996 0.999 0.926 0.961 0.999 
 110   (0.075) 0.003 0.000 0.005 0.003 0.001 0.274 0.176 0.009 0.007 0.034 0.020 0.037 0.004 0.001 0.074 0.039 0.001 

Locus 184 : 217291_37 
2 alleles
3.9% missing data
 120   (0.957) 0.998 1.000 0.914 0.999 0.999 0.997 0.999 0.995 1.000 0.974 0.999 0.978 0.998 1.000 0.957 0.966 0.999 
 100   (0.043) 0.002 0.000 0.086 0.001 0.001 0.003 0.001 0.005 0.000 0.026 0.001 0.022 0.002 0.000 0.043 0.034 0.001 

Locus 185 : 217570_13 
2 alleles
3.9% missing data
 130   (0.956) 0.998 1.000 0.997 0.998 0.999 0.865 0.999 0.995 1.000 0.982 0.999 0.978 0.998 1.000 0.957 0.978 0.999 
 110   (0.044) 0.002 0.000 0.003 0.002 0.001 0.135 0.001 0.005 0.000 0.018 0.001 0.022 0.002 0.000 0.043 0.022 0.001 

Locus 186 : 220422_65 
2 alleles
3.4% missing data
 120   (0.950) 0.997 1.000 0.987 0.998 0.999 0.996 0.999 0.994 1.000 0.939 0.998 0.974 0.985 0.999 0.950 0.942 0.999 
 110   (0.050) 0.003 0.000 0.013 0.002 0.001 0.004 0.001 0.006 0.000 0.061 0.002 0.026 0.015 0.001 0.050 0.058 0.001 

Locus 187 : 220502_40 
2 alleles
6.7% missing data
 120   (0.961) 0.998 1.000 0.997 0.998 0.989 0.997 0.999 0.994 1.000 0.981 0.998 0.979 0.997 1.000 0.961 0.964 0.999 
 110   (0.039) 0.002 0.000 0.003 0.002 0.011 0.003 0.001 0.006 0.000 0.019 0.002 0.021 0.003 0.000 0.039 0.036 0.001 

Locus 188 : 220519_81 
2 alleles
4.5% missing data
 130   (0.936) 0.998 1.000 0.996 0.998 0.999 0.857 0.999 0.935 1.000 0.970 0.998 0.967 0.996 1.000 0.936 0.965 0.999 
 110   (0.064) 0.002 0.000 0.004 0.002 0.001 0.143 0.001 0.065 0.000 0.030 0.002 0.033 0.004 0.000 0.064 0.035 0.001 

Locus 189 : 222347_17 
2 alleles
3.9% missing data
 120   (0.959) 0.998 1.000 0.997 0.999 1.000 0.892 0.999 0.995 1.000 0.982 0.999 0.979 0.998 1.000 0.959 0.978 0.999 
 100   (0.041) 0.002 0.000 0.003 0.001 0.000 0.108 0.001 0.005 0.000 0.018 0.001 0.021 0.002 0.000 0.041 0.022 0.001 

Locus 190 : 222896_46 
2 alleles
0.6% missing data
 110   (0.958) 0.998 1.000 0.997 0.999 1.000 0.944 0.999 0.995 1.000 0.982 0.999 0.980 0.998 1.000 0.958 0.979 0.999 
 130   (0.042) 0.002 0.000 0.003 0.001 0.000 0.056 0.001 0.005 0.000 0.018 0.001 0.020 0.002 0.000 0.042 0.021 0.001 

Locus 191 : 223181_12 
2 alleles
3.4% missing data
 120   (0.951) 0.998 1.000 0.997 0.998 0.999 0.722 0.999 0.994 1.000 0.981 0.998 0.973 0.997 1.000 0.951 0.972 0.999 
 100   (0.049) 0.002 0.000 0.003 0.002 0.001 0.278 0.001 0.006 0.000 0.019 0.002 0.027 0.003 0.000 0.049 0.028 0.001 

Locus 192 : 224649_57 
2 alleles
5.1% missing data
 100   (0.960) 0.998 1.000 0.997 0.998 0.999 0.997 0.999 0.994 1.000 0.980 0.957 0.979 0.998 1.000 0.960 0.978 0.999 
 110   (0.040) 0.002 0.000 0.003 0.002 0.001 0.003 0.001 0.006 0.000 0.020 0.043 0.021 0.002 0.000 0.040 0.022 0.001 

Locus 193 : 226245_11 
2 alleles
5.1% missing data
 130   (0.959) 0.998 1.000 0.997 0.998 0.965 0.997 0.999 0.994 1.000 0.982 0.998 0.978 0.998 1.000 0.959 0.944 0.999 
 110   (0.041) 0.002 0.000 0.003 0.002 0.035 0.003 0.001 0.006 0.000 0.018 0.002 0.022 0.002 0.000 0.041 0.056 0.001 

Locus 194 : 226342_59 
2 alleles
6.2% missing data
 120   (0.931) 0.996 0.998 0.995 0.940 0.999 0.910 0.997 0.991 0.997 0.964 0.995 0.965 0.995 0.998 0.931 0.961 0.999 
 100   (0.069) 0.004 0.002 0.005 0.060 0.001 0.090 0.003 0.009 0.003 0.036 0.005 0.035 0.005 0.002 0.069 0.039 0.001 

Locus 195 : 228970_13 
2 alleles
3.9% missing data
 120   (0.961) 0.998 1.000 0.959 0.998 0.999 0.997 0.999 0.995 1.000 0.981 0.999 0.980 0.998 1.000 0.961 0.979 0.999 
 100   (0.039) 0.002 0.000 0.041 0.002 0.001 0.003 0.001 0.005 0.000 0.019 0.001 0.020 0.002 0.000 0.039 0.021 0.001 

Locus 196 : 229097_27 
2 alleles
5.1% missing data
 130   (0.956) 0.998 1.000 0.996 0.998 0.999 0.790 0.999 0.995 1.000 0.979 0.999 0.979 0.998 1.000 0.956 0.978 0.999 
 110   (0.044) 0.002 0.000 0.004 0.002 0.001 0.210 0.001 0.005 0.000 0.021 0.001 0.021 0.002 0.000 0.044 0.022 0.001 

Locus 197 : 229177_29 
2 alleles
7.3% missing data
 130   (0.950) 0.993 0.997 0.996 0.998 0.999 0.996 0.810 0.994 0.992 0.976 0.997 0.973 0.997 0.985 0.950 0.972 0.999 
 110   (0.050) 0.007 0.003 0.004 0.002 0.001 0.004 0.190 0.006 0.008 0.024 0.003 0.027 0.003 0.015 0.050 0.028 0.001 

Locus 198 : 229612_7 
2 alleles
6.2% missing data
 100   (0.961) 0.998 1.000 0.997 0.999 0.999 0.997 0.999 0.995 1.000 0.978 0.999 0.979 0.990 1.000 0.961 0.974 0.999 
 120   (0.039) 0.002 0.000 0.003 0.001 0.001 0.003 0.001 0.005 0.000 0.022 0.001 0.021 0.010 0.000 0.039 0.026 0.001 

Locus 199 : 229936_67 
2 alleles
3.9% missing data
 120   (0.959) 0.997 1.000 0.997 0.998 0.979 0.997 0.994 0.993 0.998 0.937 0.997 0.977 0.998 0.994 0.959 0.948 0.999 
 100   (0.041) 0.003 0.000 0.003 0.002 0.021 0.003 0.006 0.007 0.002 0.063 0.003 0.023 0.002 0.006 0.041 0.052 0.001 

Locus 200 : 232937_62 
2 alleles
2.2% missing data
 100   (0.961) 0.998 1.000 0.997 0.999 1.000 0.997 0.992 0.995 1.000 0.978 0.999 0.979 0.998 1.000 0.960 0.978 0.999 
 120   (0.039) 0.002 0.000 0.003 0.001 0.000 0.003 0.008 0.005 0.000 0.022 0.001 0.021 0.002 0.000 0.040 0.022 0.001 

Locus 201 : 233194_6 
2 alleles
2.8% missing data
 120   (0.933) 0.997 1.000 0.995 0.914 0.999 0.668 0.999 0.992 1.000 0.970 0.998 0.965 0.996 1.000 0.933 0.963 0.999 
 100   (0.067) 0.003 0.000 0.005 0.086 0.001 0.332 0.001 0.008 0.000 0.030 0.002 0.035 0.004 0.000 0.067 0.037 0.001 

Locus 202 : 234346_33 
2 alleles
4.5% missing data
 110   (0.961) 0.999 1.000 0.997 0.665 1.000 0.997 0.999 0.996 1.000 0.983 0.996 0.981 0.998 1.000 0.962 0.980 0.999 
 130   (0.039) 0.001 0.000 0.003 0.335 0.000 0.003 0.001 0.004 0.000 0.017 0.004 0.019 0.002 0.000 0.038 0.020 0.001 

Locus 203 : 235241_77 
2 alleles
2.2% missing data
 130   (0.954) 0.998 1.000 0.997 0.998 0.999 0.838 0.999 0.995 1.000 0.980 0.998 0.977 0.998 1.000 0.955 0.976 0.999 
 100   (0.046) 0.002 0.000 0.003 0.002 0.001 0.162 0.001 0.005 0.000 0.020 0.002 0.023 0.002 0.000 0.045 0.024 0.001 

Locus 204 : 236207_44 
2 alleles
6.2% missing data
 120   (0.917) 0.997 1.000 0.964 0.997 0.676 0.993 0.998 0.866 1.000 0.959 0.997 0.958 0.995 1.000 0.917 0.870 0.999 
 100   (0.083) 0.003 0.000 0.036 0.003 0.324 0.007 0.002 0.134 0.000 0.041 0.003 0.042 0.005 0.000 0.083 0.130 0.001 

Locus 205 : 236307_12 
2 alleles
1.7% missing data
 130   (0.954) 0.998 1.000 0.992 0.998 0.999 0.997 0.999 0.993 1.000 0.975 0.998 0.967 0.997 1.000 0.954 0.975 0.558 
 110   (0.046) 0.002 0.000 0.008 0.002 0.001 0.003 0.001 0.007 0.000 0.025 0.002 0.033 0.003 0.000 0.046 0.025 0.442 

Locus 206 : 236931_45 
2 alleles
6.7% missing data
 120   (0.897) 0.996 1.000 0.710 0.996 0.999 0.992 0.998 0.468 0.999 0.953 0.997 0.947 0.696 0.999 0.897 0.941 0.996 
 100   (0.103) 0.004 0.000 0.290 0.004 0.001 0.008 0.002 0.532 0.001 0.047 0.003 0.053 0.304 0.001 0.103 0.059 0.004 

Locus 207 : 236999_38 
2 alleles
2.8% missing data
 120   (0.961) 0.998 1.000 0.997 0.999 1.000 0.945 0.999 0.995 1.000 0.982 0.999 0.980 0.998 1.000 0.961 0.979 0.999 
 100   (0.039) 0.002 0.000 0.003 0.001 0.000 0.055 0.001 0.005 0.000 0.018 0.001 0.020 0.002 0.000 0.039 0.021 0.001 

Locus 208 : 240398_42 
2 alleles
3.9% missing data
 110   (0.862) 0.994 0.999 0.883 0.995 0.998 0.989 0.996 0.453 0.999 0.924 0.995 0.926 0.829 0.999 0.862 0.906 0.592 
 130   (0.138) 0.006 0.001 0.117 0.005 0.002 0.011 0.004 0.547 0.001 0.076 0.005 0.074 0.171 0.001 0.138 0.094 0.408 

Locus 209 : 240825_22 
2 alleles
6.2% missing data
 130   (0.959) 0.994 1.000 0.997 0.998 0.998 0.997 0.997 0.992 0.999 0.974 0.998 0.976 0.997 0.995 0.959 0.976 0.999 
 110   (0.041) 0.006 0.000 0.003 0.002 0.002 0.003 0.003 0.008 0.001 0.026 0.002 0.024 0.003 0.005 0.041 0.024 0.001 

Locus 210 : 244435_48 
2 alleles
1.7% missing data
 110   (0.961) 0.998 1.000 0.997 0.999 0.965 0.997 0.999 0.996 1.000 0.983 0.999 0.980 0.997 1.000 0.961 0.947 0.999 
 130   (0.039) 0.002 0.000 0.003 0.001 0.035 0.003 0.001 0.004 0.000 0.017 0.001 0.020 0.003 0.000 0.039 0.053 0.001 

Locus 211 : 245971_21 
2 alleles
5.1% missing data
 130   (0.957) 0.999 1.000 0.997 0.998 0.999 0.914 0.999 0.995 1.000 0.982 0.998 0.978 0.998 1.000 0.957 0.977 0.999 
 120   (0.043) 0.001 0.000 0.003 0.002 0.001 0.086 0.001 0.005 0.000 0.018 0.002 0.022 0.002 0.000 0.043 0.023 0.001 

Locus 212 : 246895_22 
2 alleles
3.4% missing data
 120   (0.962) 0.998 1.000 0.997 0.999 1.000 0.997 0.999 0.995 1.000 0.967 0.999 0.977 0.998 1.000 0.962 0.977 0.997 
 110   (0.038) 0.002 0.000 0.003 0.001 0.000 0.003 0.001 0.005 0.000 0.033 0.001 0.023 0.002 0.000 0.038 0.023 0.003 

Locus 213 : 248131_26 
2 alleles
7.9% missing data
 130   (0.947) 0.958 0.999 0.995 0.997 0.999 0.996 0.998 0.991 0.998 0.969 0.998 0.972 0.978 0.997 0.947 0.967 0.998 
 110   (0.053) 0.042 0.001 0.005 0.003 0.001 0.004 0.002 0.009 0.002 0.031 0.002 0.028 0.022 0.003 0.053 0.033 0.002 

Locus 214 : 250844_49 
2 alleles
7.3% missing data
 130   (0.961) 0.998 1.000 0.997 0.999 1.000 0.997 0.999 0.995 1.000 0.975 0.999 0.980 0.987 1.000 0.961 0.978 0.999 
 100   (0.039) 0.002 0.000 0.003 0.001 0.000 0.003 0.001 0.005 0.000 0.025 0.001 0.020 0.013 0.000 0.039 0.022 0.001 

Locus 215 : 251283_19 
2 alleles
5.6% missing data
 120   (0.958) 0.998 1.000 0.997 0.998 1.000 0.997 0.999 0.833 1.000 0.982 0.999 0.978 0.998 1.000 0.958 0.977 0.999 
 100   (0.042) 0.002 0.000 0.003 0.002 0.000 0.003 0.001 0.167 0.000 0.018 0.001 0.022 0.002 0.000 0.042 0.023 0.001 

Locus 216 : 251358_15 
2 alleles
8.4% missing data
 110   (0.944) 0.997 1.000 0.995 0.998 0.992 0.995 0.998 0.991 1.000 0.974 0.997 0.971 0.795 1.000 0.944 0.954 0.999 
 120   (0.056) 0.003 0.000 0.005 0.002 0.008 0.005 0.002 0.009 0.000 0.026 0.003 0.029 0.205 0.000 0.056 0.046 0.001 

Locus 217 : 251901_42 
2 alleles
2.2% missing data
 120   (0.962) 0.984 1.000 0.997 0.998 0.999 0.997 0.999 0.995 1.000 0.973 0.999 0.980 0.998 1.000 0.961 0.978 0.999 
 100   (0.038) 0.016 0.000 0.003 0.002 0.001 0.003 0.001 0.005 0.000 0.027 0.001 0.020 0.002 0.000 0.039 0.022 0.001 

Locus 218 : 252158_43 
2 alleles
0.0% missing data
 120   (0.958) 0.999 1.000 0.997 0.999 1.000 0.918 0.999 0.995 1.000 0.983 0.999 0.978 0.998 1.000 0.958 0.978 0.999 
 100   (0.042) 0.001 0.000 0.003 0.001 0.000 0.082 0.001 0.005 0.000 0.017 0.001 0.022 0.002 0.000 0.042 0.022 0.001 

Locus 219 : 252988_16 
2 alleles
7.9% missing data
 110   (0.955) 0.722 1.000 0.997 0.998 0.999 0.996 0.999 0.994 1.000 0.978 0.998 0.978 0.997 0.999 0.955 0.977 0.998 
 100   (0.045) 0.278 0.000 0.003 0.002 0.001 0.004 0.001 0.006 0.000 0.022 0.002 0.022 0.003 0.001 0.045 0.023 0.002 

Locus 220 : 254425_88 
2 alleles
5.6% missing data
 130   (0.932) 0.997 1.000 0.995 0.998 0.999 0.780 0.998 0.992 1.000 0.970 0.746 0.966 0.996 1.000 0.933 0.965 0.999 
 110   (0.068) 0.003 0.000 0.005 0.002 0.001 0.220 0.002 0.008 0.000 0.030 0.254 0.034 0.004 0.000 0.067 0.035 0.001 

Locus 221 : 256337_57 
2 alleles
5.6% missing data
 110   (0.959) 0.998 1.000 0.997 0.999 0.999 0.997 0.999 0.932 1.000 0.981 0.999 0.978 0.998 1.000 0.959 0.977 0.999 
 130   (0.041) 0.002 0.000 0.003 0.001 0.001 0.003 0.001 0.068 0.000 0.019 0.001 0.022 0.002 0.000 0.041 0.023 0.001 

Locus 222 : 259058_15 
2 alleles
1.7% missing data
 120   (0.962) 0.999 1.000 0.997 0.749 1.000 0.997 0.999 0.996 1.000 0.984 0.999 0.981 0.998 1.000 0.962 0.980 0.999 
 100   (0.038) 0.001 0.000 0.003 0.251 0.000 0.003 0.001 0.004 0.000 0.016 0.001 0.019 0.002 0.000 0.038 0.020 0.001 

Locus 223 : 259869_81 
2 alleles
0.6% missing data
 120   (0.961) 0.999 1.000 0.997 0.997 1.000 0.997 0.999 0.995 1.000 0.984 0.888 0.979 0.998 1.000 0.961 0.979 0.999 
 130   (0.039) 0.001 0.000 0.003 0.003 0.000 0.003 0.001 0.005 0.000 0.016 0.112 0.021 0.002 0.000 0.039 0.021 0.001 

Locus 224 : 260700_55 
2 alleles
2.2% missing data
 130   (0.964) 0.995 1.000 0.997 0.998 0.999 0.997 0.977 0.996 0.999 0.981 0.998 0.982 0.998 0.999 0.964 0.981 0.999 
 110   (0.036) 0.005 0.000 0.003 0.002 0.001 0.003 0.023 0.004 0.001 0.019 0.002 0.018 0.002 0.001 0.036 0.019 0.001 

Locus 225 : 262223_11 
2 alleles
4.5% missing data
 130   (0.960) 0.998 1.000 0.997 0.999 1.000 0.997 0.853 0.996 0.997 0.983 0.999 0.979 0.998 1.000 0.960 0.978 0.999 
 100   (0.040) 0.002 0.000 0.003 0.001 0.000 0.003 0.147 0.004 0.003 0.017 0.001 0.021 0.002 0.000 0.040 0.022 0.001 

Locus 226 : 262346_48 
2 alleles
3.4% missing data
 130   (0.957) 0.998 1.000 0.997 0.998 0.999 0.997 0.999 0.417 1.000 0.982 0.999 0.978 0.998 1.000 0.957 0.977 0.999 
 110   (0.043) 0.002 0.000 0.003 0.002 0.001 0.003 0.001 0.583 0.000 0.018 0.001 0.022 0.002 0.000 0.043 0.023 0.001 

Locus 227 : 262620_18 
2 alleles
3.9% missing data
 110   (0.946) 0.997 0.999 0.995 0.997 0.996 0.995 0.997 0.991 0.998 0.956 0.996 0.966 0.995 0.995 0.946 0.959 0.992 
 130   (0.054) 0.003 0.001 0.005 0.003 0.004 0.005 0.003 0.009 0.002 0.044 0.004 0.034 0.005 0.005 0.054 0.041 0.008 

Locus 228 : 263002_42 
2 alleles
3.4% missing data
 120   (0.957) 0.998 1.000 0.997 0.999 0.999 0.997 0.999 0.995 1.000 0.981 0.999 0.978 0.848 1.000 0.958 0.977 0.999 
 100   (0.043) 0.002 0.000 0.003 0.001 0.001 0.003 0.001 0.005 0.000 0.019 0.001 0.022 0.152 0.000 0.042 0.023 0.001 

Locus 229 : 263813_70 
2 alleles
10.1% missing data
 130   (0.960) 0.998 1.000 0.997 0.999 1.000 0.997 0.999 0.995 1.000 0.982 0.871 0.980 0.998 1.000 0.960 0.979 0.999 
 110   (0.040) 0.002 0.000 0.003 0.001 0.000 0.003 0.001 0.005 0.000 0.018 0.129 0.020 0.002 0.000 0.040 0.021 0.001 

Locus 230 : 264184_13 
2 alleles
10.1% missing data
 110   (0.922) 0.837 1.000 0.994 0.997 0.943 0.993 0.998 0.946 1.000 0.960 0.997 0.957 0.995 0.999 0.922 0.902 0.999 
 130   (0.078) 0.163 0.000 0.006 0.003 0.057 0.007 0.002 0.054 0.000 0.040 0.003 0.043 0.005 0.001 0.078 0.098 0.001 

Values of parameters used in structure:
DATAFILE=C:\Users\jmahg\OneDrive\Desktop\Transfers\TrkNbr-1524n1282n1083_AllPops_Structure_p18_r080_LDnHWEx\project_data,	OUTFILE=C:\Users\jmahg\OneDrive\Desktop\Transfers\TrkNbr-1524n1282n1083_AllPops_Structure_p18_r080_LDnHWEx\BI50000_MCMC100000\Results\BI50000_MCMC100000_run_163,	NUMINDS=178,	NUMLOCI=230,	MISSING=0,	LABEL=1,	POPDATA=1,	POPFLAG=0,	PHENOTYPE=0,	EXTRACOLS=0,	MAXPOPS=17,	BURNIN=50000,	NUMREPS=100000,	USEPOPINFO=0,	INFERALPHA=1,	INFERLAMBDA=0,	POPSPECIFICLAMBDA=0,	POPALPHAS=0,	COMPUTEPROB=1,	NOADMIX=0,	ADMBURNIN=2500,	UPDATEFREQ=1,	PRINTLIKES=0,	INTERMEDSAVE=0,	PRINTKLD=0,	PRINTNET=0,	PRINTLAMBDA=0,	ANCESTDIST=0,	NUMBOXES=1000,	ANCESTPINT=0.90000,	GENSBACK=2,	MIGRPRIOR=0.05000,	PRINTQHAT=0,	PRINTQSUM=0,	ALPHA=1.0000,	FREQSCORR=1,	FPRIORMEAN=0.0100,	FPRIORSD=0.0500,	ONEFST=0,	LAMBDA=1.0000,	UNIFPRIORALPHA=1,	ALPHAMAX=10.0000,	ALPHAPRIORA=1.0000,	ALPHAPRIORB=2.0000,	ALPHAPROPSD=0.0250,	STARTATPOPINFO=0,	RANDOMIZE=1,	LINKAGE=0,	METROFREQ=10,	REPORTHITRATE=0,	MARKOVPHASE=-1,	PHASED=0,	PLOIDY=2,	PHASEINFO=0	LOCPRIOR=0, 	LOCPRIORINIT=1.000000, 	LOCDATA=0, 	LOCISPOP=0, 	LOCPRIORSTEP=0.100000, 	MAXLOCPRIOR=20.000000, 	SEED=1603035144,	
[STRAT parameters]:    NUMSIMSTATS=1000,	PHENOTYPECOL=-9,	POOLFREQ=10,	LOCUSxONLY=0,	EMERROR=0.00100,	MISSINGPHENO=-9,	