

----------------------------------------------------
STRUCTURE by Pritchard, Stephens and Donnelly (2000)
     and Falush, Stephens and Pritchard (2003)
       Code by Pritchard, Falush and Hubisz
             Version 2.3.4 (Jul 2012)
----------------------------------------------------



Command line arguments:   bin\structure -m C:\Users\jmahg\OneDrive\Desktop\Transfers\TrkNbr-1524n1282n1083_AllPops_Structure_p18_r080_LDnHWEx\BI50000_MCMC100000\mainparams -e C:\Users\jmahg\OneDrive\Desktop\Transfers\TrkNbr-1524n1282n1083_AllPops_Structure_p18_r080_LDnHWEx\BI50000_MCMC100000\extraparams 
Input File:    C:\Users\jmahg\OneDrive\Desktop\Transfers\TrkNbr-1524n1282n1083_AllPops_Structure_p18_r080_LDnHWEx\project_data

Run parameters:
   178 individuals
   230 loci
   15 populations assumed
   50000 Burn-in period
   100000 Reps


--------------------------------------------
Proportion of membership of each pre-defined
 population in each of the 15 clusters

Given    Inferred Clusters                                                                                           Number of
 Pop       1      2      3      4      5      6      7      8      9     10     11     12     13     14     15      Individuals

  1:     0.008  0.033  0.691  0.008  0.007  0.033  0.134  0.004  0.026  0.011  0.012  0.012  0.012  0.002  0.007       10
  2:     0.008  0.074  0.032  0.036  0.025  0.076  0.082  0.016  0.061  0.008  0.013  0.027  0.535  0.002  0.004        8
  3:     0.010  0.130  0.010  0.022  0.011  0.093  0.028  0.003  0.099  0.007  0.556  0.011  0.015  0.002  0.004       10
  4:     0.011  0.120  0.022  0.425  0.008  0.103  0.031  0.009  0.098  0.023  0.028  0.016  0.087  0.003  0.017       10
  5:     0.014  0.015  0.006  0.005  0.003  0.014  0.010  0.003  0.014  0.005  0.008  0.004  0.006  0.891  0.003       10
  6:     0.012  0.170  0.020  0.010  0.003  0.144  0.035  0.004  0.164  0.008  0.398  0.006  0.020  0.002  0.005       10
  7:     0.007  0.054  0.042  0.006  0.003  0.073  0.737  0.003  0.035  0.004  0.013  0.007  0.012  0.002  0.003       10
  8:     0.012  0.069  0.112  0.048  0.033  0.089  0.067  0.018  0.051  0.081  0.040  0.065  0.281  0.002  0.033       10
  9:     0.011  0.258  0.031  0.008  0.003  0.235  0.193  0.003  0.199  0.006  0.024  0.004  0.018  0.002  0.004       10
 10:     0.014  0.228  0.013  0.010  0.004  0.171  0.042  0.004  0.445  0.007  0.032  0.005  0.020  0.002  0.005       10
 11:     0.011  0.088  0.026  0.013  0.027  0.066  0.023  0.009  0.075  0.577  0.015  0.029  0.032  0.002  0.008       10
 12:     0.011  0.048  0.060  0.012  0.005  0.049  0.021  0.006  0.054  0.499  0.018  0.048  0.066  0.002  0.100       10
 13:     0.009  0.024  0.011  0.010  0.008  0.023  0.017  0.007  0.023  0.010  0.011  0.010  0.011  0.002  0.824       10
 14:     0.749  0.064  0.009  0.008  0.004  0.044  0.019  0.004  0.051  0.005  0.015  0.005  0.011  0.009  0.004       10
 15:     0.786  0.042  0.008  0.006  0.004  0.032  0.018  0.003  0.036  0.005  0.034  0.004  0.009  0.007  0.004       10
 16:     0.011  0.068  0.023  0.489  0.025  0.126  0.057  0.015  0.060  0.012  0.033  0.025  0.046  0.002  0.006       10
 17:     0.010  0.063  0.051  0.029  0.007  0.067  0.028  0.533  0.052  0.051  0.017  0.010  0.061  0.002  0.017       10
 18:     0.011  0.029  0.008  0.006  0.003  0.024  0.014  0.003  0.025  0.005  0.011  0.004  0.009  0.846  0.003       10
--------------------------------------------

Allele-freq. divergence among pops (Net nucleotide distance),
computed using point estimates of P.

      1       2       3       4       5       6       7       8       9      10      11      12      13      14      15      
 1      -    0.0016  0.0041  0.0053  0.0034  0.0017  0.0032  0.0099  0.0017  0.0042  0.0027  0.0031  0.0048  0.0067  0.0065  
 2   0.0016     -    0.0024  0.0038  0.0031  0.0000  0.0014  0.0085  0.0001  0.0027  0.0011  0.0025  0.0033  0.0072  0.0051  
 3   0.0041  0.0024     -    0.0058  0.0035  0.0021  0.0016  0.0098  0.0026  0.0036  0.0035  0.0029  0.0053  0.0094  0.0065  
 4   0.0053  0.0038  0.0058     -    0.0048  0.0037  0.0052  0.0113  0.0039  0.0055  0.0044  0.0044  0.0068  0.0107  0.0084  
 5   0.0034  0.0031  0.0035  0.0048     -    0.0029  0.0037  0.0070  0.0032  0.0028  0.0034  0.0001  0.0046  0.0059  0.0047  
 6   0.0017  0.0000  0.0021  0.0037  0.0029     -    0.0012  0.0084  0.0002  0.0027  0.0011  0.0023  0.0032  0.0072  0.0051  
 7   0.0032  0.0014  0.0016  0.0052  0.0037  0.0012     -    0.0097  0.0017  0.0042  0.0027  0.0032  0.0045  0.0087  0.0065  
 8   0.0099  0.0085  0.0098  0.0113  0.0070  0.0084  0.0097     -    0.0086  0.0078  0.0094  0.0069  0.0067  0.0149  0.0104  
 9   0.0017  0.0001  0.0026  0.0039  0.0032  0.0002  0.0017  0.0086     -    0.0028  0.0012  0.0026  0.0034  0.0073  0.0052  
10   0.0042  0.0027  0.0036  0.0055  0.0028  0.0027  0.0042  0.0078  0.0028     -    0.0037  0.0022  0.0047  0.0095  0.0048  
11   0.0027  0.0011  0.0035  0.0044  0.0034  0.0011  0.0027  0.0094  0.0012  0.0037     -    0.0029  0.0043  0.0078  0.0060  
12   0.0031  0.0025  0.0029  0.0044  0.0001  0.0023  0.0032  0.0069  0.0026  0.0022  0.0029     -    0.0041  0.0063  0.0043  
13   0.0048  0.0033  0.0053  0.0068  0.0046  0.0032  0.0045  0.0067  0.0034  0.0047  0.0043  0.0041     -    0.0103  0.0077  
14   0.0067  0.0072  0.0094  0.0107  0.0059  0.0072  0.0087  0.0149  0.0073  0.0095  0.0078  0.0063  0.0103     -    0.0117  
15   0.0065  0.0051  0.0065  0.0084  0.0047  0.0051  0.0065  0.0104  0.0052  0.0048  0.0060  0.0043  0.0077  0.0117     -    

Average distances (expected heterozygosity) between individuals in same cluster:
cluster  1  : 0.0227 
cluster  2  : 0.0010 
cluster  3  : 0.0191 
cluster  4  : 0.0234 
cluster  5  : 0.0996 
cluster  6  : 0.0033 
cluster  7  : 0.0078 
cluster  8  : 0.0445 
cluster  9  : 0.0018 
cluster 10  : 0.0348 
cluster 11  : 0.0140 
cluster 12  : 0.0856 
cluster 13  : 0.0125 
cluster 14  : 0.0664 
cluster 15  : 0.0396 

--------------------------------------------
Estimated Ln Prob of Data   = -3792.7
Mean value of ln likelihood = -3249.9
Variance of ln likelihood   = 1085.5
Mean value of alpha         = 0.0351

Mean value of Fst_1         = 0.5520
Mean value of Fst_2         = 0.9618
Mean value of Fst_3         = 0.6313
Mean value of Fst_4         = 0.5736
Mean value of Fst_5         = 0.0054
Mean value of Fst_6         = 0.9093
Mean value of Fst_7         = 0.8561
Mean value of Fst_8         = 0.4256
Mean value of Fst_9         = 0.9596
Mean value of Fst_10         = 0.4268
Mean value of Fst_11         = 0.7009
Mean value of Fst_12         = 0.1339
Mean value of Fst_13         = 0.7724
Mean value of Fst_14         = 0.2796
Mean value of Fst_15         = 0.4349


Inferred ancestry of individuals:
        Label (%Miss) Pop:  Inferred clusters
  1 TGCP_WM1    (0)    1 :  0.010 0.034 0.770 0.012 0.005 0.035 0.037 0.004 0.045 0.008 0.017 0.006 0.011 0.002 0.004 
  2 TGCP_WM10    (1)    1 :  0.009 0.116 0.500 0.008 0.002 0.122 0.120 0.004 0.053 0.013 0.016 0.006 0.026 0.002 0.003 
  3 TGCP_WM2    (0)    1 :  0.009 0.035 0.454 0.006 0.043 0.025 0.318 0.005 0.028 0.010 0.014 0.030 0.016 0.003 0.005 
  4 TGCP_WM3    (1)    1 :  0.008 0.029 0.778 0.005 0.002 0.024 0.090 0.003 0.022 0.012 0.010 0.004 0.010 0.002 0.003 
  5 TGCP_WM4    (0)    1 :  0.008 0.028 0.823 0.009 0.003 0.021 0.015 0.003 0.023 0.037 0.010 0.005 0.009 0.002 0.004 
  6 TGCP_WM5    (0)    1 :  0.007 0.011 0.822 0.005 0.007 0.016 0.034 0.003 0.017 0.005 0.009 0.046 0.010 0.002 0.005 
  7 TGCP_WM6    (0)    1 :  0.007 0.021 0.853 0.009 0.002 0.017 0.037 0.003 0.018 0.007 0.011 0.003 0.008 0.002 0.005 
  8 TGCP_WM7    (0)    1 :  0.010 0.035 0.108 0.016 0.005 0.044 0.661 0.009 0.040 0.005 0.015 0.005 0.024 0.002 0.021 
  9 TGCP_WM8    (0)    1 :  0.006 0.014 0.869 0.006 0.002 0.017 0.021 0.003 0.013 0.010 0.008 0.011 0.006 0.002 0.012 
 10 TGCP_WM9    (0)    1 :  0.005 0.006 0.937 0.004 0.002 0.008 0.010 0.002 0.006 0.004 0.005 0.002 0.005 0.001 0.003 
 11 MRLP_WM123    (3)    2 :  0.007 0.022 0.012 0.015 0.105 0.016 0.018 0.006 0.017 0.016 0.011 0.100 0.651 0.002 0.004 
 12 MRLP_WM124    (4)    2 :  0.008 0.044 0.010 0.006 0.002 0.039 0.020 0.004 0.041 0.007 0.010 0.003 0.798 0.002 0.005 
 13 MRLP_WM125    (1)    2 :  0.009 0.016 0.035 0.006 0.078 0.020 0.046 0.069 0.018 0.013 0.008 0.077 0.598 0.002 0.004 
 14 MRLP_WM126    (2)    2 :  0.012 0.339 0.009 0.006 0.001 0.237 0.045 0.003 0.294 0.004 0.026 0.003 0.016 0.002 0.003 
 15 MRLP_WM127    (3)    2 :  0.011 0.126 0.111 0.009 0.006 0.201 0.345 0.031 0.069 0.008 0.022 0.022 0.033 0.003 0.004 
 16 MRLP_WM128    (3)    2 :  0.004 0.007 0.005 0.003 0.001 0.010 0.005 0.005 0.011 0.006 0.005 0.002 0.928 0.002 0.004 
 17 MRLP_WM129    (7)    2 :  0.007 0.018 0.036 0.234 0.004 0.039 0.052 0.004 0.012 0.008 0.015 0.011 0.557 0.002 0.003 
 18 MRLP_WM130    (5)    2 :  0.007 0.025 0.034 0.011 0.002 0.045 0.128 0.002 0.025 0.004 0.010 0.002 0.699 0.002 0.003 
 19 STT_WM183    (2)    3 :  0.007 0.028 0.012 0.008 0.081 0.024 0.016 0.005 0.035 0.023 0.681 0.064 0.010 0.002 0.004 
 20 STT_WM184    (3)    3 :  0.012 0.053 0.008 0.059 0.010 0.041 0.018 0.004 0.027 0.007 0.732 0.011 0.011 0.003 0.005 
 21 STT_WM185   (15)    3 :  0.013 0.316 0.018 0.010 0.002 0.226 0.103 0.003 0.209 0.005 0.045 0.004 0.039 0.002 0.004 
 22 STT_WM186   (13)    3 :  0.014 0.349 0.015 0.010 0.002 0.225 0.041 0.003 0.260 0.006 0.036 0.006 0.026 0.002 0.004 
 23 STT_WM187   (13)    3 :  0.008 0.029 0.008 0.007 0.002 0.030 0.008 0.003 0.022 0.005 0.858 0.003 0.010 0.002 0.005 
 24 STT_WM188    (3)    3 :  0.006 0.013 0.006 0.005 0.002 0.018 0.008 0.002 0.010 0.003 0.912 0.003 0.006 0.002 0.003 
 25 STT_WM189    (0)    3 :  0.012 0.356 0.009 0.007 0.002 0.249 0.032 0.002 0.278 0.004 0.025 0.003 0.015 0.002 0.004 
 26 STT_WM190   (11)    3 :  0.007 0.012 0.004 0.004 0.002 0.015 0.011 0.002 0.018 0.004 0.905 0.002 0.009 0.002 0.003 
 27 STT_WM191    (7)    3 :  0.013 0.126 0.010 0.010 0.002 0.094 0.031 0.003 0.116 0.007 0.561 0.004 0.018 0.002 0.004 
 28 STT_WM192   (12)    3 :  0.007 0.014 0.006 0.097 0.007 0.011 0.008 0.004 0.015 0.003 0.808 0.008 0.006 0.003 0.003 
 29 FSSP_WM241    (3)    4 :  0.018 0.164 0.078 0.149 0.008 0.143 0.031 0.011 0.124 0.017 0.031 0.032 0.155 0.003 0.036 
 30 FSSP_WM242   (15)    4 :  0.011 0.345 0.012 0.009 0.002 0.247 0.042 0.003 0.256 0.005 0.041 0.003 0.015 0.002 0.004 
 31 FSSP_WM243    (6)    4 :  0.006 0.009 0.009 0.904 0.011 0.009 0.007 0.003 0.009 0.006 0.006 0.010 0.006 0.002 0.004 
 32 FSSP_WM244    (5)    4 :  0.011 0.076 0.054 0.027 0.008 0.105 0.080 0.027 0.103 0.032 0.029 0.041 0.326 0.002 0.077 
 33 FSSP_WM245   (10)    4 :  0.011 0.276 0.011 0.298 0.003 0.156 0.038 0.003 0.132 0.007 0.036 0.005 0.017 0.002 0.005 
 34 FSSP_WM246    (6)    4 :  0.015 0.210 0.016 0.065 0.007 0.228 0.050 0.004 0.231 0.018 0.066 0.011 0.067 0.003 0.007 
 35 FSSP_WM247    (3)    4 :  0.006 0.014 0.014 0.848 0.008 0.016 0.017 0.006 0.013 0.014 0.010 0.011 0.008 0.002 0.014 
 36 FSSP_WM248    (9)    4 :  0.008 0.016 0.007 0.873 0.004 0.014 0.011 0.004 0.014 0.013 0.008 0.007 0.008 0.003 0.010 
 37 FSSP_WM249    (6)    4 :  0.007 0.036 0.011 0.769 0.004 0.033 0.015 0.005 0.034 0.029 0.025 0.011 0.014 0.003 0.005 
 38 FSSP_WM250    (2)    4 :  0.014 0.053 0.011 0.310 0.026 0.080 0.022 0.021 0.065 0.090 0.022 0.024 0.256 0.002 0.004 
 39 HNL_WM301    (3)    5 :  0.011 0.010 0.007 0.006 0.002 0.010 0.009 0.002 0.011 0.004 0.007 0.004 0.006 0.909 0.003 
 40 HNL_WM302    (2)    5 :  0.008 0.008 0.004 0.003 0.002 0.005 0.006 0.002 0.006 0.003 0.004 0.002 0.003 0.943 0.002 
 41 HNL_WM303    (2)    5 :  0.012 0.014 0.008 0.005 0.002 0.012 0.009 0.003 0.016 0.004 0.010 0.004 0.008 0.890 0.003 
 42 HNL_WM304    (3)    5 :  0.024 0.030 0.009 0.007 0.003 0.036 0.016 0.004 0.024 0.008 0.010 0.004 0.009 0.814 0.004 
 43 HNL_WM305    (3)    5 :  0.008 0.010 0.005 0.004 0.004 0.008 0.007 0.003 0.007 0.004 0.006 0.003 0.003 0.924 0.003 
 44 HNL_WM306    (0)    5 :  0.012 0.008 0.004 0.004 0.004 0.009 0.005 0.002 0.009 0.004 0.006 0.004 0.005 0.921 0.003 
 45 HNL_WM307    (3)    5 :  0.008 0.013 0.006 0.005 0.002 0.015 0.009 0.002 0.012 0.004 0.006 0.002 0.006 0.905 0.003 
 46 HNL_WM308    (3)    5 :  0.019 0.014 0.006 0.004 0.002 0.012 0.011 0.003 0.018 0.003 0.010 0.003 0.007 0.886 0.003 
 47 HNL_WM309    (0)    5 :  0.023 0.023 0.007 0.009 0.006 0.020 0.012 0.004 0.021 0.006 0.008 0.006 0.008 0.842 0.005 
 48 HNL_WM310   (10)    5 :  0.015 0.019 0.006 0.006 0.002 0.018 0.012 0.002 0.019 0.005 0.010 0.004 0.006 0.872 0.004 
 49 MPO_WM482    (2)    6 :  0.006 0.019 0.007 0.004 0.002 0.025 0.010 0.003 0.021 0.003 0.885 0.004 0.006 0.002 0.003 
 50 MPO_WM483    (3)    6 :  0.016 0.176 0.016 0.011 0.004 0.174 0.035 0.004 0.168 0.008 0.348 0.010 0.023 0.003 0.005 
 51 MPO_WM484    (1)    6 :  0.014 0.131 0.013 0.008 0.002 0.099 0.027 0.003 0.123 0.005 0.550 0.002 0.016 0.002 0.004 
 52 MPO_WM485    (0)    6 :  0.011 0.038 0.012 0.019 0.006 0.093 0.018 0.003 0.036 0.007 0.728 0.015 0.007 0.002 0.004 
 53 MPO_WM486   (21)    6 :  0.016 0.286 0.019 0.014 0.002 0.230 0.075 0.005 0.266 0.007 0.033 0.004 0.031 0.003 0.007 
 54 MPO_WM487   (19)    6 :  0.016 0.114 0.015 0.010 0.003 0.098 0.049 0.003 0.117 0.008 0.532 0.005 0.021 0.002 0.007 
 55 MPO_WM488    (9)    6 :  0.012 0.330 0.009 0.007 0.002 0.231 0.033 0.003 0.299 0.005 0.046 0.003 0.013 0.002 0.003 
 56 MPO_WM489    (3)    6 :  0.008 0.016 0.084 0.006 0.003 0.014 0.013 0.007 0.021 0.023 0.778 0.008 0.012 0.003 0.003 
 57 MPO_WM490   (24)    6 :  0.013 0.296 0.012 0.008 0.002 0.259 0.042 0.006 0.256 0.007 0.052 0.004 0.034 0.002 0.006 
 58 MPO_WM491   (11)    6 :  0.011 0.292 0.008 0.008 0.002 0.221 0.045 0.003 0.328 0.006 0.029 0.003 0.038 0.002 0.005 
 59 OICP_WM541    (1)    7 :  0.006 0.017 0.008 0.003 0.002 0.020 0.901 0.002 0.018 0.003 0.007 0.002 0.007 0.002 0.003 
 60 OICP_WM542    (2)    7 :  0.006 0.020 0.015 0.005 0.002 0.018 0.889 0.002 0.017 0.003 0.008 0.002 0.009 0.002 0.002 
 61 OICP_WM543    (0)    7 :  0.007 0.017 0.010 0.006 0.002 0.020 0.902 0.002 0.014 0.003 0.006 0.002 0.006 0.001 0.004 
 62 OICP_WM544    (1)    7 :  0.006 0.057 0.251 0.012 0.014 0.185 0.290 0.004 0.048 0.004 0.045 0.051 0.027 0.002 0.005 
 63 OICP_WM545    (0)    7 :  0.010 0.033 0.017 0.005 0.001 0.047 0.818 0.003 0.032 0.005 0.012 0.003 0.009 0.002 0.004 
 64 OICP_WM546    (3)    7 :  0.008 0.167 0.038 0.007 0.002 0.195 0.457 0.003 0.076 0.005 0.013 0.003 0.020 0.002 0.004 
 65 OICP_WM547    (2)    7 :  0.007 0.172 0.055 0.008 0.002 0.198 0.403 0.003 0.105 0.005 0.013 0.003 0.022 0.002 0.003 
 66 OICP_WM548    (3)    7 :  0.005 0.024 0.009 0.005 0.002 0.013 0.900 0.003 0.014 0.004 0.006 0.002 0.008 0.002 0.003 
 67 OICP_WM549    (0)    7 :  0.007 0.011 0.012 0.002 0.001 0.012 0.920 0.003 0.011 0.003 0.005 0.002 0.005 0.002 0.003 
 68 OICP_WM550    (1)    7 :  0.007 0.019 0.009 0.004 0.002 0.022 0.891 0.002 0.020 0.003 0.010 0.002 0.004 0.002 0.003 
 69 IRO_WM601    (2)    8 :  0.011 0.057 0.404 0.044 0.006 0.100 0.073 0.005 0.038 0.127 0.013 0.063 0.023 0.003 0.032 
 70 IRO_WM602    (1)    8 :  0.013 0.127 0.089 0.009 0.007 0.200 0.299 0.007 0.081 0.008 0.020 0.016 0.114 0.002 0.008 
 71 IRO_WM603    (2)    8 :  0.009 0.047 0.123 0.029 0.012 0.033 0.011 0.006 0.024 0.354 0.014 0.133 0.018 0.002 0.185 
 72 IRO_WM604    (0)    8 :  0.007 0.012 0.009 0.005 0.131 0.016 0.008 0.011 0.017 0.007 0.010 0.106 0.652 0.002 0.006 
 73 IRO_WM605    (3)    8 :  0.007 0.015 0.190 0.004 0.002 0.017 0.010 0.019 0.016 0.035 0.012 0.011 0.658 0.002 0.003 
 74 IRO_WM606    (3)    8 :  0.016 0.042 0.011 0.020 0.005 0.042 0.022 0.030 0.053 0.010 0.022 0.006 0.712 0.003 0.006 
 75 IRO_WM607    (2)    8 :  0.015 0.105 0.035 0.086 0.010 0.128 0.045 0.015 0.070 0.091 0.028 0.024 0.340 0.002 0.005 
 76 IRO_WM608    (0)    8 :  0.011 0.064 0.194 0.035 0.060 0.110 0.121 0.012 0.037 0.130 0.014 0.166 0.029 0.002 0.015 
 77 IRO_WM609    (0)    8 :  0.015 0.117 0.046 0.010 0.083 0.143 0.059 0.015 0.107 0.041 0.029 0.109 0.201 0.003 0.022 
 78 IRO_WM610   (13)    8 :  0.013 0.105 0.018 0.235 0.012 0.098 0.023 0.059 0.069 0.007 0.237 0.016 0.059 0.002 0.048 
 79 HGRF_WM661    (5)    9 :  0.009 0.153 0.049 0.007 0.002 0.249 0.386 0.003 0.081 0.005 0.024 0.003 0.023 0.002 0.004 
 80 HGRF_WM662    (5)    9 :  0.012 0.356 0.009 0.008 0.002 0.249 0.049 0.003 0.256 0.005 0.025 0.004 0.017 0.002 0.003 
 81 HGRF_WM663    (4)    9 :  0.011 0.179 0.044 0.008 0.002 0.225 0.397 0.003 0.083 0.006 0.017 0.003 0.017 0.002 0.003 
 82 HGRF_WM664    (3)    9 :  0.008 0.308 0.011 0.008 0.002 0.232 0.097 0.003 0.282 0.005 0.022 0.003 0.015 0.002 0.003 
 83 HGRF_WM665    (1)    9 :  0.013 0.136 0.087 0.012 0.009 0.177 0.408 0.005 0.068 0.009 0.031 0.012 0.025 0.003 0.006 
 84 HGRF_WM666    (5)    9 :  0.016 0.304 0.012 0.006 0.002 0.271 0.050 0.003 0.275 0.005 0.029 0.004 0.017 0.002 0.003 
 85 HGRF_WM667    (0)    9 :  0.011 0.343 0.009 0.007 0.002 0.261 0.052 0.002 0.263 0.006 0.019 0.004 0.014 0.002 0.004 
 86 HGRF_WM668    (4)    9 :  0.011 0.176 0.053 0.008 0.002 0.207 0.376 0.003 0.111 0.005 0.018 0.004 0.022 0.002 0.003 
 87 HGRF_WM669    (5)    9 :  0.012 0.321 0.009 0.007 0.002 0.234 0.037 0.003 0.313 0.005 0.033 0.003 0.015 0.002 0.004 
 88 HGRF_WM670    (9)    9 :  0.010 0.303 0.026 0.007 0.002 0.249 0.078 0.003 0.260 0.006 0.024 0.003 0.020 0.003 0.005 
 89 PTP_WM721    (2)   10 :  0.021 0.287 0.022 0.014 0.013 0.257 0.059 0.008 0.202 0.009 0.063 0.011 0.025 0.003 0.007 
 90 PTP_WM722    (2)   10 :  0.015 0.050 0.012 0.011 0.013 0.035 0.012 0.004 0.798 0.007 0.012 0.014 0.009 0.002 0.005 
 91 PTP_WM723   (25)   10 :  0.017 0.297 0.013 0.008 0.002 0.214 0.074 0.004 0.281 0.008 0.040 0.003 0.030 0.003 0.006 
 92 PTP_WM724   (13)   10 :  0.015 0.312 0.015 0.008 0.002 0.224 0.046 0.003 0.293 0.010 0.044 0.004 0.018 0.002 0.005 
 93 PTP_WM725   (25)   10 :  0.021 0.310 0.017 0.018 0.002 0.223 0.046 0.004 0.274 0.008 0.052 0.003 0.014 0.003 0.005 
 94 PTP_WM726   (13)   10 :  0.012 0.319 0.017 0.008 0.002 0.258 0.051 0.003 0.255 0.007 0.033 0.003 0.025 0.003 0.004 
 95 PTP_WM727   (10)   10 :  0.011 0.329 0.011 0.008 0.002 0.221 0.040 0.003 0.286 0.006 0.025 0.003 0.048 0.002 0.005 
 96 PTP_WM728    (8)   10 :  0.014 0.322 0.010 0.007 0.001 0.239 0.058 0.003 0.283 0.005 0.029 0.003 0.018 0.002 0.005 
 97 PTP_WM729    (9)   10 :  0.010 0.039 0.006 0.007 0.002 0.021 0.015 0.002 0.869 0.003 0.010 0.002 0.008 0.002 0.003 
 98 PTP_WM730    (8)   10 :  0.007 0.013 0.004 0.008 0.002 0.015 0.015 0.003 0.906 0.004 0.011 0.001 0.006 0.002 0.003 
 99 RRL_WM782    (9)   11 :  0.014 0.331 0.013 0.006 0.002 0.246 0.040 0.003 0.276 0.005 0.035 0.003 0.021 0.002 0.003 
100 RRL_WM783    (8)   11 :  0.008 0.014 0.072 0.016 0.004 0.017 0.012 0.010 0.015 0.718 0.011 0.069 0.011 0.002 0.022 
101 RRL_WM784    (1)   11 :  0.014 0.038 0.009 0.006 0.003 0.036 0.014 0.008 0.043 0.760 0.018 0.010 0.022 0.003 0.017 
102 RRL_WM785    (1)   11 :  0.013 0.368 0.008 0.008 0.002 0.239 0.042 0.003 0.263 0.006 0.023 0.002 0.018 0.002 0.003 
103 RRL_WM786    (2)   11 :  0.008 0.011 0.016 0.016 0.004 0.008 0.006 0.023 0.007 0.830 0.007 0.013 0.046 0.002 0.003 
104 RRL_WM787    (3)   11 :  0.009 0.026 0.090 0.012 0.006 0.023 0.063 0.008 0.020 0.679 0.008 0.030 0.016 0.002 0.009 
105 RRL_WM788    (0)   11 :  0.006 0.008 0.005 0.007 0.114 0.009 0.007 0.005 0.010 0.746 0.005 0.066 0.003 0.002 0.007 
106 RRL_WM789    (2)   11 :  0.006 0.010 0.012 0.004 0.002 0.008 0.007 0.005 0.007 0.907 0.007 0.003 0.010 0.002 0.011 
107 RRL_WM790    (0)   11 :  0.012 0.038 0.008 0.006 0.124 0.022 0.019 0.021 0.037 0.456 0.018 0.079 0.155 0.003 0.004 
108 RRL_WM791    (0)   11 :  0.018 0.035 0.024 0.052 0.007 0.051 0.020 0.005 0.070 0.667 0.014 0.010 0.021 0.002 0.004 
109 RRO_WM842    (0)   12 :  0.011 0.024 0.024 0.008 0.006 0.028 0.013 0.012 0.017 0.681 0.009 0.072 0.084 0.002 0.009 
110 RRO_WM843    (7)   12 :  0.010 0.013 0.014 0.007 0.011 0.024 0.008 0.006 0.020 0.456 0.008 0.075 0.032 0.002 0.313 
111 RRO_WM844    (2)   12 :  0.014 0.049 0.013 0.010 0.003 0.064 0.032 0.007 0.069 0.048 0.018 0.005 0.314 0.002 0.352 
112 RRO_WM845    (4)   12 :  0.007 0.009 0.006 0.004 0.002 0.020 0.008 0.004 0.015 0.861 0.006 0.008 0.006 0.002 0.041 
113 RRO_WM846   (10)   12 :  0.017 0.067 0.014 0.009 0.005 0.046 0.024 0.006 0.057 0.627 0.026 0.051 0.022 0.002 0.028 
114 RRO_WM847    (6)   12 :  0.011 0.033 0.035 0.008 0.005 0.037 0.013 0.008 0.029 0.465 0.012 0.088 0.129 0.003 0.122 
115 RRO_WM848    (4)   12 :  0.009 0.129 0.056 0.051 0.009 0.095 0.046 0.005 0.117 0.374 0.047 0.020 0.022 0.003 0.017 
116 RRO_WM849    (5)   12 :  0.010 0.028 0.410 0.005 0.003 0.027 0.015 0.005 0.038 0.371 0.014 0.042 0.010 0.002 0.020 
117 RRO_WM850    (2)   12 :  0.009 0.027 0.012 0.007 0.003 0.030 0.018 0.003 0.037 0.764 0.014 0.053 0.016 0.002 0.005 
118 RRO_WM851    (1)   12 :  0.013 0.097 0.017 0.011 0.004 0.115 0.039 0.004 0.144 0.345 0.028 0.065 0.025 0.002 0.090 
119 CPS_WM901    (2)   13 :  0.006 0.013 0.008 0.005 0.003 0.015 0.008 0.005 0.012 0.017 0.009 0.012 0.021 0.002 0.864 
120 CPS_WM902    (2)   13 :  0.007 0.010 0.022 0.006 0.004 0.014 0.057 0.011 0.017 0.007 0.005 0.004 0.006 0.002 0.828 
121 CPS_WM903    (5)   13 :  0.005 0.008 0.004 0.004 0.003 0.010 0.006 0.010 0.008 0.016 0.006 0.002 0.011 0.002 0.903 
122 CPS_WM904    (1)   13 :  0.007 0.011 0.007 0.009 0.024 0.014 0.008 0.015 0.013 0.012 0.006 0.016 0.008 0.002 0.847 
123 CPS_WM905    (2)   13 :  0.006 0.006 0.011 0.031 0.031 0.007 0.006 0.009 0.006 0.008 0.016 0.032 0.006 0.002 0.822 
124 CPS_WM906    (3)   13 :  0.009 0.024 0.010 0.005 0.002 0.018 0.013 0.003 0.016 0.006 0.009 0.010 0.008 0.002 0.865 
125 CPS_WM907    (6)   13 :  0.014 0.055 0.011 0.009 0.002 0.052 0.016 0.003 0.052 0.009 0.015 0.004 0.013 0.002 0.742 
126 CPS_WM908    (3)   13 :  0.016 0.060 0.015 0.011 0.006 0.045 0.023 0.007 0.048 0.008 0.023 0.009 0.019 0.003 0.708 
127 CPS_WM909    (2)   13 :  0.011 0.036 0.010 0.012 0.002 0.038 0.023 0.004 0.039 0.009 0.017 0.003 0.013 0.002 0.779 
128 CPS_WM910    (1)   13 :  0.010 0.013 0.006 0.005 0.009 0.014 0.009 0.003 0.021 0.006 0.008 0.010 0.006 0.002 0.878 
129 PPNP_WM962    (1)   14 :  0.931 0.008 0.004 0.004 0.003 0.008 0.006 0.004 0.007 0.002 0.005 0.004 0.005 0.005 0.004 
130 PPNP_WM963    (0)   14 :  0.754 0.053 0.010 0.009 0.009 0.029 0.027 0.005 0.043 0.006 0.011 0.007 0.015 0.016 0.004 
131 PPNP_WM964    (0)   14 :  0.854 0.012 0.006 0.005 0.012 0.012 0.007 0.003 0.015 0.003 0.007 0.011 0.007 0.042 0.004 
132 PPNP_WM965    (4)   14 :  0.856 0.032 0.011 0.006 0.002 0.018 0.010 0.003 0.028 0.005 0.012 0.003 0.007 0.002 0.003 
133 PPNP_WM966    (4)   14 :  0.932 0.010 0.005 0.004 0.002 0.008 0.005 0.002 0.010 0.003 0.006 0.002 0.006 0.002 0.003 
134 PPNP_WM967    (4)   14 :  0.751 0.066 0.008 0.006 0.002 0.049 0.019 0.003 0.054 0.007 0.014 0.002 0.012 0.003 0.003 
135 PPNP_WM968    (5)   14 :  0.129 0.270 0.016 0.018 0.006 0.191 0.041 0.006 0.203 0.007 0.060 0.009 0.023 0.014 0.006 
136 PPNP_WM969    (2)   14 :  0.785 0.061 0.006 0.009 0.002 0.042 0.022 0.003 0.041 0.004 0.009 0.002 0.007 0.002 0.004 
137 PPNP_WM970    (2)   14 :  0.729 0.070 0.011 0.011 0.003 0.051 0.022 0.004 0.056 0.005 0.013 0.004 0.013 0.003 0.004 
138 PPNP_WM971    (2)   14 :  0.766 0.059 0.013 0.007 0.002 0.034 0.026 0.003 0.047 0.005 0.014 0.002 0.014 0.003 0.004 
139 FPPI_WM1021    (4)   15 :  0.841 0.025 0.008 0.007 0.007 0.030 0.012 0.005 0.020 0.006 0.014 0.005 0.010 0.003 0.005 
140 FPPI_WM1022    (4)   15 :  0.550 0.034 0.010 0.007 0.004 0.037 0.023 0.004 0.057 0.006 0.232 0.004 0.012 0.017 0.003 
141 FPPI_WM1023    (1)   15 :  0.831 0.035 0.008 0.005 0.002 0.029 0.015 0.004 0.036 0.004 0.014 0.002 0.007 0.005 0.004 
142 FPPI_WM1024    (5)   15 :  0.771 0.057 0.010 0.006 0.002 0.040 0.021 0.003 0.050 0.006 0.015 0.002 0.010 0.002 0.004 
143 FPPI_WM1025    (6)   15 :  0.751 0.050 0.013 0.010 0.002 0.041 0.032 0.004 0.049 0.006 0.018 0.004 0.013 0.003 0.004 
144 FPPI_WM1026    (1)   15 :  0.922 0.011 0.004 0.005 0.002 0.012 0.011 0.003 0.010 0.004 0.005 0.002 0.005 0.002 0.003 
145 FPPI_WM1027    (3)   15 :  0.941 0.010 0.005 0.003 0.002 0.007 0.005 0.002 0.009 0.003 0.005 0.002 0.004 0.001 0.002 
146 FPPI_WM1028    (2)   15 :  0.888 0.022 0.006 0.007 0.002 0.014 0.011 0.003 0.015 0.005 0.008 0.002 0.008 0.007 0.004 
147 FPPI_WM1029    (3)   15 :  0.479 0.172 0.009 0.009 0.002 0.101 0.045 0.004 0.104 0.006 0.022 0.004 0.016 0.024 0.003 
148 FPPI_WM1030    (1)   15 :  0.885 0.010 0.006 0.006 0.016 0.012 0.007 0.004 0.015 0.006 0.006 0.014 0.006 0.004 0.003 
149 CRWA_WM1082    (2)   16 :  0.004 0.010 0.004 0.929 0.002 0.016 0.004 0.003 0.009 0.003 0.005 0.002 0.005 0.002 0.003 
150 CRWA_WM1084    (5)   16 :  0.010 0.053 0.031 0.478 0.003 0.175 0.155 0.006 0.043 0.006 0.011 0.003 0.020 0.003 0.004 
151 CRWA_WM1085    (2)   16 :  0.010 0.091 0.015 0.558 0.003 0.158 0.030 0.007 0.074 0.006 0.019 0.004 0.018 0.002 0.004 
152 CRWA_WM1086    (9)   16 :  0.012 0.119 0.019 0.170 0.006 0.281 0.052 0.007 0.106 0.041 0.115 0.030 0.032 0.002 0.007 
153 CRWA_WM1087    (0)   16 :  0.010 0.057 0.007 0.544 0.073 0.066 0.024 0.020 0.048 0.006 0.033 0.073 0.014 0.003 0.021 
154 CRWA_WM1088    (1)   16 :  0.013 0.107 0.051 0.151 0.022 0.291 0.169 0.024 0.047 0.008 0.061 0.022 0.027 0.003 0.005 
155 CRWA_WM1089    (3)   16 :  0.015 0.083 0.028 0.630 0.002 0.050 0.022 0.004 0.098 0.006 0.030 0.003 0.023 0.002 0.004 
156 CRWA_WM1090    (0)   16 :  0.014 0.098 0.010 0.192 0.006 0.127 0.025 0.068 0.102 0.024 0.022 0.011 0.294 0.002 0.004 
157 CRWA_WM1092    (1)   16 :  0.014 0.036 0.029 0.581 0.086 0.054 0.016 0.012 0.050 0.007 0.013 0.073 0.019 0.003 0.008 
158 CRWA_WM1093    (1)   16 :  0.009 0.031 0.037 0.659 0.050 0.044 0.073 0.004 0.022 0.008 0.017 0.027 0.012 0.003 0.004 
159 PCRA_WM1141    (3)   17 :  0.013 0.044 0.010 0.052 0.003 0.042 0.020 0.563 0.030 0.012 0.017 0.008 0.178 0.002 0.005 
160 PCRA_WM1142    (3)   17 :  0.014 0.072 0.011 0.012 0.002 0.073 0.030 0.655 0.069 0.007 0.019 0.003 0.025 0.003 0.005 
161 PCRA_WM1143    (1)   17 :  0.018 0.132 0.015 0.009 0.002 0.109 0.026 0.445 0.104 0.008 0.024 0.004 0.097 0.002 0.005 
162 PCRA_WM1144    (2)   17 :  0.011 0.050 0.317 0.006 0.003 0.040 0.024 0.018 0.053 0.408 0.023 0.016 0.012 0.002 0.017 
163 PCRA_WM1145    (4)   17 :  0.014 0.138 0.016 0.024 0.009 0.120 0.085 0.334 0.132 0.012 0.021 0.011 0.063 0.002 0.019 
164 PCRA_WM1146    (2)   17 :  0.006 0.009 0.044 0.084 0.007 0.007 0.005 0.767 0.008 0.015 0.014 0.009 0.011 0.002 0.012 
165 PCRA_WM1147    (1)   17 :  0.008 0.152 0.009 0.084 0.002 0.246 0.044 0.131 0.091 0.008 0.031 0.004 0.184 0.002 0.003 
166 PCRA_WM1148    (0)   17 :  0.007 0.011 0.013 0.005 0.014 0.008 0.005 0.876 0.008 0.005 0.009 0.012 0.019 0.002 0.005 
167 PCRA_WM1149    (1)   17 :  0.006 0.011 0.032 0.008 0.016 0.012 0.020 0.727 0.016 0.023 0.008 0.016 0.008 0.002 0.096 
168 PCRA_WM1150    (0)   17 :  0.007 0.009 0.046 0.007 0.017 0.010 0.019 0.811 0.011 0.016 0.008 0.020 0.011 0.005 0.005 
169 DHFA_WM1202    (3)   18 :  0.019 0.071 0.013 0.009 0.003 0.052 0.026 0.003 0.059 0.010 0.019 0.005 0.016 0.690 0.004 
170 DHFA_WM1203    (1)   18 :  0.027 0.065 0.013 0.007 0.003 0.050 0.025 0.004 0.052 0.005 0.020 0.003 0.013 0.709 0.004 
171 DHFA_WM1204    (2)   18 :  0.011 0.048 0.013 0.007 0.003 0.047 0.023 0.004 0.048 0.007 0.020 0.003 0.017 0.746 0.004 
172 DHFA_WM1205    (5)   18 :  0.007 0.008 0.005 0.004 0.002 0.009 0.009 0.003 0.010 0.003 0.007 0.003 0.005 0.924 0.003 
173 DHFA_WM1206    (4)   18 :  0.008 0.014 0.007 0.006 0.003 0.012 0.009 0.003 0.013 0.004 0.008 0.003 0.006 0.900 0.003 
174 DHFA_WM1207    (2)   18 :  0.005 0.006 0.003 0.004 0.002 0.006 0.005 0.002 0.007 0.003 0.006 0.003 0.003 0.943 0.003 
175 DHFA_WM1208    (3)   18 :  0.007 0.012 0.005 0.005 0.003 0.010 0.009 0.002 0.012 0.003 0.008 0.003 0.007 0.910 0.003 
176 DHFA_WM1209    (1)   18 :  0.007 0.007 0.004 0.003 0.009 0.008 0.007 0.002 0.006 0.003 0.004 0.008 0.004 0.925 0.002 
177 DHFA_WM1210    (0)   18 :  0.003 0.003 0.002 0.002 0.005 0.003 0.002 0.002 0.002 0.002 0.004 0.006 0.002 0.960 0.002 
178 DHFA_WM1211    (2)   18 :  0.015 0.059 0.013 0.008 0.002 0.040 0.025 0.004 0.042 0.007 0.013 0.003 0.013 0.751 0.004 


Estimated Allele Frequencies in each cluster
First column gives estimated ancestral frequencies


Locus 1 : 953_21 
2 alleles
4.5% missing data
 120   (0.953) 0.901 1.000 0.999 0.998 0.954 1.000 1.000 0.995 1.000 0.997 0.999 0.965 0.999 0.997 0.997 
 100   (0.047) 0.099 0.000 0.001 0.002 0.046 0.000 0.000 0.005 0.000 0.003 0.001 0.035 0.001 0.003 0.003 

Locus 2 : 2370_26 
2 alleles
6.2% missing data
 110   (0.953) 0.794 1.000 0.999 0.998 0.954 1.000 1.000 0.995 1.000 0.997 0.999 0.965 0.999 0.997 0.997 
 130   (0.047) 0.206 0.000 0.001 0.002 0.046 0.000 0.000 0.005 0.000 0.003 0.001 0.035 0.001 0.003 0.003 

Locus 3 : 2692_87 
2 alleles
1.7% missing data
 130   (0.953) 0.999 1.000 0.999 0.998 0.954 1.000 1.000 0.995 1.000 0.997 0.999 0.965 0.999 0.765 0.997 
 120   (0.047) 0.001 0.000 0.001 0.002 0.046 0.000 0.000 0.005 0.000 0.003 0.001 0.035 0.001 0.235 0.003 

Locus 4 : 2828_58 
2 alleles
6.7% missing data
 100   (0.926) 0.998 0.999 0.987 0.996 0.926 0.994 0.994 0.824 0.999 0.990 0.997 0.923 0.998 0.995 0.994 
 120   (0.074) 0.002 0.001 0.013 0.004 0.074 0.006 0.006 0.176 0.001 0.010 0.003 0.077 0.002 0.005 0.006 

Locus 5 : 6398_73 
2 alleles
6.2% missing data
 130   (0.922) 0.799 1.000 0.998 0.997 0.923 0.999 0.999 0.992 1.000 0.996 0.998 0.940 0.999 0.644 0.995 
 100   (0.078) 0.201 0.000 0.002 0.003 0.077 0.001 0.001 0.008 0.000 0.004 0.002 0.060 0.001 0.356 0.005 

Locus 6 : 7469_71 
2 alleles
5.1% missing data
 130   (0.957) 0.998 0.999 0.998 0.997 0.956 0.999 0.999 0.993 0.992 0.996 0.998 0.962 0.999 0.997 0.996 
 110   (0.043) 0.002 0.001 0.002 0.003 0.044 0.001 0.001 0.007 0.008 0.004 0.002 0.038 0.001 0.003 0.004 

Locus 7 : 7615_47 
2 alleles
5.1% missing data
 130   (0.958) 0.998 0.998 0.998 0.997 0.958 0.995 0.999 0.992 0.998 0.997 0.997 0.965 0.998 0.996 0.996 
 100   (0.042) 0.002 0.002 0.002 0.003 0.042 0.005 0.001 0.008 0.002 0.003 0.003 0.035 0.002 0.004 0.004 

Locus 8 : 8211_10 
2 alleles
2.8% missing data
 120   (0.956) 0.999 1.000 0.999 0.998 0.957 1.000 1.000 0.995 1.000 0.998 0.999 0.967 0.999 0.936 0.997 
 100   (0.044) 0.001 0.000 0.001 0.002 0.043 0.000 0.000 0.005 0.000 0.002 0.001 0.033 0.001 0.064 0.003 

Locus 9 : 8394_14 
2 alleles
2.2% missing data
 110   (0.957) 0.865 1.000 0.999 0.998 0.958 1.000 1.000 0.995 1.000 0.997 0.999 0.968 0.999 0.997 0.997 
 130   (0.043) 0.135 0.000 0.001 0.002 0.042 0.000 0.000 0.005 0.000 0.003 0.001 0.032 0.001 0.003 0.003 

Locus 10 : 9621_63 
2 alleles
3.9% missing data
 130   (0.955) 0.999 1.000 0.999 0.998 0.955 1.000 1.000 0.995 1.000 0.997 0.999 0.965 0.999 0.939 0.997 
 110   (0.045) 0.001 0.000 0.001 0.002 0.045 0.000 0.000 0.005 0.000 0.003 0.001 0.035 0.001 0.061 0.003 

Locus 11 : 9880_35 
2 alleles
4.5% missing data
 120   (0.951) 0.999 1.000 0.999 0.998 0.952 1.000 1.000 0.995 1.000 0.997 0.999 0.963 0.999 0.706 0.996 
 100   (0.049) 0.001 0.000 0.001 0.002 0.048 0.000 0.000 0.005 0.000 0.003 0.001 0.037 0.001 0.294 0.004 

Locus 12 : 11163_16 
2 alleles
7.9% missing data
 130   (0.952) 0.999 1.000 0.999 0.998 0.953 1.000 1.000 0.995 1.000 0.997 0.999 0.964 0.999 0.914 0.997 
 110   (0.048) 0.001 0.000 0.001 0.002 0.047 0.000 0.000 0.005 0.000 0.003 0.001 0.036 0.001 0.086 0.003 

Locus 13 : 11991_31 
2 alleles
4.5% missing data
 120   (0.928) 0.997 1.000 0.993 0.992 0.928 0.996 0.999 0.987 1.000 0.958 0.998 0.919 0.990 0.995 0.995 
 100   (0.072) 0.003 0.000 0.007 0.008 0.072 0.004 0.001 0.013 0.000 0.042 0.002 0.081 0.010 0.005 0.005 

Locus 14 : 12766_17 
2 alleles
2.2% missing data
 120   (0.958) 0.999 1.000 0.998 0.998 0.958 1.000 1.000 0.933 1.000 0.997 0.999 0.966 0.999 0.997 0.994 
 100   (0.042) 0.001 0.000 0.002 0.002 0.042 0.000 0.000 0.067 0.000 0.003 0.001 0.034 0.001 0.003 0.006 

Locus 15 : 13496_14 
2 alleles
5.1% missing data
 110   (0.953) 0.999 1.000 0.999 0.998 0.954 1.000 1.000 0.995 1.000 0.997 0.999 0.965 0.999 0.997 0.688 
 100   (0.047) 0.001 0.000 0.001 0.002 0.046 0.000 0.000 0.005 0.000 0.003 0.001 0.035 0.001 0.003 0.312 

Locus 16 : 14394_41 
2 alleles
2.2% missing data
 130   (0.959) 0.999 1.000 0.999 0.999 0.960 1.000 1.000 0.930 1.000 0.998 0.999 0.969 0.999 0.997 0.997 
 110   (0.041) 0.001 0.000 0.001 0.001 0.040 0.000 0.000 0.070 0.000 0.002 0.001 0.031 0.001 0.003 0.003 

Locus 17 : 16285_24 
2 alleles
6.2% missing data
 130   (0.954) 0.999 1.000 0.999 0.998 0.955 1.000 1.000 0.995 1.000 0.997 0.999 0.965 0.999 0.875 0.997 
 100   (0.046) 0.001 0.000 0.001 0.002 0.045 0.000 0.000 0.005 0.000 0.003 0.001 0.035 0.001 0.125 0.003 

Locus 18 : 18821_69 
2 alleles
7.3% missing data
 120   (0.956) 0.999 1.000 0.999 0.998 0.956 0.999 1.000 0.995 1.000 0.997 0.724 0.966 0.999 0.997 0.997 
 110   (0.044) 0.001 0.000 0.001 0.002 0.044 0.001 0.000 0.005 0.000 0.003 0.276 0.034 0.001 0.003 0.003 

Locus 19 : 19006_32 
2 alleles
6.7% missing data
 120   (0.918) 0.801 1.000 0.998 0.997 0.919 0.999 0.999 0.991 1.000 0.995 0.998 0.937 0.999 0.661 0.994 
 110   (0.082) 0.199 0.000 0.002 0.003 0.081 0.001 0.001 0.009 0.000 0.005 0.002 0.063 0.001 0.339 0.006 

Locus 20 : 19602_58 
2 alleles
4.5% missing data
 120   (0.961) 0.999 1.000 0.999 0.999 0.962 1.000 1.000 0.996 1.000 0.997 0.999 0.971 0.999 0.973 0.997 
 100   (0.039) 0.001 0.000 0.001 0.001 0.038 0.000 0.000 0.004 0.000 0.003 0.001 0.029 0.001 0.027 0.003 

Locus 21 : 20143_24 
2 alleles
3.4% missing data
 120   (0.959) 0.999 1.000 0.999 0.998 0.959 1.000 1.000 0.995 1.000 0.997 0.999 0.966 0.999 0.997 0.966 
 100   (0.041) 0.001 0.000 0.001 0.002 0.041 0.000 0.000 0.005 0.000 0.003 0.001 0.034 0.001 0.003 0.034 

Locus 22 : 21661_29 
2 alleles
2.2% missing data
 120   (0.954) 0.999 1.000 0.999 0.998 0.955 1.000 1.000 0.995 1.000 0.997 0.999 0.966 0.999 0.893 0.997 
 100   (0.046) 0.001 0.000 0.001 0.002 0.045 0.000 0.000 0.005 0.000 0.003 0.001 0.034 0.001 0.107 0.003 

Locus 23 : 22603_12 
2 alleles
5.1% missing data
 130   (0.952) 0.999 1.000 0.999 0.998 0.953 1.000 1.000 0.995 1.000 0.997 0.999 0.963 0.999 0.945 0.997 
 110   (0.048) 0.001 0.000 0.001 0.002 0.047 0.000 0.000 0.005 0.000 0.003 0.001 0.037 0.001 0.055 0.003 

Locus 24 : 25109_23 
2 alleles
1.7% missing data
 120   (0.933) 0.998 1.000 0.996 0.834 0.934 0.998 0.999 0.946 1.000 0.995 0.998 0.944 0.990 0.995 0.994 
 100   (0.067) 0.002 0.000 0.004 0.166 0.066 0.002 0.001 0.054 0.000 0.005 0.002 0.056 0.010 0.005 0.006 

Locus 25 : 25511_77 
2 alleles
5.1% missing data
 130   (0.953) 0.940 1.000 0.999 0.998 0.954 1.000 1.000 0.995 1.000 0.997 0.999 0.963 0.999 0.996 0.997 
 110   (0.047) 0.060 0.000 0.001 0.002 0.046 0.000 0.000 0.005 0.000 0.003 0.001 0.037 0.001 0.004 0.003 

Locus 26 : 26816_9 
2 alleles
5.6% missing data
 110   (0.872) 0.997 0.999 0.970 0.684 0.870 0.987 0.998 0.983 0.999 0.780 0.996 0.842 0.979 0.991 0.983 
 130   (0.128) 0.003 0.001 0.030 0.316 0.130 0.013 0.002 0.017 0.001 0.220 0.004 0.158 0.021 0.009 0.017 

Locus 27 : 29455_86 
2 alleles
5.6% missing data
 120   (0.956) 0.999 1.000 0.998 0.998 0.955 1.000 1.000 0.987 1.000 0.997 0.999 0.958 0.994 0.997 0.997 
 110   (0.044) 0.001 0.000 0.002 0.002 0.045 0.000 0.000 0.013 0.000 0.003 0.001 0.042 0.006 0.003 0.003 

Locus 28 : 30970_30 
2 alleles
6.7% missing data
 120   (0.957) 0.999 1.000 0.999 0.998 0.958 1.000 1.000 0.994 1.000 0.997 0.999 0.966 0.999 0.997 0.958 
 110   (0.043) 0.001 0.000 0.001 0.002 0.042 0.000 0.000 0.006 0.000 0.003 0.001 0.034 0.001 0.003 0.042 

Locus 29 : 33052_5 
2 alleles
1.1% missing data
 130   (0.959) 0.999 1.000 0.999 0.994 0.959 1.000 1.000 0.995 1.000 0.998 0.971 0.967 0.999 0.997 0.997 
 110   (0.041) 0.001 0.000 0.001 0.006 0.041 0.000 0.000 0.005 0.000 0.002 0.029 0.033 0.001 0.003 0.003 

Locus 30 : 33744_32 
2 alleles
2.8% missing data
 130   (0.951) 0.999 1.000 0.999 0.998 0.951 1.000 1.000 0.995 1.000 0.997 0.883 0.962 0.999 0.997 0.997 
 110   (0.049) 0.001 0.000 0.001 0.002 0.049 0.000 0.000 0.005 0.000 0.003 0.117 0.038 0.001 0.003 0.003 

Locus 31 : 34805_8 
2 alleles
4.5% missing data
 110   (0.939) 0.998 1.000 0.998 0.997 0.939 1.000 1.000 0.748 1.000 0.996 0.999 0.947 0.994 0.996 0.996 
 120   (0.061) 0.002 0.000 0.002 0.003 0.061 0.000 0.000 0.252 0.000 0.004 0.001 0.053 0.006 0.004 0.004 

Locus 32 : 35345_10 
2 alleles
5.1% missing data
 130   (0.953) 0.998 0.997 0.998 0.996 0.953 0.992 0.999 0.994 0.997 0.996 0.944 0.959 0.998 0.997 0.997 
 110   (0.047) 0.002 0.003 0.002 0.004 0.047 0.008 0.001 0.006 0.003 0.004 0.056 0.041 0.002 0.003 0.003 

Locus 33 : 35769_30 
2 alleles
6.2% missing data
 110   (0.942) 0.998 1.000 0.997 0.995 0.943 1.000 1.000 0.927 1.000 0.996 0.999 0.955 0.999 0.996 0.959 
 100   (0.058) 0.002 0.000 0.003 0.005 0.057 0.000 0.000 0.073 0.000 0.004 0.001 0.045 0.001 0.004 0.041 

Locus 34 : 35965_89 
2 alleles
3.4% missing data
 130   (0.959) 0.999 1.000 0.998 0.978 0.958 1.000 0.999 0.995 1.000 0.997 0.999 0.965 0.999 0.997 0.997 
 100   (0.041) 0.001 0.000 0.002 0.022 0.042 0.000 0.001 0.005 0.000 0.003 0.001 0.035 0.001 0.003 0.003 

Locus 35 : 39654_13 
2 alleles
5.6% missing data
 120   (0.959) 0.999 1.000 0.999 0.998 0.958 1.000 1.000 0.995 1.000 0.980 0.999 0.965 0.999 0.997 0.997 
 100   (0.041) 0.001 0.000 0.001 0.002 0.042 0.000 0.000 0.005 0.000 0.020 0.001 0.035 0.001 0.003 0.003 

Locus 36 : 39700_65 
2 alleles
3.4% missing data
 110   (0.958) 0.999 1.000 0.998 0.998 0.956 1.000 1.000 0.994 1.000 0.996 0.999 0.956 0.997 0.997 0.997 
 120   (0.042) 0.001 0.000 0.002 0.002 0.044 0.000 0.000 0.006 0.000 0.004 0.001 0.044 0.003 0.003 0.003 

Locus 37 : 40824_7 
2 alleles
5.1% missing data
 130   (0.958) 0.999 1.000 0.999 0.998 0.958 1.000 1.000 0.995 1.000 0.932 0.999 0.953 0.999 0.997 0.996 
 110   (0.042) 0.001 0.000 0.001 0.002 0.042 0.000 0.000 0.005 0.000 0.068 0.001 0.047 0.001 0.003 0.004 

Locus 38 : 41554_43 
2 alleles
7.3% missing data
 120   (0.957) 0.999 1.000 0.998 0.998 0.958 1.000 1.000 0.994 1.000 0.997 0.999 0.966 0.999 0.997 0.957 
 100   (0.043) 0.001 0.000 0.002 0.002 0.042 0.000 0.000 0.006 0.000 0.003 0.001 0.034 0.001 0.003 0.043 

Locus 39 : 42501_5 
2 alleles
5.6% missing data
 120   (0.954) 0.999 1.000 0.999 0.998 0.955 1.000 1.000 0.995 1.000 0.997 0.999 0.965 0.999 0.918 0.997 
 110   (0.046) 0.001 0.000 0.001 0.002 0.045 0.000 0.000 0.005 0.000 0.003 0.001 0.035 0.001 0.082 0.003 

Locus 40 : 42989_15 
2 alleles
3.4% missing data
 130   (0.954) 0.999 1.000 0.998 0.998 0.955 1.000 1.000 0.995 1.000 0.924 0.999 0.951 0.999 0.997 0.997 
 110   (0.046) 0.001 0.000 0.002 0.002 0.045 0.000 0.000 0.005 0.000 0.076 0.001 0.049 0.001 0.003 0.003 

Locus 41 : 44631_16 
2 alleles
5.6% missing data
 120   (0.953) 0.999 1.000 0.999 0.998 0.954 1.000 1.000 0.995 1.000 0.997 0.999 0.964 0.999 0.997 0.848 
 110   (0.047) 0.001 0.000 0.001 0.002 0.046 0.000 0.000 0.005 0.000 0.003 0.001 0.036 0.001 0.003 0.152 

Locus 42 : 45332_74 
2 alleles
3.4% missing data
 130   (0.886) 0.997 0.999 0.590 0.996 0.887 0.998 0.998 0.843 1.000 0.810 0.986 0.881 0.968 0.992 0.992 
 110   (0.114) 0.003 0.001 0.410 0.004 0.113 0.002 0.002 0.157 0.000 0.190 0.014 0.119 0.032 0.008 0.008 

Locus 43 : 45964_12 
2 alleles
2.2% missing data
 100   (0.958) 0.979 1.000 0.999 0.998 0.959 1.000 1.000 0.995 1.000 0.998 0.999 0.967 0.999 0.995 0.997 
 130   (0.042) 0.021 0.000 0.001 0.002 0.041 0.000 0.000 0.005 0.000 0.002 0.001 0.033 0.001 0.005 0.003 

Locus 44 : 47772_18 
2 alleles
1.7% missing data
 120   (0.949) 0.999 1.000 0.999 0.998 0.950 1.000 1.000 0.995 1.000 0.997 0.999 0.961 0.999 0.814 0.997 
 100   (0.051) 0.001 0.000 0.001 0.002 0.050 0.000 0.000 0.005 0.000 0.003 0.001 0.039 0.001 0.186 0.003 

Locus 45 : 48505_7 
2 alleles
2.8% missing data
 130   (0.961) 0.999 1.000 0.983 0.998 0.960 1.000 0.998 0.995 1.000 0.997 0.999 0.966 0.999 0.997 0.997 
 110   (0.039) 0.001 0.000 0.017 0.002 0.040 0.000 0.002 0.005 0.000 0.003 0.001 0.034 0.001 0.003 0.003 

Locus 46 : 49838_13 
2 alleles
5.1% missing data
 120   (0.956) 0.999 1.000 0.863 0.998 0.957 1.000 1.000 0.995 1.000 0.997 0.999 0.967 0.999 0.997 0.997 
 100   (0.044) 0.001 0.000 0.137 0.002 0.043 0.000 0.000 0.005 0.000 0.003 0.001 0.033 0.001 0.003 0.003 

Locus 47 : 50793_47 
2 alleles
6.2% missing data
 120   (0.946) 0.998 1.000 0.997 0.998 0.946 0.999 1.000 0.994 1.000 0.884 0.999 0.923 0.997 0.996 0.983 
 100   (0.054) 0.002 0.000 0.003 0.002 0.054 0.001 0.000 0.006 0.000 0.116 0.001 0.077 0.003 0.004 0.017 

Locus 48 : 51471_5 
2 alleles
2.2% missing data
 110   (0.955) 0.942 1.000 0.999 0.998 0.956 1.000 1.000 0.995 1.000 0.998 0.999 0.965 0.999 0.997 0.997 
 120   (0.045) 0.058 0.000 0.001 0.002 0.044 0.000 0.000 0.005 0.000 0.002 0.001 0.035 0.001 0.003 0.003 

Locus 49 : 52408_45 
2 alleles
2.2% missing data
 130   (0.954) 0.999 1.000 0.999 0.998 0.955 1.000 1.000 0.995 1.000 0.997 0.999 0.965 0.999 0.997 0.814 
 110   (0.046) 0.001 0.000 0.001 0.002 0.045 0.000 0.000 0.005 0.000 0.003 0.001 0.035 0.001 0.003 0.186 

Locus 50 : 53046_18 
2 alleles
0.6% missing data
 120   (0.936) 0.998 1.000 0.998 0.998 0.935 1.000 1.000 0.993 1.000 0.918 0.992 0.947 0.999 0.995 0.996 
 100   (0.064) 0.002 0.000 0.002 0.002 0.065 0.000 0.000 0.007 0.000 0.082 0.008 0.053 0.001 0.005 0.004 

Locus 51 : 53230_50 
2 alleles
4.5% missing data
 120   (0.956) 0.900 1.000 0.999 0.998 0.957 1.000 1.000 0.995 1.000 0.998 0.999 0.967 0.999 0.997 0.997 
 110   (0.044) 0.100 0.000 0.001 0.002 0.043 0.000 0.000 0.005 0.000 0.002 0.001 0.033 0.001 0.003 0.003 

Locus 52 : 53957_5 
2 alleles
3.9% missing data
 130   (0.958) 0.999 1.000 0.999 0.998 0.956 1.000 1.000 0.994 1.000 0.989 0.999 0.965 0.999 0.997 0.997 
 110   (0.042) 0.001 0.000 0.001 0.002 0.044 0.000 0.000 0.006 0.000 0.011 0.001 0.035 0.001 0.003 0.003 

Locus 53 : 58003_89 
2 alleles
3.9% missing data
 120   (0.946) 0.998 0.998 0.998 0.976 0.945 0.992 0.998 0.990 0.997 0.991 0.996 0.951 0.987 0.996 0.996 
 100   (0.054) 0.002 0.002 0.002 0.024 0.055 0.008 0.002 0.010 0.003 0.009 0.004 0.049 0.013 0.004 0.004 

Locus 54 : 58412_58 
2 alleles
2.2% missing data
 110   (0.958) 0.999 1.000 0.999 0.998 0.958 1.000 1.000 0.995 1.000 0.998 0.999 0.967 0.999 0.974 0.997 
 100   (0.042) 0.001 0.000 0.001 0.002 0.042 0.000 0.000 0.005 0.000 0.002 0.001 0.033 0.001 0.026 0.003 

Locus 55 : 58452_11 
2 alleles
3.4% missing data
 120   (0.959) 0.999 1.000 0.999 0.986 0.958 1.000 1.000 0.995 1.000 0.997 0.999 0.965 0.999 0.997 0.997 
 130   (0.041) 0.001 0.000 0.001 0.014 0.042 0.000 0.000 0.005 0.000 0.003 0.001 0.035 0.001 0.003 0.003 

Locus 56 : 59409_85 
2 alleles
2.8% missing data
 130   (0.958) 0.999 1.000 0.999 0.998 0.955 1.000 1.000 0.995 1.000 0.998 0.999 0.958 0.996 0.997 0.997 
 100   (0.042) 0.001 0.000 0.001 0.002 0.045 0.000 0.000 0.005 0.000 0.002 0.001 0.042 0.004 0.003 0.003 

Locus 57 : 60620_10 
2 alleles
1.1% missing data
 120   (0.951) 0.999 1.000 0.999 0.998 0.952 1.000 1.000 0.995 1.000 0.997 0.999 0.963 0.999 0.891 0.997 
 130   (0.049) 0.001 0.000 0.001 0.002 0.048 0.000 0.000 0.005 0.000 0.003 0.001 0.037 0.001 0.109 0.003 

Locus 58 : 61541_77 
2 alleles
3.4% missing data
 120   (0.950) 0.999 1.000 0.999 0.998 0.951 1.000 1.000 0.995 1.000 0.997 0.999 0.962 0.999 0.840 0.997 
 100   (0.050) 0.001 0.000 0.001 0.002 0.049 0.000 0.000 0.005 0.000 0.003 0.001 0.038 0.001 0.160 0.003 

Locus 59 : 61756_42 
2 alleles
1.1% missing data
 130   (0.952) 0.999 1.000 0.999 0.998 0.953 1.000 1.000 0.995 1.000 0.997 0.999 0.964 0.999 0.821 0.997 
 110   (0.048) 0.001 0.000 0.001 0.002 0.047 0.000 0.000 0.005 0.000 0.003 0.001 0.036 0.001 0.179 0.003 

Locus 60 : 62497_19 
2 alleles
6.2% missing data
 130   (0.906) 0.997 0.998 0.990 0.961 0.906 0.994 0.981 0.941 0.996 0.993 0.997 0.920 0.985 0.993 0.872 
 110   (0.094) 0.003 0.002 0.010 0.039 0.094 0.006 0.019 0.059 0.004 0.007 0.003 0.080 0.015 0.007 0.128 

Locus 61 : 63024_50 
2 alleles
2.8% missing data
 120   (0.947) 0.999 1.000 0.998 0.953 0.944 1.000 1.000 0.993 1.000 0.997 0.999 0.953 0.999 0.996 0.996 
 100   (0.053) 0.001 0.000 0.002 0.047 0.056 0.000 0.000 0.007 0.000 0.003 0.001 0.047 0.001 0.004 0.004 

Locus 62 : 64492_50 
2 alleles
7.3% missing data
 120   (0.919) 0.998 1.000 0.997 0.956 0.920 0.999 0.999 0.989 1.000 0.932 0.998 0.920 0.998 0.994 0.888 
 100   (0.081) 0.002 0.000 0.003 0.044 0.080 0.001 0.001 0.011 0.000 0.068 0.002 0.080 0.002 0.006 0.112 

Locus 63 : 67984_34 
2 alleles
2.2% missing data
 120   (0.955) 0.999 1.000 0.999 0.998 0.955 1.000 1.000 0.995 1.000 0.997 0.999 0.966 0.999 0.866 0.997 
 100   (0.045) 0.001 0.000 0.001 0.002 0.045 0.000 0.000 0.005 0.000 0.003 0.001 0.034 0.001 0.134 0.003 

Locus 64 : 69199_10 
2 alleles
4.5% missing data
 120   (0.946) 0.999 0.999 0.998 0.356 0.946 0.996 1.000 0.994 1.000 0.997 0.999 0.956 0.999 0.996 0.997 
 100   (0.054) 0.001 0.001 0.002 0.644 0.054 0.004 0.000 0.006 0.000 0.003 0.001 0.044 0.001 0.004 0.003 

Locus 65 : 71368_77 
2 alleles
6.7% missing data
 100   (0.958) 0.775 1.000 0.999 0.998 0.959 1.000 1.000 0.996 1.000 0.998 0.999 0.968 0.999 0.997 0.997 
 110   (0.042) 0.225 0.000 0.001 0.002 0.041 0.000 0.000 0.004 0.000 0.002 0.001 0.032 0.001 0.003 0.003 

Locus 66 : 72276_35 
2 alleles
5.1% missing data
 130   (0.954) 0.999 1.000 0.999 0.998 0.955 1.000 1.000 0.995 1.000 0.884 0.999 0.964 0.999 0.997 0.997 
 120   (0.046) 0.001 0.000 0.001 0.002 0.045 0.000 0.000 0.005 0.000 0.116 0.001 0.036 0.001 0.003 0.003 

Locus 67 : 73554_16 
2 alleles
3.9% missing data
 100   (0.952) 0.999 1.000 0.999 0.998 0.953 1.000 1.000 0.847 1.000 0.997 0.999 0.963 0.999 0.997 0.997 
 130   (0.048) 0.001 0.000 0.001 0.002 0.047 0.000 0.000 0.153 0.000 0.003 0.001 0.037 0.001 0.003 0.003 

Locus 68 : 74575_32 
2 alleles
1.7% missing data
 120   (0.958) 0.999 1.000 0.999 0.998 0.958 1.000 1.000 0.995 1.000 0.982 0.999 0.964 0.999 0.997 0.997 
 100   (0.042) 0.001 0.000 0.001 0.002 0.042 0.000 0.000 0.005 0.000 0.018 0.001 0.036 0.001 0.003 0.003 

Locus 69 : 76504_10 
2 alleles
1.1% missing data
 110   (0.955) 0.999 1.000 0.999 0.998 0.955 1.000 1.000 0.995 1.000 0.998 0.800 0.965 0.999 0.997 0.997 
 100   (0.045) 0.001 0.000 0.001 0.002 0.045 0.000 0.000 0.005 0.000 0.002 0.200 0.035 0.001 0.003 0.003 

Locus 70 : 76561_35 
2 alleles
5.6% missing data
 120   (0.953) 0.999 1.000 0.999 0.998 0.954 1.000 1.000 0.995 1.000 0.997 0.999 0.965 0.999 0.997 0.554 
 100   (0.047) 0.001 0.000 0.001 0.002 0.046 0.000 0.000 0.005 0.000 0.003 0.001 0.035 0.001 0.003 0.446 

Locus 71 : 77346_16 
2 alleles
2.2% missing data
 130   (0.956) 0.999 1.000 0.999 0.998 0.957 0.999 1.000 0.995 1.000 0.998 0.921 0.967 0.999 0.997 0.997 
 110   (0.044) 0.001 0.000 0.001 0.002 0.043 0.001 0.000 0.005 0.000 0.002 0.079 0.033 0.001 0.003 0.003 

Locus 72 : 78631_40 
2 alleles
7.9% missing data
 120   (0.946) 0.999 1.000 0.998 0.997 0.946 1.000 1.000 0.994 1.000 0.800 0.999 0.956 0.999 0.996 0.994 
 110   (0.054) 0.001 0.000 0.002 0.003 0.054 0.000 0.000 0.006 0.000 0.200 0.001 0.044 0.001 0.004 0.006 

Locus 73 : 80366_12 
2 alleles
6.7% missing data
 130   (0.960) 0.999 1.000 0.998 0.998 0.958 1.000 1.000 0.994 1.000 0.996 0.999 0.957 0.997 0.997 0.997 
 110   (0.040) 0.001 0.000 0.002 0.002 0.042 0.000 0.000 0.006 0.000 0.004 0.001 0.043 0.003 0.003 0.003 

Locus 74 : 80499_10 
2 alleles
6.2% missing data
 130   (0.954) 0.904 1.000 0.999 0.998 0.955 1.000 1.000 0.995 1.000 0.997 0.999 0.965 0.999 0.996 0.997 
 100   (0.046) 0.096 0.000 0.001 0.002 0.045 0.000 0.000 0.005 0.000 0.003 0.001 0.035 0.001 0.004 0.003 

Locus 75 : 81141_31 
2 alleles
2.8% missing data
 120   (0.956) 0.999 1.000 0.983 0.998 0.956 1.000 0.998 0.994 1.000 0.997 0.999 0.962 0.999 0.997 0.997 
 100   (0.044) 0.001 0.000 0.017 0.002 0.044 0.000 0.002 0.006 0.000 0.003 0.001 0.038 0.001 0.003 0.003 

Locus 76 : 81662_33 
2 alleles
3.4% missing data
 120   (0.960) 0.999 1.000 0.999 0.998 0.957 1.000 1.000 0.996 1.000 0.997 0.999 0.960 0.994 0.997 0.997 
 110   (0.040) 0.001 0.000 0.001 0.002 0.043 0.000 0.000 0.004 0.000 0.003 0.001 0.040 0.006 0.003 0.003 

Locus 77 : 82002_8 
2 alleles
6.7% missing data
 100   (0.947) 0.999 1.000 0.999 0.998 0.948 1.000 1.000 0.994 1.000 0.997 0.999 0.960 0.999 0.678 0.997 
 110   (0.053) 0.001 0.000 0.001 0.002 0.052 0.000 0.000 0.006 0.000 0.003 0.001 0.040 0.001 0.322 0.003 

Locus 78 : 82631_34 
2 alleles
7.9% missing data
 120   (0.957) 0.999 1.000 0.995 0.997 0.957 0.999 0.999 0.994 1.000 0.991 0.999 0.951 0.999 0.997 0.996 
 100   (0.043) 0.001 0.000 0.005 0.003 0.043 0.001 0.001 0.006 0.000 0.009 0.001 0.049 0.001 0.003 0.004 

Locus 79 : 83247_84 
2 alleles
3.4% missing data
 110   (0.945) 0.999 1.000 0.998 0.998 0.943 1.000 1.000 0.994 1.000 0.770 0.999 0.942 0.999 0.996 0.996 
 100   (0.055) 0.001 0.000 0.002 0.002 0.057 0.000 0.000 0.006 0.000 0.230 0.001 0.058 0.001 0.004 0.004 

Locus 80 : 83916_5 
2 alleles
3.9% missing data
 130   (0.955) 0.999 1.000 0.999 0.998 0.956 1.000 0.818 0.995 1.000 0.998 0.999 0.967 0.999 0.997 0.997 
 110   (0.045) 0.001 0.000 0.001 0.002 0.044 0.000 0.182 0.005 0.000 0.002 0.001 0.033 0.001 0.003 0.003 

Locus 81 : 84971_7 
2 alleles
2.2% missing data
 120   (0.944) 0.998 0.995 0.996 0.977 0.945 0.970 0.997 0.990 0.998 0.995 0.969 0.951 0.997 0.996 0.996 
 110   (0.056) 0.002 0.005 0.004 0.023 0.055 0.030 0.003 0.010 0.002 0.005 0.031 0.049 0.003 0.004 0.004 

Locus 82 : 85247_77 
2 alleles
7.9% missing data
 120   (0.958) 0.998 0.997 0.994 0.998 0.959 0.996 0.991 0.994 0.999 0.997 0.997 0.965 0.998 0.997 0.996 
 110   (0.042) 0.002 0.003 0.006 0.002 0.041 0.004 0.009 0.006 0.001 0.003 0.003 0.035 0.002 0.003 0.004 

Locus 83 : 85248_24 
2 alleles
5.1% missing data
 100   (0.950) 0.999 1.000 0.999 0.998 0.951 1.000 1.000 0.995 1.000 0.997 0.999 0.961 0.999 0.859 0.997 
 120   (0.050) 0.001 0.000 0.001 0.002 0.049 0.000 0.000 0.005 0.000 0.003 0.001 0.039 0.001 0.141 0.003 

Locus 84 : 85402_12 
2 alleles
3.4% missing data
 120   (0.958) 0.999 1.000 0.999 0.998 0.954 1.000 1.000 0.995 1.000 0.998 0.999 0.958 0.996 0.997 0.997 
 100   (0.042) 0.001 0.000 0.001 0.002 0.046 0.000 0.000 0.005 0.000 0.002 0.001 0.042 0.004 0.003 0.003 

Locus 85 : 86588_18 
2 alleles
3.9% missing data
 120   (0.955) 0.999 1.000 0.999 0.982 0.953 1.000 1.000 0.993 1.000 0.997 0.999 0.961 0.999 0.997 0.996 
 100   (0.045) 0.001 0.000 0.001 0.018 0.047 0.000 0.000 0.007 0.000 0.003 0.001 0.039 0.001 0.003 0.004 

Locus 86 : 87070_60 
2 alleles
2.2% missing data
 100   (0.956) 0.999 1.000 0.999 0.998 0.956 1.000 1.000 0.858 1.000 0.997 0.999 0.966 0.999 0.997 0.997 
 130   (0.044) 0.001 0.000 0.001 0.002 0.044 0.000 0.000 0.142 0.000 0.003 0.001 0.034 0.001 0.003 0.003 

Locus 87 : 87747_31 
2 alleles
6.2% missing data
 120   (0.953) 0.999 1.000 0.999 0.998 0.954 1.000 1.000 0.995 1.000 0.997 0.999 0.964 0.999 0.915 0.997 
 110   (0.047) 0.001 0.000 0.001 0.002 0.046 0.000 0.000 0.005 0.000 0.003 0.001 0.036 0.001 0.085 0.003 

Locus 88 : 88455_10 
2 alleles
5.1% missing data
 130   (0.952) 0.999 1.000 0.999 0.998 0.953 1.000 1.000 0.995 1.000 0.996 0.999 0.963 0.999 0.997 0.786 
 100   (0.048) 0.001 0.000 0.001 0.002 0.047 0.000 0.000 0.005 0.000 0.004 0.001 0.037 0.001 0.003 0.214 

Locus 89 : 89005_12 
2 alleles
1.1% missing data
 120   (0.954) 0.999 1.000 0.999 0.998 0.955 1.000 1.000 0.995 1.000 0.997 0.999 0.966 0.999 0.893 0.997 
 130   (0.046) 0.001 0.000 0.001 0.002 0.045 0.000 0.000 0.005 0.000 0.003 0.001 0.034 0.001 0.107 0.003 

Locus 90 : 89213_8 
2 alleles
3.4% missing data
 130   (0.953) 0.999 1.000 0.999 0.998 0.954 1.000 1.000 0.995 1.000 0.997 0.999 0.964 0.999 0.971 0.997 
 110   (0.047) 0.001 0.000 0.001 0.002 0.046 0.000 0.000 0.005 0.000 0.003 0.001 0.036 0.001 0.029 0.003 

Locus 91 : 93475_13 
2 alleles
2.2% missing data
 130   (0.955) 0.999 1.000 0.999 0.998 0.956 1.000 1.000 0.995 1.000 0.997 0.999 0.967 0.999 0.866 0.997 
 110   (0.045) 0.001 0.000 0.001 0.002 0.044 0.000 0.000 0.005 0.000 0.003 0.001 0.033 0.001 0.134 0.003 

Locus 92 : 95749_27 
2 alleles
3.9% missing data
 120   (0.958) 0.999 1.000 0.999 0.999 0.958 1.000 1.000 0.995 1.000 0.998 0.999 0.968 0.999 0.970 0.997 
 100   (0.042) 0.001 0.000 0.001 0.001 0.042 0.000 0.000 0.005 0.000 0.002 0.001 0.032 0.001 0.030 0.003 

Locus 93 : 98167_26 
2 alleles
3.4% missing data
 120   (0.937) 0.998 0.999 0.997 0.988 0.937 0.999 0.999 0.896 1.000 0.995 0.992 0.949 0.970 0.995 0.993 
 110   (0.063) 0.002 0.001 0.003 0.012 0.063 0.001 0.001 0.104 0.000 0.005 0.008 0.051 0.030 0.005 0.007 

Locus 94 : 98988_58 
2 alleles
2.2% missing data
 130   (0.959) 0.999 1.000 0.999 0.998 0.959 1.000 1.000 0.995 1.000 0.998 0.999 0.968 0.999 0.974 0.997 
 110   (0.041) 0.001 0.000 0.001 0.002 0.041 0.000 0.000 0.005 0.000 0.002 0.001 0.032 0.001 0.026 0.003 

Locus 95 : 103824_15 
2 alleles
3.4% missing data
 130   (0.950) 0.999 1.000 0.999 0.998 0.951 1.000 1.000 0.995 1.000 0.997 0.999 0.963 0.999 0.812 0.997 
 110   (0.050) 0.001 0.000 0.001 0.002 0.049 0.000 0.000 0.005 0.000 0.003 0.001 0.037 0.001 0.188 0.003 

Locus 96 : 108043_8 
2 alleles
4.5% missing data
 130   (0.955) 0.999 1.000 0.998 0.998 0.956 1.000 1.000 0.995 1.000 0.997 0.915 0.965 0.999 0.997 0.997 
 110   (0.045) 0.001 0.000 0.002 0.002 0.044 0.000 0.000 0.005 0.000 0.003 0.085 0.035 0.001 0.003 0.003 

Locus 97 : 108049_79 
2 alleles
2.8% missing data
 120   (0.958) 0.999 1.000 0.999 0.998 0.955 1.000 1.000 0.995 1.000 0.997 0.999 0.957 0.994 0.997 0.997 
 100   (0.042) 0.001 0.000 0.001 0.002 0.045 0.000 0.000 0.005 0.000 0.003 0.001 0.043 0.006 0.003 0.003 

Locus 98 : 108366_5 
2 alleles
2.8% missing data
 130   (0.954) 0.999 1.000 0.999 0.998 0.955 1.000 1.000 0.995 1.000 0.998 0.999 0.965 0.999 0.919 0.997 
 100   (0.046) 0.001 0.000 0.001 0.002 0.045 0.000 0.000 0.005 0.000 0.002 0.001 0.035 0.001 0.081 0.003 

Locus 99 : 108403_10 
2 alleles
6.2% missing data
 130   (0.958) 0.999 1.000 0.999 0.998 0.956 1.000 1.000 0.995 1.000 0.996 0.991 0.964 0.999 0.997 0.997 
 110   (0.042) 0.001 0.000 0.001 0.002 0.044 0.000 0.000 0.005 0.000 0.004 0.009 0.036 0.001 0.003 0.003 

Locus 100 : 109283_38 
2 alleles
3.9% missing data
 120   (0.862) 0.996 0.955 0.524 0.955 0.863 0.892 0.503 0.982 0.988 0.976 0.996 0.856 0.922 0.990 0.991 
 100   (0.138) 0.004 0.045 0.476 0.045 0.137 0.108 0.497 0.018 0.012 0.024 0.004 0.144 0.078 0.010 0.009 

Locus 101 : 109527_54 
2 alleles
7.3% missing data
 110   (0.947) 0.999 1.000 0.999 0.998 0.946 1.000 1.000 0.994 1.000 0.793 0.999 0.958 0.999 0.996 0.997 
 130   (0.053) 0.001 0.000 0.001 0.002 0.054 0.000 0.000 0.006 0.000 0.207 0.001 0.042 0.001 0.004 0.003 

Locus 102 : 109804_31 
2 alleles
2.2% missing data
 130   (0.954) 0.999 1.000 0.999 0.998 0.955 1.000 1.000 0.995 1.000 0.997 0.999 0.965 0.999 0.945 0.997 
 100   (0.046) 0.001 0.000 0.001 0.002 0.045 0.000 0.000 0.005 0.000 0.003 0.001 0.035 0.001 0.055 0.003 

Locus 103 : 112614_46 
2 alleles
5.1% missing data
 120   (0.955) 0.999 1.000 0.999 0.998 0.956 1.000 1.000 0.994 1.000 0.997 0.999 0.966 0.999 0.886 0.997 
 100   (0.045) 0.001 0.000 0.001 0.002 0.044 0.000 0.000 0.006 0.000 0.003 0.001 0.034 0.001 0.114 0.003 

Locus 104 : 112906_14 
2 alleles
3.9% missing data
 110   (0.881) 0.997 1.000 0.861 0.995 0.883 0.999 0.999 0.954 1.000 0.751 0.997 0.871 0.998 0.992 0.690 
 120   (0.119) 0.003 0.000 0.139 0.005 0.117 0.001 0.001 0.046 0.000 0.249 0.003 0.129 0.002 0.008 0.310 

Locus 105 : 113735_32 
2 alleles
6.7% missing data
 120   (0.959) 0.999 1.000 0.999 0.998 0.959 1.000 1.000 0.995 1.000 0.997 0.999 0.967 0.999 0.997 0.965 
 100   (0.041) 0.001 0.000 0.001 0.002 0.041 0.000 0.000 0.005 0.000 0.003 0.001 0.033 0.001 0.003 0.035 

Locus 106 : 115028_7 
2 alleles
3.9% missing data
 120   (0.958) 0.999 1.000 0.999 0.998 0.959 1.000 1.000 0.995 1.000 0.998 0.999 0.968 0.999 0.997 0.958 
 100   (0.042) 0.001 0.000 0.001 0.002 0.041 0.000 0.000 0.005 0.000 0.002 0.001 0.032 0.001 0.003 0.042 

Locus 107 : 115179_16 
2 alleles
2.2% missing data
 120   (0.951) 0.999 1.000 0.999 0.998 0.952 1.000 1.000 0.995 1.000 0.997 0.999 0.963 0.999 0.910 0.997 
 110   (0.049) 0.001 0.000 0.001 0.002 0.048 0.000 0.000 0.005 0.000 0.003 0.001 0.037 0.001 0.090 0.003 

Locus 108 : 116753_51 
2 alleles
7.3% missing data
 120   (0.954) 0.999 1.000 0.906 0.998 0.955 1.000 0.999 0.994 1.000 0.997 0.999 0.955 0.999 0.996 0.997 
 100   (0.046) 0.001 0.000 0.094 0.002 0.045 0.000 0.001 0.006 0.000 0.003 0.001 0.045 0.001 0.004 0.003 

Locus 109 : 116931_31 
2 alleles
7.9% missing data
 120   (0.957) 0.999 1.000 0.999 0.984 0.956 1.000 1.000 0.994 1.000 0.997 0.999 0.964 0.999 0.997 0.997 
 110   (0.043) 0.001 0.000 0.001 0.016 0.044 0.000 0.000 0.006 0.000 0.003 0.001 0.036 0.001 0.003 0.003 

Locus 110 : 116938_8 
2 alleles
4.5% missing data
 130   (0.914) 0.998 1.000 0.836 0.996 0.916 1.000 0.999 0.942 1.000 0.862 0.998 0.934 0.999 0.994 0.994 
 110   (0.086) 0.002 0.000 0.164 0.004 0.084 0.000 0.001 0.058 0.000 0.138 0.002 0.066 0.001 0.006 0.006 

Locus 111 : 122302_80 
2 alleles
10.1% missing data
 110   (0.955) 0.999 1.000 0.998 0.960 0.955 1.000 1.000 0.995 1.000 0.997 0.999 0.963 0.999 0.996 0.996 
 100   (0.045) 0.001 0.000 0.002 0.040 0.045 0.000 0.000 0.005 0.000 0.003 0.001 0.037 0.001 0.004 0.004 

Locus 112 : 123190_14 
2 alleles
3.4% missing data
 120   (0.949) 0.999 1.000 0.998 0.942 0.947 1.000 1.000 0.994 1.000 0.997 0.999 0.956 0.999 0.996 0.996 
 130   (0.051) 0.001 0.000 0.002 0.058 0.053 0.000 0.000 0.006 0.000 0.003 0.001 0.044 0.001 0.004 0.004 

Locus 113 : 123271_36 
2 alleles
3.9% missing data
 100   (0.946) 0.999 1.000 0.999 0.998 0.947 1.000 1.000 0.994 1.000 0.997 0.999 0.959 0.999 0.858 0.996 
 110   (0.054) 0.001 0.000 0.001 0.002 0.053 0.000 0.000 0.006 0.000 0.003 0.001 0.041 0.001 0.142 0.004 

Locus 114 : 124147_18 
2 alleles
2.2% missing data
 130   (0.954) 0.999 1.000 0.999 0.998 0.955 1.000 1.000 0.762 1.000 0.997 0.999 0.964 0.999 0.997 0.997 
 110   (0.046) 0.001 0.000 0.001 0.002 0.045 0.000 0.000 0.238 0.000 0.003 0.001 0.036 0.001 0.003 0.003 

Locus 115 : 124184_33 
2 alleles
5.6% missing data
 110   (0.955) 0.999 1.000 0.999 0.998 0.956 1.000 1.000 0.995 1.000 0.997 0.999 0.966 0.999 0.910 0.997 
 100   (0.045) 0.001 0.000 0.001 0.002 0.044 0.000 0.000 0.005 0.000 0.003 0.001 0.034 0.001 0.090 0.003 

Locus 116 : 125404_24 
2 alleles
1.1% missing data
 130   (0.958) 0.999 1.000 0.999 0.999 0.958 1.000 1.000 0.996 1.000 0.998 0.999 0.968 0.999 0.997 0.763 
 110   (0.042) 0.001 0.000 0.001 0.001 0.042 0.000 0.000 0.004 0.000 0.002 0.001 0.032 0.001 0.003 0.237 

Locus 117 : 125436_43 
2 alleles
3.9% missing data
 130   (0.924) 0.998 1.000 0.998 0.997 0.926 0.999 1.000 0.991 1.000 0.849 0.998 0.929 0.999 0.995 0.697 
 100   (0.076) 0.002 0.000 0.002 0.003 0.074 0.001 0.000 0.009 0.000 0.151 0.002 0.071 0.001 0.005 0.303 

Locus 118 : 126013_18 
2 alleles
2.8% missing data
 130   (0.956) 0.883 1.000 0.999 0.998 0.957 1.000 1.000 0.995 1.000 0.998 0.999 0.967 0.999 0.997 0.997 
 110   (0.044) 0.117 0.000 0.001 0.002 0.043 0.000 0.000 0.005 0.000 0.002 0.001 0.033 0.001 0.003 0.003 

Locus 119 : 126137_19 
2 alleles
3.9% missing data
 120   (0.957) 0.999 1.000 0.998 0.998 0.958 1.000 1.000 0.995 1.000 0.984 0.999 0.962 0.999 0.997 0.983 
 110   (0.043) 0.001 0.000 0.002 0.002 0.042 0.000 0.000 0.005 0.000 0.016 0.001 0.038 0.001 0.003 0.017 

Locus 120 : 126845_22 
2 alleles
5.6% missing data
 130   (0.960) 0.999 1.000 0.999 0.998 0.960 1.000 1.000 0.994 1.000 0.998 0.999 0.968 0.999 0.997 0.959 
 110   (0.040) 0.001 0.000 0.001 0.002 0.040 0.000 0.000 0.006 0.000 0.002 0.001 0.032 0.001 0.003 0.041 

Locus 121 : 127512_8 
2 alleles
1.1% missing data
 130   (0.955) 0.913 1.000 0.999 0.998 0.956 1.000 1.000 0.995 1.000 0.997 0.999 0.966 0.999 0.997 0.997 
 100   (0.045) 0.087 0.000 0.001 0.002 0.044 0.000 0.000 0.005 0.000 0.003 0.001 0.034 0.001 0.003 0.003 

Locus 122 : 127692_13 
2 alleles
2.8% missing data
 100   (0.951) 0.999 1.000 0.999 0.998 0.952 1.000 1.000 0.994 1.000 0.931 0.999 0.960 0.999 0.997 0.997 
 120   (0.049) 0.001 0.000 0.001 0.002 0.048 0.000 0.000 0.006 0.000 0.069 0.001 0.040 0.001 0.003 0.003 

Locus 123 : 128195_18 
2 alleles
7.3% missing data
 130   (0.874) 0.996 0.999 0.995 0.982 0.871 0.987 0.999 0.422 0.999 0.922 0.997 0.868 0.361 0.991 0.988 
 110   (0.126) 0.004 0.001 0.005 0.018 0.129 0.013 0.001 0.578 0.001 0.078 0.003 0.132 0.639 0.009 0.012 

Locus 124 : 128198_14 
2 alleles
4.5% missing data
 130   (0.929) 0.907 1.000 0.998 0.997 0.930 1.000 1.000 0.992 1.000 0.996 0.998 0.946 0.999 0.919 0.996 
 120   (0.071) 0.093 0.000 0.002 0.003 0.070 0.000 0.000 0.008 0.000 0.004 0.002 0.054 0.001 0.081 0.004 

Locus 125 : 128423_39 
2 alleles
4.5% missing data
 130   (0.958) 0.999 1.000 0.998 0.998 0.957 1.000 1.000 0.988 1.000 0.997 0.999 0.961 0.994 0.997 0.997 
 100   (0.042) 0.001 0.000 0.002 0.002 0.043 0.000 0.000 0.012 0.000 0.003 0.001 0.039 0.006 0.003 0.003 

Locus 126 : 131572_48 
2 alleles
1.1% missing data
 120   (0.952) 0.999 1.000 0.939 0.998 0.952 1.000 0.997 0.994 1.000 0.997 0.999 0.956 0.999 0.997 0.997 
 100   (0.048) 0.001 0.000 0.061 0.002 0.048 0.000 0.003 0.006 0.000 0.003 0.001 0.044 0.001 0.003 0.003 

Locus 127 : 132199_62 
2 alleles
3.9% missing data
 100   (0.951) 0.999 1.000 0.999 0.998 0.952 1.000 1.000 0.995 1.000 0.997 0.999 0.964 0.999 0.752 0.997 
 120   (0.049) 0.001 0.000 0.001 0.002 0.048 0.000 0.000 0.005 0.000 0.003 0.001 0.036 0.001 0.248 0.003 

Locus 128 : 135566_64 
2 alleles
7.3% missing data
 130   (0.959) 0.999 1.000 0.999 0.998 0.956 1.000 1.000 0.995 1.000 0.998 0.999 0.959 0.996 0.997 0.997 
 110   (0.041) 0.001 0.000 0.001 0.002 0.044 0.000 0.000 0.005 0.000 0.002 0.001 0.041 0.004 0.003 0.003 

Locus 129 : 135761_5 
2 alleles
7.9% missing data
 130   (0.954) 0.999 1.000 0.999 0.998 0.955 1.000 1.000 0.995 1.000 0.998 0.999 0.966 0.999 0.905 0.997 
 100   (0.046) 0.001 0.000 0.001 0.002 0.045 0.000 0.000 0.005 0.000 0.002 0.001 0.034 0.001 0.095 0.003 

Locus 130 : 137219_35 
2 alleles
3.4% missing data
 120   (0.945) 0.998 1.000 0.998 0.998 0.939 1.000 1.000 0.994 1.000 0.996 0.999 0.939 0.977 0.996 0.997 
 100   (0.055) 0.002 0.000 0.002 0.002 0.061 0.000 0.000 0.006 0.000 0.004 0.001 0.061 0.023 0.004 0.003 

Locus 131 : 139081_20 
2 alleles
5.6% missing data
 120   (0.940) 0.998 1.000 0.995 0.997 0.940 1.000 0.999 0.932 1.000 0.967 0.998 0.949 0.999 0.996 0.995 
 110   (0.060) 0.002 0.000 0.005 0.003 0.060 0.000 0.001 0.068 0.000 0.033 0.002 0.051 0.001 0.004 0.005 

Locus 132 : 139084_52 
2 alleles
5.1% missing data
 120   (0.917) 0.997 1.000 0.997 0.933 0.914 0.999 0.999 0.820 1.000 0.994 0.998 0.929 0.993 0.994 0.994 
 110   (0.083) 0.003 0.000 0.003 0.067 0.086 0.001 0.001 0.180 0.000 0.006 0.002 0.071 0.007 0.006 0.006 

Locus 133 : 139433_54 
2 alleles
3.9% missing data
 120   (0.958) 0.999 1.000 0.999 0.999 0.959 1.000 1.000 0.996 1.000 0.998 0.999 0.969 0.999 0.946 0.997 
 100   (0.042) 0.001 0.000 0.001 0.001 0.041 0.000 0.000 0.004 0.000 0.002 0.001 0.031 0.001 0.054 0.003 

Locus 134 : 140063_88 
2 alleles
7.9% missing data
 110   (0.956) 0.999 1.000 0.999 0.998 0.954 1.000 1.000 0.993 1.000 0.988 0.999 0.963 0.999 0.997 0.997 
 100   (0.044) 0.001 0.000 0.001 0.002 0.046 0.000 0.000 0.007 0.000 0.012 0.001 0.037 0.001 0.003 0.003 

Locus 135 : 140194_73 
2 alleles
2.8% missing data
 120   (0.958) 0.975 1.000 0.999 0.998 0.959 1.000 1.000 0.993 1.000 0.997 0.999 0.967 0.999 0.997 0.997 
 110   (0.042) 0.025 0.000 0.001 0.002 0.041 0.000 0.000 0.007 0.000 0.003 0.001 0.033 0.001 0.003 0.003 

Locus 136 : 141313_8 
2 alleles
2.8% missing data
 120   (0.955) 0.999 1.000 0.999 0.998 0.956 1.000 1.000 0.995 1.000 0.998 0.999 0.966 0.999 0.919 0.997 
 100   (0.045) 0.001 0.000 0.001 0.002 0.044 0.000 0.000 0.005 0.000 0.002 0.001 0.034 0.001 0.081 0.003 

Locus 137 : 145284_28 
2 alleles
2.8% missing data
 130   (0.955) 0.999 1.000 0.999 0.998 0.956 1.000 1.000 0.618 1.000 0.998 0.999 0.966 0.999 0.997 0.997 
 110   (0.045) 0.001 0.000 0.001 0.002 0.044 0.000 0.000 0.382 0.000 0.002 0.001 0.034 0.001 0.003 0.003 

Locus 138 : 145957_11 
2 alleles
4.5% missing data
 130   (0.956) 0.999 1.000 0.999 0.998 0.957 0.999 0.846 0.995 1.000 0.998 0.999 0.967 0.999 0.997 0.997 
 110   (0.044) 0.001 0.000 0.001 0.002 0.043 0.001 0.154 0.005 0.000 0.002 0.001 0.033 0.001 0.003 0.003 

Locus 139 : 160306_34 
2 alleles
2.8% missing data
 120   (0.931) 0.998 1.000 0.984 0.996 0.932 0.999 0.999 0.992 1.000 0.963 0.999 0.920 0.999 0.995 0.778 
 100   (0.069) 0.002 0.000 0.016 0.004 0.068 0.001 0.001 0.008 0.000 0.037 0.001 0.080 0.001 0.005 0.222 

Locus 140 : 162107_37 
2 alleles
3.4% missing data
 120   (0.935) 0.998 1.000 0.998 0.998 0.935 1.000 1.000 0.993 1.000 0.981 0.999 0.946 0.999 0.995 0.904 
 100   (0.065) 0.002 0.000 0.002 0.002 0.065 0.000 0.000 0.007 0.000 0.019 0.001 0.054 0.001 0.005 0.096 

Locus 141 : 163290_36 
2 alleles
5.1% missing data
 130   (0.925) 0.998 0.989 0.997 0.910 0.926 0.951 0.996 0.749 0.998 0.995 0.997 0.941 0.990 0.995 0.995 
 110   (0.075) 0.002 0.011 0.003 0.090 0.074 0.049 0.004 0.251 0.002 0.005 0.003 0.059 0.010 0.005 0.005 

Locus 142 : 163453_13 
2 alleles
5.6% missing data
 120   (0.957) 0.999 1.000 0.998 0.986 0.956 1.000 1.000 0.994 1.000 0.997 0.999 0.964 0.999 0.997 0.997 
 110   (0.043) 0.001 0.000 0.002 0.014 0.044 0.000 0.000 0.006 0.000 0.003 0.001 0.036 0.001 0.003 0.003 

Locus 143 : 163580_14 
2 alleles
10.1% missing data
 120   (0.956) 0.999 1.000 0.999 0.998 0.957 1.000 1.000 0.995 0.839 0.997 0.999 0.966 0.999 0.997 0.997 
 100   (0.044) 0.001 0.000 0.001 0.002 0.043 0.000 0.000 0.005 0.161 0.003 0.001 0.034 0.001 0.003 0.003 

Locus 144 : 164461_13 
2 alleles
5.6% missing data
 100   (0.957) 0.999 1.000 0.999 0.856 0.957 1.000 1.000 0.995 1.000 0.997 0.999 0.967 0.999 0.997 0.997 
 120   (0.043) 0.001 0.000 0.001 0.144 0.043 0.000 0.000 0.005 0.000 0.003 0.001 0.033 0.001 0.003 0.003 

Locus 145 : 165413_43 
2 alleles
1.7% missing data
 110   (0.947) 0.999 1.000 0.998 0.997 0.947 1.000 1.000 0.993 1.000 0.934 0.999 0.954 0.999 0.996 0.997 
 130   (0.053) 0.001 0.000 0.002 0.003 0.053 0.000 0.000 0.007 0.000 0.066 0.001 0.046 0.001 0.004 0.003 

Locus 146 : 168629_44 
2 alleles
5.6% missing data
 130   (0.942) 0.998 1.000 0.998 0.985 0.942 0.999 1.000 0.988 1.000 0.953 0.999 0.951 0.992 0.996 0.996 
 110   (0.058) 0.002 0.000 0.002 0.015 0.058 0.001 0.000 0.012 0.000 0.047 0.001 0.049 0.008 0.004 0.004 

Locus 147 : 168991_77 
2 alleles
5.6% missing data
 110   (0.852) 0.996 0.999 0.882 0.987 0.849 0.996 0.998 0.978 0.998 0.904 0.996 0.798 0.955 0.990 0.651 
 100   (0.148) 0.004 0.001 0.118 0.013 0.151 0.004 0.002 0.022 0.002 0.096 0.004 0.202 0.045 0.010 0.349 

Locus 148 : 169478_88 
2 alleles
5.1% missing data
 130   (0.958) 0.979 1.000 0.999 0.998 0.958 1.000 1.000 0.995 1.000 0.997 0.999 0.965 0.999 0.997 0.997 
 100   (0.042) 0.021 0.000 0.001 0.002 0.042 0.000 0.000 0.005 0.000 0.003 0.001 0.035 0.001 0.003 0.003 

Locus 149 : 169898_8 
2 alleles
6.2% missing data
 120   (0.939) 0.998 1.000 0.997 0.968 0.939 0.999 1.000 0.991 1.000 0.923 0.998 0.936 0.998 0.995 0.996 
 100   (0.061) 0.002 0.000 0.003 0.032 0.061 0.001 0.000 0.009 0.000 0.077 0.002 0.064 0.002 0.005 0.004 

Locus 150 : 170224_42 
2 alleles
7.3% missing data
 100   (0.909) 0.997 0.999 0.996 0.803 0.910 0.988 0.999 0.977 0.999 0.921 0.998 0.919 0.973 0.993 0.993 
 120   (0.091) 0.003 0.001 0.004 0.197 0.090 0.012 0.001 0.023 0.001 0.079 0.002 0.081 0.027 0.007 0.007 

Locus 151 : 174083_22 
2 alleles
3.9% missing data
 120   (0.953) 0.999 1.000 0.999 0.998 0.954 1.000 1.000 0.995 1.000 0.997 0.999 0.965 0.999 0.787 0.997 
 100   (0.047) 0.001 0.000 0.001 0.002 0.046 0.000 0.000 0.005 0.000 0.003 0.001 0.035 0.001 0.213 0.003 

Locus 152 : 174223_24 
2 alleles
2.8% missing data
 120   (0.956) 0.999 1.000 0.999 0.998 0.954 1.000 1.000 0.995 1.000 0.997 0.989 0.962 0.999 0.997 0.997 
 100   (0.044) 0.001 0.000 0.001 0.002 0.046 0.000 0.000 0.005 0.000 0.003 0.011 0.038 0.001 0.003 0.003 

Locus 153 : 174263_44 
2 alleles
3.9% missing data
 130   (0.957) 0.844 1.000 0.999 0.998 0.958 1.000 1.000 0.996 1.000 0.998 0.999 0.968 0.999 0.997 0.997 
 110   (0.043) 0.156 0.000 0.001 0.002 0.042 0.000 0.000 0.004 0.000 0.002 0.001 0.032 0.001 0.003 0.003 

Locus 154 : 175657_6 
2 alleles
8.4% missing data
 100   (0.932) 0.998 1.000 0.998 0.998 0.933 1.000 1.000 0.993 1.000 0.917 0.999 0.948 0.999 0.995 0.761 
 130   (0.068) 0.002 0.000 0.002 0.002 0.067 0.000 0.000 0.007 0.000 0.083 0.001 0.052 0.001 0.005 0.239 

Locus 155 : 176570_23 
2 alleles
3.9% missing data
 130   (0.954) 0.999 0.999 0.975 0.997 0.954 0.985 0.984 0.995 0.999 0.997 0.995 0.945 0.997 0.997 0.996 
 110   (0.046) 0.001 0.001 0.025 0.003 0.046 0.015 0.016 0.005 0.001 0.003 0.005 0.055 0.003 0.003 0.004 

Locus 156 : 176775_13 
2 alleles
6.7% missing data
 130   (0.951) 0.999 1.000 0.999 0.998 0.952 1.000 1.000 0.994 1.000 0.997 0.999 0.963 0.999 0.707 0.997 
 110   (0.049) 0.001 0.000 0.001 0.002 0.048 0.000 0.000 0.006 0.000 0.003 0.001 0.037 0.001 0.293 0.003 

Locus 157 : 178448_19 
2 alleles
3.4% missing data
 120   (0.954) 0.999 1.000 0.999 0.998 0.955 1.000 1.000 0.995 1.000 0.997 0.999 0.966 0.999 0.882 0.997 
 100   (0.046) 0.001 0.000 0.001 0.002 0.045 0.000 0.000 0.005 0.000 0.003 0.001 0.034 0.001 0.118 0.003 

Locus 158 : 179162_16 
2 alleles
6.2% missing data
 120   (0.956) 0.999 1.000 0.999 0.998 0.956 1.000 1.000 0.995 1.000 0.998 0.999 0.966 0.999 0.971 0.997 
 100   (0.044) 0.001 0.000 0.001 0.002 0.044 0.000 0.000 0.005 0.000 0.002 0.001 0.034 0.001 0.029 0.003 

Locus 159 : 179286_31 
2 alleles
2.8% missing data
 120   (0.927) 0.998 1.000 0.985 0.997 0.928 0.999 0.999 0.992 1.000 0.937 0.998 0.919 0.999 0.995 0.886 
 100   (0.073) 0.002 0.000 0.015 0.003 0.072 0.001 0.001 0.008 0.000 0.063 0.002 0.081 0.001 0.005 0.114 

Locus 160 : 179594_17 
2 alleles
4.5% missing data
 120   (0.915) 0.998 1.000 0.997 0.973 0.913 0.999 0.999 0.921 1.000 0.995 0.992 0.930 0.998 0.993 0.738 
 100   (0.085) 0.002 0.000 0.003 0.027 0.087 0.001 0.001 0.079 0.000 0.005 0.008 0.070 0.002 0.007 0.262 

Locus 161 : 180413_54 
2 alleles
3.9% missing data
 100   (0.950) 0.999 1.000 0.999 0.998 0.951 1.000 1.000 0.995 1.000 0.997 0.999 0.962 0.999 0.880 0.997 
 110   (0.050) 0.001 0.000 0.001 0.002 0.049 0.000 0.000 0.005 0.000 0.003 0.001 0.038 0.001 0.120 0.003 

Locus 162 : 182862_79 
2 alleles
3.4% missing data
 130   (0.952) 0.999 1.000 0.999 0.998 0.953 1.000 1.000 0.995 1.000 0.997 0.999 0.964 0.999 0.868 0.997 
 110   (0.048) 0.001 0.000 0.001 0.002 0.047 0.000 0.000 0.005 0.000 0.003 0.001 0.036 0.001 0.132 0.003 

Locus 163 : 183288_63 
2 alleles
10.1% missing data
 100   (0.954) 0.999 1.000 0.999 0.998 0.955 1.000 1.000 0.995 1.000 0.997 0.999 0.964 0.999 0.971 0.997 
 120   (0.046) 0.001 0.000 0.001 0.002 0.045 0.000 0.000 0.005 0.000 0.003 0.001 0.036 0.001 0.029 0.003 

Locus 164 : 183906_55 
2 alleles
6.7% missing data
 130   (0.957) 0.999 1.000 0.999 0.998 0.957 1.000 1.000 0.995 1.000 0.998 0.999 0.967 0.999 0.946 0.997 
 100   (0.043) 0.001 0.000 0.001 0.002 0.043 0.000 0.000 0.005 0.000 0.002 0.001 0.033 0.001 0.054 0.003 

Locus 165 : 183990_7 
2 alleles
3.4% missing data
 120   (0.952) 0.999 1.000 0.998 0.997 0.951 0.999 0.999 0.995 1.000 0.997 0.999 0.961 0.813 0.997 0.997 
 100   (0.048) 0.001 0.000 0.002 0.003 0.049 0.001 0.001 0.005 0.000 0.003 0.001 0.039 0.187 0.003 0.003 

Locus 166 : 185904_60 
2 alleles
3.4% missing data
 120   (0.953) 0.999 1.000 0.999 0.916 0.954 1.000 1.000 0.995 1.000 0.997 0.999 0.964 0.999 0.997 0.997 
 100   (0.047) 0.001 0.000 0.001 0.084 0.046 0.000 0.000 0.005 0.000 0.003 0.001 0.036 0.001 0.003 0.003 

Locus 167 : 191703_64 
2 alleles
1.7% missing data
 130   (0.930) 0.998 1.000 0.998 0.998 0.931 1.000 1.000 0.679 1.000 0.996 0.999 0.947 0.999 0.995 0.865 
 110   (0.070) 0.002 0.000 0.002 0.002 0.069 0.000 0.000 0.321 0.000 0.004 0.001 0.053 0.001 0.005 0.135 

Locus 168 : 193854_7 
2 alleles
1.7% missing data
 130   (0.936) 0.981 1.000 0.998 0.997 0.937 1.000 0.999 0.992 1.000 0.996 0.999 0.950 0.999 0.882 0.996 
 110   (0.064) 0.019 0.000 0.002 0.003 0.063 0.000 0.001 0.008 0.000 0.004 0.001 0.050 0.001 0.118 0.004 

Locus 169 : 194868_38 
2 alleles
5.6% missing data
 120   (0.940) 0.998 1.000 0.998 0.998 0.938 1.000 1.000 0.992 1.000 0.901 0.999 0.940 0.997 0.996 0.965 
 100   (0.060) 0.002 0.000 0.002 0.002 0.062 0.000 0.000 0.008 0.000 0.099 0.001 0.060 0.003 0.004 0.035 

Locus 170 : 195463_36 
2 alleles
5.1% missing data
 120   (0.959) 0.999 1.000 0.999 0.999 0.960 1.000 1.000 0.996 1.000 0.998 0.999 0.970 0.999 0.997 0.859 
 100   (0.041) 0.001 0.000 0.001 0.001 0.040 0.000 0.000 0.004 0.000 0.002 0.001 0.030 0.001 0.003 0.141 

Locus 171 : 195727_20 
2 alleles
1.7% missing data
 130   (0.952) 0.999 1.000 0.999 0.998 0.952 1.000 1.000 0.995 1.000 0.997 0.999 0.963 0.999 0.914 0.997 
 110   (0.048) 0.001 0.000 0.001 0.002 0.048 0.000 0.000 0.005 0.000 0.003 0.001 0.037 0.001 0.086 0.003 

Locus 172 : 197508_5 
2 alleles
2.2% missing data
 120   (0.959) 0.999 1.000 0.999 0.999 0.957 1.000 1.000 0.994 1.000 0.989 0.999 0.965 0.999 0.997 0.997 
 100   (0.041) 0.001 0.000 0.001 0.001 0.043 0.000 0.000 0.006 0.000 0.011 0.001 0.035 0.001 0.003 0.003 

Locus 173 : 199140_10 
2 alleles
4.5% missing data
 130   (0.956) 0.999 1.000 0.999 0.998 0.953 1.000 1.000 0.995 1.000 0.997 0.999 0.956 0.996 0.997 0.997 
 110   (0.044) 0.001 0.000 0.001 0.002 0.047 0.000 0.000 0.005 0.000 0.003 0.001 0.044 0.004 0.003 0.003 

Locus 174 : 199429_51 
2 alleles
5.1% missing data
 130   (0.957) 0.999 1.000 0.999 0.983 0.955 1.000 1.000 0.993 1.000 0.997 0.999 0.962 0.999 0.997 0.996 
 100   (0.043) 0.001 0.000 0.001 0.017 0.045 0.000 0.000 0.007 0.000 0.003 0.001 0.038 0.001 0.003 0.004 

Locus 175 : 199635_9 
2 alleles
3.4% missing data
 120   (0.954) 0.999 1.000 0.999 0.998 0.955 1.000 1.000 0.995 1.000 0.997 0.999 0.966 0.999 0.831 0.997 
 100   (0.046) 0.001 0.000 0.001 0.002 0.045 0.000 0.000 0.005 0.000 0.003 0.001 0.034 0.001 0.169 0.003 

Locus 176 : 200923_8 
2 alleles
5.1% missing data
 100   (0.959) 0.999 1.000 0.999 0.998 0.959 1.000 1.000 0.936 1.000 0.997 0.999 0.969 0.999 0.997 0.994 
 110   (0.041) 0.001 0.000 0.001 0.002 0.041 0.000 0.000 0.064 0.000 0.003 0.001 0.031 0.001 0.003 0.006 

Locus 177 : 201090_64 
2 alleles
5.1% missing data
 130   (0.957) 0.999 1.000 0.999 0.961 0.957 1.000 1.000 0.995 1.000 0.997 0.999 0.966 0.999 0.997 0.997 
 100   (0.043) 0.001 0.000 0.001 0.039 0.043 0.000 0.000 0.005 0.000 0.003 0.001 0.034 0.001 0.003 0.003 

Locus 178 : 201549_57 
2 alleles
4.5% missing data
 120   (0.955) 0.999 1.000 0.999 0.998 0.956 1.000 1.000 0.995 1.000 0.998 0.999 0.966 0.999 0.997 0.905 
 110   (0.045) 0.001 0.000 0.001 0.002 0.044 0.000 0.000 0.005 0.000 0.002 0.001 0.034 0.001 0.003 0.095 

Locus 179 : 203565_40 
2 alleles
3.9% missing data
 120   (0.959) 0.999 1.000 0.998 0.998 0.959 1.000 1.000 0.935 1.000 0.997 0.999 0.967 0.999 0.997 0.997 
 100   (0.041) 0.001 0.000 0.002 0.002 0.041 0.000 0.000 0.065 0.000 0.003 0.001 0.033 0.001 0.003 0.003 

Locus 180 : 205184_19 
2 alleles
7.3% missing data
 110   (0.921) 0.869 1.000 0.998 0.997 0.922 1.000 0.999 0.991 1.000 0.995 0.998 0.940 0.999 0.762 0.995 
 120   (0.079) 0.131 0.000 0.002 0.003 0.078 0.000 0.001 0.009 0.000 0.005 0.002 0.060 0.001 0.238 0.005 

Locus 181 : 206551_17 
2 alleles
6.2% missing data
 120   (0.904) 0.997 1.000 0.996 0.627 0.905 0.999 0.999 0.941 1.000 0.994 0.873 0.920 0.994 0.993 0.969 
 100   (0.096) 0.003 0.000 0.004 0.373 0.095 0.001 0.001 0.059 0.000 0.006 0.127 0.080 0.006 0.007 0.031 

Locus 182 : 216246_19 
2 alleles
2.8% missing data
 110   (0.945) 0.998 1.000 0.993 0.997 0.945 1.000 1.000 0.987 1.000 0.983 0.999 0.934 0.992 0.996 0.989 
 130   (0.055) 0.002 0.000 0.007 0.003 0.055 0.000 0.000 0.013 0.000 0.017 0.001 0.066 0.008 0.004 0.011 

Locus 183 : 216776_13 
2 alleles
5.6% missing data
 120   (0.914) 0.991 1.000 0.997 0.997 0.915 0.999 0.999 0.990 1.000 0.995 0.834 0.933 0.999 0.729 0.995 
 110   (0.086) 0.009 0.000 0.003 0.003 0.085 0.001 0.001 0.010 0.000 0.005 0.166 0.067 0.001 0.271 0.005 

Locus 184 : 217291_37 
2 alleles
3.9% missing data
 120   (0.955) 0.999 1.000 0.999 0.998 0.955 1.000 1.000 0.995 1.000 0.997 0.999 0.963 0.999 0.997 0.912 
 100   (0.045) 0.001 0.000 0.001 0.002 0.045 0.000 0.000 0.005 0.000 0.003 0.001 0.037 0.001 0.003 0.088 

Locus 185 : 217570_13 
2 alleles
3.9% missing data
 130   (0.950) 0.999 1.000 0.999 0.998 0.951 1.000 1.000 0.995 1.000 0.997 0.999 0.961 0.999 0.866 0.997 
 110   (0.050) 0.001 0.000 0.001 0.002 0.049 0.000 0.000 0.005 0.000 0.003 0.001 0.039 0.001 0.134 0.003 

Locus 186 : 220422_65 
2 alleles
3.4% missing data
 120   (0.946) 0.999 1.000 0.989 0.996 0.946 0.999 0.999 0.993 1.000 0.976 0.999 0.927 0.999 0.996 0.989 
 110   (0.054) 0.001 0.000 0.011 0.004 0.054 0.001 0.001 0.007 0.000 0.024 0.001 0.073 0.001 0.004 0.011 

Locus 187 : 220502_40 
2 alleles
6.7% missing data
 120   (0.959) 0.999 1.000 0.963 0.998 0.959 0.999 0.999 0.995 1.000 0.997 0.999 0.969 0.999 0.997 0.997 
 110   (0.041) 0.001 0.000 0.037 0.002 0.041 0.001 0.001 0.005 0.000 0.003 0.001 0.031 0.001 0.003 0.003 

Locus 188 : 220519_81 
2 alleles
4.5% missing data
 130   (0.931) 0.998 1.000 0.997 0.997 0.932 1.000 1.000 0.935 1.000 0.996 0.999 0.946 0.999 0.859 0.996 
 110   (0.069) 0.002 0.000 0.003 0.003 0.068 0.000 0.000 0.065 0.000 0.004 0.001 0.054 0.001 0.141 0.004 

Locus 189 : 222347_17 
2 alleles
3.9% missing data
 120   (0.955) 0.999 1.000 0.999 0.998 0.956 1.000 1.000 0.995 1.000 0.997 0.999 0.966 0.999 0.893 0.997 
 100   (0.045) 0.001 0.000 0.001 0.002 0.044 0.000 0.000 0.005 0.000 0.003 0.001 0.034 0.001 0.107 0.003 

Locus 190 : 222896_46 
2 alleles
0.6% missing data
 110   (0.955) 0.999 1.000 0.999 0.998 0.956 1.000 1.000 0.995 1.000 0.997 0.999 0.966 0.999 0.945 0.997 
 130   (0.045) 0.001 0.000 0.001 0.002 0.044 0.000 0.000 0.005 0.000 0.003 0.001 0.034 0.001 0.055 0.003 

Locus 191 : 223181_12 
2 alleles
3.4% missing data
 120   (0.950) 0.999 1.000 0.999 0.998 0.951 1.000 1.000 0.995 1.000 0.997 0.999 0.963 0.999 0.724 0.997 
 100   (0.050) 0.001 0.000 0.001 0.002 0.049 0.000 0.000 0.005 0.000 0.003 0.001 0.037 0.001 0.276 0.003 

Locus 192 : 224649_57 
2 alleles
5.1% missing data
 100   (0.958) 0.978 1.000 0.999 0.998 0.958 1.000 1.000 0.994 1.000 0.997 0.999 0.965 0.999 0.997 0.997 
 110   (0.042) 0.022 0.000 0.001 0.002 0.042 0.000 0.000 0.006 0.000 0.003 0.001 0.035 0.001 0.003 0.003 

Locus 193 : 226245_11 
2 alleles
5.1% missing data
 130   (0.954) 0.999 1.000 0.911 0.998 0.955 1.000 0.999 0.995 1.000 0.997 0.999 0.965 0.999 0.997 0.997 
 110   (0.046) 0.001 0.000 0.089 0.002 0.045 0.000 0.001 0.005 0.000 0.003 0.001 0.035 0.001 0.003 0.003 

Locus 194 : 226342_59 
2 alleles
6.2% missing data
 120   (0.925) 0.965 0.998 0.997 0.996 0.925 0.996 0.999 0.989 0.998 0.994 0.996 0.939 0.998 0.912 0.994 
 100   (0.075) 0.035 0.002 0.003 0.004 0.075 0.004 0.001 0.011 0.002 0.006 0.004 0.061 0.002 0.088 0.006 

Locus 195 : 228970_13 
2 alleles
3.9% missing data
 120   (0.960) 0.999 1.000 0.999 0.998 0.961 1.000 1.000 0.996 1.000 0.997 0.999 0.969 0.999 0.997 0.957 
 100   (0.040) 0.001 0.000 0.001 0.002 0.039 0.000 0.000 0.004 0.000 0.003 0.001 0.031 0.001 0.003 0.043 

Locus 196 : 229097_27 
2 alleles
5.1% missing data
 130   (0.951) 0.999 1.000 0.999 0.998 0.952 1.000 1.000 0.995 1.000 0.997 0.999 0.963 0.999 0.793 0.996 
 110   (0.049) 0.001 0.000 0.001 0.002 0.048 0.000 0.000 0.005 0.000 0.003 0.001 0.037 0.001 0.207 0.004 

Locus 197 : 229177_29 
2 alleles
7.3% missing data
 130   (0.951) 0.998 0.999 0.998 0.996 0.952 0.999 0.999 0.994 0.999 0.997 0.797 0.961 0.999 0.997 0.997 
 110   (0.049) 0.002 0.001 0.002 0.004 0.048 0.001 0.001 0.006 0.001 0.003 0.203 0.039 0.001 0.003 0.003 

Locus 198 : 229612_7 
2 alleles
6.2% missing data
 100   (0.957) 0.999 1.000 0.999 0.998 0.955 1.000 1.000 0.994 1.000 0.988 0.999 0.964 0.999 0.997 0.997 
 120   (0.043) 0.001 0.000 0.001 0.002 0.045 0.000 0.000 0.006 0.000 0.012 0.001 0.036 0.001 0.003 0.003 

Locus 199 : 229936_67 
2 alleles
3.9% missing data
 120   (0.957) 0.999 0.998 0.975 0.997 0.957 0.985 0.983 0.995 0.999 0.998 0.994 0.948 0.997 0.997 0.997 
 100   (0.043) 0.001 0.002 0.025 0.003 0.043 0.015 0.017 0.005 0.001 0.002 0.006 0.052 0.003 0.003 0.003 

Locus 200 : 232937_62 
2 alleles
2.2% missing data
 100   (0.958) 0.999 1.000 0.999 0.998 0.956 1.000 1.000 0.995 1.000 0.997 0.990 0.964 0.999 0.997 0.997 
 120   (0.042) 0.001 0.000 0.001 0.002 0.044 0.000 0.000 0.005 0.000 0.003 0.010 0.036 0.001 0.003 0.003 

Locus 201 : 233194_6 
2 alleles
2.8% missing data
 120   (0.930) 0.962 1.000 0.998 0.997 0.931 1.000 1.000 0.992 1.000 0.996 0.999 0.945 0.999 0.667 0.995 
 100   (0.070) 0.038 0.000 0.002 0.003 0.069 0.000 0.000 0.008 0.000 0.004 0.001 0.055 0.001 0.333 0.005 

Locus 202 : 234346_33 
2 alleles
4.5% missing data
 110   (0.955) 0.822 1.000 0.999 0.998 0.956 1.000 1.000 0.995 1.000 0.997 0.999 0.966 0.999 0.997 0.997 
 130   (0.045) 0.178 0.000 0.001 0.002 0.044 0.000 0.000 0.005 0.000 0.003 0.001 0.034 0.001 0.003 0.003 

Locus 203 : 235241_77 
2 alleles
2.2% missing data
 130   (0.952) 0.999 1.000 0.999 0.998 0.953 1.000 1.000 0.995 1.000 0.997 0.999 0.964 0.999 0.839 0.997 
 100   (0.048) 0.001 0.000 0.001 0.002 0.047 0.000 0.000 0.005 0.000 0.003 0.001 0.036 0.001 0.161 0.003 

Locus 204 : 236207_44 
2 alleles
6.2% missing data
 120   (0.899) 0.997 1.000 0.773 0.996 0.901 0.999 0.746 0.874 1.000 0.994 0.998 0.923 0.998 0.993 0.962 
 100   (0.101) 0.003 0.000 0.227 0.004 0.099 0.001 0.254 0.126 0.000 0.006 0.002 0.077 0.002 0.007 0.038 

Locus 205 : 236307_12 
2 alleles
1.7% missing data
 130   (0.953) 0.999 1.000 0.998 0.998 0.954 1.000 1.000 0.993 1.000 0.997 0.999 0.964 0.590 0.997 0.992 
 110   (0.047) 0.001 0.000 0.002 0.002 0.046 0.000 0.000 0.007 0.000 0.003 0.001 0.036 0.410 0.003 0.008 

Locus 206 : 236931_45 
2 alleles
6.7% missing data
 120   (0.888) 0.997 1.000 0.992 0.996 0.889 0.999 0.999 0.457 1.000 0.701 0.997 0.902 0.997 0.992 0.710 
 100   (0.112) 0.003 0.000 0.008 0.004 0.111 0.001 0.001 0.543 0.000 0.299 0.003 0.098 0.003 0.008 0.290 

Locus 207 : 236999_38 
2 alleles
2.8% missing data
 120   (0.956) 0.999 1.000 0.999 0.998 0.957 1.000 1.000 0.995 1.000 0.997 0.999 0.967 0.999 0.945 0.997 
 100   (0.044) 0.001 0.000 0.001 0.002 0.043 0.000 0.000 0.005 0.000 0.003 0.001 0.033 0.001 0.055 0.003 

Locus 208 : 240398_42 
2 alleles
3.9% missing data
 110   (0.848) 0.996 1.000 0.995 0.994 0.847 0.999 0.999 0.452 1.000 0.808 0.997 0.868 0.636 0.990 0.885 
 130   (0.152) 0.004 0.000 0.005 0.006 0.153 0.001 0.001 0.548 0.000 0.192 0.003 0.132 0.364 0.010 0.115 

Locus 209 : 240825_22 
2 alleles
6.2% missing data
 130   (0.955) 0.998 0.998 0.997 0.990 0.955 0.992 0.998 0.990 1.000 0.997 0.998 0.962 0.998 0.997 0.997 
 110   (0.045) 0.002 0.002 0.003 0.010 0.045 0.008 0.002 0.010 0.000 0.003 0.002 0.038 0.002 0.003 0.003 

Locus 210 : 244435_48 
2 alleles
1.7% missing data
 110   (0.957) 0.999 1.000 0.911 0.998 0.958 1.000 1.000 0.995 1.000 0.998 0.999 0.967 0.999 0.997 0.997 
 130   (0.043) 0.001 0.000 0.089 0.002 0.042 0.000 0.000 0.005 0.000 0.002 0.001 0.033 0.001 0.003 0.003 

Locus 211 : 245971_21 
2 alleles
5.1% missing data
 130   (0.956) 0.999 1.000 0.999 0.998 0.957 1.000 1.000 0.995 1.000 0.998 0.999 0.967 0.999 0.915 0.997 
 120   (0.044) 0.001 0.000 0.001 0.002 0.043 0.000 0.000 0.005 0.000 0.002 0.001 0.033 0.001 0.085 0.003 

Locus 212 : 246895_22 
2 alleles
3.4% missing data
 120   (0.958) 0.999 1.000 0.999 0.998 0.955 1.000 1.000 0.995 1.000 0.997 0.999 0.958 0.994 0.997 0.997 
 110   (0.042) 0.001 0.000 0.001 0.002 0.045 0.000 0.000 0.005 0.000 0.003 0.001 0.042 0.006 0.003 0.003 

Locus 213 : 248131_26 
2 alleles
7.9% missing data
 130   (0.944) 0.998 0.999 0.996 0.957 0.944 0.999 0.999 0.992 1.000 0.974 0.998 0.952 0.999 0.996 0.994 
 110   (0.056) 0.002 0.001 0.004 0.043 0.056 0.001 0.001 0.008 0.000 0.026 0.002 0.048 0.001 0.004 0.006 

Locus 214 : 250844_49 
2 alleles
7.3% missing data
 130   (0.958) 0.999 1.000 0.999 0.998 0.958 1.000 1.000 0.995 1.000 0.981 0.999 0.963 0.999 0.997 0.997 
 100   (0.042) 0.001 0.000 0.001 0.002 0.042 0.000 0.000 0.005 0.000 0.019 0.001 0.037 0.001 0.003 0.003 

Locus 215 : 251283_19 
2 alleles
5.6% missing data
 120   (0.955) 0.999 1.000 0.999 0.998 0.956 1.000 1.000 0.829 1.000 0.998 0.999 0.966 0.999 0.997 0.997 
 100   (0.045) 0.001 0.000 0.001 0.002 0.044 0.000 0.000 0.171 0.000 0.002 0.001 0.034 0.001 0.003 0.003 

Locus 216 : 251358_15 
2 alleles
8.4% missing data
 110   (0.932) 0.998 1.000 0.949 0.997 0.933 0.999 0.999 0.990 1.000 0.814 0.999 0.930 0.999 0.995 0.995 
 120   (0.068) 0.002 0.000 0.051 0.003 0.067 0.001 0.001 0.010 0.000 0.186 0.001 0.070 0.001 0.005 0.005 

Locus 217 : 251901_42 
2 alleles
2.2% missing data
 120   (0.958) 0.999 1.000 0.998 0.977 0.957 1.000 1.000 0.995 1.000 0.997 0.999 0.965 0.999 0.997 0.997 
 100   (0.042) 0.001 0.000 0.002 0.023 0.043 0.000 0.000 0.005 0.000 0.003 0.001 0.035 0.001 0.003 0.003 

Locus 218 : 252158_43 
2 alleles
0.0% missing data
 120   (0.953) 0.999 1.000 0.999 0.998 0.954 1.000 1.000 0.995 1.000 0.997 0.999 0.964 0.999 0.919 0.997 
 100   (0.047) 0.001 0.000 0.001 0.002 0.046 0.000 0.000 0.005 0.000 0.003 0.001 0.036 0.001 0.081 0.003 

Locus 219 : 252988_16 
2 alleles
7.9% missing data
 110   (0.951) 0.999 1.000 0.998 0.733 0.952 0.999 1.000 0.993 1.000 0.995 0.999 0.961 0.998 0.996 0.997 
 100   (0.049) 0.001 0.000 0.002 0.267 0.048 0.001 0.000 0.007 0.000 0.005 0.001 0.039 0.002 0.004 0.003 

Locus 220 : 254425_88 
2 alleles
5.6% missing data
 130   (0.924) 0.884 1.000 0.998 0.997 0.926 1.000 0.999 0.992 1.000 0.995 0.997 0.943 0.999 0.774 0.995 
 110   (0.076) 0.116 0.000 0.002 0.003 0.074 0.000 0.001 0.008 0.000 0.005 0.003 0.057 0.001 0.226 0.005 

Locus 221 : 256337_57 
2 alleles
5.6% missing data
 110   (0.956) 0.999 1.000 0.999 0.998 0.957 1.000 1.000 0.930 1.000 0.997 0.999 0.966 0.999 0.997 0.997 
 130   (0.044) 0.001 0.000 0.001 0.002 0.043 0.000 0.000 0.070 0.000 0.003 0.001 0.034 0.001 0.003 0.003 

Locus 222 : 259058_15 
2 alleles
1.7% missing data
 120   (0.955) 0.876 1.000 0.999 0.998 0.956 1.000 1.000 0.995 1.000 0.997 0.999 0.966 0.999 0.997 0.997 
 100   (0.045) 0.124 0.000 0.001 0.002 0.044 0.000 0.000 0.005 0.000 0.003 0.001 0.034 0.001 0.003 0.003 

Locus 223 : 259869_81 
2 alleles
0.6% missing data
 120   (0.958) 0.942 1.000 0.999 0.999 0.959 1.000 1.000 0.995 1.000 0.998 0.999 0.969 0.999 0.997 0.997 
 130   (0.042) 0.058 0.000 0.001 0.001 0.041 0.000 0.000 0.005 0.000 0.002 0.001 0.031 0.001 0.003 0.003 

Locus 224 : 260700_55 
2 alleles
2.2% missing data
 130   (0.958) 0.999 1.000 0.999 0.995 0.958 1.000 1.000 0.994 1.000 0.997 0.975 0.966 0.999 0.997 0.997 
 110   (0.042) 0.001 0.000 0.001 0.005 0.042 0.000 0.000 0.006 0.000 0.003 0.025 0.034 0.001 0.003 0.003 

Locus 225 : 262223_11 
2 alleles
4.5% missing data
 130   (0.957) 0.999 1.000 0.999 0.998 0.958 1.000 1.000 0.995 1.000 0.998 0.864 0.968 0.999 0.997 0.997 
 100   (0.043) 0.001 0.000 0.001 0.002 0.042 0.000 0.000 0.005 0.000 0.002 0.136 0.032 0.001 0.003 0.003 

Locus 226 : 262346_48 
2 alleles
3.4% missing data
 130   (0.953) 0.999 1.000 0.999 0.998 0.953 1.000 1.000 0.408 1.000 0.997 0.999 0.964 0.999 0.997 0.997 
 110   (0.047) 0.001 0.000 0.001 0.002 0.047 0.000 0.000 0.592 0.000 0.003 0.001 0.036 0.001 0.003 0.003 

Locus 227 : 262620_18 
2 alleles
3.9% missing data
 110   (0.941) 0.998 0.998 0.993 0.997 0.939 0.994 0.994 0.991 0.999 0.995 0.998 0.936 0.990 0.995 0.995 
 130   (0.059) 0.002 0.002 0.007 0.003 0.061 0.006 0.006 0.009 0.001 0.005 0.002 0.064 0.010 0.005 0.005 

Locus 228 : 263002_42 
2 alleles
3.4% missing data
 120   (0.954) 0.999 1.000 0.999 0.998 0.955 1.000 1.000 0.995 1.000 0.841 0.999 0.960 0.999 0.997 0.997 
 100   (0.046) 0.001 0.000 0.001 0.002 0.045 0.000 0.000 0.005 0.000 0.159 0.001 0.040 0.001 0.003 0.003 

Locus 229 : 263813_70 
2 alleles
10.1% missing data
 130   (0.953) 0.937 1.000 0.999 0.998 0.954 1.000 1.000 0.994 1.000 0.997 0.999 0.964 0.999 0.996 0.997 
 110   (0.047) 0.063 0.000 0.001 0.002 0.046 0.000 0.000 0.006 0.000 0.003 0.001 0.036 0.001 0.004 0.003 

Locus 230 : 264184_13 
2 alleles
10.1% missing data
 110   (0.916) 0.998 1.000 0.854 0.841 0.916 1.000 0.999 0.945 1.000 0.995 0.998 0.934 0.999 0.993 0.994 
 130   (0.084) 0.002 0.000 0.146 0.159 0.084 0.000 0.001 0.055 0.000 0.005 0.002 0.066 0.001 0.007 0.006 

Values of parameters used in structure:
DATAFILE=C:\Users\jmahg\OneDrive\Desktop\Transfers\TrkNbr-1524n1282n1083_AllPops_Structure_p18_r080_LDnHWEx\project_data,	OUTFILE=C:\Users\jmahg\OneDrive\Desktop\Transfers\TrkNbr-1524n1282n1083_AllPops_Structure_p18_r080_LDnHWEx\BI50000_MCMC100000\Results\BI50000_MCMC100000_run_146,	NUMINDS=178,	NUMLOCI=230,	MISSING=0,	LABEL=1,	POPDATA=1,	POPFLAG=0,	PHENOTYPE=0,	EXTRACOLS=0,	MAXPOPS=15,	BURNIN=50000,	NUMREPS=100000,	USEPOPINFO=0,	INFERALPHA=1,	INFERLAMBDA=0,	POPSPECIFICLAMBDA=0,	POPALPHAS=0,	COMPUTEPROB=1,	NOADMIX=0,	ADMBURNIN=2500,	UPDATEFREQ=1,	PRINTLIKES=0,	INTERMEDSAVE=0,	PRINTKLD=0,	PRINTNET=0,	PRINTLAMBDA=0,	ANCESTDIST=0,	NUMBOXES=1000,	ANCESTPINT=0.90000,	GENSBACK=2,	MIGRPRIOR=0.05000,	PRINTQHAT=0,	PRINTQSUM=0,	ALPHA=1.0000,	FREQSCORR=1,	FPRIORMEAN=0.0100,	FPRIORSD=0.0500,	ONEFST=0,	LAMBDA=1.0000,	UNIFPRIORALPHA=1,	ALPHAMAX=10.0000,	ALPHAPRIORA=1.0000,	ALPHAPRIORB=2.0000,	ALPHAPROPSD=0.0250,	STARTATPOPINFO=0,	RANDOMIZE=1,	LINKAGE=0,	METROFREQ=10,	REPORTHITRATE=0,	MARKOVPHASE=-1,	PHASED=0,	PLOIDY=2,	PHASEINFO=0	LOCPRIOR=0, 	LOCPRIORINIT=1.000000, 	LOCDATA=0, 	LOCISPOP=0, 	LOCPRIORSTEP=0.100000, 	MAXLOCPRIOR=20.000000, 	SEED=1603008363,	
[STRAT parameters]:    NUMSIMSTATS=1000,	PHENOTYPECOL=-9,	POOLFREQ=10,	LOCUSxONLY=0,	EMERROR=0.00100,	MISSINGPHENO=-9,	