

----------------------------------------------------
STRUCTURE by Pritchard, Stephens and Donnelly (2000)
     and Falush, Stephens and Pritchard (2003)
       Code by Pritchard, Falush and Hubisz
             Version 2.3.4 (Jul 2012)
----------------------------------------------------



Command line arguments:   bin\structure -m C:\Users\jmahg\OneDrive\Desktop\Transfers\TrkNbr-1524n1282n1083_AllPops_Structure_p18_r080_LDnHWEx\BI50000_MCMC100000\mainparams -e C:\Users\jmahg\OneDrive\Desktop\Transfers\TrkNbr-1524n1282n1083_AllPops_Structure_p18_r080_LDnHWEx\BI50000_MCMC100000\extraparams 
Input File:    C:\Users\jmahg\OneDrive\Desktop\Transfers\TrkNbr-1524n1282n1083_AllPops_Structure_p18_r080_LDnHWEx\project_data

Run parameters:
   178 individuals
   230 loci
   14 populations assumed
   50000 Burn-in period
   100000 Reps


--------------------------------------------
Proportion of membership of each pre-defined
 population in each of the 14 clusters

Given    Inferred Clusters                                                                                    Number of
 Pop       1      2      3      4      5      6      7      8      9     10     11     12     13     14      Individuals

  1:     0.016  0.004  0.008  0.028  0.009  0.037  0.807  0.009  0.002  0.011  0.019  0.007  0.025  0.017       10
  2:     0.006  0.014  0.008  0.088  0.038  0.109  0.049  0.026  0.002  0.017  0.551  0.007  0.007  0.079        8
  3:     0.005  0.003  0.010  0.136  0.023  0.149  0.017  0.011  0.002  0.591  0.020  0.009  0.007  0.017       10
  4:     0.022  0.008  0.012  0.114  0.457  0.134  0.029  0.006  0.003  0.030  0.131  0.014  0.021  0.019       10
  5:     0.004  0.003  0.018  0.015  0.005  0.014  0.007  0.003  0.895  0.009  0.008  0.010  0.004  0.004       10
  6:     0.006  0.004  0.014  0.192  0.010  0.215  0.031  0.003  0.003  0.456  0.029  0.012  0.010  0.016       10
  7:     0.004  0.004  0.009  0.087  0.012  0.095  0.687  0.004  0.002  0.016  0.019  0.010  0.004  0.048       10
  8:     0.061  0.017  0.011  0.084  0.058  0.084  0.099  0.038  0.002  0.048  0.333  0.011  0.083  0.071       10
  9:     0.005  0.003  0.012  0.342  0.010  0.361  0.116  0.002  0.002  0.035  0.035  0.013  0.006  0.058       10
 10:     0.006  0.004  0.018  0.466  0.011  0.288  0.025  0.004  0.003  0.098  0.039  0.016  0.008  0.015       10
 11:     0.014  0.008  0.007  0.094  0.016  0.110  0.022  0.026  0.002  0.019  0.043  0.008  0.601  0.027       10
 12:     0.108  0.005  0.010  0.052  0.017  0.047  0.020  0.004  0.002  0.019  0.074  0.009  0.624  0.009       10
 13:     0.861  0.007  0.007  0.023  0.009  0.021  0.015  0.008  0.002  0.011  0.011  0.007  0.009  0.008       10
 14:     0.005  0.003  0.016  0.053  0.008  0.067  0.011  0.003  0.011  0.022  0.013  0.774  0.006  0.009       10
 15:     0.005  0.003  0.754  0.033  0.007  0.040  0.011  0.003  0.004  0.029  0.011  0.088  0.005  0.007       10
 16:     0.008  0.014  0.010  0.093  0.526  0.071  0.038  0.023  0.002  0.042  0.065  0.010  0.011  0.086       10
 17:     0.022  0.548  0.010  0.066  0.034  0.068  0.034  0.006  0.003  0.020  0.081  0.010  0.077  0.023       10
 18:     0.005  0.003  0.011  0.025  0.007  0.025  0.011  0.003  0.864  0.014  0.011  0.010  0.006  0.006       10
--------------------------------------------

Allele-freq. divergence among pops (Net nucleotide distance),
computed using point estimates of P.

      1       2       3       4       5       6       7       8       9      10      11      12      13      14      
 1      -    0.0099  0.0073  0.0046  0.0074  0.0044  0.0061  0.0046  0.0112  0.0053  0.0062  0.0067  0.0043  0.0042  
 2   0.0099     -    0.0110  0.0083  0.0106  0.0082  0.0094  0.0070  0.0146  0.0090  0.0064  0.0104  0.0076  0.0067  
 3   0.0073  0.0110     -    0.0030  0.0061  0.0029  0.0049  0.0051  0.0069  0.0037  0.0052  0.0050  0.0053  0.0040  
 4   0.0046  0.0083  0.0030     -    0.0033  0.0000  0.0017  0.0035  0.0071  0.0009  0.0023  0.0024  0.0025  0.0021  
 5   0.0074  0.0106  0.0061  0.0033     -    0.0032  0.0049  0.0046  0.0101  0.0037  0.0052  0.0055  0.0050  0.0037  
 6   0.0044  0.0082  0.0029  0.0000  0.0032     -    0.0016  0.0032  0.0069  0.0008  0.0022  0.0023  0.0024  0.0019  
 7   0.0061  0.0094  0.0049  0.0017  0.0049  0.0016     -    0.0041  0.0089  0.0028  0.0037  0.0043  0.0037  0.0026  
 8   0.0046  0.0070  0.0051  0.0035  0.0046  0.0032  0.0041     -    0.0062  0.0037  0.0041  0.0047  0.0031  0.0002  
 9   0.0112  0.0146  0.0069  0.0071  0.0101  0.0069  0.0089  0.0062     -    0.0075  0.0092  0.0085  0.0092  0.0058  
10   0.0053  0.0090  0.0037  0.0009  0.0037  0.0008  0.0028  0.0037  0.0075     -    0.0031  0.0031  0.0032  0.0025  
11   0.0062  0.0064  0.0052  0.0023  0.0052  0.0022  0.0037  0.0041  0.0092  0.0031     -    0.0046  0.0038  0.0031  
12   0.0067  0.0104  0.0050  0.0024  0.0055  0.0023  0.0043  0.0047  0.0085  0.0031  0.0046     -    0.0047  0.0036  
13   0.0043  0.0076  0.0053  0.0025  0.0050  0.0024  0.0037  0.0031  0.0092  0.0032  0.0038  0.0047     -    0.0025  
14   0.0042  0.0067  0.0040  0.0021  0.0037  0.0019  0.0026  0.0002  0.0058  0.0025  0.0031  0.0036  0.0025     -    

Average distances (expected heterozygosity) between individuals in same cluster:
cluster  1  : 0.0379 
cluster  2  : 0.0447 
cluster  3  : 0.0187 
cluster  4  : 0.0022 
cluster  5  : 0.0229 
cluster  6  : 0.0057 
cluster  7  : 0.0132 
cluster  8  : 0.1054 
cluster  9  : 0.0660 
cluster 10  : 0.0128 
cluster 11  : 0.0122 
cluster 12  : 0.0201 
cluster 13  : 0.0310 
cluster 14  : 0.0831 

--------------------------------------------
Estimated Ln Prob of Data   = -3803.9
Mean value of ln likelihood = -3234.0
Variance of ln likelihood   = 1139.8
Mean value of alpha         = 0.0341

Mean value of Fst_1         = 0.4616
Mean value of Fst_2         = 0.4424
Mean value of Fst_3         = 0.7024
Mean value of Fst_4         = 0.9334
Mean value of Fst_5         = 0.5883
Mean value of Fst_6         = 0.9281
Mean value of Fst_7         = 0.7177
Mean value of Fst_8         = 0.0433
Mean value of Fst_9         = 0.2971
Mean value of Fst_10         = 0.7211
Mean value of Fst_11         = 0.7824
Mean value of Fst_12         = 0.6780
Mean value of Fst_13         = 0.4816
Mean value of Fst_14         = 0.2170


Inferred ancestry of individuals:
        Label (%Miss) Pop:  Inferred clusters
  1 TGCP_WM1    (0)    1 :  0.006 0.005 0.007 0.041 0.012 0.048 0.800 0.009 0.002 0.016 0.015 0.009 0.010 0.019 
  2 TGCP_WM10    (1)    1 :  0.005 0.004 0.011 0.063 0.008 0.093 0.693 0.002 0.002 0.018 0.045 0.010 0.018 0.029 
  3 TGCP_WM2    (0)    1 :  0.006 0.005 0.009 0.024 0.008 0.052 0.761 0.039 0.002 0.015 0.015 0.007 0.010 0.047 
  4 TGCP_WM3    (1)    1 :  0.004 0.003 0.008 0.019 0.006 0.019 0.900 0.002 0.002 0.009 0.010 0.005 0.010 0.004 
  5 TGCP_WM4    (0)    1 :  0.004 0.003 0.008 0.021 0.009 0.017 0.808 0.006 0.002 0.007 0.011 0.006 0.092 0.006 
  6 TGCP_WM5    (0)    1 :  0.025 0.003 0.010 0.027 0.007 0.049 0.735 0.021 0.002 0.009 0.035 0.011 0.041 0.023 
  7 TGCP_WM6    (0)    1 :  0.024 0.003 0.005 0.015 0.009 0.012 0.882 0.003 0.002 0.010 0.006 0.005 0.020 0.004 
  8 TGCP_WM7    (0)    1 :  0.027 0.009 0.012 0.059 0.024 0.054 0.712 0.004 0.002 0.012 0.043 0.011 0.005 0.027 
  9 TGCP_WM8    (0)    1 :  0.059 0.003 0.005 0.007 0.004 0.014 0.833 0.004 0.002 0.007 0.009 0.004 0.043 0.006 
 10 TGCP_WM9    (0)    1 :  0.003 0.003 0.003 0.006 0.005 0.012 0.945 0.004 0.001 0.004 0.004 0.003 0.005 0.003 
 11 MRLP_WM123    (3)    2 :  0.008 0.006 0.010 0.023 0.020 0.022 0.008 0.111 0.002 0.009 0.610 0.006 0.011 0.155 
 12 MRLP_WM124    (4)    2 :  0.006 0.003 0.007 0.022 0.005 0.039 0.008 0.002 0.002 0.014 0.874 0.005 0.005 0.006 
 13 MRLP_WM125    (1)    2 :  0.007 0.056 0.005 0.024 0.005 0.021 0.027 0.078 0.003 0.006 0.665 0.007 0.010 0.088 
 14 MRLP_WM126    (2)    2 :  0.005 0.003 0.012 0.372 0.008 0.467 0.018 0.001 0.002 0.050 0.029 0.011 0.006 0.017 
 15 MRLP_WM127    (3)    2 :  0.007 0.029 0.013 0.206 0.023 0.230 0.249 0.006 0.002 0.018 0.053 0.011 0.007 0.146 
 16 MRLP_WM128    (3)    2 :  0.004 0.008 0.004 0.011 0.003 0.010 0.004 0.001 0.002 0.007 0.936 0.004 0.005 0.003 
 17 MRLP_WM129    (7)    2 :  0.004 0.005 0.006 0.018 0.228 0.024 0.028 0.004 0.002 0.017 0.538 0.006 0.008 0.110 
 18 MRLP_WM130    (5)    2 :  0.004 0.002 0.006 0.026 0.008 0.063 0.052 0.002 0.002 0.011 0.705 0.005 0.005 0.109 
 19 STT_WM183    (2)    3 :  0.006 0.004 0.011 0.030 0.005 0.038 0.014 0.085 0.002 0.700 0.010 0.009 0.024 0.061 
 20 STT_WM184    (3)    3 :  0.007 0.005 0.012 0.033 0.057 0.032 0.013 0.008 0.002 0.788 0.019 0.008 0.005 0.011 
 21 STT_WM185   (15)    3 :  0.005 0.004 0.017 0.367 0.011 0.391 0.046 0.002 0.002 0.055 0.051 0.015 0.006 0.028 
 22 STT_WM186   (13)    3 :  0.007 0.003 0.012 0.387 0.016 0.402 0.029 0.002 0.002 0.053 0.048 0.011 0.009 0.020 
 23 STT_WM187   (13)    3 :  0.007 0.003 0.006 0.021 0.004 0.026 0.007 0.002 0.002 0.895 0.007 0.009 0.004 0.006 
 24 STT_WM188    (3)    3 :  0.003 0.002 0.005 0.012 0.004 0.008 0.005 0.002 0.002 0.940 0.006 0.004 0.003 0.003 
 25 STT_WM189    (0)    3 :  0.004 0.003 0.011 0.385 0.007 0.469 0.022 0.001 0.002 0.044 0.025 0.010 0.006 0.012 
 26 STT_WM190   (11)    3 :  0.004 0.003 0.005 0.012 0.005 0.015 0.009 0.002 0.003 0.923 0.007 0.007 0.003 0.004 
 27 STT_WM191    (7)    3 :  0.005 0.003 0.013 0.101 0.010 0.102 0.021 0.002 0.002 0.688 0.021 0.010 0.007 0.014 
 28 STT_WM192   (12)    3 :  0.005 0.003 0.006 0.008 0.111 0.008 0.009 0.006 0.002 0.820 0.005 0.007 0.005 0.006 
 29 FSSP_WM241    (3)    4 :  0.041 0.014 0.018 0.155 0.191 0.150 0.060 0.007 0.003 0.035 0.271 0.016 0.022 0.017 
 30 FSSP_WM242   (15)    4 :  0.004 0.002 0.011 0.360 0.012 0.478 0.019 0.002 0.003 0.044 0.023 0.018 0.007 0.018 
 31 FSSP_WM243    (6)    4 :  0.006 0.003 0.005 0.010 0.922 0.007 0.006 0.009 0.002 0.006 0.006 0.005 0.004 0.009 
 32 FSSP_WM244    (5)    4 :  0.108 0.019 0.013 0.053 0.031 0.073 0.081 0.006 0.002 0.027 0.524 0.019 0.030 0.013 
 33 FSSP_WM245   (10)    4 :  0.006 0.004 0.019 0.207 0.349 0.242 0.024 0.003 0.003 0.052 0.033 0.014 0.008 0.036 
 34 FSSP_WM246    (6)    4 :  0.009 0.007 0.022 0.243 0.106 0.274 0.042 0.005 0.003 0.086 0.118 0.030 0.014 0.040 
 35 FSSP_WM247    (3)    4 :  0.021 0.006 0.005 0.014 0.871 0.016 0.015 0.007 0.003 0.008 0.010 0.006 0.011 0.007 
 36 FSSP_WM248    (9)    4 :  0.014 0.004 0.008 0.019 0.881 0.014 0.006 0.003 0.002 0.009 0.012 0.007 0.017 0.004 
 37 FSSP_WM249    (6)    4 :  0.007 0.003 0.009 0.036 0.808 0.035 0.014 0.004 0.003 0.014 0.013 0.009 0.035 0.010 
 38 FSSP_WM250    (2)    4 :  0.008 0.015 0.010 0.041 0.398 0.053 0.022 0.016 0.003 0.022 0.296 0.012 0.065 0.039 
 39 HNL_WM301    (3)    5 :  0.006 0.002 0.017 0.011 0.003 0.013 0.006 0.002 0.913 0.007 0.006 0.006 0.003 0.003 
 40 HNL_WM302    (2)    5 :  0.004 0.002 0.005 0.006 0.003 0.007 0.005 0.002 0.947 0.006 0.004 0.003 0.003 0.003 
 41 HNL_WM303    (2)    5 :  0.004 0.004 0.008 0.018 0.006 0.013 0.008 0.002 0.900 0.010 0.007 0.011 0.004 0.004 
 42 HNL_WM304    (3)    5 :  0.005 0.004 0.073 0.024 0.006 0.025 0.008 0.002 0.804 0.014 0.012 0.011 0.006 0.007 
 43 HNL_WM305    (3)    5 :  0.005 0.003 0.008 0.009 0.004 0.008 0.006 0.005 0.928 0.005 0.005 0.005 0.004 0.004 
 44 HNL_WM306    (0)    5 :  0.003 0.002 0.017 0.007 0.005 0.007 0.006 0.003 0.924 0.006 0.005 0.007 0.003 0.004 
 45 HNL_WM307    (3)    5 :  0.004 0.003 0.007 0.014 0.005 0.011 0.006 0.002 0.916 0.007 0.009 0.007 0.004 0.003 
 46 HNL_WM308    (3)    5 :  0.004 0.002 0.023 0.014 0.005 0.013 0.008 0.002 0.893 0.008 0.008 0.011 0.004 0.003 
 47 HNL_WM309    (0)    5 :  0.005 0.004 0.011 0.021 0.008 0.023 0.009 0.006 0.845 0.016 0.011 0.025 0.006 0.010 
 48 HNL_WM310   (10)    5 :  0.004 0.003 0.015 0.020 0.006 0.023 0.012 0.002 0.876 0.011 0.009 0.009 0.005 0.003 
 49 MPO_WM482    (2)    6 :  0.004 0.002 0.009 0.013 0.006 0.017 0.007 0.002 0.003 0.916 0.007 0.005 0.004 0.005 
 50 MPO_WM483    (3)    6 :  0.006 0.004 0.018 0.171 0.016 0.200 0.023 0.004 0.003 0.469 0.038 0.019 0.006 0.023 
 51 MPO_WM484    (1)    6 :  0.004 0.003 0.011 0.096 0.009 0.144 0.019 0.002 0.002 0.658 0.021 0.012 0.005 0.014 
 52 MPO_WM485    (0)    6 :  0.004 0.004 0.007 0.037 0.018 0.034 0.009 0.005 0.002 0.824 0.019 0.008 0.004 0.025 
 53 MPO_WM486   (21)    6 :  0.009 0.005 0.014 0.334 0.019 0.399 0.070 0.002 0.002 0.058 0.043 0.017 0.008 0.020 
 54 MPO_WM487   (19)    6 :  0.007 0.004 0.024 0.114 0.011 0.113 0.026 0.003 0.003 0.633 0.020 0.013 0.011 0.018 
 55 MPO_WM488    (9)    6 :  0.005 0.003 0.017 0.391 0.006 0.413 0.023 0.002 0.002 0.085 0.024 0.011 0.006 0.014 
 56 MPO_WM489    (3)    6 :  0.004 0.009 0.009 0.011 0.004 0.024 0.077 0.003 0.003 0.794 0.015 0.007 0.033 0.005 
 57 MPO_WM490   (24)    6 :  0.007 0.005 0.018 0.346 0.007 0.426 0.027 0.002 0.003 0.078 0.041 0.012 0.010 0.018 
 58 MPO_WM491   (11)    6 :  0.005 0.003 0.015 0.408 0.008 0.381 0.025 0.002 0.002 0.050 0.062 0.015 0.008 0.017 
 59 OICP_WM541    (1)    7 :  0.004 0.003 0.005 0.020 0.007 0.024 0.887 0.001 0.002 0.015 0.011 0.006 0.005 0.011 
 60 OICP_WM542    (2)    7 :  0.004 0.003 0.007 0.028 0.005 0.026 0.885 0.001 0.002 0.009 0.013 0.006 0.004 0.008 
 61 OICP_WM543    (0)    7 :  0.004 0.003 0.007 0.034 0.005 0.031 0.877 0.002 0.002 0.011 0.007 0.006 0.003 0.009 
 62 OICP_WM544    (1)    7 :  0.005 0.008 0.025 0.148 0.060 0.128 0.302 0.029 0.002 0.031 0.017 0.032 0.004 0.208 
 63 OICP_WM545    (0)    7 :  0.004 0.003 0.010 0.049 0.006 0.062 0.803 0.002 0.002 0.015 0.020 0.008 0.005 0.011 
 64 OICP_WM546    (3)    7 :  0.004 0.003 0.007 0.270 0.008 0.293 0.243 0.002 0.002 0.019 0.044 0.010 0.005 0.089 
 65 OICP_WM547    (2)    7 :  0.005 0.003 0.009 0.267 0.010 0.291 0.197 0.002 0.002 0.026 0.052 0.008 0.005 0.122 
 66 OICP_WM548    (3)    7 :  0.004 0.003 0.005 0.020 0.007 0.036 0.892 0.001 0.002 0.009 0.007 0.005 0.005 0.005 
 67 OICP_WM549    (0)    7 :  0.004 0.003 0.006 0.017 0.004 0.013 0.917 0.002 0.002 0.011 0.006 0.005 0.004 0.006 
 68 OICP_WM550    (1)    7 :  0.005 0.003 0.006 0.022 0.007 0.042 0.865 0.001 0.002 0.011 0.013 0.009 0.004 0.010 
 69 IRO_WM601    (2)    8 :  0.065 0.006 0.007 0.066 0.050 0.090 0.374 0.006 0.002 0.023 0.059 0.007 0.168 0.075 
 70 IRO_WM602    (1)    8 :  0.009 0.005 0.014 0.203 0.016 0.201 0.195 0.008 0.002 0.032 0.170 0.012 0.012 0.121 
 71 IRO_WM603    (2)    8 :  0.357 0.005 0.009 0.038 0.043 0.037 0.022 0.026 0.002 0.011 0.029 0.007 0.374 0.042 
 72 IRO_WM604    (0)    8 :  0.012 0.008 0.004 0.010 0.006 0.010 0.006 0.130 0.002 0.007 0.715 0.006 0.008 0.076 
 73 IRO_WM605    (3)    8 :  0.005 0.017 0.006 0.009 0.004 0.016 0.097 0.002 0.002 0.015 0.744 0.007 0.068 0.006 
 74 IRO_WM606    (3)    8 :  0.008 0.033 0.007 0.031 0.016 0.058 0.013 0.005 0.002 0.038 0.743 0.010 0.011 0.025 
 75 IRO_WM607    (2)    8 :  0.006 0.016 0.011 0.098 0.152 0.071 0.030 0.014 0.002 0.037 0.419 0.018 0.043 0.082 
 76 IRO_WM608    (0)    8 :  0.030 0.012 0.009 0.141 0.058 0.120 0.170 0.099 0.002 0.021 0.067 0.009 0.080 0.182 
 77 IRO_WM609    (0)    8 :  0.052 0.018 0.020 0.160 0.018 0.113 0.061 0.075 0.002 0.030 0.313 0.016 0.051 0.070 
 78 IRO_WM610   (13)    8 :  0.067 0.049 0.022 0.088 0.221 0.126 0.018 0.013 0.002 0.269 0.068 0.016 0.011 0.029 
 79 HGRF_WM661    (5)    9 :  0.005 0.002 0.007 0.292 0.007 0.255 0.231 0.001 0.002 0.028 0.034 0.008 0.005 0.124 
 80 HGRF_WM662    (5)    9 :  0.004 0.003 0.009 0.397 0.010 0.427 0.025 0.002 0.002 0.049 0.028 0.022 0.007 0.017 
 81 HGRF_WM663    (4)    9 :  0.005 0.003 0.011 0.299 0.007 0.279 0.223 0.002 0.002 0.020 0.033 0.009 0.005 0.101 
 82 HGRF_WM664    (3)    9 :  0.005 0.003 0.012 0.408 0.008 0.405 0.053 0.002 0.002 0.030 0.026 0.012 0.007 0.027 
 83 HGRF_WM665    (1)    9 :  0.007 0.005 0.013 0.242 0.016 0.179 0.257 0.008 0.002 0.037 0.069 0.011 0.008 0.145 
 84 HGRF_WM666    (5)    9 :  0.005 0.003 0.017 0.347 0.009 0.472 0.027 0.001 0.002 0.041 0.028 0.023 0.006 0.020 
 85 HGRF_WM667    (0)    9 :  0.005 0.002 0.011 0.371 0.011 0.463 0.024 0.002 0.002 0.042 0.028 0.013 0.006 0.020 
 86 HGRF_WM668    (4)    9 :  0.005 0.003 0.008 0.307 0.012 0.281 0.216 0.002 0.002 0.019 0.042 0.010 0.006 0.088 
 87 HGRF_WM669    (5)    9 :  0.005 0.003 0.015 0.413 0.006 0.437 0.020 0.001 0.002 0.050 0.020 0.012 0.005 0.011 
 88 HGRF_WM670    (9)    9 :  0.007 0.003 0.013 0.344 0.010 0.412 0.088 0.002 0.002 0.035 0.037 0.013 0.008 0.026 
 89 PTP_WM721    (2)   10 :  0.008 0.009 0.044 0.344 0.019 0.334 0.028 0.011 0.005 0.084 0.054 0.028 0.015 0.017 
 90 PTP_WM722    (2)   10 :  0.008 0.005 0.012 0.624 0.012 0.069 0.013 0.010 0.003 0.176 0.031 0.009 0.008 0.019 
 91 PTP_WM723   (25)   10 :  0.006 0.004 0.014 0.383 0.009 0.363 0.047 0.002 0.002 0.068 0.058 0.021 0.009 0.016 
 92 PTP_WM724   (13)   10 :  0.005 0.004 0.013 0.368 0.007 0.416 0.027 0.002 0.002 0.068 0.027 0.026 0.011 0.023 
 93 PTP_WM725   (25)   10 :  0.007 0.004 0.047 0.348 0.020 0.406 0.029 0.002 0.003 0.064 0.025 0.015 0.009 0.022 
 94 PTP_WM726   (13)   10 :  0.007 0.004 0.010 0.377 0.009 0.418 0.038 0.002 0.003 0.057 0.038 0.015 0.009 0.013 
 95 PTP_WM727   (10)   10 :  0.005 0.004 0.020 0.396 0.008 0.375 0.024 0.002 0.002 0.055 0.074 0.011 0.008 0.015 
 96 PTP_WM728    (8)   10 :  0.004 0.003 0.010 0.427 0.008 0.424 0.024 0.002 0.002 0.038 0.023 0.015 0.005 0.015 
 97 PTP_WM729    (9)   10 :  0.004 0.004 0.006 0.692 0.009 0.059 0.008 0.002 0.002 0.155 0.032 0.013 0.006 0.008 
 98 PTP_WM730    (8)   10 :  0.004 0.003 0.005 0.700 0.010 0.017 0.009 0.002 0.002 0.210 0.026 0.006 0.004 0.002 
 99 RRL_WM782    (9)   11 :  0.005 0.003 0.013 0.383 0.008 0.435 0.022 0.001 0.002 0.054 0.033 0.014 0.009 0.017 
100 RRL_WM783    (8)   11 :  0.026 0.004 0.007 0.012 0.011 0.017 0.015 0.003 0.002 0.011 0.013 0.007 0.866 0.004 
101 RRL_WM784    (1)   11 :  0.034 0.009 0.006 0.032 0.006 0.032 0.011 0.004 0.002 0.016 0.022 0.010 0.807 0.009 
102 RRL_WM785    (1)   11 :  0.004 0.002 0.011 0.372 0.008 0.468 0.026 0.001 0.002 0.046 0.025 0.014 0.005 0.015 
103 RRL_WM786    (2)   11 :  0.006 0.018 0.004 0.007 0.020 0.009 0.006 0.005 0.002 0.005 0.064 0.005 0.843 0.005 
104 RRL_WM787    (3)   11 :  0.013 0.011 0.007 0.035 0.024 0.029 0.085 0.010 0.002 0.008 0.030 0.006 0.698 0.043 
105 RRL_WM788    (0)   11 :  0.011 0.004 0.005 0.004 0.009 0.013 0.006 0.137 0.002 0.006 0.006 0.005 0.723 0.069 
106 RRL_WM789    (2)   11 :  0.025 0.004 0.004 0.008 0.004 0.008 0.008 0.003 0.002 0.007 0.008 0.003 0.914 0.003 
107 RRL_WM790    (0)   11 :  0.008 0.024 0.008 0.039 0.006 0.023 0.010 0.088 0.002 0.018 0.200 0.008 0.479 0.089 
108 RRL_WM791    (0)   11 :  0.005 0.005 0.008 0.049 0.067 0.067 0.031 0.013 0.002 0.021 0.032 0.011 0.670 0.019 
109 RRO_WM842    (0)   12 :  0.011 0.009 0.009 0.014 0.016 0.018 0.012 0.003 0.003 0.013 0.071 0.006 0.810 0.007 
110 RRO_WM843    (7)   12 :  0.390 0.005 0.008 0.022 0.007 0.017 0.012 0.009 0.003 0.012 0.045 0.007 0.455 0.009 
111 RRO_WM844    (2)   12 :  0.372 0.005 0.006 0.072 0.008 0.057 0.015 0.003 0.002 0.013 0.384 0.011 0.034 0.018 
112 RRO_WM845    (4)   12 :  0.083 0.003 0.005 0.015 0.005 0.012 0.009 0.002 0.002 0.008 0.006 0.005 0.843 0.003 
113 RRO_WM846   (10)   12 :  0.021 0.006 0.012 0.055 0.013 0.051 0.013 0.003 0.002 0.023 0.015 0.012 0.766 0.008 
114 RRO_WM847    (6)   12 :  0.086 0.008 0.007 0.023 0.006 0.026 0.014 0.004 0.002 0.015 0.136 0.008 0.656 0.007 
115 RRO_WM848    (4)   12 :  0.032 0.005 0.021 0.137 0.093 0.123 0.039 0.009 0.003 0.047 0.028 0.016 0.430 0.018 
116 RRO_WM849    (5)   12 :  0.021 0.004 0.007 0.036 0.007 0.030 0.052 0.002 0.002 0.013 0.013 0.008 0.801 0.003 
117 RRO_WM850    (2)   12 :  0.006 0.005 0.009 0.024 0.008 0.028 0.014 0.003 0.002 0.015 0.019 0.007 0.855 0.005 
118 RRO_WM851    (1)   12 :  0.056 0.003 0.016 0.119 0.010 0.106 0.019 0.002 0.002 0.028 0.028 0.015 0.587 0.008 
119 CPS_WM901    (2)   13 :  0.899 0.005 0.006 0.009 0.008 0.013 0.007 0.003 0.002 0.005 0.014 0.006 0.019 0.004 
120 CPS_WM902    (2)   13 :  0.872 0.011 0.005 0.012 0.005 0.012 0.053 0.002 0.002 0.005 0.005 0.004 0.008 0.004 
121 CPS_WM903    (5)   13 :  0.917 0.008 0.005 0.011 0.004 0.009 0.006 0.002 0.002 0.006 0.012 0.004 0.012 0.003 
122 CPS_WM904    (1)   13 :  0.871 0.016 0.007 0.012 0.009 0.012 0.006 0.020 0.002 0.008 0.008 0.005 0.009 0.016 
123 CPS_WM905    (2)   13 :  0.852 0.007 0.004 0.006 0.022 0.008 0.005 0.035 0.002 0.016 0.007 0.004 0.008 0.022 
124 CPS_WM906    (3)   13 :  0.891 0.002 0.006 0.018 0.006 0.028 0.009 0.002 0.002 0.010 0.010 0.007 0.005 0.003 
125 CPS_WM907    (6)   13 :  0.786 0.003 0.014 0.068 0.008 0.050 0.021 0.002 0.002 0.013 0.011 0.009 0.007 0.006 
126 CPS_WM908    (3)   13 :  0.776 0.007 0.012 0.050 0.012 0.041 0.020 0.006 0.003 0.025 0.014 0.012 0.014 0.008 
127 CPS_WM909    (2)   13 :  0.845 0.004 0.008 0.033 0.009 0.029 0.018 0.002 0.003 0.011 0.018 0.008 0.005 0.007 
128 CPS_WM910    (1)   13 :  0.907 0.002 0.008 0.015 0.006 0.013 0.009 0.007 0.002 0.007 0.007 0.006 0.005 0.006 
129 PPNP_WM962    (1)   14 :  0.003 0.003 0.026 0.011 0.004 0.009 0.005 0.004 0.023 0.006 0.006 0.894 0.003 0.005 
130 PPNP_WM963    (0)   14 :  0.005 0.003 0.008 0.052 0.007 0.037 0.013 0.004 0.014 0.020 0.016 0.809 0.006 0.008 
131 PPNP_WM964    (0)   14 :  0.005 0.003 0.007 0.013 0.004 0.013 0.004 0.006 0.035 0.007 0.005 0.889 0.004 0.006 
132 PPNP_WM965    (4)   14 :  0.006 0.003 0.008 0.030 0.005 0.029 0.012 0.002 0.002 0.010 0.009 0.869 0.009 0.005 
133 PPNP_WM966    (4)   14 :  0.004 0.002 0.004 0.005 0.003 0.010 0.005 0.002 0.002 0.005 0.003 0.950 0.003 0.003 
134 PPNP_WM967    (4)   14 :  0.005 0.006 0.010 0.064 0.007 0.067 0.012 0.002 0.002 0.021 0.011 0.778 0.006 0.009 
135 PPNP_WM968    (5)   14 :  0.007 0.005 0.025 0.225 0.025 0.321 0.020 0.005 0.015 0.098 0.036 0.186 0.010 0.023 
136 PPNP_WM969    (2)   14 :  0.005 0.002 0.008 0.025 0.006 0.050 0.009 0.002 0.002 0.012 0.007 0.860 0.005 0.005 
137 PPNP_WM970    (2)   14 :  0.006 0.003 0.041 0.052 0.009 0.079 0.021 0.002 0.006 0.023 0.019 0.713 0.007 0.019 
138 PPNP_WM971    (2)   14 :  0.007 0.003 0.026 0.051 0.006 0.060 0.011 0.002 0.005 0.017 0.016 0.788 0.005 0.006 
139 FPPI_WM1021    (4)   15 :  0.004 0.004 0.870 0.021 0.007 0.027 0.010 0.005 0.003 0.013 0.012 0.008 0.006 0.009 
140 FPPI_WM1022    (4)   15 :  0.005 0.002 0.700 0.031 0.010 0.036 0.011 0.002 0.012 0.164 0.007 0.010 0.004 0.005 
141 FPPI_WM1023    (1)   15 :  0.004 0.002 0.854 0.034 0.007 0.032 0.011 0.002 0.004 0.009 0.013 0.018 0.005 0.005 
142 FPPI_WM1024    (5)   15 :  0.006 0.003 0.206 0.064 0.005 0.073 0.015 0.002 0.002 0.030 0.014 0.560 0.005 0.013 
143 FPPI_WM1025    (6)   15 :  0.005 0.003 0.825 0.032 0.008 0.049 0.022 0.002 0.003 0.016 0.011 0.008 0.008 0.007 
144 FPPI_WM1026    (1)   15 :  0.003 0.003 0.939 0.010 0.004 0.011 0.005 0.002 0.002 0.005 0.007 0.005 0.003 0.002 
145 FPPI_WM1027    (3)   15 :  0.003 0.002 0.699 0.007 0.005 0.009 0.006 0.002 0.002 0.007 0.006 0.246 0.004 0.003 
146 FPPI_WM1028    (2)   15 :  0.004 0.002 0.921 0.017 0.006 0.012 0.007 0.001 0.003 0.007 0.008 0.005 0.003 0.003 
147 FPPI_WM1029    (3)   15 :  0.007 0.004 0.633 0.101 0.008 0.132 0.021 0.002 0.007 0.035 0.021 0.012 0.005 0.012 
148 FPPI_WM1030    (1)   15 :  0.005 0.003 0.895 0.013 0.006 0.015 0.006 0.011 0.005 0.010 0.007 0.008 0.005 0.012 
149 CRWA_WM1082    (2)   16 :  0.003 0.002 0.004 0.009 0.944 0.006 0.005 0.001 0.001 0.005 0.005 0.004 0.004 0.006 
150 CRWA_WM1084    (5)   16 :  0.005 0.007 0.008 0.136 0.484 0.048 0.085 0.003 0.002 0.011 0.051 0.007 0.006 0.147 
151 CRWA_WM1085    (2)   16 :  0.006 0.007 0.010 0.079 0.618 0.074 0.021 0.002 0.002 0.019 0.031 0.009 0.008 0.113 
152 CRWA_WM1086    (9)   16 :  0.007 0.006 0.017 0.164 0.197 0.136 0.022 0.007 0.002 0.192 0.054 0.015 0.046 0.136 
153 CRWA_WM1087    (0)   16 :  0.028 0.023 0.012 0.077 0.595 0.072 0.008 0.070 0.003 0.019 0.015 0.012 0.005 0.062 
154 CRWA_WM1088    (1)   16 :  0.007 0.025 0.008 0.202 0.140 0.101 0.102 0.024 0.003 0.102 0.073 0.010 0.007 0.198 
155 CRWA_WM1089    (3)   16 :  0.006 0.004 0.011 0.066 0.723 0.072 0.035 0.002 0.002 0.027 0.017 0.011 0.006 0.018 
156 CRWA_WM1090    (0)   16 :  0.006 0.044 0.013 0.078 0.257 0.104 0.014 0.006 0.003 0.020 0.370 0.014 0.021 0.051 
157 CRWA_WM1092    (1)   16 :  0.006 0.015 0.010 0.077 0.620 0.054 0.018 0.079 0.002 0.012 0.013 0.010 0.007 0.077 
158 CRWA_WM1093    (1)   16 :  0.005 0.005 0.009 0.040 0.683 0.040 0.070 0.041 0.002 0.016 0.021 0.006 0.006 0.056 
159 PCRA_WM1141    (3)   17 :  0.009 0.533 0.009 0.042 0.061 0.051 0.013 0.003 0.002 0.018 0.222 0.011 0.012 0.014 
160 PCRA_WM1142    (3)   17 :  0.008 0.669 0.017 0.073 0.016 0.092 0.028 0.002 0.002 0.017 0.043 0.014 0.008 0.010 
161 PCRA_WM1143    (1)   17 :  0.007 0.480 0.013 0.128 0.011 0.155 0.032 0.002 0.002 0.045 0.091 0.018 0.009 0.007 
162 PCRA_WM1144    (2)   17 :  0.018 0.012 0.012 0.059 0.010 0.053 0.103 0.002 0.002 0.025 0.019 0.010 0.665 0.008 
163 PCRA_WM1145    (4)   17 :  0.041 0.370 0.016 0.131 0.029 0.154 0.052 0.005 0.003 0.034 0.117 0.013 0.016 0.018 
164 PCRA_WM1146    (2)   17 :  0.008 0.777 0.004 0.011 0.077 0.011 0.034 0.009 0.002 0.016 0.017 0.006 0.015 0.012 
165 PCRA_WM1147    (1)   17 :  0.005 0.139 0.010 0.174 0.104 0.130 0.019 0.002 0.002 0.021 0.248 0.015 0.010 0.121 
166 PCRA_WM1148    (0)   17 :  0.007 0.889 0.005 0.009 0.005 0.011 0.006 0.010 0.002 0.008 0.028 0.004 0.006 0.010 
167 PCRA_WM1149    (1)   17 :  0.107 0.763 0.006 0.015 0.010 0.013 0.026 0.013 0.002 0.008 0.007 0.007 0.014 0.009 
168 PCRA_WM1150    (0)   17 :  0.008 0.849 0.005 0.012 0.012 0.010 0.031 0.011 0.006 0.007 0.014 0.005 0.014 0.016 
169 DHFA_WM1202    (3)   18 :  0.008 0.004 0.025 0.048 0.011 0.060 0.029 0.004 0.727 0.036 0.019 0.012 0.009 0.007 
170 DHFA_WM1203    (1)   18 :  0.005 0.005 0.024 0.052 0.010 0.052 0.016 0.003 0.748 0.020 0.018 0.030 0.008 0.008 
171 DHFA_WM1204    (2)   18 :  0.006 0.004 0.018 0.058 0.012 0.043 0.014 0.003 0.769 0.022 0.019 0.011 0.009 0.012 
172 DHFA_WM1205    (5)   18 :  0.003 0.003 0.006 0.011 0.004 0.009 0.005 0.003 0.932 0.008 0.006 0.004 0.004 0.003 
173 DHFA_WM1206    (4)   18 :  0.005 0.003 0.007 0.013 0.005 0.012 0.007 0.002 0.911 0.008 0.008 0.005 0.005 0.007 
174 DHFA_WM1207    (2)   18 :  0.003 0.002 0.003 0.005 0.003 0.007 0.005 0.002 0.950 0.005 0.004 0.004 0.003 0.004 
175 DHFA_WM1208    (3)   18 :  0.004 0.003 0.007 0.010 0.005 0.011 0.006 0.003 0.921 0.008 0.006 0.007 0.004 0.004 
176 DHFA_WM1209    (1)   18 :  0.004 0.003 0.008 0.008 0.004 0.006 0.005 0.006 0.930 0.006 0.005 0.003 0.004 0.007 
177 DHFA_WM1210    (0)   18 :  0.002 0.002 0.002 0.003 0.002 0.003 0.003 0.005 0.964 0.004 0.002 0.002 0.002 0.003 
178 DHFA_WM1211    (2)   18 :  0.007 0.005 0.013 0.046 0.010 0.048 0.017 0.002 0.782 0.024 0.018 0.015 0.008 0.006 


Estimated Allele Frequencies in each cluster
First column gives estimated ancestral frequencies


Locus 1 : 953_21 
2 alleles
4.5% missing data
 120   (0.954) 0.998 0.996 0.814 1.000 0.999 0.999 1.000 0.959 0.997 0.999 1.000 0.999 0.998 0.967 
 100   (0.046) 0.002 0.004 0.186 0.000 0.001 0.001 0.000 0.041 0.003 0.001 0.000 0.001 0.002 0.033 

Locus 2 : 2370_26 
2 alleles
6.2% missing data
 110   (0.954) 0.998 0.995 0.999 1.000 0.999 0.998 1.000 0.958 0.997 0.999 0.999 0.634 0.998 0.967 
 130   (0.046) 0.002 0.005 0.001 0.000 0.001 0.002 0.000 0.042 0.003 0.001 0.001 0.366 0.002 0.033 

Locus 3 : 2692_87 
2 alleles
1.7% missing data
 130   (0.946) 0.997 0.995 0.999 1.000 0.998 0.998 0.999 0.951 0.766 0.999 0.999 0.999 0.998 0.961 
 120   (0.054) 0.003 0.005 0.001 0.000 0.002 0.002 0.001 0.049 0.234 0.001 0.001 0.001 0.002 0.039 

Locus 4 : 2828_58 
2 alleles
6.7% missing data
 100   (0.917) 0.994 0.823 0.997 0.997 0.995 0.992 0.994 0.910 0.995 0.998 0.997 0.997 0.995 0.927 
 120   (0.083) 0.006 0.177 0.003 0.003 0.005 0.008 0.006 0.090 0.005 0.002 0.003 0.003 0.005 0.073 

Locus 5 : 6398_73 
2 alleles
6.2% missing data
 130   (0.913) 0.996 0.992 0.593 1.000 0.997 0.996 0.999 0.921 0.653 0.999 0.999 0.998 0.997 0.938 
 100   (0.087) 0.004 0.008 0.407 0.000 0.003 0.004 0.001 0.079 0.347 0.001 0.001 0.002 0.003 0.062 

Locus 6 : 7469_71 
2 alleles
5.1% missing data
 130   (0.953) 0.996 0.993 0.997 0.993 0.997 0.998 0.999 0.951 0.997 0.994 0.999 0.998 0.997 0.963 
 110   (0.047) 0.004 0.007 0.003 0.007 0.003 0.002 0.001 0.049 0.003 0.006 0.001 0.002 0.003 0.037 

Locus 7 : 7615_47 
2 alleles
5.1% missing data
 130   (0.955) 0.996 0.991 0.996 0.997 0.997 0.996 0.999 0.952 0.996 0.997 0.998 0.997 0.997 0.966 
 100   (0.045) 0.004 0.009 0.004 0.003 0.003 0.004 0.001 0.048 0.004 0.003 0.002 0.003 0.003 0.034 

Locus 8 : 8211_10 
2 alleles
2.8% missing data
 120   (0.951) 0.997 0.995 0.999 1.000 0.998 0.998 0.999 0.956 0.936 0.999 0.999 0.999 0.998 0.965 
 100   (0.049) 0.003 0.005 0.001 0.000 0.002 0.002 0.001 0.044 0.064 0.001 0.001 0.001 0.002 0.035 

Locus 9 : 8394_14 
2 alleles
2.2% missing data
 110   (0.946) 0.997 0.995 0.766 1.000 0.998 0.998 0.999 0.951 0.997 0.999 0.999 0.982 0.998 0.962 
 130   (0.054) 0.003 0.005 0.234 0.000 0.002 0.002 0.001 0.049 0.003 0.001 0.001 0.018 0.002 0.038 

Locus 10 : 9621_63 
2 alleles
3.9% missing data
 130   (0.951) 0.997 0.995 0.998 1.000 0.998 0.998 0.999 0.955 0.940 0.999 0.999 0.999 0.998 0.966 
 110   (0.049) 0.003 0.005 0.002 0.000 0.002 0.002 0.001 0.045 0.060 0.001 0.001 0.001 0.002 0.034 

Locus 11 : 9880_35 
2 alleles
4.5% missing data
 120   (0.945) 0.997 0.995 0.999 1.000 0.998 0.998 0.999 0.950 0.708 0.999 0.999 0.999 0.998 0.960 
 100   (0.055) 0.003 0.005 0.001 0.000 0.002 0.002 0.001 0.050 0.292 0.001 0.001 0.001 0.002 0.040 

Locus 12 : 11163_16 
2 alleles
7.9% missing data
 130   (0.950) 0.997 0.995 0.999 1.000 0.998 0.998 0.999 0.955 0.914 0.999 0.999 0.999 0.998 0.964 
 110   (0.050) 0.003 0.005 0.001 0.000 0.002 0.002 0.001 0.045 0.086 0.001 0.001 0.001 0.002 0.036 

Locus 13 : 11991_31 
2 alleles
4.5% missing data
 120   (0.920) 0.994 0.987 0.997 0.999 0.990 0.993 0.999 0.898 0.995 0.998 0.988 0.997 0.984 0.931 
 100   (0.080) 0.006 0.013 0.003 0.001 0.010 0.007 0.001 0.102 0.005 0.002 0.012 0.003 0.016 0.069 

Locus 14 : 12766_17 
2 alleles
2.2% missing data
 120   (0.953) 0.995 0.930 0.999 1.000 0.998 0.998 0.999 0.957 0.997 0.999 0.999 0.999 0.998 0.966 
 100   (0.047) 0.005 0.070 0.001 0.000 0.002 0.002 0.001 0.043 0.003 0.001 0.001 0.001 0.002 0.034 

Locus 15 : 13496_14 
2 alleles
5.1% missing data
 110   (0.953) 0.715 0.995 0.999 1.000 0.998 0.999 1.000 0.957 0.997 0.999 0.999 0.999 0.998 0.967 
 100   (0.047) 0.285 0.005 0.001 0.000 0.002 0.001 0.000 0.043 0.003 0.001 0.001 0.001 0.002 0.033 

Locus 16 : 14394_41 
2 alleles
2.2% missing data
 130   (0.955) 0.998 0.930 0.999 1.000 0.999 0.998 1.000 0.959 0.997 0.999 0.999 0.999 0.998 0.968 
 110   (0.045) 0.002 0.070 0.001 0.000 0.001 0.002 0.000 0.041 0.003 0.001 0.001 0.001 0.002 0.032 

Locus 17 : 16285_24 
2 alleles
6.2% missing data
 130   (0.948) 0.997 0.995 0.999 1.000 0.998 0.998 0.999 0.954 0.876 0.999 0.999 0.999 0.998 0.964 
 100   (0.052) 0.003 0.005 0.001 0.000 0.002 0.002 0.001 0.046 0.124 0.001 0.001 0.001 0.002 0.036 

Locus 18 : 18821_69 
2 alleles
7.3% missing data
 120   (0.952) 0.997 0.995 0.999 1.000 0.998 0.998 0.999 0.957 0.997 0.760 0.999 0.999 0.998 0.966 
 110   (0.048) 0.003 0.005 0.001 0.000 0.002 0.002 0.001 0.043 0.003 0.240 0.001 0.001 0.002 0.034 

Locus 19 : 19006_32 
2 alleles
6.7% missing data
 120   (0.903) 0.994 0.990 0.655 1.000 0.997 0.996 0.999 0.912 0.663 0.998 0.999 0.971 0.996 0.931 
 110   (0.097) 0.006 0.010 0.345 0.000 0.003 0.004 0.001 0.088 0.337 0.002 0.001 0.029 0.004 0.069 

Locus 20 : 19602_58 
2 alleles
4.5% missing data
 120   (0.954) 0.998 0.995 0.999 1.000 0.999 0.999 0.999 0.958 0.973 0.999 0.999 0.999 0.998 0.967 
 100   (0.046) 0.002 0.005 0.001 0.000 0.001 0.001 0.001 0.042 0.027 0.001 0.001 0.001 0.002 0.033 

Locus 21 : 20143_24 
2 alleles
3.4% missing data
 120   (0.954) 0.968 0.995 0.999 1.000 0.998 0.998 1.000 0.953 0.997 0.999 0.999 0.999 0.998 0.967 
 100   (0.046) 0.032 0.005 0.001 0.000 0.002 0.002 0.000 0.047 0.003 0.001 0.001 0.001 0.002 0.033 

Locus 22 : 21661_29 
2 alleles
2.2% missing data
 120   (0.950) 0.997 0.995 0.999 1.000 0.999 0.998 0.999 0.955 0.893 0.999 0.999 0.999 0.998 0.965 
 100   (0.050) 0.003 0.005 0.001 0.000 0.001 0.002 0.001 0.045 0.107 0.001 0.001 0.001 0.002 0.035 

Locus 23 : 22603_12 
2 alleles
5.1% missing data
 130   (0.950) 0.997 0.995 0.999 1.000 0.998 0.998 0.999 0.954 0.945 0.999 0.999 0.999 0.998 0.963 
 110   (0.050) 0.003 0.005 0.001 0.000 0.002 0.002 0.001 0.046 0.055 0.001 0.001 0.001 0.002 0.037 

Locus 24 : 25109_23 
2 alleles
1.7% missing data
 120   (0.928) 0.994 0.950 0.998 0.999 0.847 0.997 0.999 0.933 0.995 0.998 0.986 0.998 0.996 0.948 
 100   (0.072) 0.006 0.050 0.002 0.001 0.153 0.003 0.001 0.067 0.005 0.002 0.014 0.002 0.004 0.052 

Locus 25 : 25511_77 
2 alleles
5.1% missing data
 130   (0.954) 0.998 0.996 0.999 1.000 0.998 0.998 1.000 0.958 0.997 0.999 0.999 0.881 0.998 0.967 
 110   (0.046) 0.002 0.004 0.001 0.000 0.002 0.002 0.000 0.042 0.003 0.001 0.001 0.119 0.002 0.033 

Locus 26 : 26816_9 
2 alleles
5.6% missing data
 110   (0.861) 0.976 0.984 0.996 0.997 0.706 0.991 0.995 0.840 0.991 0.995 0.980 0.996 0.808 0.871 
 130   (0.139) 0.024 0.016 0.004 0.003 0.294 0.009 0.005 0.160 0.009 0.005 0.020 0.004 0.192 0.129 

Locus 27 : 29455_86 
2 alleles
5.6% missing data
 120   (0.952) 0.997 0.988 0.999 1.000 0.998 0.998 0.999 0.946 0.997 0.999 0.995 0.999 0.998 0.962 
 110   (0.048) 0.003 0.012 0.001 0.000 0.002 0.002 0.001 0.054 0.003 0.001 0.005 0.001 0.002 0.038 

Locus 28 : 30970_30 
2 alleles
6.7% missing data
 120   (0.954) 0.963 0.994 0.999 1.000 0.998 0.998 0.999 0.956 0.997 0.999 0.999 0.999 0.998 0.967 
 110   (0.046) 0.037 0.006 0.001 0.000 0.002 0.002 0.001 0.044 0.003 0.001 0.001 0.001 0.002 0.033 

Locus 29 : 33052_5 
2 alleles
1.1% missing data
 130   (0.954) 0.997 0.995 0.998 1.000 0.993 0.998 0.999 0.957 0.997 0.975 0.999 0.998 0.998 0.966 
 110   (0.046) 0.003 0.005 0.002 0.000 0.007 0.002 0.001 0.043 0.003 0.025 0.001 0.002 0.002 0.034 

Locus 30 : 33744_32 
2 alleles
2.8% missing data
 130   (0.950) 0.997 0.995 0.999 1.000 0.998 0.998 0.999 0.952 0.997 0.899 0.999 0.999 0.998 0.963 
 110   (0.050) 0.003 0.005 0.001 0.000 0.002 0.002 0.001 0.048 0.003 0.101 0.001 0.001 0.002 0.037 

Locus 31 : 34805_8 
2 alleles
4.5% missing data
 110   (0.934) 0.997 0.753 0.998 1.000 0.998 0.997 0.999 0.932 0.996 0.999 0.995 0.998 0.997 0.948 
 120   (0.066) 0.003 0.247 0.002 0.000 0.002 0.003 0.001 0.068 0.004 0.001 0.005 0.002 0.003 0.052 

Locus 32 : 35345_10 
2 alleles
5.1% missing data
 130   (0.948) 0.997 0.994 0.998 0.997 0.997 0.996 0.999 0.950 0.996 0.943 0.998 0.998 0.998 0.962 
 110   (0.052) 0.003 0.006 0.002 0.003 0.003 0.004 0.001 0.050 0.004 0.057 0.002 0.002 0.002 0.038 

Locus 33 : 35769_30 
2 alleles
6.2% missing data
 110   (0.936) 0.964 0.926 0.998 1.000 0.996 0.997 0.999 0.939 0.996 0.999 0.999 0.998 0.997 0.952 
 100   (0.064) 0.036 0.074 0.002 0.000 0.004 0.003 0.001 0.061 0.004 0.001 0.001 0.002 0.003 0.048 

Locus 34 : 35965_89 
2 alleles
3.4% missing data
 130   (0.953) 0.997 0.995 0.999 1.000 0.978 0.997 0.999 0.950 0.997 0.999 0.999 0.999 0.998 0.964 
 100   (0.047) 0.003 0.005 0.001 0.000 0.022 0.003 0.001 0.050 0.003 0.001 0.001 0.001 0.002 0.036 

Locus 35 : 39654_13 
2 alleles
5.6% missing data
 120   (0.955) 0.997 0.995 0.999 1.000 0.999 0.998 1.000 0.948 0.997 0.999 0.999 0.999 0.990 0.965 
 100   (0.045) 0.003 0.005 0.001 0.000 0.001 0.002 0.000 0.052 0.003 0.001 0.001 0.001 0.010 0.035 

Locus 36 : 39700_65 
2 alleles
3.4% missing data
 110   (0.954) 0.995 0.993 0.999 1.000 0.998 0.998 0.999 0.945 0.997 0.999 0.996 0.998 0.997 0.964 
 120   (0.046) 0.005 0.007 0.001 0.000 0.002 0.002 0.001 0.055 0.003 0.001 0.004 0.002 0.003 0.036 

Locus 37 : 40824_7 
2 alleles
5.1% missing data
 130   (0.951) 0.997 0.995 0.999 1.000 0.998 0.998 1.000 0.956 0.997 0.999 0.999 0.999 0.930 0.965 
 110   (0.049) 0.003 0.005 0.001 0.000 0.002 0.002 0.000 0.044 0.003 0.001 0.001 0.001 0.070 0.035 

Locus 38 : 41554_43 
2 alleles
7.3% missing data
 120   (0.955) 0.960 0.995 0.999 1.000 0.998 0.998 0.999 0.958 0.997 0.999 0.999 0.999 0.998 0.968 
 100   (0.045) 0.040 0.005 0.001 0.000 0.002 0.002 0.001 0.042 0.003 0.001 0.001 0.001 0.002 0.032 

Locus 39 : 42501_5 
2 alleles
5.6% missing data
 120   (0.952) 0.997 0.995 0.999 1.000 0.998 0.998 1.000 0.957 0.918 0.999 0.999 0.999 0.998 0.965 
 110   (0.048) 0.003 0.005 0.001 0.000 0.002 0.002 0.000 0.043 0.082 0.001 0.001 0.001 0.002 0.035 

Locus 40 : 42989_15 
2 alleles
3.4% missing data
 130   (0.952) 0.997 0.995 0.999 1.000 0.998 0.999 0.999 0.956 0.997 0.999 0.999 0.998 0.928 0.965 
 110   (0.048) 0.003 0.005 0.001 0.000 0.002 0.001 0.001 0.044 0.003 0.001 0.001 0.002 0.072 0.035 

Locus 41 : 44631_16 
2 alleles
5.6% missing data
 120   (0.951) 0.861 0.995 0.999 1.000 0.998 0.998 0.999 0.955 0.997 0.999 0.999 0.999 0.998 0.964 
 110   (0.049) 0.139 0.005 0.001 0.000 0.002 0.002 0.001 0.045 0.003 0.001 0.001 0.001 0.002 0.036 

Locus 42 : 45332_74 
2 alleles
3.4% missing data
 130   (0.873) 0.992 0.834 0.996 0.999 0.995 0.988 0.817 0.878 0.992 0.986 0.956 0.996 0.739 0.904 
 110   (0.127) 0.008 0.166 0.004 0.001 0.005 0.012 0.183 0.122 0.008 0.014 0.044 0.004 0.261 0.096 

Locus 43 : 45964_12 
2 alleles
2.2% missing data
 100   (0.954) 0.998 0.995 0.999 1.000 0.998 0.998 1.000 0.958 0.995 0.999 0.999 0.960 0.998 0.967 
 130   (0.046) 0.002 0.005 0.001 0.000 0.002 0.002 0.000 0.042 0.005 0.001 0.001 0.040 0.002 0.033 

Locus 44 : 47772_18 
2 alleles
1.7% missing data
 120   (0.947) 0.997 0.995 0.999 1.000 0.998 0.998 0.999 0.953 0.815 0.999 0.999 0.999 0.998 0.963 
 100   (0.053) 0.003 0.005 0.001 0.000 0.002 0.002 0.001 0.047 0.185 0.001 0.001 0.001 0.002 0.037 

Locus 45 : 48505_7 
2 alleles
2.8% missing data
 130   (0.954) 0.997 0.995 0.999 1.000 0.998 0.996 0.992 0.950 0.997 0.999 0.999 0.998 0.998 0.962 
 110   (0.046) 0.003 0.005 0.001 0.000 0.002 0.004 0.008 0.050 0.003 0.001 0.001 0.002 0.002 0.038 

Locus 46 : 49838_13 
2 alleles
5.1% missing data
 120   (0.953) 0.997 0.995 0.999 1.000 0.998 0.998 0.923 0.958 0.997 0.999 0.999 0.999 0.998 0.967 
 100   (0.047) 0.003 0.005 0.001 0.000 0.002 0.002 0.077 0.042 0.003 0.001 0.001 0.001 0.002 0.033 

Locus 47 : 50793_47 
2 alleles
6.2% missing data
 120   (0.949) 0.991 0.995 0.999 1.000 0.998 0.998 0.999 0.954 0.996 0.999 0.999 0.999 0.869 0.964 
 100   (0.051) 0.009 0.005 0.001 0.000 0.002 0.002 0.001 0.046 0.004 0.001 0.001 0.001 0.131 0.036 

Locus 48 : 51471_5 
2 alleles
2.2% missing data
 110   (0.955) 0.998 0.996 0.891 1.000 0.999 0.998 1.000 0.960 0.997 0.999 0.999 0.999 0.998 0.968 
 120   (0.045) 0.002 0.004 0.109 0.000 0.001 0.002 0.000 0.040 0.003 0.001 0.001 0.001 0.002 0.032 

Locus 49 : 52408_45 
2 alleles
2.2% missing data
 130   (0.950) 0.829 0.995 0.999 1.000 0.999 0.998 0.999 0.956 0.997 0.999 0.999 0.999 0.998 0.964 
 110   (0.050) 0.171 0.005 0.001 0.000 0.001 0.002 0.001 0.044 0.003 0.001 0.001 0.001 0.002 0.036 

Locus 50 : 53046_18 
2 alleles
0.6% missing data
 120   (0.930) 0.995 0.992 0.998 1.000 0.998 0.997 0.999 0.927 0.995 0.995 0.999 0.998 0.932 0.947 
 100   (0.070) 0.005 0.008 0.002 0.000 0.002 0.003 0.001 0.073 0.005 0.005 0.001 0.002 0.068 0.053 

Locus 51 : 53230_50 
2 alleles
4.5% missing data
 120   (0.953) 0.998 0.995 0.998 1.000 0.998 0.997 1.000 0.958 0.997 0.999 0.999 0.844 0.998 0.966 
 110   (0.047) 0.002 0.005 0.002 0.000 0.002 0.003 0.000 0.042 0.003 0.001 0.001 0.156 0.002 0.034 

Locus 52 : 53957_5 
2 alleles
3.9% missing data
 130   (0.953) 0.997 0.994 0.999 1.000 0.998 0.998 0.999 0.949 0.997 0.999 0.999 0.999 0.991 0.964 
 110   (0.047) 0.003 0.006 0.001 0.000 0.002 0.002 0.001 0.051 0.003 0.001 0.001 0.001 0.009 0.036 

Locus 53 : 58003_89 
2 alleles
3.9% missing data
 120   (0.942) 0.996 0.989 0.997 0.997 0.973 0.996 0.999 0.943 0.996 0.996 0.985 0.997 0.994 0.954 
 100   (0.058) 0.004 0.011 0.003 0.003 0.027 0.004 0.001 0.057 0.004 0.004 0.015 0.003 0.006 0.046 

Locus 54 : 58412_58 
2 alleles
2.2% missing data
 110   (0.954) 0.998 0.995 0.999 1.000 0.999 0.998 0.999 0.958 0.974 0.999 0.999 0.999 0.998 0.967 
 100   (0.046) 0.002 0.005 0.001 0.000 0.001 0.002 0.001 0.042 0.026 0.001 0.001 0.001 0.002 0.033 

Locus 55 : 58452_11 
2 alleles
3.4% missing data
 120   (0.952) 0.997 0.994 0.999 1.000 0.985 0.998 0.999 0.949 0.997 0.999 0.999 0.999 0.998 0.961 
 130   (0.048) 0.003 0.006 0.001 0.000 0.015 0.002 0.001 0.051 0.003 0.001 0.001 0.001 0.002 0.039 

Locus 56 : 59409_85 
2 alleles
2.8% missing data
 130   (0.955) 0.997 0.995 0.999 1.000 0.998 0.999 1.000 0.943 0.997 0.999 0.997 0.999 0.998 0.965 
 100   (0.045) 0.003 0.005 0.001 0.000 0.002 0.001 0.000 0.057 0.003 0.001 0.003 0.001 0.002 0.035 

Locus 57 : 60620_10 
2 alleles
1.1% missing data
 120   (0.948) 0.997 0.995 0.999 1.000 0.998 0.998 0.999 0.953 0.892 0.999 0.999 0.999 0.998 0.963 
 130   (0.052) 0.003 0.005 0.001 0.000 0.002 0.002 0.001 0.047 0.108 0.001 0.001 0.001 0.002 0.037 

Locus 58 : 61541_77 
2 alleles
3.4% missing data
 120   (0.945) 0.997 0.995 0.998 1.000 0.998 0.998 0.999 0.950 0.841 0.999 0.999 0.999 0.998 0.961 
 100   (0.055) 0.003 0.005 0.002 0.000 0.002 0.002 0.001 0.050 0.159 0.001 0.001 0.001 0.002 0.039 

Locus 59 : 61756_42 
2 alleles
1.1% missing data
 130   (0.947) 0.997 0.995 0.999 1.000 0.998 0.998 0.999 0.953 0.823 0.999 0.999 0.999 0.998 0.962 
 110   (0.053) 0.003 0.005 0.001 0.000 0.002 0.002 0.001 0.047 0.177 0.001 0.001 0.001 0.002 0.038 

Locus 60 : 62497_19 
2 alleles
6.2% missing data
 130   (0.897) 0.875 0.941 0.994 0.999 0.962 0.995 0.985 0.902 0.993 0.998 0.978 0.995 0.995 0.925 
 110   (0.103) 0.125 0.059 0.006 0.001 0.038 0.005 0.015 0.098 0.007 0.002 0.022 0.005 0.005 0.075 

Locus 61 : 63024_50 
2 alleles
2.8% missing data
 120   (0.942) 0.997 0.992 0.999 1.000 0.953 0.997 0.999 0.933 0.996 0.999 0.999 0.999 0.998 0.949 
 100   (0.058) 0.003 0.008 0.001 0.000 0.047 0.003 0.001 0.067 0.004 0.001 0.001 0.001 0.002 0.051 

Locus 62 : 64492_50 
2 alleles
7.3% missing data
 120   (0.908) 0.897 0.989 0.997 1.000 0.959 0.996 0.999 0.915 0.994 0.998 0.999 0.997 0.931 0.933 
 100   (0.092) 0.103 0.011 0.003 0.000 0.041 0.004 0.001 0.085 0.006 0.002 0.001 0.003 0.069 0.067 

Locus 63 : 67984_34 
2 alleles
2.2% missing data
 120   (0.948) 0.997 0.995 0.999 1.000 0.998 0.999 0.999 0.952 0.866 0.999 0.999 0.999 0.998 0.962 
 100   (0.052) 0.003 0.005 0.001 0.000 0.002 0.001 0.001 0.048 0.134 0.001 0.001 0.001 0.002 0.038 

Locus 64 : 69199_10 
2 alleles
4.5% missing data
 120   (0.941) 0.997 0.994 0.998 0.999 0.406 0.998 0.999 0.940 0.996 0.999 0.999 0.998 0.998 0.951 
 100   (0.059) 0.003 0.006 0.002 0.001 0.594 0.002 0.001 0.060 0.004 0.001 0.001 0.002 0.002 0.049 

Locus 65 : 71368_77 
2 alleles
6.7% missing data
 100   (0.952) 0.997 0.995 0.568 1.000 0.999 0.998 1.000 0.957 0.997 0.999 0.999 0.999 0.998 0.965 
 110   (0.048) 0.003 0.005 0.432 0.000 0.001 0.002 0.000 0.043 0.003 0.001 0.001 0.001 0.002 0.035 

Locus 66 : 72276_35 
2 alleles
5.1% missing data
 130   (0.948) 0.997 0.995 0.999 1.000 0.998 0.998 0.999 0.952 0.997 0.999 0.999 0.999 0.902 0.962 
 120   (0.052) 0.003 0.005 0.001 0.000 0.002 0.002 0.001 0.048 0.003 0.001 0.001 0.001 0.098 0.038 

Locus 67 : 73554_16 
2 alleles
3.9% missing data
 100   (0.952) 0.998 0.848 0.999 1.000 0.998 0.999 1.000 0.956 0.997 0.999 0.999 0.999 0.998 0.966 
 130   (0.048) 0.002 0.152 0.001 0.000 0.002 0.001 0.000 0.044 0.003 0.001 0.001 0.001 0.002 0.034 

Locus 68 : 74575_32 
2 alleles
1.7% missing data
 120   (0.954) 0.997 0.995 0.999 1.000 0.999 0.998 1.000 0.947 0.997 0.999 0.999 0.999 0.991 0.964 
 100   (0.046) 0.003 0.005 0.001 0.000 0.001 0.002 0.000 0.053 0.003 0.001 0.001 0.001 0.009 0.036 

Locus 69 : 76504_10 
2 alleles
1.1% missing data
 110   (0.952) 0.998 0.995 0.999 1.000 0.998 0.998 1.000 0.956 0.997 0.827 0.999 0.999 0.998 0.966 
 100   (0.048) 0.002 0.005 0.001 0.000 0.002 0.002 0.000 0.044 0.003 0.173 0.001 0.001 0.002 0.034 

Locus 70 : 76561_35 
2 alleles
5.6% missing data
 120   (0.951) 0.589 0.995 0.999 1.000 0.998 0.998 0.999 0.956 0.997 0.999 0.999 0.999 0.998 0.965 
 100   (0.049) 0.411 0.005 0.001 0.000 0.002 0.002 0.001 0.044 0.003 0.001 0.001 0.001 0.002 0.035 

Locus 71 : 77346_16 
2 alleles
2.2% missing data
 130   (0.954) 0.998 0.995 0.999 1.000 0.999 0.999 1.000 0.958 0.997 0.930 0.999 0.999 0.998 0.966 
 110   (0.046) 0.002 0.005 0.001 0.000 0.001 0.001 0.000 0.042 0.003 0.070 0.001 0.001 0.002 0.034 

Locus 72 : 78631_40 
2 alleles
7.9% missing data
 120   (0.942) 0.990 0.994 0.999 1.000 0.997 0.998 0.999 0.945 0.996 0.999 0.999 0.999 0.832 0.958 
 110   (0.058) 0.010 0.006 0.001 0.000 0.003 0.002 0.001 0.055 0.004 0.001 0.001 0.001 0.168 0.042 

Locus 73 : 80366_12 
2 alleles
6.7% missing data
 130   (0.954) 0.995 0.993 0.998 1.000 0.998 0.998 0.999 0.945 0.997 0.999 0.996 0.999 0.997 0.964 
 110   (0.046) 0.005 0.007 0.002 0.000 0.002 0.002 0.001 0.055 0.003 0.001 0.004 0.001 0.003 0.036 

Locus 74 : 80499_10 
2 alleles
6.2% missing data
 130   (0.950) 0.997 0.995 0.998 1.000 0.998 0.998 0.999 0.955 0.997 0.999 0.999 0.821 0.998 0.964 
 100   (0.050) 0.003 0.005 0.002 0.000 0.002 0.002 0.001 0.045 0.003 0.001 0.001 0.179 0.002 0.036 

Locus 75 : 81141_31 
2 alleles
2.8% missing data
 120   (0.954) 0.997 0.995 0.999 1.000 0.998 0.997 0.992 0.950 0.997 0.999 0.999 0.998 0.998 0.962 
 100   (0.046) 0.003 0.005 0.001 0.000 0.002 0.003 0.008 0.050 0.003 0.001 0.001 0.002 0.002 0.038 

Locus 76 : 81662_33 
2 alleles
3.4% missing data
 120   (0.955) 0.998 0.995 0.999 1.000 0.998 0.998 0.999 0.946 0.997 0.999 0.997 0.999 0.998 0.966 
 110   (0.045) 0.002 0.005 0.001 0.000 0.002 0.002 0.001 0.054 0.003 0.001 0.003 0.001 0.002 0.034 

Locus 77 : 82002_8 
2 alleles
6.7% missing data
 100   (0.946) 0.997 0.995 0.999 1.000 0.998 0.998 0.999 0.951 0.680 0.999 0.999 0.999 0.998 0.962 
 110   (0.054) 0.003 0.005 0.001 0.000 0.002 0.002 0.001 0.049 0.320 0.001 0.001 0.001 0.002 0.038 

Locus 78 : 82631_34 
2 alleles
7.9% missing data
 120   (0.953) 0.996 0.994 0.999 1.000 0.997 0.996 0.999 0.943 0.997 0.999 0.999 0.999 0.996 0.962 
 100   (0.047) 0.004 0.006 0.001 0.000 0.003 0.004 0.001 0.057 0.003 0.001 0.001 0.001 0.004 0.038 

Locus 79 : 83247_84 
2 alleles
3.4% missing data
 110   (0.939) 0.997 0.994 0.999 1.000 0.998 0.998 0.999 0.942 0.996 0.999 0.999 0.999 0.786 0.955 
 100   (0.061) 0.003 0.006 0.001 0.000 0.002 0.002 0.001 0.058 0.004 0.001 0.001 0.001 0.214 0.045 

Locus 80 : 83916_5 
2 alleles
3.9% missing data
 130   (0.953) 0.998 0.995 0.999 1.000 0.998 0.998 0.872 0.958 0.997 0.999 0.999 0.999 0.998 0.967 
 110   (0.047) 0.002 0.005 0.001 0.000 0.002 0.002 0.128 0.042 0.003 0.001 0.001 0.001 0.002 0.033 

Locus 81 : 84971_7 
2 alleles
2.2% missing data
 120   (0.933) 0.996 0.989 0.997 0.995 0.983 0.996 0.998 0.931 0.996 0.962 0.996 0.997 0.996 0.935 
 110   (0.067) 0.004 0.011 0.003 0.005 0.017 0.004 0.002 0.069 0.004 0.038 0.004 0.003 0.004 0.065 

Locus 82 : 85247_77 
2 alleles
7.9% missing data
 120   (0.954) 0.996 0.994 0.997 0.997 0.997 0.996 0.995 0.954 0.997 0.998 0.997 0.997 0.997 0.962 
 110   (0.046) 0.004 0.006 0.003 0.003 0.003 0.004 0.005 0.046 0.003 0.002 0.003 0.003 0.003 0.038 

Locus 83 : 85248_24 
2 alleles
5.1% missing data
 100   (0.950) 0.997 0.995 0.999 1.000 0.998 0.998 0.999 0.955 0.860 0.999 0.999 0.999 0.998 0.965 
 120   (0.050) 0.003 0.005 0.001 0.000 0.002 0.002 0.001 0.045 0.140 0.001 0.001 0.001 0.002 0.035 

Locus 84 : 85402_12 
2 alleles
3.4% missing data
 120   (0.954) 0.998 0.995 0.999 1.000 0.999 0.999 1.000 0.943 0.997 0.999 0.997 0.999 0.998 0.965 
 100   (0.046) 0.002 0.005 0.001 0.000 0.001 0.001 0.000 0.057 0.003 0.001 0.003 0.001 0.002 0.035 

Locus 85 : 86588_18 
2 alleles
3.9% missing data
 120   (0.952) 0.997 0.993 0.999 1.000 0.982 0.998 0.999 0.947 0.997 0.999 0.999 0.999 0.998 0.961 
 100   (0.048) 0.003 0.007 0.001 0.000 0.018 0.002 0.001 0.053 0.003 0.001 0.001 0.001 0.002 0.039 

Locus 86 : 87070_60 
2 alleles
2.2% missing data
 100   (0.951) 0.997 0.857 0.999 1.000 0.998 0.998 0.999 0.955 0.997 0.999 0.999 0.999 0.998 0.965 
 130   (0.049) 0.003 0.143 0.001 0.000 0.002 0.002 0.001 0.045 0.003 0.001 0.001 0.001 0.002 0.035 

Locus 87 : 87747_31 
2 alleles
6.2% missing data
 120   (0.950) 0.997 0.995 0.999 1.000 0.998 0.998 0.999 0.954 0.915 0.999 0.999 0.999 0.998 0.964 
 110   (0.050) 0.003 0.005 0.001 0.000 0.002 0.002 0.001 0.046 0.085 0.001 0.001 0.001 0.002 0.036 

Locus 88 : 88455_10 
2 alleles
5.1% missing data
 130   (0.949) 0.804 0.995 0.999 1.000 0.998 0.998 0.999 0.953 0.997 0.999 0.999 0.999 0.997 0.963 
 100   (0.051) 0.196 0.005 0.001 0.000 0.002 0.002 0.001 0.047 0.003 0.001 0.001 0.001 0.003 0.037 

Locus 89 : 89005_12 
2 alleles
1.1% missing data
 120   (0.949) 0.997 0.995 0.999 1.000 0.998 0.998 0.999 0.954 0.893 0.999 0.999 0.999 0.998 0.962 
 130   (0.051) 0.003 0.005 0.001 0.000 0.002 0.002 0.001 0.046 0.107 0.001 0.001 0.001 0.002 0.038 

Locus 90 : 89213_8 
2 alleles
3.4% missing data
 130   (0.956) 0.998 0.995 0.999 1.000 0.998 0.999 0.999 0.959 0.972 0.999 0.999 0.999 0.998 0.968 
 110   (0.044) 0.002 0.005 0.001 0.000 0.002 0.001 0.001 0.041 0.028 0.001 0.001 0.001 0.002 0.032 

Locus 91 : 93475_13 
2 alleles
2.2% missing data
 130   (0.950) 0.997 0.995 0.999 1.000 0.998 0.998 0.999 0.955 0.867 0.999 0.999 0.999 0.998 0.964 
 110   (0.050) 0.003 0.005 0.001 0.000 0.002 0.002 0.001 0.045 0.133 0.001 0.001 0.001 0.002 0.036 

Locus 92 : 95749_27 
2 alleles
3.9% missing data
 120   (0.955) 0.998 0.996 0.999 1.000 0.999 0.999 1.000 0.959 0.970 0.999 0.999 0.999 0.998 0.968 
 100   (0.045) 0.002 0.004 0.001 0.000 0.001 0.001 0.000 0.041 0.030 0.001 0.001 0.001 0.002 0.032 

Locus 93 : 98167_26 
2 alleles
3.4% missing data
 120   (0.927) 0.991 0.897 0.997 1.000 0.988 0.997 0.999 0.929 0.995 0.992 0.976 0.997 0.996 0.945 
 110   (0.073) 0.009 0.103 0.003 0.000 0.012 0.003 0.001 0.071 0.005 0.008 0.024 0.003 0.004 0.055 

Locus 94 : 98988_58 
2 alleles
2.2% missing data
 130   (0.954) 0.998 0.995 0.999 1.000 0.998 0.998 0.999 0.958 0.974 0.999 0.999 0.998 0.998 0.967 
 110   (0.046) 0.002 0.005 0.001 0.000 0.002 0.002 0.001 0.042 0.026 0.001 0.001 0.002 0.002 0.033 

Locus 95 : 103824_15 
2 alleles
3.4% missing data
 130   (0.945) 0.997 0.995 0.998 1.000 0.998 0.998 0.999 0.951 0.813 0.999 0.999 0.999 0.998 0.960 
 110   (0.055) 0.003 0.005 0.002 0.000 0.002 0.002 0.001 0.049 0.187 0.001 0.001 0.001 0.002 0.040 

Locus 96 : 108043_8 
2 alleles
4.5% missing data
 130   (0.955) 0.998 0.995 0.999 1.000 0.999 0.999 0.999 0.959 0.997 0.925 0.999 0.999 0.998 0.967 
 110   (0.045) 0.002 0.005 0.001 0.000 0.001 0.001 0.001 0.041 0.003 0.075 0.001 0.001 0.002 0.033 

Locus 97 : 108049_79 
2 alleles
2.8% missing data
 120   (0.953) 0.997 0.995 0.999 1.000 0.998 0.998 0.999 0.944 0.997 0.999 0.997 0.999 0.998 0.963 
 100   (0.047) 0.003 0.005 0.001 0.000 0.002 0.002 0.001 0.056 0.003 0.001 0.003 0.001 0.002 0.037 

Locus 98 : 108366_5 
2 alleles
2.8% missing data
 130   (0.950) 0.997 0.995 0.999 1.000 0.998 0.998 0.999 0.955 0.919 0.999 0.999 0.999 0.998 0.965 
 100   (0.050) 0.003 0.005 0.001 0.000 0.002 0.002 0.001 0.045 0.081 0.001 0.001 0.001 0.002 0.035 

Locus 99 : 108403_10 
2 alleles
6.2% missing data
 130   (0.953) 0.997 0.995 0.999 1.000 0.998 0.998 0.999 0.946 0.996 0.994 0.999 0.999 0.997 0.964 
 110   (0.047) 0.003 0.005 0.001 0.000 0.002 0.002 0.001 0.054 0.004 0.006 0.001 0.001 0.003 0.036 

Locus 100 : 109283_38 
2 alleles
3.9% missing data
 120   (0.873) 0.993 0.983 0.996 0.921 0.954 0.923 0.473 0.865 0.992 0.995 0.902 0.996 0.984 0.794 
 100   (0.127) 0.007 0.017 0.004 0.079 0.046 0.077 0.527 0.135 0.008 0.005 0.098 0.004 0.016 0.206 

Locus 101 : 109527_54 
2 alleles
7.3% missing data
 110   (0.943) 0.997 0.993 0.999 1.000 0.998 0.998 0.999 0.945 0.996 0.999 0.998 0.999 0.827 0.958 
 130   (0.057) 0.003 0.007 0.001 0.000 0.002 0.002 0.001 0.055 0.004 0.001 0.002 0.001 0.173 0.042 

Locus 102 : 109804_31 
2 alleles
2.2% missing data
 130   (0.951) 0.997 0.995 0.999 1.000 0.998 0.998 0.999 0.955 0.946 0.999 0.999 0.999 0.998 0.964 
 100   (0.049) 0.003 0.005 0.001 0.000 0.002 0.002 0.001 0.045 0.054 0.001 0.001 0.001 0.002 0.036 

Locus 103 : 112614_46 
2 alleles
5.1% missing data
 120   (0.949) 0.997 0.994 0.998 1.000 0.998 0.998 0.999 0.954 0.887 0.999 0.999 0.999 0.998 0.964 
 100   (0.051) 0.003 0.006 0.002 0.000 0.002 0.002 0.001 0.046 0.113 0.001 0.001 0.001 0.002 0.036 

Locus 104 : 112906_14 
2 alleles
3.9% missing data
 110   (0.885) 0.674 0.953 0.997 1.000 0.995 0.996 0.966 0.890 0.993 0.998 0.998 0.997 0.744 0.917 
 120   (0.115) 0.326 0.047 0.003 0.000 0.005 0.004 0.034 0.110 0.007 0.002 0.002 0.003 0.256 0.083 

Locus 105 : 113735_32 
2 alleles
6.7% missing data
 120   (0.953) 0.968 0.995 0.999 1.000 0.998 0.998 1.000 0.952 0.997 0.999 0.999 0.999 0.998 0.966 
 100   (0.047) 0.032 0.005 0.001 0.000 0.002 0.002 0.000 0.048 0.003 0.001 0.001 0.001 0.002 0.034 

Locus 106 : 115028_7 
2 alleles
3.9% missing data
 120   (0.954) 0.960 0.995 0.999 1.000 0.998 0.998 0.999 0.958 0.997 0.999 0.999 0.999 0.998 0.967 
 100   (0.046) 0.040 0.005 0.001 0.000 0.002 0.002 0.001 0.042 0.003 0.001 0.001 0.001 0.002 0.033 

Locus 107 : 115179_16 
2 alleles
2.2% missing data
 120   (0.949) 0.997 0.995 0.999 1.000 0.998 0.998 0.999 0.954 0.910 0.999 0.999 0.999 0.998 0.964 
 110   (0.051) 0.003 0.005 0.001 0.000 0.002 0.002 0.001 0.046 0.090 0.001 0.001 0.001 0.002 0.036 

Locus 108 : 116753_51 
2 alleles
7.3% missing data
 120   (0.952) 0.994 0.995 0.998 1.000 0.998 0.992 0.961 0.947 0.997 0.999 0.997 0.998 0.995 0.956 
 100   (0.048) 0.006 0.005 0.002 0.000 0.002 0.008 0.039 0.053 0.003 0.001 0.003 0.002 0.005 0.044 

Locus 109 : 116931_31 
2 alleles
7.9% missing data
 120   (0.954) 0.997 0.994 0.999 1.000 0.984 0.998 0.999 0.949 0.997 0.999 0.999 0.999 0.998 0.963 
 110   (0.046) 0.003 0.006 0.001 0.000 0.016 0.002 0.001 0.051 0.003 0.001 0.001 0.001 0.002 0.037 

Locus 110 : 116938_8 
2 alleles
4.5% missing data
 130   (0.907) 0.994 0.937 0.997 1.000 0.996 0.995 0.913 0.914 0.994 0.998 0.999 0.998 0.869 0.932 
 110   (0.093) 0.006 0.063 0.003 0.000 0.004 0.005 0.087 0.086 0.006 0.002 0.001 0.002 0.131 0.068 

Locus 111 : 122302_80 
2 alleles
10.1% missing data
 110   (0.954) 0.997 0.995 0.999 1.000 0.961 0.998 0.999 0.957 0.997 0.999 0.999 0.999 0.998 0.967 
 100   (0.046) 0.003 0.005 0.001 0.000 0.039 0.002 0.001 0.043 0.003 0.001 0.001 0.001 0.002 0.033 

Locus 112 : 123190_14 
2 alleles
3.4% missing data
 120   (0.945) 0.997 0.994 0.999 1.000 0.942 0.996 0.999 0.938 0.997 0.999 0.999 0.999 0.998 0.956 
 130   (0.055) 0.003 0.006 0.001 0.000 0.058 0.004 0.001 0.062 0.003 0.001 0.001 0.001 0.002 0.044 

Locus 113 : 123271_36 
2 alleles
3.9% missing data
 100   (0.949) 0.997 0.995 0.999 1.000 0.998 0.998 0.999 0.954 0.859 0.999 0.999 0.999 0.998 0.963 
 110   (0.051) 0.003 0.005 0.001 0.000 0.002 0.002 0.001 0.046 0.141 0.001 0.001 0.001 0.002 0.037 

Locus 114 : 124147_18 
2 alleles
2.2% missing data
 130   (0.950) 0.997 0.761 0.999 1.000 0.998 0.998 0.999 0.955 0.997 0.999 0.999 0.999 0.998 0.964 
 110   (0.050) 0.003 0.239 0.001 0.000 0.002 0.002 0.001 0.045 0.003 0.001 0.001 0.001 0.002 0.036 

Locus 115 : 124184_33 
2 alleles
5.6% missing data
 110   (0.951) 0.997 0.995 0.999 1.000 0.998 0.998 0.999 0.956 0.910 0.999 0.999 0.999 0.998 0.965 
 100   (0.049) 0.003 0.005 0.001 0.000 0.002 0.002 0.001 0.044 0.090 0.001 0.001 0.001 0.002 0.035 

Locus 116 : 125404_24 
2 alleles
1.1% missing data
 130   (0.950) 0.784 0.995 0.999 1.000 0.999 0.998 0.999 0.955 0.997 0.999 0.999 0.999 0.998 0.965 
 110   (0.050) 0.216 0.005 0.001 0.000 0.001 0.002 0.001 0.045 0.003 0.001 0.001 0.001 0.002 0.035 

Locus 117 : 125436_43 
2 alleles
3.9% missing data
 130   (0.921) 0.720 0.992 0.998 1.000 0.998 0.997 0.999 0.928 0.995 0.999 0.999 0.998 0.859 0.944 
 100   (0.079) 0.280 0.008 0.002 0.000 0.002 0.003 0.001 0.072 0.005 0.001 0.001 0.002 0.141 0.056 

Locus 118 : 126013_18 
2 alleles
2.8% missing data
 130   (0.951) 0.997 0.995 0.998 1.000 0.998 0.998 0.999 0.956 0.997 0.999 0.999 0.804 0.998 0.965 
 110   (0.049) 0.003 0.005 0.002 0.000 0.002 0.002 0.001 0.044 0.003 0.001 0.001 0.196 0.002 0.035 

Locus 119 : 126137_19 
2 alleles
3.9% missing data
 120   (0.954) 0.981 0.995 0.999 1.000 0.998 0.998 0.999 0.957 0.997 0.999 0.999 0.999 0.985 0.967 
 110   (0.046) 0.019 0.005 0.001 0.000 0.002 0.002 0.001 0.043 0.003 0.001 0.001 0.001 0.015 0.033 

Locus 120 : 126845_22 
2 alleles
5.6% missing data
 130   (0.953) 0.963 0.993 0.999 1.000 0.998 0.998 0.999 0.955 0.997 0.999 0.999 0.999 0.998 0.966 
 110   (0.047) 0.037 0.007 0.001 0.000 0.002 0.002 0.001 0.045 0.003 0.001 0.001 0.001 0.002 0.034 

Locus 121 : 127512_8 
2 alleles
1.1% missing data
 130   (0.954) 0.998 0.996 0.999 1.000 0.999 0.998 1.000 0.959 0.997 0.999 1.000 0.850 0.998 0.968 
 100   (0.046) 0.002 0.004 0.001 0.000 0.001 0.002 0.000 0.041 0.003 0.001 0.000 0.150 0.002 0.032 

Locus 122 : 127692_13 
2 alleles
2.8% missing data
 100   (0.948) 0.996 0.994 0.999 1.000 0.998 0.998 0.999 0.948 0.997 0.999 0.999 0.999 0.946 0.962 
 120   (0.052) 0.004 0.006 0.001 0.000 0.002 0.002 0.001 0.052 0.003 0.001 0.001 0.001 0.054 0.038 

Locus 123 : 128195_18 
2 alleles
7.3% missing data
 130   (0.867) 0.990 0.447 0.996 0.998 0.975 0.995 0.998 0.866 0.991 0.997 0.455 0.996 0.929 0.894 
 110   (0.133) 0.010 0.553 0.004 0.002 0.025 0.005 0.002 0.134 0.009 0.003 0.545 0.004 0.071 0.106 

Locus 124 : 128198_14 
2 alleles
4.5% missing data
 130   (0.924) 0.996 0.992 0.998 1.000 0.998 0.997 0.999 0.931 0.921 0.999 0.999 0.830 0.997 0.945 
 120   (0.076) 0.004 0.008 0.002 0.000 0.002 0.003 0.001 0.069 0.079 0.001 0.001 0.170 0.003 0.055 

Locus 125 : 128423_39 
2 alleles
4.5% missing data
 130   (0.953) 0.997 0.988 0.999 1.000 0.998 0.998 0.999 0.947 0.997 0.999 0.995 0.999 0.998 0.962 
 100   (0.047) 0.003 0.012 0.001 0.000 0.002 0.002 0.001 0.053 0.003 0.001 0.005 0.001 0.002 0.038 

Locus 126 : 131572_48 
2 alleles
1.1% missing data
 120   (0.947) 0.997 0.995 0.999 1.000 0.998 0.993 0.966 0.943 0.997 0.999 0.999 0.998 0.997 0.953 
 100   (0.053) 0.003 0.005 0.001 0.000 0.002 0.007 0.034 0.057 0.003 0.001 0.001 0.002 0.003 0.047 

Locus 127 : 132199_62 
2 alleles
3.9% missing data
 100   (0.944) 0.997 0.995 0.999 1.000 0.998 0.998 0.999 0.950 0.753 0.999 0.999 0.999 0.998 0.961 
 120   (0.056) 0.003 0.005 0.001 0.000 0.002 0.002 0.001 0.050 0.247 0.001 0.001 0.001 0.002 0.039 

Locus 128 : 135566_64 
2 alleles
7.3% missing data
 130   (0.955) 0.998 0.995 0.999 1.000 0.998 0.999 0.999 0.943 0.997 0.999 0.997 0.999 0.998 0.966 
 110   (0.045) 0.002 0.005 0.001 0.000 0.002 0.001 0.001 0.057 0.003 0.001 0.003 0.001 0.002 0.034 

Locus 129 : 135761_5 
2 alleles
7.9% missing data
 130   (0.949) 0.997 0.995 0.999 1.000 0.998 0.998 0.999 0.955 0.905 0.999 0.999 0.998 0.998 0.963 
 100   (0.051) 0.003 0.005 0.001 0.000 0.002 0.002 0.001 0.045 0.095 0.001 0.001 0.002 0.002 0.037 

Locus 130 : 137219_35 
2 alleles
3.4% missing data
 120   (0.938) 0.997 0.993 0.998 1.000 0.998 0.998 0.999 0.917 0.996 0.999 0.985 0.998 0.998 0.952 
 100   (0.062) 0.003 0.007 0.002 0.000 0.002 0.002 0.001 0.083 0.004 0.001 0.015 0.002 0.002 0.048 

Locus 131 : 139081_20 
2 alleles
5.6% missing data
 120   (0.935) 0.996 0.926 0.998 1.000 0.997 0.998 0.998 0.938 0.996 0.999 0.999 0.998 0.974 0.952 
 110   (0.065) 0.004 0.074 0.002 0.000 0.003 0.002 0.002 0.062 0.004 0.001 0.001 0.002 0.026 0.048 

Locus 132 : 139084_52 
2 alleles
5.1% missing data
 120   (0.910) 0.994 0.826 0.997 1.000 0.932 0.996 0.999 0.903 0.994 0.998 0.993 0.997 0.996 0.926 
 110   (0.090) 0.006 0.174 0.003 0.000 0.068 0.004 0.001 0.097 0.006 0.002 0.007 0.003 0.004 0.074 

Locus 133 : 139433_54 
2 alleles
3.9% missing data
 120   (0.953) 0.998 0.995 0.999 1.000 0.999 0.999 0.999 0.958 0.946 0.999 0.999 0.999 0.998 0.967 
 100   (0.047) 0.002 0.005 0.001 0.000 0.001 0.001 0.001 0.042 0.054 0.001 0.001 0.001 0.002 0.033 

Locus 134 : 140063_88 
2 alleles
7.9% missing data
 110   (0.953) 0.997 0.992 0.999 1.000 0.998 0.998 0.999 0.949 0.997 0.999 0.999 0.999 0.991 0.964 
 100   (0.047) 0.003 0.008 0.001 0.000 0.002 0.002 0.001 0.051 0.003 0.001 0.001 0.001 0.009 0.036 

Locus 135 : 140194_73 
2 alleles
2.8% missing data
 120   (0.953) 0.997 0.993 0.951 1.000 0.998 0.998 0.999 0.956 0.997 0.999 0.999 0.999 0.998 0.966 
 110   (0.047) 0.003 0.007 0.049 0.000 0.002 0.002 0.001 0.044 0.003 0.001 0.001 0.001 0.002 0.034 

Locus 136 : 141313_8 
2 alleles
2.8% missing data
 120   (0.950) 0.997 0.995 0.999 1.000 0.998 0.998 0.999 0.955 0.920 0.999 0.999 0.999 0.998 0.964 
 100   (0.050) 0.003 0.005 0.001 0.000 0.002 0.002 0.001 0.045 0.080 0.001 0.001 0.001 0.002 0.036 

Locus 137 : 145284_28 
2 alleles
2.8% missing data
 130   (0.950) 0.997 0.624 0.999 1.000 0.998 0.998 0.999 0.955 0.997 0.999 0.999 0.999 0.998 0.965 
 110   (0.050) 0.003 0.376 0.001 0.000 0.002 0.002 0.001 0.045 0.003 0.001 0.001 0.001 0.002 0.035 

Locus 138 : 145957_11 
2 alleles
4.5% missing data
 130   (0.952) 0.998 0.995 0.999 1.000 0.998 0.998 0.891 0.957 0.997 0.999 0.999 0.999 0.998 0.965 
 110   (0.048) 0.002 0.005 0.001 0.000 0.002 0.002 0.109 0.043 0.003 0.001 0.001 0.001 0.002 0.035 

Locus 139 : 160306_34 
2 alleles
2.8% missing data
 120   (0.932) 0.771 0.993 0.998 1.000 0.997 0.997 0.997 0.935 0.996 0.999 0.998 0.998 0.968 0.949 
 100   (0.068) 0.229 0.007 0.002 0.000 0.003 0.003 0.003 0.065 0.004 0.001 0.002 0.002 0.032 0.051 

Locus 140 : 162107_37 
2 alleles
3.4% missing data
 120   (0.932) 0.911 0.993 0.998 1.000 0.998 0.997 0.999 0.927 0.996 0.999 0.999 0.998 0.991 0.949 
 100   (0.068) 0.089 0.007 0.002 0.000 0.002 0.003 0.001 0.073 0.004 0.001 0.001 0.002 0.009 0.051 

Locus 141 : 163290_36 
2 alleles
5.1% missing data
 130   (0.911) 0.995 0.751 0.997 0.987 0.924 0.996 0.998 0.914 0.994 0.997 0.984 0.997 0.996 0.902 
 110   (0.089) 0.005 0.249 0.003 0.013 0.076 0.004 0.002 0.086 0.006 0.003 0.016 0.003 0.004 0.098 

Locus 142 : 163453_13 
2 alleles
5.6% missing data
 120   (0.954) 0.997 0.994 0.999 1.000 0.986 0.998 0.999 0.950 0.997 0.999 0.999 0.998 0.998 0.961 
 110   (0.046) 0.003 0.006 0.001 0.000 0.014 0.002 0.001 0.050 0.003 0.001 0.001 0.002 0.002 0.039 

Locus 143 : 163580_14 
2 alleles
10.1% missing data
 120   (0.952) 0.997 0.995 0.999 0.907 0.997 0.998 0.999 0.956 0.997 0.968 0.996 0.998 0.998 0.966 
 100   (0.048) 0.003 0.005 0.001 0.093 0.003 0.002 0.001 0.044 0.003 0.032 0.004 0.002 0.002 0.034 

Locus 144 : 164461_13 
2 alleles
5.6% missing data
 100   (0.952) 0.997 0.995 0.999 1.000 0.865 0.998 0.999 0.956 0.997 0.999 0.999 0.999 0.998 0.966 
 120   (0.048) 0.003 0.005 0.001 0.000 0.135 0.002 0.001 0.044 0.003 0.001 0.001 0.001 0.002 0.034 

Locus 145 : 165413_43 
2 alleles
1.7% missing data
 110   (0.944) 0.997 0.994 0.999 1.000 0.997 0.998 0.999 0.941 0.997 0.999 0.999 0.999 0.949 0.957 
 130   (0.056) 0.003 0.006 0.001 0.000 0.003 0.002 0.001 0.059 0.003 0.001 0.001 0.001 0.051 0.043 

Locus 146 : 168629_44 
2 alleles
5.6% missing data
 130   (0.936) 0.996 0.990 0.998 1.000 0.982 0.998 0.999 0.939 0.996 0.999 0.991 0.998 0.966 0.951 
 110   (0.064) 0.004 0.010 0.002 0.000 0.018 0.002 0.001 0.061 0.004 0.001 0.009 0.002 0.034 0.049 

Locus 147 : 168991_77 
2 alleles
5.6% missing data
 110   (0.845) 0.647 0.979 0.995 0.998 0.986 0.987 0.962 0.818 0.990 0.997 0.936 0.995 0.909 0.874 
 100   (0.155) 0.353 0.021 0.005 0.002 0.014 0.013 0.038 0.182 0.010 0.003 0.064 0.005 0.091 0.126 

Locus 148 : 169478_88 
2 alleles
5.1% missing data
 130   (0.954) 0.997 0.995 0.959 1.000 0.998 0.998 0.999 0.956 0.997 0.999 0.999 0.999 0.998 0.967 
 100   (0.046) 0.003 0.005 0.041 0.000 0.002 0.002 0.001 0.044 0.003 0.001 0.001 0.001 0.002 0.033 

Locus 149 : 169898_8 
2 alleles
6.2% missing data
 120   (0.935) 0.996 0.993 0.998 1.000 0.968 0.997 0.999 0.940 0.995 0.999 0.999 0.998 0.921 0.953 
 100   (0.065) 0.004 0.007 0.002 0.000 0.032 0.003 0.001 0.060 0.005 0.001 0.001 0.002 0.079 0.047 

Locus 150 : 170224_42 
2 alleles
7.3% missing data
 100   (0.903) 0.994 0.983 0.997 0.998 0.806 0.996 0.999 0.897 0.993 0.998 0.969 0.997 0.952 0.917 
 120   (0.097) 0.006 0.017 0.003 0.002 0.194 0.004 0.001 0.103 0.007 0.002 0.031 0.003 0.048 0.083 

Locus 151 : 174083_22 
2 alleles
3.9% missing data
 120   (0.945) 0.997 0.995 0.999 1.000 0.998 0.998 0.999 0.951 0.787 0.999 0.999 0.999 0.998 0.961 
 100   (0.055) 0.003 0.005 0.001 0.000 0.002 0.002 0.001 0.049 0.213 0.001 0.001 0.001 0.002 0.039 

Locus 152 : 174223_24 
2 alleles
2.8% missing data
 120   (0.954) 0.998 0.995 0.999 1.000 0.999 0.998 1.000 0.948 0.997 0.993 0.999 0.999 0.998 0.965 
 100   (0.046) 0.002 0.005 0.001 0.000 0.001 0.002 0.000 0.052 0.003 0.007 0.001 0.001 0.002 0.035 

Locus 153 : 174263_44 
2 alleles
3.9% missing data
 130   (0.952) 0.998 0.995 0.996 1.000 0.999 0.998 0.999 0.956 0.997 0.999 0.999 0.726 0.998 0.966 
 110   (0.048) 0.002 0.005 0.004 0.000 0.001 0.002 0.001 0.044 0.003 0.001 0.001 0.274 0.002 0.034 

Locus 154 : 175657_6 
2 alleles
8.4% missing data
 100   (0.926) 0.777 0.993 0.998 1.000 0.998 0.998 0.999 0.932 0.995 0.999 0.999 0.998 0.936 0.947 
 130   (0.074) 0.223 0.007 0.002 0.000 0.002 0.002 0.001 0.068 0.005 0.001 0.001 0.002 0.064 0.053 

Locus 155 : 176570_23 
2 alleles
3.9% missing data
 130   (0.948) 0.997 0.994 0.996 0.995 0.994 0.988 0.987 0.935 0.997 0.997 0.999 0.995 0.998 0.939 
 110   (0.052) 0.003 0.006 0.004 0.005 0.006 0.012 0.013 0.065 0.003 0.003 0.001 0.005 0.002 0.061 

Locus 156 : 176775_13 
2 alleles
6.7% missing data
 130   (0.946) 0.997 0.994 0.999 1.000 0.998 0.998 0.999 0.951 0.708 0.999 0.999 0.999 0.998 0.961 
 110   (0.054) 0.003 0.006 0.001 0.000 0.002 0.002 0.001 0.049 0.292 0.001 0.001 0.001 0.002 0.039 

Locus 157 : 178448_19 
2 alleles
3.4% missing data
 120   (0.950) 0.997 0.995 0.999 1.000 0.998 0.998 0.999 0.955 0.882 0.999 0.999 0.999 0.998 0.964 
 100   (0.050) 0.003 0.005 0.001 0.000 0.002 0.002 0.001 0.045 0.118 0.001 0.001 0.001 0.002 0.036 

Locus 158 : 179162_16 
2 alleles
6.2% missing data
 120   (0.954) 0.998 0.995 0.999 1.000 0.998 0.999 0.999 0.957 0.971 0.999 0.999 0.999 0.998 0.967 
 100   (0.046) 0.002 0.005 0.001 0.000 0.002 0.001 0.001 0.043 0.029 0.001 0.001 0.001 0.002 0.033 

Locus 159 : 179286_31 
2 alleles
2.8% missing data
 120   (0.928) 0.906 0.993 0.998 1.000 0.998 0.997 0.999 0.933 0.995 0.999 0.999 0.998 0.908 0.948 
 100   (0.072) 0.094 0.007 0.002 0.000 0.002 0.003 0.001 0.067 0.005 0.001 0.001 0.002 0.092 0.052 

Locus 160 : 179594_17 
2 alleles
4.5% missing data
 120   (0.909) 0.754 0.926 0.997 1.000 0.975 0.996 0.999 0.904 0.994 0.995 0.998 0.997 0.996 0.931 
 100   (0.091) 0.246 0.074 0.003 0.000 0.025 0.004 0.001 0.096 0.006 0.005 0.002 0.003 0.004 0.069 

Locus 161 : 180413_54 
2 alleles
3.9% missing data
 100   (0.949) 0.997 0.995 0.999 1.000 0.998 0.998 0.999 0.954 0.882 0.999 0.999 0.999 0.998 0.963 
 110   (0.051) 0.003 0.005 0.001 0.000 0.002 0.002 0.001 0.046 0.118 0.001 0.001 0.001 0.002 0.037 

Locus 162 : 182862_79 
2 alleles
3.4% missing data
 130   (0.947) 0.997 0.995 0.999 1.000 0.998 0.998 0.999 0.952 0.868 0.999 0.999 0.999 0.998 0.962 
 110   (0.053) 0.003 0.005 0.001 0.000 0.002 0.002 0.001 0.048 0.132 0.001 0.001 0.001 0.002 0.038 

Locus 163 : 183288_63 
2 alleles
10.1% missing data
 100   (0.954) 0.997 0.995 0.999 1.000 0.998 0.999 0.999 0.957 0.971 0.999 0.999 0.999 0.998 0.966 
 120   (0.046) 0.003 0.005 0.001 0.000 0.002 0.001 0.001 0.043 0.029 0.001 0.001 0.001 0.002 0.034 

Locus 164 : 183906_55 
2 alleles
6.7% missing data
 130   (0.949) 0.997 0.995 0.999 1.000 0.998 0.998 0.999 0.954 0.946 0.999 0.999 0.998 0.998 0.963 
 100   (0.051) 0.003 0.005 0.001 0.000 0.002 0.002 0.001 0.046 0.054 0.001 0.001 0.002 0.002 0.037 

Locus 165 : 183990_7 
2 alleles
3.4% missing data
 120   (0.944) 0.997 0.994 0.999 1.000 0.997 0.998 0.999 0.943 0.996 0.999 0.868 0.999 0.998 0.947 
 100   (0.056) 0.003 0.006 0.001 0.000 0.003 0.002 0.001 0.057 0.004 0.001 0.132 0.001 0.002 0.053 

Locus 166 : 185904_60 
2 alleles
3.4% missing data
 120   (0.951) 0.997 0.995 0.999 1.000 0.921 0.998 0.999 0.954 0.997 0.999 0.999 0.999 0.998 0.965 
 100   (0.049) 0.003 0.005 0.001 0.000 0.079 0.002 0.001 0.046 0.003 0.001 0.001 0.001 0.002 0.035 

Locus 167 : 191703_64 
2 alleles
1.7% missing data
 130   (0.924) 0.876 0.682 0.998 1.000 0.998 0.997 0.999 0.929 0.995 0.999 0.999 0.998 0.997 0.945 
 110   (0.076) 0.124 0.318 0.002 0.000 0.002 0.003 0.001 0.071 0.005 0.001 0.001 0.002 0.003 0.055 

Locus 168 : 193854_7 
2 alleles
1.7% missing data
 130   (0.930) 0.996 0.992 0.998 1.000 0.997 0.997 0.999 0.935 0.884 0.999 0.999 0.963 0.997 0.950 
 110   (0.070) 0.004 0.008 0.002 0.000 0.003 0.003 0.001 0.065 0.116 0.001 0.001 0.037 0.003 0.050 

Locus 169 : 194868_38 
2 alleles
5.6% missing data
 120   (0.933) 0.962 0.992 0.998 1.000 0.998 0.998 0.999 0.935 0.996 0.999 0.996 0.998 0.909 0.952 
 100   (0.067) 0.038 0.008 0.002 0.000 0.002 0.002 0.001 0.065 0.004 0.001 0.004 0.002 0.091 0.048 

Locus 170 : 195463_36 
2 alleles
5.1% missing data
 120   (0.952) 0.871 0.995 0.999 1.000 0.999 0.998 0.999 0.957 0.997 0.999 0.999 0.999 0.998 0.966 
 100   (0.048) 0.129 0.005 0.001 0.000 0.001 0.002 0.001 0.043 0.003 0.001 0.001 0.001 0.002 0.034 

Locus 171 : 195727_20 
2 alleles
1.7% missing data
 130   (0.949) 0.997 0.995 0.999 1.000 0.999 0.998 0.999 0.955 0.915 0.999 0.999 0.999 0.998 0.962 
 110   (0.051) 0.003 0.005 0.001 0.000 0.001 0.002 0.001 0.045 0.085 0.001 0.001 0.001 0.002 0.038 

Locus 172 : 197508_5 
2 alleles
2.2% missing data
 120   (0.955) 0.998 0.994 0.999 1.000 0.999 0.998 1.000 0.951 0.997 0.999 0.999 0.999 0.991 0.967 
 100   (0.045) 0.002 0.006 0.001 0.000 0.001 0.002 0.000 0.049 0.003 0.001 0.001 0.001 0.009 0.033 

Locus 173 : 199140_10 
2 alleles
4.5% missing data
 130   (0.951) 0.997 0.995 0.999 1.000 0.998 0.998 0.999 0.940 0.997 0.999 0.997 0.999 0.998 0.963 
 110   (0.049) 0.003 0.005 0.001 0.000 0.002 0.002 0.001 0.060 0.003 0.001 0.003 0.001 0.002 0.037 

Locus 174 : 199429_51 
2 alleles
5.1% missing data
 130   (0.951) 0.996 0.993 0.999 1.000 0.983 0.998 0.999 0.945 0.997 0.999 0.999 0.999 0.998 0.960 
 100   (0.049) 0.004 0.007 0.001 0.000 0.017 0.002 0.001 0.055 0.003 0.001 0.001 0.001 0.002 0.040 

Locus 175 : 199635_9 
2 alleles
3.4% missing data
 120   (0.947) 0.997 0.995 0.999 1.000 0.998 0.998 0.999 0.953 0.831 0.999 0.999 0.999 0.998 0.962 
 100   (0.053) 0.003 0.005 0.001 0.000 0.002 0.002 0.001 0.047 0.169 0.001 0.001 0.001 0.002 0.038 

Locus 176 : 200923_8 
2 alleles
5.1% missing data
 100   (0.951) 0.995 0.933 0.999 1.000 0.998 0.998 0.999 0.954 0.997 0.999 0.999 0.999 0.998 0.963 
 110   (0.049) 0.005 0.067 0.001 0.000 0.002 0.002 0.001 0.046 0.003 0.001 0.001 0.001 0.002 0.037 

Locus 177 : 201090_64 
2 alleles
5.1% missing data
 130   (0.955) 0.997 0.995 0.999 1.000 0.962 0.998 0.999 0.957 0.997 0.999 0.999 0.999 0.998 0.968 
 100   (0.045) 0.003 0.005 0.001 0.000 0.038 0.002 0.001 0.043 0.003 0.001 0.001 0.001 0.002 0.032 

Locus 178 : 201549_57 
2 alleles
4.5% missing data
 120   (0.953) 0.914 0.995 0.999 1.000 0.999 0.999 1.000 0.957 0.997 0.999 0.999 0.999 0.998 0.965 
 110   (0.047) 0.086 0.005 0.001 0.000 0.001 0.001 0.000 0.043 0.003 0.001 0.001 0.001 0.002 0.035 

Locus 179 : 203565_40 
2 alleles
3.9% missing data
 120   (0.954) 0.998 0.932 0.999 1.000 0.998 0.998 0.999 0.958 0.997 0.999 0.999 0.999 0.998 0.967 
 100   (0.046) 0.002 0.068 0.001 0.000 0.002 0.002 0.001 0.042 0.003 0.001 0.001 0.001 0.002 0.033 

Locus 180 : 205184_19 
2 alleles
7.3% missing data
 110   (0.894) 0.994 0.989 0.877 1.000 0.997 0.996 0.999 0.903 0.762 0.998 0.999 0.897 0.996 0.924 
 120   (0.106) 0.006 0.011 0.123 0.000 0.003 0.004 0.001 0.097 0.238 0.002 0.001 0.103 0.004 0.076 

Locus 181 : 206551_17 
2 alleles
6.2% missing data
 120   (0.890) 0.967 0.939 0.997 1.000 0.658 0.996 0.999 0.890 0.993 0.888 0.994 0.997 0.996 0.917 
 100   (0.110) 0.033 0.061 0.003 0.000 0.342 0.004 0.001 0.110 0.007 0.112 0.006 0.003 0.004 0.083 

Locus 182 : 216246_19 
2 alleles
2.8% missing data
 110   (0.935) 0.984 0.987 0.998 1.000 0.996 0.997 0.999 0.925 0.996 0.999 0.993 0.998 0.987 0.947 
 130   (0.065) 0.016 0.013 0.002 0.000 0.004 0.003 0.001 0.075 0.004 0.001 0.007 0.002 0.013 0.053 

Locus 183 : 216776_13 
2 alleles
5.6% missing data
 120   (0.907) 0.995 0.991 0.976 1.000 0.997 0.996 0.999 0.915 0.730 0.864 0.999 0.997 0.996 0.932 
 110   (0.093) 0.005 0.009 0.024 0.000 0.003 0.004 0.001 0.085 0.270 0.136 0.001 0.003 0.004 0.068 

Locus 184 : 217291_37 
2 alleles
3.9% missing data
 120   (0.950) 0.920 0.994 0.999 1.000 0.998 0.998 0.999 0.947 0.997 0.999 0.999 0.999 0.998 0.963 
 100   (0.050) 0.080 0.006 0.001 0.000 0.002 0.002 0.001 0.053 0.003 0.001 0.001 0.001 0.002 0.037 

Locus 185 : 217570_13 
2 alleles
3.9% missing data
 130   (0.949) 0.997 0.995 0.999 1.000 0.998 0.998 0.999 0.954 0.867 0.999 0.999 0.999 0.998 0.964 
 110   (0.051) 0.003 0.005 0.001 0.000 0.002 0.002 0.001 0.046 0.133 0.001 0.001 0.001 0.002 0.036 

Locus 186 : 220422_65 
2 alleles
3.4% missing data
 120   (0.938) 0.982 0.993 0.998 1.000 0.996 0.994 0.999 0.925 0.996 0.999 0.999 0.998 0.983 0.950 
 110   (0.062) 0.018 0.007 0.002 0.000 0.004 0.006 0.001 0.075 0.004 0.001 0.001 0.002 0.017 0.050 

Locus 187 : 220502_40 
2 alleles
6.7% missing data
 120   (0.954) 0.997 0.994 0.998 1.000 0.998 0.996 0.984 0.955 0.997 0.999 0.999 0.998 0.997 0.966 
 110   (0.046) 0.003 0.006 0.002 0.000 0.002 0.004 0.016 0.045 0.003 0.001 0.001 0.002 0.003 0.034 

Locus 188 : 220519_81 
2 alleles
4.5% missing data
 130   (0.926) 0.996 0.932 0.998 1.000 0.998 0.998 0.999 0.932 0.859 0.999 0.999 0.998 0.997 0.947 
 110   (0.074) 0.004 0.068 0.002 0.000 0.002 0.002 0.001 0.068 0.141 0.001 0.001 0.002 0.003 0.053 

Locus 189 : 222347_17 
2 alleles
3.9% missing data
 120   (0.950) 0.997 0.995 0.999 1.000 0.998 0.998 0.999 0.955 0.893 0.999 0.999 0.999 0.998 0.964 
 100   (0.050) 0.003 0.005 0.001 0.000 0.002 0.002 0.001 0.045 0.107 0.001 0.001 0.001 0.002 0.036 

Locus 190 : 222896_46 
2 alleles
0.6% missing data
 110   (0.952) 0.998 0.995 0.999 1.000 0.998 0.999 1.000 0.957 0.945 0.999 0.999 0.999 0.998 0.967 
 130   (0.048) 0.002 0.005 0.001 0.000 0.002 0.001 0.000 0.043 0.055 0.001 0.001 0.001 0.002 0.033 

Locus 191 : 223181_12 
2 alleles
3.4% missing data
 120   (0.945) 0.997 0.995 0.999 1.000 0.998 0.998 0.999 0.950 0.726 0.999 0.999 0.999 0.998 0.961 
 100   (0.055) 0.003 0.005 0.001 0.000 0.002 0.002 0.001 0.050 0.274 0.001 0.001 0.001 0.002 0.039 

Locus 192 : 224649_57 
2 alleles
5.1% missing data
 100   (0.952) 0.997 0.994 0.955 1.000 0.998 0.998 0.999 0.954 0.997 0.999 0.999 0.999 0.998 0.965 
 110   (0.048) 0.003 0.006 0.045 0.000 0.002 0.002 0.001 0.046 0.003 0.001 0.001 0.001 0.002 0.035 

Locus 193 : 226245_11 
2 alleles
5.1% missing data
 130   (0.951) 0.997 0.994 0.999 1.000 0.999 0.994 0.952 0.955 0.997 0.999 0.999 0.999 0.998 0.965 
 110   (0.049) 0.003 0.006 0.001 0.000 0.001 0.006 0.048 0.045 0.003 0.001 0.001 0.001 0.002 0.035 

Locus 194 : 226342_59 
2 alleles
6.2% missing data
 120   (0.920) 0.995 0.991 0.995 0.999 0.996 0.995 0.999 0.925 0.909 0.996 0.998 0.943 0.996 0.942 
 100   (0.080) 0.005 0.009 0.005 0.001 0.004 0.005 0.001 0.075 0.091 0.004 0.002 0.057 0.004 0.058 

Locus 195 : 228970_13 
2 alleles
3.9% missing data
 120   (0.954) 0.960 0.995 0.999 1.000 0.998 0.998 0.999 0.957 0.997 0.999 0.999 0.999 0.998 0.966 
 100   (0.046) 0.040 0.005 0.001 0.000 0.002 0.002 0.001 0.043 0.003 0.001 0.001 0.001 0.002 0.034 

Locus 196 : 229097_27 
2 alleles
5.1% missing data
 130   (0.944) 0.997 0.995 0.999 1.000 0.998 0.998 0.999 0.950 0.794 0.999 0.999 0.999 0.998 0.961 
 110   (0.056) 0.003 0.005 0.001 0.000 0.002 0.002 0.001 0.050 0.206 0.001 0.001 0.001 0.002 0.039 

Locus 197 : 229177_29 
2 alleles
7.3% missing data
 130   (0.949) 0.997 0.995 0.998 0.999 0.997 0.998 0.999 0.952 0.997 0.819 0.999 0.998 0.998 0.962 
 110   (0.051) 0.003 0.005 0.002 0.001 0.003 0.002 0.001 0.048 0.003 0.181 0.001 0.002 0.002 0.038 

Locus 198 : 229612_7 
2 alleles
6.2% missing data
 100   (0.953) 0.997 0.994 0.999 1.000 0.998 0.998 0.999 0.949 0.997 0.999 0.999 0.999 0.990 0.965 
 120   (0.047) 0.003 0.006 0.001 0.000 0.002 0.002 0.001 0.051 0.003 0.001 0.001 0.001 0.010 0.035 

Locus 199 : 229936_67 
2 alleles
3.9% missing data
 120   (0.950) 0.997 0.994 0.996 0.995 0.994 0.988 0.986 0.937 0.997 0.997 0.999 0.995 0.998 0.941 
 100   (0.050) 0.003 0.006 0.004 0.005 0.006 0.012 0.014 0.063 0.003 0.003 0.001 0.005 0.002 0.059 

Locus 200 : 232937_62 
2 alleles
2.2% missing data
 100   (0.954) 0.998 0.995 0.999 1.000 0.998 0.998 0.999 0.948 0.997 0.994 0.999 0.999 0.998 0.966 
 120   (0.046) 0.002 0.005 0.001 0.000 0.002 0.002 0.001 0.052 0.003 0.006 0.001 0.001 0.002 0.034 

Locus 201 : 233194_6 
2 alleles
2.8% missing data
 120   (0.922) 0.996 0.992 0.998 1.000 0.997 0.997 0.999 0.928 0.671 0.999 0.999 0.924 0.997 0.944 
 100   (0.078) 0.004 0.008 0.002 0.000 0.003 0.003 0.001 0.072 0.329 0.001 0.001 0.076 0.003 0.056 

Locus 202 : 234346_33 
2 alleles
4.5% missing data
 110   (0.949) 0.997 0.995 0.996 1.000 0.998 0.998 0.999 0.954 0.996 0.999 0.999 0.699 0.998 0.963 
 130   (0.051) 0.003 0.005 0.004 0.000 0.002 0.002 0.001 0.046 0.004 0.001 0.001 0.301 0.002 0.037 

Locus 203 : 235241_77 
2 alleles
2.2% missing data
 130   (0.948) 0.997 0.995 0.999 1.000 0.998 0.998 0.999 0.953 0.840 0.999 0.999 0.999 0.998 0.963 
 100   (0.052) 0.003 0.005 0.001 0.000 0.002 0.002 0.001 0.047 0.160 0.001 0.001 0.001 0.002 0.037 

Locus 204 : 236207_44 
2 alleles
6.2% missing data
 120   (0.909) 0.962 0.861 0.998 1.000 0.997 0.996 0.694 0.915 0.994 0.999 0.999 0.998 0.996 0.934 
 100   (0.091) 0.038 0.139 0.002 0.000 0.003 0.004 0.306 0.085 0.006 0.001 0.001 0.002 0.004 0.066 

Locus 205 : 236307_12 
2 alleles
1.7% missing data
 130   (0.945) 0.993 0.993 0.999 1.000 0.998 0.998 0.999 0.950 0.997 0.999 0.675 0.999 0.998 0.950 
 110   (0.055) 0.007 0.007 0.001 0.000 0.002 0.002 0.001 0.050 0.003 0.001 0.325 0.001 0.002 0.050 

Locus 206 : 236931_45 
2 alleles
6.7% missing data
 120   (0.880) 0.732 0.463 0.997 1.000 0.996 0.996 0.998 0.888 0.992 0.998 0.998 0.997 0.721 0.913 
 100   (0.120) 0.268 0.537 0.003 0.000 0.004 0.004 0.002 0.112 0.008 0.002 0.002 0.003 0.279 0.087 

Locus 207 : 236999_38 
2 alleles
2.8% missing data
 120   (0.950) 0.997 0.995 0.999 1.000 0.998 0.998 0.999 0.955 0.945 0.999 0.999 0.999 0.998 0.964 
 100   (0.050) 0.003 0.005 0.001 0.000 0.002 0.002 0.001 0.045 0.055 0.001 0.001 0.001 0.002 0.036 

Locus 208 : 240398_42 
2 alleles
3.9% missing data
 110   (0.840) 0.885 0.457 0.996 0.999 0.995 0.994 0.998 0.840 0.990 0.997 0.705 0.996 0.841 0.879 
 130   (0.160) 0.115 0.543 0.004 0.001 0.005 0.006 0.002 0.160 0.010 0.003 0.295 0.004 0.159 0.121 

Locus 209 : 240825_22 
2 alleles
6.2% missing data
 130   (0.953) 0.997 0.991 0.998 0.999 0.993 0.998 0.999 0.950 0.997 0.997 0.998 0.998 0.998 0.958 
 110   (0.047) 0.003 0.009 0.002 0.001 0.007 0.002 0.001 0.050 0.003 0.003 0.002 0.002 0.002 0.042 

Locus 210 : 244435_48 
2 alleles
1.7% missing data
 110   (0.952) 0.998 0.995 0.999 1.000 0.999 0.997 0.952 0.956 0.997 0.999 0.999 0.999 0.997 0.965 
 130   (0.048) 0.002 0.005 0.001 0.000 0.001 0.003 0.048 0.044 0.003 0.001 0.001 0.001 0.003 0.035 

Locus 211 : 245971_21 
2 alleles
5.1% missing data
 130   (0.949) 0.997 0.995 0.999 1.000 0.998 0.999 0.999 0.954 0.915 0.999 0.999 0.999 0.998 0.963 
 120   (0.051) 0.003 0.005 0.001 0.000 0.002 0.001 0.001 0.046 0.085 0.001 0.001 0.001 0.002 0.037 

Locus 212 : 246895_22 
2 alleles
3.4% missing data
 120   (0.953) 0.998 0.995 0.999 1.000 0.998 0.998 0.999 0.944 0.997 0.999 0.996 0.999 0.998 0.964 
 110   (0.047) 0.002 0.005 0.001 0.000 0.002 0.002 0.001 0.056 0.003 0.001 0.004 0.001 0.002 0.036 

Locus 213 : 248131_26 
2 alleles
7.9% missing data
 130   (0.937) 0.993 0.991 0.997 0.999 0.956 0.996 0.999 0.940 0.996 0.998 0.999 0.998 0.979 0.954 
 110   (0.063) 0.007 0.009 0.003 0.001 0.044 0.004 0.001 0.060 0.004 0.002 0.001 0.002 0.021 0.046 

Locus 214 : 250844_49 
2 alleles
7.3% missing data
 130   (0.954) 0.997 0.995 0.999 1.000 0.998 0.998 0.999 0.947 0.997 0.999 0.999 0.999 0.990 0.964 
 100   (0.046) 0.003 0.005 0.001 0.000 0.002 0.002 0.001 0.053 0.003 0.001 0.001 0.001 0.010 0.036 

Locus 215 : 251283_19 
2 alleles
5.6% missing data
 120   (0.953) 0.998 0.831 0.999 1.000 0.998 0.999 0.999 0.957 0.997 0.999 0.999 0.999 0.998 0.966 
 100   (0.047) 0.002 0.169 0.001 0.000 0.002 0.001 0.001 0.043 0.003 0.001 0.001 0.001 0.002 0.034 

Locus 216 : 251358_15 
2 alleles
8.4% missing data
 110   (0.937) 0.996 0.991 0.998 1.000 0.998 0.997 0.990 0.938 0.996 0.999 0.999 0.998 0.803 0.954 
 120   (0.063) 0.004 0.009 0.002 0.000 0.002 0.003 0.010 0.062 0.004 0.001 0.001 0.002 0.197 0.046 

Locus 217 : 251901_42 
2 alleles
2.2% missing data
 120   (0.954) 0.997 0.995 0.999 1.000 0.978 0.997 0.999 0.950 0.997 0.999 0.999 0.999 0.998 0.966 
 100   (0.046) 0.003 0.005 0.001 0.000 0.022 0.003 0.001 0.050 0.003 0.001 0.001 0.001 0.002 0.034 

Locus 218 : 252158_43 
2 alleles
0.0% missing data
 120   (0.951) 0.998 0.995 0.999 1.000 0.999 0.999 0.999 0.957 0.919 0.999 0.999 0.999 0.998 0.966 
 100   (0.049) 0.002 0.005 0.001 0.000 0.001 0.001 0.001 0.043 0.081 0.001 0.001 0.001 0.002 0.034 

Locus 219 : 252988_16 
2 alleles
7.9% missing data
 110   (0.948) 0.997 0.994 0.998 1.000 0.747 0.999 0.999 0.952 0.997 0.999 0.998 0.999 0.997 0.963 
 100   (0.052) 0.003 0.006 0.002 0.000 0.253 0.001 0.001 0.048 0.003 0.001 0.002 0.001 0.003 0.037 

Locus 220 : 254425_88 
2 alleles
5.6% missing data
 130   (0.921) 0.996 0.992 0.765 1.000 0.997 0.997 0.999 0.929 0.782 0.999 0.999 0.998 0.997 0.944 
 110   (0.079) 0.004 0.008 0.235 0.000 0.003 0.003 0.001 0.071 0.218 0.001 0.001 0.002 0.003 0.056 

Locus 221 : 256337_57 
2 alleles
5.6% missing data
 110   (0.953) 0.998 0.929 0.999 1.000 0.998 0.998 1.000 0.957 0.997 0.999 0.999 0.999 0.998 0.966 
 130   (0.047) 0.002 0.071 0.001 0.000 0.002 0.002 0.000 0.043 0.003 0.001 0.001 0.001 0.002 0.034 

Locus 222 : 259058_15 
2 alleles
1.7% missing data
 120   (0.951) 0.998 0.995 0.999 1.000 0.999 0.998 1.000 0.957 0.997 0.999 0.999 0.775 0.998 0.965 
 100   (0.049) 0.002 0.005 0.001 0.000 0.001 0.002 0.000 0.043 0.003 0.001 0.001 0.225 0.002 0.035 

Locus 223 : 259869_81 
2 alleles
0.6% missing data
 120   (0.953) 0.998 0.995 0.894 1.000 0.999 0.999 1.000 0.958 0.997 0.999 1.000 0.998 0.998 0.967 
 130   (0.047) 0.002 0.005 0.106 0.000 0.001 0.001 0.000 0.042 0.003 0.001 0.000 0.002 0.002 0.033 

Locus 224 : 260700_55 
2 alleles
2.2% missing data
 130   (0.954) 0.997 0.994 0.998 1.000 0.996 0.998 0.999 0.956 0.997 0.977 0.999 0.999 0.998 0.966 
 110   (0.046) 0.003 0.006 0.002 0.000 0.004 0.002 0.001 0.044 0.003 0.023 0.001 0.001 0.002 0.034 

Locus 225 : 262223_11 
2 alleles
4.5% missing data
 130   (0.954) 0.997 0.996 0.999 1.000 0.999 0.998 1.000 0.959 0.997 0.883 0.999 0.999 0.998 0.967 
 100   (0.046) 0.003 0.004 0.001 0.000 0.001 0.002 0.000 0.041 0.003 0.117 0.001 0.001 0.002 0.033 

Locus 226 : 262346_48 
2 alleles
3.4% missing data
 130   (0.949) 0.997 0.413 0.999 1.000 0.998 0.998 0.999 0.954 0.997 0.999 0.999 0.999 0.998 0.963 
 110   (0.051) 0.003 0.587 0.001 0.000 0.002 0.002 0.001 0.046 0.003 0.001 0.001 0.001 0.002 0.037 

Locus 227 : 262620_18 
2 alleles
3.9% missing data
 110   (0.942) 0.994 0.991 0.997 0.995 0.997 0.994 0.995 0.933 0.996 0.997 0.986 0.997 0.996 0.951 
 130   (0.058) 0.006 0.009 0.003 0.005 0.003 0.006 0.005 0.067 0.004 0.003 0.014 0.003 0.004 0.049 

Locus 228 : 263002_42 
2 alleles
3.4% missing data
 120   (0.948) 0.996 0.994 0.999 1.000 0.998 0.998 0.999 0.951 0.997 0.999 0.999 0.999 0.861 0.963 
 100   (0.052) 0.004 0.006 0.001 0.000 0.002 0.002 0.001 0.049 0.003 0.001 0.001 0.001 0.139 0.037 

Locus 229 : 263813_70 
2 alleles
10.1% missing data
 130   (0.952) 0.997 0.995 0.879 1.000 0.998 0.999 0.999 0.957 0.997 0.999 0.999 0.999 0.998 0.966 
 110   (0.048) 0.003 0.005 0.121 0.000 0.002 0.001 0.001 0.043 0.003 0.001 0.001 0.001 0.002 0.034 

Locus 230 : 264184_13 
2 alleles
10.1% missing data
 110   (0.905) 0.994 0.938 0.997 1.000 0.849 0.995 0.922 0.909 0.993 0.998 0.999 0.998 0.996 0.928 
 130   (0.095) 0.006 0.062 0.003 0.000 0.151 0.005 0.078 0.091 0.007 0.002 0.001 0.002 0.004 0.072 

Values of parameters used in structure:
DATAFILE=C:\Users\jmahg\OneDrive\Desktop\Transfers\TrkNbr-1524n1282n1083_AllPops_Structure_p18_r080_LDnHWEx\project_data,	OUTFILE=C:\Users\jmahg\OneDrive\Desktop\Transfers\TrkNbr-1524n1282n1083_AllPops_Structure_p18_r080_LDnHWEx\BI50000_MCMC100000\Results\BI50000_MCMC100000_run_133,	NUMINDS=178,	NUMLOCI=230,	MISSING=0,	LABEL=1,	POPDATA=1,	POPFLAG=0,	PHENOTYPE=0,	EXTRACOLS=0,	MAXPOPS=14,	BURNIN=50000,	NUMREPS=100000,	USEPOPINFO=0,	INFERALPHA=1,	INFERLAMBDA=0,	POPSPECIFICLAMBDA=0,	POPALPHAS=0,	COMPUTEPROB=1,	NOADMIX=0,	ADMBURNIN=2500,	UPDATEFREQ=1,	PRINTLIKES=0,	INTERMEDSAVE=0,	PRINTKLD=0,	PRINTNET=0,	PRINTLAMBDA=0,	ANCESTDIST=0,	NUMBOXES=1000,	ANCESTPINT=0.90000,	GENSBACK=2,	MIGRPRIOR=0.05000,	PRINTQHAT=0,	PRINTQSUM=0,	ALPHA=1.0000,	FREQSCORR=1,	FPRIORMEAN=0.0100,	FPRIORSD=0.0500,	ONEFST=0,	LAMBDA=1.0000,	UNIFPRIORALPHA=1,	ALPHAMAX=10.0000,	ALPHAPRIORA=1.0000,	ALPHAPRIORB=2.0000,	ALPHAPROPSD=0.0250,	STARTATPOPINFO=0,	RANDOMIZE=1,	LINKAGE=0,	METROFREQ=10,	REPORTHITRATE=0,	MARKOVPHASE=-1,	PHASED=0,	PLOIDY=2,	PHASEINFO=0	LOCPRIOR=0, 	LOCPRIORINIT=1.000000, 	LOCDATA=0, 	LOCISPOP=0, 	LOCPRIORSTEP=0.100000, 	MAXLOCPRIOR=20.000000, 	SEED=1602988948,	
[STRAT parameters]:    NUMSIMSTATS=1000,	PHENOTYPECOL=-9,	POOLFREQ=10,	LOCUSxONLY=0,	EMERROR=0.00100,	MISSINGPHENO=-9,	