

----------------------------------------------------
STRUCTURE by Pritchard, Stephens and Donnelly (2000)
     and Falush, Stephens and Pritchard (2003)
       Code by Pritchard, Falush and Hubisz
             Version 2.3.4 (Jul 2012)
----------------------------------------------------



Command line arguments:   bin\structure -m C:\Users\jmahg\OneDrive\Desktop\Transfers\TrkNbr-1524n1282n1083_AllPops_Structure_p18_r080_LDnHWEx\BI50000_MCMC100000\mainparams -e C:\Users\jmahg\OneDrive\Desktop\Transfers\TrkNbr-1524n1282n1083_AllPops_Structure_p18_r080_LDnHWEx\BI50000_MCMC100000\extraparams 
Input File:    C:\Users\jmahg\OneDrive\Desktop\Transfers\TrkNbr-1524n1282n1083_AllPops_Structure_p18_r080_LDnHWEx\project_data

Run parameters:
   178 individuals
   230 loci
   17 populations assumed
   50000 Burn-in period
   100000 Reps


--------------------------------------------
Proportion of membership of each pre-defined
 population in each of the 17 clusters

Given    Inferred Clusters                                                                                                         Number of
 Pop       1      2      3      4      5      6      7      8      9     10     11     12     13     14     15     16     17      Individuals

  1:     0.053  0.028  0.011  0.007  0.119  0.002  0.011  0.006  0.008  0.008  0.004  0.649  0.026  0.015  0.033  0.011  0.007       10
  2:     0.076  0.060  0.500  0.004  0.057  0.002  0.014  0.006  0.034  0.024  0.013  0.028  0.055  0.034  0.063  0.007  0.022        8
  3:     0.069  0.092  0.012  0.004  0.024  0.002  0.492  0.007  0.021  0.009  0.004  0.009  0.102  0.027  0.109  0.006  0.011       10
  4:     0.084  0.090  0.063  0.017  0.027  0.002  0.022  0.009  0.400  0.012  0.008  0.019  0.084  0.030  0.105  0.021  0.007       10
  5:     0.015  0.015  0.006  0.003  0.010  0.870  0.007  0.012  0.005  0.004  0.003  0.006  0.014  0.006  0.015  0.004  0.003       10
  6:     0.101  0.142  0.015  0.004  0.028  0.003  0.328  0.010  0.007  0.004  0.004  0.017  0.132  0.044  0.150  0.007  0.003       10
  7:     0.090  0.037  0.010  0.003  0.697  0.002  0.013  0.006  0.006  0.003  0.003  0.022  0.038  0.027  0.035  0.005  0.003       10
  8:     0.100  0.065  0.235  0.039  0.060  0.002  0.032  0.009  0.043  0.053  0.017  0.102  0.057  0.043  0.060  0.048  0.035       10
  9:     0.171  0.181  0.015  0.004  0.132  0.002  0.019  0.009  0.007  0.003  0.003  0.027  0.152  0.059  0.208  0.005  0.002       10
 10:     0.104  0.294  0.015  0.005  0.032  0.003  0.039  0.010  0.009  0.004  0.004  0.011  0.215  0.037  0.211  0.005  0.004       10
 11:     0.053  0.066  0.029  0.009  0.021  0.002  0.014  0.008  0.012  0.029  0.009  0.032  0.058  0.025  0.075  0.537  0.021       10
 12:     0.042  0.051  0.055  0.085  0.020  0.002  0.017  0.009  0.012  0.038  0.006  0.056  0.047  0.014  0.061  0.480  0.005       10
 13:     0.023  0.024  0.010  0.797  0.017  0.002  0.011  0.007  0.008  0.012  0.007  0.010  0.020  0.013  0.025  0.008  0.008       10
 14:     0.045  0.055  0.009  0.004  0.017  0.010  0.017  0.686  0.007  0.005  0.003  0.008  0.050  0.015  0.059  0.005  0.005       10
 15:     0.030  0.036  0.009  0.003  0.018  0.007  0.034  0.746  0.006  0.005  0.003  0.008  0.030  0.014  0.041  0.005  0.005       10
 16:     0.169  0.056  0.029  0.005  0.040  0.002  0.025  0.008  0.386  0.025  0.014  0.021  0.047  0.072  0.066  0.010  0.025       10
 17:     0.075  0.051  0.041  0.015  0.023  0.002  0.014  0.007  0.022  0.009  0.515  0.049  0.044  0.030  0.051  0.044  0.008       10
 18:     0.023  0.023  0.008  0.003  0.012  0.826  0.010  0.009  0.005  0.004  0.003  0.007  0.024  0.010  0.026  0.005  0.003       10
--------------------------------------------

Allele-freq. divergence among pops (Net nucleotide distance),
computed using point estimates of P.

      1       2       3       4       5       6       7       8       9      10      11      12      13      14      15      16      17      
 1      -    0.0002  0.0041  0.0054  0.0012  0.0075  0.0015  0.0021  0.0046  0.0022  0.0086  0.0022  0.0002  0.0011  0.0002  0.0031  0.0025  
 2   0.0002     -    0.0042  0.0053  0.0018  0.0074  0.0013  0.0019  0.0047  0.0025  0.0088  0.0028  0.0000  0.0013  0.0000  0.0031  0.0028  
 3   0.0041  0.0042     -    0.0088  0.0056  0.0114  0.0054  0.0060  0.0085  0.0048  0.0071  0.0064  0.0041  0.0042  0.0042  0.0057  0.0051  
 4   0.0054  0.0053  0.0088     -    0.0070  0.0122  0.0065  0.0070  0.0094  0.0043  0.0108  0.0069  0.0051  0.0044  0.0053  0.0053  0.0047  
 5   0.0012  0.0018  0.0056  0.0070     -    0.0091  0.0031  0.0037  0.0064  0.0033  0.0101  0.0018  0.0016  0.0022  0.0018  0.0047  0.0036  
 6   0.0075  0.0074  0.0114  0.0122  0.0091     -    0.0081  0.0070  0.0118  0.0064  0.0153  0.0099  0.0071  0.0060  0.0074  0.0100  0.0060  
 7   0.0015  0.0013  0.0054  0.0065  0.0031  0.0081     -    0.0031  0.0055  0.0030  0.0098  0.0040  0.0012  0.0021  0.0013  0.0042  0.0032  
 8   0.0021  0.0019  0.0060  0.0070  0.0037  0.0070  0.0031     -    0.0065  0.0032  0.0104  0.0046  0.0018  0.0023  0.0019  0.0047  0.0033  
 9   0.0046  0.0047  0.0085  0.0094  0.0064  0.0118  0.0055  0.0065     -    0.0050  0.0124  0.0069  0.0045  0.0045  0.0047  0.0067  0.0053  
10   0.0022  0.0025  0.0048  0.0043  0.0033  0.0064  0.0030  0.0032  0.0050     -    0.0072  0.0031  0.0020  0.0003  0.0024  0.0024  0.0001  
11   0.0086  0.0088  0.0071  0.0108  0.0101  0.0153  0.0098  0.0104  0.0124  0.0072     -    0.0102  0.0085  0.0071  0.0088  0.0080  0.0071  
12   0.0022  0.0028  0.0064  0.0069  0.0018  0.0099  0.0040  0.0046  0.0069  0.0031  0.0102     -    0.0025  0.0024  0.0027  0.0040  0.0034  
13   0.0002  0.0000  0.0041  0.0051  0.0016  0.0071  0.0012  0.0018  0.0045  0.0020  0.0085  0.0025     -    0.0010  0.0000  0.0028  0.0023  
14   0.0011  0.0013  0.0042  0.0044  0.0022  0.0060  0.0021  0.0023  0.0045  0.0003  0.0071  0.0024  0.0010     -    0.0013  0.0024  0.0003  
15   0.0002  0.0000  0.0042  0.0053  0.0018  0.0074  0.0013  0.0019  0.0047  0.0024  0.0088  0.0027  0.0000  0.0013     -    0.0030  0.0028  
16   0.0031  0.0031  0.0057  0.0053  0.0047  0.0100  0.0042  0.0047  0.0067  0.0024  0.0080  0.0040  0.0028  0.0024  0.0030     -    0.0028  
17   0.0025  0.0028  0.0051  0.0047  0.0036  0.0060  0.0032  0.0033  0.0053  0.0001  0.0071  0.0034  0.0023  0.0003  0.0028  0.0028     -    

Average distances (expected heterozygosity) between individuals in same cluster:
cluster  1  : 0.0063 
cluster  2  : 0.0016 
cluster  3  : 0.0127 
cluster  4  : 0.0399 
cluster  5  : 0.0083 
cluster  6  : 0.0671 
cluster  7  : 0.0150 
cluster  8  : 0.0239 
cluster  9  : 0.0239 
cluster 10  : 0.0838 
cluster 11  : 0.0442 
cluster 12  : 0.0203 
cluster 13  : 0.0101 
cluster 14  : 0.0642 
cluster 15  : 0.0011 
cluster 16  : 0.0360 
cluster 17  : 0.0939 

--------------------------------------------
Estimated Ln Prob of Data   = -4070.4
Mean value of ln likelihood = -3260.0
Variance of ln likelihood   = 1620.8
Mean value of alpha         = 0.0356

Mean value of Fst_1         = 0.8432
Mean value of Fst_2         = 0.9371
Mean value of Fst_3         = 0.7760
Mean value of Fst_4         = 0.4225
Mean value of Fst_5         = 0.8448
Mean value of Fst_6         = 0.2672
Mean value of Fst_7         = 0.6869
Mean value of Fst_8         = 0.5345
Mean value of Fst_9         = 0.5679
Mean value of Fst_10         = 0.1052
Mean value of Fst_11         = 0.4150
Mean value of Fst_12         = 0.6183
Mean value of Fst_13         = 0.8527
Mean value of Fst_14         = 0.3202
Mean value of Fst_15         = 0.9416
Mean value of Fst_16         = 0.4151
Mean value of Fst_17         = 0.0004


Inferred ancestry of individuals:
        Label (%Miss) Pop:  Inferred clusters
  1 TGCP_WM1    (0)    1 :  0.068 0.028 0.011 0.004 0.044 0.002 0.015 0.009 0.006 0.006 0.005 0.681 0.047 0.012 0.046 0.007 0.009 
  2 TGCP_WM10    (1)    1 :  0.134 0.082 0.026 0.003 0.104 0.002 0.018 0.006 0.006 0.004 0.005 0.423 0.061 0.038 0.073 0.011 0.002 
  3 TGCP_WM2    (0)    1 :  0.040 0.031 0.016 0.005 0.271 0.002 0.015 0.008 0.007 0.023 0.005 0.443 0.024 0.032 0.034 0.007 0.038 
  4 TGCP_WM3    (1)    1 :  0.040 0.023 0.009 0.003 0.081 0.002 0.009 0.007 0.005 0.002 0.003 0.735 0.025 0.009 0.032 0.012 0.002 
  5 TGCP_WM4    (0)    1 :  0.028 0.019 0.008 0.004 0.019 0.002 0.014 0.006 0.009 0.004 0.003 0.799 0.013 0.007 0.025 0.038 0.002 
  6 TGCP_WM5    (0)    1 :  0.068 0.019 0.012 0.006 0.021 0.002 0.006 0.007 0.006 0.019 0.003 0.751 0.017 0.016 0.030 0.012 0.006 
  7 TGCP_WM6    (0)    1 :  0.029 0.035 0.006 0.005 0.035 0.002 0.010 0.005 0.010 0.004 0.003 0.797 0.017 0.008 0.021 0.010 0.002 
  8 TGCP_WM7    (0)    1 :  0.085 0.026 0.011 0.020 0.585 0.002 0.012 0.005 0.022 0.006 0.009 0.108 0.037 0.020 0.043 0.005 0.004 
  9 TGCP_WM8    (0)    1 :  0.025 0.014 0.008 0.016 0.020 0.002 0.009 0.005 0.005 0.011 0.003 0.836 0.011 0.006 0.021 0.007 0.002 
 10 TGCP_WM9    (0)    1 :  0.010 0.007 0.006 0.002 0.013 0.002 0.006 0.004 0.005 0.003 0.003 0.914 0.005 0.004 0.011 0.003 0.002 
 11 MRLP_WM123    (3)    2 :  0.034 0.019 0.579 0.003 0.013 0.002 0.008 0.007 0.023 0.092 0.006 0.014 0.031 0.042 0.024 0.009 0.093 
 12 MRLP_WM124    (4)    2 :  0.029 0.045 0.754 0.004 0.019 0.002 0.015 0.007 0.009 0.002 0.004 0.009 0.036 0.015 0.041 0.007 0.002 
 13 MRLP_WM125    (1)    2 :  0.039 0.018 0.569 0.005 0.031 0.002 0.009 0.007 0.005 0.069 0.054 0.030 0.019 0.048 0.021 0.006 0.069 
 14 MRLP_WM126    (2)    2 :  0.124 0.246 0.013 0.004 0.030 0.003 0.028 0.007 0.007 0.002 0.003 0.011 0.198 0.044 0.272 0.005 0.002 
 15 MRLP_WM127    (3)    2 :  0.225 0.080 0.025 0.004 0.226 0.003 0.017 0.009 0.010 0.012 0.030 0.093 0.088 0.080 0.082 0.010 0.005 
 16 MRLP_WM128    (3)    2 :  0.010 0.013 0.908 0.003 0.007 0.002 0.007 0.005 0.003 0.002 0.004 0.005 0.012 0.005 0.008 0.004 0.002 
 17 MRLP_WM129    (7)    2 :  0.048 0.021 0.523 0.004 0.056 0.002 0.016 0.004 0.200 0.010 0.004 0.034 0.026 0.018 0.020 0.009 0.004 
 18 MRLP_WM130    (5)    2 :  0.098 0.040 0.632 0.003 0.073 0.002 0.015 0.006 0.011 0.005 0.002 0.024 0.029 0.022 0.033 0.003 0.002 
 19 STT_WM183    (2)    3 :  0.045 0.047 0.009 0.004 0.013 0.002 0.582 0.006 0.006 0.052 0.004 0.007 0.039 0.048 0.041 0.019 0.075 
 20 STT_WM184    (3)    3 :  0.076 0.031 0.010 0.006 0.018 0.002 0.541 0.009 0.053 0.008 0.005 0.011 0.133 0.024 0.053 0.005 0.013 
 21 STT_WM185   (15)    3 :  0.135 0.214 0.026 0.004 0.070 0.002 0.030 0.011 0.007 0.003 0.003 0.012 0.193 0.051 0.231 0.005 0.002 
 22 STT_WM186   (13)    3 :  0.129 0.249 0.021 0.005 0.032 0.002 0.022 0.008 0.008 0.004 0.003 0.015 0.156 0.050 0.288 0.006 0.002 
 23 STT_WM187   (13)    3 :  0.028 0.027 0.008 0.005 0.017 0.002 0.820 0.005 0.006 0.002 0.004 0.007 0.026 0.007 0.026 0.006 0.002 
 24 STT_WM188    (3)    3 :  0.011 0.014 0.006 0.003 0.007 0.002 0.900 0.005 0.005 0.003 0.003 0.005 0.010 0.005 0.017 0.003 0.002 
 25 STT_WM189    (0)    3 :  0.145 0.238 0.012 0.004 0.033 0.002 0.019 0.009 0.006 0.002 0.003 0.010 0.175 0.043 0.294 0.004 0.002 
 26 STT_WM190   (11)    3 :  0.022 0.016 0.006 0.003 0.013 0.003 0.856 0.005 0.004 0.003 0.003 0.004 0.029 0.012 0.016 0.004 0.002 
 27 STT_WM191    (7)    3 :  0.084 0.077 0.013 0.004 0.026 0.002 0.424 0.008 0.008 0.003 0.003 0.010 0.195 0.026 0.109 0.005 0.002 
 28 STT_WM192   (12)    3 :  0.014 0.010 0.007 0.004 0.010 0.002 0.721 0.005 0.111 0.009 0.006 0.006 0.060 0.006 0.018 0.005 0.007 
 29 FSSP_WM241    (3)    4 :  0.112 0.113 0.079 0.026 0.041 0.003 0.020 0.009 0.134 0.023 0.012 0.054 0.114 0.054 0.181 0.017 0.008 
 30 FSSP_WM242   (15)    4 :  0.132 0.251 0.013 0.005 0.030 0.002 0.023 0.012 0.006 0.003 0.003 0.009 0.202 0.048 0.254 0.005 0.002 
 31 FSSP_WM243    (6)    4 :  0.011 0.010 0.007 0.004 0.006 0.002 0.006 0.006 0.885 0.009 0.003 0.009 0.008 0.012 0.008 0.005 0.009 
 32 FSSP_WM244    (5)    4 :  0.133 0.053 0.273 0.089 0.056 0.002 0.018 0.010 0.024 0.027 0.024 0.054 0.067 0.047 0.094 0.023 0.006 
 33 FSSP_WM245   (10)    4 :  0.075 0.172 0.015 0.005 0.030 0.002 0.033 0.018 0.253 0.004 0.003 0.012 0.138 0.042 0.187 0.008 0.003 
 34 FSSP_WM246    (6)    4 :  0.165 0.181 0.036 0.007 0.043 0.003 0.057 0.012 0.037 0.007 0.005 0.017 0.176 0.033 0.204 0.010 0.007 
 35 FSSP_WM247    (3)    4 :  0.031 0.015 0.007 0.015 0.014 0.003 0.013 0.006 0.808 0.012 0.007 0.012 0.016 0.012 0.012 0.011 0.008 
 36 FSSP_WM248    (9)    4 :  0.016 0.016 0.011 0.012 0.012 0.002 0.009 0.005 0.844 0.004 0.004 0.008 0.013 0.010 0.013 0.016 0.004 
 37 FSSP_WM249    (6)    4 :  0.041 0.033 0.013 0.004 0.015 0.002 0.024 0.006 0.705 0.007 0.004 0.008 0.041 0.012 0.043 0.040 0.004 
 38 FSSP_WM250    (2)    4 :  0.127 0.052 0.178 0.004 0.023 0.002 0.018 0.005 0.304 0.018 0.018 0.011 0.066 0.028 0.053 0.073 0.020 
 39 HNL_WM301    (3)    5 :  0.012 0.017 0.007 0.004 0.008 0.886 0.007 0.011 0.004 0.003 0.002 0.005 0.011 0.004 0.012 0.004 0.003 
 40 HNL_WM302    (2)    5 :  0.008 0.005 0.004 0.003 0.006 0.932 0.003 0.004 0.003 0.002 0.002 0.003 0.008 0.003 0.007 0.003 0.002 
 41 HNL_WM303    (2)    5 :  0.013 0.015 0.005 0.003 0.012 0.873 0.009 0.007 0.005 0.003 0.002 0.007 0.017 0.007 0.014 0.005 0.002 
 42 HNL_WM304    (3)    5 :  0.022 0.031 0.009 0.004 0.016 0.789 0.012 0.024 0.005 0.003 0.004 0.011 0.027 0.007 0.028 0.005 0.003 
 43 HNL_WM305    (3)    5 :  0.014 0.008 0.005 0.003 0.006 0.905 0.006 0.007 0.004 0.005 0.003 0.005 0.007 0.005 0.009 0.003 0.005 
 44 HNL_WM306    (0)    5 :  0.007 0.008 0.004 0.002 0.008 0.910 0.006 0.008 0.005 0.005 0.003 0.005 0.007 0.004 0.011 0.003 0.003 
 45 HNL_WM307    (3)    5 :  0.014 0.009 0.005 0.004 0.007 0.893 0.007 0.007 0.005 0.004 0.003 0.007 0.011 0.005 0.014 0.003 0.002 
 46 HNL_WM308    (3)    5 :  0.018 0.016 0.008 0.003 0.013 0.860 0.008 0.014 0.005 0.003 0.003 0.005 0.018 0.005 0.014 0.004 0.003 
 47 HNL_WM309    (0)    5 :  0.023 0.024 0.009 0.004 0.014 0.805 0.008 0.018 0.006 0.006 0.004 0.009 0.016 0.013 0.027 0.004 0.009 
 48 HNL_WM310   (10)    5 :  0.020 0.020 0.007 0.004 0.012 0.848 0.008 0.016 0.005 0.004 0.003 0.006 0.016 0.006 0.018 0.004 0.002 
 49 MPO_WM482    (2)    6 :  0.020 0.021 0.007 0.002 0.008 0.004 0.866 0.006 0.004 0.002 0.003 0.005 0.019 0.012 0.015 0.004 0.002 
 50 MPO_WM483    (3)    6 :  0.151 0.160 0.011 0.004 0.024 0.003 0.170 0.013 0.012 0.007 0.004 0.017 0.171 0.094 0.147 0.007 0.004 
 51 MPO_WM484    (1)    6 :  0.088 0.108 0.011 0.004 0.028 0.002 0.450 0.010 0.007 0.003 0.004 0.010 0.092 0.028 0.147 0.004 0.002 
 52 MPO_WM485    (0)    6 :  0.107 0.035 0.008 0.003 0.008 0.002 0.592 0.007 0.008 0.009 0.003 0.013 0.050 0.090 0.053 0.004 0.007 
 53 MPO_WM486   (21)    6 :  0.129 0.226 0.019 0.006 0.061 0.002 0.021 0.011 0.012 0.003 0.004 0.019 0.189 0.045 0.242 0.006 0.002 
 54 MPO_WM487   (19)    6 :  0.121 0.084 0.020 0.006 0.042 0.003 0.349 0.015 0.009 0.004 0.004 0.009 0.194 0.023 0.109 0.005 0.003 
 55 MPO_WM488    (9)    6 :  0.119 0.247 0.013 0.004 0.032 0.002 0.039 0.008 0.005 0.002 0.003 0.011 0.197 0.034 0.276 0.004 0.002 
 56 MPO_WM489    (3)    6 :  0.023 0.023 0.010 0.004 0.012 0.003 0.743 0.007 0.005 0.006 0.006 0.066 0.021 0.018 0.028 0.021 0.004 
 57 MPO_WM490   (24)    6 :  0.126 0.220 0.022 0.006 0.035 0.003 0.034 0.013 0.006 0.003 0.005 0.012 0.204 0.043 0.262 0.005 0.002 
 58 MPO_WM491   (11)    6 :  0.129 0.293 0.030 0.004 0.030 0.002 0.020 0.007 0.007 0.003 0.004 0.010 0.187 0.048 0.220 0.006 0.002 
 59 OICP_WM541    (1)    7 :  0.017 0.013 0.006 0.003 0.891 0.002 0.005 0.004 0.005 0.002 0.003 0.007 0.014 0.006 0.017 0.004 0.002 
 60 OICP_WM542    (2)    7 :  0.020 0.015 0.009 0.003 0.869 0.002 0.009 0.006 0.004 0.002 0.003 0.009 0.019 0.006 0.021 0.004 0.001 
 61 OICP_WM543    (0)    7 :  0.017 0.015 0.006 0.003 0.861 0.002 0.009 0.005 0.006 0.002 0.003 0.012 0.021 0.015 0.018 0.004 0.002 
 62 OICP_WM544    (1)    7 :  0.362 0.029 0.019 0.007 0.277 0.002 0.042 0.008 0.009 0.009 0.003 0.053 0.051 0.065 0.040 0.011 0.012 
 63 OICP_WM545    (0)    7 :  0.048 0.031 0.009 0.003 0.782 0.002 0.012 0.007 0.004 0.003 0.003 0.015 0.028 0.010 0.038 0.004 0.002 
 64 OICP_WM546    (3)    7 :  0.193 0.112 0.018 0.003 0.350 0.002 0.012 0.007 0.006 0.003 0.003 0.046 0.081 0.075 0.081 0.004 0.002 
 65 OICP_WM547    (2)    7 :  0.198 0.110 0.013 0.003 0.288 0.002 0.020 0.007 0.005 0.003 0.003 0.051 0.113 0.079 0.097 0.004 0.002 
 66 OICP_WM548    (3)    7 :  0.017 0.015 0.005 0.003 0.883 0.002 0.007 0.005 0.005 0.002 0.002 0.011 0.019 0.005 0.013 0.004 0.001 
 67 OICP_WM549    (0)    7 :  0.013 0.011 0.006 0.003 0.904 0.002 0.007 0.005 0.005 0.001 0.003 0.008 0.011 0.006 0.011 0.004 0.002 
 68 OICP_WM550    (1)    7 :  0.019 0.019 0.006 0.004 0.866 0.002 0.008 0.005 0.005 0.002 0.002 0.006 0.025 0.007 0.017 0.004 0.002 
 69 IRO_WM601    (2)    8 :  0.118 0.042 0.031 0.031 0.113 0.002 0.016 0.008 0.029 0.036 0.005 0.330 0.046 0.044 0.039 0.102 0.007 
 70 IRO_WM602    (1)    8 :  0.226 0.090 0.053 0.005 0.236 0.003 0.021 0.010 0.008 0.009 0.004 0.083 0.070 0.072 0.093 0.008 0.008 
 71 IRO_WM603    (2)    8 :  0.057 0.041 0.020 0.238 0.017 0.003 0.014 0.006 0.025 0.142 0.005 0.158 0.030 0.027 0.024 0.173 0.019 
 72 IRO_WM604    (0)    8 :  0.022 0.019 0.567 0.006 0.009 0.002 0.006 0.007 0.005 0.079 0.024 0.008 0.026 0.054 0.027 0.010 0.128 
 73 IRO_WM605    (3)    8 :  0.022 0.019 0.644 0.003 0.012 0.002 0.006 0.006 0.007 0.006 0.013 0.183 0.015 0.007 0.017 0.036 0.002 
 74 IRO_WM606    (3)    8 :  0.053 0.046 0.622 0.006 0.022 0.002 0.024 0.009 0.015 0.009 0.026 0.014 0.060 0.019 0.058 0.009 0.005 
 75 IRO_WM607    (2)    8 :  0.170 0.099 0.215 0.005 0.043 0.003 0.015 0.012 0.091 0.027 0.016 0.027 0.072 0.030 0.099 0.067 0.010 
 76 IRO_WM608    (0)    8 :  0.162 0.056 0.023 0.015 0.093 0.002 0.013 0.009 0.021 0.147 0.011 0.156 0.048 0.079 0.060 0.034 0.070 
 77 IRO_WM609    (0)    8 :  0.112 0.136 0.142 0.035 0.031 0.002 0.018 0.009 0.011 0.054 0.014 0.048 0.095 0.068 0.108 0.036 0.080 
 78 IRO_WM610   (13)    8 :  0.062 0.099 0.035 0.045 0.023 0.002 0.184 0.015 0.218 0.017 0.048 0.014 0.105 0.032 0.076 0.009 0.015 
 79 HGRF_WM661    (5)    9 :  0.247 0.103 0.013 0.004 0.254 0.002 0.018 0.008 0.005 0.002 0.003 0.047 0.087 0.084 0.115 0.004 0.002 
 80 HGRF_WM662    (5)    9 :  0.127 0.230 0.017 0.004 0.030 0.002 0.028 0.013 0.008 0.003 0.003 0.013 0.187 0.040 0.290 0.004 0.002 
 81 HGRF_WM663    (4)    9 :  0.228 0.116 0.017 0.004 0.276 0.003 0.012 0.008 0.007 0.003 0.002 0.040 0.096 0.071 0.110 0.005 0.001 
 82 HGRF_WM664    (3)    9 :  0.148 0.235 0.015 0.004 0.076 0.002 0.016 0.006 0.008 0.002 0.002 0.011 0.177 0.058 0.234 0.005 0.001 
 83 HGRF_WM665    (1)    9 :  0.256 0.078 0.019 0.005 0.243 0.003 0.019 0.013 0.008 0.009 0.006 0.068 0.083 0.075 0.101 0.007 0.008 
 84 HGRF_WM666    (5)    9 :  0.119 0.220 0.011 0.004 0.035 0.003 0.019 0.012 0.007 0.002 0.003 0.008 0.201 0.043 0.308 0.005 0.002 
 85 HGRF_WM667    (0)    9 :  0.119 0.241 0.014 0.003 0.035 0.002 0.017 0.007 0.006 0.002 0.003 0.006 0.201 0.053 0.285 0.004 0.002 
 86 HGRF_WM668    (4)    9 :  0.207 0.107 0.020 0.004 0.275 0.002 0.014 0.007 0.006 0.003 0.002 0.044 0.109 0.076 0.119 0.005 0.002 
 87 HGRF_WM669    (5)    9 :  0.124 0.253 0.010 0.004 0.026 0.002 0.027 0.012 0.006 0.002 0.003 0.010 0.198 0.035 0.282 0.005 0.002 
 88 HGRF_WM670    (9)    9 :  0.133 0.229 0.012 0.004 0.072 0.002 0.021 0.008 0.006 0.003 0.003 0.025 0.178 0.058 0.239 0.006 0.002 
 89 PTP_WM721    (2)   10 :  0.156 0.196 0.022 0.007 0.040 0.003 0.039 0.015 0.016 0.009 0.006 0.016 0.156 0.062 0.238 0.007 0.012 
 90 PTP_WM722    (2)   10 :  0.043 0.403 0.010 0.005 0.011 0.003 0.053 0.010 0.011 0.008 0.006 0.011 0.274 0.017 0.117 0.007 0.009 
 91 PTP_WM723   (25)   10 :  0.119 0.261 0.024 0.006 0.060 0.003 0.031 0.011 0.007 0.003 0.004 0.013 0.175 0.047 0.227 0.006 0.002 
 92 PTP_WM724   (13)   10 :  0.122 0.230 0.011 0.005 0.034 0.002 0.031 0.013 0.007 0.003 0.003 0.011 0.207 0.043 0.268 0.006 0.002 
 93 PTP_WM725   (25)   10 :  0.153 0.239 0.011 0.006 0.033 0.002 0.031 0.015 0.011 0.003 0.003 0.014 0.176 0.044 0.248 0.007 0.002 
 94 PTP_WM726   (13)   10 :  0.125 0.220 0.015 0.005 0.048 0.003 0.024 0.007 0.008 0.003 0.003 0.011 0.215 0.045 0.262 0.005 0.002 
 95 PTP_WM727   (10)   10 :  0.122 0.270 0.025 0.005 0.025 0.003 0.026 0.012 0.007 0.002 0.003 0.008 0.183 0.037 0.265 0.005 0.002 
 96 PTP_WM728    (8)   10 :  0.129 0.228 0.013 0.003 0.050 0.002 0.025 0.010 0.007 0.003 0.003 0.009 0.192 0.049 0.272 0.004 0.002 
 97 PTP_WM729    (9)   10 :  0.050 0.435 0.008 0.003 0.013 0.002 0.050 0.006 0.006 0.002 0.004 0.007 0.285 0.014 0.108 0.004 0.002 
 98 PTP_WM730    (8)   10 :  0.024 0.456 0.009 0.003 0.007 0.002 0.075 0.006 0.006 0.002 0.002 0.006 0.284 0.010 0.102 0.003 0.002 
 99 RRL_WM782    (9)   11 :  0.110 0.259 0.012 0.005 0.034 0.003 0.029 0.011 0.007 0.003 0.003 0.011 0.197 0.039 0.269 0.006 0.002 
100 RRL_WM783    (8)   11 :  0.015 0.021 0.023 0.020 0.010 0.002 0.013 0.008 0.013 0.049 0.006 0.070 0.018 0.007 0.017 0.704 0.005 
101 RRL_WM784    (1)   11 :  0.031 0.032 0.026 0.014 0.009 0.002 0.013 0.010 0.008 0.021 0.012 0.009 0.040 0.015 0.036 0.718 0.004 
102 RRL_WM785    (1)   11 :  0.132 0.216 0.013 0.003 0.032 0.002 0.022 0.011 0.005 0.002 0.003 0.011 0.200 0.047 0.293 0.005 0.002 
103 RRL_WM786    (2)   11 :  0.018 0.011 0.061 0.004 0.008 0.002 0.009 0.004 0.018 0.016 0.023 0.013 0.011 0.008 0.013 0.776 0.003 
104 RRL_WM787    (3)   11 :  0.068 0.021 0.011 0.007 0.064 0.002 0.008 0.006 0.011 0.021 0.008 0.086 0.019 0.024 0.020 0.614 0.008 
105 RRL_WM788    (0)   11 :  0.021 0.009 0.006 0.010 0.008 0.002 0.006 0.005 0.012 0.092 0.005 0.005 0.008 0.047 0.008 0.689 0.068 
106 RRL_WM789    (2)   11 :  0.011 0.010 0.009 0.015 0.006 0.002 0.005 0.004 0.003 0.005 0.005 0.032 0.007 0.005 0.011 0.869 0.002 
107 RRL_WM790    (0)   11 :  0.038 0.031 0.115 0.008 0.019 0.002 0.018 0.007 0.007 0.070 0.015 0.010 0.032 0.036 0.024 0.465 0.104 
108 RRL_WM791    (0)   11 :  0.082 0.047 0.017 0.003 0.020 0.003 0.023 0.013 0.039 0.012 0.006 0.075 0.047 0.020 0.058 0.524 0.011 
109 RRO_WM842    (0)   12 :  0.033 0.028 0.064 0.004 0.015 0.002 0.013 0.007 0.015 0.017 0.007 0.027 0.031 0.011 0.031 0.690 0.003 
110 RRO_WM843    (7)   12 :  0.022 0.019 0.031 0.270 0.016 0.002 0.008 0.010 0.005 0.103 0.009 0.018 0.015 0.013 0.024 0.427 0.009 
111 RRO_WM844    (2)   12 :  0.042 0.043 0.277 0.317 0.026 0.002 0.017 0.009 0.010 0.009 0.006 0.011 0.070 0.015 0.101 0.041 0.004 
112 RRO_WM845    (4)   12 :  0.010 0.020 0.006 0.058 0.011 0.002 0.007 0.006 0.006 0.034 0.004 0.006 0.014 0.004 0.018 0.790 0.002 
113 RRO_WM846   (10)   12 :  0.059 0.068 0.013 0.018 0.023 0.002 0.017 0.008 0.010 0.011 0.004 0.014 0.056 0.014 0.060 0.618 0.005 
114 RRO_WM847    (6)   12 :  0.035 0.030 0.099 0.084 0.014 0.002 0.019 0.009 0.009 0.077 0.012 0.043 0.038 0.010 0.045 0.467 0.005 
115 RRO_WM848    (4)   12 :  0.109 0.114 0.018 0.018 0.046 0.002 0.039 0.012 0.045 0.037 0.006 0.026 0.103 0.026 0.116 0.273 0.011 
116 RRO_WM849    (5)   12 :  0.027 0.028 0.010 0.017 0.012 0.002 0.010 0.010 0.005 0.016 0.004 0.375 0.038 0.007 0.037 0.400 0.003 
117 RRO_WM850    (2)   12 :  0.028 0.028 0.012 0.005 0.014 0.002 0.016 0.008 0.006 0.020 0.004 0.018 0.042 0.009 0.047 0.738 0.002 
118 RRO_WM851    (1)   12 :  0.056 0.127 0.025 0.056 0.026 0.002 0.023 0.007 0.008 0.056 0.003 0.026 0.067 0.025 0.137 0.352 0.004 
119 CPS_WM901    (2)   13 :  0.016 0.011 0.021 0.843 0.011 0.003 0.007 0.007 0.005 0.014 0.005 0.006 0.014 0.006 0.014 0.015 0.003 
120 CPS_WM902    (2)   13 :  0.010 0.011 0.006 0.821 0.053 0.002 0.006 0.005 0.004 0.004 0.012 0.025 0.012 0.008 0.013 0.006 0.003 
121 CPS_WM903    (5)   13 :  0.008 0.011 0.011 0.896 0.007 0.002 0.006 0.003 0.004 0.003 0.009 0.005 0.008 0.004 0.012 0.008 0.002 
122 CPS_WM904    (1)   13 :  0.024 0.015 0.007 0.809 0.011 0.002 0.007 0.007 0.008 0.016 0.013 0.005 0.012 0.019 0.015 0.010 0.019 
123 CPS_WM905    (2)   13 :  0.009 0.009 0.007 0.794 0.005 0.002 0.013 0.004 0.023 0.051 0.005 0.006 0.009 0.022 0.009 0.005 0.026 
124 CPS_WM906    (3)   13 :  0.015 0.027 0.006 0.838 0.014 0.002 0.008 0.006 0.006 0.009 0.003 0.007 0.017 0.007 0.027 0.007 0.002 
125 CPS_WM907    (6)   13 :  0.045 0.050 0.008 0.699 0.016 0.002 0.018 0.009 0.009 0.003 0.002 0.008 0.050 0.020 0.053 0.006 0.003 
126 CPS_WM908    (3)   13 :  0.035 0.046 0.016 0.682 0.024 0.003 0.021 0.010 0.010 0.005 0.008 0.015 0.038 0.017 0.052 0.012 0.006 
127 CPS_WM909    (2)   13 :  0.054 0.034 0.011 0.759 0.015 0.002 0.011 0.008 0.009 0.003 0.006 0.010 0.022 0.014 0.033 0.006 0.003 
128 CPS_WM910    (1)   13 :  0.017 0.025 0.005 0.834 0.012 0.002 0.009 0.007 0.004 0.009 0.004 0.007 0.018 0.010 0.018 0.007 0.010 
129 PPNP_WM962    (1)   14 :  0.016 0.009 0.005 0.003 0.004 0.005 0.005 0.914 0.003 0.005 0.002 0.004 0.007 0.004 0.010 0.003 0.003 
130 PPNP_WM963    (0)   14 :  0.062 0.061 0.012 0.004 0.023 0.012 0.018 0.623 0.006 0.011 0.004 0.007 0.055 0.017 0.068 0.006 0.011 
131 PPNP_WM964    (0)   14 :  0.016 0.017 0.006 0.003 0.006 0.052 0.007 0.806 0.004 0.013 0.003 0.006 0.011 0.017 0.013 0.005 0.016 
132 PPNP_WM965    (4)   14 :  0.032 0.036 0.007 0.004 0.008 0.002 0.012 0.801 0.007 0.003 0.004 0.010 0.034 0.006 0.028 0.005 0.002 
133 PPNP_WM966    (4)   14 :  0.010 0.011 0.006 0.004 0.007 0.002 0.008 0.904 0.004 0.002 0.003 0.007 0.012 0.008 0.009 0.003 0.002 
134 PPNP_WM967    (4)   14 :  0.041 0.069 0.011 0.004 0.020 0.003 0.011 0.692 0.008 0.003 0.003 0.012 0.041 0.017 0.059 0.004 0.002 
135 PPNP_WM968    (5)   14 :  0.140 0.189 0.015 0.004 0.032 0.011 0.056 0.084 0.014 0.008 0.005 0.013 0.163 0.043 0.208 0.008 0.007 
136 PPNP_WM969    (2)   14 :  0.036 0.042 0.014 0.005 0.022 0.002 0.015 0.705 0.009 0.003 0.003 0.007 0.072 0.011 0.050 0.004 0.002 
137 PPNP_WM970    (2)   14 :  0.056 0.059 0.007 0.005 0.026 0.004 0.017 0.643 0.005 0.003 0.004 0.008 0.056 0.010 0.090 0.005 0.003 
138 PPNP_WM971    (2)   14 :  0.042 0.062 0.010 0.004 0.018 0.003 0.021 0.690 0.006 0.003 0.003 0.007 0.054 0.015 0.055 0.005 0.002 
139 FPPI_WM1021    (4)   15 :  0.024 0.034 0.009 0.004 0.013 0.002 0.010 0.795 0.007 0.009 0.003 0.008 0.022 0.011 0.034 0.005 0.009 
140 FPPI_WM1022    (4)   15 :  0.043 0.039 0.013 0.003 0.020 0.017 0.230 0.485 0.006 0.005 0.003 0.009 0.042 0.017 0.057 0.005 0.005 
141 FPPI_WM1023    (1)   15 :  0.016 0.025 0.009 0.004 0.019 0.005 0.012 0.803 0.006 0.003 0.003 0.010 0.026 0.010 0.043 0.004 0.002 
142 FPPI_WM1024    (5)   15 :  0.034 0.065 0.010 0.004 0.025 0.002 0.016 0.702 0.006 0.003 0.003 0.009 0.049 0.016 0.050 0.004 0.002 
143 FPPI_WM1025    (6)   15 :  0.046 0.041 0.011 0.004 0.036 0.004 0.012 0.714 0.007 0.004 0.003 0.012 0.040 0.015 0.042 0.007 0.002 
144 FPPI_WM1026    (1)   15 :  0.019 0.014 0.007 0.003 0.008 0.003 0.007 0.889 0.004 0.004 0.003 0.007 0.007 0.006 0.013 0.003 0.002 
145 FPPI_WM1027    (3)   15 :  0.008 0.009 0.005 0.002 0.006 0.002 0.006 0.921 0.004 0.002 0.002 0.003 0.010 0.003 0.008 0.003 0.002 
146 FPPI_WM1028    (2)   15 :  0.018 0.022 0.009 0.002 0.010 0.005 0.009 0.856 0.005 0.002 0.003 0.008 0.018 0.006 0.023 0.004 0.002 
147 FPPI_WM1029    (3)   15 :  0.080 0.097 0.015 0.004 0.035 0.022 0.027 0.445 0.012 0.004 0.004 0.010 0.067 0.048 0.126 0.004 0.002 
148 FPPI_WM1030    (1)   15 :  0.011 0.015 0.006 0.005 0.007 0.005 0.006 0.850 0.005 0.014 0.004 0.008 0.018 0.011 0.014 0.004 0.017 
149 CRWA_WM1082    (2)   16 :  0.020 0.009 0.006 0.003 0.004 0.002 0.005 0.003 0.918 0.002 0.003 0.004 0.006 0.003 0.006 0.005 0.002 
150 CRWA_WM1084    (5)   16 :  0.312 0.035 0.012 0.004 0.098 0.002 0.014 0.006 0.319 0.004 0.007 0.026 0.037 0.085 0.027 0.009 0.003 
151 CRWA_WM1085    (2)   16 :  0.238 0.064 0.009 0.004 0.030 0.002 0.014 0.006 0.394 0.005 0.012 0.011 0.045 0.080 0.074 0.009 0.003 
152 CRWA_WM1086    (9)   16 :  0.271 0.097 0.023 0.005 0.020 0.003 0.083 0.013 0.071 0.014 0.005 0.020 0.081 0.157 0.101 0.029 0.006 
153 CRWA_WM1087    (0)   16 :  0.072 0.062 0.013 0.018 0.024 0.002 0.026 0.007 0.396 0.078 0.019 0.008 0.059 0.049 0.083 0.006 0.078 
154 CRWA_WM1088    (1)   16 :  0.429 0.043 0.014 0.004 0.069 0.002 0.035 0.006 0.027 0.019 0.009 0.049 0.029 0.186 0.056 0.006 0.019 
155 CRWA_WM1089    (3)   16 :  0.075 0.086 0.011 0.004 0.029 0.002 0.020 0.008 0.546 0.003 0.005 0.022 0.060 0.018 0.104 0.005 0.002 
156 CRWA_WM1090    (0)   16 :  0.147 0.102 0.179 0.003 0.034 0.003 0.020 0.012 0.151 0.011 0.064 0.009 0.072 0.044 0.121 0.020 0.007 
157 CRWA_WM1092    (1)   16 :  0.062 0.041 0.012 0.003 0.022 0.003 0.017 0.008 0.476 0.074 0.010 0.018 0.057 0.045 0.060 0.006 0.085 
158 CRWA_WM1093    (1)   16 :  0.061 0.025 0.015 0.005 0.067 0.002 0.013 0.011 0.564 0.039 0.004 0.047 0.020 0.053 0.027 0.006 0.041 
159 PCRA_WM1141    (3)   17 :  0.036 0.046 0.128 0.006 0.021 0.002 0.016 0.007 0.058 0.004 0.550 0.009 0.043 0.011 0.050 0.009 0.003 
160 PCRA_WM1142    (3)   17 :  0.050 0.076 0.024 0.007 0.020 0.003 0.021 0.007 0.014 0.003 0.619 0.012 0.059 0.022 0.054 0.006 0.002 
161 PCRA_WM1143    (1)   17 :  0.076 0.107 0.071 0.004 0.022 0.002 0.020 0.013 0.005 0.003 0.425 0.011 0.073 0.040 0.116 0.010 0.002 
162 PCRA_WM1144    (2)   17 :  0.042 0.064 0.012 0.021 0.020 0.002 0.016 0.006 0.008 0.008 0.016 0.306 0.058 0.014 0.050 0.354 0.003 
163 PCRA_WM1145    (4)   17 :  0.134 0.094 0.032 0.020 0.054 0.002 0.020 0.010 0.019 0.012 0.304 0.017 0.107 0.048 0.109 0.009 0.009 
164 PCRA_WM1146    (2)   17 :  0.017 0.007 0.016 0.008 0.007 0.002 0.013 0.005 0.063 0.008 0.746 0.060 0.008 0.011 0.009 0.011 0.009 
165 PCRA_WM1147    (1)   17 :  0.356 0.077 0.094 0.003 0.033 0.002 0.009 0.007 0.037 0.004 0.101 0.008 0.056 0.115 0.087 0.008 0.002 
166 PCRA_WM1148    (0)   17 :  0.009 0.009 0.016 0.004 0.005 0.002 0.005 0.004 0.006 0.014 0.864 0.014 0.010 0.010 0.009 0.006 0.014 
167 PCRA_WM1149    (1)   17 :  0.011 0.015 0.006 0.073 0.022 0.002 0.009 0.007 0.006 0.019 0.726 0.032 0.015 0.012 0.013 0.016 0.016 
168 PCRA_WM1150    (0)   17 :  0.019 0.011 0.013 0.005 0.021 0.005 0.011 0.007 0.006 0.017 0.797 0.025 0.011 0.014 0.008 0.014 0.017 
169 DHFA_WM1202    (3)   18 :  0.046 0.051 0.012 0.005 0.017 0.672 0.018 0.013 0.012 0.003 0.004 0.011 0.047 0.022 0.057 0.007 0.002 
170 DHFA_WM1203    (1)   18 :  0.036 0.045 0.010 0.006 0.018 0.691 0.017 0.025 0.006 0.005 0.004 0.012 0.050 0.015 0.052 0.006 0.003 
171 DHFA_WM1204    (2)   18 :  0.041 0.037 0.012 0.004 0.026 0.708 0.014 0.011 0.006 0.004 0.003 0.010 0.048 0.015 0.053 0.006 0.002 
172 DHFA_WM1205    (5)   18 :  0.011 0.009 0.005 0.003 0.009 0.911 0.006 0.005 0.004 0.004 0.003 0.004 0.007 0.005 0.009 0.003 0.002 
173 DHFA_WM1206    (4)   18 :  0.018 0.014 0.006 0.003 0.011 0.880 0.012 0.005 0.005 0.003 0.003 0.007 0.009 0.006 0.011 0.005 0.003 
174 DHFA_WM1207    (2)   18 :  0.008 0.007 0.004 0.003 0.004 0.928 0.006 0.004 0.003 0.003 0.003 0.004 0.007 0.003 0.009 0.003 0.002 
175 DHFA_WM1208    (3)   18 :  0.013 0.012 0.004 0.003 0.009 0.891 0.008 0.009 0.004 0.003 0.003 0.004 0.011 0.004 0.014 0.004 0.002 
176 DHFA_WM1209    (1)   18 :  0.008 0.007 0.005 0.003 0.004 0.909 0.005 0.005 0.003 0.006 0.002 0.005 0.010 0.007 0.007 0.004 0.010 
177 DHFA_WM1210    (0)   18 :  0.005 0.004 0.002 0.002 0.002 0.951 0.003 0.002 0.002 0.004 0.002 0.003 0.004 0.005 0.003 0.002 0.004 
178 DHFA_WM1211    (2)   18 :  0.040 0.045 0.018 0.004 0.015 0.715 0.013 0.012 0.007 0.004 0.004 0.010 0.046 0.015 0.041 0.008 0.003 


Estimated Allele Frequencies in each cluster
First column gives estimated ancestral frequencies


Locus 1 : 953_21 
2 alleles
4.5% missing data
 120   (0.958) 1.000 1.000 0.999 0.997 1.000 0.997 0.999 0.893 0.998 0.966 0.995 0.999 0.997 0.973 1.000 0.997 0.958 
 100   (0.042) 0.000 0.000 0.001 0.003 0.000 0.003 0.001 0.107 0.002 0.034 0.005 0.001 0.003 0.027 0.000 0.003 0.042 

Locus 2 : 2370_26 
2 alleles
6.2% missing data
 110   (0.956) 0.999 1.000 0.999 0.997 1.000 0.997 0.999 0.781 0.998 0.964 0.995 0.999 0.995 0.973 1.000 0.997 0.956 
 130   (0.044) 0.001 0.000 0.001 0.003 0.000 0.003 0.001 0.219 0.002 0.036 0.005 0.001 0.005 0.027 0.000 0.003 0.044 

Locus 3 : 2692_87 
2 alleles
1.7% missing data
 130   (0.952) 1.000 1.000 0.999 0.997 1.000 0.762 0.999 0.999 0.998 0.961 0.995 0.998 0.997 0.968 1.000 0.997 0.952 
 120   (0.048) 0.000 0.000 0.001 0.003 0.000 0.238 0.001 0.001 0.002 0.039 0.005 0.002 0.003 0.032 0.000 0.003 0.048 

Locus 4 : 2828_58 
2 alleles
6.7% missing data
 100   (0.930) 0.990 0.999 0.998 0.994 0.995 0.995 0.997 0.998 0.996 0.926 0.821 0.990 0.993 0.950 0.999 0.994 0.930 
 120   (0.070) 0.010 0.001 0.002 0.006 0.005 0.005 0.003 0.002 0.004 0.074 0.179 0.010 0.007 0.050 0.001 0.006 0.070 

Locus 5 : 6398_73 
2 alleles
6.2% missing data
 130   (0.925) 0.999 1.000 0.999 0.995 0.999 0.638 0.998 0.782 0.996 0.940 0.991 0.997 0.995 0.953 1.000 0.995 0.925 
 100   (0.075) 0.001 0.000 0.001 0.005 0.001 0.362 0.002 0.218 0.004 0.060 0.009 0.003 0.005 0.047 0.000 0.005 0.075 

Locus 6 : 7469_71 
2 alleles
5.1% missing data
 130   (0.962) 0.998 0.993 0.999 0.996 1.000 0.997 0.997 0.998 0.997 0.969 0.993 0.998 0.989 0.975 0.997 0.996 0.962 
 110   (0.038) 0.002 0.007 0.001 0.004 0.000 0.003 0.003 0.002 0.003 0.031 0.007 0.002 0.011 0.025 0.003 0.004 0.038 

Locus 7 : 7615_47 
2 alleles
5.1% missing data
 130   (0.961) 0.996 0.998 0.998 0.996 0.999 0.996 0.997 0.998 0.997 0.967 0.993 0.997 0.995 0.973 0.997 0.996 0.961 
 100   (0.039) 0.004 0.002 0.002 0.004 0.001 0.004 0.003 0.002 0.003 0.033 0.007 0.003 0.005 0.027 0.003 0.004 0.039 

Locus 8 : 8211_10 
2 alleles
2.8% missing data
 120   (0.955) 1.000 1.000 0.999 0.997 1.000 0.935 0.999 0.999 0.998 0.962 0.995 0.998 0.996 0.970 1.000 0.997 0.955 
 100   (0.045) 0.000 0.000 0.001 0.003 0.000 0.065 0.001 0.001 0.002 0.038 0.005 0.002 0.004 0.030 0.000 0.003 0.045 

Locus 9 : 8394_14 
2 alleles
2.2% missing data
 110   (0.956) 0.999 1.000 0.999 0.997 1.000 0.996 0.998 0.854 0.998 0.964 0.995 0.999 0.997 0.971 1.000 0.997 0.956 
 130   (0.044) 0.001 0.000 0.001 0.003 0.000 0.004 0.002 0.146 0.002 0.036 0.005 0.001 0.003 0.029 0.000 0.003 0.044 

Locus 10 : 9621_63 
2 alleles
3.9% missing data
 130   (0.957) 1.000 1.000 0.999 0.997 1.000 0.939 0.999 0.999 0.998 0.965 0.995 0.999 0.997 0.972 1.000 0.997 0.957 
 110   (0.043) 0.000 0.000 0.001 0.003 0.000 0.061 0.001 0.001 0.002 0.035 0.005 0.001 0.003 0.028 0.000 0.003 0.043 

Locus 11 : 9880_35 
2 alleles
4.5% missing data
 120   (0.951) 1.000 1.000 0.999 0.996 1.000 0.701 0.999 0.999 0.998 0.961 0.995 0.998 0.996 0.969 1.000 0.997 0.951 
 100   (0.049) 0.000 0.000 0.001 0.004 0.000 0.299 0.001 0.001 0.002 0.039 0.005 0.002 0.004 0.031 0.000 0.003 0.049 

Locus 12 : 11163_16 
2 alleles
7.9% missing data
 130   (0.957) 1.000 1.000 0.999 0.997 1.000 0.913 0.999 0.999 0.998 0.966 0.995 0.999 0.996 0.974 1.000 0.997 0.957 
 110   (0.043) 0.000 0.000 0.001 0.003 0.000 0.087 0.001 0.001 0.002 0.034 0.005 0.001 0.004 0.026 0.000 0.003 0.043 

Locus 13 : 11991_31 
2 alleles
4.5% missing data
 120   (0.932) 0.989 0.999 0.993 0.995 0.999 0.995 0.998 0.997 0.991 0.916 0.987 0.993 0.994 0.950 0.999 0.971 0.932 
 100   (0.068) 0.011 0.001 0.007 0.005 0.001 0.005 0.002 0.003 0.009 0.084 0.013 0.007 0.006 0.050 0.001 0.029 0.068 

Locus 14 : 12766_17 
2 alleles
2.2% missing data
 120   (0.962) 1.000 1.000 0.999 0.995 1.000 0.997 0.999 0.999 0.998 0.968 0.934 0.998 0.997 0.975 1.000 0.997 0.962 
 100   (0.038) 0.000 0.000 0.001 0.005 0.000 0.003 0.001 0.001 0.002 0.032 0.066 0.002 0.003 0.025 0.000 0.003 0.038 

Locus 15 : 13496_14 
2 alleles
5.1% missing data
 110   (0.954) 1.000 1.000 0.999 0.678 1.000 0.997 0.999 0.999 0.998 0.963 0.995 0.998 0.996 0.969 1.000 0.997 0.954 
 100   (0.046) 0.000 0.000 0.001 0.322 0.000 0.003 0.001 0.001 0.002 0.037 0.005 0.002 0.004 0.031 0.000 0.003 0.046 

Locus 16 : 14394_41 
2 alleles
2.2% missing data
 130   (0.961) 1.000 1.000 0.999 0.997 1.000 0.997 0.999 0.999 0.998 0.969 0.932 0.998 0.997 0.976 1.000 0.997 0.961 
 110   (0.039) 0.000 0.000 0.001 0.003 0.000 0.003 0.001 0.001 0.002 0.031 0.068 0.002 0.003 0.024 0.000 0.003 0.039 

Locus 17 : 16285_24 
2 alleles
6.2% missing data
 130   (0.954) 1.000 1.000 0.999 0.997 1.000 0.874 0.999 0.999 0.998 0.963 0.995 0.998 0.996 0.970 1.000 0.997 0.954 
 100   (0.046) 0.000 0.000 0.001 0.003 0.000 0.126 0.001 0.001 0.002 0.037 0.005 0.002 0.004 0.030 0.000 0.003 0.046 

Locus 18 : 18821_69 
2 alleles
7.3% missing data
 120   (0.956) 0.999 1.000 0.999 0.997 1.000 0.997 0.687 0.999 0.998 0.964 0.995 0.998 0.996 0.972 0.999 0.997 0.956 
 110   (0.044) 0.001 0.000 0.001 0.003 0.000 0.003 0.313 0.001 0.002 0.036 0.005 0.002 0.004 0.028 0.001 0.003 0.044 

Locus 19 : 19006_32 
2 alleles
6.7% missing data
 120   (0.926) 0.999 1.000 0.999 0.994 0.999 0.657 0.998 0.782 0.997 0.940 0.992 0.998 0.995 0.953 1.000 0.995 0.926 
 110   (0.074) 0.001 0.000 0.001 0.006 0.001 0.343 0.002 0.218 0.003 0.060 0.008 0.002 0.005 0.047 0.000 0.005 0.074 

Locus 20 : 19602_58 
2 alleles
4.5% missing data
 120   (0.963) 1.000 1.000 0.999 0.997 1.000 0.973 0.999 0.999 0.998 0.971 0.996 0.999 0.997 0.977 1.000 0.997 0.963 
 100   (0.037) 0.000 0.000 0.001 0.003 0.000 0.027 0.001 0.001 0.002 0.029 0.004 0.001 0.003 0.023 0.000 0.003 0.037 

Locus 21 : 20143_24 
2 alleles
3.4% missing data
 120   (0.961) 1.000 1.000 0.999 0.967 1.000 0.997 0.999 0.999 0.998 0.966 0.995 0.999 0.997 0.974 1.000 0.997 0.961 
 100   (0.039) 0.000 0.000 0.001 0.033 0.000 0.003 0.001 0.001 0.002 0.034 0.005 0.001 0.003 0.026 0.000 0.003 0.039 

Locus 22 : 21661_29 
2 alleles
2.2% missing data
 120   (0.957) 1.000 1.000 0.999 0.997 1.000 0.891 0.999 0.999 0.998 0.966 0.995 0.999 0.997 0.973 1.000 0.997 0.958 
 100   (0.043) 0.000 0.000 0.001 0.003 0.000 0.109 0.001 0.001 0.002 0.034 0.005 0.001 0.003 0.027 0.000 0.003 0.042 

Locus 23 : 22603_12 
2 alleles
5.1% missing data
 130   (0.957) 1.000 1.000 0.999 0.997 1.000 0.944 0.999 0.999 0.998 0.966 0.995 0.999 0.997 0.973 1.000 0.997 0.957 
 110   (0.043) 0.000 0.000 0.001 0.003 0.000 0.056 0.001 0.001 0.002 0.034 0.005 0.001 0.003 0.027 0.000 0.003 0.043 

Locus 24 : 25109_23 
2 alleles
1.7% missing data
 120   (0.942) 0.998 0.999 0.993 0.994 0.999 0.996 0.998 0.998 0.807 0.950 0.945 0.997 0.995 0.963 0.999 0.995 0.942 
 100   (0.058) 0.002 0.001 0.007 0.006 0.001 0.004 0.002 0.002 0.193 0.050 0.055 0.003 0.005 0.037 0.001 0.005 0.058 

Locus 25 : 25511_77 
2 alleles
5.1% missing data
 130   (0.956) 0.999 1.000 0.999 0.997 1.000 0.996 0.999 0.940 0.998 0.963 0.995 0.999 0.997 0.971 1.000 0.997 0.956 
 110   (0.044) 0.001 0.000 0.001 0.003 0.000 0.004 0.001 0.060 0.002 0.037 0.005 0.001 0.003 0.029 0.000 0.003 0.044 

Locus 26 : 26816_9 
2 alleles
5.6% missing data
 110   (0.867) 0.974 0.998 0.969 0.980 0.998 0.990 0.994 0.996 0.659 0.826 0.982 0.967 0.977 0.898 0.999 0.789 0.867 
 130   (0.133) 0.026 0.002 0.031 0.020 0.002 0.010 0.006 0.004 0.341 0.174 0.018 0.033 0.023 0.102 0.001 0.211 0.133 

Locus 27 : 29455_86 
2 alleles
5.6% missing data
 120   (0.960) 0.999 1.000 0.993 0.997 1.000 0.997 0.999 0.999 0.998 0.959 0.990 0.998 0.997 0.973 1.000 0.997 0.960 
 110   (0.040) 0.001 0.000 0.007 0.003 0.000 0.003 0.001 0.001 0.002 0.041 0.010 0.002 0.003 0.027 0.000 0.003 0.040 

Locus 28 : 30970_30 
2 alleles
6.7% missing data
 120   (0.960) 1.000 1.000 0.999 0.960 1.000 0.997 0.999 0.999 0.998 0.967 0.994 0.999 0.996 0.974 1.000 0.997 0.960 
 110   (0.040) 0.000 0.000 0.001 0.040 0.000 0.003 0.001 0.001 0.002 0.033 0.006 0.001 0.004 0.026 0.000 0.003 0.040 

Locus 29 : 33052_5 
2 alleles
1.1% missing data
 130   (0.961) 0.999 1.000 0.999 0.997 1.000 0.997 0.971 0.999 0.991 0.968 0.995 0.999 0.994 0.976 1.000 0.997 0.961 
 110   (0.039) 0.001 0.000 0.001 0.003 0.000 0.003 0.029 0.001 0.009 0.032 0.005 0.001 0.006 0.024 0.000 0.003 0.039 

Locus 30 : 33744_32 
2 alleles
2.8% missing data
 130   (0.958) 1.000 1.000 0.999 0.997 1.000 0.997 0.866 0.999 0.998 0.965 0.995 0.999 0.997 0.972 1.000 0.997 0.958 
 110   (0.042) 0.000 0.000 0.001 0.003 0.000 0.003 0.134 0.001 0.002 0.035 0.005 0.001 0.003 0.028 0.000 0.003 0.042 

Locus 31 : 34805_8 
2 alleles
4.5% missing data
 110   (0.936) 0.999 1.000 0.993 0.996 0.999 0.995 0.998 0.998 0.997 0.941 0.747 0.997 0.996 0.956 1.000 0.996 0.936 
 120   (0.064) 0.001 0.000 0.007 0.004 0.001 0.005 0.002 0.002 0.003 0.059 0.253 0.003 0.004 0.044 0.000 0.004 0.064 

Locus 32 : 35345_10 
2 alleles
5.1% missing data
 130   (0.956) 0.989 0.995 0.999 0.996 0.999 0.997 0.959 0.998 0.997 0.960 0.994 0.996 0.989 0.961 0.996 0.996 0.956 
 110   (0.044) 0.011 0.005 0.001 0.004 0.001 0.003 0.041 0.002 0.003 0.040 0.006 0.004 0.011 0.039 0.004 0.004 0.044 

Locus 33 : 35769_30 
2 alleles
6.2% missing data
 110   (0.944) 0.999 1.000 0.999 0.960 0.999 0.996 0.998 0.998 0.995 0.953 0.929 0.996 0.996 0.964 1.000 0.996 0.944 
 100   (0.056) 0.001 0.000 0.001 0.040 0.001 0.004 0.002 0.002 0.005 0.047 0.071 0.004 0.004 0.036 0.000 0.004 0.056 

Locus 34 : 35965_89 
2 alleles
3.4% missing data
 130   (0.959) 0.999 1.000 0.999 0.997 0.999 0.997 0.999 0.999 0.978 0.962 0.995 0.997 0.997 0.971 1.000 0.997 0.959 
 100   (0.041) 0.001 0.000 0.001 0.003 0.001 0.003 0.001 0.001 0.022 0.038 0.005 0.003 0.003 0.029 0.000 0.003 0.041 

Locus 35 : 39654_13 
2 alleles
5.6% missing data
 120   (0.962) 0.999 1.000 0.999 0.997 1.000 0.997 0.999 0.999 0.998 0.965 0.995 0.999 0.997 0.975 1.000 0.981 0.962 
 100   (0.038) 0.001 0.000 0.001 0.003 0.000 0.003 0.001 0.001 0.002 0.035 0.005 0.001 0.003 0.025 0.000 0.019 0.038 

Locus 36 : 39700_65 
2 alleles
3.4% missing data
 110   (0.963) 0.999 1.000 0.998 0.996 1.000 0.997 0.999 0.999 0.998 0.967 0.994 0.998 0.997 0.975 1.000 0.996 0.963 
 120   (0.037) 0.001 0.000 0.002 0.004 0.000 0.003 0.001 0.001 0.002 0.033 0.006 0.002 0.003 0.025 0.000 0.004 0.037 

Locus 37 : 40824_7 
2 alleles
5.1% missing data
 130   (0.957) 0.999 1.000 0.999 0.996 1.000 0.997 0.999 0.999 0.998 0.963 0.995 0.998 0.996 0.972 0.999 0.917 0.957 
 110   (0.043) 0.001 0.000 0.001 0.004 0.000 0.003 0.001 0.001 0.002 0.037 0.005 0.002 0.004 0.028 0.001 0.083 0.043 

Locus 38 : 41554_43 
2 alleles
7.3% missing data
 120   (0.958) 0.999 1.000 0.999 0.958 1.000 0.997 0.999 0.999 0.998 0.965 0.994 0.998 0.997 0.972 1.000 0.997 0.958 
 100   (0.042) 0.001 0.000 0.001 0.042 0.000 0.003 0.001 0.001 0.002 0.035 0.006 0.002 0.003 0.028 0.000 0.003 0.042 

Locus 39 : 42501_5 
2 alleles
5.6% missing data
 120   (0.955) 1.000 1.000 0.999 0.996 1.000 0.917 0.999 0.999 0.998 0.964 0.995 0.999 0.997 0.971 1.000 0.997 0.955 
 110   (0.045) 0.000 0.000 0.001 0.004 0.000 0.083 0.001 0.001 0.002 0.036 0.005 0.001 0.003 0.029 0.000 0.003 0.045 

Locus 40 : 42989_15 
2 alleles
3.4% missing data
 130   (0.957) 0.999 1.000 0.999 0.997 1.000 0.997 0.999 0.999 0.998 0.962 0.995 0.998 0.996 0.972 0.999 0.916 0.957 
 110   (0.043) 0.001 0.000 0.001 0.003 0.000 0.003 0.001 0.001 0.002 0.038 0.005 0.002 0.004 0.028 0.001 0.084 0.043 

Locus 41 : 44631_16 
2 alleles
5.6% missing data
 120   (0.960) 1.000 1.000 0.999 0.843 1.000 0.997 0.999 0.999 0.998 0.968 0.995 0.999 0.997 0.975 1.000 0.997 0.960 
 110   (0.040) 0.000 0.000 0.001 0.157 0.000 0.003 0.001 0.001 0.002 0.032 0.005 0.001 0.003 0.025 0.000 0.003 0.040 

Locus 42 : 45332_74 
2 alleles
3.4% missing data
 130   (0.893) 0.991 1.000 0.957 0.992 0.997 0.992 0.982 0.996 0.995 0.894 0.844 0.575 0.993 0.929 0.999 0.782 0.893 
 110   (0.107) 0.009 0.000 0.043 0.008 0.003 0.008 0.018 0.004 0.005 0.106 0.156 0.425 0.007 0.071 0.001 0.218 0.107 

Locus 43 : 45964_12 
2 alleles
2.2% missing data
 100   (0.960) 0.999 1.000 0.999 0.997 1.000 0.995 0.999 0.980 0.998 0.968 0.995 0.999 0.997 0.975 1.000 0.997 0.960 
 130   (0.040) 0.001 0.000 0.001 0.003 0.000 0.005 0.001 0.020 0.002 0.032 0.005 0.001 0.003 0.025 0.000 0.003 0.040 

Locus 44 : 47772_18 
2 alleles
1.7% missing data
 120   (0.954) 1.000 1.000 0.999 0.997 1.000 0.811 0.999 0.999 0.998 0.963 0.995 0.999 0.997 0.970 1.000 0.997 0.955 
 100   (0.046) 0.000 0.000 0.001 0.003 0.000 0.189 0.001 0.001 0.002 0.037 0.005 0.001 0.003 0.030 0.000 0.003 0.045 

Locus 45 : 48505_7 
2 alleles
2.8% missing data
 130   (0.964) 0.999 1.000 0.999 0.997 0.998 0.997 0.999 0.999 0.998 0.969 0.995 0.984 0.997 0.975 1.000 0.997 0.964 
 110   (0.036) 0.001 0.000 0.001 0.003 0.002 0.003 0.001 0.001 0.002 0.031 0.005 0.016 0.003 0.025 0.000 0.003 0.036 

Locus 46 : 49838_13 
2 alleles
5.1% missing data
 120   (0.960) 1.000 1.000 0.999 0.997 1.000 0.997 0.999 0.999 0.998 0.969 0.996 0.846 0.996 0.976 1.000 0.997 0.960 
 100   (0.040) 0.000 0.000 0.001 0.003 0.000 0.003 0.001 0.001 0.002 0.031 0.004 0.154 0.004 0.024 0.000 0.003 0.040 

Locus 47 : 50793_47 
2 alleles
6.2% missing data
 120   (0.951) 0.999 1.000 0.998 0.989 1.000 0.996 0.998 0.998 0.998 0.945 0.994 0.997 0.995 0.971 0.997 0.862 0.951 
 100   (0.049) 0.001 0.000 0.002 0.011 0.000 0.004 0.002 0.002 0.002 0.055 0.006 0.003 0.005 0.029 0.003 0.138 0.049 

Locus 48 : 51471_5 
2 alleles
2.2% missing data
 110   (0.957) 1.000 1.000 0.999 0.997 1.000 0.997 0.999 0.938 0.998 0.964 0.995 0.998 0.997 0.972 1.000 0.997 0.957 
 120   (0.043) 0.000 0.000 0.001 0.003 0.000 0.003 0.001 0.062 0.002 0.036 0.005 0.002 0.003 0.028 0.000 0.003 0.043 

Locus 49 : 52408_45 
2 alleles
2.2% missing data
 130   (0.960) 1.000 1.000 0.999 0.809 1.000 0.997 0.999 0.999 0.998 0.968 0.995 0.999 0.997 0.975 1.000 0.997 0.960 
 110   (0.040) 0.000 0.000 0.001 0.191 0.000 0.003 0.001 0.001 0.002 0.032 0.005 0.001 0.003 0.025 0.000 0.003 0.040 

Locus 50 : 53046_18 
2 alleles
0.6% missing data
 120   (0.943) 0.999 1.000 0.999 0.996 1.000 0.995 0.993 0.998 0.997 0.951 0.993 0.998 0.995 0.960 1.000 0.913 0.943 
 100   (0.057) 0.001 0.000 0.001 0.004 0.000 0.005 0.007 0.002 0.003 0.049 0.007 0.002 0.005 0.040 0.000 0.087 0.057 

Locus 51 : 53230_50 
2 alleles
4.5% missing data
 120   (0.957) 0.999 1.000 0.999 0.997 1.000 0.997 0.999 0.890 0.998 0.965 0.995 0.999 0.997 0.971 1.000 0.997 0.957 
 110   (0.043) 0.001 0.000 0.001 0.003 0.000 0.003 0.001 0.110 0.002 0.035 0.005 0.001 0.003 0.029 0.000 0.003 0.043 

Locus 52 : 53957_5 
2 alleles
3.9% missing data
 130   (0.960) 0.999 1.000 0.999 0.997 1.000 0.997 0.999 0.999 0.998 0.965 0.995 0.999 0.997 0.974 1.000 0.987 0.960 
 110   (0.040) 0.001 0.000 0.001 0.003 0.000 0.003 0.001 0.001 0.002 0.035 0.005 0.001 0.003 0.026 0.000 0.013 0.040 

Locus 53 : 58003_89 
2 alleles
3.9% missing data
 120   (0.951) 0.989 0.996 0.991 0.996 0.998 0.996 0.996 0.998 0.979 0.955 0.990 0.997 0.989 0.964 0.996 0.992 0.951 
 100   (0.049) 0.011 0.004 0.009 0.004 0.002 0.004 0.004 0.002 0.021 0.045 0.010 0.003 0.011 0.036 0.004 0.008 0.049 

Locus 54 : 58412_58 
2 alleles
2.2% missing data
 110   (0.960) 1.000 1.000 0.999 0.997 1.000 0.974 0.999 0.999 0.998 0.967 0.995 0.999 0.997 0.974 1.000 0.997 0.960 
 100   (0.040) 0.000 0.000 0.001 0.003 0.000 0.026 0.001 0.001 0.002 0.033 0.005 0.001 0.003 0.026 0.000 0.003 0.040 

Locus 55 : 58452_11 
2 alleles
3.4% missing data
 120   (0.963) 0.999 1.000 0.999 0.997 1.000 0.997 0.999 0.999 0.988 0.964 0.995 0.998 0.997 0.975 1.000 0.997 0.963 
 130   (0.037) 0.001 0.000 0.001 0.003 0.000 0.003 0.001 0.001 0.012 0.036 0.005 0.002 0.003 0.025 0.000 0.003 0.037 

Locus 56 : 59409_85 
2 alleles
2.8% missing data
 130   (0.959) 1.000 1.000 0.996 0.997 1.000 0.997 0.999 0.999 0.998 0.963 0.994 0.999 0.996 0.971 1.000 0.997 0.958 
 100   (0.041) 0.000 0.000 0.004 0.003 0.000 0.003 0.001 0.001 0.002 0.037 0.006 0.001 0.004 0.029 0.000 0.003 0.042 

Locus 57 : 60620_10 
2 alleles
1.1% missing data
 120   (0.962) 1.000 1.000 0.999 0.997 1.000 0.891 0.999 0.999 0.998 0.970 0.996 0.999 0.997 0.976 1.000 0.998 0.962 
 130   (0.038) 0.000 0.000 0.001 0.003 0.000 0.109 0.001 0.001 0.002 0.030 0.004 0.001 0.003 0.024 0.000 0.002 0.038 

Locus 58 : 61541_77 
2 alleles
3.4% missing data
 120   (0.955) 1.000 1.000 0.999 0.997 1.000 0.837 0.999 0.999 0.998 0.963 0.995 0.999 0.997 0.971 1.000 0.997 0.955 
 100   (0.045) 0.000 0.000 0.001 0.003 0.000 0.163 0.001 0.001 0.002 0.037 0.005 0.001 0.003 0.029 0.000 0.003 0.045 

Locus 59 : 61756_42 
2 alleles
1.1% missing data
 130   (0.957) 1.000 1.000 0.999 0.997 1.000 0.819 0.999 0.999 0.998 0.966 0.995 0.999 0.996 0.973 1.000 0.997 0.957 
 110   (0.043) 0.000 0.000 0.001 0.003 0.000 0.181 0.001 0.001 0.002 0.034 0.005 0.001 0.004 0.027 0.000 0.003 0.043 

Locus 60 : 62497_19 
2 alleles
6.2% missing data
 130   (0.909) 0.979 0.999 0.990 0.873 0.986 0.993 0.997 0.996 0.956 0.919 0.945 0.989 0.988 0.934 0.997 0.993 0.909 
 110   (0.091) 0.021 0.001 0.010 0.127 0.014 0.007 0.003 0.004 0.044 0.081 0.055 0.011 0.012 0.066 0.003 0.007 0.091 

Locus 61 : 63024_50 
2 alleles
2.8% missing data
 120   (0.948) 0.999 1.000 0.999 0.996 1.000 0.996 0.999 0.998 0.958 0.949 0.993 0.998 0.996 0.965 1.000 0.996 0.947 
 100   (0.052) 0.001 0.000 0.001 0.004 0.000 0.004 0.001 0.002 0.042 0.051 0.007 0.002 0.004 0.035 0.000 0.004 0.053 

Locus 62 : 64492_50 
2 alleles
7.3% missing data
 120   (0.916) 0.999 0.999 0.998 0.887 0.999 0.993 0.998 0.997 0.950 0.929 0.988 0.996 0.994 0.944 0.999 0.917 0.916 
 100   (0.084) 0.001 0.001 0.002 0.113 0.001 0.007 0.002 0.003 0.050 0.071 0.012 0.004 0.006 0.056 0.001 0.083 0.084 

Locus 63 : 67984_34 
2 alleles
2.2% missing data
 120   (0.954) 1.000 1.000 0.999 0.997 1.000 0.864 0.999 0.999 0.998 0.963 0.995 0.998 0.997 0.971 1.000 0.997 0.954 
 100   (0.046) 0.000 0.000 0.001 0.003 0.000 0.136 0.001 0.001 0.002 0.037 0.005 0.002 0.003 0.029 0.000 0.003 0.046 

Locus 64 : 69199_10 
2 alleles
4.5% missing data
 120   (0.948) 0.995 1.000 0.999 0.996 0.999 0.996 0.998 0.998 0.285 0.952 0.993 0.998 0.996 0.966 1.000 0.996 0.948 
 100   (0.052) 0.005 0.000 0.001 0.004 0.001 0.004 0.002 0.002 0.715 0.048 0.007 0.002 0.004 0.034 0.000 0.004 0.052 

Locus 65 : 71368_77 
2 alleles
6.7% missing data
 100   (0.959) 1.000 1.000 0.999 0.997 1.000 0.997 0.999 0.756 0.998 0.967 0.995 0.999 0.997 0.973 1.000 0.997 0.959 
 110   (0.041) 0.000 0.000 0.001 0.003 0.000 0.003 0.001 0.244 0.002 0.033 0.005 0.001 0.003 0.027 0.000 0.003 0.041 

Locus 66 : 72276_35 
2 alleles
5.1% missing data
 130   (0.956) 0.999 1.000 0.999 0.997 1.000 0.997 0.999 0.999 0.997 0.964 0.995 0.997 0.997 0.971 1.000 0.881 0.956 
 120   (0.044) 0.001 0.000 0.001 0.003 0.000 0.003 0.001 0.001 0.003 0.036 0.005 0.003 0.003 0.029 0.000 0.119 0.044 

Locus 67 : 73554_16 
2 alleles
3.9% missing data
 100   (0.960) 1.000 1.000 0.999 0.997 1.000 0.997 0.999 0.999 0.998 0.969 0.846 0.997 0.997 0.975 1.000 0.997 0.960 
 130   (0.040) 0.000 0.000 0.001 0.003 0.000 0.003 0.001 0.001 0.002 0.031 0.154 0.003 0.003 0.025 0.000 0.003 0.040 

Locus 68 : 74575_32 
2 alleles
1.7% missing data
 120   (0.959) 1.000 1.000 0.999 0.997 1.000 0.997 0.999 0.999 0.998 0.962 0.995 0.999 0.997 0.973 1.000 0.983 0.959 
 100   (0.041) 0.000 0.000 0.001 0.003 0.000 0.003 0.001 0.001 0.002 0.038 0.005 0.001 0.003 0.027 0.000 0.017 0.041 

Locus 69 : 76504_10 
2 alleles
1.1% missing data
 110   (0.955) 1.000 1.000 0.999 0.997 1.000 0.996 0.771 0.999 0.997 0.963 0.995 0.998 0.995 0.971 1.000 0.997 0.955 
 100   (0.045) 0.000 0.000 0.001 0.003 0.000 0.004 0.229 0.001 0.003 0.037 0.005 0.002 0.005 0.029 0.000 0.003 0.045 

Locus 70 : 76561_35 
2 alleles
5.6% missing data
 120   (0.959) 1.000 1.000 0.999 0.542 1.000 0.997 0.999 0.999 0.998 0.967 0.995 0.999 0.997 0.974 1.000 0.997 0.959 
 100   (0.041) 0.000 0.000 0.001 0.458 0.000 0.003 0.001 0.001 0.002 0.033 0.005 0.001 0.003 0.026 0.000 0.003 0.041 

Locus 71 : 77346_16 
2 alleles
2.2% missing data
 130   (0.961) 0.999 1.000 0.999 0.997 1.000 0.997 0.911 0.999 0.998 0.968 0.996 0.998 0.997 0.975 1.000 0.997 0.961 
 110   (0.039) 0.001 0.000 0.001 0.003 0.000 0.003 0.089 0.001 0.002 0.032 0.004 0.002 0.003 0.025 0.000 0.003 0.039 

Locus 72 : 78631_40 
2 alleles
7.9% missing data
 120   (0.952) 0.999 1.000 0.999 0.992 0.999 0.996 0.999 0.999 0.997 0.951 0.994 0.998 0.997 0.969 1.000 0.796 0.952 
 110   (0.048) 0.001 0.000 0.001 0.008 0.001 0.004 0.001 0.001 0.003 0.049 0.006 0.002 0.003 0.031 0.000 0.204 0.048 

Locus 73 : 80366_12 
2 alleles
6.7% missing data
 130   (0.959) 0.999 1.000 0.998 0.995 1.000 0.997 0.999 0.999 0.998 0.963 0.994 0.998 0.997 0.972 1.000 0.996 0.958 
 110   (0.041) 0.001 0.000 0.002 0.005 0.000 0.003 0.001 0.001 0.002 0.037 0.006 0.002 0.003 0.028 0.000 0.004 0.042 

Locus 74 : 80499_10 
2 alleles
6.2% missing data
 130   (0.955) 0.999 1.000 0.999 0.997 1.000 0.996 0.999 0.901 0.998 0.962 0.995 0.998 0.997 0.970 1.000 0.997 0.955 
 100   (0.045) 0.001 0.000 0.001 0.003 0.000 0.004 0.001 0.099 0.002 0.038 0.005 0.002 0.003 0.030 0.000 0.003 0.045 

Locus 75 : 81141_31 
2 alleles
2.8% missing data
 120   (0.962) 0.999 1.000 0.999 0.997 0.998 0.997 0.999 0.999 0.998 0.968 0.995 0.984 0.997 0.974 1.000 0.997 0.962 
 100   (0.038) 0.001 0.000 0.001 0.003 0.002 0.003 0.001 0.001 0.002 0.032 0.005 0.016 0.003 0.026 0.000 0.003 0.038 

Locus 76 : 81662_33 
2 alleles
3.4% missing data
 120   (0.961) 0.999 1.000 0.994 0.997 1.000 0.997 0.999 0.999 0.998 0.962 0.995 0.999 0.992 0.973 1.000 0.997 0.961 
 110   (0.039) 0.001 0.000 0.006 0.003 0.000 0.003 0.001 0.001 0.002 0.038 0.005 0.001 0.008 0.027 0.000 0.003 0.039 

Locus 77 : 82002_8 
2 alleles
6.7% missing data
 100   (0.953) 1.000 1.000 0.999 0.997 1.000 0.674 0.999 0.999 0.998 0.961 0.995 0.998 0.997 0.969 1.000 0.997 0.953 
 110   (0.047) 0.000 0.000 0.001 0.003 0.000 0.326 0.001 0.001 0.002 0.039 0.005 0.002 0.003 0.031 0.000 0.003 0.047 

Locus 78 : 82631_34 
2 alleles
7.9% missing data
 120   (0.960) 0.998 1.000 0.999 0.996 0.999 0.997 0.999 0.999 0.998 0.952 0.994 0.996 0.997 0.973 1.000 0.995 0.960 
 100   (0.040) 0.002 0.000 0.001 0.004 0.001 0.003 0.001 0.001 0.002 0.048 0.006 0.004 0.003 0.027 0.000 0.005 0.040 

Locus 79 : 83247_84 
2 alleles
3.4% missing data
 110   (0.951) 0.999 1.000 0.999 0.997 1.000 0.996 0.999 0.999 0.998 0.957 0.994 0.998 0.996 0.967 1.000 0.743 0.951 
 100   (0.049) 0.001 0.000 0.001 0.003 0.000 0.004 0.001 0.001 0.002 0.043 0.006 0.002 0.004 0.033 0.000 0.257 0.049 

Locus 80 : 83916_5 
2 alleles
3.9% missing data
 130   (0.960) 0.999 1.000 0.999 0.997 0.793 0.997 0.999 0.999 0.998 0.968 0.995 0.998 0.998 0.975 1.000 0.998 0.960 
 110   (0.040) 0.001 0.000 0.001 0.003 0.207 0.003 0.001 0.001 0.002 0.032 0.005 0.002 0.002 0.025 0.000 0.002 0.040 

Locus 81 : 84971_7 
2 alleles
2.2% missing data
 120   (0.947) 0.965 0.998 0.998 0.996 0.999 0.996 0.974 0.998 0.994 0.948 0.992 0.995 0.984 0.930 0.999 0.995 0.947 
 110   (0.053) 0.035 0.002 0.002 0.004 0.001 0.004 0.026 0.002 0.006 0.052 0.008 0.005 0.016 0.070 0.001 0.005 0.053 

Locus 82 : 85247_77 
2 alleles
7.9% missing data
 120   (0.960) 0.993 0.998 0.998 0.996 0.994 0.997 0.998 0.998 0.997 0.967 0.994 0.994 0.995 0.972 0.999 0.996 0.960 
 110   (0.040) 0.007 0.002 0.002 0.004 0.006 0.003 0.002 0.002 0.003 0.033 0.006 0.006 0.005 0.028 0.001 0.004 0.040 

Locus 83 : 85248_24 
2 alleles
5.1% missing data
 100   (0.955) 1.000 1.000 0.999 0.997 1.000 0.857 0.999 0.999 0.998 0.964 0.995 0.998 0.997 0.971 1.000 0.997 0.955 
 120   (0.045) 0.000 0.000 0.001 0.003 0.000 0.143 0.001 0.001 0.002 0.036 0.005 0.002 0.003 0.029 0.000 0.003 0.045 

Locus 84 : 85402_12 
2 alleles
3.4% missing data
 120   (0.963) 1.000 1.000 0.996 0.997 1.000 0.997 0.999 0.999 0.998 0.966 0.995 0.999 0.996 0.974 1.000 0.998 0.963 
 100   (0.037) 0.000 0.000 0.004 0.003 0.000 0.003 0.001 0.001 0.002 0.034 0.005 0.001 0.004 0.026 0.000 0.002 0.037 

Locus 85 : 86588_18 
2 alleles
3.9% missing data
 120   (0.962) 0.999 1.000 0.999 0.997 1.000 0.997 0.999 0.999 0.985 0.964 0.994 0.999 0.997 0.973 1.000 0.997 0.962 
 100   (0.038) 0.001 0.000 0.001 0.003 0.000 0.003 0.001 0.001 0.015 0.036 0.006 0.001 0.003 0.027 0.000 0.003 0.038 

Locus 86 : 87070_60 
2 alleles
2.2% missing data
 100   (0.958) 0.999 1.000 0.999 0.997 1.000 0.997 0.999 0.999 0.998 0.967 0.858 0.998 0.996 0.973 1.000 0.997 0.958 
 130   (0.042) 0.001 0.000 0.001 0.003 0.000 0.003 0.001 0.001 0.002 0.033 0.142 0.002 0.004 0.027 0.000 0.003 0.042 

Locus 87 : 87747_31 
2 alleles
6.2% missing data
 120   (0.954) 1.000 1.000 0.999 0.997 1.000 0.913 0.999 0.999 0.998 0.963 0.995 0.998 0.997 0.971 1.000 0.997 0.954 
 110   (0.046) 0.000 0.000 0.001 0.003 0.000 0.087 0.001 0.001 0.002 0.037 0.005 0.002 0.003 0.029 0.000 0.003 0.046 

Locus 88 : 88455_10 
2 alleles
5.1% missing data
 130   (0.956) 1.000 1.000 0.999 0.782 1.000 0.997 0.999 0.999 0.998 0.965 0.995 0.998 0.997 0.973 1.000 0.996 0.956 
 100   (0.044) 0.000 0.000 0.001 0.218 0.000 0.003 0.001 0.001 0.002 0.035 0.005 0.002 0.003 0.027 0.000 0.004 0.044 

Locus 89 : 89005_12 
2 alleles
1.1% missing data
 120   (0.959) 1.000 1.000 0.999 0.997 1.000 0.891 0.999 0.999 0.998 0.968 0.995 0.999 0.997 0.974 1.000 0.997 0.959 
 130   (0.041) 0.000 0.000 0.001 0.003 0.000 0.109 0.001 0.001 0.002 0.032 0.005 0.001 0.003 0.026 0.000 0.003 0.041 

Locus 90 : 89213_8 
2 alleles
3.4% missing data
 130   (0.960) 1.000 1.000 0.999 0.997 1.000 0.971 0.999 0.999 0.998 0.967 0.995 0.998 0.997 0.974 1.000 0.997 0.960 
 110   (0.040) 0.000 0.000 0.001 0.003 0.000 0.029 0.001 0.001 0.002 0.033 0.005 0.002 0.003 0.026 0.000 0.003 0.040 

Locus 91 : 93475_13 
2 alleles
2.2% missing data
 130   (0.957) 1.000 1.000 0.999 0.997 1.000 0.864 0.999 0.999 0.998 0.966 0.995 0.999 0.997 0.974 1.000 0.997 0.957 
 110   (0.043) 0.000 0.000 0.001 0.003 0.000 0.136 0.001 0.001 0.002 0.034 0.005 0.001 0.003 0.026 0.000 0.003 0.043 

Locus 92 : 95749_27 
2 alleles
3.9% missing data
 120   (0.963) 1.000 1.000 0.999 0.997 1.000 0.971 0.999 0.999 0.998 0.970 0.996 0.999 0.997 0.976 1.000 0.998 0.963 
 100   (0.037) 0.000 0.000 0.001 0.003 0.000 0.029 0.001 0.001 0.002 0.030 0.004 0.001 0.003 0.024 0.000 0.002 0.037 

Locus 93 : 98167_26 
2 alleles
3.4% missing data
 120   (0.935) 0.997 0.999 0.973 0.992 0.999 0.995 0.993 0.997 0.987 0.942 0.901 0.996 0.992 0.954 0.998 0.994 0.935 
 110   (0.065) 0.003 0.001 0.027 0.008 0.001 0.005 0.007 0.003 0.013 0.058 0.099 0.004 0.008 0.046 0.002 0.006 0.065 

Locus 94 : 98988_58 
2 alleles
2.2% missing data
 130   (0.961) 0.999 1.000 0.999 0.997 1.000 0.975 0.999 0.999 0.998 0.969 0.995 0.999 0.997 0.975 1.000 0.997 0.961 
 110   (0.039) 0.001 0.000 0.001 0.003 0.000 0.025 0.001 0.001 0.002 0.031 0.005 0.001 0.003 0.025 0.000 0.003 0.039 

Locus 95 : 103824_15 
2 alleles
3.4% missing data
 130   (0.956) 1.000 1.000 0.999 0.997 1.000 0.809 0.999 0.999 0.998 0.964 0.995 0.999 0.997 0.972 1.000 0.997 0.956 
 110   (0.044) 0.000 0.000 0.001 0.003 0.000 0.191 0.001 0.001 0.002 0.036 0.005 0.001 0.003 0.028 0.000 0.003 0.044 

Locus 96 : 108043_8 
2 alleles
4.5% missing data
 130   (0.963) 1.000 1.000 0.999 0.998 1.000 0.997 0.903 0.999 0.998 0.969 0.996 0.998 0.998 0.976 1.000 0.997 0.963 
 110   (0.037) 0.000 0.000 0.001 0.002 0.000 0.003 0.097 0.001 0.002 0.031 0.004 0.002 0.002 0.024 0.000 0.003 0.037 

Locus 97 : 108049_79 
2 alleles
2.8% missing data
 120   (0.958) 0.999 1.000 0.994 0.997 1.000 0.997 0.999 0.999 0.998 0.960 0.995 0.998 0.993 0.970 1.000 0.997 0.958 
 100   (0.042) 0.001 0.000 0.006 0.003 0.000 0.003 0.001 0.001 0.002 0.040 0.005 0.002 0.007 0.030 0.000 0.003 0.042 

Locus 98 : 108366_5 
2 alleles
2.8% missing data
 130   (0.957) 1.000 1.000 0.999 0.997 1.000 0.918 0.999 0.999 0.998 0.967 0.995 0.999 0.997 0.974 1.000 0.997 0.958 
 100   (0.043) 0.000 0.000 0.001 0.003 0.000 0.082 0.001 0.001 0.002 0.033 0.005 0.001 0.003 0.026 0.000 0.003 0.042 

Locus 99 : 108403_10 
2 alleles
6.2% missing data
 130   (0.965) 1.000 1.000 0.999 0.997 1.000 0.997 0.992 0.999 0.998 0.969 0.996 0.999 0.998 0.975 1.000 0.996 0.964 
 110   (0.035) 0.000 0.000 0.001 0.003 0.000 0.003 0.008 0.001 0.002 0.031 0.004 0.001 0.002 0.025 0.000 0.004 0.036 

Locus 100 : 109283_38 
2 alleles
3.9% missing data
 120   (0.869) 0.809 0.982 0.919 0.991 0.489 0.990 0.995 0.996 0.971 0.866 0.982 0.516 0.948 0.850 0.983 0.982 0.869 
 100   (0.131) 0.191 0.018 0.081 0.009 0.511 0.010 0.005 0.004 0.029 0.134 0.018 0.484 0.052 0.150 0.017 0.018 0.131 

Locus 101 : 109527_54 
2 alleles
7.3% missing data
 110   (0.952) 0.999 1.000 0.998 0.997 1.000 0.996 0.999 0.999 0.998 0.960 0.994 0.998 0.996 0.971 1.000 0.778 0.952 
 130   (0.048) 0.001 0.000 0.002 0.003 0.000 0.004 0.001 0.001 0.002 0.040 0.006 0.002 0.004 0.029 0.000 0.222 0.048 

Locus 102 : 109804_31 
2 alleles
2.2% missing data
 130   (0.958) 1.000 1.000 0.999 0.997 1.000 0.945 0.999 0.999 0.998 0.967 0.995 0.999 0.997 0.973 1.000 0.997 0.958 
 100   (0.042) 0.000 0.000 0.001 0.003 0.000 0.055 0.001 0.001 0.002 0.033 0.005 0.001 0.003 0.027 0.000 0.003 0.042 

Locus 103 : 112614_46 
2 alleles
5.1% missing data
 120   (0.954) 1.000 1.000 0.999 0.997 1.000 0.884 0.999 0.999 0.998 0.963 0.994 0.998 0.997 0.971 1.000 0.997 0.954 
 100   (0.046) 0.000 0.000 0.001 0.003 0.000 0.116 0.001 0.001 0.002 0.037 0.006 0.002 0.003 0.029 0.000 0.003 0.046 

Locus 104 : 112906_14 
2 alleles
3.9% missing data
 110   (0.885) 0.998 0.999 0.998 0.673 0.999 0.991 0.997 0.996 0.994 0.843 0.951 0.842 0.991 0.925 0.999 0.760 0.885 
 120   (0.115) 0.002 0.001 0.002 0.327 0.001 0.009 0.003 0.004 0.006 0.157 0.049 0.158 0.009 0.075 0.001 0.240 0.115 

Locus 105 : 113735_32 
2 alleles
6.7% missing data
 120   (0.958) 1.000 1.000 0.999 0.966 1.000 0.997 0.999 0.999 0.998 0.963 0.995 0.998 0.997 0.973 1.000 0.997 0.958 
 100   (0.042) 0.000 0.000 0.001 0.034 0.000 0.003 0.001 0.001 0.002 0.037 0.005 0.002 0.003 0.027 0.000 0.003 0.042 

Locus 106 : 115028_7 
2 alleles
3.9% missing data
 120   (0.961) 1.000 1.000 0.999 0.959 1.000 0.997 0.999 0.999 0.998 0.968 0.995 0.999 0.997 0.975 1.000 0.997 0.961 
 100   (0.039) 0.000 0.000 0.001 0.041 0.000 0.003 0.001 0.001 0.002 0.032 0.005 0.001 0.003 0.025 0.000 0.003 0.039 

Locus 107 : 115179_16 
2 alleles
2.2% missing data
 120   (0.957) 1.000 1.000 0.999 0.997 1.000 0.908 0.999 0.999 0.998 0.965 0.995 0.999 0.997 0.973 1.000 0.997 0.957 
 110   (0.043) 0.000 0.000 0.001 0.003 0.000 0.092 0.001 0.001 0.002 0.035 0.005 0.001 0.003 0.027 0.000 0.003 0.043 

Locus 108 : 116753_51 
2 alleles
7.3% missing data
 120   (0.960) 0.996 1.000 0.999 0.997 0.999 0.997 0.999 0.999 0.998 0.963 0.995 0.907 0.997 0.974 1.000 0.996 0.960 
 100   (0.040) 0.004 0.000 0.001 0.003 0.001 0.003 0.001 0.001 0.002 0.037 0.005 0.093 0.003 0.026 0.000 0.004 0.040 

Locus 109 : 116931_31 
2 alleles
7.9% missing data
 120   (0.960) 0.999 1.000 0.999 0.997 1.000 0.997 0.999 0.999 0.986 0.962 0.995 0.998 0.995 0.973 1.000 0.997 0.960 
 110   (0.040) 0.001 0.000 0.001 0.003 0.000 0.003 0.001 0.001 0.014 0.038 0.005 0.002 0.005 0.027 0.000 0.003 0.040 

Locus 110 : 116938_8 
2 alleles
4.5% missing data
 130   (0.925) 0.999 1.000 0.998 0.994 0.999 0.994 0.998 0.998 0.996 0.940 0.946 0.804 0.994 0.953 1.000 0.865 0.925 
 110   (0.075) 0.001 0.000 0.002 0.006 0.001 0.006 0.002 0.002 0.004 0.060 0.054 0.196 0.006 0.047 0.000 0.135 0.075 

Locus 111 : 122302_80 
2 alleles
10.1% missing data
 110   (0.960) 0.999 1.000 0.999 0.996 1.000 0.997 0.999 0.999 0.954 0.966 0.995 0.998 0.996 0.974 1.000 0.997 0.960 
 100   (0.040) 0.001 0.000 0.001 0.004 0.000 0.003 0.001 0.001 0.046 0.034 0.005 0.002 0.004 0.026 0.000 0.003 0.040 

Locus 112 : 123190_14 
2 alleles
3.4% missing data
 120   (0.953) 0.999 1.000 0.999 0.997 0.999 0.996 0.999 0.999 0.945 0.954 0.994 0.998 0.996 0.968 1.000 0.997 0.953 
 130   (0.047) 0.001 0.000 0.001 0.003 0.001 0.004 0.001 0.001 0.055 0.046 0.006 0.002 0.004 0.032 0.000 0.003 0.047 

Locus 113 : 123271_36 
2 alleles
3.9% missing data
 100   (0.958) 1.000 1.000 0.999 0.997 1.000 0.856 0.999 0.999 0.998 0.966 0.995 0.999 0.997 0.973 1.000 0.997 0.958 
 110   (0.042) 0.000 0.000 0.001 0.003 0.000 0.144 0.001 0.001 0.002 0.034 0.005 0.001 0.003 0.027 0.000 0.003 0.042 

Locus 114 : 124147_18 
2 alleles
2.2% missing data
 130   (0.955) 0.999 1.000 0.999 0.997 1.000 0.997 0.999 0.999 0.998 0.963 0.757 0.998 0.997 0.970 1.000 0.997 0.955 
 110   (0.045) 0.001 0.000 0.001 0.003 0.000 0.003 0.001 0.001 0.002 0.037 0.243 0.002 0.003 0.030 0.000 0.003 0.045 

Locus 115 : 124184_33 
2 alleles
5.6% missing data
 110   (0.957) 1.000 1.000 0.999 0.997 1.000 0.909 0.999 0.999 0.998 0.965 0.995 0.999 0.995 0.973 1.000 0.997 0.957 
 100   (0.043) 0.000 0.000 0.001 0.003 0.000 0.091 0.001 0.001 0.002 0.035 0.005 0.001 0.005 0.027 0.000 0.003 0.043 

Locus 116 : 125404_24 
2 alleles
1.1% missing data
 130   (0.958) 1.000 1.000 0.999 0.756 1.000 0.997 0.999 0.999 0.998 0.966 0.995 0.999 0.996 0.973 1.000 0.997 0.958 
 110   (0.042) 0.000 0.000 0.001 0.244 0.000 0.003 0.001 0.001 0.002 0.034 0.005 0.001 0.004 0.027 0.000 0.003 0.042 

Locus 117 : 125436_43 
2 alleles
3.9% missing data
 130   (0.929) 0.999 1.000 0.998 0.697 0.999 0.995 0.998 0.998 0.997 0.917 0.992 0.997 0.995 0.956 1.000 0.836 0.929 
 100   (0.071) 0.001 0.000 0.002 0.303 0.001 0.005 0.002 0.002 0.003 0.083 0.008 0.003 0.005 0.044 0.000 0.164 0.071 

Locus 118 : 126013_18 
2 alleles
2.8% missing data
 130   (0.956) 1.000 1.000 0.999 0.997 1.000 0.996 0.999 0.874 0.998 0.965 0.995 0.999 0.997 0.973 1.000 0.997 0.957 
 110   (0.044) 0.000 0.000 0.001 0.003 0.000 0.004 0.001 0.126 0.002 0.035 0.005 0.001 0.003 0.027 0.000 0.003 0.043 

Locus 119 : 126137_19 
2 alleles
3.9% missing data
 120   (0.961) 0.999 1.000 0.999 0.984 1.000 0.997 0.999 0.999 0.998 0.959 0.995 0.998 0.997 0.974 1.000 0.983 0.961 
 110   (0.039) 0.001 0.000 0.001 0.016 0.000 0.003 0.001 0.001 0.002 0.041 0.005 0.002 0.003 0.026 0.000 0.017 0.039 

Locus 120 : 126845_22 
2 alleles
5.6% missing data
 130   (0.958) 0.999 1.000 0.999 0.961 1.000 0.997 0.999 0.999 0.998 0.965 0.994 0.998 0.997 0.973 1.000 0.997 0.958 
 110   (0.042) 0.001 0.000 0.001 0.039 0.000 0.003 0.001 0.001 0.002 0.035 0.006 0.002 0.003 0.027 0.000 0.003 0.042 

Locus 121 : 127512_8 
2 alleles
1.1% missing data
 130   (0.958) 1.000 1.000 0.999 0.997 1.000 0.997 0.999 0.905 0.998 0.965 0.995 0.999 0.996 0.972 1.000 0.997 0.958 
 100   (0.042) 0.000 0.000 0.001 0.003 0.000 0.003 0.001 0.095 0.002 0.035 0.005 0.001 0.004 0.028 0.000 0.003 0.042 

Locus 122 : 127692_13 
2 alleles
2.8% missing data
 100   (0.954) 0.999 1.000 0.999 0.996 1.000 0.997 0.999 0.999 0.998 0.961 0.994 0.998 0.996 0.970 1.000 0.929 0.954 
 120   (0.046) 0.001 0.000 0.001 0.004 0.000 0.003 0.001 0.001 0.002 0.039 0.006 0.002 0.004 0.030 0.000 0.071 0.046 

Locus 123 : 128195_18 
2 alleles
7.3% missing data
 130   (0.876) 0.970 0.999 0.305 0.988 0.999 0.990 0.997 0.996 0.973 0.875 0.408 0.993 0.989 0.915 0.996 0.905 0.876 
 110   (0.124) 0.030 0.001 0.695 0.012 0.001 0.010 0.003 0.004 0.027 0.125 0.592 0.007 0.011 0.085 0.004 0.095 0.124 

Locus 124 : 128198_14 
2 alleles
4.5% missing data
 130   (0.936) 0.999 1.000 0.999 0.996 0.999 0.918 0.998 0.903 0.997 0.949 0.992 0.998 0.995 0.960 1.000 0.996 0.936 
 120   (0.064) 0.001 0.000 0.001 0.004 0.001 0.082 0.002 0.097 0.003 0.051 0.008 0.002 0.005 0.040 0.000 0.004 0.064 

Locus 125 : 128423_39 
2 alleles
4.5% missing data
 130   (0.963) 1.000 1.000 0.993 0.997 1.000 0.997 0.999 0.999 0.998 0.962 0.991 0.998 0.997 0.974 1.000 0.997 0.962 
 100   (0.037) 0.000 0.000 0.007 0.003 0.000 0.003 0.001 0.001 0.002 0.038 0.009 0.002 0.003 0.026 0.000 0.003 0.038 

Locus 126 : 131572_48 
2 alleles
1.1% missing data
 120   (0.956) 0.998 1.000 0.999 0.997 0.998 0.997 0.999 0.999 0.997 0.961 0.994 0.936 0.997 0.971 1.000 0.997 0.956 
 100   (0.044) 0.002 0.000 0.001 0.003 0.002 0.003 0.001 0.001 0.003 0.039 0.006 0.064 0.003 0.029 0.000 0.003 0.044 

Locus 127 : 132199_62 
2 alleles
3.9% missing data
 100   (0.956) 1.000 1.000 0.999 0.997 1.000 0.749 0.999 0.999 0.998 0.965 0.995 0.999 0.997 0.972 1.000 0.997 0.956 
 120   (0.044) 0.000 0.000 0.001 0.003 0.000 0.251 0.001 0.001 0.002 0.035 0.005 0.001 0.003 0.028 0.000 0.003 0.044 

Locus 128 : 135566_64 
2 alleles
7.3% missing data
 130   (0.961) 1.000 1.000 0.995 0.997 1.000 0.997 0.999 0.999 0.998 0.966 0.994 0.999 0.996 0.973 1.000 0.997 0.961 
 110   (0.039) 0.000 0.000 0.005 0.003 0.000 0.003 0.001 0.001 0.002 0.034 0.006 0.001 0.004 0.027 0.000 0.003 0.039 

Locus 129 : 135761_5 
2 alleles
7.9% missing data
 130   (0.958) 1.000 1.000 0.999 0.997 1.000 0.904 0.999 0.999 0.998 0.967 0.995 0.999 0.997 0.974 1.000 0.997 0.958 
 100   (0.042) 0.000 0.000 0.001 0.003 0.000 0.096 0.001 0.001 0.002 0.033 0.005 0.001 0.003 0.026 0.000 0.003 0.042 

Locus 130 : 137219_35 
2 alleles
3.4% missing data
 120   (0.947) 0.999 1.000 0.973 0.996 1.000 0.996 0.999 0.998 0.998 0.947 0.992 0.998 0.992 0.961 1.000 0.996 0.947 
 100   (0.053) 0.001 0.000 0.027 0.004 0.000 0.004 0.001 0.002 0.002 0.053 0.008 0.002 0.008 0.039 0.000 0.004 0.053 

Locus 131 : 139081_20 
2 alleles
5.6% missing data
 120   (0.943) 0.998 1.000 0.999 0.996 0.999 0.996 0.998 0.998 0.997 0.948 0.931 0.995 0.995 0.963 1.000 0.968 0.943 
 110   (0.057) 0.002 0.000 0.001 0.004 0.001 0.004 0.002 0.002 0.003 0.052 0.069 0.005 0.005 0.037 0.000 0.032 0.057 

Locus 132 : 139084_52 
2 alleles
5.1% missing data
 120   (0.919) 0.995 0.999 0.994 0.994 0.999 0.994 0.997 0.997 0.939 0.921 0.818 0.996 0.993 0.945 0.999 0.994 0.919 
 110   (0.081) 0.005 0.001 0.006 0.006 0.001 0.006 0.003 0.003 0.061 0.079 0.182 0.004 0.007 0.055 0.001 0.006 0.081 

Locus 133 : 139433_54 
2 alleles
3.9% missing data
 120   (0.953) 1.000 1.000 0.999 0.997 1.000 0.945 0.999 0.999 0.998 0.962 0.995 0.998 0.997 0.969 1.000 0.997 0.953 
 100   (0.047) 0.000 0.000 0.001 0.003 0.000 0.055 0.001 0.001 0.002 0.038 0.005 0.002 0.003 0.031 0.000 0.003 0.047 

Locus 134 : 140063_88 
2 alleles
7.9% missing data
 110   (0.961) 0.999 1.000 0.999 0.997 1.000 0.997 0.999 0.999 0.998 0.964 0.993 0.999 0.997 0.974 1.000 0.986 0.961 
 100   (0.039) 0.001 0.000 0.001 0.003 0.000 0.003 0.001 0.001 0.002 0.036 0.007 0.001 0.003 0.026 0.000 0.014 0.039 

Locus 135 : 140194_73 
2 alleles
2.8% missing data
 120   (0.959) 0.999 1.000 0.999 0.997 1.000 0.997 0.999 0.976 0.998 0.965 0.993 0.998 0.997 0.972 1.000 0.997 0.959 
 110   (0.041) 0.001 0.000 0.001 0.003 0.000 0.003 0.001 0.024 0.002 0.035 0.007 0.002 0.003 0.028 0.000 0.003 0.041 

Locus 136 : 141313_8 
2 alleles
2.8% missing data
 120   (0.958) 1.000 1.000 0.999 0.997 1.000 0.918 0.999 0.999 0.998 0.967 0.995 0.999 0.997 0.974 1.000 0.997 0.958 
 100   (0.042) 0.000 0.000 0.001 0.003 0.000 0.082 0.001 0.001 0.002 0.033 0.005 0.001 0.003 0.026 0.000 0.003 0.042 

Locus 137 : 145284_28 
2 alleles
2.8% missing data
 130   (0.958) 1.000 1.000 0.999 0.997 1.000 0.997 0.999 0.999 0.998 0.967 0.613 0.999 0.997 0.974 1.000 0.997 0.958 
 110   (0.042) 0.000 0.000 0.001 0.003 0.000 0.003 0.001 0.001 0.002 0.033 0.387 0.001 0.003 0.026 0.000 0.003 0.042 

Locus 138 : 145957_11 
2 alleles
4.5% missing data
 130   (0.959) 1.000 1.000 0.999 0.997 0.820 0.997 0.999 0.999 0.998 0.966 0.995 0.999 0.998 0.973 1.000 0.997 0.959 
 110   (0.041) 0.000 0.000 0.001 0.003 0.180 0.003 0.001 0.001 0.002 0.034 0.005 0.001 0.002 0.027 0.000 0.003 0.041 

Locus 139 : 160306_34 
2 alleles
2.8% missing data
 120   (0.937) 0.998 1.000 0.998 0.767 0.999 0.995 0.998 0.998 0.996 0.914 0.992 0.981 0.994 0.960 1.000 0.971 0.937 
 100   (0.063) 0.002 0.000 0.002 0.233 0.001 0.005 0.002 0.002 0.004 0.086 0.008 0.019 0.006 0.040 0.000 0.029 0.063 

Locus 140 : 162107_37 
2 alleles
3.4% missing data
 120   (0.941) 0.999 1.000 0.999 0.900 0.999 0.995 0.999 0.998 0.997 0.948 0.993 0.998 0.996 0.961 1.000 0.982 0.941 
 100   (0.059) 0.001 0.000 0.001 0.100 0.001 0.005 0.001 0.002 0.003 0.052 0.007 0.002 0.004 0.039 0.000 0.018 0.059 

Locus 141 : 163290_36 
2 alleles
5.1% missing data
 130   (0.930) 0.902 0.998 0.996 0.995 0.995 0.995 0.998 0.998 0.955 0.941 0.771 0.996 0.988 0.908 0.998 0.995 0.930 
 110   (0.070) 0.098 0.002 0.004 0.005 0.005 0.005 0.002 0.002 0.045 0.059 0.229 0.004 0.012 0.092 0.002 0.005 0.070 

Locus 142 : 163453_13 
2 alleles
5.6% missing data
 120   (0.959) 0.999 1.000 0.999 0.997 1.000 0.997 0.999 0.999 0.988 0.961 0.995 0.998 0.997 0.973 1.000 0.997 0.959 
 110   (0.041) 0.001 0.000 0.001 0.003 0.000 0.003 0.001 0.001 0.012 0.039 0.005 0.002 0.003 0.027 0.000 0.003 0.041 

Locus 143 : 163580_14 
2 alleles
10.1% missing data
 120   (0.958) 0.997 0.909 0.999 0.997 1.000 0.997 0.986 0.999 0.998 0.967 0.995 0.999 0.926 0.974 0.980 0.997 0.958 
 100   (0.042) 0.003 0.091 0.001 0.003 0.000 0.003 0.014 0.001 0.002 0.033 0.005 0.001 0.074 0.026 0.020 0.003 0.042 

Locus 144 : 164461_13 
2 alleles
5.6% missing data
 100   (0.959) 1.000 1.000 0.999 0.997 1.000 0.997 0.999 0.999 0.833 0.967 0.995 0.999 0.997 0.974 1.000 0.997 0.959 
 120   (0.041) 0.000 0.000 0.001 0.003 0.000 0.003 0.001 0.001 0.167 0.033 0.005 0.001 0.003 0.026 0.000 0.003 0.041 

Locus 145 : 165413_43 
2 alleles
1.7% missing data
 110   (0.950) 0.999 1.000 0.999 0.997 1.000 0.996 0.999 0.998 0.997 0.956 0.993 0.997 0.996 0.967 1.000 0.937 0.950 
 130   (0.050) 0.001 0.000 0.001 0.003 0.000 0.004 0.001 0.002 0.003 0.044 0.007 0.003 0.004 0.033 0.000 0.063 0.050 

Locus 146 : 168629_44 
2 alleles
5.6% missing data
 130   (0.950) 0.996 1.000 0.992 0.996 0.999 0.996 0.998 0.998 0.983 0.955 0.989 0.997 0.995 0.967 1.000 0.953 0.950 
 110   (0.050) 0.004 0.000 0.008 0.004 0.001 0.004 0.002 0.002 0.017 0.045 0.011 0.003 0.005 0.033 0.000 0.047 0.050 

Locus 147 : 168991_77 
2 alleles
5.6% missing data
 110   (0.849) 0.986 0.998 0.963 0.639 0.997 0.989 0.995 0.995 0.984 0.790 0.975 0.875 0.984 0.895 0.998 0.914 0.849 
 100   (0.151) 0.014 0.002 0.037 0.361 0.003 0.011 0.005 0.005 0.016 0.210 0.025 0.125 0.016 0.105 0.002 0.086 0.151 

Locus 148 : 169478_88 
2 alleles
5.1% missing data
 130   (0.959) 0.999 1.000 0.999 0.997 1.000 0.997 0.999 0.980 0.998 0.965 0.994 0.998 0.996 0.972 1.000 0.997 0.959 
 100   (0.041) 0.001 0.000 0.001 0.003 0.000 0.003 0.001 0.020 0.002 0.035 0.006 0.002 0.004 0.028 0.000 0.003 0.041 

Locus 149 : 169898_8 
2 alleles
6.2% missing data
 120   (0.951) 0.999 1.000 0.997 0.996 0.999 0.996 0.999 0.998 0.966 0.955 0.994 0.996 0.996 0.970 1.000 0.909 0.951 
 100   (0.049) 0.001 0.000 0.003 0.004 0.001 0.004 0.001 0.002 0.034 0.045 0.006 0.004 0.004 0.030 0.000 0.091 0.049 

Locus 150 : 170224_42 
2 alleles
7.3% missing data
 100   (0.916) 0.968 0.998 0.982 0.993 0.999 0.993 0.997 0.997 0.784 0.922 0.976 0.995 0.993 0.941 0.996 0.930 0.916 
 120   (0.084) 0.032 0.002 0.018 0.007 0.001 0.007 0.003 0.003 0.216 0.078 0.024 0.005 0.007 0.059 0.004 0.070 0.084 

Locus 151 : 174083_22 
2 alleles
3.9% missing data
 120   (0.956) 1.000 1.000 0.999 0.997 1.000 0.783 0.999 0.999 0.998 0.966 0.995 0.999 0.998 0.973 1.000 0.997 0.956 
 100   (0.044) 0.000 0.000 0.001 0.003 0.000 0.217 0.001 0.001 0.002 0.034 0.005 0.001 0.002 0.027 0.000 0.003 0.044 

Locus 152 : 174223_24 
2 alleles
2.8% missing data
 120   (0.959) 1.000 1.000 0.999 0.997 1.000 0.997 0.990 0.999 0.998 0.965 0.995 0.999 0.997 0.970 1.000 0.996 0.959 
 100   (0.041) 0.000 0.000 0.001 0.003 0.000 0.003 0.010 0.001 0.002 0.035 0.005 0.001 0.003 0.030 0.000 0.004 0.041 

Locus 153 : 174263_44 
2 alleles
3.9% missing data
 130   (0.961) 1.000 1.000 0.999 0.997 1.000 0.997 0.999 0.831 0.998 0.970 0.996 0.999 0.997 0.977 1.000 0.998 0.961 
 110   (0.039) 0.000 0.000 0.001 0.003 0.000 0.003 0.001 0.169 0.002 0.030 0.004 0.001 0.003 0.023 0.000 0.002 0.039 

Locus 154 : 175657_6 
2 alleles
8.4% missing data
 100   (0.937) 0.999 1.000 0.999 0.754 0.999 0.994 0.998 0.998 0.997 0.948 0.993 0.998 0.995 0.961 1.000 0.914 0.937 
 130   (0.063) 0.001 0.000 0.001 0.246 0.001 0.006 0.002 0.002 0.003 0.052 0.007 0.002 0.005 0.039 0.000 0.086 0.063 

Locus 155 : 176570_23 
2 alleles
3.9% missing data
 130   (0.960) 0.965 1.000 0.997 0.996 0.980 0.997 0.993 0.998 0.997 0.968 0.995 0.993 0.984 0.967 1.000 0.996 0.960 
 110   (0.040) 0.035 0.000 0.003 0.004 0.020 0.003 0.007 0.002 0.003 0.032 0.005 0.007 0.016 0.033 0.000 0.004 0.040 

Locus 156 : 176775_13 
2 alleles
6.7% missing data
 130   (0.952) 0.999 1.000 0.999 0.997 1.000 0.701 0.999 0.999 0.998 0.961 0.994 0.998 0.997 0.969 1.000 0.997 0.952 
 110   (0.048) 0.001 0.000 0.001 0.003 0.000 0.299 0.001 0.001 0.002 0.039 0.006 0.002 0.003 0.031 0.000 0.003 0.048 

Locus 157 : 178448_19 
2 alleles
3.4% missing data
 120   (0.957) 1.000 1.000 0.999 0.997 1.000 0.881 0.999 0.999 0.998 0.965 0.995 0.999 0.997 0.972 1.000 0.997 0.957 
 100   (0.043) 0.000 0.000 0.001 0.003 0.000 0.119 0.001 0.001 0.002 0.035 0.005 0.001 0.003 0.028 0.000 0.003 0.043 

Locus 158 : 179162_16 
2 alleles
6.2% missing data
 120   (0.962) 1.000 1.000 0.999 0.997 1.000 0.971 0.999 0.999 0.998 0.969 0.996 0.999 0.997 0.975 1.000 0.998 0.962 
 100   (0.038) 0.000 0.000 0.001 0.003 0.000 0.029 0.001 0.001 0.002 0.031 0.004 0.001 0.003 0.025 0.000 0.002 0.038 

Locus 159 : 179286_31 
2 alleles
2.8% missing data
 120   (0.934) 0.999 1.000 0.998 0.893 0.999 0.995 0.998 0.998 0.997 0.922 0.992 0.986 0.995 0.957 0.999 0.922 0.934 
 100   (0.066) 0.001 0.000 0.002 0.107 0.001 0.005 0.002 0.002 0.003 0.078 0.008 0.014 0.005 0.043 0.001 0.078 0.066 

Locus 160 : 179594_17 
2 alleles
4.5% missing data
 120   (0.912) 0.998 0.999 0.998 0.734 0.999 0.993 0.994 0.997 0.974 0.920 0.920 0.996 0.993 0.939 1.000 0.994 0.912 
 100   (0.088) 0.002 0.001 0.002 0.266 0.001 0.007 0.006 0.003 0.026 0.080 0.080 0.004 0.007 0.061 0.000 0.006 0.088 

Locus 161 : 180413_54 
2 alleles
3.9% missing data
 100   (0.957) 1.000 1.000 0.999 0.997 1.000 0.880 0.999 0.999 0.998 0.965 0.995 0.999 0.997 0.972 1.000 0.997 0.957 
 110   (0.043) 0.000 0.000 0.001 0.003 0.000 0.120 0.001 0.001 0.002 0.035 0.005 0.001 0.003 0.028 0.000 0.003 0.043 

Locus 162 : 182862_79 
2 alleles
3.4% missing data
 130   (0.957) 1.000 1.000 0.999 0.997 1.000 0.866 0.999 0.999 0.998 0.966 0.995 0.999 0.996 0.974 1.000 0.997 0.957 
 110   (0.043) 0.000 0.000 0.001 0.003 0.000 0.134 0.001 0.001 0.002 0.034 0.005 0.001 0.004 0.026 0.000 0.003 0.043 

Locus 163 : 183288_63 
2 alleles
10.1% missing data
 100   (0.958) 1.000 1.000 0.999 0.997 1.000 0.971 0.999 0.999 0.998 0.965 0.995 0.999 0.998 0.973 1.000 0.997 0.958 
 120   (0.042) 0.000 0.000 0.001 0.003 0.000 0.029 0.001 0.001 0.002 0.035 0.005 0.001 0.002 0.027 0.000 0.003 0.042 

Locus 164 : 183906_55 
2 alleles
6.7% missing data
 130   (0.959) 1.000 1.000 0.999 0.997 1.000 0.945 0.999 0.999 0.998 0.966 0.995 0.999 0.997 0.973 1.000 0.997 0.959 
 100   (0.041) 0.000 0.000 0.001 0.003 0.000 0.055 0.001 0.001 0.002 0.034 0.005 0.001 0.003 0.027 0.000 0.003 0.041 

Locus 165 : 183990_7 
2 alleles
3.4% missing data
 120   (0.952) 0.998 1.000 0.790 0.997 0.999 0.996 0.999 0.999 0.995 0.955 0.995 0.998 0.987 0.968 1.000 0.997 0.952 
 100   (0.048) 0.002 0.000 0.210 0.003 0.001 0.004 0.001 0.001 0.005 0.045 0.005 0.002 0.013 0.032 0.000 0.003 0.048 

Locus 166 : 185904_60 
2 alleles
3.4% missing data
 120   (0.958) 0.999 1.000 0.999 0.997 1.000 0.997 0.999 0.999 0.904 0.965 0.995 0.998 0.996 0.974 1.000 0.997 0.958 
 100   (0.042) 0.001 0.000 0.001 0.003 0.000 0.003 0.001 0.001 0.096 0.035 0.005 0.002 0.004 0.026 0.000 0.003 0.042 

Locus 167 : 191703_64 
2 alleles
1.7% missing data
 130   (0.933) 0.999 1.000 0.999 0.861 0.999 0.995 0.998 0.998 0.997 0.946 0.672 0.998 0.994 0.957 1.000 0.996 0.933 
 110   (0.067) 0.001 0.000 0.001 0.139 0.001 0.005 0.002 0.002 0.003 0.054 0.328 0.002 0.006 0.043 0.000 0.004 0.067 

Locus 168 : 193854_7 
2 alleles
1.7% missing data
 130   (0.940) 0.999 1.000 0.999 0.995 0.999 0.881 0.998 0.982 0.997 0.950 0.992 0.998 0.996 0.960 1.000 0.996 0.940 
 110   (0.060) 0.001 0.000 0.001 0.005 0.001 0.119 0.002 0.018 0.003 0.050 0.008 0.002 0.004 0.040 0.000 0.004 0.060 

Locus 169 : 194868_38 
2 alleles
5.6% missing data
 120   (0.947) 0.999 1.000 0.998 0.974 1.000 0.996 0.998 0.998 0.998 0.926 0.992 0.997 0.996 0.967 1.000 0.889 0.947 
 100   (0.053) 0.001 0.000 0.002 0.026 0.000 0.004 0.002 0.002 0.002 0.074 0.008 0.003 0.004 0.033 0.000 0.111 0.053 

Locus 170 : 195463_36 
2 alleles
5.1% missing data
 120   (0.960) 1.000 1.000 0.999 0.856 1.000 0.997 0.999 0.999 0.998 0.968 0.995 0.999 0.997 0.974 1.000 0.997 0.960 
 100   (0.040) 0.000 0.000 0.001 0.144 0.000 0.003 0.001 0.001 0.002 0.032 0.005 0.001 0.003 0.026 0.000 0.003 0.040 

Locus 171 : 195727_20 
2 alleles
1.7% missing data
 130   (0.957) 1.000 1.000 0.999 0.997 1.000 0.913 0.999 0.999 0.998 0.966 0.995 0.999 0.997 0.973 1.000 0.997 0.957 
 110   (0.043) 0.000 0.000 0.001 0.003 0.000 0.087 0.001 0.001 0.002 0.034 0.005 0.001 0.003 0.027 0.000 0.003 0.043 

Locus 172 : 197508_5 
2 alleles
2.2% missing data
 120   (0.962) 1.000 1.000 0.999 0.997 1.000 0.997 0.999 0.999 0.998 0.965 0.995 0.999 0.998 0.975 1.000 0.987 0.962 
 100   (0.038) 0.000 0.000 0.001 0.003 0.000 0.003 0.001 0.001 0.002 0.035 0.005 0.001 0.002 0.025 0.000 0.013 0.038 

Locus 173 : 199140_10 
2 alleles
4.5% missing data
 130   (0.958) 1.000 1.000 0.996 0.997 1.000 0.997 0.999 0.999 0.998 0.962 0.994 0.999 0.995 0.970 1.000 0.997 0.958 
 110   (0.042) 0.000 0.000 0.004 0.003 0.000 0.003 0.001 0.001 0.002 0.038 0.006 0.001 0.005 0.030 0.000 0.003 0.042 

Locus 174 : 199429_51 
2 alleles
5.1% missing data
 130   (0.958) 0.999 1.000 0.999 0.996 1.000 0.997 0.999 0.999 0.986 0.961 0.993 0.999 0.997 0.972 1.000 0.997 0.958 
 100   (0.042) 0.001 0.000 0.001 0.004 0.000 0.003 0.001 0.001 0.014 0.039 0.007 0.001 0.003 0.028 0.000 0.003 0.042 

Locus 175 : 199635_9 
2 alleles
3.4% missing data
 120   (0.955) 1.000 1.000 0.999 0.997 1.000 0.828 0.999 0.999 0.998 0.964 0.995 0.998 0.996 0.970 1.000 0.997 0.955 
 100   (0.045) 0.000 0.000 0.001 0.003 0.000 0.172 0.001 0.001 0.002 0.036 0.005 0.002 0.004 0.030 0.000 0.003 0.045 

Locus 176 : 200923_8 
2 alleles
5.1% missing data
 100   (0.959) 1.000 1.000 0.999 0.995 1.000 0.997 0.999 0.999 0.998 0.966 0.936 0.998 0.997 0.974 1.000 0.997 0.959 
 110   (0.041) 0.000 0.000 0.001 0.005 0.000 0.003 0.001 0.001 0.002 0.034 0.064 0.002 0.003 0.026 0.000 0.003 0.041 

Locus 177 : 201090_64 
2 alleles
5.1% missing data
 130   (0.962) 1.000 1.000 0.999 0.997 1.000 0.997 0.999 0.999 0.954 0.969 0.995 0.999 0.997 0.976 1.000 0.997 0.962 
 100   (0.038) 0.000 0.000 0.001 0.003 0.000 0.003 0.001 0.001 0.046 0.031 0.005 0.001 0.003 0.024 0.000 0.003 0.038 

Locus 178 : 201549_57 
2 alleles
4.5% missing data
 120   (0.959) 1.000 1.000 0.999 0.903 1.000 0.997 0.999 0.999 0.998 0.967 0.995 0.999 0.997 0.973 1.000 0.997 0.959 
 110   (0.041) 0.000 0.000 0.001 0.097 0.000 0.003 0.001 0.001 0.002 0.033 0.005 0.001 0.003 0.027 0.000 0.003 0.041 

Locus 179 : 203565_40 
2 alleles
3.9% missing data
 120   (0.962) 1.000 1.000 0.999 0.997 1.000 0.997 0.999 0.999 0.998 0.969 0.937 0.998 0.997 0.976 1.000 0.997 0.962 
 100   (0.038) 0.000 0.000 0.001 0.003 0.000 0.003 0.001 0.001 0.002 0.031 0.063 0.002 0.003 0.024 0.000 0.003 0.038 

Locus 180 : 205184_19 
2 alleles
7.3% missing data
 110   (0.928) 0.999 1.000 0.999 0.995 0.999 0.758 0.998 0.859 0.997 0.941 0.991 0.998 0.993 0.953 1.000 0.995 0.928 
 120   (0.072) 0.001 0.000 0.001 0.005 0.001 0.242 0.002 0.141 0.003 0.059 0.009 0.002 0.007 0.047 0.000 0.005 0.072 

Locus 181 : 206551_17 
2 alleles
6.2% missing data
 120   (0.905) 0.998 1.000 0.990 0.968 0.999 0.993 0.877 0.997 0.579 0.917 0.942 0.994 0.970 0.935 0.999 0.993 0.905 
 100   (0.095) 0.002 0.000 0.010 0.032 0.001 0.007 0.123 0.003 0.421 0.083 0.058 0.006 0.030 0.065 0.001 0.007 0.095 

Locus 182 : 216246_19 
2 alleles
2.8% missing data
 110   (0.945) 0.998 1.000 0.991 0.987 0.999 0.996 0.999 0.998 0.996 0.929 0.989 0.993 0.996 0.963 1.000 0.990 0.945 
 130   (0.055) 0.002 0.000 0.009 0.013 0.001 0.004 0.001 0.002 0.004 0.071 0.011 0.007 0.004 0.037 0.000 0.010 0.055 

Locus 183 : 216776_13 
2 alleles
5.6% missing data
 120   (0.922) 0.999 1.000 0.999 0.995 0.999 0.725 0.810 0.991 0.997 0.936 0.991 0.997 0.995 0.950 1.000 0.995 0.922 
 110   (0.078) 0.001 0.000 0.001 0.005 0.001 0.275 0.190 0.009 0.003 0.064 0.009 0.003 0.005 0.050 0.000 0.005 0.078 

Locus 184 : 217291_37 
2 alleles
3.9% missing data
 120   (0.954) 0.999 1.000 0.999 0.913 1.000 0.996 0.999 0.999 0.997 0.957 0.995 0.998 0.997 0.970 1.000 0.997 0.954 
 100   (0.046) 0.001 0.000 0.001 0.087 0.000 0.004 0.001 0.001 0.003 0.043 0.005 0.002 0.003 0.030 0.000 0.003 0.046 

Locus 185 : 217570_13 
2 alleles
3.9% missing data
 130   (0.957) 1.000 1.000 0.999 0.997 1.000 0.865 0.999 0.999 0.998 0.966 0.995 0.999 0.997 0.974 1.000 0.997 0.957 
 110   (0.043) 0.000 0.000 0.001 0.003 0.000 0.135 0.001 0.001 0.002 0.034 0.005 0.001 0.003 0.026 0.000 0.003 0.043 

Locus 186 : 220422_65 
2 alleles
3.4% missing data
 120   (0.945) 0.995 1.000 0.999 0.987 0.999 0.996 0.998 0.998 0.997 0.917 0.993 0.988 0.995 0.961 1.000 0.988 0.945 
 110   (0.055) 0.005 0.000 0.001 0.013 0.001 0.004 0.002 0.002 0.003 0.083 0.007 0.012 0.005 0.039 0.000 0.012 0.055 

Locus 187 : 220502_40 
2 alleles
6.7% missing data
 120   (0.961) 0.999 1.000 0.999 0.997 0.999 0.997 0.999 0.999 0.998 0.967 0.994 0.965 0.996 0.975 1.000 0.997 0.961 
 110   (0.039) 0.001 0.000 0.001 0.003 0.001 0.003 0.001 0.001 0.002 0.033 0.006 0.035 0.004 0.025 0.000 0.003 0.039 

Locus 188 : 220519_81 
2 alleles
4.5% missing data
 130   (0.933) 0.999 1.000 0.999 0.995 0.999 0.857 0.998 0.998 0.997 0.944 0.936 0.998 0.994 0.955 1.000 0.996 0.933 
 110   (0.067) 0.001 0.000 0.001 0.005 0.001 0.143 0.002 0.002 0.003 0.056 0.064 0.002 0.006 0.045 0.000 0.004 0.067 

Locus 189 : 222347_17 
2 alleles
3.9% missing data
 120   (0.955) 1.000 1.000 0.999 0.997 1.000 0.891 0.999 0.999 0.998 0.963 0.995 0.999 0.997 0.970 1.000 0.997 0.955 
 100   (0.045) 0.000 0.000 0.001 0.003 0.000 0.109 0.001 0.001 0.002 0.037 0.005 0.001 0.003 0.030 0.000 0.003 0.045 

Locus 190 : 222896_46 
2 alleles
0.6% missing data
 110   (0.960) 1.000 1.000 0.999 0.997 1.000 0.944 0.999 0.999 0.998 0.968 0.996 0.999 0.997 0.975 1.000 0.998 0.960 
 130   (0.040) 0.000 0.000 0.001 0.003 0.000 0.056 0.001 0.001 0.002 0.032 0.004 0.001 0.003 0.025 0.000 0.002 0.040 

Locus 191 : 223181_12 
2 alleles
3.4% missing data
 120   (0.955) 1.000 1.000 0.999 0.997 1.000 0.720 0.999 0.999 0.998 0.964 0.995 0.999 0.997 0.972 1.000 0.997 0.955 
 100   (0.045) 0.000 0.000 0.001 0.003 0.000 0.280 0.001 0.001 0.002 0.036 0.005 0.001 0.003 0.028 0.000 0.003 0.045 

Locus 192 : 224649_57 
2 alleles
5.1% missing data
 100   (0.960) 1.000 1.000 0.999 0.997 1.000 0.997 0.999 0.978 0.998 0.966 0.994 0.998 0.996 0.974 1.000 0.997 0.960 
 110   (0.040) 0.000 0.000 0.001 0.003 0.000 0.003 0.001 0.022 0.002 0.034 0.006 0.002 0.004 0.026 0.000 0.003 0.040 

Locus 193 : 226245_11 
2 alleles
5.1% missing data
 130   (0.958) 0.999 1.000 0.999 0.997 1.000 0.997 0.999 0.999 0.998 0.966 0.994 0.903 0.996 0.973 1.000 0.997 0.958 
 110   (0.042) 0.001 0.000 0.001 0.003 0.000 0.003 0.001 0.001 0.002 0.034 0.006 0.097 0.004 0.027 0.000 0.003 0.042 

Locus 194 : 226342_59 
2 alleles
6.2% missing data
 120   (0.926) 0.994 0.997 0.998 0.994 0.999 0.912 0.995 0.966 0.996 0.938 0.989 0.997 0.991 0.951 0.997 0.993 0.926 
 100   (0.074) 0.006 0.003 0.002 0.006 0.001 0.088 0.005 0.034 0.004 0.062 0.011 0.003 0.009 0.049 0.003 0.007 0.074 

Locus 195 : 228970_13 
2 alleles
3.9% missing data
 120   (0.962) 1.000 1.000 0.999 0.959 1.000 0.997 0.999 0.999 0.998 0.969 0.995 0.999 0.997 0.976 1.000 0.997 0.962 
 100   (0.038) 0.000 0.000 0.001 0.041 0.000 0.003 0.001 0.001 0.002 0.031 0.005 0.001 0.003 0.024 0.000 0.003 0.038 

Locus 196 : 229097_27 
2 alleles
5.1% missing data
 130   (0.956) 1.000 1.000 0.999 0.996 1.000 0.789 0.999 0.999 0.998 0.964 0.995 0.999 0.997 0.972 1.000 0.997 0.957 
 110   (0.044) 0.000 0.000 0.001 0.004 0.000 0.211 0.001 0.001 0.002 0.036 0.005 0.001 0.003 0.028 0.000 0.003 0.043 

Locus 197 : 229177_29 
2 alleles
7.3% missing data
 130   (0.949) 0.992 0.999 0.999 0.996 0.999 0.996 0.811 0.998 0.996 0.959 0.994 0.998 0.965 0.967 0.998 0.996 0.949 
 110   (0.051) 0.008 0.001 0.001 0.004 0.001 0.004 0.189 0.002 0.004 0.041 0.006 0.002 0.035 0.033 0.002 0.004 0.051 

Locus 198 : 229612_7 
2 alleles
6.2% missing data
 100   (0.961) 1.000 1.000 0.999 0.997 1.000 0.997 0.999 0.999 0.998 0.964 0.995 0.999 0.997 0.974 1.000 0.986 0.961 
 120   (0.039) 0.000 0.000 0.001 0.003 0.000 0.003 0.001 0.001 0.002 0.036 0.005 0.001 0.003 0.026 0.000 0.014 0.039 

Locus 199 : 229936_67 
2 alleles
3.9% missing data
 120   (0.956) 0.965 0.999 0.997 0.996 0.978 0.997 0.993 0.998 0.997 0.964 0.995 0.992 0.984 0.963 1.000 0.996 0.956 
 100   (0.044) 0.035 0.001 0.003 0.004 0.022 0.003 0.007 0.002 0.003 0.036 0.005 0.008 0.016 0.037 0.000 0.004 0.044 

Locus 200 : 232937_62 
2 alleles
2.2% missing data
 100   (0.964) 1.000 1.000 0.999 0.997 1.000 0.997 0.991 0.999 0.998 0.968 0.996 0.999 0.997 0.974 1.000 0.997 0.963 
 120   (0.036) 0.000 0.000 0.001 0.003 0.000 0.003 0.009 0.001 0.002 0.032 0.004 0.001 0.003 0.026 0.000 0.003 0.037 

Locus 201 : 233194_6 
2 alleles
2.8% missing data
 120   (0.939) 0.999 1.000 0.999 0.996 1.000 0.660 0.999 0.966 0.997 0.949 0.993 0.998 0.995 0.960 1.000 0.996 0.939 
 100   (0.061) 0.001 0.000 0.001 0.004 0.000 0.340 0.001 0.034 0.003 0.051 0.007 0.002 0.005 0.040 0.000 0.004 0.061 

Locus 202 : 234346_33 
2 alleles
4.5% missing data
 110   (0.957) 1.000 1.000 0.999 0.997 1.000 0.996 0.999 0.807 0.998 0.966 0.995 0.999 0.997 0.973 1.000 0.997 0.957 
 130   (0.043) 0.000 0.000 0.001 0.003 0.000 0.004 0.001 0.193 0.002 0.034 0.005 0.001 0.003 0.027 0.000 0.003 0.043 

Locus 203 : 235241_77 
2 alleles
2.2% missing data
 130   (0.955) 1.000 1.000 0.999 0.997 1.000 0.837 0.999 0.999 0.998 0.964 0.995 0.999 0.997 0.971 1.000 0.997 0.955 
 100   (0.045) 0.000 0.000 0.001 0.003 0.000 0.163 0.001 0.001 0.002 0.036 0.005 0.001 0.003 0.029 0.000 0.003 0.045 

Locus 204 : 236207_44 
2 alleles
6.2% missing data
 120   (0.903) 0.999 1.000 0.998 0.962 0.710 0.992 0.997 0.997 0.996 0.920 0.866 0.749 0.993 0.935 1.000 0.993 0.903 
 100   (0.097) 0.001 0.000 0.002 0.038 0.290 0.008 0.003 0.003 0.004 0.080 0.134 0.251 0.007 0.065 0.000 0.007 0.097 

Locus 205 : 236307_12 
2 alleles
1.7% missing data
 130   (0.955) 0.999 1.000 0.515 0.992 1.000 0.997 0.999 0.999 0.998 0.962 0.994 0.998 0.997 0.970 0.999 0.996 0.955 
 110   (0.045) 0.001 0.000 0.485 0.008 0.000 0.003 0.001 0.001 0.002 0.038 0.006 0.002 0.003 0.030 0.001 0.004 0.045 

Locus 206 : 236931_45 
2 alleles
6.7% missing data
 120   (0.892) 0.999 1.000 0.997 0.702 0.999 0.992 0.997 0.997 0.995 0.906 0.446 0.990 0.992 0.931 1.000 0.678 0.892 
 100   (0.108) 0.001 0.000 0.003 0.298 0.001 0.008 0.003 0.003 0.005 0.094 0.554 0.010 0.008 0.069 0.000 0.322 0.108 

Locus 207 : 236999_38 
2 alleles
2.8% missing data
 120   (0.956) 1.000 1.000 0.999 0.997 1.000 0.945 0.999 0.999 0.998 0.964 0.995 0.998 0.998 0.971 1.000 0.997 0.956 
 100   (0.044) 0.000 0.000 0.001 0.003 0.000 0.055 0.001 0.001 0.002 0.036 0.005 0.002 0.002 0.029 0.000 0.003 0.044 

Locus 208 : 240398_42 
2 alleles
3.9% missing data
 110   (0.857) 0.998 0.999 0.563 0.882 0.999 0.989 0.996 0.996 0.994 0.867 0.438 0.994 0.990 0.906 0.999 0.799 0.857 
 130   (0.143) 0.002 0.001 0.437 0.118 0.001 0.011 0.004 0.004 0.006 0.133 0.562 0.006 0.010 0.094 0.001 0.201 0.143 

Locus 209 : 240825_22 
2 alleles
6.2% missing data
 130   (0.962) 0.988 1.000 0.999 0.997 0.999 0.997 0.997 0.999 0.996 0.965 0.994 0.997 0.994 0.967 1.000 0.997 0.962 
 110   (0.038) 0.012 0.000 0.001 0.003 0.001 0.003 0.003 0.001 0.004 0.035 0.006 0.003 0.006 0.033 0.000 0.003 0.038 

Locus 210 : 244435_48 
2 alleles
1.7% missing data
 110   (0.961) 1.000 1.000 0.999 0.997 1.000 0.997 0.999 0.999 0.998 0.969 0.996 0.900 0.997 0.976 1.000 0.997 0.961 
 130   (0.039) 0.000 0.000 0.001 0.003 0.000 0.003 0.001 0.001 0.002 0.031 0.004 0.100 0.003 0.024 0.000 0.003 0.039 

Locus 211 : 245971_21 
2 alleles
5.1% missing data
 130   (0.954) 1.000 1.000 0.999 0.997 1.000 0.913 0.999 0.999 0.998 0.964 0.995 0.999 0.997 0.972 1.000 0.997 0.954 
 120   (0.046) 0.000 0.000 0.001 0.003 0.000 0.087 0.001 0.001 0.002 0.036 0.005 0.001 0.003 0.028 0.000 0.003 0.046 

Locus 212 : 246895_22 
2 alleles
3.4% missing data
 120   (0.964) 0.999 1.000 0.993 0.998 1.000 0.997 0.999 0.999 0.998 0.965 0.996 0.998 0.993 0.975 1.000 0.997 0.964 
 110   (0.036) 0.001 0.000 0.007 0.002 0.000 0.003 0.001 0.001 0.002 0.035 0.004 0.002 0.007 0.025 0.000 0.003 0.036 

Locus 213 : 248131_26 
2 alleles
7.9% missing data
 130   (0.948) 0.998 0.999 0.998 0.994 0.999 0.996 0.997 0.998 0.954 0.951 0.991 0.996 0.995 0.966 0.999 0.979 0.948 
 110   (0.052) 0.002 0.001 0.002 0.006 0.001 0.004 0.003 0.002 0.046 0.049 0.009 0.004 0.005 0.034 0.001 0.021 0.052 

Locus 214 : 250844_49 
2 alleles
7.3% missing data
 130   (0.963) 0.999 1.000 0.999 0.997 1.000 0.997 0.999 0.999 0.998 0.966 0.995 0.999 0.997 0.976 1.000 0.982 0.963 
 100   (0.037) 0.001 0.000 0.001 0.003 0.000 0.003 0.001 0.001 0.002 0.034 0.005 0.001 0.003 0.024 0.000 0.018 0.037 

Locus 215 : 251283_19 
2 alleles
5.6% missing data
 120   (0.959) 1.000 1.000 0.999 0.997 1.000 0.997 0.999 0.999 0.998 0.967 0.824 0.999 0.997 0.974 1.000 0.997 0.959 
 100   (0.041) 0.000 0.000 0.001 0.003 0.000 0.003 0.001 0.001 0.002 0.033 0.176 0.001 0.003 0.026 0.000 0.003 0.041 

Locus 216 : 251358_15 
2 alleles
8.4% missing data
 110   (0.936) 0.999 1.000 0.999 0.995 0.999 0.995 0.998 0.998 0.997 0.946 0.990 0.942 0.995 0.959 1.000 0.794 0.936 
 120   (0.064) 0.001 0.000 0.001 0.005 0.001 0.005 0.002 0.002 0.003 0.054 0.010 0.058 0.005 0.041 0.000 0.206 0.064 

Locus 217 : 251901_42 
2 alleles
2.2% missing data
 120   (0.962) 0.999 1.000 0.999 0.997 0.999 0.997 0.999 0.999 0.978 0.965 0.995 0.998 0.997 0.975 1.000 0.997 0.962 
 100   (0.038) 0.001 0.000 0.001 0.003 0.001 0.003 0.001 0.001 0.022 0.035 0.005 0.002 0.003 0.025 0.000 0.003 0.038 

Locus 218 : 252158_43 
2 alleles
0.0% missing data
 120   (0.956) 1.000 1.000 0.999 0.997 1.000 0.918 0.999 0.999 0.998 0.964 0.995 0.999 0.997 0.971 1.000 0.997 0.956 
 100   (0.044) 0.000 0.000 0.001 0.003 0.000 0.082 0.001 0.001 0.002 0.036 0.005 0.001 0.003 0.029 0.000 0.003 0.044 

Locus 219 : 252988_16 
2 alleles
7.9% missing data
 110   (0.955) 0.999 1.000 0.998 0.997 1.000 0.996 0.999 0.999 0.690 0.964 0.994 0.998 0.997 0.972 1.000 0.996 0.955 
 100   (0.045) 0.001 0.000 0.002 0.003 0.000 0.004 0.001 0.001 0.310 0.036 0.006 0.002 0.003 0.028 0.000 0.004 0.045 

Locus 220 : 254425_88 
2 alleles
5.6% missing data
 130   (0.926) 0.999 1.000 0.999 0.995 0.999 0.771 0.997 0.876 0.997 0.941 0.991 0.997 0.994 0.954 1.000 0.995 0.926 
 110   (0.074) 0.001 0.000 0.001 0.005 0.001 0.229 0.003 0.124 0.003 0.059 0.009 0.003 0.006 0.046 0.000 0.005 0.074 

Locus 221 : 256337_57 
2 alleles
5.6% missing data
 110   (0.962) 1.000 1.000 0.999 0.997 1.000 0.997 0.999 0.999 0.998 0.969 0.932 0.998 0.997 0.975 1.000 0.997 0.962 
 130   (0.038) 0.000 0.000 0.001 0.003 0.000 0.003 0.001 0.001 0.002 0.031 0.068 0.002 0.003 0.025 0.000 0.003 0.038 

Locus 222 : 259058_15 
2 alleles
1.7% missing data
 120   (0.960) 1.000 1.000 0.999 0.997 1.000 0.997 0.999 0.868 0.998 0.968 0.995 0.999 0.995 0.975 1.000 0.997 0.960 
 100   (0.040) 0.000 0.000 0.001 0.003 0.000 0.003 0.001 0.132 0.002 0.032 0.005 0.001 0.005 0.025 0.000 0.003 0.040 

Locus 223 : 259869_81 
2 alleles
0.6% missing data
 120   (0.958) 1.000 1.000 0.999 0.997 1.000 0.997 0.999 0.938 0.998 0.966 0.995 0.999 0.997 0.973 1.000 0.997 0.958 
 130   (0.042) 0.000 0.000 0.001 0.003 0.000 0.003 0.001 0.062 0.002 0.034 0.005 0.001 0.003 0.027 0.000 0.003 0.042 

Locus 224 : 260700_55 
2 alleles
2.2% missing data
 130   (0.961) 0.999 1.000 0.999 0.997 0.999 0.997 0.978 0.999 0.995 0.968 0.994 0.998 0.993 0.975 1.000 0.997 0.961 
 110   (0.039) 0.001 0.000 0.001 0.003 0.001 0.003 0.022 0.001 0.005 0.032 0.006 0.002 0.007 0.025 0.000 0.003 0.039 

Locus 225 : 262223_11 
2 alleles
4.5% missing data
 130   (0.961) 1.000 1.000 0.999 0.997 1.000 0.997 0.840 0.999 0.998 0.968 0.996 0.999 0.998 0.976 1.000 0.998 0.961 
 100   (0.039) 0.000 0.000 0.001 0.003 0.000 0.003 0.160 0.001 0.002 0.032 0.004 0.001 0.002 0.024 0.000 0.002 0.039 

Locus 226 : 262346_48 
2 alleles
3.4% missing data
 130   (0.958) 1.000 1.000 0.999 0.997 1.000 0.997 0.999 0.999 0.998 0.967 0.398 0.999 0.997 0.974 1.000 0.997 0.958 
 110   (0.042) 0.000 0.000 0.001 0.003 0.000 0.003 0.001 0.001 0.002 0.033 0.602 0.001 0.003 0.026 0.000 0.003 0.042 

Locus 227 : 262620_18 
2 alleles
3.9% missing data
 110   (0.949) 0.991 0.997 0.993 0.994 0.995 0.995 0.997 0.998 0.997 0.952 0.992 0.992 0.994 0.962 0.998 0.995 0.949 
 130   (0.051) 0.009 0.003 0.007 0.006 0.005 0.005 0.003 0.002 0.003 0.048 0.008 0.008 0.006 0.038 0.002 0.005 0.051 

Locus 228 : 263002_42 
2 alleles
3.4% missing data
 120   (0.958) 1.000 1.000 0.999 0.996 1.000 0.997 0.999 0.999 0.998 0.964 0.995 0.999 0.997 0.973 1.000 0.830 0.958 
 100   (0.042) 0.000 0.000 0.001 0.004 0.000 0.003 0.001 0.001 0.002 0.036 0.005 0.001 0.003 0.027 0.000 0.170 0.042 

Locus 229 : 263813_70 
2 alleles
10.1% missing data
 130   (0.958) 1.000 1.000 0.999 0.997 1.000 0.997 0.999 0.932 0.998 0.965 0.995 0.998 0.997 0.972 1.000 0.997 0.958 
 110   (0.042) 0.000 0.000 0.001 0.003 0.000 0.003 0.001 0.068 0.002 0.035 0.005 0.002 0.003 0.028 0.000 0.003 0.042 

Locus 230 : 264184_13 
2 alleles
10.1% missing data
 110   (0.922) 0.999 1.000 0.998 0.994 0.999 0.993 0.998 0.998 0.820 0.935 0.946 0.833 0.995 0.951 1.000 0.995 0.922 
 130   (0.078) 0.001 0.000 0.002 0.006 0.001 0.007 0.002 0.002 0.180 0.065 0.054 0.167 0.005 0.049 0.000 0.005 0.078 

Values of parameters used in structure:
DATAFILE=C:\Users\jmahg\OneDrive\Desktop\Transfers\TrkNbr-1524n1282n1083_AllPops_Structure_p18_r080_LDnHWEx\project_data,	OUTFILE=C:\Users\jmahg\OneDrive\Desktop\Transfers\TrkNbr-1524n1282n1083_AllPops_Structure_p18_r080_LDnHWEx\BI50000_MCMC100000\Results\BI50000_MCMC100000_run_170,	NUMINDS=178,	NUMLOCI=230,	MISSING=0,	LABEL=1,	POPDATA=1,	POPFLAG=0,	PHENOTYPE=0,	EXTRACOLS=0,	MAXPOPS=17,	BURNIN=50000,	NUMREPS=100000,	USEPOPINFO=0,	INFERALPHA=1,	INFERLAMBDA=0,	POPSPECIFICLAMBDA=0,	POPALPHAS=0,	COMPUTEPROB=1,	NOADMIX=0,	ADMBURNIN=2500,	UPDATEFREQ=1,	PRINTLIKES=0,	INTERMEDSAVE=0,	PRINTKLD=0,	PRINTNET=0,	PRINTLAMBDA=0,	ANCESTDIST=0,	NUMBOXES=1000,	ANCESTPINT=0.90000,	GENSBACK=2,	MIGRPRIOR=0.05000,	PRINTQHAT=0,	PRINTQSUM=0,	ALPHA=1.0000,	FREQSCORR=1,	FPRIORMEAN=0.0100,	FPRIORSD=0.0500,	ONEFST=0,	LAMBDA=1.0000,	UNIFPRIORALPHA=1,	ALPHAMAX=10.0000,	ALPHAPRIORA=1.0000,	ALPHAPRIORB=2.0000,	ALPHAPROPSD=0.0250,	STARTATPOPINFO=0,	RANDOMIZE=1,	LINKAGE=0,	METROFREQ=10,	REPORTHITRATE=0,	MARKOVPHASE=-1,	PHASED=0,	PLOIDY=2,	PHASEINFO=0	LOCPRIOR=0, 	LOCPRIORINIT=1.000000, 	LOCDATA=0, 	LOCISPOP=0, 	LOCPRIORSTEP=0.100000, 	MAXLOCPRIOR=20.000000, 	SEED=1603046788,	
[STRAT parameters]:    NUMSIMSTATS=1000,	PHENOTYPECOL=-9,	POOLFREQ=10,	LOCUSxONLY=0,	EMERROR=0.00100,	MISSINGPHENO=-9,	