

----------------------------------------------------
STRUCTURE by Pritchard, Stephens and Donnelly (2000)
     and Falush, Stephens and Pritchard (2003)
       Code by Pritchard, Falush and Hubisz
             Version 2.3.4 (Jul 2012)
----------------------------------------------------



Command line arguments:   bin\structure -m C:\Users\jmahg\OneDrive\Desktop\Transfers\TrkNbr-1524n1282n1083_AllPops_Structure_p18_r080_LDnHWEx\BI50000_MCMC100000\mainparams -e C:\Users\jmahg\OneDrive\Desktop\Transfers\TrkNbr-1524n1282n1083_AllPops_Structure_p18_r080_LDnHWEx\BI50000_MCMC100000\extraparams 
Input File:    C:\Users\jmahg\OneDrive\Desktop\Transfers\TrkNbr-1524n1282n1083_AllPops_Structure_p18_r080_LDnHWEx\project_data

Run parameters:
   178 individuals
   230 loci
   16 populations assumed
   50000 Burn-in period
   100000 Reps


--------------------------------------------
Proportion of membership of each pre-defined
 population in each of the 16 clusters

Given    Inferred Clusters                                                                                                  Number of
 Pop       1      2      3      4      5      6      7      8      9     10     11     12     13     14     15     16      Individuals

  1:     0.008  0.032  0.032  0.689  0.004  0.030  0.007  0.124  0.013  0.002  0.007  0.010  0.011  0.007  0.006  0.015       10
  2:     0.009  0.071  0.067  0.022  0.013  0.057  0.004  0.079  0.536  0.002  0.028  0.015  0.007  0.023  0.021  0.045        8
  3:     0.009  0.128  0.105  0.009  0.004  0.097  0.004  0.028  0.013  0.002  0.022  0.519  0.008  0.012  0.010  0.028       10
  4:     0.013  0.111  0.089  0.019  0.007  0.101  0.015  0.033  0.082  0.003  0.408  0.026  0.023  0.008  0.022  0.039       10
  5:     0.014  0.015  0.014  0.007  0.003  0.014  0.004  0.010  0.006  0.882  0.005  0.008  0.004  0.004  0.004  0.006       10
  6:     0.012  0.178  0.146  0.020  0.004  0.153  0.005  0.035  0.018  0.003  0.009  0.371  0.008  0.004  0.004  0.032       10
  7:     0.008  0.037  0.049  0.052  0.003  0.055  0.003  0.708  0.009  0.002  0.005  0.011  0.004  0.007  0.006  0.040       10
  8:     0.013  0.063  0.081  0.092  0.016  0.068  0.044  0.071  0.257  0.002  0.055  0.035  0.060  0.043  0.035  0.067       10
  9:     0.011  0.220  0.223  0.031  0.003  0.194  0.004  0.185  0.017  0.002  0.007  0.021  0.006  0.003  0.003  0.069       10
 10:     0.014  0.219  0.257  0.012  0.004  0.344  0.005  0.038  0.019  0.002  0.008  0.028  0.006  0.004  0.005  0.036       10
 11:     0.010  0.085  0.078  0.027  0.007  0.062  0.008  0.024  0.033  0.002  0.015  0.013  0.565  0.023  0.019  0.027       10
 12:     0.011  0.060  0.054  0.054  0.007  0.044  0.094  0.019  0.062  0.002  0.023  0.015  0.527  0.005  0.006  0.016       10
 13:     0.008  0.021  0.022  0.011  0.007  0.022  0.827  0.018  0.010  0.002  0.008  0.011  0.009  0.007  0.007  0.009       10
 14:     0.731  0.058  0.053  0.008  0.003  0.054  0.004  0.017  0.010  0.011  0.006  0.014  0.005  0.004  0.005  0.015       10
 15:     0.763  0.041  0.041  0.008  0.003  0.038  0.004  0.016  0.010  0.007  0.006  0.035  0.005  0.004  0.005  0.014       10
 16:     0.011  0.068  0.072  0.023  0.012  0.078  0.006  0.061  0.046  0.002  0.356  0.037  0.010  0.033  0.115  0.071       10
 17:     0.010  0.059  0.059  0.045  0.520  0.056  0.014  0.027  0.064  0.003  0.027  0.018  0.051  0.007  0.010  0.033       10
 18:     0.011  0.024  0.026  0.007  0.003  0.027  0.003  0.013  0.009  0.836  0.006  0.013  0.005  0.004  0.004  0.009       10
--------------------------------------------

Allele-freq. divergence among pops (Net nucleotide distance),
computed using point estimates of P.

      1       2       3       4       5       6       7       8       9      10      11      12      13      14      15      16      
 1      -    0.0017  0.0017  0.0042  0.0102  0.0017  0.0065  0.0033  0.0052  0.0068  0.0053  0.0028  0.0044  0.0031  0.0031  0.0022  
 2   0.0017     -    0.0000  0.0025  0.0087  0.0001  0.0050  0.0016  0.0036  0.0072  0.0037  0.0012  0.0028  0.0026  0.0024  0.0013  
 3   0.0017  0.0000     -    0.0024  0.0087  0.0000  0.0050  0.0014  0.0036  0.0073  0.0037  0.0012  0.0028  0.0025  0.0024  0.0012  
 4   0.0042  0.0025  0.0024     -    0.0100  0.0025  0.0066  0.0016  0.0056  0.0096  0.0058  0.0037  0.0038  0.0032  0.0032  0.0022  
 5   0.0102  0.0087  0.0087  0.0100     -    0.0088  0.0105  0.0099  0.0070  0.0151  0.0113  0.0097  0.0079  0.0071  0.0073  0.0071  
 6   0.0017  0.0001  0.0000  0.0025  0.0088     -    0.0050  0.0015  0.0036  0.0073  0.0037  0.0012  0.0029  0.0026  0.0024  0.0012  
 7   0.0065  0.0050  0.0050  0.0066  0.0105  0.0050     -    0.0065  0.0079  0.0117  0.0080  0.0060  0.0048  0.0044  0.0046  0.0041  
 8   0.0033  0.0016  0.0014  0.0016  0.0099  0.0015  0.0065     -    0.0048  0.0088  0.0052  0.0028  0.0044  0.0033  0.0032  0.0019  
 9   0.0052  0.0036  0.0036  0.0056  0.0070  0.0036  0.0079  0.0048     -    0.0106  0.0068  0.0047  0.0051  0.0045  0.0045  0.0036  
10   0.0068  0.0072  0.0073  0.0096  0.0151  0.0073  0.0117  0.0088  0.0106     -    0.0107  0.0079  0.0097  0.0062  0.0065  0.0061  
11   0.0053  0.0037  0.0037  0.0058  0.0113  0.0037  0.0080  0.0052  0.0068  0.0107     -    0.0045  0.0055  0.0041  0.0028  0.0034  
12   0.0028  0.0012  0.0012  0.0037  0.0097  0.0012  0.0060  0.0028  0.0047  0.0079  0.0045     -    0.0039  0.0030  0.0028  0.0019  
13   0.0044  0.0028  0.0028  0.0038  0.0079  0.0029  0.0048  0.0044  0.0051  0.0097  0.0055  0.0039     -    0.0027  0.0028  0.0022  
14   0.0031  0.0026  0.0025  0.0032  0.0071  0.0026  0.0044  0.0033  0.0045  0.0062  0.0041  0.0030  0.0027     -    0.0002  0.0003  
15   0.0031  0.0024  0.0024  0.0032  0.0073  0.0024  0.0046  0.0032  0.0045  0.0065  0.0028  0.0028  0.0028  0.0002     -    0.0004  
16   0.0022  0.0013  0.0012  0.0022  0.0071  0.0012  0.0041  0.0019  0.0036  0.0061  0.0034  0.0019  0.0022  0.0003  0.0004     -    

Average distances (expected heterozygosity) between individuals in same cluster:
cluster  1  : 0.0230 
cluster  2  : 0.0007 
cluster  3  : 0.0019 
cluster  4  : 0.0193 
cluster  5  : 0.0452 
cluster  6  : 0.0026 
cluster  7  : 0.0394 
cluster  8  : 0.0076 
cluster  9  : 0.0126 
cluster 10  : 0.0666 
cluster 11  : 0.0243 
cluster 12  : 0.0145 
cluster 13  : 0.0342 
cluster 14  : 0.0896 
cluster 15  : 0.0810 
cluster 16  : 0.0608 

--------------------------------------------
Estimated Ln Prob of Data   = -3919.4
Mean value of ln likelihood = -3247.6
Variance of ln likelihood   = 1343.5
Mean value of alpha         = 0.0352

Mean value of Fst_1         = 0.5454
Mean value of Fst_2         = 0.9588
Mean value of Fst_3         = 0.9255
Mean value of Fst_4         = 0.6177
Mean value of Fst_5         = 0.4106
Mean value of Fst_6         = 0.9192
Mean value of Fst_7         = 0.4211
Mean value of Fst_8         = 0.8609
Mean value of Fst_9         = 0.7726
Mean value of Fst_10         = 0.2728
Mean value of Fst_11         = 0.5922
Mean value of Fst_12         = 0.6944
Mean value of Fst_13         = 0.4273
Mean value of Fst_14         = 0.0787
Mean value of Fst_15         = 0.1598
Mean value of Fst_16         = 0.3667


Inferred ancestry of individuals:
        Label (%Miss) Pop:  Inferred clusters
  1 TGCP_WM1    (0)    1 :  0.008 0.042 0.040 0.758 0.005 0.035 0.005 0.032 0.020 0.003 0.006 0.012 0.005 0.005 0.006 0.018 
  2 TGCP_WM10    (1)    1 :  0.010 0.096 0.093 0.484 0.006 0.088 0.004 0.111 0.029 0.002 0.007 0.020 0.013 0.005 0.004 0.029 
  3 TGCP_WM2    (0)    1 :  0.010 0.032 0.036 0.486 0.005 0.028 0.005 0.277 0.009 0.002 0.008 0.011 0.006 0.033 0.023 0.029 
  4 TGCP_WM3    (1)    1 :  0.008 0.024 0.031 0.772 0.003 0.033 0.003 0.071 0.011 0.002 0.005 0.012 0.011 0.002 0.003 0.008 
  5 TGCP_WM4    (0)    1 :  0.009 0.024 0.022 0.829 0.003 0.016 0.003 0.013 0.009 0.002 0.006 0.007 0.040 0.004 0.002 0.010 
  6 TGCP_WM5    (0)    1 :  0.006 0.020 0.023 0.816 0.003 0.021 0.010 0.030 0.012 0.002 0.006 0.009 0.012 0.007 0.010 0.014 
  7 TGCP_WM6    (0)    1 :  0.010 0.021 0.014 0.830 0.003 0.025 0.008 0.045 0.007 0.002 0.007 0.008 0.008 0.002 0.003 0.007 
  8 TGCP_WM7    (0)    1 :  0.008 0.039 0.046 0.130 0.008 0.034 0.019 0.622 0.020 0.002 0.019 0.014 0.004 0.008 0.004 0.023 
  9 TGCP_WM8    (0)    1 :  0.006 0.016 0.012 0.859 0.003 0.016 0.014 0.026 0.010 0.002 0.003 0.007 0.011 0.003 0.003 0.008 
 10 TGCP_WM9    (0)    1 :  0.005 0.010 0.006 0.927 0.002 0.008 0.002 0.013 0.005 0.002 0.004 0.003 0.003 0.002 0.002 0.004 
 11 MRLP_WM123    (3)    2 :  0.006 0.014 0.015 0.008 0.006 0.018 0.004 0.014 0.671 0.003 0.016 0.005 0.011 0.094 0.061 0.054 
 12 MRLP_WM124    (4)    2 :  0.014 0.034 0.034 0.009 0.007 0.028 0.004 0.017 0.806 0.002 0.006 0.017 0.006 0.003 0.003 0.012 
 13 MRLP_WM125    (1)    2 :  0.007 0.013 0.013 0.024 0.054 0.020 0.005 0.043 0.622 0.002 0.009 0.010 0.006 0.067 0.048 0.057 
 14 MRLP_WM126    (2)    2 :  0.010 0.373 0.251 0.011 0.003 0.207 0.004 0.041 0.012 0.002 0.006 0.032 0.004 0.002 0.002 0.039 
 15 MRLP_WM127    (3)    2 :  0.013 0.077 0.166 0.059 0.028 0.117 0.005 0.349 0.018 0.003 0.011 0.014 0.010 0.010 0.006 0.114 
 16 MRLP_WM128    (3)    2 :  0.005 0.009 0.007 0.007 0.005 0.010 0.003 0.006 0.924 0.002 0.004 0.006 0.002 0.002 0.002 0.006 
 17 MRLP_WM129    (7)    2 :  0.005 0.018 0.015 0.028 0.003 0.019 0.004 0.055 0.576 0.002 0.168 0.023 0.010 0.005 0.043 0.025 
 18 MRLP_WM130    (5)    2 :  0.009 0.027 0.038 0.034 0.003 0.040 0.004 0.108 0.656 0.002 0.006 0.008 0.005 0.002 0.003 0.055 
 19 STT_WM183    (2)    3 :  0.009 0.033 0.034 0.007 0.003 0.027 0.005 0.019 0.010 0.002 0.005 0.648 0.028 0.082 0.050 0.038 
 20 STT_WM184    (3)    3 :  0.011 0.074 0.057 0.008 0.007 0.072 0.006 0.020 0.008 0.003 0.048 0.639 0.007 0.011 0.014 0.015 
 21 STT_WM185   (15)    3 :  0.014 0.257 0.252 0.015 0.004 0.215 0.005 0.096 0.032 0.002 0.008 0.031 0.007 0.003 0.004 0.057 
 22 STT_WM186   (13)    3 :  0.010 0.321 0.252 0.012 0.003 0.232 0.005 0.043 0.022 0.002 0.014 0.023 0.006 0.003 0.003 0.049 
 23 STT_WM187   (13)    3 :  0.008 0.024 0.035 0.008 0.005 0.026 0.004 0.015 0.008 0.003 0.006 0.839 0.006 0.002 0.003 0.010 
 24 STT_WM188    (3)    3 :  0.005 0.014 0.013 0.005 0.003 0.009 0.003 0.009 0.006 0.002 0.005 0.913 0.004 0.003 0.002 0.005 
 25 STT_WM189    (0)    3 :  0.010 0.346 0.275 0.010 0.003 0.223 0.004 0.040 0.012 0.002 0.008 0.017 0.004 0.001 0.003 0.043 
 26 STT_WM190   (11)    3 :  0.005 0.020 0.015 0.006 0.003 0.025 0.003 0.008 0.007 0.002 0.006 0.881 0.005 0.002 0.002 0.009 
 27 STT_WM191    (7)    3 :  0.014 0.178 0.103 0.012 0.003 0.122 0.005 0.027 0.013 0.002 0.008 0.458 0.005 0.004 0.003 0.044 
 28 STT_WM192   (12)    3 :  0.006 0.017 0.017 0.008 0.003 0.020 0.004 0.007 0.007 0.002 0.117 0.746 0.004 0.009 0.021 0.010 
 29 FSSP_WM241    (3)    4 :  0.014 0.162 0.114 0.056 0.010 0.139 0.029 0.029 0.145 0.003 0.193 0.024 0.018 0.011 0.007 0.045 
 30 FSSP_WM242   (15)    4 :  0.011 0.345 0.242 0.010 0.003 0.227 0.004 0.039 0.014 0.002 0.008 0.029 0.005 0.002 0.003 0.055 
 31 FSSP_WM243    (6)    4 :  0.006 0.009 0.012 0.006 0.003 0.012 0.004 0.010 0.006 0.003 0.842 0.011 0.006 0.011 0.052 0.008 
 32 FSSP_WM244    (5)    4 :  0.010 0.084 0.096 0.047 0.018 0.077 0.073 0.072 0.317 0.003 0.066 0.022 0.029 0.011 0.008 0.068 
 33 FSSP_WM245   (10)    4 :  0.017 0.174 0.142 0.020 0.003 0.195 0.005 0.058 0.017 0.003 0.250 0.033 0.007 0.003 0.041 0.033 
 34 FSSP_WM246    (6)    4 :  0.021 0.224 0.184 0.015 0.006 0.212 0.007 0.054 0.051 0.003 0.056 0.063 0.013 0.007 0.008 0.078 
 35 FSSP_WM247    (3)    4 :  0.008 0.016 0.020 0.015 0.010 0.015 0.012 0.020 0.013 0.002 0.779 0.007 0.011 0.009 0.043 0.020 
 36 FSSP_WM248    (9)    4 :  0.010 0.026 0.016 0.007 0.003 0.012 0.012 0.011 0.010 0.002 0.848 0.008 0.022 0.004 0.004 0.005 
 37 FSSP_WM249    (6)    4 :  0.015 0.032 0.030 0.008 0.003 0.037 0.004 0.015 0.012 0.002 0.716 0.039 0.033 0.005 0.030 0.018 
 38 FSSP_WM250    (2)    4 :  0.016 0.041 0.039 0.009 0.015 0.078 0.006 0.023 0.238 0.003 0.320 0.024 0.082 0.017 0.027 0.064 
 39 HNL_WM301    (3)    5 :  0.015 0.013 0.012 0.005 0.003 0.013 0.004 0.009 0.006 0.892 0.005 0.009 0.005 0.003 0.003 0.004 
 40 HNL_WM302    (2)    5 :  0.007 0.005 0.007 0.004 0.002 0.006 0.003 0.005 0.003 0.938 0.003 0.005 0.003 0.002 0.002 0.004 
 41 HNL_WM303    (2)    5 :  0.010 0.016 0.011 0.008 0.003 0.014 0.004 0.010 0.006 0.888 0.005 0.009 0.005 0.002 0.003 0.005 
 42 HNL_WM304    (3)    5 :  0.026 0.028 0.025 0.010 0.004 0.022 0.004 0.016 0.009 0.812 0.007 0.014 0.006 0.003 0.003 0.010 
 43 HNL_WM305    (3)    5 :  0.011 0.010 0.007 0.007 0.003 0.009 0.003 0.006 0.004 0.910 0.004 0.005 0.004 0.006 0.006 0.006 
 44 HNL_WM306    (0)    5 :  0.011 0.009 0.007 0.004 0.003 0.010 0.002 0.006 0.005 0.921 0.004 0.004 0.003 0.004 0.004 0.003 
 45 HNL_WM307    (3)    5 :  0.009 0.013 0.013 0.004 0.003 0.016 0.004 0.009 0.006 0.896 0.005 0.007 0.004 0.002 0.003 0.007 
 46 HNL_WM308    (3)    5 :  0.014 0.012 0.015 0.006 0.003 0.012 0.003 0.012 0.005 0.888 0.006 0.009 0.003 0.002 0.002 0.006 
 47 HNL_WM309    (0)    5 :  0.022 0.021 0.023 0.010 0.003 0.021 0.005 0.015 0.010 0.818 0.006 0.009 0.005 0.011 0.009 0.012 
 48 HNL_WM310   (10)    5 :  0.013 0.024 0.023 0.008 0.003 0.018 0.005 0.011 0.010 0.856 0.005 0.010 0.003 0.003 0.002 0.006 
 49 MPO_WM482    (2)    6 :  0.009 0.024 0.013 0.005 0.002 0.019 0.003 0.010 0.007 0.004 0.005 0.881 0.004 0.003 0.002 0.007 
 50 MPO_WM483    (3)    6 :  0.015 0.162 0.188 0.018 0.004 0.203 0.006 0.037 0.023 0.003 0.008 0.273 0.008 0.006 0.006 0.040 
 51 MPO_WM484    (1)    6 :  0.010 0.171 0.108 0.012 0.003 0.115 0.004 0.032 0.016 0.002 0.012 0.482 0.005 0.002 0.003 0.021 
 52 MPO_WM485    (0)    6 :  0.009 0.030 0.047 0.008 0.003 0.068 0.004 0.018 0.009 0.002 0.011 0.734 0.006 0.007 0.009 0.036 
 53 MPO_WM486   (21)    6 :  0.012 0.313 0.249 0.018 0.004 0.208 0.007 0.075 0.019 0.003 0.011 0.028 0.007 0.004 0.004 0.038 
 54 MPO_WM487   (19)    6 :  0.015 0.173 0.116 0.015 0.004 0.116 0.006 0.041 0.015 0.003 0.012 0.434 0.008 0.003 0.006 0.033 
 55 MPO_WM488    (9)    6 :  0.013 0.290 0.246 0.014 0.003 0.271 0.004 0.041 0.015 0.002 0.005 0.036 0.006 0.002 0.003 0.049 
 56 MPO_WM489    (3)    6 :  0.009 0.018 0.018 0.088 0.007 0.021 0.003 0.015 0.015 0.002 0.004 0.764 0.020 0.004 0.004 0.007 
 57 MPO_WM490   (24)    6 :  0.014 0.306 0.227 0.010 0.005 0.239 0.007 0.041 0.026 0.003 0.009 0.058 0.008 0.003 0.004 0.040 
 58 MPO_WM491   (11)    6 :  0.012 0.289 0.247 0.012 0.003 0.272 0.004 0.040 0.031 0.002 0.010 0.019 0.006 0.002 0.003 0.048 
 59 OICP_WM541    (1)    7 :  0.006 0.016 0.015 0.008 0.002 0.009 0.002 0.848 0.007 0.002 0.005 0.007 0.004 0.003 0.002 0.063 
 60 OICP_WM542    (2)    7 :  0.006 0.022 0.018 0.011 0.003 0.019 0.003 0.883 0.007 0.002 0.005 0.008 0.003 0.002 0.002 0.006 
 61 OICP_WM543    (0)    7 :  0.007 0.016 0.015 0.010 0.002 0.019 0.003 0.891 0.008 0.002 0.004 0.010 0.004 0.001 0.002 0.007 
 62 OICP_WM544    (1)    7 :  0.013 0.041 0.060 0.368 0.003 0.142 0.005 0.176 0.008 0.002 0.005 0.033 0.003 0.050 0.039 0.052 
 63 OICP_WM545    (0)    7 :  0.008 0.040 0.033 0.011 0.003 0.039 0.004 0.813 0.008 0.002 0.009 0.011 0.003 0.003 0.002 0.012 
 64 OICP_WM546    (3)    7 :  0.011 0.097 0.156 0.047 0.002 0.130 0.004 0.410 0.019 0.002 0.006 0.011 0.005 0.002 0.003 0.094 
 65 OICP_WM547    (2)    7 :  0.011 0.092 0.150 0.038 0.003 0.145 0.003 0.401 0.018 0.002 0.006 0.015 0.005 0.002 0.004 0.103 
 66 OICP_WM548    (3)    7 :  0.006 0.013 0.014 0.008 0.002 0.014 0.003 0.909 0.006 0.002 0.005 0.005 0.004 0.002 0.002 0.005 
 67 OICP_WM549    (0)    7 :  0.005 0.013 0.011 0.012 0.002 0.011 0.003 0.892 0.006 0.002 0.004 0.005 0.003 0.002 0.002 0.026 
 68 OICP_WM550    (1)    7 :  0.006 0.021 0.017 0.006 0.003 0.022 0.003 0.860 0.008 0.002 0.005 0.007 0.004 0.002 0.002 0.034 
 69 IRO_WM601    (2)    8 :  0.011 0.052 0.057 0.391 0.006 0.055 0.038 0.116 0.033 0.003 0.046 0.017 0.107 0.012 0.016 0.041 
 70 IRO_WM602    (1)    8 :  0.012 0.096 0.149 0.083 0.005 0.128 0.007 0.259 0.060 0.003 0.011 0.018 0.012 0.009 0.010 0.138 
 71 IRO_WM603    (2)    8 :  0.013 0.040 0.038 0.072 0.005 0.039 0.252 0.019 0.021 0.002 0.094 0.016 0.262 0.051 0.030 0.045 
 72 IRO_WM604    (0)    8 :  0.009 0.026 0.018 0.009 0.018 0.019 0.009 0.011 0.589 0.003 0.011 0.010 0.005 0.142 0.048 0.072 
 73 IRO_WM605    (3)    8 :  0.007 0.020 0.013 0.191 0.014 0.019 0.003 0.013 0.659 0.002 0.004 0.011 0.033 0.002 0.003 0.005 
 74 IRO_WM606    (3)    8 :  0.013 0.058 0.072 0.012 0.028 0.042 0.005 0.012 0.649 0.002 0.008 0.037 0.006 0.004 0.011 0.040 
 75 IRO_WM607    (2)    8 :  0.015 0.077 0.121 0.019 0.014 0.099 0.005 0.038 0.314 0.002 0.086 0.024 0.038 0.016 0.037 0.095 
 76 IRO_WM608    (0)    8 :  0.012 0.053 0.080 0.100 0.012 0.074 0.021 0.170 0.036 0.002 0.084 0.014 0.066 0.104 0.064 0.109 
 77 IRO_WM609    (0)    8 :  0.020 0.110 0.145 0.025 0.010 0.111 0.040 0.054 0.161 0.003 0.023 0.025 0.060 0.073 0.053 0.086 
 78 IRO_WM610   (13)    8 :  0.015 0.094 0.111 0.016 0.048 0.091 0.056 0.022 0.048 0.002 0.181 0.174 0.008 0.016 0.080 0.038 
 79 HGRF_WM661    (5)    9 :  0.007 0.107 0.179 0.048 0.002 0.133 0.004 0.346 0.023 0.002 0.007 0.017 0.006 0.003 0.003 0.114 
 80 HGRF_WM662    (5)    9 :  0.017 0.328 0.274 0.009 0.003 0.226 0.003 0.046 0.012 0.002 0.007 0.023 0.005 0.002 0.002 0.040 
 81 HGRF_WM663    (4)    9 :  0.008 0.107 0.157 0.044 0.003 0.137 0.004 0.380 0.018 0.002 0.007 0.016 0.005 0.002 0.003 0.105 
 82 HGRF_WM664    (3)    9 :  0.009 0.274 0.264 0.018 0.003 0.219 0.004 0.102 0.013 0.002 0.008 0.021 0.005 0.002 0.003 0.052 
 83 HGRF_WM665    (1)    9 :  0.016 0.077 0.118 0.098 0.006 0.120 0.006 0.350 0.034 0.003 0.012 0.014 0.010 0.010 0.009 0.118 
 84 HGRF_WM666    (5)    9 :  0.013 0.311 0.292 0.011 0.003 0.234 0.003 0.034 0.011 0.002 0.006 0.028 0.004 0.002 0.002 0.044 
 85 HGRF_WM667    (0)    9 :  0.011 0.338 0.256 0.007 0.003 0.235 0.003 0.053 0.013 0.002 0.007 0.021 0.005 0.002 0.002 0.042 
 86 HGRF_WM668    (4)    9 :  0.008 0.095 0.160 0.043 0.003 0.147 0.003 0.398 0.022 0.002 0.005 0.015 0.005 0.003 0.003 0.088 
 87 HGRF_WM669    (5)    9 :  0.014 0.282 0.276 0.009 0.002 0.274 0.004 0.040 0.012 0.002 0.007 0.032 0.004 0.002 0.002 0.037 
 88 HGRF_WM670    (9)    9 :  0.010 0.279 0.252 0.026 0.003 0.214 0.004 0.103 0.013 0.002 0.006 0.021 0.007 0.002 0.003 0.054 
 89 PTP_WM721    (2)   10 :  0.023 0.265 0.264 0.017 0.007 0.177 0.007 0.059 0.019 0.004 0.014 0.040 0.009 0.012 0.011 0.073 
 90 PTP_WM722    (2)   10 :  0.013 0.055 0.264 0.009 0.004 0.559 0.005 0.015 0.010 0.003 0.009 0.011 0.005 0.011 0.011 0.018 
 91 PTP_WM723   (25)   10 :  0.015 0.269 0.247 0.014 0.003 0.246 0.005 0.077 0.030 0.003 0.008 0.034 0.006 0.003 0.003 0.039 
 92 PTP_WM724   (13)   10 :  0.015 0.295 0.275 0.015 0.003 0.235 0.005 0.036 0.012 0.002 0.006 0.044 0.007 0.002 0.003 0.048 
 93 PTP_WM725   (25)   10 :  0.019 0.337 0.230 0.017 0.004 0.218 0.006 0.037 0.017 0.002 0.015 0.040 0.008 0.003 0.005 0.043 
 94 PTP_WM726   (13)   10 :  0.010 0.313 0.276 0.015 0.003 0.218 0.004 0.048 0.021 0.003 0.008 0.031 0.007 0.002 0.003 0.037 
 95 PTP_WM727   (10)   10 :  0.014 0.270 0.252 0.009 0.003 0.267 0.004 0.037 0.045 0.002 0.006 0.028 0.007 0.003 0.003 0.049 
 96 PTP_WM728    (8)   10 :  0.013 0.333 0.251 0.013 0.003 0.237 0.004 0.047 0.017 0.002 0.007 0.024 0.005 0.002 0.003 0.039 
 97 PTP_WM729    (9)   10 :  0.008 0.037 0.255 0.007 0.003 0.622 0.004 0.020 0.009 0.002 0.005 0.011 0.004 0.002 0.002 0.008 
 98 PTP_WM730    (8)   10 :  0.006 0.017 0.254 0.005 0.002 0.659 0.003 0.009 0.008 0.002 0.007 0.014 0.004 0.002 0.003 0.004 
 99 RRL_WM782    (9)   11 :  0.013 0.340 0.268 0.011 0.003 0.210 0.005 0.041 0.012 0.002 0.007 0.031 0.007 0.003 0.002 0.044 
100 RRL_WM783    (8)   11 :  0.011 0.021 0.016 0.047 0.006 0.017 0.016 0.012 0.011 0.002 0.012 0.010 0.805 0.005 0.004 0.006 
101 RRL_WM784    (1)   11 :  0.011 0.036 0.044 0.008 0.008 0.028 0.014 0.015 0.025 0.003 0.007 0.014 0.768 0.003 0.003 0.013 
102 RRL_WM785    (1)   11 :  0.011 0.327 0.288 0.010 0.002 0.229 0.004 0.037 0.011 0.002 0.009 0.022 0.005 0.002 0.002 0.037 
103 RRL_WM786    (2)   11 :  0.006 0.014 0.011 0.006 0.014 0.007 0.005 0.007 0.048 0.002 0.015 0.007 0.840 0.003 0.005 0.009 
104 RRL_WM787    (3)   11 :  0.007 0.015 0.031 0.084 0.009 0.028 0.007 0.071 0.025 0.002 0.022 0.008 0.646 0.011 0.009 0.027 
105 RRL_WM788    (0)   11 :  0.007 0.007 0.010 0.004 0.003 0.009 0.007 0.009 0.010 0.002 0.015 0.004 0.687 0.105 0.075 0.046 
106 RRL_WM789    (2)   11 :  0.005 0.010 0.009 0.027 0.003 0.009 0.011 0.009 0.008 0.002 0.005 0.005 0.885 0.003 0.003 0.006 
107 RRL_WM790    (0)   11 :  0.012 0.037 0.032 0.007 0.015 0.020 0.005 0.020 0.160 0.003 0.014 0.013 0.459 0.085 0.065 0.053 
108 RRL_WM791    (0)   11 :  0.016 0.047 0.073 0.069 0.003 0.067 0.003 0.020 0.023 0.002 0.047 0.018 0.547 0.014 0.019 0.031 
109 RRO_WM842    (0)   12 :  0.010 0.030 0.024 0.018 0.015 0.019 0.008 0.012 0.077 0.002 0.029 0.008 0.735 0.003 0.003 0.009 
110 RRO_WM843    (7)   12 :  0.011 0.018 0.023 0.025 0.008 0.021 0.303 0.009 0.051 0.002 0.015 0.008 0.458 0.011 0.017 0.020 
111 RRO_WM844    (2)   12 :  0.013 0.091 0.059 0.013 0.004 0.056 0.356 0.026 0.291 0.003 0.008 0.019 0.032 0.003 0.004 0.021 
112 RRO_WM845    (4)   12 :  0.007 0.016 0.013 0.007 0.003 0.009 0.038 0.011 0.005 0.002 0.008 0.008 0.861 0.003 0.002 0.005 
113 RRO_WM846   (10)   12 :  0.013 0.059 0.043 0.016 0.006 0.052 0.020 0.016 0.018 0.002 0.017 0.026 0.683 0.004 0.006 0.020 
114 RRO_WM847    (6)   12 :  0.010 0.033 0.038 0.029 0.010 0.031 0.116 0.016 0.118 0.002 0.042 0.007 0.529 0.004 0.006 0.008 
115 RRO_WM848    (4)   12 :  0.018 0.142 0.146 0.038 0.005 0.095 0.017 0.036 0.018 0.003 0.081 0.038 0.312 0.009 0.011 0.032 
116 RRO_WM849    (5)   12 :  0.008 0.030 0.037 0.367 0.005 0.026 0.016 0.016 0.008 0.002 0.008 0.009 0.451 0.003 0.004 0.011 
117 RRO_WM850    (2)   12 :  0.012 0.035 0.034 0.009 0.004 0.035 0.004 0.018 0.019 0.002 0.008 0.013 0.785 0.004 0.003 0.014 
118 RRO_WM851    (1)   12 :  0.009 0.149 0.126 0.018 0.004 0.096 0.061 0.033 0.013 0.002 0.018 0.016 0.427 0.005 0.004 0.018 
119 CPS_WM901    (2)   13 :  0.007 0.010 0.015 0.007 0.005 0.014 0.869 0.011 0.016 0.002 0.006 0.006 0.020 0.003 0.003 0.005 
120 CPS_WM902    (2)   13 :  0.006 0.011 0.009 0.031 0.011 0.012 0.826 0.060 0.005 0.002 0.004 0.007 0.007 0.003 0.003 0.004 
121 CPS_WM903    (5)   13 :  0.005 0.009 0.009 0.004 0.010 0.009 0.907 0.007 0.012 0.002 0.004 0.006 0.009 0.002 0.003 0.003 
122 CPS_WM904    (1)   13 :  0.006 0.010 0.017 0.008 0.016 0.015 0.837 0.011 0.008 0.003 0.009 0.010 0.008 0.020 0.012 0.013 
123 CPS_WM905    (2)   13 :  0.005 0.007 0.007 0.006 0.008 0.009 0.833 0.008 0.005 0.002 0.018 0.015 0.005 0.026 0.029 0.017 
124 CPS_WM906    (3)   13 :  0.008 0.016 0.023 0.010 0.003 0.019 0.861 0.012 0.007 0.002 0.008 0.011 0.007 0.003 0.002 0.010 
125 CPS_WM907    (6)   13 :  0.011 0.055 0.043 0.011 0.003 0.040 0.748 0.027 0.015 0.002 0.010 0.011 0.008 0.003 0.003 0.010 
126 CPS_WM908    (3)   13 :  0.013 0.049 0.035 0.011 0.009 0.060 0.731 0.020 0.013 0.003 0.009 0.019 0.009 0.005 0.006 0.008 
127 CPS_WM909    (2)   13 :  0.010 0.030 0.050 0.013 0.006 0.023 0.782 0.016 0.014 0.002 0.011 0.016 0.010 0.003 0.003 0.011 
128 CPS_WM910    (1)   13 :  0.009 0.014 0.013 0.007 0.004 0.016 0.876 0.010 0.005 0.003 0.006 0.008 0.007 0.006 0.006 0.008 
129 PPNP_WM962    (1)   14 :  0.931 0.006 0.010 0.003 0.002 0.007 0.003 0.006 0.005 0.006 0.003 0.004 0.003 0.003 0.004 0.005 
130 PPNP_WM963    (0)   14 :  0.723 0.072 0.031 0.011 0.003 0.050 0.006 0.018 0.011 0.016 0.008 0.009 0.005 0.009 0.008 0.020 
131 PPNP_WM964    (0)   14 :  0.822 0.013 0.012 0.006 0.003 0.015 0.003 0.012 0.007 0.057 0.004 0.008 0.004 0.013 0.012 0.010 
132 PPNP_WM965    (4)   14 :  0.848 0.028 0.023 0.008 0.003 0.030 0.003 0.014 0.009 0.002 0.004 0.010 0.005 0.002 0.003 0.009 
133 PPNP_WM966    (4)   14 :  0.926 0.009 0.014 0.003 0.002 0.008 0.003 0.007 0.006 0.002 0.005 0.004 0.003 0.002 0.003 0.004 
134 PPNP_WM967    (4)   14 :  0.707 0.070 0.064 0.008 0.003 0.054 0.007 0.023 0.013 0.003 0.005 0.014 0.008 0.004 0.003 0.015 
135 PPNP_WM968    (5)   14 :  0.104 0.235 0.213 0.015 0.005 0.203 0.006 0.038 0.025 0.013 0.016 0.050 0.009 0.006 0.007 0.055 
136 PPNP_WM969    (2)   14 :  0.774 0.050 0.046 0.010 0.003 0.048 0.004 0.018 0.010 0.002 0.006 0.010 0.005 0.002 0.002 0.009 
137 PPNP_WM970    (2)   14 :  0.720 0.059 0.064 0.010 0.002 0.071 0.003 0.016 0.011 0.004 0.004 0.012 0.004 0.002 0.004 0.013 
138 PPNP_WM971    (2)   14 :  0.751 0.040 0.058 0.011 0.004 0.055 0.005 0.019 0.009 0.003 0.007 0.015 0.006 0.002 0.002 0.013 
139 FPPI_WM1021    (4)   15 :  0.802 0.036 0.025 0.010 0.005 0.028 0.005 0.017 0.010 0.003 0.006 0.019 0.007 0.006 0.008 0.014 
140 FPPI_WM1022    (4)   15 :  0.508 0.045 0.075 0.010 0.004 0.035 0.005 0.015 0.011 0.018 0.007 0.238 0.005 0.005 0.005 0.014 
141 FPPI_WM1023    (1)   15 :  0.821 0.038 0.031 0.007 0.002 0.032 0.003 0.016 0.010 0.004 0.005 0.010 0.004 0.002 0.003 0.010 
142 FPPI_WM1024    (5)   15 :  0.732 0.057 0.045 0.007 0.002 0.063 0.004 0.018 0.012 0.002 0.009 0.020 0.004 0.004 0.004 0.017 
143 FPPI_WM1025    (6)   15 :  0.717 0.053 0.060 0.014 0.003 0.049 0.004 0.029 0.013 0.003 0.009 0.015 0.005 0.002 0.003 0.021 
144 FPPI_WM1026    (1)   15 :  0.911 0.009 0.010 0.005 0.004 0.012 0.003 0.010 0.008 0.002 0.004 0.006 0.004 0.002 0.003 0.006 
145 FPPI_WM1027    (3)   15 :  0.934 0.010 0.008 0.004 0.002 0.008 0.003 0.006 0.005 0.002 0.003 0.004 0.004 0.002 0.003 0.003 
146 FPPI_WM1028    (2)   15 :  0.870 0.021 0.021 0.008 0.002 0.024 0.003 0.011 0.006 0.005 0.004 0.007 0.004 0.002 0.003 0.008 
147 FPPI_WM1029    (3)   15 :  0.473 0.124 0.126 0.008 0.003 0.112 0.004 0.033 0.016 0.022 0.007 0.026 0.007 0.003 0.004 0.032 
148 FPPI_WM1030    (1)   15 :  0.866 0.019 0.013 0.007 0.004 0.013 0.004 0.008 0.006 0.004 0.005 0.008 0.003 0.014 0.013 0.013 
149 CRWA_WM1082    (2)   16 :  0.005 0.012 0.007 0.004 0.002 0.008 0.003 0.005 0.005 0.001 0.732 0.004 0.005 0.003 0.199 0.005 
150 CRWA_WM1084    (5)   16 :  0.011 0.041 0.066 0.037 0.009 0.076 0.004 0.161 0.027 0.003 0.361 0.010 0.005 0.006 0.073 0.110 
151 CRWA_WM1085    (2)   16 :  0.010 0.098 0.058 0.007 0.010 0.092 0.005 0.039 0.026 0.002 0.475 0.020 0.008 0.003 0.059 0.089 
152 CRWA_WM1086    (9)   16 :  0.017 0.145 0.142 0.023 0.004 0.178 0.005 0.042 0.020 0.002 0.091 0.158 0.037 0.011 0.027 0.097 
153 CRWA_WM1087    (0)   16 :  0.012 0.043 0.039 0.012 0.013 0.078 0.019 0.021 0.011 0.003 0.359 0.014 0.007 0.112 0.210 0.046 
154 CRWA_WM1088    (1)   16 :  0.010 0.066 0.130 0.043 0.021 0.115 0.005 0.198 0.035 0.003 0.061 0.083 0.008 0.027 0.045 0.152 
155 CRWA_WM1089    (3)   16 :  0.011 0.092 0.073 0.029 0.004 0.086 0.005 0.023 0.014 0.002 0.489 0.026 0.006 0.005 0.110 0.026 
156 CRWA_WM1090    (0)   16 :  0.010 0.094 0.097 0.009 0.041 0.085 0.005 0.024 0.302 0.002 0.148 0.021 0.015 0.011 0.050 0.088 
157 CRWA_WM1092    (1)   16 :  0.011 0.061 0.071 0.019 0.010 0.037 0.004 0.024 0.012 0.002 0.385 0.012 0.006 0.098 0.208 0.039 
158 CRWA_WM1093    (1)   16 :  0.009 0.026 0.037 0.048 0.004 0.028 0.004 0.069 0.014 0.003 0.454 0.018 0.006 0.055 0.171 0.053 
159 PCRA_WM1141    (3)   17 :  0.014 0.042 0.043 0.011 0.509 0.033 0.006 0.015 0.223 0.003 0.048 0.014 0.007 0.003 0.006 0.023 
160 PCRA_WM1142    (3)   17 :  0.010 0.079 0.075 0.010 0.617 0.075 0.005 0.025 0.027 0.003 0.015 0.026 0.005 0.002 0.003 0.024 
161 PCRA_WM1143    (1)   17 :  0.011 0.136 0.112 0.015 0.415 0.118 0.005 0.023 0.073 0.002 0.008 0.025 0.009 0.002 0.004 0.040 
162 PCRA_WM1144    (2)   17 :  0.013 0.047 0.064 0.285 0.017 0.060 0.022 0.021 0.013 0.002 0.007 0.017 0.410 0.003 0.003 0.015 
163 PCRA_WM1145    (4)   17 :  0.011 0.108 0.144 0.011 0.328 0.107 0.016 0.072 0.066 0.003 0.023 0.035 0.009 0.005 0.007 0.055 
164 PCRA_WM1146    (2)   17 :  0.006 0.014 0.009 0.043 0.758 0.009 0.007 0.008 0.010 0.003 0.065 0.013 0.012 0.008 0.024 0.010 
165 PCRA_WM1147    (1)   17 :  0.008 0.131 0.112 0.010 0.128 0.119 0.004 0.046 0.189 0.002 0.079 0.032 0.008 0.004 0.009 0.117 
166 PCRA_WM1148    (0)   17 :  0.006 0.008 0.009 0.011 0.879 0.010 0.005 0.007 0.015 0.002 0.004 0.007 0.006 0.010 0.011 0.010 
167 PCRA_WM1149    (1)   17 :  0.008 0.014 0.011 0.027 0.749 0.013 0.066 0.020 0.007 0.003 0.009 0.007 0.022 0.016 0.014 0.015 
168 PCRA_WM1150    (0)   17 :  0.008 0.011 0.012 0.027 0.798 0.012 0.007 0.028 0.012 0.004 0.008 0.006 0.017 0.015 0.017 0.018 
169 DHFA_WM1202    (3)   18 :  0.020 0.033 0.050 0.012 0.003 0.077 0.004 0.025 0.019 0.682 0.011 0.031 0.007 0.004 0.005 0.017 
170 DHFA_WM1203    (1)   18 :  0.030 0.053 0.062 0.007 0.004 0.041 0.005 0.022 0.014 0.706 0.007 0.019 0.006 0.003 0.004 0.016 
171 DHFA_WM1204    (2)   18 :  0.013 0.048 0.043 0.012 0.003 0.053 0.004 0.022 0.012 0.733 0.010 0.015 0.007 0.003 0.005 0.015 
172 DHFA_WM1205    (5)   18 :  0.007 0.011 0.013 0.005 0.003 0.011 0.004 0.007 0.005 0.910 0.003 0.008 0.004 0.003 0.003 0.005 
173 DHFA_WM1206    (4)   18 :  0.007 0.017 0.011 0.008 0.003 0.017 0.003 0.011 0.006 0.886 0.005 0.012 0.004 0.002 0.002 0.006 
174 DHFA_WM1207    (2)   18 :  0.004 0.008 0.005 0.003 0.002 0.006 0.002 0.006 0.005 0.940 0.003 0.006 0.003 0.002 0.003 0.003 
175 DHFA_WM1208    (3)   18 :  0.008 0.014 0.016 0.005 0.003 0.009 0.003 0.007 0.005 0.901 0.005 0.010 0.004 0.004 0.002 0.005 
176 DHFA_WM1209    (1)   18 :  0.006 0.007 0.006 0.005 0.003 0.007 0.002 0.004 0.006 0.916 0.004 0.006 0.003 0.011 0.005 0.008 
177 DHFA_WM1210    (0)   18 :  0.004 0.003 0.003 0.002 0.002 0.003 0.002 0.003 0.002 0.956 0.002 0.003 0.002 0.004 0.004 0.004 
178 DHFA_WM1211    (2)   18 :  0.013 0.045 0.048 0.014 0.004 0.046 0.004 0.026 0.018 0.734 0.006 0.019 0.006 0.003 0.005 0.010 


Estimated Allele Frequencies in each cluster
First column gives estimated ancestral frequencies


Locus 1 : 953_21 
2 alleles
4.5% missing data
 120   (0.959) 0.899 1.000 1.000 0.999 0.995 1.000 0.997 1.000 0.999 0.997 0.998 0.999 0.998 0.965 0.971 0.977 
 100   (0.041) 0.101 0.000 0.000 0.001 0.005 0.000 0.003 0.000 0.001 0.003 0.002 0.001 0.002 0.035 0.029 0.023 

Locus 2 : 2370_26 
2 alleles
6.2% missing data
 110   (0.957) 0.790 1.000 1.000 0.999 0.995 1.000 0.997 1.000 0.999 0.997 0.998 0.999 0.997 0.963 0.969 0.976 
 130   (0.043) 0.210 0.000 0.000 0.001 0.005 0.000 0.003 0.000 0.001 0.003 0.002 0.001 0.003 0.037 0.031 0.024 

Locus 3 : 2692_87 
2 alleles
1.7% missing data
 130   (0.954) 0.999 1.000 1.000 0.999 0.995 1.000 0.997 1.000 0.999 0.764 0.998 0.999 0.997 0.961 0.967 0.975 
 120   (0.046) 0.001 0.000 0.000 0.001 0.005 0.000 0.003 0.000 0.001 0.236 0.002 0.001 0.003 0.039 0.033 0.025 

Locus 4 : 2828_58 
2 alleles
6.7% missing data
 100   (0.928) 0.998 0.999 0.997 0.992 0.820 0.998 0.994 0.992 0.998 0.995 0.993 0.998 0.994 0.920 0.938 0.943 
 120   (0.072) 0.002 0.001 0.003 0.008 0.180 0.002 0.006 0.008 0.002 0.005 0.007 0.002 0.006 0.080 0.062 0.057 

Locus 5 : 6398_73 
2 alleles
6.2% missing data
 130   (0.922) 0.794 1.000 1.000 0.998 0.991 1.000 0.995 0.999 0.999 0.642 0.997 0.998 0.996 0.933 0.943 0.957 
 100   (0.078) 0.206 0.000 0.000 0.002 0.009 0.000 0.005 0.001 0.001 0.358 0.003 0.002 0.004 0.067 0.057 0.043 

Locus 6 : 7469_71 
2 alleles
5.1% missing data
 130   (0.959) 0.998 0.999 0.993 0.998 0.993 0.991 0.996 0.999 0.999 0.997 0.997 0.998 0.997 0.960 0.965 0.973 
 110   (0.041) 0.002 0.001 0.007 0.002 0.007 0.009 0.004 0.001 0.001 0.003 0.003 0.002 0.003 0.040 0.035 0.027 

Locus 7 : 7615_47 
2 alleles
5.1% missing data
 130   (0.959) 0.998 0.998 0.995 0.998 0.992 0.997 0.996 0.999 0.999 0.996 0.997 0.998 0.997 0.961 0.966 0.973 
 100   (0.041) 0.002 0.002 0.005 0.002 0.008 0.003 0.004 0.001 0.001 0.004 0.003 0.002 0.003 0.039 0.034 0.027 

Locus 8 : 8211_10 
2 alleles
2.8% missing data
 120   (0.956) 0.999 1.000 1.000 0.999 0.995 1.000 0.997 1.000 0.999 0.936 0.998 0.999 0.998 0.963 0.968 0.976 
 100   (0.044) 0.001 0.000 0.000 0.001 0.005 0.000 0.003 0.000 0.001 0.064 0.002 0.001 0.002 0.037 0.032 0.024 

Locus 9 : 8394_14 
2 alleles
2.2% missing data
 110   (0.957) 0.863 1.000 1.000 0.999 0.995 1.000 0.997 1.000 0.999 0.996 0.998 0.998 0.998 0.964 0.970 0.977 
 130   (0.043) 0.137 0.000 0.000 0.001 0.005 0.000 0.003 0.000 0.001 0.004 0.002 0.002 0.002 0.036 0.030 0.023 

Locus 10 : 9621_63 
2 alleles
3.9% missing data
 130   (0.956) 0.999 1.000 1.000 0.999 0.995 1.000 0.997 1.000 0.999 0.939 0.998 0.999 0.998 0.962 0.968 0.975 
 110   (0.044) 0.001 0.000 0.000 0.001 0.005 0.000 0.003 0.000 0.001 0.061 0.002 0.001 0.002 0.038 0.032 0.025 

Locus 11 : 9880_35 
2 alleles
4.5% missing data
 120   (0.951) 0.999 1.000 1.000 0.999 0.994 1.000 0.996 1.000 0.999 0.704 0.998 0.999 0.997 0.958 0.965 0.973 
 100   (0.049) 0.001 0.000 0.000 0.001 0.006 0.000 0.004 0.000 0.001 0.296 0.002 0.001 0.003 0.042 0.035 0.027 

Locus 12 : 11163_16 
2 alleles
7.9% missing data
 130   (0.956) 0.999 1.000 1.000 0.999 0.995 1.000 0.997 1.000 0.999 0.914 0.998 0.999 0.998 0.963 0.969 0.976 
 110   (0.044) 0.001 0.000 0.000 0.001 0.005 0.000 0.003 0.000 0.001 0.086 0.002 0.001 0.002 0.037 0.031 0.024 

Locus 13 : 11991_31 
2 alleles
4.5% missing data
 120   (0.929) 0.997 1.000 0.998 0.995 0.987 0.998 0.994 0.998 0.990 0.995 0.988 0.998 0.977 0.908 0.930 0.935 
 100   (0.071) 0.003 0.000 0.002 0.005 0.013 0.002 0.006 0.002 0.010 0.005 0.012 0.002 0.023 0.092 0.070 0.065 

Locus 14 : 12766_17 
2 alleles
2.2% missing data
 120   (0.960) 0.999 1.000 1.000 0.999 0.931 1.000 0.996 1.000 0.999 0.997 0.998 0.999 0.998 0.964 0.971 0.978 
 100   (0.040) 0.001 0.000 0.000 0.001 0.069 0.000 0.004 0.000 0.001 0.003 0.002 0.001 0.002 0.036 0.029 0.022 

Locus 15 : 13496_14 
2 alleles
5.1% missing data
 110   (0.955) 0.999 1.000 1.000 0.999 0.995 1.000 0.691 1.000 0.999 0.997 0.998 0.999 0.997 0.962 0.968 0.976 
 100   (0.045) 0.001 0.000 0.000 0.001 0.005 0.000 0.309 0.000 0.001 0.003 0.002 0.001 0.003 0.038 0.032 0.024 

Locus 16 : 14394_41 
2 alleles
2.2% missing data
 130   (0.959) 0.999 1.000 1.000 0.999 0.928 1.000 0.997 1.000 0.999 0.997 0.998 0.999 0.998 0.965 0.970 0.977 
 110   (0.041) 0.001 0.000 0.000 0.001 0.072 0.000 0.003 0.000 0.001 0.003 0.002 0.001 0.002 0.035 0.030 0.023 

Locus 17 : 16285_24 
2 alleles
6.2% missing data
 130   (0.954) 0.999 1.000 1.000 0.999 0.995 1.000 0.997 1.000 0.999 0.874 0.998 0.999 0.998 0.961 0.967 0.974 
 100   (0.046) 0.001 0.000 0.000 0.001 0.005 0.000 0.003 0.000 0.001 0.126 0.002 0.001 0.002 0.039 0.033 0.026 

Locus 18 : 18821_69 
2 alleles
7.3% missing data
 120   (0.956) 0.999 1.000 1.000 0.999 0.995 0.999 0.997 1.000 0.999 0.997 0.998 0.708 0.997 0.962 0.968 0.976 
 110   (0.044) 0.001 0.000 0.000 0.001 0.005 0.001 0.003 0.000 0.001 0.003 0.002 0.292 0.003 0.038 0.032 0.024 

Locus 19 : 19006_32 
2 alleles
6.7% missing data
 120   (0.922) 0.795 1.000 1.000 0.998 0.991 1.000 0.994 1.000 0.999 0.661 0.997 0.998 0.996 0.934 0.944 0.958 
 110   (0.078) 0.205 0.000 0.000 0.002 0.009 0.000 0.006 0.000 0.001 0.339 0.003 0.002 0.004 0.066 0.056 0.042 

Locus 20 : 19602_58 
2 alleles
4.5% missing data
 120   (0.961) 0.999 1.000 1.000 0.999 0.995 1.000 0.997 1.000 0.999 0.973 0.998 0.999 0.998 0.966 0.972 0.979 
 100   (0.039) 0.001 0.000 0.000 0.001 0.005 0.000 0.003 0.000 0.001 0.027 0.002 0.001 0.002 0.034 0.028 0.021 

Locus 21 : 20143_24 
2 alleles
3.4% missing data
 120   (0.960) 0.999 1.000 1.000 0.999 0.995 1.000 0.966 1.000 0.999 0.997 0.998 0.999 0.998 0.964 0.969 0.977 
 100   (0.040) 0.001 0.000 0.000 0.001 0.005 0.000 0.034 0.000 0.001 0.003 0.002 0.001 0.002 0.036 0.031 0.023 

Locus 22 : 21661_29 
2 alleles
2.2% missing data
 120   (0.955) 0.999 1.000 1.000 0.999 0.995 1.000 0.997 1.000 0.999 0.892 0.998 0.999 0.998 0.962 0.967 0.974 
 100   (0.045) 0.001 0.000 0.000 0.001 0.005 0.000 0.003 0.000 0.001 0.108 0.002 0.001 0.002 0.038 0.033 0.026 

Locus 23 : 22603_12 
2 alleles
5.1% missing data
 130   (0.957) 0.999 1.000 1.000 0.999 0.995 1.000 0.997 1.000 0.999 0.944 0.998 0.999 0.998 0.964 0.969 0.977 
 110   (0.043) 0.001 0.000 0.000 0.001 0.005 0.000 0.003 0.000 0.001 0.056 0.002 0.001 0.002 0.036 0.031 0.023 

Locus 24 : 25109_23 
2 alleles
1.7% missing data
 120   (0.936) 0.998 0.999 0.999 0.997 0.946 0.999 0.994 0.999 0.991 0.995 0.787 0.998 0.996 0.943 0.952 0.959 
 100   (0.064) 0.002 0.001 0.001 0.003 0.054 0.001 0.006 0.001 0.009 0.005 0.213 0.002 0.004 0.057 0.048 0.041 

Locus 25 : 25511_77 
2 alleles
5.1% missing data
 130   (0.956) 0.940 1.000 1.000 0.999 0.995 1.000 0.997 1.000 0.999 0.996 0.998 0.999 0.997 0.961 0.966 0.975 
 110   (0.044) 0.060 0.000 0.000 0.001 0.005 0.000 0.003 0.000 0.001 0.004 0.002 0.001 0.003 0.039 0.034 0.025 

Locus 26 : 26816_9 
2 alleles
5.6% missing data
 110   (0.866) 0.996 0.999 0.998 0.979 0.982 0.996 0.978 0.998 0.974 0.990 0.652 0.994 0.790 0.847 0.835 0.884 
 130   (0.134) 0.004 0.001 0.002 0.021 0.018 0.004 0.022 0.002 0.026 0.010 0.348 0.006 0.210 0.153 0.165 0.116 

Locus 27 : 29455_86 
2 alleles
5.6% missing data
 120   (0.959) 0.999 1.000 1.000 0.998 0.989 1.000 0.997 1.000 0.994 0.997 0.998 0.999 0.998 0.960 0.964 0.974 
 110   (0.041) 0.001 0.000 0.000 0.002 0.011 0.000 0.003 0.000 0.006 0.003 0.002 0.001 0.002 0.040 0.036 0.026 

Locus 28 : 30970_30 
2 alleles
6.7% missing data
 120   (0.959) 0.999 1.000 1.000 0.999 0.993 1.000 0.959 1.000 0.999 0.997 0.998 0.999 0.998 0.963 0.969 0.977 
 110   (0.041) 0.001 0.000 0.000 0.001 0.007 0.000 0.041 0.000 0.001 0.003 0.002 0.001 0.002 0.037 0.031 0.023 

Locus 29 : 33052_5 
2 alleles
1.1% missing data
 130   (0.960) 0.999 1.000 1.000 0.998 0.995 1.000 0.997 1.000 0.999 0.997 0.993 0.972 0.998 0.964 0.969 0.976 
 110   (0.040) 0.001 0.000 0.000 0.002 0.005 0.000 0.003 0.000 0.001 0.003 0.007 0.028 0.002 0.036 0.031 0.024 

Locus 30 : 33744_32 
2 alleles
2.8% missing data
 130   (0.956) 0.999 1.000 1.000 0.999 0.995 1.000 0.997 1.000 0.999 0.997 0.998 0.876 0.998 0.962 0.968 0.976 
 110   (0.044) 0.001 0.000 0.000 0.001 0.005 0.000 0.003 0.000 0.001 0.003 0.002 0.124 0.002 0.038 0.032 0.024 

Locus 31 : 34805_8 
2 alleles
4.5% missing data
 110   (0.942) 0.998 1.000 1.000 0.998 0.746 1.000 0.996 1.000 0.994 0.996 0.997 0.999 0.997 0.947 0.951 0.965 
 120   (0.058) 0.002 0.000 0.000 0.002 0.254 0.000 0.004 0.000 0.006 0.004 0.003 0.001 0.003 0.053 0.049 0.035 

Locus 32 : 35345_10 
2 alleles
5.1% missing data
 130   (0.953) 0.998 0.997 0.996 0.998 0.993 0.993 0.996 0.999 0.998 0.996 0.997 0.944 0.997 0.957 0.962 0.969 
 110   (0.047) 0.002 0.003 0.004 0.002 0.007 0.007 0.004 0.001 0.002 0.004 0.003 0.056 0.003 0.043 0.038 0.031 

Locus 33 : 35769_30 
2 alleles
6.2% missing data
 110   (0.942) 0.998 1.000 1.000 0.998 0.925 1.000 0.961 1.000 0.999 0.996 0.995 0.999 0.996 0.948 0.955 0.967 
 100   (0.058) 0.002 0.000 0.000 0.002 0.075 0.000 0.039 0.000 0.001 0.004 0.005 0.001 0.004 0.052 0.045 0.033 

Locus 34 : 35965_89 
2 alleles
3.4% missing data
 130   (0.960) 0.999 1.000 1.000 0.997 0.995 1.000 0.997 0.999 0.999 0.997 0.985 0.999 0.998 0.957 0.956 0.973 
 100   (0.040) 0.001 0.000 0.000 0.003 0.005 0.000 0.003 0.001 0.001 0.003 0.015 0.001 0.002 0.043 0.044 0.027 

Locus 35 : 39654_13 
2 alleles
5.6% missing data
 120   (0.959) 0.999 1.000 1.000 0.999 0.995 1.000 0.997 1.000 0.999 0.997 0.998 0.999 0.984 0.959 0.965 0.972 
 100   (0.041) 0.001 0.000 0.000 0.001 0.005 0.000 0.003 0.000 0.001 0.003 0.002 0.001 0.016 0.041 0.035 0.028 

Locus 36 : 39700_65 
2 alleles
3.4% missing data
 110   (0.960) 0.999 1.000 1.000 0.998 0.994 1.000 0.995 1.000 0.997 0.997 0.997 0.999 0.996 0.961 0.964 0.973 
 120   (0.040) 0.001 0.000 0.000 0.002 0.006 0.000 0.005 0.000 0.003 0.003 0.003 0.001 0.004 0.039 0.036 0.027 

Locus 37 : 40824_7 
2 alleles
5.1% missing data
 130   (0.956) 0.999 1.000 1.000 0.999 0.994 1.000 0.996 1.000 0.999 0.997 0.998 0.999 0.921 0.963 0.969 0.976 
 110   (0.044) 0.001 0.000 0.000 0.001 0.006 0.000 0.004 0.000 0.001 0.003 0.002 0.001 0.079 0.037 0.031 0.024 

Locus 38 : 41554_43 
2 alleles
7.3% missing data
 120   (0.960) 0.999 1.000 1.000 0.998 0.994 1.000 0.958 1.000 0.999 0.997 0.998 0.999 0.997 0.966 0.971 0.979 
 100   (0.040) 0.001 0.000 0.000 0.002 0.006 0.000 0.042 0.000 0.001 0.003 0.002 0.001 0.003 0.034 0.029 0.021 

Locus 39 : 42501_5 
2 alleles
5.6% missing data
 120   (0.955) 0.999 1.000 1.000 0.999 0.995 1.000 0.997 1.000 0.999 0.918 0.998 0.999 0.997 0.962 0.967 0.975 
 110   (0.045) 0.001 0.000 0.000 0.001 0.005 0.000 0.003 0.000 0.001 0.082 0.002 0.001 0.003 0.038 0.033 0.025 

Locus 40 : 42989_15 
2 alleles
3.4% missing data
 130   (0.957) 0.999 1.000 1.000 0.999 0.995 0.999 0.997 1.000 0.999 0.997 0.998 0.999 0.920 0.963 0.969 0.975 
 110   (0.043) 0.001 0.000 0.000 0.001 0.005 0.001 0.003 0.000 0.001 0.003 0.002 0.001 0.080 0.037 0.031 0.025 

Locus 41 : 44631_16 
2 alleles
5.6% missing data
 120   (0.958) 0.999 1.000 1.000 0.999 0.995 1.000 0.850 1.000 0.999 0.997 0.998 0.999 0.998 0.964 0.970 0.977 
 110   (0.042) 0.001 0.000 0.000 0.001 0.005 0.000 0.150 0.000 0.001 0.003 0.002 0.001 0.002 0.036 0.030 0.023 

Locus 42 : 45332_74 
2 alleles
3.4% missing data
 130   (0.891) 0.997 1.000 0.999 0.594 0.838 0.999 0.992 0.997 0.966 0.992 0.995 0.984 0.774 0.903 0.918 0.936 
 110   (0.109) 0.003 0.000 0.001 0.406 0.162 0.001 0.008 0.003 0.034 0.008 0.005 0.016 0.226 0.097 0.082 0.064 

Locus 43 : 45964_12 
2 alleles
2.2% missing data
 100   (0.960) 0.980 1.000 1.000 0.999 0.995 1.000 0.997 1.000 0.999 0.994 0.998 0.999 0.998 0.964 0.969 0.976 
 130   (0.040) 0.020 0.000 0.000 0.001 0.005 0.000 0.003 0.000 0.001 0.006 0.002 0.001 0.002 0.036 0.031 0.024 

Locus 44 : 47772_18 
2 alleles
1.7% missing data
 120   (0.953) 0.999 1.000 1.000 0.999 0.995 1.000 0.997 1.000 0.999 0.813 0.998 0.999 0.997 0.960 0.967 0.975 
 100   (0.047) 0.001 0.000 0.000 0.001 0.005 0.000 0.003 0.000 0.001 0.187 0.002 0.001 0.003 0.040 0.033 0.025 

Locus 45 : 48505_7 
2 alleles
2.8% missing data
 130   (0.959) 0.999 1.000 1.000 0.982 0.994 1.000 0.997 0.999 0.999 0.997 0.998 0.999 0.997 0.960 0.966 0.977 
 110   (0.041) 0.001 0.000 0.000 0.018 0.006 0.000 0.003 0.001 0.001 0.003 0.002 0.001 0.003 0.040 0.034 0.023 

Locus 46 : 49838_13 
2 alleles
5.1% missing data
 120   (0.958) 0.999 1.000 1.000 0.861 0.995 1.000 0.997 1.000 0.999 0.997 0.998 0.999 0.998 0.965 0.970 0.977 
 100   (0.042) 0.001 0.000 0.000 0.139 0.005 0.000 0.003 0.000 0.001 0.003 0.002 0.001 0.002 0.035 0.030 0.023 

Locus 47 : 50793_47 
2 alleles
6.2% missing data
 120   (0.953) 0.999 1.000 1.000 0.998 0.994 1.000 0.987 1.000 0.999 0.996 0.995 0.999 0.859 0.959 0.966 0.973 
 100   (0.047) 0.001 0.000 0.000 0.002 0.006 0.000 0.013 0.000 0.001 0.004 0.005 0.001 0.141 0.041 0.034 0.027 

Locus 48 : 51471_5 
2 alleles
2.2% missing data
 110   (0.959) 0.941 1.000 1.000 0.998 0.995 1.000 0.997 1.000 0.999 0.997 0.998 0.999 0.998 0.965 0.971 0.977 
 120   (0.041) 0.059 0.000 0.000 0.002 0.005 0.000 0.003 0.000 0.001 0.003 0.002 0.001 0.002 0.035 0.029 0.023 

Locus 49 : 52408_45 
2 alleles
2.2% missing data
 130   (0.955) 0.999 1.000 1.000 0.999 0.995 1.000 0.815 1.000 0.999 0.997 0.998 0.999 0.998 0.962 0.968 0.975 
 110   (0.045) 0.001 0.000 0.000 0.001 0.005 0.000 0.185 0.000 0.001 0.003 0.002 0.001 0.002 0.038 0.032 0.025 

Locus 50 : 53046_18 
2 alleles
0.6% missing data
 120   (0.940) 0.998 1.000 1.000 0.998 0.993 1.000 0.996 1.000 0.999 0.996 0.998 0.993 0.919 0.944 0.951 0.966 
 100   (0.060) 0.002 0.000 0.000 0.002 0.007 0.000 0.004 0.000 0.001 0.004 0.002 0.007 0.081 0.056 0.049 0.034 

Locus 51 : 53230_50 
2 alleles
4.5% missing data
 120   (0.958) 0.897 1.000 1.000 0.999 0.995 1.000 0.997 1.000 0.999 0.997 0.998 0.999 0.998 0.964 0.969 0.976 
 110   (0.042) 0.103 0.000 0.000 0.001 0.005 0.000 0.003 0.000 0.001 0.003 0.002 0.001 0.002 0.036 0.031 0.024 

Locus 52 : 53957_5 
2 alleles
3.9% missing data
 130   (0.959) 0.999 1.000 1.000 0.999 0.994 1.000 0.997 1.000 0.999 0.997 0.998 0.999 0.989 0.959 0.964 0.974 
 110   (0.041) 0.001 0.000 0.000 0.001 0.006 0.000 0.003 0.000 0.001 0.003 0.002 0.001 0.011 0.041 0.036 0.026 

Locus 53 : 58003_89 
2 alleles
3.9% missing data
 120   (0.949) 0.998 0.998 0.996 0.998 0.989 0.994 0.995 0.999 0.989 0.996 0.973 0.996 0.992 0.950 0.956 0.959 
 100   (0.051) 0.002 0.002 0.004 0.002 0.011 0.006 0.005 0.001 0.011 0.004 0.027 0.004 0.008 0.050 0.044 0.041 

Locus 54 : 58412_58 
2 alleles
2.2% missing data
 110   (0.958) 0.999 1.000 1.000 0.999 0.995 1.000 0.997 1.000 0.999 0.974 0.998 0.999 0.998 0.963 0.969 0.976 
 100   (0.042) 0.001 0.000 0.000 0.001 0.005 0.000 0.003 0.000 0.001 0.026 0.002 0.001 0.002 0.037 0.031 0.024 

Locus 55 : 58452_11 
2 alleles
3.4% missing data
 120   (0.960) 0.999 1.000 1.000 0.999 0.994 1.000 0.997 1.000 0.999 0.997 0.989 0.999 0.998 0.955 0.954 0.976 
 130   (0.040) 0.001 0.000 0.000 0.001 0.006 0.000 0.003 0.000 0.001 0.003 0.011 0.001 0.002 0.045 0.046 0.024 

Locus 56 : 59409_85 
2 alleles
2.8% missing data
 130   (0.957) 0.999 1.000 1.000 0.999 0.994 1.000 0.997 1.000 0.996 0.997 0.998 0.999 0.998 0.957 0.964 0.972 
 100   (0.043) 0.001 0.000 0.000 0.001 0.006 0.000 0.003 0.000 0.004 0.003 0.002 0.001 0.002 0.043 0.036 0.028 

Locus 57 : 60620_10 
2 alleles
1.1% missing data
 120   (0.955) 0.999 1.000 1.000 0.999 0.995 1.000 0.997 1.000 0.999 0.891 0.998 0.999 0.998 0.962 0.968 0.976 
 130   (0.045) 0.001 0.000 0.000 0.001 0.005 0.000 0.003 0.000 0.001 0.109 0.002 0.001 0.002 0.038 0.032 0.024 

Locus 58 : 61541_77 
2 alleles
3.4% missing data
 120   (0.954) 0.999 1.000 1.000 0.999 0.995 1.000 0.997 1.000 0.999 0.839 0.998 0.999 0.998 0.961 0.967 0.975 
 100   (0.046) 0.001 0.000 0.000 0.001 0.005 0.000 0.003 0.000 0.001 0.161 0.002 0.001 0.002 0.039 0.033 0.025 

Locus 59 : 61756_42 
2 alleles
1.1% missing data
 130   (0.953) 0.999 1.000 1.000 0.999 0.994 1.000 0.997 1.000 0.999 0.821 0.998 0.999 0.998 0.960 0.967 0.974 
 110   (0.047) 0.001 0.000 0.000 0.001 0.006 0.000 0.003 0.000 0.001 0.179 0.002 0.001 0.002 0.040 0.033 0.026 

Locus 60 : 62497_19 
2 alleles
6.2% missing data
 130   (0.911) 0.997 0.997 0.991 0.989 0.943 0.998 0.882 0.982 0.986 0.993 0.952 0.997 0.994 0.914 0.927 0.935 
 110   (0.089) 0.003 0.003 0.009 0.011 0.057 0.002 0.118 0.018 0.014 0.007 0.048 0.003 0.006 0.086 0.073 0.065 

Locus 61 : 63024_50 
2 alleles
2.8% missing data
 120   (0.951) 0.999 1.000 1.000 0.998 0.993 1.000 0.997 1.000 0.999 0.996 0.969 0.999 0.997 0.932 0.922 0.971 
 100   (0.049) 0.001 0.000 0.000 0.002 0.007 0.000 0.003 0.000 0.001 0.004 0.031 0.001 0.003 0.068 0.078 0.029 

Locus 62 : 64492_50 
2 alleles
7.3% missing data
 120   (0.920) 0.998 1.000 1.000 0.997 0.987 1.000 0.889 0.999 0.998 0.994 0.943 0.998 0.924 0.930 0.941 0.955 
 100   (0.080) 0.002 0.000 0.000 0.003 0.013 0.000 0.111 0.001 0.002 0.006 0.057 0.002 0.076 0.070 0.059 0.045 

Locus 63 : 67984_34 
2 alleles
2.2% missing data
 120   (0.954) 0.999 1.000 1.000 0.999 0.995 1.000 0.997 1.000 0.999 0.865 0.998 0.999 0.997 0.961 0.967 0.975 
 100   (0.046) 0.001 0.000 0.000 0.001 0.005 0.000 0.003 0.000 0.001 0.135 0.002 0.001 0.003 0.039 0.033 0.025 

Locus 64 : 69199_10 
2 alleles
4.5% missing data
 120   (0.943) 0.998 1.000 0.999 0.998 0.993 0.999 0.996 0.999 0.999 0.996 0.400 0.998 0.997 0.935 0.806 0.967 
 100   (0.057) 0.002 0.000 0.001 0.002 0.007 0.001 0.004 0.001 0.001 0.004 0.600 0.002 0.003 0.065 0.194 0.033 

Locus 65 : 71368_77 
2 alleles
6.7% missing data
 100   (0.957) 0.770 1.000 1.000 0.999 0.995 1.000 0.996 1.000 0.999 0.997 0.998 0.999 0.998 0.963 0.969 0.976 
 110   (0.043) 0.230 0.000 0.000 0.001 0.005 0.000 0.004 0.000 0.001 0.003 0.002 0.001 0.002 0.037 0.031 0.024 

Locus 66 : 72276_35 
2 alleles
5.1% missing data
 130   (0.956) 0.999 1.000 1.000 0.995 0.995 1.000 0.997 1.000 0.999 0.997 0.996 0.999 0.894 0.961 0.968 0.972 
 120   (0.044) 0.001 0.000 0.000 0.005 0.005 0.000 0.003 0.000 0.001 0.003 0.004 0.001 0.106 0.039 0.032 0.028 

Locus 67 : 73554_16 
2 alleles
3.9% missing data
 100   (0.958) 0.999 1.000 1.000 0.999 0.842 1.000 0.997 1.000 0.999 0.997 0.998 0.999 0.998 0.964 0.969 0.976 
 130   (0.042) 0.001 0.000 0.000 0.001 0.158 0.000 0.003 0.000 0.001 0.003 0.002 0.001 0.002 0.036 0.031 0.024 

Locus 68 : 74575_32 
2 alleles
1.7% missing data
 120   (0.959) 0.999 1.000 1.000 0.999 0.995 1.000 0.997 1.000 0.999 0.997 0.998 0.999 0.985 0.959 0.965 0.973 
 100   (0.041) 0.001 0.000 0.000 0.001 0.005 0.000 0.003 0.000 0.001 0.003 0.002 0.001 0.015 0.041 0.035 0.027 

Locus 69 : 76504_10 
2 alleles
1.1% missing data
 110   (0.957) 0.999 1.000 1.000 0.999 0.995 1.000 0.997 1.000 0.999 0.997 0.997 0.788 0.998 0.962 0.969 0.976 
 100   (0.043) 0.001 0.000 0.000 0.001 0.005 0.000 0.003 0.000 0.001 0.003 0.003 0.212 0.002 0.038 0.031 0.024 

Locus 70 : 76561_35 
2 alleles
5.6% missing data
 120   (0.954) 0.999 1.000 1.000 0.999 0.995 1.000 0.556 1.000 0.999 0.997 0.998 0.999 0.997 0.961 0.967 0.974 
 100   (0.046) 0.001 0.000 0.000 0.001 0.005 0.000 0.444 0.000 0.001 0.003 0.002 0.001 0.003 0.039 0.033 0.026 

Locus 71 : 77346_16 
2 alleles
2.2% missing data
 130   (0.957) 0.999 1.000 1.000 0.999 0.995 1.000 0.997 1.000 0.999 0.997 0.998 0.915 0.998 0.963 0.969 0.976 
 110   (0.043) 0.001 0.000 0.000 0.001 0.005 0.000 0.003 0.000 0.001 0.003 0.002 0.085 0.002 0.037 0.031 0.024 

Locus 72 : 78631_40 
2 alleles
7.9% missing data
 120   (0.950) 0.999 1.000 1.000 0.998 0.994 0.999 0.994 1.000 0.999 0.996 0.995 0.999 0.805 0.956 0.962 0.971 
 110   (0.050) 0.001 0.000 0.000 0.002 0.006 0.001 0.006 0.000 0.001 0.004 0.005 0.001 0.195 0.044 0.038 0.029 

Locus 73 : 80366_12 
2 alleles
6.7% missing data
 130   (0.961) 0.999 1.000 0.999 0.998 0.994 1.000 0.995 1.000 0.998 0.997 0.997 0.999 0.996 0.961 0.965 0.974 
 110   (0.039) 0.001 0.000 0.001 0.002 0.006 0.000 0.005 0.000 0.002 0.003 0.003 0.001 0.004 0.039 0.035 0.026 

Locus 74 : 80499_10 
2 alleles
6.2% missing data
 130   (0.956) 0.904 1.000 1.000 0.999 0.995 1.000 0.997 1.000 0.999 0.996 0.998 0.999 0.998 0.963 0.968 0.976 
 100   (0.044) 0.096 0.000 0.000 0.001 0.005 0.000 0.003 0.000 0.001 0.004 0.002 0.001 0.002 0.037 0.032 0.024 

Locus 75 : 81141_31 
2 alleles
2.8% missing data
 120   (0.959) 0.999 1.000 1.000 0.982 0.994 1.000 0.997 0.998 0.999 0.997 0.998 0.999 0.997 0.960 0.967 0.977 
 100   (0.041) 0.001 0.000 0.000 0.018 0.006 0.000 0.003 0.002 0.001 0.003 0.002 0.001 0.003 0.040 0.033 0.023 

Locus 76 : 81662_33 
2 alleles
3.4% missing data
 120   (0.961) 0.999 1.000 1.000 0.999 0.995 1.000 0.997 1.000 0.994 0.997 0.998 0.999 0.998 0.962 0.965 0.974 
 110   (0.039) 0.001 0.000 0.000 0.001 0.005 0.000 0.003 0.000 0.006 0.003 0.002 0.001 0.002 0.038 0.035 0.026 

Locus 77 : 82002_8 
2 alleles
6.7% missing data
 100   (0.951) 0.999 1.000 1.000 0.999 0.994 1.000 0.997 1.000 0.999 0.676 0.998 0.999 0.997 0.958 0.965 0.973 
 110   (0.049) 0.001 0.000 0.000 0.001 0.006 0.000 0.003 0.000 0.001 0.324 0.002 0.001 0.003 0.042 0.035 0.027 

Locus 78 : 82631_34 
2 alleles
7.9% missing data
 120   (0.958) 0.999 1.000 1.000 0.997 0.994 1.000 0.996 0.999 0.999 0.997 0.992 0.999 0.995 0.949 0.962 0.964 
 100   (0.042) 0.001 0.000 0.000 0.003 0.006 0.000 0.004 0.001 0.001 0.003 0.008 0.001 0.005 0.051 0.038 0.036 

Locus 79 : 83247_84 
2 alleles
3.4% missing data
 110   (0.948) 0.999 1.000 1.000 0.998 0.994 1.000 0.997 1.000 0.999 0.996 0.997 0.999 0.764 0.954 0.959 0.970 
 100   (0.052) 0.001 0.000 0.000 0.002 0.006 0.000 0.003 0.000 0.001 0.004 0.003 0.001 0.236 0.046 0.041 0.030 

Locus 80 : 83916_5 
2 alleles
3.9% missing data
 130   (0.960) 0.999 1.000 1.000 0.999 0.995 1.000 0.997 0.814 0.999 0.997 0.998 0.999 0.998 0.966 0.972 0.978 
 110   (0.040) 0.001 0.000 0.000 0.001 0.005 0.000 0.003 0.186 0.001 0.003 0.002 0.001 0.002 0.034 0.028 0.022 

Locus 81 : 84971_7 
2 alleles
2.2% missing data
 120   (0.942) 0.998 0.999 0.993 0.996 0.990 0.990 0.995 0.998 0.998 0.996 0.990 0.956 0.995 0.944 0.943 0.949 
 110   (0.058) 0.002 0.001 0.007 0.004 0.010 0.010 0.005 0.002 0.002 0.004 0.010 0.044 0.005 0.056 0.057 0.051 

Locus 82 : 85247_77 
2 alleles
7.9% missing data
 120   (0.960) 0.998 1.000 0.998 0.993 0.993 0.998 0.997 0.993 0.998 0.997 0.997 0.998 0.997 0.963 0.968 0.972 
 110   (0.040) 0.002 0.000 0.002 0.007 0.007 0.002 0.003 0.007 0.002 0.003 0.003 0.002 0.003 0.037 0.032 0.028 

Locus 83 : 85248_24 
2 alleles
5.1% missing data
 100   (0.953) 0.999 1.000 1.000 0.999 0.995 1.000 0.997 1.000 0.999 0.859 0.998 0.999 0.997 0.960 0.967 0.974 
 120   (0.047) 0.001 0.000 0.000 0.001 0.005 0.000 0.003 0.000 0.001 0.141 0.002 0.001 0.003 0.040 0.033 0.026 

Locus 84 : 85402_12 
2 alleles
3.4% missing data
 120   (0.958) 0.999 1.000 1.000 0.999 0.994 1.000 0.997 1.000 0.996 0.997 0.998 0.999 0.998 0.957 0.965 0.972 
 100   (0.042) 0.001 0.000 0.000 0.001 0.006 0.000 0.003 0.000 0.004 0.003 0.002 0.001 0.002 0.043 0.035 0.028 

Locus 85 : 86588_18 
2 alleles
3.9% missing data
 120   (0.958) 0.999 1.000 1.000 0.999 0.994 1.000 0.997 1.000 0.999 0.997 0.987 0.999 0.998 0.950 0.953 0.976 
 100   (0.042) 0.001 0.000 0.000 0.001 0.006 0.000 0.003 0.000 0.001 0.003 0.013 0.001 0.002 0.050 0.047 0.024 

Locus 86 : 87070_60 
2 alleles
2.2% missing data
 100   (0.957) 0.999 1.000 1.000 0.999 0.853 1.000 0.997 1.000 0.999 0.997 0.998 0.999 0.998 0.963 0.968 0.976 
 130   (0.043) 0.001 0.000 0.000 0.001 0.147 0.000 0.003 0.000 0.001 0.003 0.002 0.001 0.002 0.037 0.032 0.024 

Locus 87 : 87747_31 
2 alleles
6.2% missing data
 120   (0.955) 0.999 1.000 1.000 0.999 0.995 1.000 0.997 1.000 0.999 0.914 0.998 0.999 0.997 0.962 0.968 0.975 
 110   (0.045) 0.001 0.000 0.000 0.001 0.005 0.000 0.003 0.000 0.001 0.086 0.002 0.001 0.003 0.038 0.032 0.025 

Locus 88 : 88455_10 
2 alleles
5.1% missing data
 130   (0.954) 0.999 1.000 1.000 0.999 0.995 1.000 0.786 1.000 0.999 0.997 0.998 0.999 0.997 0.961 0.967 0.974 
 100   (0.046) 0.001 0.000 0.000 0.001 0.005 0.000 0.214 0.000 0.001 0.003 0.002 0.001 0.003 0.039 0.033 0.026 

Locus 89 : 89005_12 
2 alleles
1.1% missing data
 120   (0.956) 0.999 1.000 1.000 0.999 0.995 1.000 0.997 1.000 0.999 0.892 0.998 0.999 0.998 0.963 0.968 0.975 
 130   (0.044) 0.001 0.000 0.000 0.001 0.005 0.000 0.003 0.000 0.001 0.108 0.002 0.001 0.002 0.037 0.032 0.025 

Locus 90 : 89213_8 
2 alleles
3.4% missing data
 130   (0.960) 0.999 1.000 1.000 0.999 0.995 1.000 0.997 1.000 0.999 0.972 0.998 0.999 0.998 0.966 0.971 0.978 
 110   (0.040) 0.001 0.000 0.000 0.001 0.005 0.000 0.003 0.000 0.001 0.028 0.002 0.001 0.002 0.034 0.029 0.022 

Locus 91 : 93475_13 
2 alleles
2.2% missing data
 130   (0.954) 0.999 1.000 1.000 0.999 0.995 1.000 0.997 1.000 0.999 0.865 0.998 0.999 0.998 0.961 0.967 0.975 
 110   (0.046) 0.001 0.000 0.000 0.001 0.005 0.000 0.003 0.000 0.001 0.135 0.002 0.001 0.002 0.039 0.033 0.025 

Locus 92 : 95749_27 
2 alleles
3.9% missing data
 120   (0.959) 0.999 1.000 1.000 0.999 0.995 1.000 0.997 1.000 0.999 0.970 0.998 0.999 0.998 0.965 0.970 0.977 
 100   (0.041) 0.001 0.000 0.000 0.001 0.005 0.000 0.003 0.000 0.001 0.030 0.002 0.001 0.002 0.035 0.030 0.023 

Locus 93 : 98167_26 
2 alleles
3.4% missing data
 120   (0.937) 0.998 0.998 0.998 0.997 0.895 0.998 0.992 0.999 0.976 0.995 0.991 0.992 0.995 0.942 0.942 0.960 
 110   (0.063) 0.002 0.002 0.002 0.003 0.105 0.002 0.008 0.001 0.024 0.005 0.009 0.008 0.005 0.058 0.058 0.040 

Locus 94 : 98988_58 
2 alleles
2.2% missing data
 130   (0.959) 0.999 1.000 1.000 0.999 0.994 1.000 0.997 1.000 0.999 0.975 0.998 0.999 0.998 0.964 0.970 0.978 
 110   (0.041) 0.001 0.000 0.000 0.001 0.006 0.000 0.003 0.000 0.001 0.025 0.002 0.001 0.002 0.036 0.030 0.022 

Locus 95 : 103824_15 
2 alleles
3.4% missing data
 130   (0.953) 0.999 1.000 1.000 0.999 0.995 1.000 0.997 1.000 0.999 0.810 0.998 0.999 0.998 0.960 0.965 0.974 
 110   (0.047) 0.001 0.000 0.000 0.001 0.005 0.000 0.003 0.000 0.001 0.190 0.002 0.001 0.002 0.040 0.035 0.026 

Locus 96 : 108043_8 
2 alleles
4.5% missing data
 130   (0.957) 0.999 1.000 1.000 0.998 0.995 1.000 0.997 1.000 0.999 0.997 0.998 0.910 0.997 0.963 0.969 0.976 
 110   (0.043) 0.001 0.000 0.000 0.002 0.005 0.000 0.003 0.000 0.001 0.003 0.002 0.090 0.003 0.037 0.031 0.024 

Locus 97 : 108049_79 
2 alleles
2.8% missing data
 120   (0.961) 0.999 1.000 1.000 0.999 0.995 1.000 0.997 1.000 0.995 0.997 0.998 0.999 0.998 0.962 0.965 0.974 
 100   (0.039) 0.001 0.000 0.000 0.001 0.005 0.000 0.003 0.000 0.005 0.003 0.002 0.001 0.002 0.038 0.035 0.026 

Locus 98 : 108366_5 
2 alleles
2.8% missing data
 130   (0.955) 0.999 1.000 1.000 0.999 0.995 1.000 0.997 1.000 0.999 0.919 0.998 0.999 0.998 0.962 0.968 0.976 
 100   (0.045) 0.001 0.000 0.000 0.001 0.005 0.000 0.003 0.000 0.001 0.081 0.002 0.001 0.002 0.038 0.032 0.024 

Locus 99 : 108403_10 
2 alleles
6.2% missing data
 130   (0.959) 0.999 1.000 1.000 0.999 0.995 1.000 0.997 1.000 0.999 0.997 0.998 0.992 0.997 0.959 0.963 0.975 
 110   (0.041) 0.001 0.000 0.000 0.001 0.005 0.000 0.003 0.000 0.001 0.003 0.002 0.008 0.003 0.041 0.037 0.025 

Locus 100 : 109283_38 
2 alleles
3.9% missing data
 120   (0.868) 0.996 0.987 0.951 0.511 0.981 0.957 0.990 0.501 0.917 0.990 0.968 0.995 0.983 0.857 0.874 0.827 
 100   (0.132) 0.004 0.013 0.049 0.489 0.019 0.043 0.010 0.499 0.083 0.010 0.032 0.005 0.017 0.143 0.126 0.173 

Locus 101 : 109527_54 
2 alleles
7.3% missing data
 110   (0.950) 0.999 1.000 1.000 0.998 0.994 1.000 0.997 1.000 0.999 0.996 0.997 0.999 0.797 0.956 0.961 0.971 
 130   (0.050) 0.001 0.000 0.000 0.002 0.006 0.000 0.003 0.000 0.001 0.004 0.003 0.001 0.203 0.044 0.039 0.029 

Locus 102 : 109804_31 
2 alleles
2.2% missing data
 130   (0.957) 0.999 1.000 1.000 0.999 0.995 1.000 0.997 1.000 0.999 0.946 0.998 0.999 0.998 0.963 0.968 0.975 
 100   (0.043) 0.001 0.000 0.000 0.001 0.005 0.000 0.003 0.000 0.001 0.054 0.002 0.001 0.002 0.037 0.032 0.025 

Locus 103 : 112614_46 
2 alleles
5.1% missing data
 120   (0.955) 0.999 1.000 1.000 0.999 0.994 1.000 0.997 1.000 0.999 0.885 0.998 0.999 0.998 0.962 0.967 0.975 
 100   (0.045) 0.001 0.000 0.000 0.001 0.006 0.000 0.003 0.000 0.001 0.115 0.002 0.001 0.002 0.038 0.033 0.025 

Locus 104 : 112906_14 
2 alleles
3.9% missing data
 110   (0.883) 0.997 1.000 0.999 0.868 0.948 0.999 0.687 0.999 0.998 0.991 0.982 0.997 0.748 0.886 0.909 0.915 
 120   (0.117) 0.003 0.000 0.001 0.132 0.052 0.001 0.313 0.001 0.002 0.009 0.018 0.003 0.252 0.114 0.091 0.085 

Locus 105 : 113735_32 
2 alleles
6.7% missing data
 120   (0.960) 0.999 1.000 1.000 0.999 0.995 1.000 0.965 1.000 0.999 0.997 0.998 0.999 0.998 0.963 0.969 0.976 
 100   (0.040) 0.001 0.000 0.000 0.001 0.005 0.000 0.035 0.000 0.001 0.003 0.002 0.001 0.002 0.037 0.031 0.024 

Locus 106 : 115028_7 
2 alleles
3.9% missing data
 120   (0.959) 0.999 1.000 1.000 0.999 0.995 1.000 0.958 1.000 0.999 0.997 0.998 0.999 0.998 0.964 0.969 0.977 
 100   (0.041) 0.001 0.000 0.000 0.001 0.005 0.000 0.042 0.000 0.001 0.003 0.002 0.001 0.002 0.036 0.031 0.023 

Locus 107 : 115179_16 
2 alleles
2.2% missing data
 120   (0.956) 0.999 1.000 1.000 0.999 0.995 1.000 0.997 1.000 0.999 0.909 0.998 0.999 0.998 0.963 0.968 0.975 
 110   (0.044) 0.001 0.000 0.000 0.001 0.005 0.000 0.003 0.000 0.001 0.091 0.002 0.001 0.002 0.037 0.032 0.025 

Locus 108 : 116753_51 
2 alleles
7.3% missing data
 120   (0.958) 0.999 1.000 1.000 0.903 0.995 0.999 0.997 0.999 0.999 0.997 0.998 0.999 0.997 0.964 0.969 0.976 
 100   (0.042) 0.001 0.000 0.000 0.097 0.005 0.001 0.003 0.001 0.001 0.003 0.002 0.001 0.003 0.036 0.031 0.024 

Locus 109 : 116931_31 
2 alleles
7.9% missing data
 120   (0.960) 0.999 1.000 1.000 0.999 0.995 1.000 0.997 1.000 0.999 0.997 0.988 0.999 0.998 0.955 0.953 0.977 
 110   (0.040) 0.001 0.000 0.000 0.001 0.005 0.000 0.003 0.000 0.001 0.003 0.012 0.001 0.002 0.045 0.047 0.023 

Locus 110 : 116938_8 
2 alleles
4.5% missing data
 130   (0.919) 0.998 1.000 1.000 0.827 0.942 1.000 0.994 0.999 0.999 0.994 0.995 0.998 0.873 0.929 0.941 0.953 
 110   (0.081) 0.002 0.000 0.000 0.173 0.058 0.000 0.006 0.001 0.001 0.006 0.005 0.002 0.127 0.071 0.059 0.047 

Locus 111 : 122302_80 
2 alleles
10.1% missing data
 110   (0.958) 0.999 1.000 1.000 0.998 0.995 1.000 0.996 1.000 0.999 0.997 0.952 0.999 0.997 0.963 0.967 0.976 
 100   (0.042) 0.001 0.000 0.000 0.002 0.005 0.000 0.004 0.000 0.001 0.003 0.048 0.001 0.003 0.037 0.033 0.024 

Locus 112 : 123190_14 
2 alleles
3.4% missing data
 120   (0.952) 0.999 1.000 1.000 0.998 0.994 1.000 0.997 1.000 0.999 0.997 0.961 0.999 0.997 0.937 0.926 0.969 
 130   (0.048) 0.001 0.000 0.000 0.002 0.006 0.000 0.003 0.000 0.001 0.003 0.039 0.001 0.003 0.063 0.074 0.031 

Locus 113 : 123271_36 
2 alleles
3.9% missing data
 100   (0.954) 0.999 1.000 1.000 0.999 0.995 1.000 0.997 1.000 0.999 0.857 0.998 0.999 0.998 0.961 0.967 0.975 
 110   (0.046) 0.001 0.000 0.000 0.001 0.005 0.000 0.003 0.000 0.001 0.143 0.002 0.001 0.002 0.039 0.033 0.025 

Locus 114 : 124147_18 
2 alleles
2.2% missing data
 130   (0.955) 0.999 1.000 1.000 0.999 0.754 1.000 0.997 1.000 0.999 0.997 0.998 0.999 0.998 0.961 0.967 0.975 
 110   (0.045) 0.001 0.000 0.000 0.001 0.246 0.000 0.003 0.000 0.001 0.003 0.002 0.001 0.002 0.039 0.033 0.025 

Locus 115 : 124184_33 
2 alleles
5.6% missing data
 110   (0.955) 0.999 1.000 1.000 0.999 0.995 1.000 0.997 1.000 0.999 0.910 0.998 0.999 0.997 0.962 0.968 0.975 
 100   (0.045) 0.001 0.000 0.000 0.001 0.005 0.000 0.003 0.000 0.001 0.090 0.002 0.001 0.003 0.038 0.032 0.025 

Locus 116 : 125404_24 
2 alleles
1.1% missing data
 130   (0.959) 0.999 1.000 1.000 0.999 0.995 1.000 0.766 1.000 0.999 0.997 0.998 0.999 0.998 0.965 0.970 0.978 
 110   (0.041) 0.001 0.000 0.000 0.001 0.005 0.000 0.234 0.000 0.001 0.003 0.002 0.001 0.002 0.035 0.030 0.022 

Locus 117 : 125436_43 
2 alleles
3.9% missing data
 130   (0.928) 0.998 1.000 1.000 0.998 0.991 1.000 0.702 1.000 0.998 0.995 0.997 0.998 0.832 0.937 0.948 0.960 
 100   (0.072) 0.002 0.000 0.000 0.002 0.009 0.000 0.298 0.000 0.002 0.005 0.003 0.002 0.168 0.063 0.052 0.040 

Locus 118 : 126013_18 
2 alleles
2.8% missing data
 130   (0.957) 0.880 1.000 1.000 0.999 0.995 1.000 0.997 1.000 0.999 0.997 0.998 0.999 0.998 0.963 0.969 0.976 
 110   (0.043) 0.120 0.000 0.000 0.001 0.005 0.000 0.003 0.000 0.001 0.003 0.002 0.001 0.002 0.037 0.031 0.024 

Locus 119 : 126137_19 
2 alleles
3.9% missing data
 120   (0.960) 0.999 1.000 1.000 0.998 0.994 1.000 0.983 1.000 0.999 0.997 0.998 0.999 0.983 0.964 0.969 0.975 
 110   (0.040) 0.001 0.000 0.000 0.002 0.006 0.000 0.017 0.000 0.001 0.003 0.002 0.001 0.017 0.036 0.031 0.025 

Locus 120 : 126845_22 
2 alleles
5.6% missing data
 130   (0.959) 0.999 1.000 1.000 0.999 0.993 1.000 0.960 1.000 0.999 0.997 0.998 0.999 0.998 0.963 0.970 0.977 
 110   (0.041) 0.001 0.000 0.000 0.001 0.007 0.000 0.040 0.000 0.001 0.003 0.002 0.001 0.002 0.037 0.030 0.023 

Locus 121 : 127512_8 
2 alleles
1.1% missing data
 130   (0.958) 0.910 1.000 1.000 0.999 0.995 1.000 0.997 1.000 0.999 0.997 0.998 0.999 0.998 0.964 0.970 0.977 
 100   (0.042) 0.090 0.000 0.000 0.001 0.005 0.000 0.003 0.000 0.001 0.003 0.002 0.001 0.002 0.036 0.030 0.023 

Locus 122 : 127692_13 
2 alleles
2.8% missing data
 100   (0.954) 0.999 1.000 1.000 0.999 0.994 1.000 0.997 1.000 0.999 0.997 0.998 0.999 0.935 0.958 0.964 0.972 
 120   (0.046) 0.001 0.000 0.000 0.001 0.006 0.000 0.003 0.000 0.001 0.003 0.002 0.001 0.065 0.042 0.036 0.028 

Locus 123 : 128195_18 
2 alleles
7.3% missing data
 130   (0.882) 0.997 0.999 0.999 0.995 0.429 0.996 0.989 0.999 0.335 0.991 0.962 0.997 0.922 0.887 0.904 0.910 
 110   (0.118) 0.003 0.001 0.001 0.005 0.571 0.004 0.011 0.001 0.665 0.009 0.038 0.003 0.078 0.113 0.096 0.090 

Locus 124 : 128198_14 
2 alleles
4.5% missing data
 130   (0.933) 0.906 1.000 1.000 0.998 0.992 1.000 0.996 1.000 0.999 0.919 0.997 0.998 0.996 0.943 0.951 0.962 
 120   (0.067) 0.094 0.000 0.000 0.002 0.008 0.000 0.004 0.000 0.001 0.081 0.003 0.002 0.004 0.057 0.049 0.038 

Locus 125 : 128423_39 
2 alleles
4.5% missing data
 130   (0.959) 0.999 1.000 1.000 0.998 0.989 1.000 0.997 1.000 0.993 0.997 0.998 0.999 0.998 0.960 0.964 0.973 
 100   (0.041) 0.001 0.000 0.000 0.002 0.011 0.000 0.003 0.000 0.007 0.003 0.002 0.001 0.002 0.040 0.036 0.027 

Locus 126 : 131572_48 
2 alleles
1.1% missing data
 120   (0.953) 0.999 1.000 1.000 0.934 0.994 1.000 0.997 0.998 0.999 0.997 0.998 0.999 0.997 0.955 0.962 0.972 
 100   (0.047) 0.001 0.000 0.000 0.066 0.006 0.000 0.003 0.002 0.001 0.003 0.002 0.001 0.003 0.045 0.038 0.028 

Locus 127 : 132199_62 
2 alleles
3.9% missing data
 100   (0.952) 0.999 1.000 1.000 0.999 0.994 1.000 0.997 1.000 0.999 0.751 0.998 0.999 0.997 0.959 0.966 0.974 
 120   (0.048) 0.001 0.000 0.000 0.001 0.006 0.000 0.003 0.000 0.001 0.249 0.002 0.001 0.003 0.041 0.034 0.026 

Locus 128 : 135566_64 
2 alleles
7.3% missing data
 130   (0.959) 0.999 1.000 1.000 0.999 0.994 1.000 0.997 1.000 0.996 0.997 0.998 0.999 0.998 0.957 0.965 0.972 
 110   (0.041) 0.001 0.000 0.000 0.001 0.006 0.000 0.003 0.000 0.004 0.003 0.002 0.001 0.002 0.043 0.035 0.028 

Locus 129 : 135761_5 
2 alleles
7.9% missing data
 130   (0.955) 0.999 1.000 1.000 0.999 0.995 1.000 0.997 1.000 0.999 0.904 0.998 0.999 0.998 0.961 0.968 0.975 
 100   (0.045) 0.001 0.000 0.000 0.001 0.005 0.000 0.003 0.000 0.001 0.096 0.002 0.001 0.002 0.039 0.032 0.025 

Locus 130 : 137219_35 
2 alleles
3.4% missing data
 120   (0.945) 0.998 1.000 1.000 0.998 0.993 1.000 0.996 1.000 0.977 0.996 0.997 0.999 0.997 0.943 0.950 0.960 
 100   (0.055) 0.002 0.000 0.000 0.002 0.007 0.000 0.004 0.000 0.023 0.004 0.003 0.001 0.003 0.057 0.050 0.040 

Locus 131 : 139081_20 
2 alleles
5.6% missing data
 120   (0.944) 0.998 1.000 1.000 0.995 0.932 1.000 0.996 0.999 0.999 0.996 0.996 0.998 0.970 0.949 0.958 0.964 
 110   (0.056) 0.002 0.000 0.000 0.005 0.068 0.000 0.004 0.001 0.001 0.004 0.004 0.002 0.030 0.051 0.042 0.036 

Locus 132 : 139084_52 
2 alleles
5.1% missing data
 120   (0.921) 0.998 1.000 0.999 0.997 0.827 0.999 0.994 0.999 0.993 0.994 0.951 0.998 0.995 0.902 0.882 0.951 
 110   (0.079) 0.002 0.000 0.001 0.003 0.173 0.001 0.006 0.001 0.007 0.006 0.049 0.002 0.005 0.098 0.118 0.049 

Locus 133 : 139433_54 
2 alleles
3.9% missing data
 120   (0.956) 0.999 1.000 1.000 0.999 0.995 1.000 0.997 1.000 0.999 0.945 0.998 0.999 0.998 0.962 0.968 0.976 
 100   (0.044) 0.001 0.000 0.000 0.001 0.005 0.000 0.003 0.000 0.001 0.055 0.002 0.001 0.002 0.038 0.032 0.024 

Locus 134 : 140063_88 
2 alleles
7.9% missing data
 110   (0.958) 0.999 1.000 1.000 0.999 0.993 1.000 0.997 1.000 0.999 0.997 0.998 0.999 0.987 0.959 0.962 0.972 
 100   (0.042) 0.001 0.000 0.000 0.001 0.007 0.000 0.003 0.000 0.001 0.003 0.002 0.001 0.013 0.041 0.038 0.028 

Locus 135 : 140194_73 
2 alleles
2.8% missing data
 120   (0.959) 0.976 1.000 1.000 0.998 0.992 1.000 0.997 1.000 0.999 0.997 0.998 0.998 0.997 0.964 0.969 0.976 
 110   (0.041) 0.024 0.000 0.000 0.002 0.008 0.000 0.003 0.000 0.001 0.003 0.002 0.002 0.003 0.036 0.031 0.024 

Locus 136 : 141313_8 
2 alleles
2.8% missing data
 120   (0.956) 0.999 1.000 1.000 0.999 0.995 1.000 0.997 1.000 0.999 0.919 0.998 0.999 0.998 0.962 0.968 0.975 
 100   (0.044) 0.001 0.000 0.000 0.001 0.005 0.000 0.003 0.000 0.001 0.081 0.002 0.001 0.002 0.038 0.032 0.025 

Locus 137 : 145284_28 
2 alleles
2.8% missing data
 130   (0.955) 0.999 1.000 1.000 0.999 0.611 1.000 0.997 1.000 0.999 0.997 0.998 0.999 0.998 0.962 0.968 0.976 
 110   (0.045) 0.001 0.000 0.000 0.001 0.389 0.000 0.003 0.000 0.001 0.003 0.002 0.001 0.002 0.038 0.032 0.024 

Locus 138 : 145957_11 
2 alleles
4.5% missing data
 130   (0.958) 0.999 1.000 1.000 0.999 0.994 1.000 0.997 0.849 0.999 0.997 0.998 0.999 0.998 0.965 0.970 0.967 
 110   (0.042) 0.001 0.000 0.000 0.001 0.006 0.000 0.003 0.151 0.001 0.003 0.002 0.001 0.002 0.035 0.030 0.033 

Locus 139 : 160306_34 
2 alleles
2.8% missing data
 120   (0.934) 0.998 1.000 1.000 0.985 0.991 1.000 0.771 0.999 0.998 0.995 0.991 0.998 0.968 0.934 0.946 0.949 
 100   (0.066) 0.002 0.000 0.000 0.015 0.009 0.000 0.229 0.001 0.002 0.005 0.009 0.002 0.032 0.066 0.054 0.051 

Locus 140 : 162107_37 
2 alleles
3.4% missing data
 120   (0.939) 0.998 1.000 1.000 0.998 0.993 1.000 0.905 1.000 0.999 0.995 0.997 0.999 0.985 0.942 0.951 0.961 
 100   (0.061) 0.002 0.000 0.000 0.002 0.007 0.000 0.095 0.000 0.001 0.005 0.003 0.001 0.015 0.058 0.049 0.039 

Locus 141 : 163290_36 
2 alleles
5.1% missing data
 130   (0.921) 0.998 0.993 0.998 0.996 0.741 0.990 0.995 0.993 0.988 0.994 0.926 0.995 0.995 0.927 0.923 0.921 
 110   (0.079) 0.002 0.007 0.002 0.004 0.259 0.010 0.005 0.007 0.012 0.006 0.074 0.005 0.005 0.073 0.077 0.079 

Locus 142 : 163453_13 
2 alleles
5.6% missing data
 120   (0.959) 0.999 1.000 1.000 0.999 0.994 1.000 0.997 1.000 0.999 0.997 0.989 0.999 0.998 0.954 0.953 0.976 
 110   (0.041) 0.001 0.000 0.000 0.001 0.006 0.000 0.003 0.000 0.001 0.003 0.011 0.001 0.002 0.046 0.047 0.024 

Locus 143 : 163580_14 
2 alleles
10.1% missing data
 120   (0.958) 0.999 1.000 0.945 0.999 0.995 0.882 0.997 1.000 0.999 0.997 0.998 0.999 0.998 0.963 0.969 0.976 
 100   (0.042) 0.001 0.000 0.055 0.001 0.005 0.118 0.003 0.000 0.001 0.003 0.002 0.001 0.002 0.037 0.031 0.024 

Locus 144 : 164461_13 
2 alleles
5.6% missing data
 100   (0.956) 0.999 1.000 1.000 0.999 0.995 1.000 0.997 1.000 0.999 0.997 0.812 0.999 0.997 0.962 0.968 0.976 
 120   (0.044) 0.001 0.000 0.000 0.001 0.005 0.000 0.003 0.000 0.001 0.003 0.188 0.001 0.003 0.038 0.032 0.024 

Locus 145 : 165413_43 
2 alleles
1.7% missing data
 110   (0.951) 0.999 1.000 1.000 0.997 0.994 1.000 0.997 1.000 0.999 0.996 0.997 0.999 0.944 0.953 0.961 0.966 
 130   (0.049) 0.001 0.000 0.000 0.003 0.006 0.000 0.003 0.000 0.001 0.004 0.003 0.001 0.056 0.047 0.039 0.034 

Locus 146 : 168629_44 
2 alleles
5.6% missing data
 130   (0.946) 0.998 1.000 1.000 0.998 0.990 0.999 0.996 1.000 0.991 0.996 0.983 0.998 0.956 0.950 0.957 0.964 
 110   (0.054) 0.002 0.000 0.000 0.002 0.010 0.001 0.004 0.000 0.009 0.004 0.017 0.002 0.044 0.050 0.043 0.036 

Locus 147 : 168991_77 
2 alleles
5.6% missing data
 110   (0.851) 0.996 0.998 0.998 0.891 0.977 0.997 0.647 0.998 0.953 0.989 0.953 0.996 0.910 0.834 0.866 0.873 
 100   (0.149) 0.004 0.002 0.002 0.109 0.023 0.003 0.353 0.002 0.047 0.011 0.047 0.004 0.090 0.166 0.134 0.127 

Locus 148 : 169478_88 
2 alleles
5.1% missing data
 130   (0.960) 0.979 1.000 1.000 0.999 0.994 1.000 0.997 1.000 0.999 0.997 0.998 0.999 0.997 0.964 0.969 0.977 
 100   (0.040) 0.021 0.000 0.000 0.001 0.006 0.000 0.003 0.000 0.001 0.003 0.002 0.001 0.003 0.036 0.031 0.023 

Locus 149 : 169898_8 
2 alleles
6.2% missing data
 120   (0.941) 0.998 1.000 1.000 0.998 0.992 1.000 0.996 0.999 0.999 0.995 0.959 0.998 0.911 0.949 0.955 0.966 
 100   (0.059) 0.002 0.000 0.000 0.002 0.008 0.000 0.004 0.001 0.001 0.005 0.041 0.002 0.089 0.051 0.045 0.034 

Locus 150 : 170224_42 
2 alleles
7.3% missing data
 100   (0.913) 0.997 0.999 0.999 0.996 0.981 0.996 0.993 0.999 0.970 0.993 0.827 0.998 0.943 0.910 0.861 0.927 
 120   (0.087) 0.003 0.001 0.001 0.004 0.019 0.004 0.007 0.001 0.030 0.007 0.173 0.002 0.057 0.090 0.139 0.073 

Locus 151 : 174083_22 
2 alleles
3.9% missing data
 120   (0.954) 0.999 1.000 1.000 0.999 0.995 1.000 0.997 1.000 0.999 0.785 0.998 0.999 0.998 0.961 0.968 0.976 
 100   (0.046) 0.001 0.000 0.000 0.001 0.005 0.000 0.003 0.000 0.001 0.215 0.002 0.001 0.002 0.039 0.032 0.024 

Locus 152 : 174223_24 
2 alleles
2.8% missing data
 120   (0.958) 0.999 1.000 1.000 0.999 0.995 1.000 0.997 1.000 0.999 0.997 0.998 0.991 0.997 0.959 0.962 0.974 
 100   (0.042) 0.001 0.000 0.000 0.001 0.005 0.000 0.003 0.000 0.001 0.003 0.002 0.009 0.003 0.041 0.038 0.026 

Locus 153 : 174263_44 
2 alleles
3.9% missing data
 130   (0.958) 0.840 1.000 1.000 0.999 0.995 1.000 0.997 1.000 0.999 0.997 0.998 0.999 0.998 0.964 0.970 0.977 
 110   (0.042) 0.160 0.000 0.000 0.001 0.005 0.000 0.003 0.000 0.001 0.003 0.002 0.001 0.002 0.036 0.030 0.023 

Locus 154 : 175657_6 
2 alleles
8.4% missing data
 100   (0.933) 0.998 1.000 1.000 0.998 0.992 1.000 0.765 1.000 0.999 0.994 0.997 0.999 0.918 0.942 0.952 0.964 
 130   (0.067) 0.002 0.000 0.000 0.002 0.008 0.000 0.235 0.000 0.001 0.006 0.003 0.001 0.082 0.058 0.048 0.036 

Locus 155 : 176570_23 
2 alleles
3.9% missing data
 130   (0.957) 0.998 0.999 0.998 0.960 0.995 0.993 0.997 0.992 0.999 0.997 0.998 0.995 0.998 0.940 0.952 0.963 
 110   (0.043) 0.002 0.001 0.002 0.040 0.005 0.007 0.003 0.008 0.001 0.003 0.002 0.005 0.002 0.060 0.048 0.037 

Locus 156 : 176775_13 
2 alleles
6.7% missing data
 130   (0.951) 0.999 1.000 1.000 0.998 0.994 1.000 0.997 1.000 0.999 0.704 0.998 0.999 0.997 0.958 0.965 0.973 
 110   (0.049) 0.001 0.000 0.000 0.002 0.006 0.000 0.003 0.000 0.001 0.296 0.002 0.001 0.003 0.042 0.035 0.027 

Locus 157 : 178448_19 
2 alleles
3.4% missing data
 120   (0.956) 0.999 1.000 1.000 0.999 0.995 1.000 0.997 1.000 0.999 0.882 0.998 0.999 0.998 0.962 0.968 0.976 
 100   (0.044) 0.001 0.000 0.000 0.001 0.005 0.000 0.003 0.000 0.001 0.118 0.002 0.001 0.002 0.038 0.032 0.024 

Locus 158 : 179162_16 
2 alleles
6.2% missing data
 120   (0.959) 0.999 1.000 1.000 0.999 0.995 1.000 0.997 1.000 0.999 0.971 0.998 0.999 0.998 0.964 0.971 0.977 
 100   (0.041) 0.001 0.000 0.000 0.001 0.005 0.000 0.003 0.000 0.001 0.029 0.002 0.001 0.002 0.036 0.029 0.023 

Locus 159 : 179286_31 
2 alleles
2.8% missing data
 120   (0.930) 0.998 1.000 1.000 0.987 0.991 1.000 0.891 0.999 0.999 0.995 0.995 0.998 0.916 0.939 0.948 0.959 
 100   (0.070) 0.002 0.000 0.000 0.013 0.009 0.000 0.109 0.001 0.001 0.005 0.005 0.002 0.084 0.061 0.052 0.041 

Locus 160 : 179594_17 
2 alleles
4.5% missing data
 120   (0.914) 0.997 1.000 1.000 0.997 0.920 0.999 0.743 0.999 0.998 0.993 0.980 0.994 0.995 0.909 0.908 0.948 
 100   (0.086) 0.003 0.000 0.000 0.003 0.080 0.001 0.257 0.001 0.002 0.007 0.020 0.006 0.005 0.091 0.092 0.052 

Locus 161 : 180413_54 
2 alleles
3.9% missing data
 100   (0.956) 0.999 1.000 1.000 0.999 0.995 1.000 0.997 1.000 0.999 0.880 0.998 0.999 0.998 0.963 0.969 0.976 
 110   (0.044) 0.001 0.000 0.000 0.001 0.005 0.000 0.003 0.000 0.001 0.120 0.002 0.001 0.002 0.037 0.031 0.024 

Locus 162 : 182862_79 
2 alleles
3.4% missing data
 130   (0.954) 0.999 1.000 1.000 0.999 0.995 1.000 0.997 1.000 0.999 0.867 0.998 0.999 0.998 0.961 0.967 0.974 
 110   (0.046) 0.001 0.000 0.000 0.001 0.005 0.000 0.003 0.000 0.001 0.133 0.002 0.001 0.002 0.039 0.033 0.026 

Locus 163 : 183288_63 
2 alleles
10.1% missing data
 100   (0.958) 0.999 1.000 1.000 0.999 0.994 1.000 0.997 1.000 0.999 0.971 0.998 0.999 0.998 0.963 0.968 0.976 
 120   (0.042) 0.001 0.000 0.000 0.001 0.006 0.000 0.003 0.000 0.001 0.029 0.002 0.001 0.002 0.037 0.032 0.024 

Locus 164 : 183906_55 
2 alleles
6.7% missing data
 130   (0.957) 0.999 1.000 1.000 0.999 0.995 1.000 0.997 1.000 0.999 0.946 0.998 0.999 0.998 0.963 0.969 0.976 
 100   (0.043) 0.001 0.000 0.000 0.001 0.005 0.000 0.003 0.000 0.001 0.054 0.002 0.001 0.002 0.037 0.031 0.024 

Locus 165 : 183990_7 
2 alleles
3.4% missing data
 120   (0.954) 0.999 1.000 1.000 0.998 0.995 1.000 0.997 0.999 0.801 0.997 0.998 0.999 0.997 0.959 0.964 0.972 
 100   (0.046) 0.001 0.000 0.000 0.002 0.005 0.000 0.003 0.001 0.199 0.003 0.002 0.001 0.003 0.041 0.036 0.028 

Locus 166 : 185904_60 
2 alleles
3.4% missing data
 120   (0.956) 0.999 1.000 1.000 0.999 0.995 1.000 0.997 1.000 0.999 0.997 0.933 0.999 0.997 0.959 0.934 0.974 
 100   (0.044) 0.001 0.000 0.000 0.001 0.005 0.000 0.003 0.000 0.001 0.003 0.067 0.001 0.003 0.041 0.066 0.026 

Locus 167 : 191703_64 
2 alleles
1.7% missing data
 130   (0.931) 0.998 1.000 1.000 0.998 0.671 1.000 0.866 1.000 0.999 0.995 0.997 0.999 0.996 0.940 0.949 0.962 
 110   (0.069) 0.002 0.000 0.000 0.002 0.329 0.000 0.134 0.000 0.001 0.005 0.003 0.001 0.004 0.060 0.051 0.038 

Locus 168 : 193854_7 
2 alleles
1.7% missing data
 130   (0.939) 0.981 1.000 1.000 0.998 0.992 1.000 0.996 1.000 0.999 0.882 0.997 0.998 0.997 0.947 0.954 0.965 
 110   (0.061) 0.019 0.000 0.000 0.002 0.008 0.000 0.004 0.000 0.001 0.118 0.003 0.002 0.003 0.053 0.046 0.035 

Locus 169 : 194868_38 
2 alleles
5.6% missing data
 120   (0.943) 0.998 1.000 0.999 0.997 0.992 1.000 0.971 1.000 0.996 0.996 0.997 0.999 0.887 0.946 0.952 0.965 
 100   (0.057) 0.002 0.000 0.001 0.003 0.008 0.000 0.029 0.000 0.004 0.004 0.003 0.001 0.113 0.054 0.048 0.035 

Locus 170 : 195463_36 
2 alleles
5.1% missing data
 120   (0.957) 0.999 1.000 1.000 0.999 0.995 1.000 0.860 1.000 0.999 0.997 0.998 0.999 0.998 0.963 0.969 0.976 
 100   (0.043) 0.001 0.000 0.000 0.001 0.005 0.000 0.140 0.000 0.001 0.003 0.002 0.001 0.002 0.037 0.031 0.024 

Locus 171 : 195727_20 
2 alleles
1.7% missing data
 130   (0.955) 0.999 1.000 1.000 0.999 0.995 1.000 0.997 1.000 0.999 0.914 0.998 0.999 0.998 0.962 0.968 0.976 
 110   (0.045) 0.001 0.000 0.000 0.001 0.005 0.000 0.003 0.000 0.001 0.086 0.002 0.001 0.002 0.038 0.032 0.024 

Locus 172 : 197508_5 
2 alleles
2.2% missing data
 120   (0.960) 0.999 1.000 1.000 0.999 0.994 1.000 0.997 1.000 0.999 0.997 0.998 0.999 0.989 0.960 0.963 0.975 
 100   (0.040) 0.001 0.000 0.000 0.001 0.006 0.000 0.003 0.000 0.001 0.003 0.002 0.001 0.011 0.040 0.037 0.025 

Locus 173 : 199140_10 
2 alleles
4.5% missing data
 130   (0.959) 0.999 1.000 1.000 0.999 0.994 1.000 0.997 1.000 0.996 0.997 0.998 0.999 0.998 0.958 0.966 0.973 
 110   (0.041) 0.001 0.000 0.000 0.001 0.006 0.000 0.003 0.000 0.004 0.003 0.002 0.001 0.002 0.042 0.034 0.027 

Locus 174 : 199429_51 
2 alleles
5.1% missing data
 130   (0.959) 0.999 1.000 1.000 0.999 0.994 1.000 0.996 1.000 0.999 0.997 0.989 0.999 0.998 0.950 0.952 0.976 
 100   (0.041) 0.001 0.000 0.000 0.001 0.006 0.000 0.004 0.000 0.001 0.003 0.011 0.001 0.002 0.050 0.048 0.024 

Locus 175 : 199635_9 
2 alleles
3.4% missing data
 120   (0.953) 0.999 1.000 1.000 0.999 0.995 1.000 0.997 1.000 0.999 0.829 0.998 0.999 0.997 0.960 0.966 0.974 
 100   (0.047) 0.001 0.000 0.000 0.001 0.005 0.000 0.003 0.000 0.001 0.171 0.002 0.001 0.003 0.040 0.034 0.026 

Locus 176 : 200923_8 
2 alleles
5.1% missing data
 100   (0.959) 0.999 1.000 1.000 0.998 0.934 1.000 0.996 1.000 0.999 0.997 0.998 0.999 0.997 0.964 0.970 0.977 
 110   (0.041) 0.001 0.000 0.000 0.002 0.066 0.000 0.004 0.000 0.001 0.003 0.002 0.001 0.003 0.036 0.030 0.023 

Locus 177 : 201090_64 
2 alleles
5.1% missing data
 130   (0.960) 0.999 1.000 1.000 0.999 0.995 1.000 0.997 1.000 0.999 0.997 0.956 0.999 0.998 0.965 0.968 0.977 
 100   (0.040) 0.001 0.000 0.000 0.001 0.005 0.000 0.003 0.000 0.001 0.003 0.044 0.001 0.002 0.035 0.032 0.023 

Locus 178 : 201549_57 
2 alleles
4.5% missing data
 120   (0.958) 0.999 1.000 1.000 0.999 0.995 1.000 0.906 1.000 0.999 0.997 0.998 0.999 0.998 0.964 0.970 0.977 
 110   (0.042) 0.001 0.000 0.000 0.001 0.005 0.000 0.094 0.000 0.001 0.003 0.002 0.001 0.002 0.036 0.030 0.023 

Locus 179 : 203565_40 
2 alleles
3.9% missing data
 120   (0.960) 0.999 1.000 1.000 0.999 0.935 1.000 0.997 1.000 0.999 0.997 0.998 0.999 0.997 0.965 0.969 0.977 
 100   (0.040) 0.001 0.000 0.000 0.001 0.065 0.000 0.003 0.000 0.001 0.003 0.002 0.001 0.003 0.035 0.031 0.023 

Locus 180 : 205184_19 
2 alleles
7.3% missing data
 110   (0.925) 0.865 1.000 1.000 0.998 0.992 1.000 0.995 1.000 0.999 0.761 0.997 0.998 0.996 0.936 0.946 0.958 
 120   (0.075) 0.135 0.000 0.000 0.002 0.008 0.000 0.005 0.000 0.001 0.239 0.003 0.002 0.004 0.064 0.054 0.042 

Locus 181 : 206551_17 
2 alleles
6.2% missing data
 120   (0.901) 0.997 0.998 0.999 0.996 0.942 0.999 0.965 0.999 0.993 0.993 0.686 0.876 0.994 0.903 0.803 0.939 
 100   (0.099) 0.003 0.002 0.001 0.004 0.058 0.001 0.035 0.001 0.007 0.007 0.314 0.124 0.006 0.097 0.197 0.061 

Locus 182 : 216246_19 
2 alleles
2.8% missing data
 110   (0.944) 0.998 1.000 1.000 0.995 0.987 1.000 0.986 1.000 0.991 0.996 0.991 0.999 0.989 0.937 0.946 0.955 
 130   (0.056) 0.002 0.000 0.000 0.005 0.013 0.000 0.014 0.000 0.009 0.004 0.009 0.001 0.011 0.063 0.054 0.045 

Locus 183 : 216776_13 
2 alleles
5.6% missing data
 120   (0.920) 0.992 1.000 0.999 0.997 0.990 1.000 0.995 0.999 0.999 0.728 0.997 0.821 0.996 0.931 0.942 0.955 
 110   (0.080) 0.008 0.000 0.001 0.003 0.010 0.000 0.005 0.001 0.001 0.272 0.003 0.179 0.004 0.069 0.058 0.045 

Locus 184 : 217291_37 
2 alleles
3.9% missing data
 120   (0.956) 0.999 1.000 1.000 0.999 0.994 1.000 0.914 1.000 0.999 0.997 0.998 0.999 0.998 0.959 0.965 0.974 
 100   (0.044) 0.001 0.000 0.000 0.001 0.006 0.000 0.086 0.000 0.001 0.003 0.002 0.001 0.002 0.041 0.035 0.026 

Locus 185 : 217570_13 
2 alleles
3.9% missing data
 130   (0.956) 0.999 1.000 1.000 0.999 0.995 1.000 0.997 1.000 0.999 0.866 0.998 0.999 0.998 0.963 0.969 0.976 
 110   (0.044) 0.001 0.000 0.000 0.001 0.005 0.000 0.003 0.000 0.001 0.134 0.002 0.001 0.002 0.037 0.031 0.024 

Locus 186 : 220422_65 
2 alleles
3.4% missing data
 120   (0.947) 0.998 1.000 1.000 0.994 0.993 0.999 0.987 0.999 0.999 0.996 0.984 0.999 0.985 0.929 0.949 0.950 
 110   (0.053) 0.002 0.000 0.000 0.006 0.007 0.001 0.013 0.001 0.001 0.004 0.016 0.001 0.015 0.071 0.051 0.050 

Locus 187 : 220502_40 
2 alleles
6.7% missing data
 120   (0.959) 0.999 1.000 1.000 0.963 0.994 1.000 0.997 0.999 0.999 0.997 0.998 0.999 0.997 0.963 0.969 0.977 
 110   (0.041) 0.001 0.000 0.000 0.037 0.006 0.000 0.003 0.001 0.001 0.003 0.002 0.001 0.003 0.037 0.031 0.023 

Locus 188 : 220519_81 
2 alleles
4.5% missing data
 130   (0.934) 0.998 1.000 1.000 0.998 0.934 1.000 0.996 0.999 0.999 0.858 0.997 0.999 0.996 0.943 0.951 0.963 
 110   (0.066) 0.002 0.000 0.000 0.002 0.066 0.000 0.004 0.001 0.001 0.142 0.003 0.001 0.004 0.057 0.049 0.037 

Locus 189 : 222347_17 
2 alleles
3.9% missing data
 120   (0.954) 0.999 1.000 1.000 0.999 0.995 1.000 0.997 1.000 0.999 0.892 0.998 0.999 0.998 0.960 0.966 0.974 
 100   (0.046) 0.001 0.000 0.000 0.001 0.005 0.000 0.003 0.000 0.001 0.108 0.002 0.001 0.002 0.040 0.034 0.026 

Locus 190 : 222896_46 
2 alleles
0.6% missing data
 110   (0.958) 0.999 1.000 1.000 0.999 0.995 1.000 0.997 1.000 0.999 0.945 0.998 0.999 0.998 0.964 0.969 0.976 
 130   (0.042) 0.001 0.000 0.000 0.001 0.005 0.000 0.003 0.000 0.001 0.055 0.002 0.001 0.002 0.036 0.031 0.024 

Locus 191 : 223181_12 
2 alleles
3.4% missing data
 120   (0.952) 0.999 1.000 1.000 0.999 0.995 1.000 0.997 1.000 0.999 0.723 0.998 0.999 0.997 0.960 0.966 0.974 
 100   (0.048) 0.001 0.000 0.000 0.001 0.005 0.000 0.003 0.000 0.001 0.277 0.002 0.001 0.003 0.040 0.034 0.026 

Locus 192 : 224649_57 
2 alleles
5.1% missing data
 100   (0.959) 0.978 1.000 1.000 0.999 0.994 1.000 0.997 1.000 0.999 0.997 0.998 0.999 0.998 0.963 0.969 0.977 
 110   (0.041) 0.022 0.000 0.000 0.001 0.006 0.000 0.003 0.000 0.001 0.003 0.002 0.001 0.002 0.037 0.031 0.023 

Locus 193 : 226245_11 
2 alleles
5.1% missing data
 130   (0.958) 0.999 1.000 1.000 0.909 0.995 1.000 0.997 1.000 0.999 0.997 0.998 0.999 0.998 0.965 0.970 0.977 
 110   (0.042) 0.001 0.000 0.000 0.091 0.005 0.000 0.003 0.000 0.001 0.003 0.002 0.001 0.002 0.035 0.030 0.023 

Locus 194 : 226342_59 
2 alleles
6.2% missing data
 120   (0.924) 0.965 0.998 0.997 0.997 0.989 0.998 0.994 0.999 0.998 0.911 0.996 0.996 0.994 0.932 0.941 0.954 
 100   (0.076) 0.035 0.002 0.003 0.003 0.011 0.002 0.006 0.001 0.002 0.089 0.004 0.004 0.006 0.068 0.059 0.046 

Locus 195 : 228970_13 
2 alleles
3.9% missing data
 120   (0.957) 0.999 1.000 1.000 0.999 0.995 1.000 0.958 1.000 0.999 0.997 0.998 0.999 0.997 0.962 0.968 0.975 
 100   (0.043) 0.001 0.000 0.000 0.001 0.005 0.000 0.042 0.000 0.001 0.003 0.002 0.001 0.003 0.038 0.032 0.025 

Locus 196 : 229097_27 
2 alleles
5.1% missing data
 130   (0.953) 0.999 1.000 1.000 0.999 0.995 1.000 0.996 1.000 0.999 0.792 0.998 0.999 0.997 0.961 0.966 0.974 
 110   (0.047) 0.001 0.000 0.000 0.001 0.005 0.000 0.004 0.000 0.001 0.208 0.002 0.001 0.003 0.039 0.034 0.026 

Locus 197 : 229177_29 
2 alleles
7.3% missing data
 130   (0.949) 0.998 0.992 0.996 0.998 0.994 0.992 0.996 0.999 0.999 0.996 0.995 0.809 0.997 0.955 0.962 0.969 
 110   (0.051) 0.002 0.008 0.004 0.002 0.006 0.008 0.004 0.001 0.001 0.004 0.005 0.191 0.003 0.045 0.038 0.031 

Locus 198 : 229612_7 
2 alleles
6.2% missing data
 100   (0.960) 0.999 1.000 1.000 0.999 0.994 1.000 0.997 1.000 0.999 0.997 0.998 0.999 0.988 0.959 0.965 0.974 
 120   (0.040) 0.001 0.000 0.000 0.001 0.006 0.000 0.003 0.000 0.001 0.003 0.002 0.001 0.012 0.041 0.035 0.026 

Locus 199 : 229936_67 
2 alleles
3.9% missing data
 120   (0.957) 0.999 0.999 0.997 0.962 0.995 0.992 0.997 0.991 0.999 0.997 0.998 0.995 0.998 0.940 0.952 0.962 
 100   (0.043) 0.001 0.001 0.003 0.038 0.005 0.008 0.003 0.009 0.001 0.003 0.002 0.005 0.002 0.060 0.048 0.038 

Locus 200 : 232937_62 
2 alleles
2.2% missing data
 100   (0.959) 0.999 1.000 1.000 0.999 0.995 1.000 0.997 1.000 0.999 0.997 0.998 0.992 0.997 0.960 0.964 0.975 
 120   (0.041) 0.001 0.000 0.000 0.001 0.005 0.000 0.003 0.000 0.001 0.003 0.002 0.008 0.003 0.040 0.036 0.025 

Locus 201 : 233194_6 
2 alleles
2.8% missing data
 120   (0.933) 0.968 1.000 1.000 0.998 0.992 1.000 0.996 1.000 0.999 0.663 0.997 0.999 0.996 0.942 0.949 0.961 
 100   (0.067) 0.032 0.000 0.000 0.002 0.008 0.000 0.004 0.000 0.001 0.337 0.003 0.001 0.004 0.058 0.051 0.039 

Locus 202 : 234346_33 
2 alleles
4.5% missing data
 110   (0.957) 0.817 1.000 1.000 0.999 0.995 1.000 0.997 1.000 0.999 0.997 0.998 0.999 0.998 0.964 0.970 0.977 
 130   (0.043) 0.183 0.000 0.000 0.001 0.005 0.000 0.003 0.000 0.001 0.003 0.002 0.001 0.002 0.036 0.030 0.023 

Locus 203 : 235241_77 
2 alleles
2.2% missing data
 130   (0.955) 0.999 1.000 1.000 0.999 0.995 1.000 0.997 1.000 0.999 0.839 0.998 0.999 0.998 0.962 0.968 0.976 
 100   (0.045) 0.001 0.000 0.000 0.001 0.005 0.000 0.003 0.000 0.001 0.161 0.002 0.001 0.002 0.038 0.032 0.024 

Locus 204 : 236207_44 
2 alleles
6.2% missing data
 120   (0.902) 0.997 1.000 1.000 0.766 0.865 1.000 0.964 0.742 0.998 0.993 0.996 0.998 0.994 0.915 0.927 0.944 
 100   (0.098) 0.003 0.000 0.000 0.234 0.135 0.000 0.036 0.258 0.002 0.007 0.004 0.002 0.006 0.085 0.073 0.056 

Locus 205 : 236307_12 
2 alleles
1.7% missing data
 130   (0.953) 0.999 1.000 1.000 0.998 0.993 1.000 0.991 1.000 0.574 0.997 0.998 0.999 0.997 0.960 0.966 0.975 
 110   (0.047) 0.001 0.000 0.000 0.002 0.007 0.000 0.009 0.000 0.426 0.003 0.002 0.001 0.003 0.040 0.034 0.025 

Locus 206 : 236931_45 
2 alleles
6.7% missing data
 120   (0.887) 0.997 1.000 1.000 0.992 0.447 0.999 0.715 0.999 0.997 0.992 0.995 0.997 0.690 0.901 0.916 0.936 
 100   (0.113) 0.003 0.000 0.000 0.008 0.553 0.001 0.285 0.001 0.003 0.008 0.005 0.003 0.310 0.099 0.084 0.064 

Locus 207 : 236999_38 
2 alleles
2.8% missing data
 120   (0.956) 0.999 1.000 1.000 0.999 0.995 1.000 0.997 1.000 0.999 0.945 0.998 0.999 0.998 0.963 0.969 0.977 
 100   (0.044) 0.001 0.000 0.000 0.001 0.005 0.000 0.003 0.000 0.001 0.055 0.002 0.001 0.002 0.037 0.031 0.023 

Locus 208 : 240398_42 
2 alleles
3.9% missing data
 110   (0.856) 0.996 1.000 0.999 0.995 0.447 0.999 0.885 0.999 0.617 0.990 0.993 0.997 0.808 0.870 0.884 0.914 
 130   (0.144) 0.004 0.000 0.001 0.005 0.553 0.001 0.115 0.001 0.383 0.010 0.007 0.003 0.192 0.130 0.116 0.086 

Locus 209 : 240825_22 
2 alleles
6.2% missing data
 130   (0.962) 0.999 1.000 0.999 0.998 0.991 0.998 0.997 0.999 0.999 0.997 0.995 0.996 0.997 0.963 0.965 0.973 
 110   (0.038) 0.001 0.000 0.001 0.002 0.009 0.002 0.003 0.001 0.001 0.003 0.005 0.004 0.003 0.037 0.035 0.027 

Locus 210 : 244435_48 
2 alleles
1.7% missing data
 110   (0.959) 0.999 1.000 1.000 0.909 0.995 1.000 0.997 1.000 0.999 0.997 0.998 0.999 0.998 0.966 0.971 0.978 
 130   (0.041) 0.001 0.000 0.000 0.091 0.005 0.000 0.003 0.000 0.001 0.003 0.002 0.001 0.002 0.034 0.029 0.022 

Locus 211 : 245971_21 
2 alleles
5.1% missing data
 130   (0.958) 0.999 1.000 1.000 0.999 0.995 1.000 0.997 1.000 0.999 0.914 0.998 0.999 0.998 0.965 0.970 0.977 
 120   (0.042) 0.001 0.000 0.000 0.001 0.005 0.000 0.003 0.000 0.001 0.086 0.002 0.001 0.002 0.035 0.030 0.023 

Locus 212 : 246895_22 
2 alleles
3.4% missing data
 120   (0.959) 0.999 1.000 1.000 0.999 0.995 1.000 0.997 1.000 0.994 0.997 0.998 0.999 0.998 0.959 0.964 0.973 
 110   (0.041) 0.001 0.000 0.000 0.001 0.005 0.000 0.003 0.000 0.006 0.003 0.002 0.001 0.002 0.041 0.036 0.027 

Locus 213 : 248131_26 
2 alleles
7.9% missing data
 130   (0.944) 0.998 0.999 0.998 0.996 0.990 0.999 0.994 0.999 0.998 0.996 0.946 0.998 0.979 0.949 0.953 0.962 
 110   (0.056) 0.002 0.001 0.002 0.004 0.010 0.001 0.006 0.001 0.002 0.004 0.054 0.002 0.021 0.051 0.047 0.038 

Locus 214 : 250844_49 
2 alleles
7.3% missing data
 130   (0.959) 0.999 1.000 1.000 0.999 0.995 1.000 0.997 1.000 0.999 0.997 0.998 0.999 0.985 0.958 0.965 0.972 
 100   (0.041) 0.001 0.000 0.000 0.001 0.005 0.000 0.003 0.000 0.001 0.003 0.002 0.001 0.015 0.042 0.035 0.028 

Locus 215 : 251283_19 
2 alleles
5.6% missing data
 120   (0.957) 0.999 1.000 1.000 0.999 0.823 1.000 0.997 1.000 0.999 0.997 0.998 0.999 0.998 0.964 0.970 0.977 
 100   (0.043) 0.001 0.000 0.000 0.001 0.177 0.000 0.003 0.000 0.001 0.003 0.002 0.001 0.002 0.036 0.030 0.023 

Locus 216 : 251358_15 
2 alleles
8.4% missing data
 110   (0.934) 0.998 1.000 1.000 0.949 0.989 1.000 0.995 0.999 0.999 0.995 0.997 0.998 0.809 0.941 0.951 0.958 
 120   (0.066) 0.002 0.000 0.000 0.051 0.011 0.000 0.005 0.001 0.001 0.005 0.003 0.002 0.191 0.059 0.049 0.042 

Locus 217 : 251901_42 
2 alleles
2.2% missing data
 120   (0.961) 0.999 1.000 1.000 0.998 0.995 1.000 0.997 1.000 0.999 0.997 0.985 0.999 0.998 0.957 0.957 0.974 
 100   (0.039) 0.001 0.000 0.000 0.002 0.005 0.000 0.003 0.000 0.001 0.003 0.015 0.001 0.002 0.043 0.043 0.026 

Locus 218 : 252158_43 
2 alleles
0.0% missing data
 120   (0.956) 0.999 1.000 1.000 0.999 0.995 1.000 0.997 1.000 0.999 0.918 0.998 0.999 0.998 0.963 0.968 0.976 
 100   (0.044) 0.001 0.000 0.000 0.001 0.005 0.000 0.003 0.000 0.001 0.082 0.002 0.001 0.002 0.037 0.032 0.024 

Locus 219 : 252988_16 
2 alleles
7.9% missing data
 110   (0.952) 0.999 1.000 1.000 0.998 0.994 1.000 0.997 1.000 0.998 0.996 0.667 0.999 0.996 0.958 0.964 0.971 
 100   (0.048) 0.001 0.000 0.000 0.002 0.006 0.000 0.003 0.000 0.002 0.004 0.333 0.001 0.004 0.042 0.036 0.029 

Locus 220 : 254425_88 
2 alleles
5.6% missing data
 130   (0.924) 0.882 1.000 1.000 0.998 0.990 1.000 0.995 1.000 0.999 0.772 0.997 0.997 0.996 0.935 0.944 0.957 
 110   (0.076) 0.118 0.000 0.000 0.002 0.010 0.000 0.005 0.000 0.001 0.228 0.003 0.003 0.004 0.065 0.056 0.043 

Locus 221 : 256337_57 
2 alleles
5.6% missing data
 110   (0.960) 0.999 1.000 1.000 0.999 0.928 1.000 0.997 1.000 0.999 0.997 0.998 0.999 0.998 0.966 0.971 0.978 
 130   (0.040) 0.001 0.000 0.000 0.001 0.072 0.000 0.003 0.000 0.001 0.003 0.002 0.001 0.002 0.034 0.029 0.022 

Locus 222 : 259058_15 
2 alleles
1.7% missing data
 120   (0.960) 0.873 1.000 1.000 0.999 0.995 1.000 0.997 1.000 0.999 0.997 0.998 0.999 0.998 0.966 0.972 0.978 
 100   (0.040) 0.127 0.000 0.000 0.001 0.005 0.000 0.003 0.000 0.001 0.003 0.002 0.001 0.002 0.034 0.028 0.022 

Locus 223 : 259869_81 
2 alleles
0.6% missing data
 120   (0.959) 0.941 1.000 1.000 0.999 0.995 1.000 0.997 1.000 0.999 0.997 0.998 0.999 0.998 0.965 0.970 0.977 
 130   (0.041) 0.059 0.000 0.000 0.001 0.005 0.000 0.003 0.000 0.001 0.003 0.002 0.001 0.002 0.035 0.030 0.023 

Locus 224 : 260700_55 
2 alleles
2.2% missing data
 130   (0.959) 0.998 0.999 1.000 0.998 0.993 0.999 0.997 0.999 0.999 0.997 0.996 0.976 0.997 0.963 0.968 0.976 
 110   (0.041) 0.002 0.001 0.000 0.002 0.007 0.001 0.003 0.001 0.001 0.003 0.004 0.024 0.003 0.037 0.032 0.024 

Locus 225 : 262223_11 
2 alleles
4.5% missing data
 130   (0.959) 0.999 1.000 1.000 0.999 0.995 1.000 0.997 1.000 0.999 0.997 0.998 0.855 0.998 0.964 0.970 0.977 
 100   (0.041) 0.001 0.000 0.000 0.001 0.005 0.000 0.003 0.000 0.001 0.003 0.002 0.145 0.002 0.036 0.030 0.023 

Locus 226 : 262346_48 
2 alleles
3.4% missing data
 130   (0.955) 0.999 1.000 1.000 0.999 0.401 1.000 0.997 1.000 0.999 0.997 0.998 0.999 0.998 0.962 0.967 0.975 
 110   (0.045) 0.001 0.000 0.000 0.001 0.599 0.000 0.003 0.000 0.001 0.003 0.002 0.001 0.002 0.038 0.033 0.025 

Locus 227 : 262620_18 
2 alleles
3.9% missing data
 110   (0.946) 0.998 0.999 0.995 0.994 0.991 0.997 0.994 0.995 0.993 0.995 0.995 0.998 0.994 0.946 0.951 0.957 
 130   (0.054) 0.002 0.001 0.005 0.006 0.009 0.003 0.006 0.005 0.007 0.005 0.005 0.002 0.006 0.054 0.049 0.043 

Locus 228 : 263002_42 
2 alleles
3.4% missing data
 120   (0.954) 0.999 1.000 1.000 0.999 0.994 1.000 0.997 1.000 0.999 0.997 0.998 0.999 0.844 0.960 0.967 0.975 
 100   (0.046) 0.001 0.000 0.000 0.001 0.006 0.000 0.003 0.000 0.001 0.003 0.002 0.001 0.156 0.040 0.033 0.025 

Locus 229 : 263813_70 
2 alleles
10.1% missing data
 130   (0.956) 0.937 1.000 1.000 0.999 0.994 1.000 0.997 1.000 0.999 0.996 0.998 0.999 0.997 0.962 0.968 0.976 
 110   (0.044) 0.063 0.000 0.000 0.001 0.006 0.000 0.003 0.000 0.001 0.004 0.002 0.001 0.003 0.038 0.032 0.024 

Locus 230 : 264184_13 
2 alleles
10.1% missing data
 110   (0.915) 0.997 1.000 1.000 0.849 0.942 1.000 0.994 0.999 0.998 0.993 0.869 0.998 0.995 0.920 0.873 0.951 
 130   (0.085) 0.003 0.000 0.000 0.151 0.058 0.000 0.006 0.001 0.002 0.007 0.131 0.002 0.005 0.080 0.127 0.049 

Values of parameters used in structure:
DATAFILE=C:\Users\jmahg\OneDrive\Desktop\Transfers\TrkNbr-1524n1282n1083_AllPops_Structure_p18_r080_LDnHWEx\project_data,	OUTFILE=C:\Users\jmahg\OneDrive\Desktop\Transfers\TrkNbr-1524n1282n1083_AllPops_Structure_p18_r080_LDnHWEx\BI50000_MCMC100000\Results\BI50000_MCMC100000_run_155,	NUMINDS=178,	NUMLOCI=230,	MISSING=0,	LABEL=1,	POPDATA=1,	POPFLAG=0,	PHENOTYPE=0,	EXTRACOLS=0,	MAXPOPS=16,	BURNIN=50000,	NUMREPS=100000,	USEPOPINFO=0,	INFERALPHA=1,	INFERLAMBDA=0,	POPSPECIFICLAMBDA=0,	POPALPHAS=0,	COMPUTEPROB=1,	NOADMIX=0,	ADMBURNIN=2500,	UPDATEFREQ=1,	PRINTLIKES=0,	INTERMEDSAVE=0,	PRINTKLD=0,	PRINTNET=0,	PRINTLAMBDA=0,	ANCESTDIST=0,	NUMBOXES=1000,	ANCESTPINT=0.90000,	GENSBACK=2,	MIGRPRIOR=0.05000,	PRINTQHAT=0,	PRINTQSUM=0,	ALPHA=1.0000,	FREQSCORR=1,	FPRIORMEAN=0.0100,	FPRIORSD=0.0500,	ONEFST=0,	LAMBDA=1.0000,	UNIFPRIORALPHA=1,	ALPHAMAX=10.0000,	ALPHAPRIORA=1.0000,	ALPHAPRIORB=2.0000,	ALPHAPROPSD=0.0250,	STARTATPOPINFO=0,	RANDOMIZE=1,	LINKAGE=0,	METROFREQ=10,	REPORTHITRATE=0,	MARKOVPHASE=-1,	PHASED=0,	PLOIDY=2,	PHASEINFO=0	LOCPRIOR=0, 	LOCPRIORINIT=1.000000, 	LOCDATA=0, 	LOCISPOP=0, 	LOCPRIORSTEP=0.100000, 	MAXLOCPRIOR=20.000000, 	SEED=1603022348,	
[STRAT parameters]:    NUMSIMSTATS=1000,	PHENOTYPECOL=-9,	POOLFREQ=10,	LOCUSxONLY=0,	EMERROR=0.00100,	MISSINGPHENO=-9,	