

----------------------------------------------------
STRUCTURE by Pritchard, Stephens and Donnelly (2000)
     and Falush, Stephens and Pritchard (2003)
       Code by Pritchard, Falush and Hubisz
             Version 2.3.4 (Jul 2012)
----------------------------------------------------



Command line arguments:   bin\structure -m C:\Users\jmahg\OneDrive\Desktop\Transfers\TrkNbr-1524n1282n1083_AllPops_Structure_p18_r080_LDnHWEx\BI50000_MCMC100000\mainparams -e C:\Users\jmahg\OneDrive\Desktop\Transfers\TrkNbr-1524n1282n1083_AllPops_Structure_p18_r080_LDnHWEx\BI50000_MCMC100000\extraparams 
Input File:    C:\Users\jmahg\OneDrive\Desktop\Transfers\TrkNbr-1524n1282n1083_AllPops_Structure_p18_r080_LDnHWEx\project_data

Run parameters:
   178 individuals
   230 loci
   15 populations assumed
   50000 Burn-in period
   100000 Reps


--------------------------------------------
Proportion of membership of each pre-defined
 population in each of the 15 clusters

Given    Inferred Clusters                                                                                           Number of
 Pop       1      2      3      4      5      6      7      8      9     10     11     12     13     14     15      Individuals

  1:     0.010  0.002  0.015  0.016  0.137  0.004  0.013  0.020  0.720  0.007  0.006  0.006  0.023  0.011  0.008       10
  2:     0.045  0.002  0.009  0.044  0.099  0.011  0.541  0.045  0.035  0.008  0.004  0.023  0.083  0.019  0.032        8
  3:     0.036  0.002  0.007  0.039  0.047  0.003  0.020  0.090  0.012  0.009  0.004  0.009  0.147  0.563  0.012       10
  4:     0.483  0.002  0.019  0.037  0.049  0.007  0.090  0.074  0.027  0.012  0.018  0.007  0.128  0.035  0.013       10
  5:     0.007  0.899  0.005  0.006  0.010  0.003  0.008  0.010  0.006  0.012  0.003  0.003  0.016  0.009  0.004       10
  6:     0.017  0.002  0.009  0.045  0.059  0.004  0.031  0.109  0.022  0.011  0.005  0.003  0.223  0.450  0.009       10
  7:     0.010  0.002  0.006  0.029  0.785  0.003  0.012  0.024  0.052  0.006  0.003  0.004  0.035  0.015  0.014       10
  8:     0.071  0.002  0.058  0.045  0.098  0.016  0.273  0.053  0.151  0.009  0.031  0.043  0.066  0.042  0.042       10
  9:     0.013  0.002  0.006  0.086  0.307  0.003  0.030  0.138  0.036  0.012  0.004  0.003  0.296  0.043  0.021       10
 10:     0.015  0.003  0.008  0.058  0.074  0.004  0.035  0.137  0.015  0.014  0.004  0.003  0.561  0.059  0.010       10
 11:     0.020  0.002  0.591  0.034  0.037  0.007  0.039  0.057  0.030  0.008  0.008  0.022  0.108  0.019  0.019       10
 12:     0.018  0.002  0.596  0.016  0.027  0.006  0.069  0.035  0.047  0.010  0.091  0.008  0.050  0.019  0.006       10
 13:     0.012  0.002  0.010  0.012  0.019  0.007  0.011  0.016  0.012  0.008  0.839  0.009  0.023  0.013  0.006       10
 14:     0.011  0.008  0.005  0.016  0.025  0.003  0.014  0.036  0.009  0.774  0.004  0.004  0.062  0.023  0.006       10
 15:     0.009  0.006  0.005  0.014  0.020  0.003  0.010  0.025  0.009  0.809  0.004  0.004  0.039  0.038  0.006       10
 16:     0.529  0.002  0.012  0.039  0.063  0.013  0.055  0.079  0.034  0.008  0.005  0.022  0.057  0.042  0.039       10
 17:     0.048  0.002  0.062  0.024  0.034  0.535  0.081  0.045  0.049  0.010  0.016  0.006  0.058  0.018  0.011       10
 18:     0.011  0.859  0.005  0.008  0.014  0.003  0.011  0.014  0.009  0.011  0.004  0.003  0.029  0.014  0.005       10
--------------------------------------------

Allele-freq. divergence among pops (Net nucleotide distance),
computed using point estimates of P.

      1       2       3       4       5       6       7       8       9      10      11      12      13      14      15      
 1      -    0.0097  0.0046  0.0031  0.0039  0.0105  0.0052  0.0023  0.0046  0.0043  0.0074  0.0042  0.0029  0.0034  0.0038  
 2   0.0097     -    0.0092  0.0057  0.0082  0.0149  0.0097  0.0061  0.0091  0.0066  0.0116  0.0063  0.0071  0.0075  0.0060  
 3   0.0046  0.0092     -    0.0022  0.0037  0.0078  0.0041  0.0020  0.0032  0.0039  0.0047  0.0029  0.0026  0.0033  0.0027  
 4   0.0031  0.0057  0.0022     -    0.0021  0.0070  0.0032  0.0003  0.0022  0.0023  0.0042  0.0003  0.0017  0.0020  0.0002  
 5   0.0039  0.0082  0.0037  0.0021     -    0.0096  0.0037  0.0015  0.0013  0.0028  0.0061  0.0037  0.0013  0.0021  0.0032  
 6   0.0105  0.0149  0.0078  0.0070  0.0096     -    0.0067  0.0072  0.0097  0.0100  0.0105  0.0073  0.0087  0.0093  0.0071  
 7   0.0052  0.0097  0.0041  0.0032  0.0037  0.0067     -    0.0026  0.0045  0.0042  0.0071  0.0043  0.0028  0.0036  0.0039  
 8   0.0023  0.0061  0.0020  0.0003  0.0015  0.0072  0.0026     -    0.0020  0.0017  0.0042  0.0011  0.0007  0.0012  0.0009  
 9   0.0046  0.0091  0.0032  0.0022  0.0013  0.0097  0.0045  0.0020     -    0.0037  0.0062  0.0033  0.0023  0.0030  0.0030  
10   0.0043  0.0066  0.0039  0.0023  0.0028  0.0100  0.0042  0.0017  0.0037     -    0.0064  0.0036  0.0016  0.0024  0.0032  
11   0.0074  0.0116  0.0047  0.0042  0.0061  0.0105  0.0071  0.0042  0.0062  0.0064     -    0.0046  0.0050  0.0057  0.0046  
12   0.0042  0.0063  0.0029  0.0003  0.0037  0.0073  0.0043  0.0011  0.0033  0.0036  0.0046     -    0.0033  0.0035  0.0000  
13   0.0029  0.0071  0.0026  0.0017  0.0013  0.0087  0.0028  0.0007  0.0023  0.0016  0.0050  0.0033     -    0.0009  0.0029  
14   0.0034  0.0075  0.0033  0.0020  0.0021  0.0093  0.0036  0.0012  0.0030  0.0024  0.0057  0.0035  0.0009     -    0.0031  
15   0.0038  0.0060  0.0027  0.0002  0.0032  0.0071  0.0039  0.0009  0.0030  0.0032  0.0046  0.0000  0.0029  0.0031     -    

Average distances (expected heterozygosity) between individuals in same cluster:
cluster  1  : 0.0208 
cluster  2  : 0.0659 
cluster  3  : 0.0317 
cluster  4  : 0.0731 
cluster  5  : 0.0067 
cluster  6  : 0.0437 
cluster  7  : 0.0115 
cluster  8  : 0.0443 
cluster  9  : 0.0187 
cluster 10  : 0.0220 
cluster 11  : 0.0388 
cluster 12  : 0.0987 
cluster 13  : 0.0016 
cluster 14  : 0.0125 
cluster 15  : 0.0936 

--------------------------------------------
Estimated Ln Prob of Data   = -3837.3
Mean value of ln likelihood = -3269.2
Variance of ln likelihood   = 1136.3
Mean value of alpha         = 0.0336

Mean value of Fst_1         = 0.6162
Mean value of Fst_2         = 0.2943
Mean value of Fst_3         = 0.4765
Mean value of Fst_4         = 0.3283
Mean value of Fst_5         = 0.8723
Mean value of Fst_6         = 0.4538
Mean value of Fst_7         = 0.8078
Mean value of Fst_8         = 0.5993
Mean value of Fst_9         = 0.6446
Mean value of Fst_10         = 0.5827
Mean value of Fst_11         = 0.4629
Mean value of Fst_12         = 0.0835
Mean value of Fst_13         = 0.9450
Mean value of Fst_14         = 0.7312
Mean value of Fst_15         = 0.1289


Inferred ancestry of individuals:
        Label (%Miss) Pop:  Inferred clusters
  1 TGCP_WM1    (0)    1 :  0.010 0.002 0.008 0.019 0.038 0.005 0.011 0.024 0.813 0.007 0.004 0.006 0.038 0.011 0.005 
  2 TGCP_WM10    (1)    1 :  0.017 0.002 0.016 0.044 0.179 0.005 0.035 0.058 0.520 0.013 0.004 0.003 0.070 0.021 0.014 
  3 TGCP_WM2    (0)    1 :  0.009 0.003 0.008 0.021 0.292 0.005 0.019 0.021 0.527 0.006 0.004 0.024 0.023 0.014 0.024 
  4 TGCP_WM3    (1)    1 :  0.005 0.002 0.012 0.010 0.081 0.003 0.007 0.017 0.815 0.008 0.003 0.002 0.019 0.010 0.006 
  5 TGCP_WM4    (0)    1 :  0.012 0.002 0.062 0.012 0.012 0.003 0.007 0.012 0.837 0.008 0.004 0.003 0.014 0.009 0.004 
  6 TGCP_WM5    (0)    1 :  0.008 0.002 0.008 0.009 0.015 0.002 0.011 0.016 0.882 0.007 0.006 0.005 0.011 0.009 0.011 
  7 TGCP_WM6    (0)    1 :  0.007 0.002 0.013 0.013 0.030 0.003 0.010 0.006 0.872 0.006 0.006 0.003 0.018 0.009 0.002 
  8 TGCP_WM7    (0)    1 :  0.024 0.002 0.005 0.015 0.699 0.009 0.022 0.035 0.116 0.006 0.019 0.006 0.024 0.012 0.008 
  9 TGCP_WM8    (0)    1 :  0.008 0.002 0.014 0.009 0.020 0.003 0.007 0.013 0.875 0.006 0.011 0.003 0.013 0.008 0.007 
 10 TGCP_WM9    (0)    1 :  0.005 0.002 0.004 0.004 0.009 0.003 0.005 0.004 0.945 0.004 0.003 0.002 0.004 0.005 0.002 
 11 MRLP_WM123    (3)    2 :  0.025 0.003 0.033 0.051 0.018 0.008 0.593 0.039 0.012 0.005 0.003 0.082 0.018 0.012 0.098 
 12 MRLP_WM124    (4)    2 :  0.010 0.002 0.006 0.012 0.016 0.004 0.859 0.013 0.012 0.011 0.004 0.002 0.036 0.011 0.003 
 13 MRLP_WM125    (1)    2 :  0.009 0.002 0.004 0.043 0.032 0.037 0.661 0.024 0.041 0.004 0.004 0.077 0.012 0.009 0.041 
 14 MRLP_WM126    (2)    2 :  0.015 0.002 0.005 0.081 0.096 0.003 0.029 0.197 0.018 0.012 0.003 0.002 0.470 0.055 0.011 
 15 MRLP_WM127    (3)    2 :  0.018 0.003 0.007 0.081 0.470 0.023 0.028 0.057 0.133 0.014 0.005 0.009 0.082 0.028 0.040 
 16 MRLP_WM128    (3)    2 :  0.006 0.002 0.004 0.003 0.006 0.005 0.944 0.006 0.003 0.004 0.003 0.002 0.006 0.004 0.002 
 17 MRLP_WM129    (7)    2 :  0.267 0.002 0.008 0.032 0.046 0.003 0.518 0.011 0.034 0.006 0.004 0.008 0.008 0.022 0.031 
 18 MRLP_WM130    (5)    2 :  0.012 0.002 0.004 0.052 0.108 0.003 0.695 0.013 0.030 0.006 0.003 0.005 0.032 0.008 0.027 
 19 STT_WM183    (2)    3 :  0.011 0.002 0.021 0.034 0.012 0.003 0.006 0.044 0.011 0.008 0.004 0.056 0.042 0.677 0.068 
 20 STT_WM184    (3)    3 :  0.108 0.003 0.006 0.027 0.025 0.005 0.013 0.058 0.009 0.009 0.004 0.010 0.048 0.666 0.009 
 21 STT_WM185   (15)    3 :  0.013 0.002 0.007 0.085 0.173 0.003 0.061 0.189 0.024 0.014 0.004 0.002 0.315 0.095 0.012 
 22 STT_WM186   (13)    3 :  0.020 0.002 0.008 0.100 0.085 0.003 0.043 0.191 0.022 0.015 0.003 0.004 0.424 0.072 0.010 
 23 STT_WM187   (13)    3 :  0.007 0.002 0.005 0.009 0.013 0.004 0.007 0.008 0.007 0.007 0.004 0.002 0.024 0.900 0.003 
 24 STT_WM188    (3)    3 :  0.008 0.002 0.005 0.004 0.008 0.003 0.006 0.005 0.004 0.005 0.003 0.002 0.011 0.933 0.002 
 25 STT_WM189    (0)    3 :  0.013 0.002 0.006 0.083 0.092 0.003 0.024 0.227 0.014 0.015 0.003 0.002 0.456 0.055 0.006 
 26 STT_WM190   (11)    3 :  0.006 0.002 0.004 0.004 0.014 0.003 0.005 0.012 0.004 0.006 0.003 0.002 0.009 0.925 0.002 
 27 STT_WM191    (7)    3 :  0.015 0.002 0.006 0.033 0.038 0.003 0.023 0.124 0.016 0.010 0.004 0.002 0.133 0.589 0.004 
 28 STT_WM192   (12)    3 :  0.160 0.002 0.004 0.011 0.008 0.003 0.008 0.040 0.008 0.006 0.003 0.007 0.011 0.722 0.007 
 29 FSSP_WM241    (3)    4 :  0.224 0.002 0.021 0.054 0.063 0.011 0.114 0.114 0.104 0.014 0.028 0.011 0.174 0.044 0.022 
 30 FSSP_WM242   (15)    4 :  0.021 0.002 0.007 0.094 0.099 0.003 0.035 0.180 0.021 0.016 0.005 0.002 0.430 0.070 0.016 
 31 FSSP_WM243    (6)    4 :  0.910 0.002 0.005 0.009 0.006 0.003 0.004 0.012 0.005 0.004 0.003 0.009 0.012 0.006 0.010 
 32 FSSP_WM244    (5)    4 :  0.041 0.003 0.034 0.025 0.076 0.019 0.404 0.071 0.064 0.012 0.096 0.012 0.102 0.027 0.014 
 33 FSSP_WM245   (10)    4 :  0.428 0.002 0.006 0.058 0.080 0.002 0.021 0.111 0.017 0.017 0.005 0.003 0.191 0.050 0.010 
 34 FSSP_WM246    (6)    4 :  0.145 0.003 0.013 0.065 0.093 0.005 0.085 0.137 0.020 0.021 0.006 0.007 0.281 0.102 0.016 
 35 FSSP_WM247    (3)    4 :  0.854 0.002 0.007 0.014 0.012 0.005 0.009 0.023 0.015 0.005 0.016 0.009 0.015 0.006 0.008 
 36 FSSP_WM248    (9)    4 :  0.887 0.002 0.017 0.007 0.012 0.003 0.011 0.008 0.005 0.005 0.012 0.004 0.012 0.006 0.008 
 37 FSSP_WM249    (6)    4 :  0.828 0.003 0.028 0.014 0.020 0.004 0.008 0.017 0.007 0.013 0.004 0.005 0.027 0.014 0.009 
 38 FSSP_WM250    (2)    4 :  0.490 0.002 0.053 0.027 0.026 0.018 0.208 0.064 0.010 0.013 0.004 0.012 0.033 0.027 0.014 
 39 HNL_WM301    (3)    5 :  0.007 0.911 0.004 0.005 0.007 0.003 0.007 0.009 0.006 0.011 0.003 0.002 0.013 0.009 0.003 
 40 HNL_WM302    (2)    5 :  0.004 0.950 0.003 0.003 0.005 0.003 0.004 0.003 0.005 0.005 0.003 0.002 0.006 0.005 0.002 
 41 HNL_WM303    (2)    5 :  0.008 0.894 0.005 0.008 0.010 0.003 0.011 0.010 0.006 0.008 0.003 0.002 0.019 0.012 0.002 
 42 HNL_WM304    (3)    5 :  0.010 0.826 0.007 0.008 0.017 0.003 0.015 0.020 0.010 0.028 0.004 0.002 0.031 0.014 0.004 
 43 HNL_WM305    (3)    5 :  0.006 0.928 0.004 0.007 0.006 0.003 0.006 0.005 0.004 0.006 0.003 0.004 0.009 0.005 0.005 
 44 HNL_WM306    (0)    5 :  0.005 0.930 0.003 0.005 0.007 0.002 0.005 0.006 0.005 0.008 0.003 0.003 0.007 0.006 0.004 
 45 HNL_WM307    (3)    5 :  0.007 0.911 0.004 0.006 0.011 0.003 0.006 0.007 0.006 0.006 0.004 0.002 0.014 0.009 0.004 
 46 HNL_WM308    (3)    5 :  0.007 0.895 0.004 0.006 0.010 0.003 0.007 0.011 0.007 0.014 0.003 0.003 0.018 0.010 0.002 
 47 HNL_WM309    (0)    5 :  0.008 0.855 0.005 0.010 0.012 0.004 0.008 0.016 0.010 0.019 0.004 0.007 0.025 0.012 0.006 
 48 HNL_WM310   (10)    5 :  0.008 0.887 0.005 0.004 0.012 0.003 0.013 0.012 0.006 0.014 0.004 0.002 0.018 0.009 0.003 
 49 MPO_WM482    (2)    6 :  0.008 0.003 0.005 0.007 0.008 0.003 0.006 0.009 0.006 0.008 0.005 0.002 0.012 0.915 0.003 
 50 MPO_WM483    (3)    6 :  0.023 0.003 0.008 0.062 0.061 0.004 0.041 0.113 0.021 0.014 0.006 0.003 0.188 0.440 0.012 
 51 MPO_WM484    (1)    6 :  0.016 0.002 0.005 0.026 0.036 0.002 0.019 0.068 0.013 0.008 0.004 0.002 0.107 0.682 0.010 
 52 MPO_WM485    (0)    6 :  0.029 0.002 0.006 0.030 0.012 0.004 0.017 0.025 0.007 0.005 0.005 0.006 0.028 0.808 0.014 
 53 MPO_WM486   (21)    6 :  0.028 0.002 0.007 0.066 0.155 0.005 0.055 0.186 0.023 0.014 0.007 0.003 0.376 0.062 0.012 
 54 MPO_WM487   (19)    6 :  0.018 0.002 0.009 0.025 0.061 0.004 0.023 0.122 0.012 0.016 0.005 0.003 0.116 0.580 0.005 
 55 MPO_WM488    (9)    6 :  0.017 0.002 0.007 0.075 0.082 0.003 0.032 0.169 0.018 0.014 0.003 0.002 0.481 0.084 0.009 
 56 MPO_WM489    (3)    6 :  0.007 0.003 0.023 0.012 0.012 0.007 0.010 0.013 0.085 0.005 0.004 0.003 0.021 0.790 0.004 
 57 MPO_WM490   (24)    6 :  0.011 0.002 0.009 0.071 0.093 0.005 0.047 0.189 0.020 0.016 0.007 0.003 0.438 0.081 0.008 
 58 MPO_WM491   (11)    6 :  0.016 0.002 0.009 0.078 0.071 0.003 0.057 0.197 0.017 0.012 0.004 0.002 0.466 0.055 0.011 
 59 OICP_WM541    (1)    7 :  0.007 0.002 0.003 0.005 0.925 0.002 0.006 0.012 0.006 0.006 0.003 0.001 0.014 0.006 0.003 
 60 OICP_WM542    (2)    7 :  0.006 0.001 0.004 0.012 0.914 0.002 0.007 0.010 0.011 0.005 0.003 0.001 0.014 0.007 0.003 
 61 OICP_WM543    (0)    7 :  0.006 0.002 0.003 0.005 0.911 0.002 0.006 0.010 0.019 0.005 0.002 0.001 0.016 0.009 0.002 
 62 OICP_WM544    (1)    7 :  0.034 0.002 0.017 0.084 0.231 0.004 0.027 0.050 0.340 0.012 0.005 0.021 0.102 0.042 0.028 
 63 OICP_WM545    (0)    7 :  0.007 0.002 0.005 0.020 0.878 0.003 0.006 0.014 0.007 0.004 0.004 0.002 0.024 0.016 0.008 
 64 OICP_WM546    (3)    7 :  0.009 0.002 0.005 0.067 0.656 0.002 0.024 0.053 0.043 0.009 0.003 0.002 0.066 0.016 0.042 
 65 OICP_WM547    (2)    7 :  0.011 0.002 0.006 0.079 0.583 0.003 0.029 0.072 0.060 0.009 0.003 0.002 0.075 0.019 0.046 
 66 OICP_WM548    (3)    7 :  0.005 0.002 0.005 0.011 0.905 0.003 0.008 0.009 0.013 0.004 0.003 0.002 0.016 0.013 0.002 
 67 OICP_WM549    (0)    7 :  0.005 0.002 0.003 0.004 0.930 0.003 0.005 0.005 0.016 0.004 0.002 0.001 0.011 0.007 0.003 
 68 OICP_WM550    (1)    7 :  0.006 0.002 0.005 0.008 0.920 0.002 0.007 0.009 0.006 0.005 0.003 0.002 0.014 0.009 0.003 
 69 IRO_WM601    (2)    8 :  0.057 0.002 0.098 0.027 0.114 0.005 0.022 0.037 0.489 0.007 0.025 0.022 0.042 0.016 0.036 
 70 IRO_WM602    (1)    8 :  0.017 0.003 0.009 0.084 0.443 0.004 0.074 0.045 0.154 0.009 0.005 0.009 0.070 0.026 0.047 
 71 IRO_WM603    (2)    8 :  0.042 0.002 0.254 0.034 0.015 0.004 0.012 0.017 0.251 0.009 0.166 0.083 0.036 0.022 0.054 
 72 IRO_WM604    (0)    8 :  0.012 0.002 0.031 0.053 0.012 0.012 0.612 0.037 0.014 0.007 0.006 0.109 0.026 0.010 0.056 
 73 IRO_WM605    (3)    8 :  0.006 0.002 0.041 0.006 0.010 0.014 0.697 0.007 0.180 0.004 0.003 0.002 0.011 0.013 0.003 
 74 IRO_WM606    (3)    8 :  0.019 0.002 0.009 0.023 0.031 0.026 0.756 0.025 0.011 0.007 0.005 0.004 0.041 0.035 0.006 
 75 IRO_WM607    (2)    8 :  0.206 0.002 0.054 0.029 0.072 0.014 0.304 0.097 0.040 0.014 0.007 0.013 0.076 0.027 0.045 
 76 IRO_WM608    (0)    8 :  0.056 0.002 0.044 0.069 0.168 0.012 0.022 0.049 0.272 0.007 0.016 0.102 0.055 0.022 0.106 
 77 IRO_WM609    (0)    8 :  0.017 0.003 0.029 0.078 0.087 0.016 0.176 0.116 0.079 0.013 0.029 0.074 0.185 0.041 0.058 
 78 IRO_WM610   (13)    8 :  0.284 0.003 0.013 0.050 0.031 0.053 0.051 0.099 0.016 0.015 0.044 0.010 0.114 0.208 0.010 
 79 HGRF_WM661    (5)    9 :  0.010 0.002 0.005 0.089 0.572 0.003 0.023 0.061 0.074 0.008 0.004 0.002 0.090 0.025 0.031 
 80 HGRF_WM662    (5)    9 :  0.016 0.002 0.005 0.087 0.098 0.003 0.022 0.206 0.015 0.016 0.004 0.002 0.463 0.051 0.009 
 81 HGRF_WM663    (4)    9 :  0.013 0.002 0.005 0.085 0.580 0.003 0.037 0.068 0.054 0.009 0.004 0.002 0.080 0.024 0.034 
 82 HGRF_WM664    (3)    9 :  0.013 0.002 0.006 0.081 0.195 0.003 0.025 0.184 0.017 0.009 0.003 0.003 0.400 0.035 0.024 
 83 HGRF_WM665    (1)    9 :  0.018 0.003 0.008 0.108 0.551 0.005 0.035 0.051 0.059 0.009 0.005 0.011 0.078 0.025 0.034 
 84 HGRF_WM666    (5)    9 :  0.012 0.002 0.006 0.082 0.082 0.003 0.034 0.193 0.021 0.022 0.004 0.002 0.466 0.059 0.011 
 85 HGRF_WM667    (0)    9 :  0.013 0.002 0.006 0.076 0.133 0.003 0.033 0.197 0.014 0.011 0.004 0.001 0.424 0.071 0.012 
 86 HGRF_WM668    (4)    9 :  0.012 0.002 0.005 0.075 0.590 0.004 0.031 0.073 0.050 0.008 0.004 0.002 0.089 0.017 0.038 
 87 HGRF_WM669    (5)    9 :  0.012 0.002 0.005 0.089 0.092 0.003 0.031 0.149 0.013 0.022 0.004 0.002 0.484 0.085 0.006 
 88 HGRF_WM670    (9)    9 :  0.015 0.002 0.007 0.083 0.176 0.003 0.026 0.194 0.039 0.010 0.004 0.003 0.386 0.040 0.013 
 89 PTP_WM721    (2)   10 :  0.019 0.003 0.008 0.075 0.083 0.007 0.045 0.159 0.020 0.018 0.006 0.008 0.443 0.088 0.017 
 90 PTP_WM722    (2)   10 :  0.014 0.003 0.008 0.027 0.012 0.004 0.011 0.026 0.007 0.009 0.006 0.010 0.835 0.017 0.010 
 91 PTP_WM723   (25)   10 :  0.015 0.003 0.009 0.075 0.132 0.004 0.064 0.179 0.018 0.018 0.005 0.002 0.397 0.072 0.008 
 92 PTP_WM724   (13)   10 :  0.016 0.002 0.012 0.067 0.093 0.003 0.034 0.211 0.020 0.016 0.005 0.002 0.428 0.080 0.010 
 93 PTP_WM725   (25)   10 :  0.030 0.003 0.011 0.083 0.095 0.004 0.029 0.188 0.023 0.030 0.004 0.002 0.384 0.103 0.013 
 94 PTP_WM726   (13)   10 :  0.015 0.002 0.007 0.081 0.100 0.003 0.048 0.197 0.027 0.012 0.004 0.003 0.424 0.065 0.011 
 95 PTP_WM727   (10)   10 :  0.010 0.002 0.007 0.073 0.077 0.003 0.069 0.177 0.010 0.016 0.004 0.002 0.479 0.063 0.009 
 96 PTP_WM728    (8)   10 :  0.018 0.002 0.007 0.086 0.124 0.003 0.033 0.204 0.016 0.013 0.003 0.002 0.412 0.060 0.015 
 97 PTP_WM729    (9)   10 :  0.008 0.002 0.003 0.005 0.017 0.003 0.009 0.018 0.004 0.007 0.003 0.002 0.895 0.020 0.003 
 98 PTP_WM730    (8)   10 :  0.008 0.002 0.004 0.005 0.007 0.003 0.006 0.011 0.008 0.006 0.003 0.002 0.914 0.018 0.003 
 99 RRL_WM782    (9)   11 :  0.013 0.003 0.008 0.085 0.089 0.003 0.040 0.188 0.017 0.016 0.005 0.002 0.461 0.058 0.012 
100 RRL_WM783    (8)   11 :  0.011 0.002 0.826 0.006 0.012 0.005 0.011 0.011 0.054 0.006 0.019 0.005 0.011 0.012 0.008 
101 RRL_WM784    (1)   11 :  0.010 0.002 0.835 0.016 0.011 0.006 0.023 0.017 0.008 0.008 0.011 0.004 0.026 0.017 0.006 
102 RRL_WM785    (1)   11 :  0.010 0.002 0.007 0.086 0.104 0.003 0.025 0.229 0.013 0.011 0.004 0.002 0.448 0.045 0.012 
103 RRL_WM786    (2)   11 :  0.034 0.002 0.818 0.005 0.008 0.019 0.063 0.010 0.006 0.004 0.005 0.004 0.010 0.007 0.004 
104 RRL_WM787    (3)   11 :  0.018 0.002 0.679 0.021 0.082 0.007 0.010 0.013 0.102 0.007 0.007 0.015 0.012 0.005 0.020 
105 RRL_WM788    (0)   11 :  0.020 0.002 0.713 0.049 0.008 0.003 0.004 0.016 0.006 0.004 0.007 0.096 0.009 0.005 0.058 
106 RRL_WM789    (2)   11 :  0.006 0.002 0.908 0.004 0.007 0.005 0.004 0.006 0.025 0.003 0.011 0.002 0.008 0.005 0.004 
107 RRL_WM790    (0)   11 :  0.010 0.002 0.447 0.051 0.029 0.013 0.190 0.036 0.010 0.009 0.005 0.081 0.041 0.018 0.058 
108 RRL_WM791    (0)   11 :  0.069 0.002 0.665 0.014 0.020 0.004 0.025 0.040 0.060 0.010 0.004 0.010 0.052 0.015 0.009 
109 RRO_WM842    (0)   12 :  0.026 0.003 0.794 0.010 0.017 0.009 0.063 0.016 0.009 0.007 0.007 0.003 0.019 0.013 0.006 
110 RRO_WM843    (7)   12 :  0.010 0.002 0.452 0.017 0.017 0.005 0.043 0.020 0.023 0.009 0.329 0.035 0.015 0.013 0.010 
111 RRO_WM844    (2)   12 :  0.011 0.003 0.047 0.017 0.035 0.006 0.382 0.050 0.012 0.009 0.335 0.003 0.058 0.026 0.006 
112 RRO_WM845    (4)   12 :  0.005 0.002 0.878 0.006 0.011 0.003 0.008 0.012 0.008 0.004 0.042 0.002 0.010 0.007 0.002 
113 RRO_WM846   (10)   12 :  0.020 0.002 0.747 0.024 0.025 0.005 0.019 0.028 0.019 0.015 0.021 0.003 0.045 0.022 0.003 
114 RRO_WM847    (6)   12 :  0.012 0.003 0.624 0.009 0.017 0.013 0.104 0.024 0.039 0.010 0.085 0.012 0.026 0.011 0.011 
115 RRO_WM848    (4)   12 :  0.062 0.003 0.438 0.031 0.066 0.006 0.023 0.089 0.059 0.016 0.014 0.009 0.140 0.033 0.013 
116 RRO_WM849    (5)   12 :  0.011 0.003 0.591 0.007 0.018 0.003 0.017 0.019 0.269 0.008 0.013 0.003 0.023 0.011 0.003 
117 RRO_WM850    (2)   12 :  0.011 0.002 0.850 0.010 0.020 0.003 0.013 0.017 0.009 0.007 0.006 0.002 0.032 0.012 0.006 
118 RRO_WM851    (1)   12 :  0.012 0.002 0.535 0.032 0.046 0.005 0.018 0.072 0.020 0.016 0.061 0.004 0.131 0.042 0.004 
119 CPS_WM901    (2)   13 :  0.009 0.002 0.021 0.005 0.009 0.005 0.016 0.007 0.010 0.005 0.880 0.002 0.014 0.012 0.003 
120 CPS_WM902    (2)   13 :  0.007 0.002 0.005 0.004 0.051 0.013 0.005 0.009 0.034 0.005 0.843 0.003 0.009 0.008 0.003 
121 CPS_WM903    (5)   13 :  0.007 0.002 0.010 0.004 0.007 0.010 0.012 0.005 0.004 0.003 0.920 0.002 0.005 0.006 0.002 
122 CPS_WM904    (1)   13 :  0.008 0.002 0.009 0.013 0.010 0.014 0.008 0.014 0.010 0.007 0.854 0.018 0.014 0.009 0.010 
123 CPS_WM905    (2)   13 :  0.030 0.002 0.008 0.016 0.007 0.007 0.006 0.020 0.010 0.005 0.804 0.038 0.008 0.017 0.021 
124 CPS_WM906    (3)   13 :  0.008 0.002 0.007 0.011 0.015 0.003 0.009 0.011 0.012 0.008 0.876 0.009 0.015 0.012 0.004 
125 CPS_WM907    (6)   13 :  0.011 0.003 0.009 0.017 0.025 0.003 0.011 0.035 0.011 0.011 0.781 0.002 0.062 0.016 0.003 
126 CPS_WM908    (3)   13 :  0.015 0.003 0.013 0.021 0.028 0.011 0.025 0.028 0.013 0.014 0.747 0.006 0.047 0.020 0.008 
127 CPS_WM909    (2)   13 :  0.012 0.002 0.009 0.015 0.025 0.005 0.014 0.022 0.013 0.013 0.809 0.002 0.040 0.015 0.004 
128 CPS_WM910    (1)   13 :  0.010 0.002 0.006 0.013 0.012 0.003 0.008 0.011 0.007 0.008 0.879 0.008 0.016 0.011 0.006 
129 PPNP_WM962    (1)   14 :  0.005 0.004 0.003 0.003 0.005 0.002 0.004 0.007 0.004 0.942 0.003 0.003 0.007 0.006 0.003 
130 PPNP_WM963    (0)   14 :  0.016 0.012 0.008 0.016 0.027 0.005 0.018 0.028 0.009 0.776 0.004 0.006 0.047 0.020 0.009 
131 PPNP_WM964    (0)   14 :  0.008 0.038 0.003 0.012 0.007 0.003 0.005 0.010 0.007 0.856 0.004 0.016 0.010 0.008 0.014 
132 PPNP_WM965    (4)   14 :  0.009 0.002 0.004 0.010 0.013 0.003 0.008 0.013 0.006 0.885 0.003 0.002 0.025 0.010 0.006 
133 PPNP_WM966    (4)   14 :  0.004 0.002 0.003 0.003 0.007 0.002 0.007 0.005 0.004 0.944 0.003 0.002 0.009 0.004 0.002 
134 PPNP_WM967    (4)   14 :  0.012 0.003 0.006 0.015 0.025 0.004 0.018 0.030 0.008 0.793 0.003 0.002 0.059 0.018 0.004 
135 PPNP_WM968    (5)   14 :  0.029 0.012 0.008 0.057 0.096 0.004 0.041 0.155 0.024 0.143 0.005 0.006 0.295 0.117 0.009 
136 PPNP_WM969    (2)   14 :  0.009 0.002 0.005 0.021 0.015 0.003 0.010 0.038 0.008 0.820 0.004 0.002 0.050 0.013 0.002 
137 PPNP_WM970    (2)   14 :  0.010 0.003 0.007 0.011 0.029 0.003 0.016 0.025 0.012 0.790 0.004 0.002 0.063 0.020 0.005 
138 PPNP_WM971    (2)   14 :  0.010 0.002 0.005 0.016 0.020 0.003 0.016 0.050 0.009 0.790 0.003 0.002 0.054 0.017 0.004 
139 FPPI_WM1021    (4)   15 :  0.011 0.003 0.006 0.015 0.018 0.004 0.012 0.013 0.014 0.840 0.005 0.007 0.031 0.013 0.007 
140 FPPI_WM1022    (4)   15 :  0.011 0.013 0.006 0.019 0.033 0.002 0.012 0.025 0.009 0.573 0.004 0.006 0.038 0.243 0.006 
141 FPPI_WM1023    (1)   15 :  0.007 0.004 0.004 0.009 0.018 0.003 0.009 0.020 0.008 0.856 0.003 0.002 0.037 0.015 0.004 
142 FPPI_WM1024    (5)   15 :  0.008 0.002 0.007 0.009 0.016 0.003 0.012 0.035 0.010 0.816 0.004 0.002 0.052 0.017 0.007 
143 FPPI_WM1025    (6)   15 :  0.007 0.004 0.006 0.022 0.034 0.003 0.011 0.035 0.012 0.798 0.003 0.002 0.041 0.019 0.003 
144 FPPI_WM1026    (1)   15 :  0.008 0.003 0.003 0.003 0.006 0.003 0.006 0.006 0.005 0.929 0.003 0.003 0.012 0.007 0.003 
145 FPPI_WM1027    (3)   15 :  0.005 0.001 0.003 0.003 0.005 0.003 0.006 0.006 0.005 0.946 0.003 0.002 0.007 0.004 0.002 
146 FPPI_WM1028    (2)   15 :  0.008 0.004 0.006 0.005 0.011 0.004 0.007 0.008 0.007 0.902 0.003 0.002 0.022 0.009 0.002 
147 FPPI_WM1029    (3)   15 :  0.016 0.019 0.005 0.046 0.045 0.003 0.022 0.093 0.014 0.541 0.004 0.002 0.139 0.041 0.009 
148 FPPI_WM1030    (1)   15 :  0.006 0.004 0.006 0.012 0.009 0.004 0.007 0.010 0.006 0.889 0.003 0.012 0.011 0.008 0.013 
149 CRWA_WM1082    (2)   16 :  0.925 0.001 0.004 0.004 0.005 0.001 0.005 0.025 0.004 0.004 0.002 0.002 0.009 0.006 0.002 
150 CRWA_WM1084    (5)   16 :  0.565 0.002 0.007 0.035 0.133 0.006 0.058 0.057 0.044 0.007 0.003 0.002 0.021 0.014 0.043 
151 CRWA_WM1085    (2)   16 :  0.693 0.002 0.008 0.033 0.030 0.008 0.036 0.065 0.017 0.007 0.003 0.002 0.045 0.018 0.031 
152 CRWA_WM1086    (9)   16 :  0.269 0.003 0.049 0.057 0.058 0.005 0.046 0.073 0.039 0.013 0.004 0.008 0.127 0.192 0.057 
153 CRWA_WM1087    (0)   16 :  0.508 0.002 0.006 0.040 0.020 0.013 0.016 0.134 0.014 0.009 0.016 0.066 0.081 0.020 0.053 
154 CRWA_WM1088    (1)   16 :  0.183 0.002 0.008 0.085 0.222 0.022 0.075 0.071 0.085 0.009 0.006 0.024 0.055 0.074 0.080 
155 CRWA_WM1089    (3)   16 :  0.682 0.002 0.007 0.037 0.023 0.004 0.018 0.065 0.034 0.008 0.004 0.002 0.080 0.027 0.006 
156 CRWA_WM1090    (0)   16 :  0.331 0.002 0.017 0.029 0.024 0.050 0.278 0.110 0.013 0.008 0.004 0.005 0.074 0.027 0.030 
157 CRWA_WM1092    (1)   16 :  0.563 0.003 0.006 0.036 0.017 0.011 0.009 0.113 0.035 0.008 0.004 0.077 0.049 0.026 0.044 
158 CRWA_WM1093    (1)   16 :  0.572 0.002 0.006 0.038 0.100 0.005 0.010 0.074 0.056 0.007 0.004 0.033 0.028 0.018 0.048 
159 PCRA_WM1141    (3)   17 :  0.088 0.002 0.013 0.016 0.032 0.558 0.181 0.024 0.011 0.010 0.006 0.002 0.041 0.011 0.004 
160 PCRA_WM1142    (3)   17 :  0.017 0.002 0.007 0.031 0.037 0.669 0.040 0.062 0.023 0.012 0.006 0.002 0.065 0.021 0.005 
161 PCRA_WM1143    (1)   17 :  0.010 0.002 0.009 0.018 0.071 0.459 0.129 0.095 0.021 0.018 0.005 0.002 0.117 0.040 0.005 
162 PCRA_WM1144    (2)   17 :  0.009 0.002 0.526 0.017 0.017 0.014 0.019 0.031 0.269 0.010 0.013 0.003 0.044 0.020 0.007 
163 PCRA_WM1145    (4)   17 :  0.028 0.002 0.014 0.040 0.074 0.365 0.120 0.100 0.014 0.016 0.021 0.006 0.159 0.035 0.006 
164 PCRA_WM1146    (2)   17 :  0.103 0.002 0.010 0.010 0.007 0.738 0.014 0.017 0.053 0.004 0.008 0.009 0.006 0.011 0.008 
165 PCRA_WM1147    (1)   17 :  0.195 0.002 0.008 0.062 0.045 0.125 0.270 0.087 0.014 0.012 0.003 0.003 0.116 0.019 0.038 
166 PCRA_WM1148    (0)   17 :  0.005 0.002 0.008 0.009 0.008 0.885 0.016 0.012 0.013 0.007 0.003 0.009 0.009 0.007 0.007 
167 PCRA_WM1149    (1)   17 :  0.013 0.002 0.015 0.014 0.026 0.736 0.012 0.011 0.031 0.007 0.088 0.012 0.012 0.011 0.011 
168 PCRA_WM1150    (0)   17 :  0.013 0.004 0.010 0.019 0.024 0.803 0.014 0.011 0.045 0.005 0.004 0.016 0.011 0.007 0.014 
169 DHFA_WM1202    (3)   18 :  0.020 0.711 0.007 0.015 0.022 0.005 0.027 0.038 0.016 0.017 0.006 0.003 0.087 0.023 0.004 
170 DHFA_WM1203    (1)   18 :  0.016 0.747 0.007 0.009 0.024 0.003 0.022 0.022 0.016 0.032 0.004 0.003 0.054 0.031 0.008 
171 DHFA_WM1204    (2)   18 :  0.018 0.780 0.007 0.017 0.032 0.004 0.015 0.027 0.015 0.013 0.007 0.003 0.043 0.018 0.004 
172 DHFA_WM1205    (5)   18 :  0.006 0.924 0.004 0.004 0.007 0.003 0.006 0.008 0.005 0.004 0.003 0.002 0.010 0.010 0.003 
173 DHFA_WM1206    (4)   18 :  0.008 0.908 0.004 0.007 0.012 0.003 0.006 0.007 0.004 0.009 0.003 0.002 0.013 0.009 0.004 
174 DHFA_WM1207    (2)   18 :  0.005 0.951 0.002 0.003 0.004 0.002 0.004 0.004 0.003 0.003 0.003 0.003 0.005 0.004 0.003 
175 DHFA_WM1208    (3)   18 :  0.008 0.918 0.003 0.005 0.009 0.003 0.006 0.008 0.006 0.008 0.004 0.002 0.010 0.008 0.003 
176 DHFA_WM1209    (1)   18 :  0.005 0.918 0.003 0.008 0.006 0.003 0.006 0.005 0.004 0.005 0.002 0.009 0.009 0.006 0.011 
177 DHFA_WM1210    (0)   18 :  0.003 0.961 0.002 0.004 0.003 0.001 0.002 0.003 0.002 0.002 0.002 0.005 0.004 0.002 0.004 
178 DHFA_WM1211    (2)   18 :  0.017 0.771 0.009 0.011 0.024 0.005 0.017 0.021 0.015 0.017 0.004 0.003 0.053 0.028 0.005 


Estimated Allele Frequencies in each cluster
First column gives estimated ancestral frequencies


Locus 1 : 953_21 
2 alleles
4.5% missing data
 120   (0.953) 0.999 0.997 0.998 0.970 1.000 0.995 0.999 0.983 0.999 0.904 0.997 0.959 1.000 0.999 0.961 
 100   (0.047) 0.001 0.003 0.002 0.030 0.000 0.005 0.001 0.017 0.001 0.096 0.003 0.041 0.000 0.001 0.039 

Locus 2 : 2370_26 
2 alleles
6.2% missing data
 110   (0.953) 0.999 0.997 0.998 0.970 1.000 0.995 0.999 0.984 0.999 0.797 0.997 0.959 1.000 0.999 0.961 
 130   (0.047) 0.001 0.003 0.002 0.030 0.000 0.005 0.001 0.016 0.001 0.203 0.003 0.041 0.000 0.001 0.039 

Locus 3 : 2692_87 
2 alleles
1.7% missing data
 130   (0.947) 0.999 0.766 0.998 0.967 1.000 0.995 0.999 0.982 0.999 0.999 0.997 0.955 1.000 0.999 0.956 
 120   (0.053) 0.001 0.234 0.002 0.033 0.000 0.005 0.001 0.018 0.001 0.001 0.003 0.045 0.000 0.001 0.044 

Locus 4 : 2828_58 
2 alleles
6.7% missing data
 100   (0.921) 0.996 0.995 0.995 0.939 0.993 0.828 0.998 0.966 0.985 0.998 0.994 0.908 0.999 0.998 0.919 
 120   (0.079) 0.004 0.005 0.005 0.061 0.007 0.172 0.002 0.034 0.015 0.002 0.006 0.092 0.001 0.002 0.081 

Locus 5 : 6398_73 
2 alleles
6.2% missing data
 130   (0.916) 0.998 0.646 0.996 0.946 1.000 0.992 0.999 0.971 0.998 0.802 0.995 0.927 1.000 0.999 0.929 
 100   (0.084) 0.002 0.354 0.004 0.054 0.000 0.008 0.001 0.029 0.002 0.198 0.005 0.073 0.000 0.001 0.071 

Locus 6 : 7469_71 
2 alleles
5.1% missing data
 130   (0.955) 0.998 0.997 0.997 0.967 1.000 0.993 0.999 0.982 0.998 0.998 0.996 0.957 0.992 0.999 0.960 
 110   (0.045) 0.002 0.003 0.003 0.033 0.000 0.007 0.001 0.018 0.002 0.002 0.004 0.043 0.008 0.001 0.040 

Locus 7 : 7615_47 
2 alleles
5.1% missing data
 130   (0.956) 0.997 0.996 0.997 0.968 0.999 0.993 0.998 0.981 0.998 0.998 0.996 0.958 0.997 0.997 0.960 
 100   (0.044) 0.003 0.004 0.003 0.032 0.001 0.007 0.002 0.019 0.002 0.002 0.004 0.042 0.003 0.003 0.040 

Locus 8 : 8211_10 
2 alleles
2.8% missing data
 120   (0.952) 0.999 0.937 0.998 0.968 1.000 0.995 0.999 0.983 0.999 0.999 0.997 0.958 1.000 0.999 0.960 
 100   (0.048) 0.001 0.063 0.002 0.032 0.000 0.005 0.001 0.017 0.001 0.001 0.003 0.042 0.000 0.001 0.040 

Locus 9 : 8394_14 
2 alleles
2.2% missing data
 110   (0.951) 0.999 0.997 0.998 0.969 1.000 0.995 0.999 0.983 0.999 0.868 0.997 0.958 1.000 0.999 0.959 
 130   (0.049) 0.001 0.003 0.002 0.031 0.000 0.005 0.001 0.017 0.001 0.132 0.003 0.042 0.000 0.001 0.041 

Locus 10 : 9621_63 
2 alleles
3.9% missing data
 130   (0.950) 0.999 0.940 0.998 0.968 1.000 0.995 0.999 0.982 0.999 0.999 0.997 0.957 1.000 0.999 0.958 
 110   (0.050) 0.001 0.060 0.002 0.032 0.000 0.005 0.001 0.018 0.001 0.001 0.003 0.043 0.000 0.001 0.042 

Locus 11 : 9880_35 
2 alleles
4.5% missing data
 120   (0.945) 0.999 0.708 0.998 0.964 1.000 0.995 0.999 0.982 0.999 0.999 0.996 0.951 1.000 0.999 0.953 
 100   (0.055) 0.001 0.292 0.002 0.036 0.000 0.005 0.001 0.018 0.001 0.001 0.004 0.049 0.000 0.001 0.047 

Locus 12 : 11163_16 
2 alleles
7.9% missing data
 130   (0.950) 0.999 0.915 0.998 0.967 1.000 0.995 0.999 0.982 0.999 0.999 0.997 0.957 1.000 0.999 0.957 
 110   (0.050) 0.001 0.085 0.002 0.033 0.000 0.005 0.001 0.018 0.001 0.001 0.003 0.043 0.000 0.001 0.043 

Locus 13 : 11991_31 
2 alleles
4.5% missing data
 120   (0.924) 0.990 0.995 0.982 0.941 0.999 0.988 0.993 0.964 0.991 0.998 0.995 0.904 0.999 0.998 0.916 
 100   (0.076) 0.010 0.005 0.018 0.059 0.001 0.012 0.007 0.036 0.009 0.002 0.005 0.096 0.001 0.002 0.084 

Locus 14 : 12766_17 
2 alleles
2.2% missing data
 120   (0.955) 0.999 0.997 0.998 0.970 1.000 0.933 0.999 0.983 0.999 0.999 0.995 0.960 1.000 0.999 0.961 
 100   (0.045) 0.001 0.003 0.002 0.030 0.000 0.067 0.001 0.017 0.001 0.001 0.005 0.040 0.000 0.001 0.039 

Locus 15 : 13496_14 
2 alleles
5.1% missing data
 110   (0.952) 0.999 0.997 0.998 0.969 1.000 0.995 1.000 0.984 0.999 0.999 0.688 0.958 1.000 0.999 0.959 
 100   (0.048) 0.001 0.003 0.002 0.031 0.000 0.005 0.000 0.016 0.001 0.001 0.312 0.042 0.000 0.001 0.041 

Locus 16 : 14394_41 
2 alleles
2.2% missing data
 130   (0.957) 0.999 0.997 0.998 0.971 1.000 0.930 0.999 0.983 0.999 0.999 0.998 0.962 1.000 0.999 0.963 
 110   (0.043) 0.001 0.003 0.002 0.029 0.000 0.070 0.001 0.017 0.001 0.001 0.002 0.038 0.000 0.001 0.037 

Locus 17 : 16285_24 
2 alleles
6.2% missing data
 130   (0.951) 0.999 0.876 0.998 0.969 1.000 0.995 0.999 0.984 0.999 0.999 0.997 0.957 1.000 0.999 0.960 
 100   (0.049) 0.001 0.124 0.002 0.031 0.000 0.005 0.001 0.016 0.001 0.001 0.003 0.043 0.000 0.001 0.040 

Locus 18 : 18821_69 
2 alleles
7.3% missing data
 120   (0.953) 0.999 0.997 0.998 0.969 1.000 0.995 0.999 0.983 0.999 0.999 0.997 0.960 1.000 0.749 0.961 
 110   (0.047) 0.001 0.003 0.002 0.031 0.000 0.005 0.001 0.017 0.001 0.001 0.003 0.040 0.000 0.251 0.039 

Locus 19 : 19006_32 
2 alleles
6.7% missing data
 120   (0.915) 0.998 0.663 0.996 0.945 1.000 0.992 0.999 0.971 0.998 0.803 0.995 0.926 1.000 0.999 0.928 
 110   (0.085) 0.002 0.337 0.004 0.055 0.000 0.008 0.001 0.029 0.002 0.197 0.005 0.074 0.000 0.001 0.072 

Locus 20 : 19602_58 
2 alleles
4.5% missing data
 120   (0.955) 0.999 0.974 0.998 0.971 1.000 0.996 1.000 0.985 0.999 0.999 0.997 0.961 1.000 0.999 0.962 
 100   (0.045) 0.001 0.026 0.002 0.029 0.000 0.004 0.000 0.015 0.001 0.001 0.003 0.039 0.000 0.001 0.038 

Locus 21 : 20143_24 
2 alleles
3.4% missing data
 120   (0.956) 0.998 0.997 0.998 0.971 1.000 0.995 1.000 0.983 0.999 0.999 0.968 0.956 1.000 0.999 0.962 
 100   (0.044) 0.002 0.003 0.002 0.029 0.000 0.005 0.000 0.017 0.001 0.001 0.032 0.044 0.000 0.001 0.038 

Locus 22 : 21661_29 
2 alleles
2.2% missing data
 120   (0.950) 0.999 0.893 0.998 0.968 1.000 0.995 0.999 0.983 0.999 0.999 0.997 0.957 1.000 0.999 0.958 
 100   (0.050) 0.001 0.107 0.002 0.032 0.000 0.005 0.001 0.017 0.001 0.001 0.003 0.043 0.000 0.001 0.042 

Locus 23 : 22603_12 
2 alleles
5.1% missing data
 130   (0.952) 0.999 0.945 0.998 0.969 1.000 0.995 0.999 0.984 0.999 0.999 0.997 0.957 1.000 0.999 0.959 
 110   (0.048) 0.001 0.055 0.002 0.031 0.000 0.005 0.001 0.016 0.001 0.001 0.003 0.043 0.000 0.001 0.041 

Locus 24 : 25109_23 
2 alleles
1.7% missing data
 120   (0.935) 0.853 0.996 0.997 0.956 0.999 0.951 0.994 0.975 0.997 0.998 0.995 0.940 0.999 0.999 0.944 
 100   (0.065) 0.147 0.004 0.003 0.044 0.001 0.049 0.006 0.025 0.003 0.002 0.005 0.060 0.001 0.001 0.056 

Locus 25 : 25511_77 
2 alleles
5.1% missing data
 130   (0.953) 0.999 0.997 0.998 0.969 1.000 0.995 0.999 0.983 0.999 0.942 0.997 0.959 1.000 0.999 0.960 
 110   (0.047) 0.001 0.003 0.002 0.031 0.000 0.005 0.001 0.017 0.001 0.058 0.003 0.041 0.000 0.001 0.040 

Locus 26 : 26816_9 
2 alleles
5.6% missing data
 110   (0.868) 0.718 0.991 0.815 0.890 0.999 0.985 0.984 0.939 0.962 0.997 0.986 0.824 0.999 0.996 0.848 
 130   (0.132) 0.282 0.009 0.185 0.110 0.001 0.015 0.016 0.061 0.038 0.003 0.014 0.176 0.001 0.004 0.152 

Locus 27 : 29455_86 
2 alleles
5.6% missing data
 120   (0.956) 0.999 0.997 0.998 0.968 1.000 0.992 0.995 0.982 0.998 0.999 0.997 0.952 1.000 0.999 0.961 
 110   (0.044) 0.001 0.003 0.002 0.032 0.000 0.008 0.005 0.018 0.002 0.001 0.003 0.048 0.000 0.001 0.039 

Locus 28 : 30970_30 
2 alleles
6.7% missing data
 120   (0.956) 0.999 0.997 0.998 0.971 1.000 0.994 0.999 0.984 0.999 0.999 0.961 0.961 1.000 0.999 0.963 
 110   (0.044) 0.001 0.003 0.002 0.029 0.000 0.006 0.001 0.016 0.001 0.001 0.039 0.039 0.000 0.001 0.037 

Locus 29 : 33052_5 
2 alleles
1.1% missing data
 130   (0.954) 0.993 0.997 0.998 0.968 1.000 0.995 0.999 0.979 0.999 0.999 0.997 0.959 1.000 0.979 0.960 
 110   (0.046) 0.007 0.003 0.002 0.032 0.000 0.005 0.001 0.021 0.001 0.001 0.003 0.041 0.000 0.021 0.040 

Locus 30 : 33744_32 
2 alleles
2.8% missing data
 130   (0.951) 0.999 0.997 0.998 0.968 1.000 0.995 0.999 0.984 0.999 0.999 0.997 0.957 1.000 0.894 0.958 
 110   (0.049) 0.001 0.003 0.002 0.032 0.000 0.005 0.001 0.016 0.001 0.001 0.003 0.043 0.000 0.106 0.042 

Locus 31 : 34805_8 
2 alleles
4.5% missing data
 110   (0.934) 0.998 0.996 0.997 0.955 1.000 0.750 0.994 0.975 0.998 0.999 0.996 0.936 1.000 0.999 0.943 
 120   (0.066) 0.002 0.004 0.003 0.045 0.000 0.250 0.006 0.025 0.002 0.001 0.004 0.064 0.000 0.001 0.057 

Locus 32 : 35345_10 
2 alleles
5.1% missing data
 130   (0.950) 0.997 0.997 0.997 0.963 0.999 0.993 0.998 0.980 0.998 0.999 0.996 0.955 0.999 0.942 0.956 
 110   (0.050) 0.003 0.003 0.003 0.037 0.001 0.007 0.002 0.020 0.002 0.001 0.004 0.045 0.001 0.058 0.044 

Locus 33 : 35769_30 
2 alleles
6.2% missing data
 110   (0.938) 0.996 0.996 0.997 0.958 1.000 0.929 0.999 0.975 0.998 0.999 0.961 0.944 1.000 0.999 0.946 
 100   (0.062) 0.004 0.004 0.003 0.042 0.000 0.071 0.001 0.025 0.002 0.001 0.039 0.056 0.000 0.001 0.054 

Locus 34 : 35965_89 
2 alleles
3.4% missing data
 130   (0.957) 0.987 0.997 0.998 0.969 1.000 0.995 0.999 0.975 0.998 0.999 0.997 0.961 1.000 0.999 0.961 
 100   (0.043) 0.013 0.003 0.002 0.031 0.000 0.005 0.001 0.025 0.002 0.001 0.003 0.039 0.000 0.001 0.039 

Locus 35 : 39654_13 
2 alleles
5.6% missing data
 120   (0.953) 0.999 0.997 0.989 0.967 1.000 0.995 0.999 0.982 0.999 0.999 0.997 0.956 1.000 0.999 0.957 
 100   (0.047) 0.001 0.003 0.011 0.033 0.000 0.005 0.001 0.018 0.001 0.001 0.003 0.044 0.000 0.001 0.043 

Locus 36 : 39700_65 
2 alleles
3.4% missing data
 110   (0.955) 0.999 0.997 0.997 0.968 1.000 0.994 0.998 0.981 0.998 0.999 0.996 0.954 1.000 0.999 0.959 
 120   (0.045) 0.001 0.003 0.003 0.032 0.000 0.006 0.002 0.019 0.002 0.001 0.004 0.046 0.000 0.001 0.041 

Locus 37 : 40824_7 
2 alleles
5.1% missing data
 130   (0.953) 0.998 0.997 0.927 0.970 1.000 0.995 0.999 0.984 0.999 0.999 0.997 0.959 1.000 0.999 0.961 
 110   (0.047) 0.002 0.003 0.073 0.030 0.000 0.005 0.001 0.016 0.001 0.001 0.003 0.041 0.000 0.001 0.039 

Locus 38 : 41554_43 
2 alleles
7.3% missing data
 120   (0.953) 0.998 0.997 0.997 0.969 1.000 0.994 0.999 0.983 0.999 0.999 0.959 0.958 1.000 0.999 0.960 
 100   (0.047) 0.002 0.003 0.003 0.031 0.000 0.006 0.001 0.017 0.001 0.001 0.041 0.042 0.000 0.001 0.040 

Locus 39 : 42501_5 
2 alleles
5.6% missing data
 120   (0.950) 0.999 0.919 0.998 0.968 1.000 0.995 0.999 0.983 0.999 0.999 0.997 0.957 1.000 0.999 0.958 
 110   (0.050) 0.001 0.081 0.002 0.032 0.000 0.005 0.001 0.017 0.001 0.001 0.003 0.043 0.000 0.001 0.042 

Locus 40 : 42989_15 
2 alleles
3.4% missing data
 130   (0.955) 0.999 0.997 0.924 0.971 1.000 0.995 0.999 0.984 0.999 0.999 0.997 0.961 1.000 0.999 0.962 
 110   (0.045) 0.001 0.003 0.076 0.029 0.000 0.005 0.001 0.016 0.001 0.001 0.003 0.039 0.000 0.001 0.038 

Locus 41 : 44631_16 
2 alleles
5.6% missing data
 120   (0.952) 0.999 0.997 0.998 0.970 1.000 0.995 0.999 0.984 0.999 0.999 0.848 0.958 1.000 0.999 0.960 
 110   (0.048) 0.001 0.003 0.002 0.030 0.000 0.005 0.001 0.016 0.001 0.001 0.152 0.042 0.000 0.001 0.040 

Locus 42 : 45332_74 
2 alleles
3.4% missing data
 130   (0.880) 0.996 0.992 0.780 0.921 0.998 0.844 0.969 0.956 0.640 0.997 0.992 0.892 1.000 0.987 0.896 
 110   (0.120) 0.004 0.008 0.220 0.079 0.002 0.156 0.031 0.044 0.360 0.003 0.008 0.108 0.000 0.013 0.104 

Locus 43 : 45964_12 
2 alleles
2.2% missing data
 100   (0.956) 0.999 0.995 0.998 0.970 1.000 0.995 0.999 0.983 0.999 0.982 0.997 0.959 1.000 0.999 0.961 
 130   (0.044) 0.001 0.005 0.002 0.030 0.000 0.005 0.001 0.017 0.001 0.018 0.003 0.041 0.000 0.001 0.039 

Locus 44 : 47772_18 
2 alleles
1.7% missing data
 120   (0.949) 0.999 0.815 0.998 0.968 1.000 0.995 0.999 0.983 0.999 0.999 0.997 0.955 1.000 0.999 0.957 
 100   (0.051) 0.001 0.185 0.002 0.032 0.000 0.005 0.001 0.017 0.001 0.001 0.003 0.045 0.000 0.001 0.043 

Locus 45 : 48505_7 
2 alleles
2.8% missing data
 130   (0.956) 0.999 0.997 0.998 0.969 0.999 0.995 0.999 0.982 0.984 0.999 0.997 0.959 1.000 0.999 0.960 
 110   (0.044) 0.001 0.003 0.002 0.031 0.001 0.005 0.001 0.018 0.016 0.001 0.003 0.041 0.000 0.001 0.040 

Locus 46 : 49838_13 
2 alleles
5.1% missing data
 120   (0.953) 0.999 0.997 0.998 0.971 1.000 0.995 0.999 0.984 0.874 0.999 0.997 0.959 1.000 0.999 0.961 
 100   (0.047) 0.001 0.003 0.002 0.029 0.000 0.005 0.001 0.016 0.126 0.001 0.003 0.041 0.000 0.001 0.039 

Locus 47 : 50793_47 
2 alleles
6.2% missing data
 120   (0.948) 0.998 0.996 0.864 0.966 1.000 0.994 0.999 0.982 0.998 0.999 0.989 0.955 1.000 0.999 0.957 
 100   (0.052) 0.002 0.004 0.136 0.034 0.000 0.006 0.001 0.018 0.002 0.001 0.011 0.045 0.000 0.001 0.043 

Locus 48 : 51471_5 
2 alleles
2.2% missing data
 110   (0.954) 0.999 0.997 0.998 0.970 1.000 0.995 0.999 0.983 0.999 0.945 0.997 0.959 1.000 0.999 0.961 
 120   (0.046) 0.001 0.003 0.002 0.030 0.000 0.005 0.001 0.017 0.001 0.055 0.003 0.041 0.000 0.001 0.039 

Locus 49 : 52408_45 
2 alleles
2.2% missing data
 130   (0.954) 0.999 0.997 0.998 0.971 1.000 0.995 1.000 0.985 0.999 0.999 0.812 0.960 1.000 0.999 0.962 
 110   (0.046) 0.001 0.003 0.002 0.029 0.000 0.005 0.000 0.015 0.001 0.001 0.188 0.040 0.000 0.001 0.038 

Locus 50 : 53046_18 
2 alleles
0.6% missing data
 120   (0.935) 0.998 0.996 0.927 0.958 1.000 0.993 0.999 0.976 0.998 0.999 0.996 0.942 1.000 0.994 0.940 
 100   (0.065) 0.002 0.004 0.073 0.042 0.000 0.007 0.001 0.024 0.002 0.001 0.004 0.058 0.000 0.006 0.060 

Locus 51 : 53230_50 
2 alleles
4.5% missing data
 120   (0.954) 0.999 0.997 0.998 0.970 1.000 0.996 0.999 0.984 0.999 0.902 0.997 0.960 1.000 0.999 0.962 
 110   (0.046) 0.001 0.003 0.002 0.030 0.000 0.004 0.001 0.016 0.001 0.098 0.003 0.040 0.000 0.001 0.038 

Locus 52 : 53957_5 
2 alleles
3.9% missing data
 130   (0.954) 0.999 0.997 0.991 0.968 1.000 0.995 0.999 0.980 0.999 0.999 0.997 0.957 1.000 0.999 0.959 
 110   (0.046) 0.001 0.003 0.009 0.032 0.000 0.005 0.001 0.020 0.001 0.001 0.003 0.043 0.000 0.001 0.041 

Locus 53 : 58003_89 
2 alleles
3.9% missing data
 120   (0.947) 0.972 0.996 0.995 0.962 0.999 0.991 0.989 0.974 0.998 0.998 0.996 0.947 0.998 0.995 0.952 
 100   (0.053) 0.028 0.004 0.005 0.038 0.001 0.009 0.011 0.026 0.002 0.002 0.004 0.053 0.002 0.005 0.048 

Locus 54 : 58412_58 
2 alleles
2.2% missing data
 110   (0.956) 0.999 0.975 0.998 0.972 1.000 0.996 0.999 0.984 0.999 0.999 0.998 0.962 1.000 0.999 0.962 
 100   (0.044) 0.001 0.025 0.002 0.028 0.000 0.004 0.001 0.016 0.001 0.001 0.002 0.038 0.000 0.001 0.038 

Locus 55 : 58452_11 
2 alleles
3.4% missing data
 120   (0.954) 0.992 0.997 0.998 0.969 1.000 0.995 0.999 0.966 0.999 0.999 0.997 0.958 1.000 0.999 0.959 
 130   (0.046) 0.008 0.003 0.002 0.031 0.000 0.005 0.001 0.034 0.001 0.001 0.003 0.042 0.000 0.001 0.041 

Locus 56 : 59409_85 
2 alleles
2.8% missing data
 130   (0.954) 0.999 0.997 0.997 0.968 1.000 0.995 0.997 0.979 0.999 0.999 0.997 0.954 1.000 0.999 0.959 
 100   (0.046) 0.001 0.003 0.003 0.032 0.000 0.005 0.003 0.021 0.001 0.001 0.003 0.046 0.000 0.001 0.041 

Locus 57 : 60620_10 
2 alleles
1.1% missing data
 120   (0.952) 0.999 0.893 0.998 0.969 1.000 0.995 0.999 0.984 0.999 0.999 0.997 0.958 1.000 0.999 0.959 
 130   (0.048) 0.001 0.107 0.002 0.031 0.000 0.005 0.001 0.016 0.001 0.001 0.003 0.042 0.000 0.001 0.041 

Locus 58 : 61541_77 
2 alleles
3.4% missing data
 120   (0.949) 0.999 0.841 0.998 0.968 1.000 0.995 0.999 0.983 0.999 0.999 0.997 0.956 1.000 0.999 0.958 
 100   (0.051) 0.001 0.159 0.002 0.032 0.000 0.005 0.001 0.017 0.001 0.001 0.003 0.044 0.000 0.001 0.042 

Locus 59 : 61756_42 
2 alleles
1.1% missing data
 130   (0.950) 0.999 0.824 0.998 0.967 1.000 0.995 0.999 0.982 0.999 0.999 0.997 0.957 1.000 0.999 0.958 
 110   (0.050) 0.001 0.176 0.002 0.033 0.000 0.005 0.001 0.018 0.001 0.001 0.003 0.043 0.000 0.001 0.042 

Locus 60 : 62497_19 
2 alleles
6.2% missing data
 130   (0.898) 0.967 0.993 0.994 0.929 0.988 0.943 0.982 0.954 0.990 0.997 0.871 0.900 0.996 0.998 0.910 
 110   (0.102) 0.033 0.007 0.006 0.071 0.012 0.057 0.018 0.046 0.010 0.003 0.129 0.100 0.004 0.002 0.090 

Locus 61 : 63024_50 
2 alleles
2.8% missing data
 120   (0.946) 0.973 0.996 0.998 0.964 1.000 0.993 0.999 0.946 0.999 0.999 0.997 0.949 1.000 0.999 0.951 
 100   (0.054) 0.027 0.004 0.002 0.036 0.000 0.007 0.001 0.054 0.001 0.001 0.003 0.051 0.000 0.001 0.049 

Locus 62 : 64492_50 
2 alleles
7.3% missing data
 120   (0.910) 0.964 0.994 0.928 0.941 0.999 0.989 0.998 0.967 0.998 0.998 0.889 0.919 1.000 0.998 0.924 
 100   (0.090) 0.036 0.006 0.072 0.059 0.001 0.011 0.002 0.033 0.002 0.002 0.111 0.081 0.000 0.002 0.076 

Locus 63 : 67984_34 
2 alleles
2.2% missing data
 120   (0.949) 0.999 0.867 0.998 0.967 1.000 0.995 0.999 0.983 0.999 0.999 0.997 0.956 1.000 0.999 0.958 
 100   (0.051) 0.001 0.133 0.002 0.033 0.000 0.005 0.001 0.017 0.001 0.001 0.003 0.044 0.000 0.001 0.042 

Locus 64 : 69199_10 
2 alleles
4.5% missing data
 120   (0.941) 0.459 0.996 0.997 0.961 1.000 0.994 0.999 0.937 0.998 0.999 0.997 0.947 1.000 0.999 0.950 
 100   (0.059) 0.541 0.004 0.003 0.039 0.000 0.006 0.001 0.063 0.002 0.001 0.003 0.053 0.000 0.001 0.050 

Locus 65 : 71368_77 
2 alleles
6.7% missing data
 100   (0.950) 0.999 0.996 0.998 0.968 1.000 0.995 0.999 0.983 0.999 0.779 0.997 0.956 1.000 0.999 0.958 
 110   (0.050) 0.001 0.004 0.002 0.032 0.000 0.005 0.001 0.017 0.001 0.221 0.003 0.044 0.000 0.001 0.042 

Locus 66 : 72276_35 
2 alleles
5.1% missing data
 130   (0.951) 0.998 0.997 0.899 0.968 1.000 0.995 0.999 0.983 0.996 0.999 0.997 0.958 1.000 0.999 0.959 
 120   (0.049) 0.002 0.003 0.101 0.032 0.000 0.005 0.001 0.017 0.004 0.001 0.003 0.042 0.000 0.001 0.041 

Locus 67 : 73554_16 
2 alleles
3.9% missing data
 100   (0.952) 0.999 0.997 0.998 0.969 1.000 0.843 0.999 0.981 0.999 0.999 0.997 0.958 1.000 0.999 0.960 
 130   (0.048) 0.001 0.003 0.002 0.031 0.000 0.157 0.001 0.019 0.001 0.001 0.003 0.042 0.000 0.001 0.040 

Locus 68 : 74575_32 
2 alleles
1.7% missing data
 120   (0.956) 0.999 0.997 0.990 0.969 1.000 0.996 1.000 0.983 0.999 0.999 0.997 0.959 1.000 0.999 0.960 
 100   (0.044) 0.001 0.003 0.010 0.031 0.000 0.004 0.000 0.017 0.001 0.001 0.003 0.041 0.000 0.001 0.040 

Locus 69 : 76504_10 
2 alleles
1.1% missing data
 110   (0.949) 0.998 0.997 0.998 0.967 1.000 0.995 0.999 0.983 0.999 0.999 0.997 0.955 1.000 0.819 0.956 
 100   (0.051) 0.002 0.003 0.002 0.033 0.000 0.005 0.001 0.017 0.001 0.001 0.003 0.045 0.000 0.181 0.044 

Locus 70 : 76561_35 
2 alleles
5.6% missing data
 120   (0.951) 0.999 0.997 0.998 0.969 1.000 0.995 0.999 0.984 0.999 0.999 0.548 0.957 1.000 0.999 0.959 
 100   (0.049) 0.001 0.003 0.002 0.031 0.000 0.005 0.001 0.016 0.001 0.001 0.452 0.043 0.000 0.001 0.041 

Locus 71 : 77346_16 
2 alleles
2.2% missing data
 130   (0.955) 0.999 0.997 0.998 0.971 1.000 0.995 0.999 0.984 0.999 0.999 0.997 0.960 1.000 0.927 0.962 
 110   (0.045) 0.001 0.003 0.002 0.029 0.000 0.005 0.001 0.016 0.001 0.001 0.003 0.040 0.000 0.073 0.038 

Locus 72 : 78631_40 
2 alleles
7.9% missing data
 120   (0.948) 0.998 0.997 0.815 0.967 1.000 0.995 0.999 0.982 0.998 0.999 0.995 0.954 1.000 0.999 0.956 
 110   (0.052) 0.002 0.003 0.185 0.033 0.000 0.005 0.001 0.018 0.002 0.001 0.005 0.046 0.000 0.001 0.044 

Locus 73 : 80366_12 
2 alleles
6.7% missing data
 130   (0.955) 0.998 0.997 0.997 0.969 1.000 0.994 0.998 0.980 0.998 0.999 0.996 0.955 1.000 0.999 0.959 
 110   (0.045) 0.002 0.003 0.003 0.031 0.000 0.006 0.002 0.020 0.002 0.001 0.004 0.045 0.000 0.001 0.041 

Locus 74 : 80499_10 
2 alleles
6.2% missing data
 130   (0.950) 0.999 0.996 0.998 0.967 1.000 0.995 0.999 0.983 0.999 0.906 0.997 0.957 1.000 0.999 0.958 
 100   (0.050) 0.001 0.004 0.002 0.033 0.000 0.005 0.001 0.017 0.001 0.094 0.003 0.043 0.000 0.001 0.042 

Locus 75 : 81141_31 
2 alleles
2.8% missing data
 120   (0.954) 0.999 0.997 0.998 0.968 0.999 0.995 0.999 0.980 0.984 0.999 0.997 0.958 1.000 0.999 0.958 
 100   (0.046) 0.001 0.003 0.002 0.032 0.001 0.005 0.001 0.020 0.016 0.001 0.003 0.042 0.000 0.001 0.042 

Locus 76 : 81662_33 
2 alleles
3.4% missing data
 120   (0.956) 0.999 0.997 0.997 0.966 1.000 0.996 0.997 0.979 0.999 0.999 0.998 0.955 1.000 0.999 0.955 
 110   (0.044) 0.001 0.003 0.003 0.034 0.000 0.004 0.003 0.021 0.001 0.001 0.002 0.045 0.000 0.001 0.045 

Locus 77 : 82002_8 
2 alleles
6.7% missing data
 100   (0.945) 0.999 0.679 0.998 0.965 1.000 0.995 0.999 0.981 0.999 0.999 0.997 0.951 1.000 0.999 0.953 
 110   (0.055) 0.001 0.321 0.002 0.035 0.000 0.005 0.001 0.019 0.001 0.001 0.003 0.049 0.000 0.001 0.047 

Locus 78 : 82631_34 
2 alleles
7.9% missing data
 120   (0.954) 0.998 0.997 0.997 0.965 0.999 0.994 0.999 0.980 0.994 0.999 0.996 0.939 1.000 0.999 0.952 
 100   (0.046) 0.002 0.003 0.003 0.035 0.001 0.006 0.001 0.020 0.006 0.001 0.004 0.061 0.000 0.001 0.048 

Locus 79 : 83247_84 
2 alleles
3.4% missing data
 110   (0.943) 0.999 0.996 0.781 0.961 1.000 0.994 0.999 0.979 0.998 0.999 0.997 0.949 1.000 0.999 0.951 
 100   (0.057) 0.001 0.004 0.219 0.039 0.000 0.006 0.001 0.021 0.002 0.001 0.003 0.051 0.000 0.001 0.049 

Locus 80 : 83916_5 
2 alleles
3.9% missing data
 130   (0.954) 0.999 0.997 0.998 0.970 0.848 0.995 1.000 0.984 0.999 0.999 0.997 0.960 1.000 0.999 0.961 
 110   (0.046) 0.001 0.003 0.002 0.030 0.152 0.005 0.000 0.016 0.001 0.001 0.003 0.040 0.000 0.001 0.039 

Locus 81 : 84971_7 
2 alleles
2.2% missing data
 120   (0.936) 0.981 0.996 0.996 0.947 0.998 0.990 0.995 0.973 0.995 0.998 0.996 0.938 0.999 0.961 0.934 
 110   (0.064) 0.019 0.004 0.004 0.053 0.002 0.010 0.005 0.027 0.005 0.002 0.004 0.062 0.001 0.039 0.066 

Locus 82 : 85247_77 
2 alleles
7.9% missing data
 120   (0.954) 0.997 0.997 0.997 0.967 0.992 0.994 0.998 0.982 0.996 0.998 0.997 0.957 0.999 0.998 0.959 
 110   (0.046) 0.003 0.003 0.003 0.033 0.008 0.006 0.002 0.018 0.004 0.002 0.003 0.043 0.001 0.002 0.041 

Locus 83 : 85248_24 
2 alleles
5.1% missing data
 100   (0.950) 0.999 0.860 0.998 0.968 1.000 0.995 0.999 0.983 0.999 0.999 0.997 0.957 1.000 0.999 0.958 
 120   (0.050) 0.001 0.140 0.002 0.032 0.000 0.005 0.001 0.017 0.001 0.001 0.003 0.043 0.000 0.001 0.042 

Locus 84 : 85402_12 
2 alleles
3.4% missing data
 120   (0.956) 0.999 0.997 0.997 0.970 1.000 0.995 0.997 0.980 0.999 0.999 0.997 0.956 1.000 0.999 0.961 
 100   (0.044) 0.001 0.003 0.003 0.030 0.000 0.005 0.003 0.020 0.001 0.001 0.003 0.044 0.000 0.001 0.039 

Locus 85 : 86588_18 
2 alleles
3.9% missing data
 120   (0.955) 0.990 0.997 0.998 0.970 1.000 0.994 0.999 0.968 0.999 0.999 0.997 0.959 1.000 0.999 0.960 
 100   (0.045) 0.010 0.003 0.002 0.030 0.000 0.006 0.001 0.032 0.001 0.001 0.003 0.041 0.000 0.001 0.040 

Locus 86 : 87070_60 
2 alleles
2.2% missing data
 100   (0.951) 0.999 0.997 0.998 0.968 1.000 0.853 0.999 0.983 0.999 0.999 0.997 0.957 1.000 0.999 0.959 
 130   (0.049) 0.001 0.003 0.002 0.032 0.000 0.147 0.001 0.017 0.001 0.001 0.003 0.043 0.000 0.001 0.041 

Locus 87 : 87747_31 
2 alleles
6.2% missing data
 120   (0.950) 0.999 0.915 0.998 0.968 1.000 0.995 0.999 0.983 0.999 0.999 0.997 0.956 1.000 0.999 0.958 
 110   (0.050) 0.001 0.085 0.002 0.032 0.000 0.005 0.001 0.017 0.001 0.001 0.003 0.044 0.000 0.001 0.042 

Locus 88 : 88455_10 
2 alleles
5.1% missing data
 130   (0.953) 0.999 0.997 0.997 0.971 1.000 0.995 0.999 0.984 0.999 0.999 0.784 0.959 1.000 0.999 0.961 
 100   (0.047) 0.001 0.003 0.003 0.029 0.000 0.005 0.001 0.016 0.001 0.001 0.216 0.041 0.000 0.001 0.039 

Locus 89 : 89005_12 
2 alleles
1.1% missing data
 120   (0.950) 0.999 0.894 0.998 0.968 1.000 0.995 0.999 0.983 0.999 0.999 0.997 0.957 1.000 0.999 0.958 
 130   (0.050) 0.001 0.106 0.002 0.032 0.000 0.005 0.001 0.017 0.001 0.001 0.003 0.043 0.000 0.001 0.042 

Locus 90 : 89213_8 
2 alleles
3.4% missing data
 130   (0.956) 0.999 0.972 0.998 0.972 1.000 0.996 1.000 0.985 0.999 0.999 0.998 0.962 1.000 0.999 0.964 
 110   (0.044) 0.001 0.028 0.002 0.028 0.000 0.004 0.000 0.015 0.001 0.001 0.002 0.038 0.000 0.001 0.036 

Locus 91 : 93475_13 
2 alleles
2.2% missing data
 130   (0.949) 0.999 0.867 0.998 0.968 1.000 0.995 0.999 0.983 0.999 0.999 0.997 0.956 1.000 0.999 0.958 
 110   (0.051) 0.001 0.133 0.002 0.032 0.000 0.005 0.001 0.017 0.001 0.001 0.003 0.044 0.000 0.001 0.042 

Locus 92 : 95749_27 
2 alleles
3.9% missing data
 120   (0.954) 0.999 0.971 0.998 0.969 1.000 0.996 0.999 0.984 0.999 0.999 0.997 0.959 1.000 0.999 0.961 
 100   (0.046) 0.001 0.029 0.002 0.031 0.000 0.004 0.001 0.016 0.001 0.001 0.003 0.041 0.000 0.001 0.039 

Locus 93 : 98167_26 
2 alleles
3.4% missing data
 120   (0.928) 0.989 0.995 0.995 0.950 0.999 0.893 0.976 0.964 0.998 0.998 0.993 0.936 0.999 0.994 0.938 
 110   (0.072) 0.011 0.005 0.005 0.050 0.001 0.107 0.024 0.036 0.002 0.002 0.007 0.064 0.001 0.006 0.062 

Locus 94 : 98988_58 
2 alleles
2.2% missing data
 130   (0.956) 0.999 0.975 0.998 0.971 1.000 0.995 0.999 0.985 0.999 0.999 0.997 0.963 1.000 0.999 0.963 
 110   (0.044) 0.001 0.025 0.002 0.029 0.000 0.005 0.001 0.015 0.001 0.001 0.003 0.037 0.000 0.001 0.037 

Locus 95 : 103824_15 
2 alleles
3.4% missing data
 130   (0.948) 0.999 0.813 0.998 0.968 1.000 0.995 0.999 0.983 0.999 0.999 0.997 0.955 1.000 0.999 0.957 
 110   (0.052) 0.001 0.187 0.002 0.032 0.000 0.005 0.001 0.017 0.001 0.001 0.003 0.045 0.000 0.001 0.043 

Locus 96 : 108043_8 
2 alleles
4.5% missing data
 130   (0.954) 0.999 0.997 0.998 0.970 1.000 0.995 0.999 0.984 0.999 0.999 0.997 0.960 1.000 0.923 0.960 
 110   (0.046) 0.001 0.003 0.002 0.030 0.000 0.005 0.001 0.016 0.001 0.001 0.003 0.040 0.000 0.077 0.040 

Locus 97 : 108049_79 
2 alleles
2.8% missing data
 120   (0.954) 0.999 0.997 0.997 0.966 1.000 0.995 0.997 0.979 0.999 0.999 0.997 0.953 1.000 0.999 0.954 
 100   (0.046) 0.001 0.003 0.003 0.034 0.000 0.005 0.003 0.021 0.001 0.001 0.003 0.047 0.000 0.001 0.046 

Locus 98 : 108366_5 
2 alleles
2.8% missing data
 130   (0.953) 0.999 0.920 0.998 0.970 1.000 0.995 0.999 0.984 0.999 0.999 0.997 0.959 1.000 0.999 0.960 
 100   (0.047) 0.001 0.080 0.002 0.030 0.000 0.005 0.001 0.016 0.001 0.001 0.003 0.041 0.000 0.001 0.040 

Locus 99 : 108403_10 
2 alleles
6.2% missing data
 130   (0.954) 0.999 0.997 0.997 0.969 1.000 0.995 0.999 0.982 0.999 0.999 0.997 0.958 1.000 0.993 0.956 
 110   (0.046) 0.001 0.003 0.003 0.031 0.000 0.005 0.001 0.018 0.001 0.001 0.003 0.042 0.000 0.007 0.044 

Locus 100 : 109283_38 
2 alleles
3.9% missing data
 120   (0.866) 0.960 0.991 0.984 0.852 0.547 0.984 0.925 0.933 0.533 0.997 0.992 0.848 0.995 0.996 0.830 
 100   (0.134) 0.040 0.009 0.016 0.148 0.453 0.016 0.075 0.067 0.467 0.003 0.008 0.152 0.005 0.004 0.170 

Locus 101 : 109527_54 
2 alleles
7.3% missing data
 110   (0.943) 0.998 0.996 0.817 0.964 1.000 0.994 0.998 0.980 0.999 0.999 0.997 0.950 1.000 0.999 0.951 
 130   (0.057) 0.002 0.004 0.183 0.036 0.000 0.006 0.002 0.020 0.001 0.001 0.003 0.050 0.000 0.001 0.049 

Locus 102 : 109804_31 
2 alleles
2.2% missing data
 130   (0.951) 0.999 0.947 0.998 0.967 1.000 0.995 0.999 0.983 0.999 0.999 0.997 0.958 1.000 0.999 0.958 
 100   (0.049) 0.001 0.053 0.002 0.033 0.000 0.005 0.001 0.017 0.001 0.001 0.003 0.042 0.000 0.001 0.042 

Locus 103 : 112614_46 
2 alleles
5.1% missing data
 120   (0.951) 0.999 0.887 0.998 0.969 1.000 0.995 0.999 0.983 0.999 0.999 0.997 0.958 1.000 0.999 0.959 
 100   (0.049) 0.001 0.113 0.002 0.031 0.000 0.005 0.001 0.017 0.001 0.001 0.003 0.042 0.000 0.001 0.041 

Locus 104 : 112906_14 
2 alleles
3.9% missing data
 110   (0.879) 0.996 0.992 0.758 0.919 0.999 0.953 0.998 0.954 0.870 0.997 0.700 0.853 1.000 0.998 0.890 
 120   (0.121) 0.004 0.008 0.242 0.081 0.001 0.047 0.002 0.046 0.130 0.003 0.300 0.147 0.000 0.002 0.110 

Locus 105 : 113735_32 
2 alleles
6.7% missing data
 120   (0.954) 0.998 0.997 0.998 0.968 1.000 0.995 0.999 0.981 0.999 0.999 0.968 0.954 1.000 0.999 0.959 
 100   (0.046) 0.002 0.003 0.002 0.032 0.000 0.005 0.001 0.019 0.001 0.001 0.032 0.046 0.000 0.001 0.041 

Locus 106 : 115028_7 
2 alleles
3.9% missing data
 120   (0.955) 0.999 0.997 0.998 0.971 1.000 0.995 0.999 0.984 0.999 0.999 0.960 0.961 1.000 0.999 0.961 
 100   (0.045) 0.001 0.003 0.002 0.029 0.000 0.005 0.001 0.016 0.001 0.001 0.040 0.039 0.000 0.001 0.039 

Locus 107 : 115179_16 
2 alleles
2.2% missing data
 120   (0.951) 0.999 0.910 0.998 0.969 1.000 0.995 0.999 0.983 0.999 0.999 0.997 0.958 1.000 0.999 0.959 
 110   (0.049) 0.001 0.090 0.002 0.031 0.000 0.005 0.001 0.017 0.001 0.001 0.003 0.042 0.000 0.001 0.041 

Locus 108 : 116753_51 
2 alleles
7.3% missing data
 120   (0.953) 0.999 0.997 0.998 0.969 0.999 0.995 0.999 0.982 0.910 0.999 0.997 0.958 1.000 0.999 0.958 
 100   (0.047) 0.001 0.003 0.002 0.031 0.001 0.005 0.001 0.018 0.090 0.001 0.003 0.042 0.000 0.001 0.042 

Locus 109 : 116931_31 
2 alleles
7.9% missing data
 120   (0.955) 0.991 0.997 0.998 0.969 1.000 0.994 0.999 0.965 0.999 0.999 0.997 0.959 1.000 0.999 0.960 
 110   (0.045) 0.009 0.003 0.002 0.031 0.000 0.006 0.001 0.035 0.001 0.001 0.003 0.041 0.000 0.001 0.040 

Locus 110 : 116938_8 
2 alleles
4.5% missing data
 130   (0.912) 0.997 0.994 0.878 0.941 0.999 0.945 0.999 0.968 0.848 0.998 0.995 0.924 1.000 0.999 0.925 
 110   (0.088) 0.003 0.006 0.122 0.059 0.001 0.055 0.001 0.032 0.152 0.002 0.005 0.076 0.000 0.001 0.075 

Locus 111 : 122302_80 
2 alleles
10.1% missing data
 110   (0.954) 0.968 0.997 0.998 0.970 1.000 0.995 0.999 0.983 0.999 0.999 0.997 0.958 1.000 0.999 0.961 
 100   (0.046) 0.032 0.003 0.002 0.030 0.000 0.005 0.001 0.017 0.001 0.001 0.003 0.042 0.000 0.001 0.039 

Locus 112 : 123190_14 
2 alleles
3.4% missing data
 120   (0.943) 0.963 0.996 0.998 0.959 1.000 0.994 0.999 0.950 0.998 0.999 0.997 0.946 1.000 0.999 0.948 
 130   (0.057) 0.037 0.004 0.002 0.041 0.000 0.006 0.001 0.050 0.002 0.001 0.003 0.054 0.000 0.001 0.052 

Locus 113 : 123271_36 
2 alleles
3.9% missing data
 100   (0.950) 0.999 0.859 0.998 0.967 1.000 0.995 0.999 0.983 0.999 0.999 0.997 0.957 1.000 0.999 0.959 
 110   (0.050) 0.001 0.141 0.002 0.033 0.000 0.005 0.001 0.017 0.001 0.001 0.003 0.043 0.000 0.001 0.041 

Locus 114 : 124147_18 
2 alleles
2.2% missing data
 130   (0.950) 0.999 0.997 0.998 0.967 1.000 0.756 0.999 0.984 0.999 0.999 0.997 0.957 1.000 0.999 0.958 
 110   (0.050) 0.001 0.003 0.002 0.033 0.000 0.244 0.001 0.016 0.001 0.001 0.003 0.043 0.000 0.001 0.042 

Locus 115 : 124184_33 
2 alleles
5.6% missing data
 110   (0.951) 0.999 0.911 0.998 0.969 1.000 0.995 0.999 0.983 0.999 0.999 0.997 0.958 1.000 0.999 0.959 
 100   (0.049) 0.001 0.089 0.002 0.031 0.000 0.005 0.001 0.017 0.001 0.001 0.003 0.042 0.000 0.001 0.041 

Locus 116 : 125404_24 
2 alleles
1.1% missing data
 130   (0.953) 0.999 0.997 0.998 0.970 1.000 0.995 0.999 0.984 0.999 0.999 0.763 0.959 1.000 0.999 0.960 
 110   (0.047) 0.001 0.003 0.002 0.030 0.000 0.005 0.001 0.016 0.001 0.001 0.237 0.041 0.000 0.001 0.040 

Locus 117 : 125436_43 
2 alleles
3.9% missing data
 130   (0.923) 0.998 0.995 0.843 0.949 1.000 0.992 0.999 0.972 0.998 0.998 0.699 0.931 1.000 0.999 0.935 
 100   (0.077) 0.002 0.005 0.157 0.051 0.000 0.008 0.001 0.028 0.002 0.002 0.301 0.069 0.000 0.001 0.065 

Locus 118 : 126013_18 
2 alleles
2.8% missing data
 130   (0.953) 0.999 0.997 0.998 0.970 1.000 0.995 1.000 0.984 0.999 0.885 0.997 0.959 1.000 0.999 0.961 
 110   (0.047) 0.001 0.003 0.002 0.030 0.000 0.005 0.000 0.016 0.001 0.115 0.003 0.041 0.000 0.001 0.039 

Locus 119 : 126137_19 
2 alleles
3.9% missing data
 120   (0.956) 0.999 0.997 0.985 0.971 1.000 0.995 0.999 0.985 0.999 0.999 0.983 0.954 1.000 0.999 0.963 
 110   (0.044) 0.001 0.003 0.015 0.029 0.000 0.005 0.001 0.015 0.001 0.001 0.017 0.046 0.000 0.001 0.037 

Locus 120 : 126845_22 
2 alleles
5.6% missing data
 130   (0.954) 0.999 0.997 0.998 0.970 1.000 0.994 0.999 0.983 0.999 0.999 0.961 0.959 1.000 0.999 0.961 
 110   (0.046) 0.001 0.003 0.002 0.030 0.000 0.006 0.001 0.017 0.001 0.001 0.039 0.041 0.000 0.001 0.039 

Locus 121 : 127512_8 
2 alleles
1.1% missing data
 130   (0.955) 0.999 0.997 0.998 0.971 1.000 0.996 0.999 0.985 0.999 0.914 0.997 0.961 1.000 0.999 0.962 
 100   (0.045) 0.001 0.003 0.002 0.029 0.000 0.004 0.001 0.015 0.001 0.086 0.003 0.039 0.000 0.001 0.038 

Locus 122 : 127692_13 
2 alleles
2.8% missing data
 100   (0.948) 0.999 0.997 0.941 0.965 1.000 0.994 0.999 0.981 0.999 0.999 0.997 0.954 1.000 0.999 0.955 
 120   (0.052) 0.001 0.003 0.059 0.035 0.000 0.006 0.001 0.019 0.001 0.001 0.003 0.046 0.000 0.001 0.045 

Locus 123 : 128195_18 
2 alleles
7.3% missing data
 130   (0.860) 0.963 0.991 0.917 0.904 0.999 0.430 0.421 0.935 0.995 0.997 0.989 0.865 0.999 0.997 0.869 
 110   (0.140) 0.037 0.009 0.083 0.096 0.001 0.570 0.579 0.065 0.005 0.003 0.011 0.135 0.001 0.003 0.131 

Locus 124 : 128198_14 
2 alleles
4.5% missing data
 130   (0.924) 0.998 0.920 0.997 0.951 1.000 0.992 0.999 0.974 0.998 0.909 0.996 0.933 1.000 0.999 0.936 
 120   (0.076) 0.002 0.080 0.003 0.049 0.000 0.008 0.001 0.026 0.002 0.091 0.004 0.067 0.000 0.001 0.064 

Locus 125 : 128423_39 
2 alleles
4.5% missing data
 130   (0.955) 0.999 0.997 0.998 0.967 1.000 0.992 0.995 0.981 0.998 0.999 0.997 0.952 1.000 0.999 0.959 
 100   (0.045) 0.001 0.003 0.002 0.033 0.000 0.008 0.005 0.019 0.002 0.001 0.003 0.048 0.000 0.001 0.041 

Locus 126 : 131572_48 
2 alleles
1.1% missing data
 120   (0.949) 0.998 0.997 0.998 0.965 0.999 0.995 0.999 0.980 0.939 0.999 0.997 0.954 1.000 0.999 0.954 
 100   (0.051) 0.002 0.003 0.002 0.035 0.001 0.005 0.001 0.020 0.061 0.001 0.003 0.046 0.000 0.001 0.046 

Locus 127 : 132199_62 
2 alleles
3.9% missing data
 100   (0.948) 0.999 0.754 0.998 0.966 1.000 0.995 0.999 0.982 0.999 0.999 0.997 0.955 1.000 0.999 0.956 
 120   (0.052) 0.001 0.246 0.002 0.034 0.000 0.005 0.001 0.018 0.001 0.001 0.003 0.045 0.000 0.001 0.044 

Locus 128 : 135566_64 
2 alleles
7.3% missing data
 130   (0.953) 0.999 0.997 0.997 0.967 1.000 0.995 0.997 0.978 0.999 0.999 0.997 0.953 1.000 0.999 0.958 
 110   (0.047) 0.001 0.003 0.003 0.033 0.000 0.005 0.003 0.022 0.001 0.001 0.003 0.047 0.000 0.001 0.042 

Locus 129 : 135761_5 
2 alleles
7.9% missing data
 130   (0.950) 0.999 0.905 0.998 0.968 1.000 0.995 0.999 0.983 0.999 0.999 0.997 0.956 1.000 0.999 0.957 
 100   (0.050) 0.001 0.095 0.002 0.032 0.000 0.005 0.001 0.017 0.001 0.001 0.003 0.044 0.000 0.001 0.043 

Locus 130 : 137219_35 
2 alleles
3.4% missing data
 120   (0.938) 0.998 0.996 0.995 0.953 1.000 0.993 0.984 0.969 0.998 0.999 0.996 0.934 1.000 0.999 0.938 
 100   (0.062) 0.002 0.004 0.005 0.047 0.000 0.007 0.016 0.031 0.002 0.001 0.004 0.066 0.000 0.001 0.062 

Locus 131 : 139081_20 
2 alleles
5.6% missing data
 120   (0.934) 0.998 0.996 0.974 0.954 0.999 0.934 0.999 0.974 0.995 0.998 0.996 0.939 1.000 0.999 0.941 
 110   (0.066) 0.002 0.004 0.026 0.046 0.001 0.066 0.001 0.026 0.005 0.002 0.004 0.061 0.000 0.001 0.059 

Locus 132 : 139084_52 
2 alleles
5.1% missing data
 120   (0.911) 0.948 0.994 0.996 0.939 0.999 0.829 0.995 0.931 0.997 0.998 0.994 0.917 1.000 0.998 0.921 
 110   (0.089) 0.052 0.006 0.004 0.061 0.001 0.171 0.005 0.069 0.003 0.002 0.006 0.083 0.000 0.002 0.079 

Locus 133 : 139433_54 
2 alleles
3.9% missing data
 120   (0.952) 0.999 0.946 0.998 0.969 1.000 0.995 0.999 0.983 0.999 0.999 0.997 0.958 1.000 0.999 0.960 
 100   (0.048) 0.001 0.054 0.002 0.031 0.000 0.005 0.001 0.017 0.001 0.001 0.003 0.042 0.000 0.001 0.040 

Locus 134 : 140063_88 
2 alleles
7.9% missing data
 110   (0.953) 0.999 0.997 0.990 0.966 1.000 0.994 0.999 0.980 0.999 0.999 0.997 0.956 1.000 0.999 0.958 
 100   (0.047) 0.001 0.003 0.010 0.034 0.000 0.006 0.001 0.020 0.001 0.001 0.003 0.044 0.000 0.001 0.042 

Locus 135 : 140194_73 
2 alleles
2.8% missing data
 120   (0.955) 0.998 0.997 0.998 0.969 1.000 0.993 0.999 0.983 0.999 0.979 0.997 0.959 1.000 0.999 0.961 
 110   (0.045) 0.002 0.003 0.002 0.031 0.000 0.007 0.001 0.017 0.001 0.021 0.003 0.041 0.000 0.001 0.039 

Locus 136 : 141313_8 
2 alleles
2.8% missing data
 120   (0.952) 0.999 0.920 0.998 0.969 1.000 0.995 0.999 0.984 0.999 0.999 0.997 0.959 1.000 0.999 0.960 
 100   (0.048) 0.001 0.080 0.002 0.031 0.000 0.005 0.001 0.016 0.001 0.001 0.003 0.041 0.000 0.001 0.040 

Locus 137 : 145284_28 
2 alleles
2.8% missing data
 130   (0.950) 0.999 0.997 0.998 0.968 1.000 0.609 0.999 0.983 0.999 0.999 0.997 0.957 1.000 0.999 0.958 
 110   (0.050) 0.001 0.003 0.002 0.032 0.000 0.391 0.001 0.017 0.001 0.001 0.003 0.043 0.000 0.001 0.042 

Locus 138 : 145957_11 
2 alleles
4.5% missing data
 130   (0.953) 0.999 0.997 0.998 0.970 0.874 0.995 0.999 0.984 0.999 0.999 0.997 0.960 1.000 0.999 0.961 
 110   (0.047) 0.001 0.003 0.002 0.030 0.126 0.005 0.001 0.016 0.001 0.001 0.003 0.040 0.000 0.001 0.039 

Locus 139 : 160306_34 
2 alleles
2.8% missing data
 120   (0.925) 0.997 0.995 0.973 0.945 0.999 0.992 0.999 0.973 0.975 0.998 0.782 0.898 1.000 0.999 0.929 
 100   (0.075) 0.003 0.005 0.027 0.055 0.001 0.008 0.001 0.027 0.025 0.002 0.218 0.102 0.000 0.001 0.071 

Locus 140 : 162107_37 
2 alleles
3.4% missing data
 120   (0.933) 0.998 0.995 0.990 0.954 1.000 0.993 0.999 0.975 0.998 0.999 0.904 0.939 1.000 0.999 0.942 
 100   (0.067) 0.002 0.005 0.010 0.046 0.000 0.007 0.001 0.025 0.002 0.001 0.096 0.061 0.000 0.001 0.058 

Locus 141 : 163290_36 
2 alleles
5.1% missing data
 130   (0.917) 0.902 0.994 0.996 0.939 0.999 0.759 0.980 0.963 0.996 0.998 0.995 0.925 1.000 0.998 0.917 
 110   (0.083) 0.098 0.006 0.004 0.061 0.001 0.241 0.020 0.037 0.004 0.002 0.005 0.075 0.000 0.002 0.083 

Locus 142 : 163453_13 
2 alleles
5.6% missing data
 120   (0.957) 0.992 0.997 0.998 0.971 1.000 0.995 1.000 0.967 0.999 0.999 0.997 0.961 1.000 0.999 0.962 
 110   (0.043) 0.008 0.003 0.002 0.029 0.000 0.005 0.000 0.033 0.001 0.001 0.003 0.039 0.000 0.001 0.038 

Locus 143 : 163580_14 
2 alleles
10.1% missing data
 120   (0.952) 0.998 0.997 0.998 0.969 1.000 0.995 0.999 0.983 0.999 0.999 0.997 0.958 0.870 0.998 0.960 
 100   (0.048) 0.002 0.003 0.002 0.031 0.000 0.005 0.001 0.017 0.001 0.001 0.003 0.042 0.130 0.002 0.040 

Locus 144 : 164461_13 
2 alleles
5.6% missing data
 100   (0.953) 0.876 0.997 0.998 0.969 1.000 0.996 0.999 0.984 0.999 0.999 0.997 0.958 1.000 0.999 0.960 
 120   (0.047) 0.124 0.003 0.002 0.031 0.000 0.004 0.001 0.016 0.001 0.001 0.003 0.042 0.000 0.001 0.040 

Locus 145 : 165413_43 
2 alleles
1.7% missing data
 110   (0.947) 0.997 0.997 0.947 0.964 1.000 0.994 0.999 0.980 0.997 0.999 0.997 0.951 1.000 0.999 0.954 
 130   (0.053) 0.003 0.003 0.053 0.036 0.000 0.006 0.001 0.020 0.003 0.001 0.003 0.049 0.000 0.001 0.046 

Locus 146 : 168629_44 
2 alleles
5.6% missing data
 130   (0.940) 0.982 0.996 0.966 0.958 1.000 0.990 0.992 0.974 0.998 0.998 0.996 0.945 1.000 0.999 0.947 
 110   (0.060) 0.018 0.004 0.034 0.042 0.000 0.010 0.008 0.026 0.002 0.002 0.004 0.055 0.000 0.001 0.053 

Locus 147 : 168991_77 
2 alleles
5.6% missing data
 110   (0.832) 0.987 0.989 0.917 0.868 0.998 0.978 0.967 0.921 0.874 0.996 0.655 0.777 0.998 0.996 0.824 
 100   (0.168) 0.013 0.011 0.083 0.132 0.002 0.022 0.033 0.079 0.126 0.004 0.345 0.223 0.002 0.004 0.176 

Locus 148 : 169478_88 
2 alleles
5.1% missing data
 130   (0.956) 0.999 0.997 0.998 0.970 1.000 0.995 0.999 0.984 0.999 0.981 0.997 0.961 1.000 0.999 0.961 
 100   (0.044) 0.001 0.003 0.002 0.030 0.000 0.005 0.001 0.016 0.001 0.019 0.003 0.039 0.000 0.001 0.039 

Locus 149 : 169898_8 
2 alleles
6.2% missing data
 120   (0.935) 0.972 0.995 0.917 0.958 1.000 0.993 0.999 0.977 0.998 0.998 0.996 0.942 1.000 0.999 0.945 
 100   (0.065) 0.028 0.005 0.083 0.042 0.000 0.007 0.001 0.023 0.002 0.002 0.004 0.058 0.000 0.001 0.055 

Locus 150 : 170224_42 
2 alleles
7.3% missing data
 100   (0.908) 0.811 0.993 0.951 0.936 0.999 0.983 0.982 0.950 0.996 0.998 0.994 0.914 1.000 0.998 0.915 
 120   (0.092) 0.189 0.007 0.049 0.064 0.001 0.017 0.018 0.050 0.004 0.002 0.006 0.086 0.000 0.002 0.085 

Locus 151 : 174083_22 
2 alleles
3.9% missing data
 120   (0.947) 0.999 0.787 0.998 0.966 1.000 0.995 0.999 0.981 0.999 0.999 0.997 0.954 1.000 0.999 0.955 
 100   (0.053) 0.001 0.213 0.002 0.034 0.000 0.005 0.001 0.019 0.001 0.001 0.003 0.046 0.000 0.001 0.045 

Locus 152 : 174223_24 
2 alleles
2.8% missing data
 120   (0.956) 0.999 0.997 0.997 0.971 1.000 0.995 0.999 0.983 0.999 0.999 0.997 0.960 1.000 0.992 0.958 
 100   (0.044) 0.001 0.003 0.003 0.029 0.000 0.005 0.001 0.017 0.001 0.001 0.003 0.040 0.000 0.008 0.042 

Locus 153 : 174263_44 
2 alleles
3.9% missing data
 130   (0.953) 0.999 0.997 0.998 0.969 1.000 0.995 1.000 0.983 0.999 0.847 0.997 0.959 1.000 0.999 0.960 
 110   (0.047) 0.001 0.003 0.002 0.031 0.000 0.005 0.000 0.017 0.001 0.153 0.003 0.041 0.000 0.001 0.040 

Locus 154 : 175657_6 
2 alleles
8.4% missing data
 100   (0.929) 0.998 0.995 0.925 0.954 1.000 0.993 0.999 0.975 0.998 0.998 0.761 0.937 1.000 0.999 0.940 
 130   (0.071) 0.002 0.005 0.075 0.046 0.000 0.007 0.001 0.025 0.002 0.002 0.239 0.063 0.000 0.001 0.060 

Locus 155 : 176570_23 
2 alleles
3.9% missing data
 130   (0.952) 0.997 0.997 0.996 0.955 0.993 0.994 0.998 0.972 0.969 0.999 0.997 0.941 0.997 0.997 0.959 
 110   (0.048) 0.003 0.003 0.004 0.045 0.007 0.006 0.002 0.028 0.031 0.001 0.003 0.059 0.003 0.003 0.041 

Locus 156 : 176775_13 
2 alleles
6.7% missing data
 130   (0.945) 0.998 0.708 0.997 0.965 1.000 0.994 0.999 0.981 0.999 0.999 0.997 0.952 1.000 0.999 0.954 
 110   (0.055) 0.002 0.292 0.003 0.035 0.000 0.006 0.001 0.019 0.001 0.001 0.003 0.048 0.000 0.001 0.046 

Locus 157 : 178448_19 
2 alleles
3.4% missing data
 120   (0.951) 0.999 0.883 0.998 0.969 1.000 0.995 0.999 0.983 0.999 0.999 0.997 0.958 1.000 0.999 0.960 
 100   (0.049) 0.001 0.117 0.002 0.031 0.000 0.005 0.001 0.017 0.001 0.001 0.003 0.042 0.000 0.001 0.040 

Locus 158 : 179162_16 
2 alleles
6.2% missing data
 120   (0.955) 0.999 0.972 0.998 0.971 1.000 0.995 0.999 0.984 0.999 0.999 0.997 0.961 1.000 0.999 0.962 
 100   (0.045) 0.001 0.028 0.002 0.029 0.000 0.005 0.001 0.016 0.001 0.001 0.003 0.039 0.000 0.001 0.038 

Locus 159 : 179286_31 
2 alleles
2.8% missing data
 120   (0.926) 0.998 0.995 0.914 0.951 1.000 0.992 0.999 0.974 0.990 0.998 0.898 0.932 1.000 0.999 0.937 
 100   (0.074) 0.002 0.005 0.086 0.049 0.000 0.008 0.001 0.026 0.010 0.002 0.102 0.068 0.000 0.001 0.063 

Locus 160 : 179594_17 
2 alleles
4.5% missing data
 120   (0.904) 0.979 0.993 0.996 0.933 0.999 0.925 0.998 0.939 0.997 0.998 0.741 0.912 1.000 0.995 0.914 
 100   (0.096) 0.021 0.007 0.004 0.067 0.001 0.075 0.002 0.061 0.003 0.002 0.259 0.088 0.000 0.005 0.086 

Locus 161 : 180413_54 
2 alleles
3.9% missing data
 100   (0.949) 0.999 0.882 0.998 0.967 1.000 0.995 0.999 0.982 0.999 0.999 0.997 0.956 1.000 0.999 0.958 
 110   (0.051) 0.001 0.118 0.002 0.033 0.000 0.005 0.001 0.018 0.001 0.001 0.003 0.044 0.000 0.001 0.042 

Locus 162 : 182862_79 
2 alleles
3.4% missing data
 130   (0.950) 0.999 0.869 0.998 0.968 1.000 0.995 0.999 0.983 0.999 0.999 0.997 0.957 1.000 0.999 0.958 
 110   (0.050) 0.001 0.131 0.002 0.032 0.000 0.005 0.001 0.017 0.001 0.001 0.003 0.043 0.000 0.001 0.042 

Locus 163 : 183288_63 
2 alleles
10.1% missing data
 100   (0.954) 0.999 0.972 0.998 0.970 1.000 0.995 0.999 0.984 0.999 0.999 0.997 0.960 1.000 0.999 0.961 
 120   (0.046) 0.001 0.028 0.002 0.030 0.000 0.005 0.001 0.016 0.001 0.001 0.003 0.040 0.000 0.001 0.039 

Locus 164 : 183906_55 
2 alleles
6.7% missing data
 130   (0.951) 0.999 0.946 0.998 0.967 1.000 0.995 0.999 0.983 0.999 0.999 0.997 0.957 1.000 0.999 0.958 
 100   (0.049) 0.001 0.054 0.002 0.033 0.000 0.005 0.001 0.017 0.001 0.001 0.003 0.043 0.000 0.001 0.042 

Locus 165 : 183990_7 
2 alleles
3.4% missing data
 120   (0.946) 0.997 0.997 0.996 0.959 0.999 0.995 0.850 0.979 0.997 0.999 0.997 0.940 1.000 0.999 0.934 
 100   (0.054) 0.003 0.003 0.004 0.041 0.001 0.005 0.150 0.021 0.003 0.001 0.003 0.060 0.000 0.001 0.066 

Locus 166 : 185904_60 
2 alleles
3.4% missing data
 120   (0.948) 0.935 0.997 0.998 0.965 1.000 0.995 0.999 0.972 0.999 0.999 0.997 0.954 1.000 0.999 0.955 
 100   (0.052) 0.065 0.003 0.002 0.035 0.000 0.005 0.001 0.028 0.001 0.001 0.003 0.046 0.000 0.001 0.045 

Locus 167 : 191703_64 
2 alleles
1.7% missing data
 130   (0.923) 0.998 0.995 0.997 0.950 1.000 0.668 0.999 0.973 0.998 0.998 0.867 0.932 1.000 0.999 0.934 
 110   (0.077) 0.002 0.005 0.003 0.050 0.000 0.332 0.001 0.027 0.002 0.002 0.133 0.068 0.000 0.001 0.066 

Locus 168 : 193854_7 
2 alleles
1.7% missing data
 130   (0.929) 0.998 0.884 0.997 0.952 1.000 0.992 0.999 0.974 0.998 0.982 0.996 0.937 1.000 0.998 0.939 
 110   (0.071) 0.002 0.116 0.003 0.048 0.000 0.008 0.001 0.026 0.002 0.018 0.004 0.063 0.000 0.002 0.061 

Locus 169 : 194868_38 
2 alleles
5.6% missing data
 120   (0.937) 0.998 0.996 0.903 0.958 1.000 0.993 0.997 0.977 0.998 0.999 0.964 0.927 1.000 0.999 0.945 
 100   (0.063) 0.002 0.004 0.097 0.042 0.000 0.007 0.003 0.023 0.002 0.001 0.036 0.073 0.000 0.001 0.055 

Locus 170 : 195463_36 
2 alleles
5.1% missing data
 120   (0.952) 0.999 0.997 0.998 0.967 1.000 0.995 0.999 0.982 0.999 0.999 0.860 0.958 1.000 0.999 0.959 
 100   (0.048) 0.001 0.003 0.002 0.033 0.000 0.005 0.001 0.018 0.001 0.001 0.140 0.042 0.000 0.001 0.041 

Locus 171 : 195727_20 
2 alleles
1.7% missing data
 130   (0.951) 0.999 0.915 0.998 0.969 1.000 0.995 0.999 0.983 0.999 0.999 0.997 0.957 1.000 0.999 0.959 
 110   (0.049) 0.001 0.085 0.002 0.031 0.000 0.005 0.001 0.017 0.001 0.001 0.003 0.043 0.000 0.001 0.041 

Locus 172 : 197508_5 
2 alleles
2.2% missing data
 120   (0.958) 0.999 0.997 0.991 0.970 1.000 0.995 0.999 0.982 0.999 0.999 0.998 0.960 1.000 0.999 0.962 
 100   (0.042) 0.001 0.003 0.009 0.030 0.000 0.005 0.001 0.018 0.001 0.001 0.002 0.040 0.000 0.001 0.038 

Locus 173 : 199140_10 
2 alleles
4.5% missing data
 130   (0.955) 0.999 0.997 0.997 0.969 1.000 0.995 0.997 0.978 0.999 0.999 0.997 0.955 1.000 0.999 0.960 
 110   (0.045) 0.001 0.003 0.003 0.031 0.000 0.005 0.003 0.022 0.001 0.001 0.003 0.045 0.000 0.001 0.040 

Locus 174 : 199429_51 
2 alleles
5.1% missing data
 130   (0.954) 0.990 0.997 0.998 0.969 1.000 0.994 0.999 0.968 0.999 0.999 0.997 0.958 1.000 0.999 0.958 
 100   (0.046) 0.010 0.003 0.002 0.031 0.000 0.006 0.001 0.032 0.001 0.001 0.003 0.042 0.000 0.001 0.042 

Locus 175 : 199635_9 
2 alleles
3.4% missing data
 120   (0.950) 0.999 0.832 0.998 0.968 1.000 0.995 0.999 0.983 0.999 0.999 0.997 0.957 1.000 0.999 0.958 
 100   (0.050) 0.001 0.168 0.002 0.032 0.000 0.005 0.001 0.017 0.001 0.001 0.003 0.043 0.000 0.001 0.042 

Locus 176 : 200923_8 
2 alleles
5.1% missing data
 100   (0.954) 0.999 0.997 0.998 0.971 1.000 0.936 0.999 0.983 0.999 0.999 0.995 0.959 1.000 0.999 0.961 
 110   (0.046) 0.001 0.003 0.002 0.029 0.000 0.064 0.001 0.017 0.001 0.001 0.005 0.041 0.000 0.001 0.039 

Locus 177 : 201090_64 
2 alleles
5.1% missing data
 130   (0.956) 0.969 0.997 0.998 0.971 1.000 0.995 0.999 0.983 0.999 0.999 0.997 0.960 1.000 0.999 0.962 
 100   (0.044) 0.031 0.003 0.002 0.029 0.000 0.005 0.001 0.017 0.001 0.001 0.003 0.040 0.000 0.001 0.038 

Locus 178 : 201549_57 
2 alleles
4.5% missing data
 120   (0.952) 0.999 0.997 0.998 0.969 1.000 0.995 0.999 0.984 0.999 0.999 0.906 0.958 1.000 0.999 0.960 
 110   (0.048) 0.001 0.003 0.002 0.031 0.000 0.005 0.001 0.016 0.001 0.001 0.094 0.042 0.000 0.001 0.040 

Locus 179 : 203565_40 
2 alleles
3.9% missing data
 120   (0.956) 0.999 0.997 0.998 0.971 1.000 0.939 0.999 0.983 0.998 0.999 0.998 0.962 1.000 0.999 0.963 
 100   (0.044) 0.001 0.003 0.002 0.029 0.000 0.061 0.001 0.017 0.002 0.001 0.002 0.038 0.000 0.001 0.037 

Locus 180 : 205184_19 
2 alleles
7.3% missing data
 110   (0.919) 0.998 0.764 0.996 0.948 1.000 0.992 0.999 0.973 0.998 0.872 0.995 0.931 1.000 0.999 0.932 
 120   (0.081) 0.002 0.236 0.004 0.052 0.000 0.008 0.001 0.027 0.002 0.128 0.005 0.069 0.000 0.001 0.068 

Locus 181 : 206551_17 
2 alleles
6.2% missing data
 120   (0.897) 0.676 0.993 0.995 0.926 0.999 0.946 0.994 0.924 0.996 0.998 0.972 0.901 1.000 0.914 0.908 
 100   (0.103) 0.324 0.007 0.005 0.074 0.001 0.054 0.006 0.076 0.004 0.002 0.028 0.099 0.000 0.086 0.092 

Locus 182 : 216246_19 
2 alleles
2.8% missing data
 110   (0.939) 0.997 0.996 0.991 0.951 1.000 0.991 0.995 0.973 0.990 0.999 0.991 0.913 1.000 0.999 0.939 
 130   (0.061) 0.003 0.004 0.009 0.049 0.000 0.009 0.005 0.027 0.010 0.001 0.009 0.087 0.000 0.001 0.061 

Locus 183 : 216776_13 
2 alleles
5.6% missing data
 120   (0.909) 0.997 0.732 0.996 0.943 1.000 0.990 0.999 0.969 0.997 0.991 0.995 0.920 1.000 0.850 0.924 
 110   (0.091) 0.003 0.268 0.004 0.057 0.000 0.010 0.001 0.031 0.003 0.009 0.005 0.080 0.000 0.150 0.076 

Locus 184 : 217291_37 
2 alleles
3.9% missing data
 120   (0.951) 0.998 0.997 0.998 0.965 1.000 0.995 0.999 0.979 0.999 0.999 0.919 0.946 1.000 0.999 0.955 
 100   (0.049) 0.002 0.003 0.002 0.035 0.000 0.005 0.001 0.021 0.001 0.001 0.081 0.054 0.000 0.001 0.045 

Locus 185 : 217570_13 
2 alleles
3.9% missing data
 130   (0.951) 0.999 0.868 0.998 0.969 1.000 0.995 0.999 0.983 0.999 0.999 0.997 0.958 1.000 0.999 0.959 
 110   (0.049) 0.001 0.132 0.002 0.031 0.000 0.005 0.001 0.017 0.001 0.001 0.003 0.042 0.000 0.001 0.041 

Locus 186 : 220422_65 
2 alleles
3.4% missing data
 120   (0.943) 0.997 0.996 0.990 0.953 1.000 0.994 0.999 0.972 0.983 0.999 0.991 0.904 1.000 0.999 0.935 
 110   (0.057) 0.003 0.004 0.010 0.047 0.000 0.006 0.001 0.028 0.017 0.001 0.009 0.096 0.000 0.001 0.065 

Locus 187 : 220502_40 
2 alleles
6.7% missing data
 120   (0.955) 0.998 0.997 0.997 0.970 1.000 0.995 0.999 0.983 0.968 0.999 0.997 0.960 1.000 0.999 0.962 
 110   (0.045) 0.002 0.003 0.003 0.030 0.000 0.005 0.001 0.017 0.032 0.001 0.003 0.040 0.000 0.001 0.038 

Locus 188 : 220519_81 
2 alleles
4.5% missing data
 130   (0.928) 0.998 0.860 0.997 0.953 1.000 0.937 0.999 0.973 0.998 0.998 0.996 0.937 1.000 0.999 0.939 
 110   (0.072) 0.002 0.140 0.003 0.047 0.000 0.063 0.001 0.027 0.002 0.002 0.004 0.063 0.000 0.001 0.061 

Locus 189 : 222347_17 
2 alleles
3.9% missing data
 120   (0.949) 0.999 0.894 0.998 0.967 1.000 0.995 0.999 0.982 0.999 0.999 0.997 0.955 1.000 0.999 0.956 
 100   (0.051) 0.001 0.106 0.002 0.033 0.000 0.005 0.001 0.018 0.001 0.001 0.003 0.045 0.000 0.001 0.044 

Locus 190 : 222896_46 
2 alleles
0.6% missing data
 110   (0.952) 0.999 0.945 0.998 0.969 1.000 0.995 0.999 0.984 0.999 0.999 0.997 0.959 1.000 0.999 0.960 
 130   (0.048) 0.001 0.055 0.002 0.031 0.000 0.005 0.001 0.016 0.001 0.001 0.003 0.041 0.000 0.001 0.040 

Locus 191 : 223181_12 
2 alleles
3.4% missing data
 120   (0.946) 0.999 0.726 0.998 0.967 1.000 0.995 0.999 0.982 0.999 0.999 0.997 0.954 1.000 0.999 0.955 
 100   (0.054) 0.001 0.274 0.002 0.033 0.000 0.005 0.001 0.018 0.001 0.001 0.003 0.046 0.000 0.001 0.045 

Locus 192 : 224649_57 
2 alleles
5.1% missing data
 100   (0.956) 0.999 0.997 0.998 0.970 1.000 0.994 0.999 0.983 0.999 0.980 0.997 0.960 1.000 0.999 0.961 
 110   (0.044) 0.001 0.003 0.002 0.030 0.000 0.006 0.001 0.017 0.001 0.020 0.003 0.040 0.000 0.001 0.039 

Locus 193 : 226245_11 
2 alleles
5.1% missing data
 130   (0.952) 0.999 0.997 0.998 0.969 1.000 0.995 0.999 0.984 0.918 0.999 0.997 0.958 1.000 0.999 0.959 
 110   (0.048) 0.001 0.003 0.002 0.031 0.000 0.005 0.001 0.016 0.082 0.001 0.003 0.042 0.000 0.001 0.041 

Locus 194 : 226342_59 
2 alleles
6.2% missing data
 120   (0.917) 0.997 0.914 0.995 0.945 0.999 0.990 0.998 0.969 0.997 0.967 0.994 0.924 0.998 0.995 0.929 
 100   (0.083) 0.003 0.086 0.005 0.055 0.001 0.010 0.002 0.031 0.003 0.033 0.006 0.076 0.002 0.005 0.071 

Locus 195 : 228970_13 
2 alleles
3.9% missing data
 120   (0.956) 0.999 0.997 0.998 0.971 1.000 0.996 0.999 0.984 0.999 0.999 0.960 0.961 1.000 0.999 0.964 
 100   (0.044) 0.001 0.003 0.002 0.029 0.000 0.004 0.001 0.016 0.001 0.001 0.040 0.039 0.000 0.001 0.036 

Locus 196 : 229097_27 
2 alleles
5.1% missing data
 130   (0.949) 0.999 0.794 0.998 0.967 1.000 0.995 0.999 0.983 0.999 0.999 0.997 0.956 1.000 0.999 0.957 
 110   (0.051) 0.001 0.206 0.002 0.033 0.000 0.005 0.001 0.017 0.001 0.001 0.003 0.044 0.000 0.001 0.043 

Locus 197 : 229177_29 
2 alleles
7.3% missing data
 130   (0.948) 0.996 0.997 0.997 0.965 0.999 0.994 0.999 0.975 0.998 0.999 0.997 0.954 0.997 0.825 0.956 
 110   (0.052) 0.004 0.003 0.003 0.035 0.001 0.006 0.001 0.025 0.002 0.001 0.003 0.046 0.003 0.175 0.044 

Locus 198 : 229612_7 
2 alleles
6.2% missing data
 100   (0.955) 0.999 0.997 0.990 0.968 1.000 0.995 0.999 0.981 0.999 0.999 0.997 0.958 1.000 0.999 0.959 
 120   (0.045) 0.001 0.003 0.010 0.032 0.000 0.005 0.001 0.019 0.001 0.001 0.003 0.042 0.000 0.001 0.041 

Locus 199 : 229936_67 
2 alleles
3.9% missing data
 120   (0.950) 0.997 0.997 0.996 0.952 0.992 0.994 0.998 0.971 0.969 0.999 0.997 0.940 0.997 0.997 0.956 
 100   (0.050) 0.003 0.003 0.004 0.048 0.008 0.006 0.002 0.029 0.031 0.001 0.003 0.060 0.003 0.003 0.044 

Locus 200 : 232937_62 
2 alleles
2.2% missing data
 100   (0.957) 0.999 0.997 0.998 0.972 1.000 0.995 1.000 0.984 0.999 0.999 0.998 0.960 1.000 0.993 0.958 
 120   (0.043) 0.001 0.003 0.002 0.028 0.000 0.005 0.000 0.016 0.001 0.001 0.002 0.040 0.000 0.007 0.042 

Locus 201 : 233194_6 
2 alleles
2.8% missing data
 120   (0.920) 0.997 0.670 0.997 0.947 1.000 0.992 0.999 0.972 0.998 0.967 0.995 0.928 1.000 0.999 0.931 
 100   (0.080) 0.003 0.330 0.003 0.053 0.000 0.008 0.001 0.028 0.002 0.033 0.005 0.072 0.000 0.001 0.069 

Locus 202 : 234346_33 
2 alleles
4.5% missing data
 110   (0.954) 0.999 0.997 0.998 0.970 1.000 0.996 1.000 0.984 0.999 0.826 0.997 0.960 1.000 0.999 0.961 
 130   (0.046) 0.001 0.003 0.002 0.030 0.000 0.004 0.000 0.016 0.001 0.174 0.003 0.040 0.000 0.001 0.039 

Locus 203 : 235241_77 
2 alleles
2.2% missing data
 130   (0.948) 0.999 0.840 0.998 0.967 1.000 0.995 0.999 0.983 0.999 0.999 0.997 0.955 1.000 0.999 0.956 
 100   (0.052) 0.001 0.160 0.002 0.033 0.000 0.005 0.001 0.017 0.001 0.001 0.003 0.045 0.000 0.001 0.044 

Locus 204 : 236207_44 
2 alleles
6.2% missing data
 120   (0.891) 0.997 0.993 0.995 0.928 0.795 0.873 0.999 0.961 0.786 0.998 0.963 0.904 1.000 0.998 0.907 
 100   (0.109) 0.003 0.007 0.005 0.072 0.205 0.127 0.001 0.039 0.214 0.002 0.037 0.096 0.000 0.002 0.093 

Locus 205 : 236307_12 
2 alleles
1.7% missing data
 130   (0.949) 0.998 0.997 0.997 0.967 1.000 0.994 0.619 0.982 0.998 0.999 0.994 0.954 1.000 0.999 0.951 
 110   (0.051) 0.002 0.003 0.003 0.033 0.000 0.006 0.381 0.018 0.002 0.001 0.006 0.046 0.000 0.001 0.049 

Locus 206 : 236931_45 
2 alleles
6.7% missing data
 120   (0.881) 0.997 0.992 0.708 0.924 0.999 0.441 0.997 0.958 0.993 0.997 0.713 0.896 1.000 0.998 0.902 
 100   (0.119) 0.003 0.008 0.292 0.076 0.001 0.559 0.003 0.042 0.007 0.003 0.287 0.104 0.000 0.002 0.098 

Locus 207 : 236999_38 
2 alleles
2.8% missing data
 120   (0.953) 0.999 0.946 0.998 0.970 1.000 0.995 0.999 0.985 0.999 0.999 0.997 0.959 1.000 0.999 0.961 
 100   (0.047) 0.001 0.054 0.002 0.030 0.000 0.005 0.001 0.015 0.001 0.001 0.003 0.041 0.000 0.001 0.039 

Locus 208 : 240398_42 
2 alleles
3.9% missing data
 110   (0.837) 0.995 0.990 0.828 0.890 0.999 0.452 0.656 0.935 0.995 0.996 0.882 0.846 1.000 0.997 0.858 
 130   (0.163) 0.005 0.010 0.172 0.110 0.001 0.548 0.344 0.065 0.005 0.004 0.118 0.154 0.000 0.003 0.142 

Locus 209 : 240825_22 
2 alleles
6.2% missing data
 130   (0.955) 0.993 0.997 0.998 0.965 0.999 0.992 0.998 0.982 0.997 0.999 0.997 0.958 1.000 0.997 0.957 
 110   (0.045) 0.007 0.003 0.002 0.035 0.001 0.008 0.002 0.018 0.003 0.001 0.003 0.042 0.000 0.003 0.043 

Locus 210 : 244435_48 
2 alleles
1.7% missing data
 110   (0.953) 0.999 0.997 0.998 0.970 1.000 0.995 0.999 0.984 0.919 0.999 0.997 0.960 1.000 0.999 0.961 
 130   (0.047) 0.001 0.003 0.002 0.030 0.000 0.005 0.001 0.016 0.081 0.001 0.003 0.040 0.000 0.001 0.039 

Locus 211 : 245971_21 
2 alleles
5.1% missing data
 130   (0.951) 0.999 0.915 0.998 0.969 1.000 0.995 0.999 0.984 0.999 0.999 0.997 0.957 1.000 0.999 0.959 
 120   (0.049) 0.001 0.085 0.002 0.031 0.000 0.005 0.001 0.016 0.001 0.001 0.003 0.043 0.000 0.001 0.041 

Locus 212 : 246895_22 
2 alleles
3.4% missing data
 120   (0.954) 0.999 0.997 0.997 0.966 1.000 0.995 0.996 0.980 0.999 0.999 0.997 0.953 1.000 0.999 0.955 
 110   (0.046) 0.001 0.003 0.003 0.034 0.000 0.005 0.004 0.020 0.001 0.001 0.003 0.047 0.000 0.001 0.045 

Locus 213 : 248131_26 
2 alleles
7.9% missing data
 130   (0.939) 0.965 0.996 0.979 0.957 0.999 0.991 0.999 0.973 0.996 0.998 0.995 0.940 0.999 0.998 0.946 
 110   (0.061) 0.035 0.004 0.021 0.043 0.001 0.009 0.001 0.027 0.004 0.002 0.005 0.060 0.001 0.002 0.054 

Locus 214 : 250844_49 
2 alleles
7.3% missing data
 130   (0.955) 0.999 0.997 0.990 0.970 1.000 0.996 0.999 0.984 0.999 0.999 0.997 0.957 1.000 0.999 0.960 
 100   (0.045) 0.001 0.003 0.010 0.030 0.000 0.004 0.001 0.016 0.001 0.001 0.003 0.043 0.000 0.001 0.040 

Locus 215 : 251283_19 
2 alleles
5.6% missing data
 120   (0.954) 0.999 0.997 0.998 0.971 1.000 0.823 0.999 0.984 0.999 0.999 0.997 0.960 1.000 0.999 0.962 
 100   (0.046) 0.001 0.003 0.002 0.029 0.000 0.177 0.001 0.016 0.001 0.001 0.003 0.040 0.000 0.001 0.038 

Locus 216 : 251358_15 
2 alleles
8.4% missing data
 110   (0.932) 0.998 0.996 0.812 0.956 1.000 0.991 0.999 0.976 0.962 0.998 0.995 0.940 1.000 0.999 0.943 
 120   (0.068) 0.002 0.004 0.188 0.044 0.000 0.009 0.001 0.024 0.038 0.002 0.005 0.060 0.000 0.001 0.057 

Locus 217 : 251901_42 
2 alleles
2.2% missing data
 120   (0.956) 0.986 0.997 0.998 0.969 1.000 0.995 0.999 0.975 0.998 0.999 0.997 0.960 1.000 0.999 0.961 
 100   (0.044) 0.014 0.003 0.002 0.031 0.000 0.005 0.001 0.025 0.002 0.001 0.003 0.040 0.000 0.001 0.039 

Locus 218 : 252158_43 
2 alleles
0.0% missing data
 120   (0.951) 0.999 0.920 0.998 0.968 1.000 0.995 0.999 0.983 0.999 0.999 0.997 0.957 1.000 0.999 0.959 
 100   (0.049) 0.001 0.080 0.002 0.032 0.000 0.005 0.001 0.017 0.001 0.001 0.003 0.043 0.000 0.001 0.041 

Locus 219 : 252988_16 
2 alleles
7.9% missing data
 110   (0.951) 0.763 0.997 0.998 0.969 1.000 0.995 0.999 0.983 0.999 0.999 0.997 0.957 1.000 0.999 0.959 
 100   (0.049) 0.237 0.003 0.002 0.031 0.000 0.005 0.001 0.017 0.001 0.001 0.003 0.043 0.000 0.001 0.041 

Locus 220 : 254425_88 
2 alleles
5.6% missing data
 130   (0.920) 0.998 0.776 0.996 0.948 1.000 0.992 0.999 0.972 0.998 0.887 0.995 0.930 1.000 0.998 0.933 
 110   (0.080) 0.002 0.224 0.004 0.052 0.000 0.008 0.001 0.028 0.002 0.113 0.005 0.070 0.000 0.002 0.067 

Locus 221 : 256337_57 
2 alleles
5.6% missing data
 110   (0.957) 0.999 0.997 0.998 0.972 1.000 0.929 0.999 0.984 0.999 0.999 0.998 0.963 1.000 0.999 0.964 
 130   (0.043) 0.001 0.003 0.002 0.028 0.000 0.071 0.001 0.016 0.001 0.001 0.002 0.037 0.000 0.001 0.036 

Locus 222 : 259058_15 
2 alleles
1.7% missing data
 120   (0.955) 0.999 0.997 0.998 0.971 1.000 0.996 1.000 0.985 0.999 0.879 0.997 0.961 1.000 0.999 0.963 
 100   (0.045) 0.001 0.003 0.002 0.029 0.000 0.004 0.000 0.015 0.001 0.121 0.003 0.039 0.000 0.001 0.037 

Locus 223 : 259869_81 
2 alleles
0.6% missing data
 120   (0.954) 0.999 0.997 0.998 0.970 1.000 0.995 0.999 0.983 0.999 0.944 0.997 0.959 1.000 0.999 0.961 
 130   (0.046) 0.001 0.003 0.002 0.030 0.000 0.005 0.001 0.017 0.001 0.056 0.003 0.041 0.000 0.001 0.039 

Locus 224 : 260700_55 
2 alleles
2.2% missing data
 130   (0.956) 0.994 0.997 0.998 0.970 1.000 0.995 0.999 0.982 0.999 0.999 0.997 0.959 1.000 0.982 0.962 
 110   (0.044) 0.006 0.003 0.002 0.030 0.000 0.005 0.001 0.018 0.001 0.001 0.003 0.041 0.000 0.018 0.038 

Locus 225 : 262223_11 
2 alleles
4.5% missing data
 130   (0.956) 0.999 0.997 0.998 0.971 1.000 0.996 1.000 0.985 0.999 0.999 0.997 0.962 1.000 0.877 0.963 
 100   (0.044) 0.001 0.003 0.002 0.029 0.000 0.004 0.000 0.015 0.001 0.001 0.003 0.038 0.000 0.123 0.037 

Locus 226 : 262346_48 
2 alleles
3.4% missing data
 130   (0.951) 0.999 0.997 0.998 0.968 1.000 0.398 0.999 0.982 0.999 0.999 0.997 0.958 1.000 0.999 0.959 
 110   (0.049) 0.001 0.003 0.002 0.032 0.000 0.602 0.001 0.018 0.001 0.001 0.003 0.042 0.000 0.001 0.041 

Locus 227 : 262620_18 
2 alleles
3.9% missing data
 110   (0.939) 0.997 0.995 0.996 0.955 0.994 0.991 0.995 0.971 0.990 0.998 0.995 0.936 0.999 0.998 0.941 
 130   (0.061) 0.003 0.005 0.004 0.045 0.006 0.009 0.005 0.029 0.010 0.002 0.005 0.064 0.001 0.002 0.059 

Locus 228 : 263002_42 
2 alleles
3.4% missing data
 120   (0.950) 0.999 0.997 0.854 0.968 1.000 0.995 0.999 0.983 0.999 0.999 0.997 0.956 1.000 0.999 0.958 
 100   (0.050) 0.001 0.003 0.146 0.032 0.000 0.005 0.001 0.017 0.001 0.001 0.003 0.044 0.000 0.001 0.042 

Locus 229 : 263813_70 
2 alleles
10.1% missing data
 130   (0.953) 0.999 0.997 0.998 0.970 1.000 0.995 0.999 0.983 0.999 0.939 0.997 0.958 1.000 0.999 0.960 
 110   (0.047) 0.001 0.003 0.002 0.030 0.000 0.005 0.001 0.017 0.001 0.061 0.003 0.042 0.000 0.001 0.040 

Locus 230 : 264184_13 
2 alleles
10.1% missing data
 110   (0.912) 0.873 0.993 0.996 0.942 1.000 0.950 0.999 0.946 0.864 0.998 0.994 0.921 1.000 0.998 0.925 
 130   (0.088) 0.127 0.007 0.004 0.058 0.000 0.050 0.001 0.054 0.136 0.002 0.006 0.079 0.000 0.002 0.075 

Values of parameters used in structure:
DATAFILE=C:\Users\jmahg\OneDrive\Desktop\Transfers\TrkNbr-1524n1282n1083_AllPops_Structure_p18_r080_LDnHWEx\project_data,	OUTFILE=C:\Users\jmahg\OneDrive\Desktop\Transfers\TrkNbr-1524n1282n1083_AllPops_Structure_p18_r080_LDnHWEx\BI50000_MCMC100000\Results\BI50000_MCMC100000_run_150,	NUMINDS=178,	NUMLOCI=230,	MISSING=0,	LABEL=1,	POPDATA=1,	POPFLAG=0,	PHENOTYPE=0,	EXTRACOLS=0,	MAXPOPS=15,	BURNIN=50000,	NUMREPS=100000,	USEPOPINFO=0,	INFERALPHA=1,	INFERLAMBDA=0,	POPSPECIFICLAMBDA=0,	POPALPHAS=0,	COMPUTEPROB=1,	NOADMIX=0,	ADMBURNIN=2500,	UPDATEFREQ=1,	PRINTLIKES=0,	INTERMEDSAVE=0,	PRINTKLD=0,	PRINTNET=0,	PRINTLAMBDA=0,	ANCESTDIST=0,	NUMBOXES=1000,	ANCESTPINT=0.90000,	GENSBACK=2,	MIGRPRIOR=0.05000,	PRINTQHAT=0,	PRINTQSUM=0,	ALPHA=1.0000,	FREQSCORR=1,	FPRIORMEAN=0.0100,	FPRIORSD=0.0500,	ONEFST=0,	LAMBDA=1.0000,	UNIFPRIORALPHA=1,	ALPHAMAX=10.0000,	ALPHAPRIORA=1.0000,	ALPHAPRIORB=2.0000,	ALPHAPROPSD=0.0250,	STARTATPOPINFO=0,	RANDOMIZE=1,	LINKAGE=0,	METROFREQ=10,	REPORTHITRATE=0,	MARKOVPHASE=-1,	PHASED=0,	PLOIDY=2,	PHASEINFO=0	LOCPRIOR=0, 	LOCPRIORINIT=1.000000, 	LOCDATA=0, 	LOCISPOP=0, 	LOCPRIORSTEP=0.100000, 	MAXLOCPRIOR=20.000000, 	SEED=1603014496,	
[STRAT parameters]:    NUMSIMSTATS=1000,	PHENOTYPECOL=-9,	POOLFREQ=10,	LOCUSxONLY=0,	EMERROR=0.00100,	MISSINGPHENO=-9,	