

----------------------------------------------------
STRUCTURE by Pritchard, Stephens and Donnelly (2000)
     and Falush, Stephens and Pritchard (2003)
       Code by Pritchard, Falush and Hubisz
             Version 2.3.4 (Jul 2012)
----------------------------------------------------



Command line arguments:   bin\structure -m C:\Users\jmahg\OneDrive\Desktop\Transfers\TrkNbr-1524n1282n1083_AllPops_Structure_p18_r080_LDnHWEx\BI50000_MCMC100000\mainparams -e C:\Users\jmahg\OneDrive\Desktop\Transfers\TrkNbr-1524n1282n1083_AllPops_Structure_p18_r080_LDnHWEx\BI50000_MCMC100000\extraparams 
Input File:    C:\Users\jmahg\OneDrive\Desktop\Transfers\TrkNbr-1524n1282n1083_AllPops_Structure_p18_r080_LDnHWEx\project_data

Run parameters:
   178 individuals
   230 loci
   15 populations assumed
   50000 Burn-in period
   100000 Reps


--------------------------------------------
Proportion of membership of each pre-defined
 population in each of the 15 clusters

Given    Inferred Clusters                                                                                           Number of
 Pop       1      2      3      4      5      6      7      8      9     10     11     12     13     14     15      Individuals

  1:     0.009  0.002  0.023  0.035  0.007  0.020  0.120  0.702  0.016  0.023  0.010  0.012  0.004  0.010  0.007       10
  2:     0.025  0.002  0.061  0.081  0.019  0.043  0.138  0.035  0.515  0.007  0.035  0.014  0.013  0.004  0.006        8
  3:     0.011  0.002  0.091  0.150  0.010  0.058  0.047  0.012  0.016  0.006  0.023  0.559  0.003  0.004  0.008       10
  4:     0.009  0.002  0.100  0.127  0.007  0.062  0.049  0.022  0.085  0.022  0.447  0.032  0.008  0.019  0.009       10
  5:     0.004  0.899  0.012  0.015  0.003  0.009  0.011  0.007  0.007  0.004  0.005  0.009  0.003  0.003  0.010       10
  6:     0.004  0.003  0.150  0.204  0.003  0.089  0.058  0.023  0.020  0.008  0.010  0.409  0.004  0.005  0.010       10
  7:     0.004  0.002  0.042  0.047  0.003  0.023  0.498  0.327  0.019  0.005  0.006  0.012  0.003  0.003  0.005       10
  8:     0.032  0.002  0.081  0.061  0.028  0.049  0.116  0.115  0.283  0.070  0.053  0.044  0.015  0.042  0.009       10
  9:     0.003  0.002  0.200  0.281  0.002  0.107  0.273  0.053  0.020  0.006  0.009  0.026  0.003  0.004  0.011       10
 10:     0.004  0.002  0.365  0.259  0.003  0.137  0.076  0.016  0.027  0.007  0.010  0.070  0.004  0.005  0.014       10
 11:     0.025  0.002  0.064  0.104  0.024  0.041  0.036  0.024  0.036  0.591  0.014  0.016  0.007  0.007  0.007       10
 12:     0.005  0.002  0.046  0.054  0.004  0.024  0.028  0.025  0.065  0.607  0.015  0.018  0.006  0.092  0.009       10
 13:     0.009  0.002  0.020  0.024  0.007  0.016  0.020  0.013  0.012  0.010  0.009  0.012  0.006  0.832  0.007       10
 14:     0.005  0.009  0.050  0.062  0.004  0.030  0.030  0.010  0.013  0.006  0.008  0.017  0.003  0.004  0.750       10
 15:     0.005  0.007  0.035  0.046  0.004  0.021  0.023  0.011  0.011  0.006  0.006  0.037  0.003  0.004  0.782       10
 16:     0.027  0.002  0.115  0.067  0.026  0.048  0.088  0.034  0.045  0.012  0.471  0.037  0.012  0.006  0.010       10
 17:     0.009  0.002  0.067  0.072  0.007  0.032  0.040  0.033  0.068  0.071  0.029  0.017  0.527  0.017  0.008       10
 18:     0.005  0.854  0.021  0.031  0.004  0.012  0.015  0.009  0.009  0.005  0.006  0.012  0.003  0.003  0.010       10
--------------------------------------------

Allele-freq. divergence among pops (Net nucleotide distance),
computed using point estimates of P.

      1       2       3       4       5       6       7       8       9      10      11      12      13      14      15      
 1      -    0.0059  0.0031  0.0033  0.0000  0.0008  0.0034  0.0036  0.0046  0.0030  0.0048  0.0034  0.0072  0.0047  0.0035  
 2   0.0059     -    0.0071  0.0071  0.0059  0.0059  0.0079  0.0090  0.0100  0.0093  0.0105  0.0076  0.0150  0.0116  0.0067  
 3   0.0031  0.0071     -    0.0001  0.0031  0.0008  0.0008  0.0020  0.0030  0.0026  0.0036  0.0010  0.0086  0.0050  0.0017  
 4   0.0033  0.0071  0.0001     -    0.0033  0.0009  0.0009  0.0021  0.0031  0.0026  0.0036  0.0010  0.0087  0.0050  0.0017  
 5   0.0000  0.0059  0.0031  0.0033     -    0.0008  0.0034  0.0036  0.0046  0.0030  0.0048  0.0034  0.0072  0.0047  0.0035  
 6   0.0008  0.0059  0.0008  0.0009  0.0008     -    0.0013  0.0020  0.0030  0.0019  0.0034  0.0015  0.0072  0.0040  0.0019  
 7   0.0034  0.0079  0.0008  0.0009  0.0034  0.0013     -    0.0007  0.0036  0.0033  0.0044  0.0019  0.0093  0.0058  0.0026  
 8   0.0036  0.0090  0.0020  0.0021  0.0036  0.0020  0.0007     -    0.0047  0.0035  0.0054  0.0031  0.0098  0.0064  0.0038  
 9   0.0046  0.0100  0.0030  0.0031  0.0046  0.0030  0.0036  0.0047     -    0.0046  0.0064  0.0040  0.0067  0.0074  0.0047  
10   0.0030  0.0093  0.0026  0.0026  0.0030  0.0019  0.0033  0.0035  0.0046     -    0.0054  0.0034  0.0080  0.0047  0.0041  
11   0.0048  0.0105  0.0036  0.0036  0.0048  0.0034  0.0044  0.0054  0.0064  0.0054     -    0.0042  0.0113  0.0081  0.0052  
12   0.0034  0.0076  0.0010  0.0010  0.0034  0.0015  0.0019  0.0031  0.0040  0.0034  0.0042     -    0.0095  0.0058  0.0026  
13   0.0072  0.0150  0.0086  0.0087  0.0072  0.0072  0.0093  0.0098  0.0067  0.0080  0.0113  0.0095     -    0.0106  0.0102  
14   0.0047  0.0116  0.0050  0.0050  0.0047  0.0040  0.0058  0.0064  0.0074  0.0047  0.0081  0.0058  0.0106     -    0.0065  
15   0.0035  0.0067  0.0017  0.0017  0.0035  0.0019  0.0026  0.0038  0.0047  0.0041  0.0052  0.0026  0.0102  0.0065     -    

Average distances (expected heterozygosity) between individuals in same cluster:
cluster  1  : 0.1017 
cluster  2  : 0.0658 
cluster  3  : 0.0035 
cluster  4  : 0.0004 
cluster  5  : 0.1017 
cluster  6  : 0.0522 
cluster  7  : 0.0071 
cluster  8  : 0.0167 
cluster  9  : 0.0119 
cluster 10  : 0.0313 
cluster 11  : 0.0221 
cluster 12  : 0.0133 
cluster 13  : 0.0443 
cluster 14  : 0.0388 
cluster 15  : 0.0228 

--------------------------------------------
Estimated Ln Prob of Data   = -3781.8
Mean value of ln likelihood = -3284.5
Variance of ln likelihood   = 994.4
Mean value of alpha         = 0.0344

Mean value of Fst_1         = 0.0008
Mean value of Fst_2         = 0.2862
Mean value of Fst_3         = 0.9086
Mean value of Fst_4         = 0.9770
Mean value of Fst_5         = 0.0009
Mean value of Fst_6         = 0.4984
Mean value of Fst_7         = 0.8539
Mean value of Fst_8         = 0.6741
Mean value of Fst_9         = 0.8033
Mean value of Fst_10         = 0.4639
Mean value of Fst_11         = 0.6036
Mean value of Fst_12         = 0.7133
Mean value of Fst_13         = 0.4382
Mean value of Fst_14         = 0.4503
Mean value of Fst_15         = 0.5640


Inferred ancestry of individuals:
        Label (%Miss) Pop:  Inferred clusters
  1 TGCP_WM1    (0)    1 :  0.010 0.002 0.028 0.034 0.007 0.024 0.106 0.725 0.015 0.010 0.008 0.015 0.004 0.003 0.009 
  2 TGCP_WM10    (1)    1 :  0.002 0.002 0.068 0.102 0.002 0.040 0.199 0.485 0.040 0.013 0.005 0.026 0.004 0.003 0.009 
  3 TGCP_WM2    (0)    1 :  0.042 0.002 0.026 0.036 0.032 0.036 0.246 0.518 0.013 0.006 0.013 0.012 0.005 0.005 0.008 
  4 TGCP_WM3    (1)    1 :  0.002 0.002 0.018 0.032 0.002 0.012 0.042 0.835 0.010 0.015 0.005 0.011 0.003 0.003 0.007 
  5 TGCP_WM4    (0)    1 :  0.005 0.002 0.014 0.025 0.003 0.010 0.066 0.737 0.008 0.090 0.016 0.010 0.003 0.004 0.006 
  6 TGCP_WM5    (0)    1 :  0.015 0.002 0.017 0.025 0.011 0.023 0.102 0.721 0.023 0.017 0.009 0.010 0.003 0.015 0.006 
  7 TGCP_WM6    (0)    1 :  0.003 0.002 0.018 0.014 0.003 0.011 0.023 0.858 0.006 0.020 0.011 0.010 0.004 0.011 0.008 
  8 TGCP_WM7    (0)    1 :  0.005 0.002 0.024 0.056 0.004 0.029 0.369 0.397 0.031 0.005 0.019 0.016 0.007 0.027 0.009 
  9 TGCP_WM8    (0)    1 :  0.003 0.002 0.010 0.021 0.002 0.012 0.018 0.835 0.011 0.046 0.004 0.006 0.003 0.026 0.004 
 10 TGCP_WM9    (0)    1 :  0.005 0.001 0.006 0.004 0.005 0.006 0.028 0.911 0.004 0.007 0.006 0.006 0.003 0.003 0.004 
 11 MRLP_WM123    (3)    2 :  0.103 0.002 0.018 0.023 0.078 0.042 0.101 0.010 0.569 0.011 0.019 0.009 0.005 0.003 0.005 
 12 MRLP_WM124    (4)    2 :  0.003 0.002 0.034 0.045 0.002 0.024 0.019 0.008 0.826 0.004 0.006 0.009 0.006 0.003 0.008 
 13 MRLP_WM125    (1)    2 :  0.080 0.002 0.019 0.017 0.055 0.033 0.051 0.029 0.618 0.010 0.007 0.008 0.057 0.007 0.007 
 14 MRLP_WM126    (2)    2 :  0.002 0.002 0.251 0.405 0.002 0.145 0.091 0.017 0.019 0.006 0.007 0.039 0.002 0.003 0.009 
 15 MRLP_WM127    (3)    2 :  0.006 0.003 0.124 0.111 0.006 0.060 0.443 0.148 0.023 0.009 0.011 0.018 0.025 0.005 0.009 
 16 MRLP_WM128    (3)    2 :  0.002 0.002 0.008 0.012 0.001 0.006 0.005 0.005 0.938 0.003 0.003 0.005 0.005 0.003 0.003 
 17 MRLP_WM129    (7)    2 :  0.005 0.002 0.014 0.016 0.005 0.015 0.151 0.033 0.503 0.008 0.221 0.016 0.004 0.003 0.004 
 18 MRLP_WM130    (5)    2 :  0.003 0.002 0.023 0.023 0.002 0.022 0.245 0.029 0.620 0.004 0.007 0.009 0.003 0.003 0.006 
 19 STT_WM183    (2)    3 :  0.071 0.003 0.019 0.041 0.071 0.040 0.019 0.010 0.011 0.013 0.007 0.683 0.003 0.004 0.006 
 20 STT_WM184    (3)    3 :  0.012 0.003 0.033 0.060 0.011 0.039 0.030 0.011 0.015 0.007 0.055 0.708 0.006 0.005 0.008 
 21 STT_WM185   (15)    3 :  0.002 0.002 0.198 0.395 0.002 0.130 0.140 0.025 0.038 0.005 0.008 0.034 0.003 0.004 0.014 
 22 STT_WM186   (13)    3 :  0.002 0.002 0.231 0.436 0.002 0.121 0.093 0.020 0.026 0.006 0.014 0.031 0.003 0.005 0.009 
 23 STT_WM187   (13)    3 :  0.003 0.002 0.037 0.020 0.002 0.013 0.016 0.008 0.008 0.004 0.005 0.866 0.003 0.007 0.006 
 24 STT_WM188    (3)    3 :  0.002 0.002 0.008 0.013 0.002 0.007 0.007 0.006 0.007 0.003 0.006 0.928 0.003 0.003 0.004 
 25 STT_WM189    (0)    3 :  0.002 0.002 0.265 0.385 0.001 0.148 0.092 0.016 0.020 0.006 0.009 0.038 0.003 0.003 0.011 
 26 STT_WM190   (11)    3 :  0.002 0.002 0.015 0.011 0.001 0.008 0.012 0.008 0.006 0.004 0.005 0.917 0.002 0.003 0.004 
 27 STT_WM191    (7)    3 :  0.002 0.002 0.093 0.124 0.002 0.065 0.056 0.016 0.018 0.007 0.010 0.586 0.004 0.004 0.010 
 28 STT_WM192   (12)    3 :  0.009 0.002 0.012 0.012 0.006 0.009 0.008 0.005 0.007 0.004 0.117 0.797 0.004 0.004 0.005 
 29 FSSP_WM241    (3)    4 :  0.009 0.003 0.144 0.188 0.007 0.084 0.070 0.062 0.160 0.022 0.152 0.046 0.011 0.033 0.009 
 30 FSSP_WM242   (15)    4 :  0.002 0.003 0.246 0.372 0.002 0.161 0.093 0.014 0.023 0.008 0.010 0.050 0.003 0.004 0.009 
 31 FSSP_WM243    (6)    4 :  0.015 0.002 0.011 0.008 0.011 0.009 0.009 0.006 0.006 0.004 0.899 0.008 0.003 0.005 0.004 
 32 FSSP_WM244    (5)    4 :  0.008 0.003 0.091 0.089 0.006 0.060 0.065 0.053 0.386 0.033 0.053 0.029 0.022 0.090 0.011 
 33 FSSP_WM245   (10)    4 :  0.003 0.002 0.130 0.245 0.002 0.087 0.071 0.023 0.023 0.008 0.331 0.051 0.003 0.006 0.013 
 34 FSSP_WM246    (6)    4 :  0.008 0.002 0.221 0.264 0.006 0.126 0.100 0.021 0.034 0.015 0.096 0.071 0.006 0.008 0.022 
 35 FSSP_WM247    (3)    4 :  0.009 0.002 0.013 0.010 0.007 0.014 0.015 0.014 0.011 0.012 0.857 0.009 0.006 0.018 0.005 
 36 FSSP_WM248    (9)    4 :  0.004 0.002 0.010 0.014 0.004 0.008 0.015 0.005 0.008 0.018 0.883 0.008 0.004 0.011 0.005 
 37 FSSP_WM249    (6)    4 :  0.007 0.003 0.027 0.036 0.004 0.023 0.016 0.008 0.012 0.040 0.784 0.025 0.004 0.005 0.006 
 38 FSSP_WM250    (2)    4 :  0.024 0.003 0.108 0.045 0.022 0.049 0.035 0.018 0.191 0.056 0.401 0.018 0.016 0.006 0.009 
 39 HNL_WM301    (3)    5 :  0.003 0.915 0.013 0.009 0.002 0.006 0.010 0.006 0.007 0.004 0.004 0.008 0.002 0.003 0.008 
 40 HNL_WM302    (2)    5 :  0.002 0.951 0.005 0.007 0.002 0.003 0.004 0.003 0.005 0.003 0.003 0.003 0.002 0.002 0.005 
 41 HNL_WM303    (2)    5 :  0.003 0.897 0.010 0.019 0.002 0.009 0.010 0.006 0.007 0.005 0.008 0.012 0.003 0.003 0.005 
 42 HNL_WM304    (3)    5 :  0.003 0.834 0.021 0.026 0.003 0.015 0.021 0.012 0.011 0.005 0.007 0.013 0.004 0.004 0.022 
 43 HNL_WM305    (3)    5 :  0.005 0.933 0.007 0.009 0.004 0.004 0.006 0.004 0.005 0.004 0.003 0.005 0.003 0.003 0.006 
 44 HNL_WM306    (0)    5 :  0.004 0.932 0.008 0.008 0.003 0.005 0.005 0.004 0.004 0.003 0.004 0.005 0.004 0.003 0.008 
 45 HNL_WM307    (3)    5 :  0.003 0.919 0.008 0.013 0.002 0.006 0.012 0.005 0.006 0.004 0.005 0.008 0.003 0.003 0.004 
 46 HNL_WM308    (3)    5 :  0.003 0.893 0.014 0.014 0.002 0.006 0.012 0.007 0.008 0.005 0.004 0.011 0.002 0.003 0.014 
 47 HNL_WM309    (0)    5 :  0.009 0.836 0.019 0.027 0.006 0.018 0.013 0.015 0.010 0.005 0.006 0.012 0.005 0.004 0.015 
 48 HNL_WM310   (10)    5 :  0.003 0.878 0.015 0.020 0.002 0.015 0.013 0.007 0.008 0.004 0.006 0.012 0.003 0.004 0.009 
 49 MPO_WM482    (2)    6 :  0.002 0.005 0.020 0.013 0.002 0.014 0.011 0.005 0.005 0.004 0.005 0.902 0.003 0.003 0.004 
 50 MPO_WM483    (3)    6 :  0.006 0.003 0.146 0.198 0.003 0.149 0.084 0.017 0.019 0.009 0.012 0.339 0.003 0.004 0.010 
 51 MPO_WM484    (1)    6 :  0.003 0.002 0.098 0.165 0.002 0.051 0.031 0.012 0.015 0.005 0.007 0.593 0.003 0.004 0.009 
 52 MPO_WM485    (0)    6 :  0.009 0.002 0.065 0.045 0.007 0.058 0.029 0.013 0.013 0.004 0.015 0.726 0.004 0.003 0.007 
 53 MPO_WM486   (21)    6 :  0.002 0.002 0.242 0.352 0.002 0.127 0.110 0.039 0.034 0.007 0.019 0.038 0.005 0.007 0.013 
 54 MPO_WM487   (19)    6 :  0.004 0.003 0.082 0.152 0.003 0.069 0.053 0.022 0.023 0.008 0.014 0.543 0.003 0.007 0.013 
 55 MPO_WM488    (9)    6 :  0.002 0.003 0.306 0.359 0.001 0.139 0.078 0.014 0.015 0.006 0.007 0.054 0.002 0.003 0.011 
 56 MPO_WM489    (3)    6 :  0.004 0.003 0.017 0.015 0.003 0.016 0.018 0.068 0.012 0.026 0.005 0.795 0.008 0.005 0.006 
 57 MPO_WM490   (24)    6 :  0.002 0.002 0.237 0.376 0.002 0.139 0.088 0.019 0.033 0.008 0.009 0.061 0.005 0.006 0.012 
 58 MPO_WM491   (11)    6 :  0.002 0.002 0.284 0.368 0.002 0.132 0.082 0.020 0.031 0.008 0.012 0.038 0.003 0.004 0.011 
 59 OICP_WM541    (1)    7 :  0.002 0.002 0.022 0.018 0.002 0.010 0.474 0.431 0.009 0.006 0.005 0.010 0.002 0.003 0.004 
 60 OICP_WM542    (2)    7 :  0.002 0.002 0.019 0.016 0.002 0.014 0.507 0.405 0.005 0.003 0.006 0.008 0.003 0.003 0.006 
 61 OICP_WM543    (0)    7 :  0.002 0.002 0.023 0.022 0.001 0.010 0.494 0.411 0.008 0.003 0.005 0.007 0.002 0.004 0.005 
 62 OICP_WM544    (1)    7 :  0.021 0.002 0.072 0.051 0.015 0.050 0.385 0.238 0.087 0.008 0.014 0.037 0.010 0.003 0.006 
 63 OICP_WM545    (0)    7 :  0.002 0.002 0.033 0.044 0.002 0.009 0.516 0.353 0.008 0.006 0.006 0.007 0.003 0.004 0.005 
 64 OICP_WM546    (3)    7 :  0.002 0.002 0.089 0.134 0.002 0.053 0.561 0.097 0.020 0.005 0.005 0.015 0.003 0.004 0.007 
 65 OICP_WM547    (2)    7 :  0.002 0.002 0.114 0.129 0.002 0.060 0.535 0.088 0.024 0.006 0.007 0.016 0.004 0.004 0.007 
 66 OICP_WM548    (3)    7 :  0.002 0.002 0.020 0.018 0.002 0.009 0.513 0.398 0.010 0.004 0.004 0.007 0.003 0.003 0.005 
 67 OICP_WM549    (0)    7 :  0.002 0.002 0.010 0.014 0.001 0.007 0.484 0.450 0.006 0.004 0.004 0.007 0.003 0.002 0.004 
 68 OICP_WM550    (1)    7 :  0.002 0.001 0.017 0.019 0.002 0.007 0.515 0.398 0.010 0.005 0.005 0.008 0.002 0.003 0.005 
 69 IRO_WM601    (2)    8 :  0.007 0.003 0.057 0.042 0.006 0.051 0.177 0.391 0.033 0.128 0.041 0.018 0.004 0.035 0.008 
 70 IRO_WM602    (1)    8 :  0.008 0.002 0.120 0.086 0.007 0.056 0.408 0.125 0.117 0.009 0.010 0.034 0.005 0.005 0.008 
 71 IRO_WM603    (2)    8 :  0.022 0.003 0.031 0.032 0.017 0.036 0.026 0.150 0.018 0.345 0.032 0.017 0.006 0.256 0.008 
 72 IRO_WM604    (0)    8 :  0.109 0.002 0.018 0.017 0.092 0.044 0.010 0.008 0.644 0.014 0.013 0.008 0.009 0.006 0.006 
 73 IRO_WM605    (3)    8 :  0.003 0.002 0.012 0.013 0.002 0.008 0.027 0.151 0.685 0.055 0.008 0.012 0.015 0.004 0.004 
 74 IRO_WM606    (3)    8 :  0.006 0.003 0.037 0.059 0.004 0.033 0.024 0.014 0.709 0.011 0.012 0.043 0.031 0.007 0.007 
 75 IRO_WM607    (2)    8 :  0.015 0.003 0.187 0.097 0.012 0.058 0.079 0.027 0.279 0.052 0.137 0.023 0.017 0.006 0.010 
 76 IRO_WM608    (0)    8 :  0.060 0.003 0.105 0.052 0.067 0.090 0.242 0.217 0.031 0.047 0.033 0.015 0.009 0.019 0.011 
 77 IRO_WM609    (0)    8 :  0.070 0.002 0.139 0.105 0.058 0.075 0.109 0.046 0.266 0.031 0.013 0.036 0.014 0.024 0.012 
 78 IRO_WM610   (13)    8 :  0.017 0.003 0.102 0.112 0.013 0.040 0.057 0.022 0.051 0.008 0.227 0.234 0.042 0.056 0.017 
 79 HGRF_WM661    (5)    9 :  0.002 0.002 0.126 0.134 0.002 0.059 0.503 0.103 0.019 0.005 0.009 0.021 0.002 0.003 0.007 
 80 HGRF_WM662    (5)    9 :  0.002 0.002 0.246 0.432 0.001 0.133 0.097 0.014 0.014 0.005 0.009 0.029 0.003 0.003 0.010 
 81 HGRF_WM663    (4)    9 :  0.002 0.003 0.114 0.131 0.002 0.068 0.524 0.090 0.020 0.006 0.006 0.018 0.003 0.004 0.009 
 82 HGRF_WM664    (3)    9 :  0.002 0.002 0.225 0.399 0.002 0.123 0.145 0.029 0.021 0.005 0.009 0.024 0.003 0.004 0.007 
 83 HGRF_WM665    (1)    9 :  0.011 0.004 0.092 0.109 0.010 0.053 0.506 0.108 0.029 0.009 0.016 0.025 0.006 0.006 0.016 
 84 HGRF_WM666    (5)    9 :  0.002 0.002 0.269 0.420 0.001 0.129 0.090 0.015 0.014 0.005 0.007 0.026 0.003 0.003 0.013 
 85 HGRF_WM667    (0)    9 :  0.002 0.002 0.283 0.376 0.002 0.146 0.088 0.019 0.023 0.005 0.008 0.031 0.003 0.004 0.008 
 86 HGRF_WM668    (4)    9 :  0.002 0.002 0.126 0.113 0.002 0.080 0.506 0.097 0.024 0.006 0.008 0.020 0.003 0.004 0.007 
 87 HGRF_WM669    (5)    9 :  0.002 0.002 0.306 0.346 0.002 0.133 0.093 0.018 0.018 0.006 0.008 0.045 0.003 0.003 0.015 
 88 HGRF_WM670    (9)    9 :  0.002 0.002 0.209 0.350 0.002 0.147 0.175 0.039 0.018 0.008 0.008 0.021 0.003 0.005 0.011 
 89 PTP_WM721    (2)   10 :  0.010 0.003 0.238 0.267 0.010 0.141 0.123 0.021 0.047 0.011 0.015 0.076 0.007 0.007 0.023 
 90 PTP_WM722    (2)   10 :  0.014 0.002 0.599 0.044 0.010 0.145 0.021 0.011 0.015 0.007 0.007 0.105 0.005 0.006 0.009 
 91 PTP_WM723   (25)   10 :  0.002 0.003 0.243 0.331 0.002 0.136 0.116 0.026 0.049 0.008 0.010 0.049 0.004 0.005 0.017 
 92 PTP_WM724   (13)   10 :  0.002 0.002 0.282 0.348 0.002 0.144 0.087 0.018 0.019 0.007 0.007 0.055 0.004 0.005 0.017 
 93 PTP_WM725   (25)   10 :  0.003 0.002 0.238 0.375 0.002 0.127 0.104 0.022 0.019 0.010 0.018 0.049 0.004 0.006 0.022 
 94 PTP_WM726   (13)   10 :  0.002 0.003 0.250 0.363 0.002 0.127 0.117 0.022 0.027 0.008 0.009 0.049 0.004 0.006 0.010 
 95 PTP_WM727   (10)   10 :  0.003 0.002 0.276 0.380 0.002 0.133 0.069 0.012 0.056 0.005 0.008 0.033 0.003 0.004 0.013 
 96 PTP_WM728    (8)   10 :  0.002 0.002 0.251 0.408 0.002 0.141 0.090 0.016 0.024 0.005 0.008 0.032 0.003 0.004 0.012 
 97 PTP_WM729    (9)   10 :  0.002 0.002 0.629 0.058 0.002 0.149 0.016 0.011 0.012 0.004 0.005 0.099 0.003 0.002 0.006 
 98 PTP_WM730    (8)   10 :  0.002 0.002 0.647 0.021 0.001 0.128 0.013 0.005 0.007 0.005 0.010 0.147 0.003 0.003 0.006 
 99 RRL_WM782    (9)   11 :  0.002 0.002 0.246 0.423 0.002 0.127 0.087 0.016 0.026 0.007 0.008 0.036 0.002 0.004 0.011 
100 RRL_WM783    (8)   11 :  0.003 0.002 0.013 0.015 0.002 0.009 0.013 0.023 0.008 0.872 0.007 0.011 0.005 0.010 0.006 
101 RRL_WM784    (1)   11 :  0.004 0.002 0.022 0.029 0.004 0.016 0.023 0.011 0.017 0.826 0.008 0.010 0.011 0.013 0.006 
102 RRL_WM785    (1)   11 :  0.002 0.002 0.255 0.444 0.002 0.115 0.082 0.016 0.018 0.006 0.009 0.034 0.003 0.003 0.010 
103 RRL_WM786    (2)   11 :  0.006 0.002 0.008 0.010 0.004 0.009 0.010 0.010 0.044 0.841 0.023 0.008 0.016 0.004 0.005 
104 RRL_WM787    (3)   11 :  0.012 0.002 0.012 0.015 0.006 0.014 0.071 0.093 0.028 0.701 0.011 0.009 0.009 0.009 0.007 
105 RRL_WM788    (0)   11 :  0.100 0.002 0.007 0.009 0.111 0.023 0.006 0.004 0.006 0.696 0.015 0.008 0.004 0.006 0.004 
106 RRL_WM789    (2)   11 :  0.003 0.002 0.007 0.008 0.002 0.005 0.005 0.016 0.006 0.918 0.004 0.005 0.004 0.012 0.004 
107 RRL_WM790    (0)   11 :  0.102 0.002 0.032 0.039 0.095 0.048 0.025 0.008 0.193 0.401 0.007 0.018 0.017 0.007 0.007 
108 RRL_WM791    (0)   11 :  0.012 0.002 0.038 0.054 0.008 0.046 0.038 0.047 0.018 0.646 0.052 0.020 0.004 0.005 0.009 
109 RRO_WM842    (0)   12 :  0.005 0.002 0.020 0.023 0.003 0.014 0.018 0.016 0.077 0.773 0.012 0.010 0.011 0.007 0.008 
110 RRO_WM843    (7)   12 :  0.013 0.003 0.028 0.021 0.009 0.012 0.013 0.016 0.030 0.476 0.008 0.013 0.008 0.342 0.008 
111 RRO_WM844    (2)   12 :  0.003 0.003 0.081 0.081 0.004 0.018 0.053 0.016 0.321 0.033 0.010 0.019 0.006 0.343 0.008 
112 RRO_WM845    (4)   12 :  0.002 0.002 0.010 0.013 0.002 0.008 0.009 0.007 0.007 0.895 0.005 0.005 0.003 0.029 0.003 
113 RRO_WM846   (10)   12 :  0.004 0.002 0.042 0.052 0.003 0.021 0.027 0.012 0.013 0.762 0.009 0.020 0.007 0.015 0.009 
114 RRO_WM847    (6)   12 :  0.004 0.002 0.032 0.030 0.004 0.019 0.024 0.020 0.130 0.613 0.010 0.009 0.009 0.087 0.007 
115 RRO_WM848    (4)   12 :  0.010 0.002 0.104 0.149 0.008 0.058 0.034 0.033 0.023 0.428 0.071 0.049 0.004 0.013 0.016 
116 RRO_WM849    (5)   12 :  0.003 0.002 0.037 0.040 0.003 0.017 0.026 0.102 0.014 0.714 0.006 0.013 0.004 0.012 0.008 
117 RRO_WM850    (2)   12 :  0.003 0.002 0.021 0.030 0.003 0.016 0.016 0.011 0.012 0.852 0.007 0.014 0.003 0.004 0.006 
118 RRO_WM851    (1)   12 :  0.003 0.002 0.087 0.102 0.003 0.053 0.058 0.020 0.023 0.525 0.011 0.032 0.004 0.066 0.011 
119 CPS_WM901    (2)   13 :  0.003 0.002 0.010 0.014 0.002 0.008 0.012 0.009 0.023 0.020 0.005 0.009 0.005 0.875 0.004 
120 CPS_WM902    (2)   13 :  0.004 0.002 0.011 0.010 0.003 0.007 0.032 0.048 0.006 0.007 0.004 0.006 0.014 0.844 0.004 
121 CPS_WM903    (5)   13 :  0.003 0.002 0.006 0.011 0.002 0.004 0.006 0.005 0.010 0.012 0.005 0.006 0.008 0.916 0.005 
122 CPS_WM904    (1)   13 :  0.027 0.002 0.011 0.012 0.016 0.016 0.015 0.007 0.007 0.009 0.011 0.009 0.011 0.841 0.007 
123 CPS_WM905    (2)   13 :  0.031 0.002 0.008 0.009 0.033 0.021 0.009 0.007 0.006 0.008 0.023 0.016 0.005 0.817 0.004 
124 CPS_WM906    (3)   13 :  0.002 0.003 0.023 0.020 0.002 0.010 0.011 0.007 0.008 0.009 0.006 0.013 0.002 0.880 0.006 
125 CPS_WM907    (6)   13 :  0.003 0.002 0.042 0.066 0.002 0.028 0.036 0.011 0.016 0.007 0.009 0.019 0.003 0.743 0.013 
126 CPS_WM908    (3)   13 :  0.007 0.002 0.049 0.050 0.005 0.029 0.034 0.016 0.020 0.014 0.011 0.015 0.006 0.729 0.012 
127 CPS_WM909    (2)   13 :  0.003 0.002 0.032 0.036 0.002 0.025 0.029 0.009 0.022 0.008 0.009 0.015 0.004 0.797 0.006 
128 CPS_WM910    (1)   13 :  0.009 0.002 0.012 0.014 0.007 0.014 0.013 0.008 0.007 0.005 0.007 0.012 0.003 0.879 0.007 
129 PPNP_WM962    (1)   14 :  0.003 0.005 0.007 0.010 0.003 0.007 0.004 0.004 0.005 0.003 0.004 0.004 0.002 0.003 0.935 
130 PPNP_WM963    (0)   14 :  0.007 0.012 0.043 0.046 0.008 0.022 0.027 0.011 0.014 0.008 0.009 0.023 0.004 0.005 0.760 
131 PPNP_WM964    (0)   14 :  0.016 0.048 0.012 0.009 0.012 0.013 0.010 0.005 0.007 0.005 0.004 0.006 0.003 0.003 0.848 
132 PPNP_WM965    (4)   14 :  0.003 0.002 0.021 0.029 0.002 0.012 0.015 0.007 0.010 0.007 0.004 0.011 0.003 0.002 0.872 
133 PPNP_WM966    (4)   14 :  0.002 0.002 0.008 0.008 0.001 0.008 0.010 0.005 0.005 0.003 0.004 0.004 0.002 0.003 0.935 
134 PPNP_WM967    (4)   14 :  0.002 0.002 0.050 0.061 0.002 0.033 0.043 0.015 0.016 0.006 0.009 0.014 0.003 0.003 0.741 
135 PPNP_WM968    (5)   14 :  0.007 0.015 0.204 0.278 0.007 0.118 0.099 0.017 0.034 0.009 0.023 0.055 0.004 0.006 0.125 
136 PPNP_WM969    (2)   14 :  0.003 0.002 0.045 0.052 0.001 0.023 0.030 0.011 0.015 0.004 0.006 0.020 0.002 0.005 0.780 
137 PPNP_WM970    (2)   14 :  0.003 0.003 0.063 0.058 0.002 0.029 0.033 0.012 0.013 0.008 0.007 0.015 0.003 0.004 0.747 
138 PPNP_WM971    (2)   14 :  0.002 0.002 0.043 0.069 0.001 0.041 0.031 0.008 0.011 0.005 0.007 0.017 0.003 0.004 0.756 
139 FPPI_WM1021    (4)   15 :  0.010 0.003 0.019 0.044 0.008 0.017 0.021 0.012 0.013 0.007 0.009 0.015 0.005 0.005 0.812 
140 FPPI_WM1022    (4)   15 :  0.005 0.017 0.044 0.057 0.004 0.023 0.030 0.014 0.009 0.006 0.007 0.253 0.004 0.004 0.523 
141 FPPI_WM1023    (1)   15 :  0.003 0.004 0.027 0.036 0.002 0.014 0.015 0.010 0.011 0.006 0.006 0.014 0.003 0.003 0.845 
142 FPPI_WM1024    (5)   15 :  0.003 0.002 0.039 0.076 0.002 0.028 0.029 0.014 0.014 0.006 0.004 0.016 0.002 0.004 0.760 
143 FPPI_WM1025    (6)   15 :  0.003 0.005 0.043 0.055 0.002 0.026 0.045 0.017 0.018 0.005 0.007 0.020 0.003 0.003 0.748 
144 FPPI_WM1026    (1)   15 :  0.003 0.003 0.012 0.010 0.002 0.007 0.009 0.004 0.006 0.005 0.005 0.007 0.003 0.003 0.920 
145 FPPI_WM1027    (3)   15 :  0.002 0.002 0.008 0.008 0.002 0.007 0.007 0.005 0.005 0.003 0.003 0.006 0.003 0.002 0.939 
146 FPPI_WM1028    (2)   15 :  0.002 0.005 0.020 0.024 0.002 0.010 0.013 0.009 0.007 0.005 0.005 0.011 0.002 0.003 0.881 
147 FPPI_WM1029    (3)   15 :  0.003 0.022 0.126 0.138 0.002 0.063 0.046 0.018 0.019 0.009 0.010 0.021 0.004 0.005 0.512 
148 FPPI_WM1030    (1)   15 :  0.020 0.005 0.015 0.013 0.015 0.010 0.009 0.005 0.006 0.007 0.005 0.007 0.004 0.004 0.877 
149 CRWA_WM1082    (2)   16 :  0.003 0.001 0.016 0.007 0.002 0.007 0.006 0.003 0.005 0.004 0.930 0.007 0.002 0.002 0.003 
150 CRWA_WM1084    (5)   16 :  0.003 0.002 0.181 0.042 0.002 0.022 0.188 0.054 0.034 0.008 0.430 0.015 0.006 0.004 0.007 
151 CRWA_WM1085    (2)   16 :  0.003 0.002 0.149 0.057 0.002 0.034 0.063 0.016 0.024 0.007 0.605 0.017 0.007 0.004 0.010 
152 CRWA_WM1086    (9)   16 :  0.007 0.002 0.257 0.109 0.008 0.099 0.103 0.038 0.023 0.044 0.133 0.155 0.005 0.006 0.010 
153 CRWA_WM1087    (0)   16 :  0.079 0.003 0.084 0.080 0.085 0.050 0.038 0.016 0.017 0.009 0.462 0.029 0.009 0.021 0.017 
154 CRWA_WM1088    (1)   16 :  0.027 0.002 0.206 0.097 0.026 0.057 0.275 0.080 0.044 0.007 0.102 0.052 0.012 0.005 0.008 
155 CRWA_WM1089    (3)   16 :  0.003 0.002 0.047 0.070 0.002 0.047 0.030 0.028 0.016 0.005 0.699 0.036 0.004 0.004 0.009 
156 CRWA_WM1090    (0)   16 :  0.010 0.002 0.143 0.109 0.007 0.078 0.062 0.013 0.250 0.022 0.206 0.025 0.058 0.004 0.011 
157 CRWA_WM1092    (1)   16 :  0.085 0.003 0.041 0.075 0.081 0.065 0.022 0.029 0.015 0.006 0.531 0.024 0.009 0.005 0.009 
158 CRWA_WM1093    (1)   16 :  0.047 0.003 0.030 0.025 0.046 0.026 0.091 0.061 0.021 0.006 0.614 0.012 0.004 0.005 0.010 
159 PCRA_WM1141    (3)   17 :  0.003 0.003 0.037 0.054 0.005 0.022 0.022 0.010 0.203 0.013 0.064 0.017 0.531 0.007 0.011 
160 PCRA_WM1142    (3)   17 :  0.002 0.002 0.072 0.069 0.002 0.039 0.046 0.018 0.039 0.007 0.012 0.025 0.652 0.006 0.009 
161 PCRA_WM1143    (1)   17 :  0.002 0.002 0.099 0.165 0.002 0.052 0.074 0.019 0.091 0.011 0.010 0.022 0.432 0.007 0.011 
162 PCRA_WM1144    (2)   17 :  0.003 0.002 0.058 0.067 0.002 0.026 0.044 0.137 0.015 0.597 0.006 0.016 0.009 0.010 0.008 
163 PCRA_WM1145    (4)   17 :  0.006 0.003 0.112 0.163 0.005 0.097 0.085 0.025 0.079 0.015 0.028 0.024 0.327 0.021 0.011 
164 PCRA_WM1146    (2)   17 :  0.016 0.002 0.010 0.010 0.012 0.011 0.008 0.055 0.016 0.020 0.060 0.010 0.756 0.009 0.004 
165 PCRA_WM1147    (1)   17 :  0.003 0.002 0.250 0.153 0.002 0.042 0.070 0.011 0.199 0.006 0.095 0.026 0.127 0.004 0.008 
166 PCRA_WM1148    (0)   17 :  0.015 0.002 0.008 0.012 0.010 0.009 0.009 0.010 0.020 0.007 0.005 0.008 0.874 0.004 0.005 
167 PCRA_WM1149    (1)   17 :  0.015 0.002 0.016 0.015 0.012 0.010 0.016 0.026 0.006 0.024 0.006 0.009 0.735 0.102 0.006 
168 PCRA_WM1150    (0)   17 :  0.021 0.004 0.013 0.012 0.015 0.011 0.020 0.020 0.017 0.014 0.007 0.011 0.823 0.005 0.008 
169 DHFA_WM1202    (3)   18 :  0.003 0.702 0.051 0.077 0.003 0.023 0.036 0.012 0.021 0.007 0.012 0.028 0.003 0.004 0.017 
170 DHFA_WM1203    (1)   18 :  0.004 0.741 0.037 0.067 0.004 0.024 0.020 0.020 0.012 0.006 0.009 0.019 0.004 0.004 0.031 
171 DHFA_WM1204    (2)   18 :  0.004 0.763 0.033 0.061 0.003 0.023 0.030 0.013 0.015 0.007 0.008 0.019 0.004 0.004 0.011 
172 DHFA_WM1205    (5)   18 :  0.003 0.925 0.010 0.012 0.003 0.004 0.007 0.006 0.006 0.004 0.005 0.006 0.002 0.003 0.005 
173 DHFA_WM1206    (4)   18 :  0.003 0.906 0.012 0.014 0.003 0.009 0.010 0.006 0.007 0.005 0.006 0.011 0.003 0.004 0.004 
174 DHFA_WM1207    (2)   18 :  0.004 0.948 0.005 0.005 0.002 0.005 0.004 0.004 0.004 0.003 0.003 0.005 0.002 0.002 0.004 
175 DHFA_WM1208    (3)   18 :  0.004 0.911 0.009 0.013 0.003 0.008 0.006 0.007 0.008 0.006 0.004 0.009 0.002 0.003 0.006 
176 DHFA_WM1209    (1)   18 :  0.011 0.922 0.007 0.007 0.007 0.008 0.006 0.005 0.005 0.003 0.004 0.006 0.003 0.002 0.005 
177 DHFA_WM1210    (0)   18 :  0.007 0.958 0.003 0.003 0.005 0.004 0.003 0.002 0.003 0.002 0.002 0.002 0.002 0.001 0.002 
178 DHFA_WM1211    (2)   18 :  0.004 0.762 0.048 0.053 0.003 0.016 0.029 0.017 0.015 0.009 0.009 0.016 0.004 0.004 0.012 


Estimated Allele Frequencies in each cluster
First column gives estimated ancestral frequencies


Locus 1 : 953_21 
2 alleles
4.5% missing data
 120   (0.957) 0.957 0.997 1.000 1.000 0.957 0.981 1.000 0.999 1.000 0.998 0.999 0.999 0.995 0.997 0.900 
 100   (0.043) 0.043 0.003 0.000 0.000 0.043 0.019 0.000 0.001 0.000 0.002 0.001 0.001 0.005 0.003 0.100 

Locus 2 : 2370_26 
2 alleles
6.2% missing data
 110   (0.953) 0.953 0.997 1.000 1.000 0.953 0.980 1.000 0.999 0.999 0.998 0.999 0.999 0.995 0.997 0.790 
 130   (0.047) 0.047 0.003 0.000 0.000 0.047 0.020 0.000 0.001 0.001 0.002 0.001 0.001 0.005 0.003 0.210 

Locus 3 : 2692_87 
2 alleles
1.7% missing data
 130   (0.953) 0.953 0.767 1.000 1.000 0.953 0.980 1.000 0.999 0.999 0.998 0.999 0.999 0.995 0.997 0.999 
 120   (0.047) 0.047 0.233 0.000 0.000 0.047 0.020 0.000 0.001 0.001 0.002 0.001 0.001 0.005 0.003 0.001 

Locus 4 : 2828_58 
2 alleles
6.7% missing data
 100   (0.920) 0.920 0.995 0.994 1.000 0.920 0.943 0.989 0.988 0.998 0.996 0.996 0.998 0.825 0.994 0.998 
 120   (0.080) 0.080 0.005 0.006 0.000 0.080 0.057 0.011 0.012 0.002 0.004 0.004 0.002 0.175 0.006 0.002 

Locus 5 : 6398_73 
2 alleles
6.2% missing data
 130   (0.916) 0.916 0.645 1.000 1.000 0.916 0.960 0.999 0.998 0.999 0.997 0.997 0.999 0.991 0.995 0.795 
 100   (0.084) 0.084 0.355 0.000 0.000 0.084 0.040 0.001 0.002 0.001 0.003 0.003 0.001 0.009 0.005 0.205 

Locus 6 : 7469_71 
2 alleles
5.1% missing data
 130   (0.955) 0.955 0.997 0.992 1.000 0.955 0.976 0.999 0.998 0.999 0.997 0.998 0.995 0.993 0.996 0.998 
 110   (0.045) 0.045 0.003 0.008 0.000 0.045 0.024 0.001 0.002 0.001 0.003 0.002 0.005 0.007 0.004 0.002 

Locus 7 : 7615_47 
2 alleles
5.1% missing data
 130   (0.956) 0.956 0.996 0.997 0.999 0.956 0.977 0.998 0.998 0.998 0.997 0.997 0.996 0.992 0.996 0.998 
 100   (0.044) 0.044 0.004 0.003 0.001 0.044 0.023 0.002 0.002 0.002 0.003 0.003 0.004 0.008 0.004 0.002 

Locus 8 : 8211_10 
2 alleles
2.8% missing data
 120   (0.953) 0.953 0.937 1.000 1.000 0.953 0.980 1.000 0.999 0.999 0.998 0.999 0.999 0.995 0.997 0.999 
 100   (0.047) 0.047 0.063 0.000 0.000 0.047 0.020 0.000 0.001 0.001 0.002 0.001 0.001 0.005 0.003 0.001 

Locus 9 : 8394_14 
2 alleles
2.2% missing data
 110   (0.956) 0.956 0.997 1.000 1.000 0.956 0.980 1.000 0.999 0.999 0.998 0.999 0.999 0.995 0.997 0.863 
 130   (0.044) 0.044 0.003 0.000 0.000 0.044 0.020 0.000 0.001 0.001 0.002 0.001 0.001 0.005 0.003 0.137 

Locus 10 : 9621_63 
2 alleles
3.9% missing data
 130   (0.954) 0.954 0.940 1.000 1.000 0.954 0.979 1.000 0.999 0.999 0.998 0.999 0.999 0.995 0.997 0.999 
 110   (0.046) 0.046 0.060 0.000 0.000 0.046 0.021 0.000 0.001 0.001 0.002 0.001 0.001 0.005 0.003 0.001 

Locus 11 : 9880_35 
2 alleles
4.5% missing data
 120   (0.949) 0.949 0.708 1.000 1.000 0.949 0.977 1.000 0.999 0.999 0.998 0.998 0.999 0.995 0.996 0.999 
 100   (0.051) 0.051 0.292 0.000 0.000 0.051 0.023 0.000 0.001 0.001 0.002 0.002 0.001 0.005 0.004 0.001 

Locus 12 : 11163_16 
2 alleles
7.9% missing data
 130   (0.956) 0.956 0.915 1.000 1.000 0.956 0.979 1.000 0.999 0.999 0.998 0.998 0.999 0.995 0.997 0.999 
 110   (0.044) 0.044 0.085 0.000 0.000 0.044 0.021 0.000 0.001 0.001 0.002 0.002 0.001 0.005 0.003 0.001 

Locus 13 : 11991_31 
2 alleles
4.5% missing data
 120   (0.923) 0.922 0.995 0.994 1.000 0.922 0.941 0.998 0.993 0.993 0.983 0.991 0.998 0.988 0.994 0.997 
 100   (0.077) 0.078 0.005 0.006 0.000 0.078 0.059 0.002 0.007 0.007 0.017 0.009 0.002 0.012 0.006 0.003 

Locus 14 : 12766_17 
2 alleles
2.2% missing data
 120   (0.958) 0.958 0.997 1.000 1.000 0.958 0.980 1.000 0.999 0.999 0.998 0.999 0.999 0.933 0.995 0.999 
 100   (0.042) 0.042 0.003 0.000 0.000 0.042 0.020 0.000 0.001 0.001 0.002 0.001 0.001 0.067 0.005 0.001 

Locus 15 : 13496_14 
2 alleles
5.1% missing data
 110   (0.952) 0.953 0.997 1.000 1.000 0.953 0.978 1.000 0.999 0.999 0.998 0.998 0.999 0.995 0.691 0.999 
 100   (0.048) 0.047 0.003 0.000 0.000 0.047 0.022 0.000 0.001 0.001 0.002 0.002 0.001 0.005 0.309 0.001 

Locus 16 : 14394_41 
2 alleles
2.2% missing data
 130   (0.959) 0.959 0.997 1.000 1.000 0.959 0.981 1.000 0.999 0.999 0.998 0.999 0.999 0.932 0.998 0.999 
 110   (0.041) 0.041 0.003 0.000 0.000 0.041 0.019 0.000 0.001 0.001 0.002 0.001 0.001 0.068 0.002 0.001 

Locus 17 : 16285_24 
2 alleles
6.2% missing data
 130   (0.952) 0.952 0.876 1.000 1.000 0.952 0.979 1.000 0.999 0.999 0.998 0.998 0.999 0.995 0.997 0.999 
 100   (0.048) 0.048 0.124 0.000 0.000 0.048 0.021 0.000 0.001 0.001 0.002 0.002 0.001 0.005 0.003 0.001 

Locus 18 : 18821_69 
2 alleles
7.3% missing data
 120   (0.953) 0.953 0.997 0.999 1.000 0.953 0.980 1.000 0.999 0.999 0.998 0.998 0.738 0.995 0.997 0.999 
 110   (0.047) 0.047 0.003 0.001 0.000 0.047 0.020 0.000 0.001 0.001 0.002 0.002 0.262 0.005 0.003 0.001 

Locus 19 : 19006_32 
2 alleles
6.7% missing data
 120   (0.922) 0.922 0.663 1.000 1.000 0.922 0.966 0.999 0.998 0.999 0.997 0.998 0.999 0.992 0.995 0.797 
 110   (0.078) 0.078 0.337 0.000 0.000 0.078 0.034 0.001 0.002 0.001 0.003 0.002 0.001 0.008 0.005 0.203 

Locus 20 : 19602_58 
2 alleles
4.5% missing data
 120   (0.955) 0.955 0.974 1.000 1.000 0.956 0.980 1.000 0.999 0.999 0.998 0.999 0.999 0.995 0.997 0.999 
 100   (0.045) 0.045 0.026 0.000 0.000 0.044 0.020 0.000 0.001 0.001 0.002 0.001 0.001 0.005 0.003 0.001 

Locus 21 : 20143_24 
2 alleles
3.4% missing data
 120   (0.958) 0.958 0.997 1.000 1.000 0.958 0.977 1.000 0.999 0.999 0.998 0.998 0.999 0.995 0.969 0.999 
 100   (0.042) 0.042 0.003 0.000 0.000 0.042 0.023 0.000 0.001 0.001 0.002 0.002 0.001 0.005 0.031 0.001 

Locus 22 : 21661_29 
2 alleles
2.2% missing data
 120   (0.955) 0.955 0.893 1.000 1.000 0.955 0.979 1.000 0.999 1.000 0.998 0.999 0.999 0.995 0.997 0.999 
 100   (0.045) 0.045 0.107 0.000 0.000 0.045 0.021 0.000 0.001 0.000 0.002 0.001 0.001 0.005 0.003 0.001 

Locus 23 : 22603_12 
2 alleles
5.1% missing data
 130   (0.954) 0.954 0.946 1.000 1.000 0.954 0.980 1.000 0.999 0.999 0.998 0.998 0.999 0.995 0.997 0.999 
 110   (0.046) 0.046 0.054 0.000 0.000 0.046 0.020 0.000 0.001 0.001 0.002 0.002 0.001 0.005 0.003 0.001 

Locus 24 : 25109_23 
2 alleles
1.7% missing data
 120   (0.932) 0.932 0.995 0.999 1.000 0.932 0.965 0.999 0.997 0.991 0.996 0.835 0.998 0.948 0.994 0.998 
 100   (0.068) 0.068 0.005 0.001 0.000 0.068 0.035 0.001 0.003 0.009 0.004 0.165 0.002 0.052 0.006 0.002 

Locus 25 : 25511_77 
2 alleles
5.1% missing data
 130   (0.956) 0.956 0.997 1.000 1.000 0.956 0.979 1.000 0.999 0.999 0.998 0.998 0.999 0.995 0.997 0.940 
 110   (0.044) 0.044 0.003 0.000 0.000 0.044 0.021 0.000 0.001 0.001 0.002 0.002 0.001 0.005 0.003 0.060 

Locus 26 : 26816_9 
2 alleles
5.6% missing data
 110   (0.866) 0.865 0.991 0.988 1.000 0.865 0.902 0.982 0.973 0.982 0.809 0.694 0.995 0.984 0.982 0.997 
 130   (0.134) 0.135 0.009 0.012 0.000 0.135 0.098 0.018 0.027 0.018 0.191 0.306 0.005 0.016 0.018 0.003 

Locus 27 : 29455_86 
2 alleles
5.6% missing data
 120   (0.960) 0.959 0.997 1.000 1.000 0.959 0.980 0.999 0.999 0.996 0.998 0.999 0.999 0.990 0.997 0.999 
 110   (0.040) 0.041 0.003 0.000 0.000 0.041 0.020 0.001 0.001 0.004 0.002 0.001 0.001 0.010 0.003 0.001 

Locus 28 : 30970_30 
2 alleles
6.7% missing data
 120   (0.955) 0.955 0.997 1.000 1.000 0.955 0.977 1.000 0.999 0.999 0.998 0.998 0.999 0.994 0.963 0.999 
 110   (0.045) 0.045 0.003 0.000 0.000 0.045 0.023 0.000 0.001 0.001 0.002 0.002 0.001 0.006 0.037 0.001 

Locus 29 : 33052_5 
2 alleles
1.1% missing data
 130   (0.958) 0.958 0.997 1.000 1.000 0.958 0.982 1.000 0.999 0.999 0.998 0.993 0.975 0.995 0.997 0.999 
 110   (0.042) 0.042 0.003 0.000 0.000 0.042 0.018 0.000 0.001 0.001 0.002 0.007 0.025 0.005 0.003 0.001 

Locus 30 : 33744_32 
2 alleles
2.8% missing data
 130   (0.953) 0.953 0.997 1.000 1.000 0.953 0.979 1.000 0.999 0.999 0.998 0.999 0.890 0.995 0.997 0.999 
 110   (0.047) 0.047 0.003 0.000 0.000 0.047 0.021 0.000 0.001 0.001 0.002 0.001 0.110 0.005 0.003 0.001 

Locus 31 : 34805_8 
2 alleles
4.5% missing data
 110   (0.939) 0.939 0.996 1.000 1.000 0.939 0.969 1.000 0.999 0.996 0.997 0.998 0.999 0.745 0.996 0.998 
 120   (0.061) 0.061 0.004 0.000 0.000 0.061 0.031 0.000 0.001 0.004 0.003 0.002 0.001 0.255 0.004 0.002 

Locus 32 : 35345_10 
2 alleles
5.1% missing data
 130   (0.951) 0.951 0.997 0.996 0.998 0.951 0.972 0.998 0.998 0.999 0.998 0.998 0.950 0.994 0.997 0.998 
 110   (0.049) 0.049 0.003 0.004 0.002 0.049 0.028 0.002 0.002 0.001 0.002 0.002 0.050 0.006 0.003 0.002 

Locus 33 : 35769_30 
2 alleles
6.2% missing data
 110   (0.938) 0.938 0.996 1.000 1.000 0.938 0.969 1.000 0.998 0.999 0.997 0.996 0.999 0.933 0.963 0.998 
 100   (0.062) 0.062 0.004 0.000 0.000 0.062 0.031 0.000 0.002 0.001 0.003 0.004 0.001 0.067 0.037 0.002 

Locus 34 : 35965_89 
2 alleles
3.4% missing data
 130   (0.958) 0.958 0.997 1.000 1.000 0.958 0.980 0.999 0.999 0.999 0.998 0.984 0.999 0.995 0.997 0.999 
 100   (0.042) 0.042 0.003 0.000 0.000 0.042 0.020 0.001 0.001 0.001 0.002 0.016 0.001 0.005 0.003 0.001 

Locus 35 : 39654_13 
2 alleles
5.6% missing data
 120   (0.959) 0.959 0.997 1.000 1.000 0.959 0.981 1.000 0.999 1.000 0.990 0.999 0.999 0.996 0.997 0.999 
 100   (0.041) 0.041 0.003 0.000 0.000 0.041 0.019 0.000 0.001 0.000 0.010 0.001 0.001 0.004 0.003 0.001 

Locus 36 : 39700_65 
2 alleles
3.4% missing data
 110   (0.955) 0.955 0.997 0.999 1.000 0.955 0.974 0.999 0.999 0.997 0.998 0.998 0.999 0.994 0.996 0.999 
 120   (0.045) 0.045 0.003 0.001 0.000 0.045 0.026 0.001 0.001 0.003 0.002 0.002 0.001 0.006 0.004 0.001 

Locus 37 : 40824_7 
2 alleles
5.1% missing data
 130   (0.953) 0.953 0.997 1.000 1.000 0.953 0.979 0.999 0.999 0.999 0.930 0.998 0.999 0.995 0.997 0.999 
 110   (0.047) 0.047 0.003 0.000 0.000 0.047 0.021 0.001 0.001 0.001 0.070 0.002 0.001 0.005 0.003 0.001 

Locus 38 : 41554_43 
2 alleles
7.3% missing data
 120   (0.956) 0.956 0.997 1.000 1.000 0.956 0.979 1.000 0.999 0.999 0.998 0.998 0.999 0.994 0.959 0.999 
 100   (0.044) 0.044 0.003 0.000 0.000 0.044 0.021 0.000 0.001 0.001 0.002 0.002 0.001 0.006 0.041 0.001 

Locus 39 : 42501_5 
2 alleles
5.6% missing data
 120   (0.955) 0.955 0.919 1.000 1.000 0.955 0.980 1.000 0.999 0.999 0.998 0.998 0.999 0.995 0.997 0.999 
 110   (0.045) 0.045 0.081 0.000 0.000 0.045 0.020 0.000 0.001 0.001 0.002 0.002 0.001 0.005 0.003 0.001 

Locus 40 : 42989_15 
2 alleles
3.4% missing data
 130   (0.958) 0.958 0.997 0.999 1.000 0.958 0.977 1.000 0.999 0.999 0.928 0.999 0.999 0.995 0.997 0.999 
 110   (0.042) 0.042 0.003 0.001 0.000 0.042 0.023 0.000 0.001 0.001 0.072 0.001 0.001 0.005 0.003 0.001 

Locus 41 : 44631_16 
2 alleles
5.6% missing data
 120   (0.953) 0.954 0.997 1.000 1.000 0.954 0.978 1.000 0.999 0.999 0.998 0.999 0.999 0.995 0.851 0.999 
 110   (0.047) 0.046 0.003 0.000 0.000 0.046 0.022 0.000 0.001 0.001 0.002 0.001 0.001 0.005 0.149 0.001 

Locus 42 : 45332_74 
2 alleles
3.4% missing data
 130   (0.884) 0.884 0.992 0.998 1.000 0.884 0.939 0.974 0.726 0.966 0.754 0.996 0.986 0.834 0.992 0.997 
 110   (0.116) 0.116 0.008 0.002 0.000 0.116 0.061 0.026 0.274 0.034 0.246 0.004 0.014 0.166 0.008 0.003 

Locus 43 : 45964_12 
2 alleles
2.2% missing data
 100   (0.959) 0.959 0.995 1.000 1.000 0.959 0.980 1.000 0.999 0.999 0.998 0.999 0.999 0.995 0.997 0.981 
 130   (0.041) 0.041 0.005 0.000 0.000 0.041 0.020 0.000 0.001 0.001 0.002 0.001 0.001 0.005 0.003 0.019 

Locus 44 : 47772_18 
2 alleles
1.7% missing data
 120   (0.948) 0.948 0.815 1.000 1.000 0.948 0.978 1.000 0.999 0.999 0.998 0.998 0.999 0.995 0.997 0.999 
 100   (0.052) 0.052 0.185 0.000 0.000 0.052 0.022 0.000 0.001 0.001 0.002 0.002 0.001 0.005 0.003 0.001 

Locus 45 : 48505_7 
2 alleles
2.8% missing data
 130   (0.957) 0.957 0.997 1.000 1.000 0.957 0.977 0.999 0.990 0.999 0.998 0.998 0.999 0.995 0.997 0.999 
 110   (0.043) 0.043 0.003 0.000 0.000 0.043 0.023 0.001 0.010 0.001 0.002 0.002 0.001 0.005 0.003 0.001 

Locus 46 : 49838_13 
2 alleles
5.1% missing data
 120   (0.956) 0.956 0.997 1.000 1.000 0.956 0.979 0.999 0.888 0.999 0.998 0.998 0.999 0.995 0.997 0.999 
 100   (0.044) 0.044 0.003 0.000 0.000 0.044 0.021 0.001 0.112 0.001 0.002 0.002 0.001 0.005 0.003 0.001 

Locus 47 : 50793_47 
2 alleles
6.2% missing data
 120   (0.950) 0.950 0.996 1.000 1.000 0.950 0.978 1.000 0.999 0.998 0.869 0.998 0.999 0.995 0.989 0.999 
 100   (0.050) 0.050 0.004 0.000 0.000 0.050 0.022 0.000 0.001 0.002 0.131 0.002 0.001 0.005 0.011 0.001 

Locus 48 : 51471_5 
2 alleles
2.2% missing data
 110   (0.955) 0.955 0.997 1.000 1.000 0.955 0.980 1.000 0.999 0.999 0.998 0.999 0.999 0.995 0.997 0.942 
 120   (0.045) 0.045 0.003 0.000 0.000 0.045 0.020 0.000 0.001 0.001 0.002 0.001 0.001 0.005 0.003 0.058 

Locus 49 : 52408_45 
2 alleles
2.2% missing data
 130   (0.953) 0.954 0.997 1.000 1.000 0.954 0.981 1.000 0.999 0.999 0.998 0.999 0.999 0.995 0.816 0.999 
 110   (0.047) 0.046 0.003 0.000 0.000 0.046 0.019 0.000 0.001 0.001 0.002 0.001 0.001 0.005 0.184 0.001 

Locus 50 : 53046_18 
2 alleles
0.6% missing data
 120   (0.934) 0.934 0.995 1.000 1.000 0.934 0.969 1.000 0.999 0.999 0.930 0.998 0.995 0.993 0.996 0.998 
 100   (0.066) 0.066 0.005 0.000 0.000 0.066 0.031 0.000 0.001 0.001 0.070 0.002 0.005 0.007 0.004 0.002 

Locus 51 : 53230_50 
2 alleles
4.5% missing data
 120   (0.958) 0.958 0.997 1.000 1.000 0.958 0.980 1.000 0.999 1.000 0.998 0.999 0.999 0.996 0.998 0.898 
 110   (0.042) 0.042 0.003 0.000 0.000 0.042 0.020 0.000 0.001 0.000 0.002 0.001 0.001 0.004 0.002 0.102 

Locus 52 : 53957_5 
2 alleles
3.9% missing data
 130   (0.958) 0.957 0.997 1.000 1.000 0.957 0.980 1.000 0.999 0.999 0.994 0.999 0.999 0.995 0.998 0.999 
 110   (0.042) 0.043 0.003 0.000 0.000 0.043 0.020 0.000 0.001 0.001 0.006 0.001 0.001 0.005 0.002 0.001 

Locus 53 : 58003_89 
2 alleles
3.9% missing data
 120   (0.946) 0.946 0.996 0.992 0.999 0.946 0.967 0.998 0.998 0.994 0.995 0.973 0.996 0.989 0.996 0.998 
 100   (0.054) 0.054 0.004 0.008 0.001 0.054 0.033 0.002 0.002 0.006 0.005 0.027 0.004 0.011 0.004 0.002 

Locus 54 : 58412_58 
2 alleles
2.2% missing data
 110   (0.957) 0.957 0.975 1.000 1.000 0.957 0.980 1.000 0.999 0.999 0.998 0.999 0.999 0.995 0.997 0.999 
 100   (0.043) 0.043 0.025 0.000 0.000 0.043 0.020 0.000 0.001 0.001 0.002 0.001 0.001 0.005 0.003 0.001 

Locus 55 : 58452_11 
2 alleles
3.4% missing data
 120   (0.961) 0.961 0.997 1.000 1.000 0.961 0.982 1.000 0.999 0.999 0.998 0.990 0.999 0.995 0.997 0.999 
 130   (0.039) 0.039 0.003 0.000 0.000 0.039 0.018 0.000 0.001 0.001 0.002 0.010 0.001 0.005 0.003 0.001 

Locus 56 : 59409_85 
2 alleles
2.8% missing data
 130   (0.957) 0.956 0.997 1.000 1.000 0.956 0.976 1.000 0.999 0.997 0.998 0.998 0.999 0.995 0.997 0.999 
 100   (0.043) 0.044 0.003 0.000 0.000 0.044 0.024 0.000 0.001 0.003 0.002 0.002 0.001 0.005 0.003 0.001 

Locus 57 : 60620_10 
2 alleles
1.1% missing data
 120   (0.955) 0.955 0.893 1.000 1.000 0.955 0.979 1.000 0.999 0.999 0.998 0.999 0.999 0.995 0.997 0.999 
 130   (0.045) 0.045 0.107 0.000 0.000 0.045 0.021 0.000 0.001 0.001 0.002 0.001 0.001 0.005 0.003 0.001 

Locus 58 : 61541_77 
2 alleles
3.4% missing data
 120   (0.947) 0.947 0.841 1.000 1.000 0.947 0.976 1.000 0.999 0.999 0.998 0.998 0.999 0.994 0.997 0.999 
 100   (0.053) 0.053 0.159 0.000 0.000 0.053 0.024 0.000 0.001 0.001 0.002 0.002 0.001 0.006 0.003 0.001 

Locus 59 : 61756_42 
2 alleles
1.1% missing data
 130   (0.951) 0.951 0.823 1.000 1.000 0.951 0.978 1.000 0.999 0.999 0.998 0.999 0.999 0.995 0.997 0.999 
 110   (0.049) 0.049 0.177 0.000 0.000 0.049 0.022 0.000 0.001 0.001 0.002 0.001 0.001 0.005 0.003 0.001 

Locus 60 : 62497_19 
2 alleles
6.2% missing data
 130   (0.903) 0.903 0.993 0.998 0.999 0.903 0.946 0.990 0.987 0.981 0.994 0.961 0.997 0.942 0.874 0.997 
 110   (0.097) 0.097 0.007 0.002 0.001 0.097 0.054 0.010 0.013 0.019 0.006 0.039 0.003 0.058 0.126 0.003 

Locus 61 : 63024_50 
2 alleles
2.8% missing data
 120   (0.941) 0.941 0.996 1.000 1.000 0.941 0.967 1.000 0.999 0.999 0.998 0.967 0.999 0.993 0.996 0.999 
 100   (0.059) 0.059 0.004 0.000 0.000 0.059 0.033 0.000 0.001 0.001 0.002 0.033 0.001 0.007 0.004 0.001 

Locus 62 : 64492_50 
2 alleles
7.3% missing data
 120   (0.912) 0.912 0.994 1.000 1.000 0.912 0.959 0.999 0.998 0.998 0.930 0.958 0.998 0.988 0.891 0.998 
 100   (0.088) 0.088 0.006 0.000 0.000 0.088 0.041 0.001 0.002 0.002 0.070 0.042 0.002 0.012 0.109 0.002 

Locus 63 : 67984_34 
2 alleles
2.2% missing data
 120   (0.952) 0.952 0.867 1.000 1.000 0.952 0.981 1.000 0.999 0.999 0.998 0.998 0.999 0.995 0.997 0.999 
 100   (0.048) 0.048 0.133 0.000 0.000 0.048 0.019 0.000 0.001 0.001 0.002 0.002 0.001 0.005 0.003 0.001 

Locus 64 : 69199_10 
2 alleles
4.5% missing data
 120   (0.943) 0.942 0.996 0.994 1.000 0.943 0.972 0.999 0.999 0.999 0.998 0.365 0.999 0.994 0.997 0.999 
 100   (0.057) 0.058 0.004 0.006 0.000 0.057 0.028 0.001 0.001 0.001 0.002 0.635 0.001 0.006 0.003 0.001 

Locus 65 : 71368_77 
2 alleles
6.7% missing data
 100   (0.954) 0.955 0.997 1.000 1.000 0.955 0.979 1.000 0.999 0.999 0.998 0.999 0.999 0.995 0.997 0.772 
 110   (0.046) 0.045 0.003 0.000 0.000 0.045 0.021 0.000 0.001 0.001 0.002 0.001 0.001 0.005 0.003 0.228 

Locus 66 : 72276_35 
2 alleles
5.1% missing data
 130   (0.954) 0.954 0.997 1.000 1.000 0.954 0.980 1.000 0.996 0.999 0.903 0.998 0.999 0.995 0.997 0.999 
 120   (0.046) 0.046 0.003 0.000 0.000 0.046 0.020 0.000 0.004 0.001 0.097 0.002 0.001 0.005 0.003 0.001 

Locus 67 : 73554_16 
2 alleles
3.9% missing data
 100   (0.954) 0.954 0.997 1.000 1.000 0.954 0.977 1.000 0.999 0.999 0.998 0.998 0.999 0.845 0.997 0.999 
 130   (0.046) 0.046 0.003 0.000 0.000 0.046 0.023 0.000 0.001 0.001 0.002 0.002 0.001 0.155 0.003 0.001 

Locus 68 : 74575_32 
2 alleles
1.7% missing data
 120   (0.958) 0.958 0.997 1.000 1.000 0.958 0.981 1.000 0.999 1.000 0.991 0.999 0.999 0.996 0.997 0.999 
 100   (0.042) 0.042 0.003 0.000 0.000 0.042 0.019 0.000 0.001 0.000 0.009 0.001 0.001 0.004 0.003 0.001 

Locus 69 : 76504_10 
2 alleles
1.1% missing data
 110   (0.953) 0.953 0.997 1.000 1.000 0.953 0.980 1.000 0.999 0.999 0.998 0.998 0.812 0.995 0.997 0.999 
 100   (0.047) 0.047 0.003 0.000 0.000 0.047 0.020 0.000 0.001 0.001 0.002 0.002 0.188 0.005 0.003 0.001 

Locus 70 : 76561_35 
2 alleles
5.6% missing data
 120   (0.954) 0.954 0.997 1.000 1.000 0.954 0.979 1.000 0.999 0.999 0.998 0.999 0.999 0.995 0.557 0.999 
 100   (0.046) 0.046 0.003 0.000 0.000 0.046 0.021 0.000 0.001 0.001 0.002 0.001 0.001 0.005 0.443 0.001 

Locus 71 : 77346_16 
2 alleles
2.2% missing data
 130   (0.955) 0.955 0.997 1.000 1.000 0.955 0.979 1.000 0.999 0.999 0.998 0.998 0.926 0.995 0.997 0.999 
 110   (0.045) 0.045 0.003 0.000 0.000 0.045 0.021 0.000 0.001 0.001 0.002 0.002 0.074 0.005 0.003 0.001 

Locus 72 : 78631_40 
2 alleles
7.9% missing data
 120   (0.951) 0.951 0.997 1.000 1.000 0.951 0.976 1.000 0.999 0.999 0.820 0.998 0.999 0.995 0.996 0.999 
 110   (0.049) 0.049 0.003 0.000 0.000 0.049 0.024 0.000 0.001 0.001 0.180 0.002 0.001 0.005 0.004 0.001 

Locus 73 : 80366_12 
2 alleles
6.7% missing data
 130   (0.956) 0.955 0.997 0.999 1.000 0.955 0.974 0.999 0.999 0.997 0.998 0.998 0.999 0.994 0.996 0.999 
 110   (0.044) 0.045 0.003 0.001 0.000 0.045 0.026 0.001 0.001 0.003 0.002 0.002 0.001 0.006 0.004 0.001 

Locus 74 : 80499_10 
2 alleles
6.2% missing data
 130   (0.955) 0.955 0.997 1.000 1.000 0.955 0.981 1.000 0.999 0.999 0.998 0.999 0.999 0.995 0.997 0.903 
 100   (0.045) 0.045 0.003 0.000 0.000 0.045 0.019 0.000 0.001 0.001 0.002 0.001 0.001 0.005 0.003 0.097 

Locus 75 : 81141_31 
2 alleles
2.8% missing data
 120   (0.959) 0.959 0.997 1.000 1.000 0.959 0.979 0.999 0.990 0.999 0.998 0.998 0.999 0.995 0.997 0.999 
 100   (0.041) 0.041 0.003 0.000 0.000 0.041 0.021 0.001 0.010 0.001 0.002 0.002 0.001 0.005 0.003 0.001 

Locus 76 : 81662_33 
2 alleles
3.4% missing data
 120   (0.955) 0.955 0.997 1.000 1.000 0.955 0.974 0.999 0.999 0.997 0.998 0.998 0.999 0.995 0.997 0.999 
 110   (0.045) 0.045 0.003 0.000 0.000 0.045 0.026 0.001 0.001 0.003 0.002 0.002 0.001 0.005 0.003 0.001 

Locus 77 : 82002_8 
2 alleles
6.7% missing data
 100   (0.947) 0.947 0.680 1.000 1.000 0.947 0.976 1.000 0.999 0.999 0.998 0.998 0.999 0.995 0.997 0.999 
 110   (0.053) 0.053 0.320 0.000 0.000 0.053 0.024 0.000 0.001 0.001 0.002 0.002 0.001 0.005 0.003 0.001 

Locus 78 : 82631_34 
2 alleles
7.9% missing data
 120   (0.958) 0.958 0.997 0.999 1.000 0.958 0.967 0.999 0.995 0.999 0.997 0.998 0.999 0.995 0.996 0.999 
 100   (0.042) 0.042 0.003 0.001 0.000 0.042 0.033 0.001 0.005 0.001 0.003 0.002 0.001 0.005 0.004 0.001 

Locus 79 : 83247_84 
2 alleles
3.4% missing data
 110   (0.944) 0.944 0.996 1.000 1.000 0.944 0.974 1.000 0.999 0.999 0.787 0.998 0.999 0.994 0.997 0.999 
 100   (0.056) 0.056 0.004 0.000 0.000 0.056 0.026 0.000 0.001 0.001 0.213 0.002 0.001 0.006 0.003 0.001 

Locus 80 : 83916_5 
2 alleles
3.9% missing data
 130   (0.958) 0.959 0.997 1.000 1.000 0.959 0.981 0.906 0.935 1.000 0.998 0.999 0.999 0.996 0.998 0.999 
 110   (0.042) 0.041 0.003 0.000 0.000 0.041 0.019 0.094 0.065 0.000 0.002 0.001 0.001 0.004 0.002 0.001 

Locus 81 : 84971_7 
2 alleles
2.2% missing data
 120   (0.935) 0.935 0.996 0.982 0.998 0.935 0.955 0.994 0.995 0.998 0.995 0.986 0.967 0.990 0.995 0.998 
 110   (0.065) 0.065 0.004 0.018 0.002 0.065 0.045 0.006 0.005 0.002 0.005 0.014 0.033 0.010 0.005 0.002 

Locus 82 : 85247_77 
2 alleles
7.9% missing data
 120   (0.952) 0.952 0.996 0.998 1.000 0.952 0.976 0.991 0.995 0.998 0.997 0.997 0.998 0.993 0.996 0.998 
 110   (0.048) 0.048 0.004 0.002 0.000 0.048 0.024 0.009 0.005 0.002 0.003 0.003 0.002 0.007 0.004 0.002 

Locus 83 : 85248_24 
2 alleles
5.1% missing data
 100   (0.954) 0.954 0.861 1.000 1.000 0.954 0.980 1.000 0.999 0.999 0.998 0.999 0.999 0.995 0.997 0.999 
 120   (0.046) 0.046 0.139 0.000 0.000 0.046 0.020 0.000 0.001 0.001 0.002 0.001 0.001 0.005 0.003 0.001 

Locus 84 : 85402_12 
2 alleles
3.4% missing data
 120   (0.957) 0.956 0.997 1.000 1.000 0.956 0.975 1.000 0.999 0.997 0.998 0.999 0.999 0.995 0.997 0.999 
 100   (0.043) 0.044 0.003 0.000 0.000 0.044 0.025 0.000 0.001 0.003 0.002 0.001 0.001 0.005 0.003 0.001 

Locus 85 : 86588_18 
2 alleles
3.9% missing data
 120   (0.957) 0.957 0.997 1.000 1.000 0.957 0.979 1.000 0.999 0.999 0.998 0.988 0.999 0.995 0.997 0.999 
 100   (0.043) 0.043 0.003 0.000 0.000 0.043 0.021 0.000 0.001 0.001 0.002 0.012 0.001 0.005 0.003 0.001 

Locus 86 : 87070_60 
2 alleles
2.2% missing data
 100   (0.955) 0.955 0.997 1.000 1.000 0.955 0.978 1.000 0.999 0.999 0.998 0.998 0.999 0.854 0.997 0.999 
 130   (0.045) 0.045 0.003 0.000 0.000 0.045 0.022 0.000 0.001 0.001 0.002 0.002 0.001 0.146 0.003 0.001 

Locus 87 : 87747_31 
2 alleles
6.2% missing data
 120   (0.952) 0.952 0.915 1.000 1.000 0.952 0.978 1.000 0.999 0.999 0.998 0.998 0.999 0.995 0.997 0.999 
 110   (0.048) 0.048 0.085 0.000 0.000 0.048 0.022 0.000 0.001 0.001 0.002 0.002 0.001 0.005 0.003 0.001 

Locus 88 : 88455_10 
2 alleles
5.1% missing data
 130   (0.953) 0.953 0.997 1.000 1.000 0.953 0.978 1.000 0.999 0.999 0.997 0.998 0.999 0.995 0.788 0.999 
 100   (0.047) 0.047 0.003 0.000 0.000 0.047 0.022 0.000 0.001 0.001 0.003 0.002 0.001 0.005 0.212 0.001 

Locus 89 : 89005_12 
2 alleles
1.1% missing data
 120   (0.951) 0.951 0.894 1.000 1.000 0.951 0.978 1.000 0.999 0.999 0.998 0.999 0.999 0.995 0.997 0.999 
 130   (0.049) 0.049 0.106 0.000 0.000 0.049 0.022 0.000 0.001 0.001 0.002 0.001 0.001 0.005 0.003 0.001 

Locus 90 : 89213_8 
2 alleles
3.4% missing data
 130   (0.958) 0.958 0.972 1.000 1.000 0.958 0.981 1.000 0.999 1.000 0.998 0.999 0.999 0.995 0.998 0.999 
 110   (0.042) 0.042 0.028 0.000 0.000 0.042 0.019 0.000 0.001 0.000 0.002 0.001 0.001 0.005 0.002 0.001 

Locus 91 : 93475_13 
2 alleles
2.2% missing data
 130   (0.956) 0.956 0.867 1.000 1.000 0.956 0.980 1.000 0.999 0.999 0.998 0.999 0.999 0.995 0.997 0.999 
 110   (0.044) 0.044 0.133 0.000 0.000 0.044 0.020 0.000 0.001 0.001 0.002 0.001 0.001 0.005 0.003 0.001 

Locus 92 : 95749_27 
2 alleles
3.9% missing data
 120   (0.956) 0.956 0.971 1.000 1.000 0.956 0.981 1.000 0.999 0.999 0.998 0.999 0.999 0.995 0.997 0.999 
 100   (0.044) 0.044 0.029 0.000 0.000 0.044 0.019 0.000 0.001 0.001 0.002 0.001 0.001 0.005 0.003 0.001 

Locus 93 : 98167_26 
2 alleles
3.4% missing data
 120   (0.932) 0.932 0.995 0.999 1.000 0.932 0.962 0.999 0.998 0.976 0.996 0.989 0.991 0.898 0.992 0.998 
 110   (0.068) 0.068 0.005 0.001 0.000 0.068 0.038 0.001 0.002 0.024 0.004 0.011 0.009 0.102 0.008 0.002 

Locus 94 : 98988_58 
2 alleles
2.2% missing data
 130   (0.959) 0.959 0.975 1.000 1.000 0.959 0.980 1.000 0.999 0.999 0.998 0.999 0.999 0.995 0.997 0.999 
 110   (0.041) 0.041 0.025 0.000 0.000 0.041 0.020 0.000 0.001 0.001 0.002 0.001 0.001 0.005 0.003 0.001 

Locus 95 : 103824_15 
2 alleles
3.4% missing data
 130   (0.953) 0.953 0.813 1.000 1.000 0.953 0.979 1.000 0.999 0.999 0.998 0.999 0.999 0.995 0.997 0.999 
 110   (0.047) 0.047 0.187 0.000 0.000 0.047 0.021 0.000 0.001 0.001 0.002 0.001 0.001 0.005 0.003 0.001 

Locus 96 : 108043_8 
2 alleles
4.5% missing data
 130   (0.954) 0.954 0.997 1.000 1.000 0.954 0.981 1.000 0.999 0.999 0.998 0.999 0.919 0.995 0.997 0.999 
 110   (0.046) 0.046 0.003 0.000 0.000 0.046 0.019 0.000 0.001 0.001 0.002 0.001 0.081 0.005 0.003 0.001 

Locus 97 : 108049_79 
2 alleles
2.8% missing data
 120   (0.954) 0.954 0.997 1.000 1.000 0.954 0.975 0.999 0.999 0.997 0.998 0.998 0.999 0.995 0.997 0.999 
 100   (0.046) 0.046 0.003 0.000 0.000 0.046 0.025 0.001 0.001 0.003 0.002 0.002 0.001 0.005 0.003 0.001 

Locus 98 : 108366_5 
2 alleles
2.8% missing data
 130   (0.952) 0.952 0.920 1.000 1.000 0.952 0.979 1.000 0.999 0.999 0.998 0.999 0.999 0.995 0.997 0.999 
 100   (0.048) 0.048 0.080 0.000 0.000 0.048 0.021 0.000 0.001 0.001 0.002 0.001 0.001 0.005 0.003 0.001 

Locus 99 : 108403_10 
2 alleles
6.2% missing data
 130   (0.956) 0.956 0.997 1.000 1.000 0.956 0.978 1.000 0.999 0.999 0.998 0.999 0.994 0.995 0.997 0.999 
 110   (0.044) 0.044 0.003 0.000 0.000 0.044 0.022 0.000 0.001 0.001 0.002 0.001 0.006 0.005 0.003 0.001 

Locus 100 : 109283_38 
2 alleles
3.9% missing data
 120   (0.870) 0.870 0.991 0.948 0.982 0.870 0.909 0.573 0.488 0.917 0.985 0.967 0.996 0.983 0.992 0.997 
 100   (0.130) 0.130 0.009 0.052 0.018 0.130 0.091 0.427 0.512 0.083 0.015 0.033 0.004 0.017 0.008 0.003 

Locus 101 : 109527_54 
2 alleles
7.3% missing data
 110   (0.945) 0.945 0.996 1.000 1.000 0.945 0.976 1.000 0.999 0.998 0.825 0.998 0.999 0.994 0.997 0.999 
 130   (0.055) 0.055 0.004 0.000 0.000 0.055 0.024 0.000 0.001 0.002 0.175 0.002 0.001 0.006 0.003 0.001 

Locus 102 : 109804_31 
2 alleles
2.2% missing data
 130   (0.953) 0.953 0.946 1.000 1.000 0.953 0.979 1.000 0.999 0.999 0.998 0.999 0.999 0.995 0.997 0.999 
 100   (0.047) 0.047 0.054 0.000 0.000 0.047 0.021 0.000 0.001 0.001 0.002 0.001 0.001 0.005 0.003 0.001 

Locus 103 : 112614_46 
2 alleles
5.1% missing data
 120   (0.953) 0.953 0.887 1.000 1.000 0.953 0.980 1.000 0.999 0.999 0.998 0.998 0.999 0.994 0.997 0.999 
 100   (0.047) 0.047 0.113 0.000 0.000 0.047 0.020 0.000 0.001 0.001 0.002 0.002 0.001 0.006 0.003 0.001 

Locus 104 : 112906_14 
2 alleles
3.9% missing data
 110   (0.888) 0.888 0.992 0.999 1.000 0.888 0.937 0.999 0.918 0.998 0.733 0.996 0.998 0.955 0.685 0.997 
 120   (0.112) 0.112 0.008 0.001 0.000 0.112 0.063 0.001 0.082 0.002 0.267 0.004 0.002 0.045 0.315 0.003 

Locus 105 : 113735_32 
2 alleles
6.7% missing data
 120   (0.955) 0.955 0.997 1.000 1.000 0.955 0.976 1.000 0.999 0.999 0.998 0.998 0.999 0.995 0.969 0.999 
 100   (0.045) 0.045 0.003 0.000 0.000 0.045 0.024 0.000 0.001 0.001 0.002 0.002 0.001 0.005 0.031 0.001 

Locus 106 : 115028_7 
2 alleles
3.9% missing data
 120   (0.958) 0.958 0.997 1.000 1.000 0.958 0.980 1.000 0.999 0.999 0.998 0.998 0.999 0.995 0.960 0.999 
 100   (0.042) 0.042 0.003 0.000 0.000 0.042 0.020 0.000 0.001 0.001 0.002 0.002 0.001 0.005 0.040 0.001 

Locus 107 : 115179_16 
2 alleles
2.2% missing data
 120   (0.952) 0.952 0.910 1.000 1.000 0.952 0.981 1.000 0.999 0.999 0.998 0.998 0.999 0.995 0.997 0.999 
 110   (0.048) 0.048 0.090 0.000 0.000 0.048 0.019 0.000 0.001 0.001 0.002 0.002 0.001 0.005 0.003 0.001 

Locus 108 : 116753_51 
2 alleles
7.3% missing data
 120   (0.952) 0.952 0.996 1.000 1.000 0.952 0.965 0.993 0.934 0.998 0.997 0.998 0.999 0.995 0.995 0.999 
 100   (0.048) 0.048 0.004 0.000 0.000 0.048 0.035 0.007 0.066 0.002 0.003 0.002 0.001 0.005 0.005 0.001 

Locus 109 : 116931_31 
2 alleles
7.9% missing data
 120   (0.956) 0.956 0.997 1.000 1.000 0.956 0.979 1.000 0.999 0.999 0.998 0.988 0.999 0.995 0.997 0.999 
 110   (0.044) 0.044 0.003 0.000 0.000 0.044 0.021 0.000 0.001 0.001 0.002 0.012 0.001 0.005 0.003 0.001 

Locus 110 : 116938_8 
2 alleles
4.5% missing data
 130   (0.923) 0.923 0.995 1.000 1.000 0.923 0.965 0.999 0.870 0.999 0.870 0.997 0.999 0.949 0.995 0.998 
 110   (0.077) 0.077 0.005 0.000 0.000 0.077 0.035 0.001 0.130 0.001 0.130 0.003 0.001 0.051 0.005 0.002 

Locus 111 : 122302_80 
2 alleles
10.1% missing data
 110   (0.958) 0.958 0.997 1.000 1.000 0.958 0.980 1.000 0.999 0.999 0.998 0.964 0.999 0.995 0.997 0.999 
 100   (0.042) 0.042 0.003 0.000 0.000 0.042 0.020 0.000 0.001 0.001 0.002 0.036 0.001 0.005 0.003 0.001 

Locus 112 : 123190_14 
2 alleles
3.4% missing data
 120   (0.945) 0.945 0.996 1.000 1.000 0.945 0.972 0.999 0.999 0.999 0.998 0.956 0.999 0.994 0.997 0.999 
 130   (0.055) 0.055 0.004 0.000 0.000 0.055 0.028 0.001 0.001 0.001 0.002 0.044 0.001 0.006 0.003 0.001 

Locus 113 : 123271_36 
2 alleles
3.9% missing data
 100   (0.951) 0.951 0.859 1.000 1.000 0.951 0.979 1.000 0.999 0.999 0.998 0.999 0.999 0.995 0.997 0.999 
 110   (0.049) 0.049 0.141 0.000 0.000 0.049 0.021 0.000 0.001 0.001 0.002 0.001 0.001 0.005 0.003 0.001 

Locus 114 : 124147_18 
2 alleles
2.2% missing data
 130   (0.954) 0.954 0.997 1.000 1.000 0.954 0.980 1.000 0.999 0.999 0.998 0.999 0.999 0.755 0.997 0.999 
 110   (0.046) 0.046 0.003 0.000 0.000 0.046 0.020 0.000 0.001 0.001 0.002 0.001 0.001 0.245 0.003 0.001 

Locus 115 : 124184_33 
2 alleles
5.6% missing data
 110   (0.951) 0.951 0.911 1.000 1.000 0.951 0.979 1.000 0.999 0.999 0.998 0.998 0.999 0.995 0.997 0.999 
 100   (0.049) 0.049 0.089 0.000 0.000 0.049 0.021 0.000 0.001 0.001 0.002 0.002 0.001 0.005 0.003 0.001 

Locus 116 : 125404_24 
2 alleles
1.1% missing data
 130   (0.958) 0.958 0.997 1.000 1.000 0.958 0.980 1.000 0.999 1.000 0.998 0.999 0.999 0.995 0.766 0.999 
 110   (0.042) 0.042 0.003 0.000 0.000 0.042 0.020 0.000 0.001 0.000 0.002 0.001 0.001 0.005 0.234 0.001 

Locus 117 : 125436_43 
2 alleles
3.9% missing data
 130   (0.925) 0.925 0.995 1.000 1.000 0.925 0.964 0.999 0.998 0.999 0.845 0.998 0.999 0.992 0.707 0.998 
 100   (0.075) 0.075 0.005 0.000 0.000 0.075 0.036 0.001 0.002 0.001 0.155 0.002 0.001 0.008 0.293 0.002 

Locus 118 : 126013_18 
2 alleles
2.8% missing data
 130   (0.953) 0.953 0.997 1.000 1.000 0.953 0.980 1.000 0.999 0.999 0.998 0.999 0.999 0.995 0.997 0.881 
 110   (0.047) 0.047 0.003 0.000 0.000 0.047 0.020 0.000 0.001 0.001 0.002 0.001 0.001 0.005 0.003 0.119 

Locus 119 : 126137_19 
2 alleles
3.9% missing data
 120   (0.957) 0.957 0.997 1.000 1.000 0.957 0.979 1.000 0.999 0.999 0.985 0.998 0.999 0.995 0.983 0.999 
 110   (0.043) 0.043 0.003 0.000 0.000 0.043 0.021 0.000 0.001 0.001 0.015 0.002 0.001 0.005 0.017 0.001 

Locus 120 : 126845_22 
2 alleles
5.6% missing data
 130   (0.959) 0.959 0.997 1.000 1.000 0.959 0.981 1.000 0.999 0.999 0.998 0.999 0.999 0.994 0.965 0.999 
 110   (0.041) 0.041 0.003 0.000 0.000 0.041 0.019 0.000 0.001 0.001 0.002 0.001 0.001 0.006 0.035 0.001 

Locus 121 : 127512_8 
2 alleles
1.1% missing data
 130   (0.955) 0.955 0.997 1.000 1.000 0.955 0.979 1.000 0.999 1.000 0.998 0.999 0.999 0.995 0.997 0.910 
 100   (0.045) 0.045 0.003 0.000 0.000 0.045 0.021 0.000 0.001 0.000 0.002 0.001 0.001 0.005 0.003 0.090 

Locus 122 : 127692_13 
2 alleles
2.8% missing data
 100   (0.950) 0.950 0.997 1.000 1.000 0.950 0.977 1.000 0.999 0.999 0.944 0.998 0.999 0.994 0.997 0.999 
 120   (0.050) 0.050 0.003 0.000 0.000 0.050 0.023 0.000 0.001 0.001 0.056 0.002 0.001 0.006 0.003 0.001 

Locus 123 : 128195_18 
2 alleles
7.3% missing data
 130   (0.871) 0.870 0.991 0.984 0.999 0.870 0.928 0.997 0.997 0.380 0.932 0.970 0.997 0.424 0.989 0.997 
 110   (0.129) 0.130 0.009 0.016 0.001 0.130 0.072 0.003 0.003 0.620 0.068 0.030 0.003 0.576 0.011 0.003 

Locus 124 : 128198_14 
2 alleles
4.5% missing data
 130   (0.926) 0.927 0.919 0.999 1.000 0.927 0.968 0.999 0.998 0.999 0.997 0.998 0.999 0.992 0.996 0.907 
 120   (0.074) 0.073 0.081 0.001 0.000 0.073 0.032 0.001 0.002 0.001 0.003 0.002 0.001 0.008 0.004 0.093 

Locus 125 : 128423_39 
2 alleles
4.5% missing data
 130   (0.954) 0.954 0.997 1.000 1.000 0.954 0.976 0.999 0.999 0.996 0.998 0.999 0.999 0.990 0.997 0.999 
 100   (0.046) 0.046 0.003 0.000 0.000 0.046 0.024 0.001 0.001 0.004 0.002 0.001 0.001 0.010 0.003 0.001 

Locus 126 : 131572_48 
2 alleles
1.1% missing data
 120   (0.943) 0.943 0.996 1.000 1.000 0.943 0.969 0.995 0.957 0.999 0.997 0.998 0.999 0.994 0.996 0.999 
 100   (0.057) 0.057 0.004 0.000 0.000 0.057 0.031 0.005 0.043 0.001 0.003 0.002 0.001 0.006 0.004 0.001 

Locus 127 : 132199_62 
2 alleles
3.9% missing data
 100   (0.950) 0.950 0.754 1.000 1.000 0.950 0.978 1.000 0.999 0.999 0.998 0.998 0.999 0.995 0.997 0.999 
 120   (0.050) 0.050 0.246 0.000 0.000 0.050 0.022 0.000 0.001 0.001 0.002 0.002 0.001 0.005 0.003 0.001 

Locus 128 : 135566_64 
2 alleles
7.3% missing data
 130   (0.955) 0.955 0.997 1.000 1.000 0.955 0.975 1.000 0.999 0.997 0.998 0.998 0.999 0.995 0.997 0.999 
 110   (0.045) 0.045 0.003 0.000 0.000 0.045 0.025 0.000 0.001 0.003 0.002 0.002 0.001 0.005 0.003 0.001 

Locus 129 : 135761_5 
2 alleles
7.9% missing data
 130   (0.954) 0.955 0.906 1.000 1.000 0.955 0.981 1.000 0.999 0.999 0.998 0.998 0.999 0.995 0.997 0.999 
 100   (0.046) 0.045 0.094 0.000 0.000 0.045 0.019 0.000 0.001 0.001 0.002 0.002 0.001 0.005 0.003 0.001 

Locus 130 : 137219_35 
2 alleles
3.4% missing data
 120   (0.940) 0.939 0.996 1.000 1.000 0.939 0.965 0.999 0.999 0.984 0.997 0.998 0.999 0.993 0.996 0.998 
 100   (0.060) 0.061 0.004 0.000 0.000 0.061 0.035 0.001 0.001 0.016 0.003 0.002 0.001 0.007 0.004 0.002 

Locus 131 : 139081_20 
2 alleles
5.6% missing data
 120   (0.941) 0.941 0.996 1.000 1.000 0.941 0.969 0.999 0.997 0.999 0.974 0.998 0.999 0.930 0.996 0.998 
 110   (0.059) 0.059 0.004 0.000 0.000 0.059 0.031 0.001 0.003 0.001 0.026 0.002 0.001 0.070 0.004 0.002 

Locus 132 : 139084_52 
2 alleles
5.1% missing data
 120   (0.909) 0.909 0.994 0.998 1.000 0.909 0.952 0.999 0.998 0.995 0.996 0.945 0.998 0.819 0.994 0.997 
 110   (0.091) 0.091 0.006 0.002 0.000 0.091 0.048 0.001 0.002 0.005 0.004 0.055 0.002 0.181 0.006 0.003 

Locus 133 : 139433_54 
2 alleles
3.9% missing data
 120   (0.951) 0.952 0.946 1.000 1.000 0.952 0.978 1.000 0.999 0.999 0.998 0.998 0.999 0.995 0.997 0.999 
 100   (0.049) 0.048 0.054 0.000 0.000 0.048 0.022 0.000 0.001 0.001 0.002 0.002 0.001 0.005 0.003 0.001 

Locus 134 : 140063_88 
2 alleles
7.9% missing data
 110   (0.955) 0.955 0.997 1.000 1.000 0.955 0.978 1.000 0.999 0.999 0.993 0.999 0.999 0.994 0.997 0.999 
 100   (0.045) 0.045 0.003 0.000 0.000 0.045 0.022 0.000 0.001 0.001 0.007 0.001 0.001 0.006 0.003 0.001 

Locus 135 : 140194_73 
2 alleles
2.8% missing data
 120   (0.957) 0.957 0.997 1.000 1.000 0.957 0.980 1.000 0.999 0.999 0.998 0.998 0.999 0.993 0.997 0.978 
 110   (0.043) 0.043 0.003 0.000 0.000 0.043 0.020 0.000 0.001 0.001 0.002 0.002 0.001 0.007 0.003 0.022 

Locus 136 : 141313_8 
2 alleles
2.8% missing data
 120   (0.952) 0.952 0.920 1.000 1.000 0.952 0.978 1.000 0.999 0.999 0.998 0.999 0.999 0.995 0.997 0.999 
 100   (0.048) 0.048 0.080 0.000 0.000 0.048 0.022 0.000 0.001 0.001 0.002 0.001 0.001 0.005 0.003 0.001 

Locus 137 : 145284_28 
2 alleles
2.8% missing data
 130   (0.954) 0.954 0.997 1.000 1.000 0.954 0.978 1.000 0.999 0.999 0.998 0.999 0.999 0.611 0.997 0.999 
 110   (0.046) 0.046 0.003 0.000 0.000 0.046 0.022 0.000 0.001 0.001 0.002 0.001 0.001 0.389 0.003 0.001 

Locus 138 : 145957_11 
2 alleles
4.5% missing data
 130   (0.956) 0.956 0.997 0.999 1.000 0.956 0.981 0.927 0.940 0.999 0.998 0.999 0.999 0.995 0.997 0.999 
 110   (0.044) 0.044 0.003 0.001 0.000 0.044 0.019 0.073 0.060 0.001 0.002 0.001 0.001 0.005 0.003 0.001 

Locus 139 : 160306_34 
2 alleles
2.8% missing data
 120   (0.931) 0.931 0.995 0.999 1.000 0.931 0.960 0.998 0.985 0.999 0.967 0.997 0.999 0.992 0.771 0.998 
 100   (0.069) 0.069 0.005 0.001 0.000 0.069 0.040 0.002 0.015 0.001 0.033 0.003 0.001 0.008 0.229 0.002 

Locus 140 : 162107_37 
2 alleles
3.4% missing data
 120   (0.938) 0.938 0.996 1.000 1.000 0.938 0.969 1.000 0.999 0.999 0.991 0.998 0.999 0.993 0.906 0.999 
 100   (0.062) 0.062 0.004 0.000 0.000 0.062 0.031 0.000 0.001 0.001 0.009 0.002 0.001 0.007 0.094 0.001 

Locus 141 : 163290_36 
2 alleles
5.1% missing data
 130   (0.918) 0.918 0.994 0.953 0.996 0.918 0.958 0.989 0.996 0.986 0.996 0.922 0.998 0.750 0.995 0.998 
 110   (0.082) 0.082 0.006 0.047 0.004 0.082 0.042 0.011 0.004 0.014 0.004 0.078 0.002 0.250 0.005 0.002 

Locus 142 : 163453_13 
2 alleles
5.6% missing data
 120   (0.956) 0.955 0.997 1.000 1.000 0.956 0.977 1.000 0.999 0.999 0.998 0.990 0.999 0.995 0.997 0.999 
 110   (0.044) 0.045 0.003 0.000 0.000 0.044 0.023 0.000 0.001 0.001 0.002 0.010 0.001 0.005 0.003 0.001 

Locus 143 : 163580_14 
2 alleles
10.1% missing data
 120   (0.954) 0.954 0.997 0.889 1.000 0.954 0.959 1.000 0.999 0.999 0.998 0.998 0.974 0.995 0.997 0.999 
 100   (0.046) 0.046 0.003 0.111 0.000 0.046 0.041 0.000 0.001 0.001 0.002 0.002 0.026 0.005 0.003 0.001 

Locus 144 : 164461_13 
2 alleles
5.6% missing data
 100   (0.955) 0.955 0.997 1.000 1.000 0.955 0.980 1.000 0.999 0.999 0.998 0.857 0.999 0.995 0.997 0.999 
 120   (0.045) 0.045 0.003 0.000 0.000 0.045 0.020 0.000 0.001 0.001 0.002 0.143 0.001 0.005 0.003 0.001 

Locus 145 : 165413_43 
2 alleles
1.7% missing data
 110   (0.946) 0.946 0.996 1.000 1.000 0.946 0.974 1.000 0.998 0.999 0.951 0.997 0.999 0.994 0.997 0.999 
 130   (0.054) 0.054 0.004 0.000 0.000 0.054 0.026 0.000 0.002 0.001 0.049 0.003 0.001 0.006 0.003 0.001 

Locus 146 : 168629_44 
2 alleles
5.6% missing data
 130   (0.939) 0.939 0.996 0.998 1.000 0.939 0.971 0.999 0.998 0.994 0.965 0.983 0.999 0.989 0.996 0.998 
 110   (0.061) 0.061 0.004 0.002 0.000 0.061 0.029 0.001 0.002 0.006 0.035 0.017 0.001 0.011 0.004 0.002 

Locus 147 : 168991_77 
2 alleles
5.6% missing data
 110   (0.846) 0.846 0.990 0.995 0.999 0.846 0.878 0.993 0.915 0.949 0.907 0.986 0.996 0.979 0.645 0.996 
 100   (0.154) 0.154 0.010 0.005 0.001 0.154 0.122 0.007 0.085 0.051 0.093 0.014 0.004 0.021 0.355 0.004 

Locus 148 : 169478_88 
2 alleles
5.1% missing data
 130   (0.956) 0.956 0.997 1.000 1.000 0.956 0.979 1.000 0.999 0.999 0.998 0.998 0.999 0.995 0.997 0.981 
 100   (0.044) 0.044 0.003 0.000 0.000 0.044 0.021 0.000 0.001 0.001 0.002 0.002 0.001 0.005 0.003 0.019 

Locus 149 : 169898_8 
2 alleles
6.2% missing data
 120   (0.940) 0.940 0.996 1.000 1.000 0.940 0.973 1.000 0.999 0.999 0.916 0.970 0.998 0.993 0.996 0.998 
 100   (0.060) 0.060 0.004 0.000 0.000 0.060 0.027 0.000 0.001 0.001 0.084 0.030 0.002 0.007 0.004 0.002 

Locus 150 : 170224_42 
2 alleles
7.3% missing data
 100   (0.906) 0.906 0.993 0.980 1.000 0.906 0.948 0.997 0.997 0.983 0.951 0.803 0.998 0.980 0.994 0.997 
 120   (0.094) 0.094 0.007 0.020 0.000 0.094 0.052 0.003 0.003 0.017 0.049 0.197 0.002 0.020 0.006 0.003 

Locus 151 : 174083_22 
2 alleles
3.9% missing data
 120   (0.950) 0.950 0.788 1.000 1.000 0.950 0.979 1.000 0.999 0.999 0.998 0.998 0.999 0.995 0.997 0.999 
 100   (0.050) 0.050 0.212 0.000 0.000 0.050 0.021 0.000 0.001 0.001 0.002 0.002 0.001 0.005 0.003 0.001 

Locus 152 : 174223_24 
2 alleles
2.8% missing data
 120   (0.954) 0.953 0.997 1.000 1.000 0.953 0.978 1.000 0.999 0.999 0.998 0.999 0.993 0.995 0.997 0.999 
 100   (0.046) 0.047 0.003 0.000 0.000 0.047 0.022 0.000 0.001 0.001 0.002 0.001 0.007 0.005 0.003 0.001 

Locus 153 : 174263_44 
2 alleles
3.9% missing data
 130   (0.953) 0.953 0.997 1.000 1.000 0.953 0.980 1.000 0.999 0.999 0.998 0.999 0.999 0.995 0.997 0.841 
 110   (0.047) 0.047 0.003 0.000 0.000 0.047 0.020 0.000 0.001 0.001 0.002 0.001 0.001 0.005 0.003 0.159 

Locus 154 : 175657_6 
2 alleles
8.4% missing data
 100   (0.935) 0.935 0.995 1.000 1.000 0.935 0.970 1.000 0.999 0.999 0.927 0.998 0.999 0.993 0.766 0.998 
 130   (0.065) 0.065 0.005 0.000 0.000 0.065 0.030 0.000 0.001 0.001 0.073 0.002 0.001 0.007 0.234 0.002 

Locus 155 : 176570_23 
2 alleles
3.9% missing data
 130   (0.949) 0.949 0.996 0.995 1.000 0.950 0.963 0.980 0.980 0.992 0.997 0.997 0.996 0.991 0.997 0.999 
 110   (0.051) 0.051 0.004 0.005 0.000 0.050 0.037 0.020 0.020 0.008 0.003 0.003 0.004 0.009 0.003 0.001 

Locus 156 : 176775_13 
2 alleles
6.7% missing data
 130   (0.948) 0.948 0.708 1.000 1.000 0.948 0.976 1.000 0.999 0.999 0.998 0.998 0.999 0.994 0.997 0.999 
 110   (0.052) 0.052 0.292 0.000 0.000 0.052 0.024 0.000 0.001 0.001 0.002 0.002 0.001 0.006 0.003 0.001 

Locus 157 : 178448_19 
2 alleles
3.4% missing data
 120   (0.955) 0.955 0.883 1.000 1.000 0.955 0.981 1.000 0.999 0.999 0.998 0.998 0.999 0.995 0.997 0.999 
 100   (0.045) 0.045 0.117 0.000 0.000 0.045 0.019 0.000 0.001 0.001 0.002 0.002 0.001 0.005 0.003 0.001 

Locus 158 : 179162_16 
2 alleles
6.2% missing data
 120   (0.955) 0.955 0.972 1.000 1.000 0.955 0.979 1.000 0.999 0.999 0.998 0.998 0.999 0.995 0.997 0.999 
 100   (0.045) 0.045 0.028 0.000 0.000 0.045 0.021 0.000 0.001 0.001 0.002 0.002 0.001 0.005 0.003 0.001 

Locus 159 : 179286_31 
2 alleles
2.8% missing data
 120   (0.927) 0.927 0.995 1.000 1.000 0.927 0.966 0.999 0.996 0.999 0.909 0.998 0.999 0.992 0.899 0.998 
 100   (0.073) 0.073 0.005 0.000 0.000 0.073 0.034 0.001 0.004 0.001 0.091 0.002 0.001 0.008 0.101 0.002 

Locus 160 : 179594_17 
2 alleles
4.5% missing data
 120   (0.906) 0.906 0.993 0.999 1.000 0.906 0.950 0.999 0.998 0.998 0.996 0.980 0.994 0.927 0.740 0.997 
 100   (0.094) 0.094 0.007 0.001 0.000 0.094 0.050 0.001 0.002 0.002 0.004 0.020 0.006 0.073 0.260 0.003 

Locus 161 : 180413_54 
2 alleles
3.9% missing data
 100   (0.950) 0.950 0.882 1.000 1.000 0.950 0.978 1.000 0.999 0.999 0.998 0.998 0.999 0.995 0.997 0.999 
 110   (0.050) 0.050 0.118 0.000 0.000 0.050 0.022 0.000 0.001 0.001 0.002 0.002 0.001 0.005 0.003 0.001 

Locus 162 : 182862_79 
2 alleles
3.4% missing data
 130   (0.953) 0.953 0.869 1.000 1.000 0.953 0.981 1.000 0.999 0.999 0.998 0.998 0.999 0.995 0.997 0.999 
 110   (0.047) 0.047 0.131 0.000 0.000 0.047 0.019 0.000 0.001 0.001 0.002 0.002 0.001 0.005 0.003 0.001 

Locus 163 : 183288_63 
2 alleles
10.1% missing data
 100   (0.956) 0.956 0.972 1.000 1.000 0.956 0.979 1.000 0.999 0.999 0.998 0.998 0.999 0.995 0.997 0.999 
 120   (0.044) 0.044 0.028 0.000 0.000 0.044 0.021 0.000 0.001 0.001 0.002 0.002 0.001 0.005 0.003 0.001 

Locus 164 : 183906_55 
2 alleles
6.7% missing data
 130   (0.954) 0.954 0.946 1.000 1.000 0.954 0.978 1.000 0.999 0.999 0.998 0.998 0.999 0.995 0.997 0.999 
 100   (0.046) 0.046 0.054 0.000 0.000 0.046 0.022 0.000 0.001 0.001 0.002 0.002 0.001 0.005 0.003 0.001 

Locus 165 : 183990_7 
2 alleles
3.4% missing data
 120   (0.949) 0.949 0.997 1.000 1.000 0.949 0.978 0.979 0.999 0.842 0.998 0.998 0.999 0.994 0.997 0.999 
 100   (0.051) 0.051 0.003 0.000 0.000 0.051 0.022 0.021 0.001 0.158 0.002 0.002 0.001 0.006 0.003 0.001 

Locus 166 : 185904_60 
2 alleles
3.4% missing data
 120   (0.955) 0.955 0.997 1.000 1.000 0.955 0.980 1.000 0.999 0.999 0.998 0.920 0.999 0.995 0.997 0.999 
 100   (0.045) 0.045 0.003 0.000 0.000 0.045 0.020 0.000 0.001 0.001 0.002 0.080 0.001 0.005 0.003 0.001 

Locus 167 : 191703_64 
2 alleles
1.7% missing data
 130   (0.925) 0.926 0.995 1.000 1.000 0.925 0.964 1.000 0.998 0.999 0.997 0.998 0.999 0.671 0.868 0.998 
 110   (0.075) 0.074 0.005 0.000 0.000 0.075 0.036 0.000 0.002 0.001 0.003 0.002 0.001 0.329 0.132 0.002 

Locus 168 : 193854_7 
2 alleles
1.7% missing data
 130   (0.932) 0.933 0.884 0.999 1.000 0.933 0.969 0.999 0.998 0.999 0.997 0.997 0.998 0.992 0.996 0.981 
 110   (0.068) 0.067 0.116 0.001 0.000 0.067 0.031 0.001 0.002 0.001 0.003 0.003 0.002 0.008 0.004 0.019 

Locus 169 : 194868_38 
2 alleles
5.6% missing data
 120   (0.935) 0.935 0.996 1.000 1.000 0.935 0.968 1.000 0.998 0.998 0.904 0.998 0.999 0.991 0.964 0.998 
 100   (0.065) 0.065 0.004 0.000 0.000 0.065 0.032 0.000 0.002 0.002 0.096 0.002 0.001 0.009 0.036 0.002 

Locus 170 : 195463_36 
2 alleles
5.1% missing data
 120   (0.957) 0.957 0.997 1.000 1.000 0.957 0.981 1.000 0.999 0.999 0.998 0.999 0.999 0.996 0.861 0.999 
 100   (0.043) 0.043 0.003 0.000 0.000 0.043 0.019 0.000 0.001 0.001 0.002 0.001 0.001 0.004 0.139 0.001 

Locus 171 : 195727_20 
2 alleles
1.7% missing data
 130   (0.952) 0.952 0.915 1.000 1.000 0.952 0.979 1.000 0.999 0.999 0.998 0.998 0.999 0.995 0.997 0.999 
 110   (0.048) 0.048 0.085 0.000 0.000 0.048 0.021 0.000 0.001 0.001 0.002 0.002 0.001 0.005 0.003 0.001 

Locus 172 : 197508_5 
2 alleles
2.2% missing data
 120   (0.956) 0.956 0.997 1.000 1.000 0.956 0.979 1.000 0.999 0.999 0.994 0.999 0.999 0.995 0.997 0.999 
 100   (0.044) 0.044 0.003 0.000 0.000 0.044 0.021 0.000 0.001 0.001 0.006 0.001 0.001 0.005 0.003 0.001 

Locus 173 : 199140_10 
2 alleles
4.5% missing data
 130   (0.955) 0.955 0.997 1.000 1.000 0.955 0.976 1.000 0.999 0.997 0.998 0.998 0.999 0.995 0.997 0.999 
 110   (0.045) 0.045 0.003 0.000 0.000 0.045 0.024 0.000 0.001 0.003 0.002 0.002 0.001 0.005 0.003 0.001 

Locus 174 : 199429_51 
2 alleles
5.1% missing data
 130   (0.959) 0.959 0.997 1.000 1.000 0.959 0.977 1.000 0.999 0.999 0.998 0.990 0.999 0.995 0.997 0.999 
 100   (0.041) 0.041 0.003 0.000 0.000 0.041 0.023 0.000 0.001 0.001 0.002 0.010 0.001 0.005 0.003 0.001 

Locus 175 : 199635_9 
2 alleles
3.4% missing data
 120   (0.950) 0.951 0.832 1.000 1.000 0.951 0.979 1.000 0.999 0.999 0.998 0.998 0.999 0.995 0.997 0.999 
 100   (0.050) 0.049 0.168 0.000 0.000 0.049 0.021 0.000 0.001 0.001 0.002 0.002 0.001 0.005 0.003 0.001 

Locus 176 : 200923_8 
2 alleles
5.1% missing data
 100   (0.955) 0.955 0.997 1.000 1.000 0.955 0.979 1.000 0.999 0.999 0.998 0.998 0.999 0.934 0.995 0.999 
 110   (0.045) 0.045 0.003 0.000 0.000 0.045 0.021 0.000 0.001 0.001 0.002 0.002 0.001 0.066 0.005 0.001 

Locus 177 : 201090_64 
2 alleles
5.1% missing data
 130   (0.959) 0.959 0.997 1.000 1.000 0.959 0.981 1.000 0.999 0.999 0.998 0.965 0.999 0.995 0.997 0.999 
 100   (0.041) 0.041 0.003 0.000 0.000 0.041 0.019 0.000 0.001 0.001 0.002 0.035 0.001 0.005 0.003 0.001 

Locus 178 : 201549_57 
2 alleles
4.5% missing data
 120   (0.957) 0.957 0.997 1.000 1.000 0.957 0.980 1.000 0.999 0.999 0.998 0.999 0.999 0.995 0.907 0.999 
 110   (0.043) 0.043 0.003 0.000 0.000 0.043 0.020 0.000 0.001 0.001 0.002 0.001 0.001 0.005 0.093 0.001 

Locus 179 : 203565_40 
2 alleles
3.9% missing data
 120   (0.959) 0.959 0.997 1.000 1.000 0.959 0.981 1.000 0.999 0.999 0.998 0.999 0.999 0.936 0.998 0.999 
 100   (0.041) 0.041 0.003 0.000 0.000 0.041 0.019 0.000 0.001 0.001 0.002 0.001 0.001 0.064 0.002 0.001 

Locus 180 : 205184_19 
2 alleles
7.3% missing data
 110   (0.920) 0.920 0.763 1.000 1.000 0.920 0.964 0.999 0.998 0.999 0.997 0.997 0.999 0.991 0.995 0.867 
 120   (0.080) 0.080 0.237 0.000 0.000 0.080 0.036 0.001 0.002 0.001 0.003 0.003 0.001 0.009 0.005 0.133 

Locus 181 : 206551_17 
2 alleles
6.2% missing data
 120   (0.896) 0.896 0.993 0.999 1.000 0.896 0.944 0.998 0.997 0.993 0.995 0.641 0.884 0.939 0.969 0.997 
 100   (0.104) 0.104 0.007 0.001 0.000 0.104 0.056 0.002 0.003 0.007 0.005 0.359 0.116 0.061 0.031 0.003 

Locus 182 : 216246_19 
2 alleles
2.8% missing data
 110   (0.942) 0.942 0.996 0.999 1.000 0.942 0.966 0.999 0.993 0.994 0.988 0.997 0.999 0.987 0.986 0.998 
 130   (0.058) 0.058 0.004 0.001 0.000 0.058 0.034 0.001 0.007 0.006 0.012 0.003 0.001 0.013 0.014 0.002 

Locus 183 : 216776_13 
2 alleles
5.6% missing data
 120   (0.914) 0.915 0.731 0.999 1.000 0.914 0.961 0.999 0.998 0.999 0.996 0.997 0.845 0.991 0.995 0.992 
 110   (0.086) 0.085 0.269 0.001 0.000 0.086 0.039 0.001 0.002 0.001 0.004 0.003 0.155 0.009 0.005 0.008 

Locus 184 : 217291_37 
2 alleles
3.9% missing data
 120   (0.953) 0.953 0.997 1.000 1.000 0.953 0.973 1.000 0.999 0.999 0.998 0.998 0.999 0.995 0.917 0.999 
 100   (0.047) 0.047 0.003 0.000 0.000 0.047 0.027 0.000 0.001 0.001 0.002 0.002 0.001 0.005 0.083 0.001 

Locus 185 : 217570_13 
2 alleles
3.9% missing data
 130   (0.955) 0.955 0.868 1.000 1.000 0.955 0.983 1.000 0.999 0.999 0.998 0.999 0.999 0.995 0.997 0.999 
 110   (0.045) 0.045 0.132 0.000 0.000 0.045 0.017 0.000 0.001 0.001 0.002 0.001 0.001 0.005 0.003 0.001 

Locus 186 : 220422_65 
2 alleles
3.4% missing data
 120   (0.942) 0.942 0.996 0.999 1.000 0.941 0.951 0.999 0.987 0.999 0.985 0.997 0.999 0.993 0.986 0.998 
 110   (0.058) 0.058 0.004 0.001 0.000 0.059 0.049 0.001 0.013 0.001 0.015 0.003 0.001 0.007 0.014 0.002 

Locus 187 : 220502_40 
2 alleles
6.7% missing data
 120   (0.959) 0.959 0.997 1.000 1.000 0.959 0.980 0.997 0.976 0.999 0.998 0.998 0.999 0.995 0.997 0.999 
 110   (0.041) 0.041 0.003 0.000 0.000 0.041 0.020 0.003 0.024 0.001 0.002 0.002 0.001 0.005 0.003 0.001 

Locus 188 : 220519_81 
2 alleles
4.5% missing data
 130   (0.927) 0.927 0.860 1.000 1.000 0.927 0.965 0.999 0.998 0.999 0.997 0.998 0.999 0.934 0.996 0.998 
 110   (0.073) 0.073 0.140 0.000 0.000 0.073 0.035 0.001 0.002 0.001 0.003 0.002 0.001 0.066 0.004 0.002 

Locus 189 : 222347_17 
2 alleles
3.9% missing data
 120   (0.954) 0.955 0.894 1.000 1.000 0.955 0.979 1.000 0.999 0.999 0.998 0.998 0.999 0.995 0.997 0.999 
 100   (0.046) 0.045 0.106 0.000 0.000 0.045 0.021 0.000 0.001 0.001 0.002 0.002 0.001 0.005 0.003 0.001 

Locus 190 : 222896_46 
2 alleles
0.6% missing data
 110   (0.957) 0.957 0.946 1.000 1.000 0.957 0.981 1.000 0.999 1.000 0.998 0.999 0.999 0.996 0.998 0.999 
 130   (0.043) 0.043 0.054 0.000 0.000 0.043 0.019 0.000 0.001 0.000 0.002 0.001 0.001 0.004 0.002 0.001 

Locus 191 : 223181_12 
2 alleles
3.4% missing data
 120   (0.950) 0.950 0.726 1.000 1.000 0.950 0.978 1.000 0.999 0.999 0.998 0.998 0.999 0.995 0.997 0.999 
 100   (0.050) 0.050 0.274 0.000 0.000 0.050 0.022 0.000 0.001 0.001 0.002 0.002 0.001 0.005 0.003 0.001 

Locus 192 : 224649_57 
2 alleles
5.1% missing data
 100   (0.955) 0.955 0.997 1.000 1.000 0.955 0.978 1.000 0.999 0.999 0.998 0.998 0.999 0.994 0.997 0.979 
 110   (0.045) 0.045 0.003 0.000 0.000 0.045 0.022 0.000 0.001 0.001 0.002 0.002 0.001 0.006 0.003 0.021 

Locus 193 : 226245_11 
2 alleles
5.1% missing data
 130   (0.958) 0.958 0.997 1.000 1.000 0.958 0.980 0.996 0.932 0.999 0.998 0.999 0.999 0.995 0.997 0.999 
 110   (0.042) 0.042 0.003 0.000 0.000 0.042 0.020 0.004 0.068 0.001 0.002 0.001 0.001 0.005 0.003 0.001 

Locus 194 : 226342_59 
2 alleles
6.2% missing data
 120   (0.922) 0.922 0.913 0.997 0.999 0.922 0.961 0.998 0.998 0.998 0.996 0.996 0.997 0.990 0.994 0.965 
 100   (0.078) 0.078 0.087 0.003 0.001 0.078 0.039 0.002 0.002 0.002 0.004 0.004 0.003 0.010 0.006 0.035 

Locus 195 : 228970_13 
2 alleles
3.9% missing data
 120   (0.957) 0.957 0.997 1.000 1.000 0.957 0.981 1.000 0.999 0.999 0.998 0.999 0.999 0.995 0.960 0.999 
 100   (0.043) 0.043 0.003 0.000 0.000 0.043 0.019 0.000 0.001 0.001 0.002 0.001 0.001 0.005 0.040 0.001 

Locus 196 : 229097_27 
2 alleles
5.1% missing data
 130   (0.947) 0.947 0.793 1.000 1.000 0.947 0.976 1.000 0.999 0.999 0.998 0.998 0.999 0.995 0.996 0.999 
 110   (0.053) 0.053 0.207 0.000 0.000 0.053 0.024 0.000 0.001 0.001 0.002 0.002 0.001 0.005 0.004 0.001 

Locus 197 : 229177_29 
2 alleles
7.3% missing data
 130   (0.947) 0.947 0.996 0.999 0.998 0.947 0.972 0.999 0.999 0.999 0.997 0.996 0.811 0.994 0.997 0.998 
 110   (0.053) 0.053 0.004 0.001 0.002 0.053 0.028 0.001 0.001 0.001 0.003 0.004 0.189 0.006 0.003 0.002 

Locus 198 : 229612_7 
2 alleles
6.2% missing data
 100   (0.958) 0.958 0.997 1.000 1.000 0.958 0.980 1.000 0.999 0.999 0.993 0.998 0.999 0.995 0.997 0.999 
 120   (0.042) 0.042 0.003 0.000 0.000 0.042 0.020 0.000 0.001 0.001 0.007 0.002 0.001 0.005 0.003 0.001 

Locus 199 : 229936_67 
2 alleles
3.9% missing data
 120   (0.952) 0.952 0.997 0.995 1.000 0.952 0.965 0.979 0.980 0.992 0.997 0.998 0.996 0.992 0.997 0.999 
 100   (0.048) 0.048 0.003 0.005 0.000 0.048 0.035 0.021 0.020 0.008 0.003 0.002 0.004 0.008 0.003 0.001 

Locus 200 : 232937_62 
2 alleles
2.2% missing data
 100   (0.958) 0.958 0.997 1.000 1.000 0.958 0.979 1.000 0.999 0.999 0.998 0.999 0.994 0.995 0.997 0.999 
 120   (0.042) 0.042 0.003 0.000 0.000 0.042 0.021 0.000 0.001 0.001 0.002 0.001 0.006 0.005 0.003 0.001 

Locus 201 : 233194_6 
2 alleles
2.8% missing data
 120   (0.927) 0.927 0.668 1.000 1.000 0.927 0.967 1.000 0.998 0.999 0.997 0.997 0.999 0.992 0.996 0.966 
 100   (0.073) 0.073 0.332 0.000 0.000 0.073 0.033 0.000 0.002 0.001 0.003 0.003 0.001 0.008 0.004 0.034 

Locus 202 : 234346_33 
2 alleles
4.5% missing data
 110   (0.955) 0.955 0.997 1.000 1.000 0.955 0.979 1.000 0.999 1.000 0.998 0.999 0.999 0.995 0.997 0.818 
 130   (0.045) 0.045 0.003 0.000 0.000 0.045 0.021 0.000 0.001 0.000 0.002 0.001 0.001 0.005 0.003 0.182 

Locus 203 : 235241_77 
2 alleles
2.2% missing data
 130   (0.950) 0.950 0.840 1.000 1.000 0.950 0.979 1.000 0.999 0.999 0.998 0.998 0.999 0.995 0.997 0.999 
 100   (0.050) 0.050 0.160 0.000 0.000 0.050 0.021 0.000 0.001 0.001 0.002 0.002 0.001 0.005 0.003 0.001 

Locus 204 : 236207_44 
2 alleles
6.2% missing data
 120   (0.903) 0.903 0.993 0.999 1.000 0.903 0.958 0.876 0.721 0.999 0.995 0.997 0.998 0.860 0.963 0.998 
 100   (0.097) 0.097 0.007 0.001 0.000 0.097 0.042 0.124 0.279 0.001 0.005 0.003 0.002 0.140 0.037 0.002 

Locus 205 : 236307_12 
2 alleles
1.7% missing data
 130   (0.949) 0.949 0.997 1.000 1.000 0.949 0.975 0.983 0.999 0.607 0.998 0.998 0.999 0.994 0.993 0.999 
 110   (0.051) 0.051 0.003 0.000 0.000 0.051 0.025 0.017 0.001 0.393 0.002 0.002 0.001 0.006 0.007 0.001 

Locus 206 : 236931_45 
2 alleles
6.7% missing data
 120   (0.888) 0.888 0.992 0.999 1.000 0.888 0.948 0.999 0.996 0.998 0.710 0.996 0.998 0.450 0.718 0.997 
 100   (0.112) 0.112 0.008 0.001 0.000 0.112 0.052 0.001 0.004 0.002 0.290 0.004 0.002 0.550 0.282 0.003 

Locus 207 : 236999_38 
2 alleles
2.8% missing data
 120   (0.952) 0.952 0.946 1.000 1.000 0.952 0.979 1.000 0.999 0.999 0.998 0.998 0.999 0.995 0.997 0.999 
 100   (0.048) 0.048 0.054 0.000 0.000 0.048 0.021 0.000 0.001 0.001 0.002 0.002 0.001 0.005 0.003 0.001 

Locus 208 : 240398_42 
2 alleles
3.9% missing data
 110   (0.849) 0.849 0.990 0.999 1.000 0.849 0.925 0.999 0.997 0.629 0.835 0.995 0.997 0.447 0.883 0.996 
 130   (0.151) 0.151 0.010 0.001 0.000 0.151 0.075 0.001 0.003 0.371 0.165 0.005 0.003 0.553 0.117 0.004 

Locus 209 : 240825_22 
2 alleles
6.2% missing data
 130   (0.958) 0.958 0.997 0.995 1.000 0.958 0.979 0.998 0.998 0.999 0.998 0.994 0.998 0.993 0.997 0.999 
 110   (0.042) 0.042 0.003 0.005 0.000 0.042 0.021 0.002 0.002 0.001 0.002 0.006 0.002 0.007 0.003 0.001 

Locus 210 : 244435_48 
2 alleles
1.7% missing data
 110   (0.957) 0.957 0.997 1.000 1.000 0.957 0.981 0.997 0.932 0.999 0.997 0.998 0.999 0.995 0.997 0.999 
 130   (0.043) 0.043 0.003 0.000 0.000 0.043 0.019 0.003 0.068 0.001 0.003 0.002 0.001 0.005 0.003 0.001 

Locus 211 : 245971_21 
2 alleles
5.1% missing data
 130   (0.952) 0.952 0.915 1.000 1.000 0.952 0.978 1.000 0.999 0.999 0.998 0.998 0.999 0.995 0.997 0.999 
 120   (0.048) 0.048 0.085 0.000 0.000 0.048 0.022 0.000 0.001 0.001 0.002 0.002 0.001 0.005 0.003 0.001 

Locus 212 : 246895_22 
2 alleles
3.4% missing data
 120   (0.957) 0.957 0.997 1.000 1.000 0.957 0.976 0.999 0.999 0.997 0.998 0.998 0.999 0.995 0.998 0.999 
 110   (0.043) 0.043 0.003 0.000 0.000 0.043 0.024 0.001 0.001 0.003 0.002 0.002 0.001 0.005 0.002 0.001 

Locus 213 : 248131_26 
2 alleles
7.9% missing data
 130   (0.940) 0.940 0.996 0.999 1.000 0.940 0.971 0.999 0.998 0.999 0.978 0.956 0.998 0.991 0.995 0.998 
 110   (0.060) 0.060 0.004 0.001 0.000 0.060 0.029 0.001 0.002 0.001 0.022 0.044 0.002 0.009 0.005 0.002 

Locus 214 : 250844_49 
2 alleles
7.3% missing data
 130   (0.957) 0.956 0.997 1.000 1.000 0.956 0.980 1.000 0.999 0.999 0.991 0.998 0.999 0.996 0.997 0.999 
 100   (0.043) 0.044 0.003 0.000 0.000 0.044 0.020 0.000 0.001 0.001 0.009 0.002 0.001 0.004 0.003 0.001 

Locus 215 : 251283_19 
2 alleles
5.6% missing data
 120   (0.953) 0.954 0.997 1.000 1.000 0.954 0.980 1.000 0.999 0.999 0.998 0.998 0.999 0.826 0.997 0.999 
 100   (0.047) 0.046 0.003 0.000 0.000 0.046 0.020 0.000 0.001 0.001 0.002 0.002 0.001 0.174 0.003 0.001 

Locus 216 : 251358_15 
2 alleles
8.4% missing data
 110   (0.938) 0.938 0.996 1.000 1.000 0.938 0.972 0.999 0.980 0.999 0.805 0.998 0.999 0.991 0.996 0.998 
 120   (0.062) 0.062 0.004 0.000 0.000 0.062 0.028 0.001 0.020 0.001 0.195 0.002 0.001 0.009 0.004 0.002 

Locus 217 : 251901_42 
2 alleles
2.2% missing data
 120   (0.957) 0.957 0.997 1.000 1.000 0.957 0.980 0.999 0.999 0.999 0.998 0.984 0.999 0.995 0.997 0.999 
 100   (0.043) 0.043 0.003 0.000 0.000 0.043 0.020 0.001 0.001 0.001 0.002 0.016 0.001 0.005 0.003 0.001 

Locus 218 : 252158_43 
2 alleles
0.0% missing data
 120   (0.951) 0.952 0.919 1.000 1.000 0.952 0.980 1.000 0.999 0.999 0.998 0.998 0.999 0.995 0.997 0.999 
 100   (0.049) 0.048 0.081 0.000 0.000 0.048 0.020 0.000 0.001 0.001 0.002 0.002 0.001 0.005 0.003 0.001 

Locus 219 : 252988_16 
2 alleles
7.9% missing data
 110   (0.955) 0.955 0.997 0.999 1.000 0.955 0.979 1.000 0.999 0.999 0.998 0.731 0.999 0.995 0.997 0.999 
 100   (0.045) 0.045 0.003 0.001 0.000 0.045 0.021 0.000 0.001 0.001 0.002 0.269 0.001 0.005 0.003 0.001 

Locus 220 : 254425_88 
2 alleles
5.6% missing data
 130   (0.924) 0.924 0.776 1.000 1.000 0.924 0.964 0.999 0.998 0.999 0.997 0.997 0.998 0.992 0.996 0.884 
 110   (0.076) 0.076 0.224 0.000 0.000 0.076 0.036 0.001 0.002 0.001 0.003 0.003 0.002 0.008 0.004 0.116 

Locus 221 : 256337_57 
2 alleles
5.6% missing data
 110   (0.958) 0.958 0.997 1.000 1.000 0.958 0.979 1.000 0.999 0.999 0.998 0.999 0.999 0.931 0.997 0.999 
 130   (0.042) 0.042 0.003 0.000 0.000 0.042 0.021 0.000 0.001 0.001 0.002 0.001 0.001 0.069 0.003 0.001 

Locus 222 : 259058_15 
2 alleles
1.7% missing data
 120   (0.957) 0.957 0.997 1.000 1.000 0.957 0.982 1.000 0.999 0.999 0.998 0.999 0.999 0.996 0.998 0.874 
 100   (0.043) 0.043 0.003 0.000 0.000 0.043 0.018 0.000 0.001 0.001 0.002 0.001 0.001 0.004 0.002 0.126 

Locus 223 : 259869_81 
2 alleles
0.6% missing data
 120   (0.956) 0.956 0.997 1.000 1.000 0.956 0.980 1.000 0.999 0.999 0.998 0.999 0.999 0.995 0.997 0.941 
 130   (0.044) 0.044 0.003 0.000 0.000 0.044 0.020 0.000 0.001 0.001 0.002 0.001 0.001 0.005 0.003 0.059 

Locus 224 : 260700_55 
2 alleles
2.2% missing data
 130   (0.956) 0.956 0.997 1.000 1.000 0.956 0.981 1.000 0.999 0.999 0.998 0.996 0.979 0.994 0.997 0.999 
 110   (0.044) 0.044 0.003 0.000 0.000 0.044 0.019 0.000 0.001 0.001 0.002 0.004 0.021 0.006 0.003 0.001 

Locus 225 : 262223_11 
2 alleles
4.5% missing data
 130   (0.957) 0.957 0.997 1.000 1.000 0.957 0.981 1.000 0.999 0.999 0.998 0.999 0.870 0.996 0.997 0.999 
 100   (0.043) 0.043 0.003 0.000 0.000 0.043 0.019 0.000 0.001 0.001 0.002 0.001 0.130 0.004 0.003 0.001 

Locus 226 : 262346_48 
2 alleles
3.4% missing data
 130   (0.952) 0.952 0.997 1.000 1.000 0.952 0.980 1.000 0.999 0.999 0.998 0.998 0.999 0.398 0.997 0.999 
 110   (0.048) 0.048 0.003 0.000 0.000 0.048 0.020 0.000 0.001 0.001 0.002 0.002 0.001 0.602 0.003 0.001 

Locus 227 : 262620_18 
2 alleles
3.9% missing data
 110   (0.943) 0.943 0.996 0.995 1.000 0.943 0.965 0.991 0.994 0.988 0.997 0.997 0.997 0.992 0.995 0.998 
 130   (0.057) 0.057 0.004 0.005 0.000 0.057 0.035 0.009 0.006 0.012 0.003 0.003 0.003 0.008 0.005 0.002 

Locus 228 : 263002_42 
2 alleles
3.4% missing data
 120   (0.950) 0.950 0.997 1.000 1.000 0.950 0.979 1.000 0.999 0.999 0.859 0.998 0.999 0.994 0.997 0.999 
 100   (0.050) 0.050 0.003 0.000 0.000 0.050 0.021 0.000 0.001 0.001 0.141 0.002 0.001 0.006 0.003 0.001 

Locus 229 : 263813_70 
2 alleles
10.1% missing data
 130   (0.955) 0.956 0.997 1.000 1.000 0.956 0.979 1.000 0.999 0.999 0.998 0.998 0.999 0.995 0.997 0.937 
 110   (0.045) 0.044 0.003 0.000 0.000 0.044 0.021 0.000 0.001 0.001 0.002 0.002 0.001 0.005 0.003 0.063 

Locus 230 : 264184_13 
2 alleles
10.1% missing data
 110   (0.909) 0.909 0.993 0.999 1.000 0.909 0.959 0.997 0.886 0.999 0.995 0.844 0.998 0.941 0.994 0.998 
 130   (0.091) 0.091 0.007 0.001 0.000 0.091 0.041 0.003 0.114 0.001 0.005 0.156 0.002 0.059 0.006 0.002 

Values of parameters used in structure:
DATAFILE=C:\Users\jmahg\OneDrive\Desktop\Transfers\TrkNbr-1524n1282n1083_AllPops_Structure_p18_r080_LDnHWEx\project_data,	OUTFILE=C:\Users\jmahg\OneDrive\Desktop\Transfers\TrkNbr-1524n1282n1083_AllPops_Structure_p18_r080_LDnHWEx\BI50000_MCMC100000\Results\BI50000_MCMC100000_run_149,	NUMINDS=178,	NUMLOCI=230,	MISSING=0,	LABEL=1,	POPDATA=1,	POPFLAG=0,	PHENOTYPE=0,	EXTRACOLS=0,	MAXPOPS=15,	BURNIN=50000,	NUMREPS=100000,	USEPOPINFO=0,	INFERALPHA=1,	INFERLAMBDA=0,	POPSPECIFICLAMBDA=0,	POPALPHAS=0,	COMPUTEPROB=1,	NOADMIX=0,	ADMBURNIN=2500,	UPDATEFREQ=1,	PRINTLIKES=0,	INTERMEDSAVE=0,	PRINTKLD=0,	PRINTNET=0,	PRINTLAMBDA=0,	ANCESTDIST=0,	NUMBOXES=1000,	ANCESTPINT=0.90000,	GENSBACK=2,	MIGRPRIOR=0.05000,	PRINTQHAT=0,	PRINTQSUM=0,	ALPHA=1.0000,	FREQSCORR=1,	FPRIORMEAN=0.0100,	FPRIORSD=0.0500,	ONEFST=0,	LAMBDA=1.0000,	UNIFPRIORALPHA=1,	ALPHAMAX=10.0000,	ALPHAPRIORA=1.0000,	ALPHAPRIORB=2.0000,	ALPHAPROPSD=0.0250,	STARTATPOPINFO=0,	RANDOMIZE=1,	LINKAGE=0,	METROFREQ=10,	REPORTHITRATE=0,	MARKOVPHASE=-1,	PHASED=0,	PLOIDY=2,	PHASEINFO=0	LOCPRIOR=0, 	LOCPRIORINIT=1.000000, 	LOCDATA=0, 	LOCISPOP=0, 	LOCPRIORSTEP=0.100000, 	MAXLOCPRIOR=20.000000, 	SEED=1603012973,	
[STRAT parameters]:    NUMSIMSTATS=1000,	PHENOTYPECOL=-9,	POOLFREQ=10,	LOCUSxONLY=0,	EMERROR=0.00100,	MISSINGPHENO=-9,	