

----------------------------------------------------
STRUCTURE by Pritchard, Stephens and Donnelly (2000)
     and Falush, Stephens and Pritchard (2003)
       Code by Pritchard, Falush and Hubisz
             Version 2.3.4 (Jul 2012)
----------------------------------------------------



Command line arguments:   bin\structure -m C:\Users\jmahg\OneDrive\Desktop\Transfers\TrkNbr-1524n1282n1083_AllPops_Structure_p18_r080_LDnHWEx\BI50000_MCMC100000\mainparams -e C:\Users\jmahg\OneDrive\Desktop\Transfers\TrkNbr-1524n1282n1083_AllPops_Structure_p18_r080_LDnHWEx\BI50000_MCMC100000\extraparams 
Input File:    C:\Users\jmahg\OneDrive\Desktop\Transfers\TrkNbr-1524n1282n1083_AllPops_Structure_p18_r080_LDnHWEx\project_data

Run parameters:
   178 individuals
   230 loci
   14 populations assumed
   50000 Burn-in period
   100000 Reps


--------------------------------------------
Proportion of membership of each pre-defined
 population in each of the 14 clusters

Given    Inferred Clusters                                                                                    Number of
 Pop       1      2      3      4      5      6      7      8      9     10     11     12     13     14      Individuals

  1:     0.016  0.021  0.013  0.025  0.008  0.007  0.027  0.012  0.035  0.002  0.785  0.010  0.035  0.005       10
  2:     0.005  0.007  0.516  0.071  0.034  0.007  0.064  0.036  0.111  0.002  0.037  0.015  0.081  0.014        8
  3:     0.006  0.009  0.013  0.116  0.021  0.007  0.115  0.015  0.033  0.002  0.014  0.520  0.125  0.003       10
  4:     0.020  0.021  0.096  0.112  0.420  0.010  0.110  0.007  0.047  0.002  0.025  0.027  0.096  0.008       10
  5:     0.004  0.005  0.007  0.015  0.005  0.011  0.015  0.003  0.009  0.891  0.008  0.009  0.014  0.003       10
  6:     0.005  0.009  0.016  0.172  0.009  0.011  0.172  0.003  0.043  0.002  0.021  0.382  0.150  0.004       10
  7:     0.005  0.005  0.012  0.041  0.012  0.007  0.040  0.003  0.147  0.002  0.605  0.015  0.104  0.003       10
  8:     0.053  0.083  0.268  0.053  0.054  0.010  0.061  0.049  0.135  0.002  0.076  0.037  0.099  0.019       10
  9:     0.005  0.006  0.017  0.207  0.008  0.011  0.209  0.002  0.193  0.002  0.059  0.023  0.255  0.003       10
 10:     0.006  0.007  0.017  0.314  0.009  0.012  0.350  0.004  0.044  0.003  0.017  0.031  0.184  0.004       10
 11:     0.010  0.580  0.049  0.076  0.012  0.008  0.084  0.033  0.036  0.002  0.021  0.014  0.068  0.008       10
 12:     0.089  0.595  0.057  0.060  0.014  0.011  0.056  0.005  0.022  0.003  0.019  0.017  0.047  0.005       10
 13:     0.838  0.009  0.010  0.024  0.009  0.006  0.023  0.008  0.014  0.002  0.014  0.012  0.022  0.008       10
 14:     0.005  0.006  0.010  0.057  0.007  0.743  0.054  0.004  0.019  0.009  0.011  0.018  0.054  0.003       10
 15:     0.005  0.005  0.009  0.045  0.007  0.771  0.042  0.004  0.015  0.007  0.012  0.039  0.035  0.003       10
 16:     0.008  0.011  0.035  0.057  0.494  0.009  0.056  0.029  0.137  0.002  0.031  0.043  0.072  0.014       10
 17:     0.020  0.072  0.058  0.065  0.028  0.008  0.064  0.008  0.049  0.002  0.032  0.018  0.051  0.525       10
 18:     0.005  0.005  0.008  0.028  0.006  0.010  0.028  0.004  0.013  0.841  0.010  0.014  0.025  0.003       10
--------------------------------------------

Allele-freq. divergence among pops (Net nucleotide distance),
computed using point estimates of P.

      1       2       3       4       5       6       7       8       9      10      11      12      13      14      
 1      -    0.0046  0.0076  0.0048  0.0081  0.0064  0.0049  0.0046  0.0046  0.0116  0.0066  0.0058  0.0048  0.0105  
 2   0.0046     -    0.0049  0.0028  0.0056  0.0043  0.0028  0.0030  0.0026  0.0096  0.0042  0.0037  0.0028  0.0081  
 3   0.0076  0.0049     -    0.0035  0.0069  0.0052  0.0036  0.0048  0.0034  0.0106  0.0053  0.0046  0.0035  0.0068  
 4   0.0048  0.0028  0.0035     -    0.0038  0.0017  0.0000  0.0034  0.0009  0.0073  0.0023  0.0011  0.0001  0.0088  
 5   0.0081  0.0056  0.0069  0.0038     -    0.0054  0.0038  0.0048  0.0037  0.0107  0.0057  0.0044  0.0037  0.0115  
 6   0.0064  0.0043  0.0052  0.0017  0.0054     -    0.0017  0.0037  0.0023  0.0068  0.0040  0.0028  0.0018  0.0103  
 7   0.0049  0.0028  0.0036  0.0000  0.0038  0.0017     -    0.0034  0.0009  0.0073  0.0023  0.0011  0.0001  0.0089  
 8   0.0046  0.0030  0.0048  0.0034  0.0048  0.0037  0.0034     -    0.0019  0.0062  0.0040  0.0036  0.0032  0.0073  
 9   0.0046  0.0026  0.0034  0.0009  0.0037  0.0023  0.0009  0.0019     -    0.0071  0.0013  0.0017  0.0006  0.0081  
10   0.0116  0.0096  0.0106  0.0073  0.0107  0.0068  0.0073  0.0062  0.0071     -    0.0094  0.0078  0.0073  0.0153  
11   0.0066  0.0042  0.0053  0.0023  0.0057  0.0040  0.0023  0.0040  0.0013  0.0094     -    0.0033  0.0019  0.0101  
12   0.0058  0.0037  0.0046  0.0011  0.0044  0.0028  0.0011  0.0036  0.0017  0.0078  0.0033     -    0.0011  0.0097  
13   0.0048  0.0028  0.0035  0.0001  0.0037  0.0018  0.0001  0.0032  0.0006  0.0073  0.0019  0.0011     -    0.0088  
14   0.0105  0.0081  0.0068  0.0088  0.0115  0.0103  0.0089  0.0073  0.0081  0.0153  0.0101  0.0097  0.0088     -    

Average distances (expected heterozygosity) between individuals in same cluster:
cluster  1  : 0.0393 
cluster  2  : 0.0332 
cluster  3  : 0.0143 
cluster  4  : 0.0014 
cluster  5  : 0.0249 
cluster  6  : 0.0233 
cluster  7  : 0.0013 
cluster  8  : 0.1032 
cluster  9  : 0.0324 
cluster 10  : 0.0667 
cluster 11  : 0.0143 
cluster 12  : 0.0144 
cluster 13  : 0.0028 
cluster 14  : 0.0458 

--------------------------------------------
Estimated Ln Prob of Data   = -3703.0
Mean value of ln likelihood = -3249.9
Variance of ln likelihood   = 906.2
Mean value of alpha         = 0.0360

Mean value of Fst_1         = 0.4446
Mean value of Fst_2         = 0.4545
Mean value of Fst_3         = 0.7603
Mean value of Fst_4         = 0.9445
Mean value of Fst_5         = 0.5579
Mean value of Fst_6         = 0.5674
Mean value of Fst_7         = 0.9560
Mean value of Fst_8         = 0.0250
Mean value of Fst_9         = 0.6486
Mean value of Fst_10         = 0.2912
Mean value of Fst_11         = 0.7024
Mean value of Fst_12         = 0.7092
Mean value of Fst_13         = 0.9218
Mean value of Fst_14         = 0.4334


Inferred ancestry of individuals:
        Label (%Miss) Pop:  Inferred clusters
  1 TGCP_WM1    (0)    1 :  0.006 0.012 0.010 0.026 0.008 0.011 0.023 0.009 0.029 0.002 0.814 0.014 0.030 0.005 
  2 TGCP_WM10    (1)    1 :  0.005 0.012 0.025 0.056 0.006 0.010 0.072 0.002 0.093 0.002 0.599 0.018 0.096 0.005 
  3 TGCP_WM2    (0)    1 :  0.008 0.005 0.007 0.021 0.010 0.007 0.030 0.054 0.037 0.003 0.750 0.011 0.049 0.005 
  4 TGCP_WM3    (1)    1 :  0.005 0.008 0.008 0.021 0.004 0.007 0.015 0.002 0.015 0.002 0.873 0.010 0.026 0.003 
  5 TGCP_WM4    (0)    1 :  0.005 0.091 0.007 0.016 0.011 0.007 0.020 0.006 0.015 0.003 0.776 0.010 0.027 0.004 
  6 TGCP_WM5    (0)    1 :  0.023 0.016 0.037 0.021 0.006 0.005 0.015 0.029 0.068 0.002 0.717 0.010 0.044 0.007 
  7 TGCP_WM6    (0)    1 :  0.019 0.021 0.006 0.016 0.009 0.007 0.013 0.003 0.012 0.002 0.867 0.007 0.015 0.003 
  8 TGCP_WM7    (0)    1 :  0.030 0.006 0.018 0.056 0.015 0.007 0.066 0.005 0.055 0.002 0.683 0.011 0.039 0.008 
  9 TGCP_WM8    (0)    1 :  0.054 0.035 0.011 0.011 0.006 0.006 0.013 0.004 0.014 0.002 0.824 0.005 0.011 0.003 
 10 TGCP_WM9    (0)    1 :  0.003 0.005 0.003 0.008 0.004 0.003 0.007 0.003 0.007 0.002 0.940 0.003 0.008 0.003 
 11 MRLP_WM123    (3)    2 :  0.009 0.011 0.641 0.018 0.021 0.006 0.022 0.157 0.069 0.002 0.013 0.012 0.013 0.005 
 12 MRLP_WM124    (4)    2 :  0.005 0.006 0.773 0.055 0.006 0.008 0.044 0.002 0.017 0.002 0.011 0.015 0.053 0.004 
 13 MRLP_WM125    (1)    2 :  0.006 0.012 0.619 0.015 0.006 0.007 0.022 0.115 0.043 0.002 0.044 0.009 0.037 0.063 
 14 MRLP_WM126    (2)    2 :  0.004 0.005 0.016 0.349 0.006 0.009 0.309 0.001 0.056 0.002 0.016 0.025 0.199 0.003 
 15 MRLP_WM127    (3)    2 :  0.006 0.008 0.015 0.077 0.009 0.008 0.062 0.007 0.438 0.002 0.089 0.014 0.242 0.023 
 16 MRLP_WM128    (3)    2 :  0.004 0.004 0.916 0.013 0.004 0.006 0.011 0.002 0.007 0.002 0.006 0.007 0.014 0.006 
 17 MRLP_WM129    (7)    2 :  0.004 0.007 0.515 0.015 0.214 0.006 0.014 0.004 0.124 0.002 0.033 0.029 0.028 0.005 
 18 MRLP_WM130    (5)    2 :  0.005 0.004 0.635 0.025 0.006 0.006 0.026 0.002 0.131 0.002 0.086 0.011 0.061 0.002 
 19 STT_WM183    (2)    3 :  0.008 0.034 0.008 0.040 0.008 0.006 0.037 0.117 0.019 0.003 0.015 0.668 0.033 0.004 
 20 STT_WM184    (3)    3 :  0.009 0.008 0.012 0.040 0.057 0.006 0.037 0.008 0.019 0.003 0.009 0.627 0.163 0.004 
 21 STT_WM185   (15)    3 :  0.004 0.006 0.029 0.277 0.009 0.011 0.259 0.002 0.102 0.002 0.028 0.041 0.228 0.003 
 22 STT_WM186   (13)    3 :  0.006 0.008 0.023 0.305 0.009 0.011 0.290 0.002 0.059 0.002 0.021 0.036 0.224 0.004 
 23 STT_WM187   (13)    3 :  0.009 0.005 0.009 0.028 0.006 0.007 0.034 0.002 0.015 0.003 0.010 0.846 0.024 0.003 
 24 STT_WM188    (3)    3 :  0.003 0.004 0.007 0.010 0.005 0.004 0.013 0.002 0.008 0.002 0.006 0.923 0.011 0.002 
 25 STT_WM189    (0)    3 :  0.004 0.005 0.013 0.296 0.005 0.008 0.341 0.001 0.059 0.002 0.017 0.016 0.230 0.003 
 26 STT_WM190   (11)    3 :  0.004 0.004 0.007 0.011 0.005 0.004 0.013 0.002 0.011 0.002 0.008 0.891 0.036 0.002 
 27 STT_WM191    (7)    3 :  0.006 0.008 0.014 0.138 0.010 0.012 0.116 0.003 0.034 0.002 0.016 0.426 0.213 0.003 
 28 STT_WM192   (12)    3 :  0.006 0.006 0.006 0.016 0.099 0.005 0.013 0.010 0.008 0.003 0.007 0.726 0.092 0.003 
 29 FSSP_WM241    (3)    4 :  0.035 0.019 0.161 0.146 0.130 0.012 0.156 0.010 0.080 0.002 0.058 0.039 0.140 0.012 
 30 FSSP_WM242   (15)    4 :  0.005 0.008 0.012 0.258 0.009 0.012 0.328 0.002 0.063 0.002 0.019 0.034 0.246 0.003 
 31 FSSP_WM243    (6)    4 :  0.005 0.005 0.008 0.011 0.905 0.005 0.015 0.010 0.012 0.003 0.006 0.006 0.007 0.003 
 32 FSSP_WM244    (5)    4 :  0.094 0.031 0.325 0.105 0.031 0.009 0.106 0.009 0.085 0.002 0.076 0.025 0.080 0.023 
 33 FSSP_WM245   (10)    4 :  0.005 0.009 0.013 0.215 0.266 0.011 0.183 0.003 0.053 0.002 0.018 0.043 0.173 0.004 
 34 FSSP_WM246    (6)    4 :  0.009 0.011 0.092 0.233 0.060 0.017 0.207 0.006 0.086 0.003 0.025 0.064 0.183 0.005 
 35 FSSP_WM247    (3)    4 :  0.019 0.014 0.014 0.021 0.837 0.006 0.020 0.007 0.016 0.002 0.016 0.008 0.014 0.006 
 36 FSSP_WM248    (9)    4 :  0.011 0.021 0.011 0.018 0.872 0.007 0.011 0.003 0.007 0.002 0.008 0.007 0.017 0.004 
 37 FSSP_WM249    (6)    4 :  0.005 0.036 0.014 0.044 0.748 0.011 0.041 0.003 0.015 0.003 0.013 0.023 0.042 0.004 
 38 FSSP_WM250    (2)    4 :  0.007 0.054 0.307 0.069 0.340 0.007 0.031 0.021 0.050 0.002 0.014 0.024 0.057 0.017 
 39 HNL_WM301    (3)    5 :  0.004 0.005 0.007 0.012 0.005 0.010 0.014 0.002 0.010 0.904 0.007 0.007 0.010 0.003 
 40 HNL_WM302    (2)    5 :  0.003 0.003 0.004 0.006 0.003 0.004 0.006 0.002 0.006 0.946 0.004 0.005 0.007 0.002 
 41 HNL_WM303    (2)    5 :  0.005 0.005 0.009 0.016 0.005 0.009 0.014 0.002 0.008 0.887 0.008 0.015 0.013 0.003 
 42 HNL_WM304    (3)    5 :  0.006 0.005 0.010 0.037 0.006 0.018 0.023 0.003 0.018 0.822 0.014 0.011 0.025 0.003 
 43 HNL_WM305    (3)    5 :  0.004 0.004 0.006 0.011 0.004 0.008 0.009 0.004 0.006 0.923 0.007 0.006 0.007 0.003 
 44 HNL_WM306    (0)    5 :  0.003 0.003 0.005 0.009 0.004 0.008 0.007 0.003 0.005 0.929 0.006 0.006 0.008 0.003 
 45 HNL_WM307    (3)    5 :  0.004 0.005 0.006 0.010 0.005 0.006 0.015 0.002 0.007 0.913 0.006 0.007 0.011 0.003 
 46 HNL_WM308    (3)    5 :  0.005 0.004 0.006 0.015 0.005 0.017 0.017 0.003 0.010 0.885 0.008 0.008 0.016 0.003 
 47 HNL_WM309    (0)    5 :  0.005 0.008 0.010 0.018 0.010 0.015 0.021 0.010 0.014 0.833 0.010 0.013 0.030 0.003 
 48 HNL_WM310   (10)    5 :  0.006 0.005 0.008 0.020 0.006 0.011 0.020 0.002 0.011 0.871 0.008 0.011 0.018 0.003 
 49 MPO_WM482    (2)    6 :  0.005 0.003 0.006 0.026 0.004 0.006 0.021 0.002 0.007 0.003 0.009 0.872 0.034 0.002 
 50 MPO_WM483    (3)    6 :  0.006 0.007 0.014 0.170 0.008 0.014 0.210 0.004 0.077 0.002 0.018 0.312 0.153 0.004 
 51 MPO_WM484    (1)    6 :  0.004 0.007 0.013 0.128 0.009 0.012 0.121 0.002 0.026 0.002 0.015 0.541 0.117 0.003 
 52 MPO_WM485    (0)    6 :  0.005 0.006 0.006 0.028 0.012 0.012 0.035 0.005 0.075 0.002 0.010 0.750 0.050 0.004 
 53 MPO_WM486   (21)    6 :  0.007 0.008 0.023 0.284 0.014 0.011 0.287 0.002 0.052 0.002 0.033 0.035 0.237 0.004 
 54 MPO_WM487   (19)    6 :  0.007 0.009 0.022 0.143 0.011 0.015 0.122 0.003 0.025 0.003 0.020 0.416 0.199 0.004 
 55 MPO_WM488    (9)    6 :  0.004 0.005 0.013 0.311 0.007 0.009 0.302 0.002 0.049 0.002 0.017 0.043 0.233 0.003 
 56 MPO_WM489    (3)    6 :  0.004 0.030 0.018 0.025 0.006 0.007 0.025 0.003 0.011 0.002 0.057 0.773 0.032 0.006 
 57 MPO_WM490   (24)    6 :  0.007 0.008 0.023 0.272 0.006 0.015 0.293 0.002 0.058 0.002 0.018 0.057 0.233 0.005 
 58 MPO_WM491   (11)    6 :  0.005 0.006 0.026 0.329 0.008 0.012 0.302 0.002 0.053 0.002 0.016 0.022 0.214 0.003 
 59 OICP_WM541    (1)    7 :  0.005 0.004 0.009 0.028 0.007 0.004 0.022 0.002 0.025 0.002 0.848 0.008 0.033 0.002 
 60 OICP_WM542    (2)    7 :  0.004 0.004 0.011 0.022 0.006 0.005 0.035 0.002 0.028 0.002 0.836 0.012 0.029 0.003 
 61 OICP_WM543    (0)    7 :  0.004 0.003 0.008 0.030 0.007 0.006 0.039 0.002 0.027 0.002 0.819 0.010 0.039 0.002 
 62 OICP_WM544    (1)    7 :  0.006 0.008 0.021 0.018 0.068 0.007 0.014 0.019 0.518 0.002 0.073 0.032 0.207 0.006 
 63 OICP_WM545    (0)    7 :  0.006 0.006 0.015 0.049 0.007 0.009 0.058 0.002 0.055 0.002 0.695 0.021 0.071 0.003 
 64 OICP_WM546    (3)    7 :  0.004 0.005 0.015 0.097 0.006 0.006 0.069 0.002 0.366 0.002 0.117 0.017 0.291 0.003 
 65 OICP_WM547    (2)    7 :  0.005 0.005 0.016 0.084 0.006 0.010 0.072 0.002 0.394 0.002 0.101 0.015 0.285 0.003 
 66 OICP_WM548    (3)    7 :  0.004 0.004 0.006 0.024 0.005 0.009 0.028 0.001 0.022 0.002 0.851 0.011 0.029 0.003 
 67 OICP_WM549    (0)    7 :  0.004 0.003 0.005 0.021 0.005 0.006 0.019 0.002 0.012 0.002 0.894 0.007 0.018 0.003 
 68 OICP_WM550    (1)    7 :  0.004 0.005 0.010 0.034 0.006 0.007 0.038 0.002 0.021 0.002 0.817 0.012 0.038 0.003 
 69 IRO_WM601    (2)    8 :  0.060 0.146 0.046 0.024 0.041 0.008 0.038 0.010 0.131 0.003 0.370 0.020 0.098 0.006 
 70 IRO_WM602    (1)    8 :  0.007 0.010 0.080 0.049 0.010 0.012 0.077 0.009 0.376 0.002 0.100 0.021 0.241 0.005 
 71 IRO_WM603    (2)    8 :  0.300 0.341 0.024 0.025 0.044 0.007 0.049 0.043 0.074 0.003 0.025 0.020 0.041 0.004 
 72 IRO_WM604    (0)    8 :  0.013 0.014 0.651 0.030 0.007 0.005 0.019 0.171 0.046 0.002 0.013 0.009 0.007 0.013 
 73 IRO_WM605    (3)    8 :  0.003 0.067 0.710 0.021 0.005 0.005 0.024 0.002 0.014 0.002 0.099 0.013 0.015 0.020 
 74 IRO_WM606    (3)    8 :  0.007 0.009 0.626 0.080 0.013 0.009 0.059 0.004 0.043 0.003 0.016 0.037 0.057 0.036 
 75 IRO_WM607    (2)    8 :  0.008 0.089 0.263 0.078 0.124 0.013 0.062 0.014 0.132 0.002 0.031 0.022 0.144 0.016 
 76 IRO_WM608    (0)    8 :  0.033 0.103 0.042 0.027 0.059 0.008 0.036 0.114 0.355 0.002 0.068 0.025 0.114 0.013 
 77 IRO_WM609    (0)    8 :  0.035 0.042 0.174 0.113 0.009 0.015 0.144 0.111 0.144 0.003 0.014 0.025 0.153 0.017 
 78 IRO_WM610   (13)    8 :  0.067 0.010 0.059 0.079 0.226 0.021 0.103 0.012 0.031 0.003 0.021 0.182 0.123 0.063 
 79 HGRF_WM661    (5)    9 :  0.005 0.005 0.016 0.076 0.006 0.006 0.087 0.002 0.381 0.002 0.100 0.019 0.292 0.003 
 80 HGRF_WM662    (5)    9 :  0.005 0.006 0.011 0.332 0.007 0.012 0.288 0.002 0.062 0.002 0.012 0.028 0.231 0.002 
 81 HGRF_WM663    (4)    9 :  0.005 0.006 0.019 0.083 0.007 0.007 0.085 0.002 0.376 0.002 0.106 0.012 0.288 0.003 
 82 HGRF_WM664    (3)    9 :  0.004 0.006 0.013 0.266 0.009 0.011 0.278 0.001 0.109 0.002 0.024 0.022 0.252 0.003 
 83 HGRF_WM665    (1)    9 :  0.008 0.009 0.030 0.067 0.015 0.014 0.070 0.008 0.364 0.003 0.152 0.029 0.227 0.004 
 84 HGRF_WM666    (5)    9 :  0.005 0.004 0.014 0.305 0.005 0.014 0.291 0.002 0.064 0.002 0.018 0.027 0.245 0.003 
 85 HGRF_WM667    (0)    9 :  0.004 0.005 0.014 0.297 0.005 0.010 0.290 0.002 0.056 0.002 0.016 0.027 0.269 0.003 
 86 HGRF_WM668    (4)    9 :  0.004 0.006 0.021 0.098 0.006 0.008 0.085 0.002 0.363 0.002 0.115 0.019 0.268 0.003 
 87 HGRF_WM669    (5)    9 :  0.005 0.004 0.012 0.299 0.007 0.010 0.343 0.002 0.052 0.002 0.012 0.028 0.221 0.002 
 88 HGRF_WM670    (9)    9 :  0.005 0.008 0.016 0.251 0.007 0.013 0.273 0.002 0.106 0.002 0.036 0.024 0.253 0.003 
 89 PTP_WM721    (2)   10 :  0.010 0.010 0.023 0.286 0.015 0.021 0.197 0.012 0.061 0.004 0.022 0.063 0.267 0.009 
 90 PTP_WM722    (2)   10 :  0.007 0.008 0.011 0.355 0.009 0.008 0.477 0.010 0.012 0.003 0.010 0.022 0.062 0.005 
 91 PTP_WM723   (25)   10 :  0.005 0.007 0.027 0.303 0.006 0.013 0.301 0.002 0.048 0.003 0.030 0.036 0.214 0.004 
 92 PTP_WM724   (13)   10 :  0.005 0.008 0.015 0.305 0.007 0.015 0.289 0.002 0.064 0.002 0.017 0.039 0.230 0.003 
 93 PTP_WM725   (25)   10 :  0.007 0.008 0.013 0.289 0.014 0.019 0.288 0.002 0.057 0.003 0.019 0.037 0.240 0.004 
 94 PTP_WM726   (13)   10 :  0.005 0.008 0.020 0.301 0.009 0.008 0.293 0.002 0.055 0.002 0.021 0.035 0.238 0.003 
 95 PTP_WM727   (10)   10 :  0.005 0.006 0.033 0.314 0.007 0.009 0.319 0.002 0.053 0.002 0.012 0.029 0.206 0.003 
 96 PTP_WM728    (8)   10 :  0.005 0.005 0.016 0.295 0.008 0.009 0.315 0.002 0.065 0.002 0.017 0.021 0.237 0.003 
 97 PTP_WM729    (9)   10 :  0.004 0.005 0.007 0.335 0.005 0.008 0.504 0.002 0.015 0.002 0.013 0.014 0.083 0.002 
 98 PTP_WM730    (8)   10 :  0.003 0.003 0.005 0.360 0.008 0.005 0.516 0.002 0.009 0.002 0.005 0.014 0.065 0.002 
 99 RRL_WM782    (9)   11 :  0.006 0.006 0.015 0.302 0.007 0.010 0.326 0.002 0.063 0.003 0.019 0.030 0.209 0.003 
100 RRL_WM783    (8)   11 :  0.015 0.854 0.008 0.019 0.010 0.007 0.016 0.003 0.015 0.002 0.018 0.014 0.014 0.004 
101 RRL_WM784    (1)   11 :  0.011 0.779 0.023 0.034 0.006 0.010 0.042 0.004 0.019 0.002 0.012 0.013 0.036 0.010 
102 RRL_WM785    (1)   11 :  0.005 0.005 0.015 0.272 0.008 0.011 0.322 0.002 0.063 0.002 0.017 0.024 0.252 0.002 
103 RRL_WM786    (2)   11 :  0.005 0.736 0.161 0.009 0.013 0.005 0.012 0.003 0.012 0.002 0.005 0.006 0.010 0.021 
104 RRL_WM787    (3)   11 :  0.010 0.658 0.027 0.019 0.012 0.005 0.017 0.010 0.091 0.002 0.091 0.008 0.042 0.008 
105 RRL_WM788    (0)   11 :  0.012 0.754 0.006 0.007 0.015 0.003 0.007 0.141 0.033 0.002 0.004 0.005 0.007 0.004 
106 RRL_WM789    (2)   11 :  0.015 0.911 0.012 0.008 0.005 0.005 0.008 0.002 0.005 0.002 0.007 0.006 0.007 0.006 
107 RRL_WM790    (0)   11 :  0.013 0.446 0.199 0.029 0.008 0.010 0.038 0.155 0.035 0.002 0.009 0.010 0.032 0.014 
108 RRL_WM791    (0)   11 :  0.006 0.646 0.019 0.060 0.039 0.009 0.050 0.010 0.028 0.002 0.030 0.022 0.074 0.004 
109 RRO_WM842    (0)   12 :  0.010 0.773 0.069 0.021 0.014 0.008 0.030 0.003 0.014 0.002 0.013 0.013 0.023 0.008 
110 RRO_WM843    (7)   12 :  0.338 0.496 0.026 0.022 0.006 0.012 0.021 0.011 0.023 0.002 0.012 0.008 0.014 0.006 
111 RRO_WM844    (2)   12 :  0.345 0.036 0.274 0.095 0.006 0.013 0.070 0.004 0.049 0.002 0.013 0.018 0.069 0.006 
112 RRO_WM845    (4)   12 :  0.034 0.880 0.006 0.013 0.004 0.007 0.016 0.002 0.005 0.002 0.006 0.007 0.013 0.003 
113 RRO_WM846   (10)   12 :  0.019 0.710 0.009 0.057 0.012 0.010 0.056 0.003 0.020 0.002 0.015 0.025 0.055 0.005 
114 RRO_WM847    (6)   12 :  0.063 0.624 0.113 0.034 0.009 0.008 0.034 0.003 0.029 0.002 0.015 0.010 0.045 0.010 
115 RRO_WM848    (4)   12 :  0.024 0.398 0.022 0.133 0.072 0.016 0.126 0.011 0.026 0.003 0.030 0.034 0.101 0.004 
116 RRO_WM849    (5)   12 :  0.014 0.734 0.010 0.052 0.006 0.009 0.037 0.003 0.015 0.003 0.067 0.013 0.035 0.003 
117 RRO_WM850    (2)   12 :  0.005 0.806 0.016 0.037 0.006 0.012 0.035 0.003 0.013 0.003 0.012 0.016 0.032 0.003 
118 RRO_WM851    (1)   12 :  0.039 0.490 0.023 0.134 0.006 0.011 0.135 0.003 0.031 0.003 0.012 0.024 0.086 0.003 
119 CPS_WM901    (2)   13 :  0.878 0.018 0.014 0.014 0.005 0.005 0.015 0.002 0.010 0.002 0.008 0.009 0.015 0.005 
120 CPS_WM902    (2)   13 :  0.857 0.008 0.007 0.010 0.004 0.005 0.008 0.003 0.007 0.002 0.055 0.007 0.011 0.016 
121 CPS_WM903    (5)   13 :  0.916 0.012 0.010 0.007 0.004 0.003 0.009 0.002 0.005 0.002 0.005 0.005 0.011 0.008 
122 CPS_WM904    (1)   13 :  0.859 0.009 0.008 0.016 0.008 0.005 0.013 0.020 0.010 0.003 0.008 0.010 0.012 0.019 
123 CPS_WM905    (2)   13 :  0.850 0.006 0.004 0.006 0.034 0.004 0.010 0.031 0.020 0.002 0.005 0.014 0.009 0.005 
124 CPS_WM906    (3)   13 :  0.878 0.006 0.010 0.017 0.006 0.007 0.020 0.002 0.012 0.003 0.007 0.008 0.021 0.002 
125 CPS_WM907    (6)   13 :  0.724 0.007 0.013 0.062 0.009 0.011 0.052 0.003 0.027 0.002 0.013 0.017 0.056 0.005 
126 CPS_WM908    (3)   13 :  0.738 0.012 0.016 0.052 0.007 0.008 0.051 0.004 0.021 0.003 0.013 0.025 0.042 0.007 
127 CPS_WM909    (2)   13 :  0.797 0.010 0.012 0.035 0.009 0.007 0.038 0.003 0.018 0.003 0.019 0.019 0.026 0.005 
128 CPS_WM910    (1)   13 :  0.884 0.005 0.006 0.022 0.007 0.007 0.019 0.008 0.009 0.002 0.006 0.008 0.013 0.003 
129 PPNP_WM962    (1)   14 :  0.004 0.004 0.003 0.010 0.004 0.928 0.010 0.003 0.005 0.006 0.005 0.006 0.009 0.002 
130 PPNP_WM963    (0)   14 :  0.007 0.005 0.015 0.034 0.008 0.762 0.035 0.006 0.024 0.014 0.014 0.016 0.056 0.005 
131 PPNP_WM964    (0)   14 :  0.005 0.005 0.006 0.016 0.005 0.860 0.017 0.013 0.008 0.043 0.006 0.005 0.009 0.003 
132 PPNP_WM965    (4)   14 :  0.005 0.005 0.008 0.037 0.004 0.844 0.026 0.002 0.013 0.002 0.011 0.017 0.024 0.002 
133 PPNP_WM966    (4)   14 :  0.004 0.003 0.004 0.007 0.004 0.931 0.012 0.002 0.007 0.002 0.005 0.006 0.011 0.003 
134 PPNP_WM967    (4)   14 :  0.005 0.007 0.010 0.054 0.010 0.729 0.058 0.002 0.015 0.003 0.015 0.016 0.074 0.003 
135 PPNP_WM968    (5)   14 :  0.007 0.012 0.017 0.217 0.013 0.117 0.244 0.006 0.050 0.015 0.024 0.069 0.205 0.004 
136 PPNP_WM969    (2)   14 :  0.006 0.007 0.009 0.048 0.005 0.787 0.034 0.002 0.023 0.003 0.010 0.016 0.047 0.003 
137 PPNP_WM970    (2)   14 :  0.005 0.005 0.014 0.082 0.007 0.723 0.056 0.003 0.022 0.004 0.010 0.014 0.050 0.004 
138 PPNP_WM971    (2)   14 :  0.004 0.005 0.011 0.061 0.005 0.749 0.051 0.002 0.024 0.002 0.013 0.018 0.052 0.003 
139 FPPI_WM1021    (4)   15 :  0.006 0.005 0.013 0.034 0.006 0.828 0.030 0.008 0.014 0.003 0.011 0.014 0.023 0.004 
140 FPPI_WM1022    (4)   15 :  0.006 0.006 0.008 0.052 0.011 0.504 0.043 0.004 0.016 0.019 0.016 0.277 0.036 0.003 
141 FPPI_WM1023    (1)   15 :  0.005 0.005 0.010 0.035 0.006 0.829 0.038 0.002 0.015 0.004 0.010 0.013 0.026 0.003 
142 FPPI_WM1024    (5)   15 :  0.005 0.005 0.010 0.052 0.006 0.751 0.055 0.002 0.016 0.002 0.013 0.022 0.056 0.003 
143 FPPI_WM1025    (6)   15 :  0.005 0.006 0.009 0.073 0.008 0.725 0.053 0.002 0.025 0.004 0.020 0.016 0.050 0.003 
144 FPPI_WM1026    (1)   15 :  0.005 0.003 0.008 0.011 0.004 0.918 0.015 0.002 0.006 0.003 0.007 0.006 0.010 0.002 
145 FPPI_WM1027    (3)   15 :  0.004 0.004 0.004 0.009 0.004 0.939 0.007 0.002 0.005 0.002 0.006 0.006 0.007 0.002 
146 FPPI_WM1028    (2)   15 :  0.005 0.003 0.007 0.019 0.006 0.878 0.022 0.002 0.009 0.005 0.008 0.010 0.024 0.002 
147 FPPI_WM1029    (3)   15 :  0.005 0.006 0.017 0.155 0.008 0.452 0.141 0.003 0.029 0.024 0.025 0.022 0.111 0.003 
148 FPPI_WM1030    (1)   15 :  0.005 0.007 0.008 0.012 0.008 0.882 0.012 0.017 0.012 0.006 0.007 0.008 0.012 0.005 
149 CRWA_WM1082    (2)   16 :  0.003 0.004 0.006 0.008 0.944 0.003 0.005 0.002 0.004 0.002 0.005 0.004 0.007 0.003 
150 CRWA_WM1084    (5)   16 :  0.007 0.004 0.011 0.046 0.426 0.006 0.032 0.003 0.315 0.002 0.046 0.014 0.079 0.008 
151 CRWA_WM1085    (2)   16 :  0.005 0.008 0.013 0.094 0.502 0.008 0.064 0.002 0.215 0.002 0.012 0.022 0.041 0.010 
152 CRWA_WM1086    (9)   16 :  0.007 0.046 0.037 0.090 0.144 0.014 0.104 0.009 0.187 0.003 0.021 0.196 0.136 0.005 
153 CRWA_WM1087    (0)   16 :  0.030 0.005 0.009 0.040 0.637 0.011 0.070 0.089 0.027 0.003 0.011 0.016 0.037 0.015 
154 CRWA_WM1088    (1)   16 :  0.007 0.006 0.025 0.057 0.109 0.010 0.037 0.027 0.409 0.003 0.073 0.094 0.125 0.018 
155 CRWA_WM1089    (3)   16 :  0.005 0.005 0.014 0.088 0.622 0.012 0.081 0.002 0.034 0.002 0.023 0.028 0.079 0.004 
156 CRWA_WM1090    (0)   16 :  0.006 0.019 0.220 0.086 0.221 0.015 0.110 0.006 0.066 0.002 0.019 0.031 0.137 0.061 
157 CRWA_WM1092    (1)   16 :  0.005 0.007 0.013 0.038 0.670 0.007 0.036 0.101 0.038 0.002 0.020 0.016 0.037 0.009 
158 CRWA_WM1093    (1)   16 :  0.007 0.007 0.006 0.026 0.662 0.009 0.015 0.044 0.076 0.003 0.083 0.012 0.044 0.006 
159 PCRA_WM1141    (3)   17 :  0.005 0.008 0.235 0.051 0.048 0.010 0.049 0.004 0.023 0.002 0.013 0.016 0.028 0.508 
160 PCRA_WM1142    (3)   17 :  0.007 0.009 0.019 0.078 0.010 0.009 0.087 0.002 0.038 0.002 0.015 0.016 0.071 0.638 
161 PCRA_WM1143    (1)   17 :  0.007 0.011 0.080 0.109 0.009 0.011 0.130 0.002 0.038 0.002 0.026 0.028 0.117 0.430 
162 PCRA_WM1144    (2)   17 :  0.013 0.600 0.011 0.058 0.006 0.007 0.064 0.002 0.033 0.002 0.104 0.018 0.074 0.008 
163 PCRA_WM1145    (4)   17 :  0.032 0.010 0.047 0.169 0.023 0.012 0.155 0.006 0.047 0.003 0.038 0.037 0.093 0.329 
164 PCRA_WM1146    (2)   17 :  0.012 0.019 0.011 0.011 0.079 0.004 0.008 0.008 0.010 0.002 0.037 0.019 0.011 0.766 
165 PCRA_WM1147    (1)   17 :  0.005 0.009 0.133 0.124 0.083 0.010 0.114 0.003 0.267 0.002 0.015 0.022 0.078 0.134 
166 PCRA_WM1148    (0)   17 :  0.007 0.007 0.029 0.013 0.005 0.006 0.010 0.012 0.010 0.002 0.010 0.007 0.011 0.873 
167 PCRA_WM1149    (1)   17 :  0.103 0.029 0.007 0.021 0.007 0.007 0.013 0.013 0.011 0.002 0.027 0.008 0.016 0.736 
168 PCRA_WM1150    (0)   17 :  0.007 0.017 0.011 0.015 0.010 0.006 0.011 0.024 0.016 0.005 0.032 0.010 0.009 0.827 
169 DHFA_WM1202    (3)   18 :  0.006 0.006 0.014 0.064 0.013 0.020 0.064 0.003 0.030 0.676 0.017 0.036 0.045 0.005 
170 DHFA_WM1203    (1)   18 :  0.007 0.008 0.014 0.055 0.008 0.028 0.050 0.003 0.024 0.704 0.016 0.020 0.058 0.005 
171 DHFA_WM1204    (2)   18 :  0.006 0.008 0.013 0.059 0.009 0.011 0.050 0.003 0.015 0.741 0.014 0.023 0.044 0.003 
172 DHFA_WM1205    (5)   18 :  0.004 0.004 0.005 0.009 0.005 0.007 0.012 0.002 0.006 0.916 0.007 0.009 0.012 0.003 
173 DHFA_WM1206    (4)   18 :  0.005 0.004 0.007 0.015 0.006 0.006 0.014 0.003 0.007 0.899 0.007 0.009 0.015 0.003 
174 DHFA_WM1207    (2)   18 :  0.003 0.003 0.005 0.006 0.003 0.003 0.008 0.002 0.004 0.945 0.004 0.005 0.007 0.002 
175 DHFA_WM1208    (3)   18 :  0.004 0.005 0.005 0.015 0.006 0.005 0.015 0.003 0.007 0.902 0.009 0.008 0.013 0.003 
176 DHFA_WM1209    (1)   18 :  0.003 0.003 0.006 0.008 0.003 0.005 0.007 0.009 0.005 0.928 0.005 0.006 0.008 0.003 
177 DHFA_WM1210    (0)   18 :  0.003 0.002 0.003 0.003 0.002 0.002 0.003 0.005 0.004 0.962 0.003 0.003 0.003 0.002 
178 DHFA_WM1211    (2)   18 :  0.007 0.008 0.013 0.049 0.007 0.012 0.058 0.002 0.023 0.738 0.013 0.020 0.042 0.005 


Estimated Allele Frequencies in each cluster
First column gives estimated ancestral frequencies


Locus 1 : 953_21 
2 alleles
4.5% missing data
 120   (0.953) 0.997 0.998 0.999 1.000 0.998 0.899 1.000 0.956 0.990 0.997 0.999 0.999 1.000 0.995 
 100   (0.047) 0.003 0.002 0.001 0.000 0.002 0.101 0.000 0.044 0.010 0.003 0.001 0.001 0.000 0.005 

Locus 2 : 2370_26 
2 alleles
6.2% missing data
 110   (0.952) 0.997 0.998 0.999 1.000 0.998 0.788 1.000 0.955 0.990 0.997 0.999 0.999 1.000 0.995 
 130   (0.048) 0.003 0.002 0.001 0.000 0.002 0.212 0.000 0.045 0.010 0.003 0.001 0.001 0.000 0.005 

Locus 3 : 2692_87 
2 alleles
1.7% missing data
 130   (0.946) 0.997 0.998 0.999 1.000 0.998 0.999 1.000 0.950 0.989 0.764 0.999 0.999 1.000 0.994 
 120   (0.054) 0.003 0.002 0.001 0.000 0.002 0.001 0.000 0.050 0.011 0.236 0.001 0.001 0.000 0.006 

Locus 4 : 2828_58 
2 alleles
6.7% missing data
 100   (0.923) 0.994 0.994 0.997 0.999 0.995 0.998 0.999 0.916 0.937 0.995 0.997 0.998 0.995 0.822 
 120   (0.077) 0.006 0.006 0.003 0.001 0.005 0.002 0.001 0.084 0.063 0.005 0.003 0.002 0.005 0.178 

Locus 5 : 6398_73 
2 alleles
6.2% missing data
 130   (0.913) 0.995 0.996 0.998 1.000 0.996 0.794 1.000 0.919 0.983 0.641 0.999 0.998 1.000 0.991 
 100   (0.087) 0.005 0.004 0.002 0.000 0.004 0.206 0.000 0.081 0.017 0.359 0.001 0.002 0.000 0.009 

Locus 6 : 7469_71 
2 alleles
5.1% missing data
 130   (0.955) 0.996 0.997 0.999 0.992 0.997 0.998 0.989 0.956 0.989 0.996 0.999 0.998 0.998 0.993 
 110   (0.045) 0.004 0.003 0.001 0.008 0.003 0.002 0.011 0.044 0.011 0.004 0.001 0.002 0.002 0.007 

Locus 7 : 7615_47 
2 alleles
5.1% missing data
 130   (0.955) 0.995 0.997 0.998 0.996 0.997 0.998 0.998 0.955 0.986 0.996 0.999 0.996 0.995 0.991 
 100   (0.045) 0.005 0.003 0.002 0.004 0.003 0.002 0.002 0.045 0.014 0.004 0.001 0.004 0.005 0.009 

Locus 8 : 8211_10 
2 alleles
2.8% missing data
 120   (0.951) 0.997 0.998 0.999 1.000 0.998 0.999 1.000 0.954 0.990 0.935 0.999 0.999 1.000 0.995 
 100   (0.049) 0.003 0.002 0.001 0.000 0.002 0.001 0.000 0.046 0.010 0.065 0.001 0.001 0.000 0.005 

Locus 9 : 8394_14 
2 alleles
2.2% missing data
 110   (0.951) 0.997 0.998 0.999 1.000 0.998 0.862 1.000 0.955 0.990 0.997 0.999 0.998 1.000 0.995 
 130   (0.049) 0.003 0.002 0.001 0.000 0.002 0.138 0.000 0.045 0.010 0.003 0.001 0.002 0.000 0.005 

Locus 10 : 9621_63 
2 alleles
3.9% missing data
 130   (0.952) 0.997 0.998 0.999 1.000 0.998 0.999 1.000 0.955 0.990 0.939 0.999 0.999 1.000 0.995 
 110   (0.048) 0.003 0.002 0.001 0.000 0.002 0.001 0.000 0.045 0.010 0.061 0.001 0.001 0.000 0.005 

Locus 11 : 9880_35 
2 alleles
4.5% missing data
 120   (0.946) 0.996 0.998 0.999 1.000 0.998 0.999 1.000 0.950 0.989 0.704 0.999 0.999 1.000 0.994 
 100   (0.054) 0.004 0.002 0.001 0.000 0.002 0.001 0.000 0.050 0.011 0.296 0.001 0.001 0.000 0.006 

Locus 12 : 11163_16 
2 alleles
7.9% missing data
 130   (0.949) 0.997 0.998 0.999 1.000 0.998 0.999 1.000 0.952 0.990 0.913 0.999 0.999 1.000 0.995 
 110   (0.051) 0.003 0.002 0.001 0.000 0.002 0.001 0.000 0.048 0.010 0.087 0.001 0.001 0.000 0.005 

Locus 13 : 11991_31 
2 alleles
4.5% missing data
 120   (0.927) 0.994 0.972 0.991 1.000 0.987 0.998 1.000 0.913 0.949 0.995 0.999 0.998 0.998 0.987 
 100   (0.073) 0.006 0.028 0.009 0.000 0.013 0.002 0.000 0.087 0.051 0.005 0.001 0.002 0.002 0.013 

Locus 14 : 12766_17 
2 alleles
2.2% missing data
 120   (0.955) 0.995 0.998 0.999 1.000 0.998 0.999 1.000 0.958 0.990 0.997 0.999 0.999 1.000 0.928 
 100   (0.045) 0.005 0.002 0.001 0.000 0.002 0.001 0.000 0.042 0.010 0.003 0.001 0.001 0.000 0.072 

Locus 15 : 13496_14 
2 alleles
5.1% missing data
 110   (0.950) 0.701 0.998 0.999 1.000 0.998 0.999 1.000 0.954 0.990 0.997 0.999 0.999 1.000 0.995 
 100   (0.050) 0.299 0.002 0.001 0.000 0.002 0.001 0.000 0.046 0.010 0.003 0.001 0.001 0.000 0.005 

Locus 16 : 14394_41 
2 alleles
2.2% missing data
 130   (0.954) 0.997 0.998 0.999 1.000 0.998 0.999 1.000 0.957 0.990 0.997 0.999 0.999 1.000 0.925 
 110   (0.046) 0.003 0.002 0.001 0.000 0.002 0.001 0.000 0.043 0.010 0.003 0.001 0.001 0.000 0.075 

Locus 17 : 16285_24 
2 alleles
6.2% missing data
 130   (0.948) 0.997 0.998 0.999 1.000 0.998 0.999 1.000 0.952 0.990 0.874 0.999 0.999 1.000 0.994 
 100   (0.052) 0.003 0.002 0.001 0.000 0.002 0.001 0.000 0.048 0.010 0.126 0.001 0.001 0.000 0.006 

Locus 18 : 18821_69 
2 alleles
7.3% missing data
 120   (0.953) 0.997 0.998 0.999 1.000 0.998 0.999 1.000 0.956 0.991 0.997 0.999 0.716 0.999 0.995 
 110   (0.047) 0.003 0.002 0.001 0.000 0.002 0.001 0.000 0.044 0.009 0.003 0.001 0.284 0.001 0.005 

Locus 19 : 19006_32 
2 alleles
6.7% missing data
 120   (0.912) 0.994 0.996 0.999 1.000 0.997 0.796 1.000 0.918 0.982 0.658 0.999 0.998 1.000 0.991 
 110   (0.088) 0.006 0.004 0.001 0.000 0.003 0.204 0.000 0.082 0.018 0.342 0.001 0.002 0.000 0.009 

Locus 20 : 19602_58 
2 alleles
4.5% missing data
 120   (0.954) 0.997 0.998 0.999 1.000 0.998 0.999 1.000 0.957 0.991 0.972 0.999 0.999 1.000 0.995 
 100   (0.046) 0.003 0.002 0.001 0.000 0.002 0.001 0.000 0.043 0.009 0.028 0.001 0.001 0.000 0.005 

Locus 21 : 20143_24 
2 alleles
3.4% missing data
 120   (0.955) 0.964 0.998 0.999 1.000 0.997 0.999 1.000 0.956 0.986 0.997 0.999 0.999 1.000 0.995 
 100   (0.045) 0.036 0.002 0.001 0.000 0.003 0.001 0.000 0.044 0.014 0.003 0.001 0.001 0.000 0.005 

Locus 22 : 21661_29 
2 alleles
2.2% missing data
 120   (0.952) 0.997 0.998 0.999 1.000 0.998 0.999 1.000 0.955 0.991 0.892 0.999 0.999 1.000 0.995 
 100   (0.048) 0.003 0.002 0.001 0.000 0.002 0.001 0.000 0.045 0.009 0.108 0.001 0.001 0.000 0.005 

Locus 23 : 22603_12 
2 alleles
5.1% missing data
 130   (0.953) 0.997 0.998 0.999 1.000 0.998 0.999 1.000 0.956 0.990 0.944 0.999 0.999 1.000 0.995 
 110   (0.047) 0.003 0.002 0.001 0.000 0.002 0.001 0.000 0.044 0.010 0.056 0.001 0.001 0.000 0.005 

Locus 24 : 25109_23 
2 alleles
1.7% missing data
 120   (0.929) 0.994 0.996 0.986 0.999 0.838 0.998 0.999 0.932 0.983 0.995 0.998 0.998 0.999 0.945 
 100   (0.071) 0.006 0.004 0.014 0.001 0.162 0.002 0.001 0.068 0.017 0.005 0.002 0.002 0.001 0.055 

Locus 25 : 25511_77 
2 alleles
5.1% missing data
 130   (0.953) 0.997 0.998 0.999 1.000 0.998 0.936 1.000 0.956 0.990 0.996 0.999 0.999 1.000 0.995 
 110   (0.047) 0.003 0.002 0.001 0.000 0.002 0.064 0.000 0.044 0.010 0.004 0.001 0.001 0.000 0.005 

Locus 26 : 26816_9 
2 alleles
5.6% missing data
 110   (0.865) 0.975 0.807 0.956 0.999 0.690 0.997 0.999 0.849 0.916 0.991 0.995 0.992 0.998 0.984 
 130   (0.135) 0.025 0.193 0.044 0.001 0.310 0.003 0.001 0.151 0.084 0.009 0.005 0.008 0.002 0.016 

Locus 27 : 29455_86 
2 alleles
5.6% missing data
 120   (0.954) 0.997 0.998 0.991 1.000 0.998 0.999 1.000 0.950 0.986 0.997 0.999 0.999 1.000 0.987 
 110   (0.046) 0.003 0.002 0.009 0.000 0.002 0.001 0.000 0.050 0.014 0.003 0.001 0.001 0.000 0.013 

Locus 28 : 30970_30 
2 alleles
6.7% missing data
 120   (0.955) 0.958 0.998 0.999 1.000 0.998 0.999 1.000 0.957 0.990 0.997 0.999 0.999 1.000 0.993 
 110   (0.045) 0.042 0.002 0.001 0.000 0.002 0.001 0.000 0.043 0.010 0.003 0.001 0.001 0.000 0.007 

Locus 29 : 33052_5 
2 alleles
1.1% missing data
 130   (0.955) 0.997 0.998 0.999 1.000 0.992 0.999 1.000 0.958 0.990 0.997 0.999 0.971 0.997 0.995 
 110   (0.045) 0.003 0.002 0.001 0.000 0.008 0.001 0.000 0.042 0.010 0.003 0.001 0.029 0.003 0.005 

Locus 30 : 33744_32 
2 alleles
2.8% missing data
 130   (0.951) 0.997 0.998 0.999 1.000 0.998 0.999 1.000 0.953 0.991 0.997 0.999 0.879 1.000 0.995 
 110   (0.049) 0.003 0.002 0.001 0.000 0.002 0.001 0.000 0.047 0.009 0.003 0.001 0.121 0.000 0.005 

Locus 31 : 34805_8 
2 alleles
4.5% missing data
 110   (0.936) 0.996 0.997 0.993 1.000 0.997 0.998 1.000 0.935 0.983 0.996 0.999 0.999 1.000 0.743 
 120   (0.064) 0.004 0.003 0.007 0.000 0.003 0.002 0.000 0.065 0.017 0.004 0.001 0.001 0.000 0.257 

Locus 32 : 35345_10 
2 alleles
5.1% missing data
 130   (0.950) 0.996 0.997 0.999 0.996 0.997 0.998 0.996 0.952 0.981 0.997 0.999 0.939 0.997 0.993 
 110   (0.050) 0.004 0.003 0.001 0.004 0.003 0.002 0.004 0.048 0.019 0.003 0.001 0.061 0.003 0.007 

Locus 33 : 35769_30 
2 alleles
6.2% missing data
 110   (0.936) 0.959 0.997 0.999 1.000 0.995 0.998 1.000 0.939 0.985 0.996 0.999 0.999 1.000 0.923 
 100   (0.064) 0.041 0.003 0.001 0.000 0.005 0.002 0.000 0.061 0.015 0.004 0.001 0.001 0.000 0.077 

Locus 34 : 35965_89 
2 alleles
3.4% missing data
 130   (0.956) 0.997 0.998 0.999 1.000 0.972 0.999 1.000 0.955 0.986 0.997 0.999 0.999 1.000 0.995 
 100   (0.044) 0.003 0.002 0.001 0.000 0.028 0.001 0.000 0.045 0.014 0.003 0.001 0.001 0.000 0.005 

Locus 35 : 39654_13 
2 alleles
5.6% missing data
 120   (0.954) 0.997 0.984 0.999 1.000 0.998 0.999 1.000 0.951 0.985 0.997 0.999 0.999 1.000 0.995 
 100   (0.046) 0.003 0.016 0.001 0.000 0.002 0.001 0.000 0.049 0.015 0.003 0.001 0.001 0.000 0.005 

Locus 36 : 39700_65 
2 alleles
3.4% missing data
 110   (0.955) 0.995 0.997 0.996 1.000 0.998 0.999 1.000 0.947 0.982 0.997 0.999 0.999 0.999 0.993 
 120   (0.045) 0.005 0.003 0.004 0.000 0.002 0.001 0.000 0.053 0.018 0.003 0.001 0.001 0.001 0.007 

Locus 37 : 40824_7 
2 alleles
5.1% missing data
 130   (0.952) 0.996 0.928 0.999 1.000 0.998 0.999 1.000 0.955 0.990 0.997 0.999 0.999 1.000 0.995 
 110   (0.048) 0.004 0.072 0.001 0.000 0.002 0.001 0.000 0.045 0.010 0.003 0.001 0.001 0.000 0.005 

Locus 38 : 41554_43 
2 alleles
7.3% missing data
 120   (0.954) 0.958 0.997 0.999 1.000 0.998 0.999 1.000 0.957 0.990 0.997 0.999 0.999 1.000 0.994 
 100   (0.046) 0.042 0.003 0.001 0.000 0.002 0.001 0.000 0.043 0.010 0.003 0.001 0.001 0.000 0.006 

Locus 39 : 42501_5 
2 alleles
5.6% missing data
 120   (0.951) 0.997 0.998 0.999 1.000 0.998 0.999 1.000 0.955 0.990 0.917 0.999 0.999 1.000 0.995 
 110   (0.049) 0.003 0.002 0.001 0.000 0.002 0.001 0.000 0.045 0.010 0.083 0.001 0.001 0.000 0.005 

Locus 40 : 42989_15 
2 alleles
3.4% missing data
 130   (0.953) 0.997 0.925 0.999 1.000 0.998 0.999 1.000 0.956 0.990 0.997 0.999 0.999 1.000 0.995 
 110   (0.047) 0.003 0.075 0.001 0.000 0.002 0.001 0.000 0.044 0.010 0.003 0.001 0.001 0.000 0.005 

Locus 41 : 44631_16 
2 alleles
5.6% missing data
 120   (0.953) 0.855 0.998 0.999 1.000 0.998 0.999 1.000 0.956 0.990 0.997 0.999 0.999 1.000 0.995 
 110   (0.047) 0.145 0.002 0.001 0.000 0.002 0.001 0.000 0.044 0.010 0.003 0.001 0.001 0.000 0.005 

Locus 42 : 45332_74 
2 alleles
3.4% missing data
 130   (0.871) 0.991 0.739 0.935 1.000 0.995 0.996 0.999 0.873 0.965 0.991 0.794 0.980 0.998 0.830 
 110   (0.129) 0.009 0.261 0.065 0.000 0.005 0.004 0.001 0.127 0.035 0.009 0.206 0.020 0.002 0.170 

Locus 43 : 45964_12 
2 alleles
2.2% missing data
 100   (0.955) 0.997 0.998 0.999 1.000 0.998 0.977 1.000 0.957 0.989 0.995 0.999 0.999 1.000 0.995 
 130   (0.045) 0.003 0.002 0.001 0.000 0.002 0.023 0.000 0.043 0.011 0.005 0.001 0.001 0.000 0.005 

Locus 44 : 47772_18 
2 alleles
1.7% missing data
 120   (0.948) 0.997 0.998 0.999 1.000 0.998 0.999 1.000 0.951 0.989 0.813 0.999 0.999 1.000 0.995 
 100   (0.052) 0.003 0.002 0.001 0.000 0.002 0.001 0.000 0.049 0.011 0.187 0.001 0.001 0.000 0.005 

Locus 45 : 48505_7 
2 alleles
2.8% missing data
 130   (0.955) 0.997 0.998 0.999 1.000 0.998 0.999 1.000 0.949 0.985 0.997 0.988 0.999 1.000 0.994 
 110   (0.045) 0.003 0.002 0.001 0.000 0.002 0.001 0.000 0.051 0.015 0.003 0.012 0.001 0.000 0.006 

Locus 46 : 49838_13 
2 alleles
5.1% missing data
 120   (0.954) 0.997 0.998 0.999 1.000 0.998 0.999 1.000 0.957 0.991 0.997 0.914 0.999 1.000 0.995 
 100   (0.046) 0.003 0.002 0.001 0.000 0.002 0.001 0.000 0.043 0.009 0.003 0.086 0.001 0.000 0.005 

Locus 47 : 50793_47 
2 alleles
6.2% missing data
 120   (0.950) 0.993 0.863 0.998 1.000 0.998 0.999 1.000 0.953 0.990 0.996 0.999 0.999 1.000 0.995 
 100   (0.050) 0.007 0.137 0.002 0.000 0.002 0.001 0.000 0.047 0.010 0.004 0.001 0.001 0.000 0.005 

Locus 48 : 51471_5 
2 alleles
2.2% missing data
 110   (0.954) 0.997 0.998 0.999 1.000 0.998 0.940 1.000 0.957 0.991 0.997 0.999 0.999 1.000 0.995 
 120   (0.046) 0.003 0.002 0.001 0.000 0.002 0.060 0.000 0.043 0.009 0.003 0.001 0.001 0.000 0.005 

Locus 49 : 52408_45 
2 alleles
2.2% missing data
 130   (0.952) 0.822 0.998 0.999 1.000 0.998 0.999 1.000 0.956 0.991 0.997 0.999 0.999 1.000 0.995 
 110   (0.048) 0.178 0.002 0.001 0.000 0.002 0.001 0.000 0.044 0.009 0.003 0.001 0.001 0.000 0.005 

Locus 50 : 53046_18 
2 alleles
0.6% missing data
 120   (0.933) 0.996 0.926 0.999 1.000 0.997 0.998 1.000 0.932 0.983 0.995 0.999 0.991 1.000 0.992 
 100   (0.067) 0.004 0.074 0.001 0.000 0.003 0.002 0.000 0.068 0.017 0.005 0.001 0.009 0.000 0.008 

Locus 51 : 53230_50 
2 alleles
4.5% missing data
 120   (0.953) 0.997 0.998 0.999 1.000 0.998 0.896 1.000 0.957 0.991 0.997 0.999 0.999 1.000 0.995 
 110   (0.047) 0.003 0.002 0.001 0.000 0.002 0.104 0.000 0.043 0.009 0.003 0.001 0.001 0.000 0.005 

Locus 52 : 53957_5 
2 alleles
3.9% missing data
 130   (0.956) 0.997 0.990 0.997 1.000 0.998 0.999 1.000 0.952 0.986 0.997 0.999 0.999 1.000 0.994 
 110   (0.044) 0.003 0.010 0.003 0.000 0.002 0.001 0.000 0.048 0.014 0.003 0.001 0.001 0.000 0.006 

Locus 53 : 58003_89 
2 alleles
3.9% missing data
 120   (0.944) 0.995 0.995 0.978 0.995 0.976 0.998 0.998 0.946 0.982 0.996 0.999 0.995 0.995 0.989 
 100   (0.056) 0.005 0.005 0.022 0.005 0.024 0.002 0.002 0.054 0.018 0.004 0.001 0.005 0.005 0.011 

Locus 54 : 58412_58 
2 alleles
2.2% missing data
 110   (0.954) 0.997 0.998 0.999 1.000 0.998 0.999 1.000 0.957 0.991 0.973 0.999 0.999 1.000 0.995 
 100   (0.046) 0.003 0.002 0.001 0.000 0.002 0.001 0.000 0.043 0.009 0.027 0.001 0.001 0.000 0.005 

Locus 55 : 58452_11 
2 alleles
3.4% missing data
 120   (0.955) 0.997 0.998 0.999 1.000 0.978 0.999 1.000 0.950 0.987 0.997 0.999 0.999 1.000 0.995 
 130   (0.045) 0.003 0.002 0.001 0.000 0.022 0.001 0.000 0.050 0.013 0.003 0.001 0.001 0.000 0.005 

Locus 56 : 59409_85 
2 alleles
2.8% missing data
 130   (0.955) 0.997 0.998 0.992 1.000 0.998 0.999 1.000 0.951 0.985 0.997 0.999 0.999 1.000 0.995 
 100   (0.045) 0.003 0.002 0.008 0.000 0.002 0.001 0.000 0.049 0.015 0.003 0.001 0.001 0.000 0.005 

Locus 57 : 60620_10 
2 alleles
1.1% missing data
 120   (0.949) 0.997 0.998 0.999 1.000 0.998 0.999 1.000 0.953 0.990 0.891 0.999 0.999 1.000 0.995 
 130   (0.051) 0.003 0.002 0.001 0.000 0.002 0.001 0.000 0.047 0.010 0.109 0.001 0.001 0.000 0.005 

Locus 58 : 61541_77 
2 alleles
3.4% missing data
 120   (0.948) 0.997 0.998 0.999 1.000 0.998 0.999 1.000 0.952 0.990 0.839 0.999 0.999 1.000 0.995 
 100   (0.052) 0.003 0.002 0.001 0.000 0.002 0.001 0.000 0.048 0.010 0.161 0.001 0.001 0.000 0.005 

Locus 59 : 61756_42 
2 alleles
1.1% missing data
 130   (0.948) 0.997 0.998 0.999 1.000 0.998 0.999 1.000 0.952 0.990 0.821 0.999 0.999 1.000 0.995 
 110   (0.052) 0.003 0.002 0.001 0.000 0.002 0.001 0.000 0.048 0.010 0.179 0.001 0.001 0.000 0.005 

Locus 60 : 62497_19 
2 alleles
6.2% missing data
 130   (0.902) 0.870 0.994 0.984 0.994 0.960 0.997 0.993 0.906 0.973 0.993 0.983 0.997 0.998 0.941 
 110   (0.098) 0.130 0.006 0.016 0.006 0.040 0.003 0.007 0.094 0.027 0.007 0.017 0.003 0.002 0.059 

Locus 61 : 63024_50 
2 alleles
2.8% missing data
 120   (0.948) 0.997 0.998 0.999 1.000 0.937 0.999 1.000 0.938 0.984 0.996 0.999 0.999 1.000 0.994 
 100   (0.052) 0.003 0.002 0.001 0.000 0.063 0.001 0.000 0.062 0.016 0.004 0.001 0.001 0.000 0.006 

Locus 62 : 64492_50 
2 alleles
7.3% missing data
 120   (0.909) 0.890 0.929 0.998 1.000 0.955 0.998 1.000 0.915 0.980 0.994 0.999 0.998 1.000 0.988 
 100   (0.091) 0.110 0.071 0.002 0.000 0.045 0.002 0.000 0.085 0.020 0.006 0.001 0.002 0.000 0.012 

Locus 63 : 67984_34 
2 alleles
2.2% missing data
 120   (0.950) 0.997 0.998 0.999 1.000 0.998 0.999 1.000 0.953 0.991 0.865 0.999 0.999 1.000 0.995 
 100   (0.050) 0.003 0.002 0.001 0.000 0.002 0.001 0.000 0.047 0.009 0.135 0.001 0.001 0.000 0.005 

Locus 64 : 69199_10 
2 alleles
4.5% missing data
 120   (0.942) 0.997 0.997 0.999 0.999 0.367 0.999 0.999 0.939 0.984 0.996 0.999 0.998 1.000 0.993 
 100   (0.058) 0.003 0.003 0.001 0.001 0.633 0.001 0.001 0.061 0.016 0.004 0.001 0.002 0.000 0.007 

Locus 65 : 71368_77 
2 alleles
6.7% missing data
 100   (0.951) 0.997 0.998 0.999 1.000 0.998 0.769 1.000 0.954 0.990 0.996 0.999 0.999 1.000 0.995 
 110   (0.049) 0.003 0.002 0.001 0.000 0.002 0.231 0.000 0.046 0.010 0.004 0.001 0.001 0.000 0.005 

Locus 66 : 72276_35 
2 alleles
5.1% missing data
 130   (0.951) 0.997 0.899 0.999 1.000 0.998 0.999 1.000 0.954 0.988 0.997 0.999 0.999 1.000 0.995 
 120   (0.049) 0.003 0.101 0.001 0.000 0.002 0.001 0.000 0.046 0.012 0.003 0.001 0.001 0.000 0.005 

Locus 67 : 73554_16 
2 alleles
3.9% missing data
 100   (0.952) 0.997 0.998 0.999 1.000 0.998 0.999 1.000 0.955 0.991 0.997 0.999 0.999 1.000 0.842 
 130   (0.048) 0.003 0.002 0.001 0.000 0.002 0.001 0.000 0.045 0.009 0.003 0.001 0.001 0.000 0.158 

Locus 68 : 74575_32 
2 alleles
1.7% missing data
 120   (0.955) 0.997 0.986 0.999 1.000 0.998 0.999 1.000 0.952 0.986 0.997 0.999 0.999 1.000 0.995 
 100   (0.045) 0.003 0.014 0.001 0.000 0.002 0.001 0.000 0.048 0.014 0.003 0.001 0.001 0.000 0.005 

Locus 69 : 76504_10 
2 alleles
1.1% missing data
 110   (0.953) 0.997 0.998 0.999 1.000 0.998 0.999 1.000 0.955 0.991 0.997 0.999 0.795 0.999 0.995 
 100   (0.047) 0.003 0.002 0.001 0.000 0.002 0.001 0.000 0.045 0.009 0.003 0.001 0.205 0.001 0.005 

Locus 70 : 76561_35 
2 alleles
5.6% missing data
 120   (0.949) 0.572 0.998 0.999 1.000 0.998 0.999 1.000 0.953 0.990 0.997 0.999 0.999 1.000 0.995 
 100   (0.051) 0.428 0.002 0.001 0.000 0.002 0.001 0.000 0.047 0.010 0.003 0.001 0.001 0.000 0.005 

Locus 71 : 77346_16 
2 alleles
2.2% missing data
 130   (0.954) 0.997 0.998 0.999 1.000 0.998 0.999 1.000 0.957 0.991 0.997 0.999 0.917 1.000 0.995 
 110   (0.046) 0.003 0.002 0.001 0.000 0.002 0.001 0.000 0.043 0.009 0.003 0.001 0.083 0.000 0.005 

Locus 72 : 78631_40 
2 alleles
7.9% missing data
 120   (0.947) 0.995 0.816 0.999 1.000 0.997 0.999 1.000 0.949 0.989 0.997 0.999 0.999 1.000 0.994 
 110   (0.053) 0.005 0.184 0.001 0.000 0.003 0.001 0.000 0.051 0.011 0.003 0.001 0.001 0.000 0.006 

Locus 73 : 80366_12 
2 alleles
6.7% missing data
 130   (0.955) 0.995 0.997 0.996 1.000 0.998 0.999 1.000 0.946 0.983 0.997 0.999 0.999 0.999 0.993 
 110   (0.045) 0.005 0.003 0.004 0.000 0.002 0.001 0.000 0.054 0.017 0.003 0.001 0.001 0.001 0.007 

Locus 74 : 80499_10 
2 alleles
6.2% missing data
 130   (0.953) 0.997 0.998 0.999 1.000 0.998 0.900 1.000 0.956 0.991 0.997 0.999 0.999 1.000 0.995 
 100   (0.047) 0.003 0.002 0.001 0.000 0.002 0.100 0.000 0.044 0.009 0.003 0.001 0.001 0.000 0.005 

Locus 75 : 81141_31 
2 alleles
2.8% missing data
 120   (0.956) 0.997 0.998 0.999 1.000 0.998 0.999 1.000 0.951 0.985 0.997 0.988 0.999 1.000 0.994 
 100   (0.044) 0.003 0.002 0.001 0.000 0.002 0.001 0.000 0.049 0.015 0.003 0.012 0.001 0.000 0.006 

Locus 76 : 81662_33 
2 alleles
3.4% missing data
 120   (0.954) 0.997 0.998 0.990 1.000 0.998 0.999 1.000 0.951 0.988 0.997 0.999 0.999 1.000 0.995 
 110   (0.046) 0.003 0.002 0.010 0.000 0.002 0.001 0.000 0.049 0.012 0.003 0.001 0.001 0.000 0.005 

Locus 77 : 82002_8 
2 alleles
6.7% missing data
 100   (0.945) 0.997 0.998 0.999 1.000 0.998 0.999 1.000 0.949 0.989 0.676 0.999 0.999 1.000 0.994 
 110   (0.055) 0.003 0.002 0.001 0.000 0.002 0.001 0.000 0.051 0.011 0.324 0.001 0.001 0.000 0.006 

Locus 78 : 82631_34 
2 alleles
7.9% missing data
 120   (0.954) 0.995 0.994 0.999 1.000 0.996 0.999 1.000 0.946 0.971 0.997 0.999 0.999 1.000 0.994 
 100   (0.046) 0.005 0.006 0.001 0.000 0.004 0.001 0.000 0.054 0.029 0.003 0.001 0.001 0.000 0.006 

Locus 79 : 83247_84 
2 alleles
3.4% missing data
 110   (0.946) 0.997 0.779 0.998 1.000 0.998 0.999 1.000 0.946 0.987 0.996 0.999 0.999 1.000 0.994 
 100   (0.054) 0.003 0.221 0.002 0.000 0.002 0.001 0.000 0.054 0.013 0.004 0.001 0.001 0.000 0.006 

Locus 80 : 83916_5 
2 alleles
3.9% missing data
 130   (0.954) 0.997 0.998 0.999 1.000 0.998 0.999 1.000 0.957 0.991 0.997 0.858 0.999 1.000 0.995 
 110   (0.046) 0.003 0.002 0.001 0.000 0.002 0.001 0.000 0.043 0.009 0.003 0.142 0.001 0.000 0.005 

Locus 81 : 84971_7 
2 alleles
2.2% missing data
 120   (0.939) 0.996 0.996 0.997 0.999 0.984 0.998 0.997 0.939 0.951 0.996 0.998 0.953 0.995 0.991 
 110   (0.061) 0.004 0.004 0.003 0.001 0.016 0.002 0.003 0.061 0.049 0.004 0.002 0.047 0.005 0.009 

Locus 82 : 85247_77 
2 alleles
7.9% missing data
 120   (0.954) 0.996 0.997 0.998 0.999 0.996 0.998 0.999 0.956 0.976 0.997 0.995 0.997 0.996 0.994 
 110   (0.046) 0.004 0.003 0.002 0.001 0.004 0.002 0.001 0.044 0.024 0.003 0.005 0.003 0.004 0.006 

Locus 83 : 85248_24 
2 alleles
5.1% missing data
 100   (0.948) 0.997 0.998 0.999 1.000 0.998 0.999 1.000 0.952 0.990 0.858 0.999 0.999 1.000 0.995 
 120   (0.052) 0.003 0.002 0.001 0.000 0.002 0.001 0.000 0.048 0.010 0.142 0.001 0.001 0.000 0.005 

Locus 84 : 85402_12 
2 alleles
3.4% missing data
 120   (0.954) 0.997 0.998 0.992 1.000 0.998 0.999 1.000 0.950 0.985 0.997 0.999 0.999 1.000 0.995 
 100   (0.046) 0.003 0.002 0.008 0.000 0.002 0.001 0.000 0.050 0.015 0.003 0.001 0.001 0.000 0.005 

Locus 85 : 86588_18 
2 alleles
3.9% missing data
 120   (0.956) 0.996 0.998 0.999 1.000 0.974 0.999 1.000 0.952 0.988 0.997 0.999 0.999 1.000 0.994 
 100   (0.044) 0.004 0.002 0.001 0.000 0.026 0.001 0.000 0.048 0.012 0.003 0.001 0.001 0.000 0.006 

Locus 86 : 87070_60 
2 alleles
2.2% missing data
 100   (0.952) 0.997 0.998 0.999 1.000 0.998 0.999 1.000 0.956 0.990 0.997 0.999 0.999 1.000 0.852 
 130   (0.048) 0.003 0.002 0.001 0.000 0.002 0.001 0.000 0.044 0.010 0.003 0.001 0.001 0.000 0.148 

Locus 87 : 87747_31 
2 alleles
6.2% missing data
 120   (0.951) 0.997 0.997 0.999 1.000 0.998 0.999 1.000 0.954 0.991 0.914 0.999 0.999 1.000 0.995 
 110   (0.049) 0.003 0.003 0.001 0.000 0.002 0.001 0.000 0.046 0.009 0.086 0.001 0.001 0.000 0.005 

Locus 88 : 88455_10 
2 alleles
5.1% missing data
 130   (0.951) 0.796 0.997 0.999 1.000 0.998 0.999 1.000 0.954 0.990 0.997 0.999 0.999 1.000 0.995 
 100   (0.049) 0.204 0.003 0.001 0.000 0.002 0.001 0.000 0.046 0.010 0.003 0.001 0.001 0.000 0.005 

Locus 89 : 89005_12 
2 alleles
1.1% missing data
 120   (0.950) 0.997 0.998 0.999 1.000 0.998 0.999 1.000 0.954 0.990 0.892 0.999 0.999 1.000 0.995 
 130   (0.050) 0.003 0.002 0.001 0.000 0.002 0.001 0.000 0.046 0.010 0.108 0.001 0.001 0.000 0.005 

Locus 90 : 89213_8 
2 alleles
3.4% missing data
 130   (0.954) 0.997 0.998 0.999 1.000 0.998 0.999 1.000 0.957 0.991 0.971 0.999 0.999 1.000 0.995 
 110   (0.046) 0.003 0.002 0.001 0.000 0.002 0.001 0.000 0.043 0.009 0.029 0.001 0.001 0.000 0.005 

Locus 91 : 93475_13 
2 alleles
2.2% missing data
 130   (0.949) 0.997 0.998 0.999 1.000 0.998 0.999 1.000 0.953 0.990 0.865 0.999 0.999 1.000 0.995 
 110   (0.051) 0.003 0.002 0.001 0.000 0.002 0.001 0.000 0.047 0.010 0.135 0.001 0.001 0.000 0.005 

Locus 92 : 95749_27 
2 alleles
3.9% missing data
 120   (0.954) 0.997 0.998 0.999 1.000 0.998 0.999 1.000 0.957 0.991 0.970 0.999 0.999 1.000 0.995 
 100   (0.046) 0.003 0.002 0.001 0.000 0.002 0.001 0.000 0.043 0.009 0.030 0.001 0.001 0.000 0.005 

Locus 93 : 98167_26 
2 alleles
3.4% missing data
 120   (0.931) 0.991 0.996 0.969 0.999 0.988 0.998 1.000 0.934 0.983 0.995 0.999 0.993 0.998 0.887 
 110   (0.069) 0.009 0.004 0.031 0.001 0.012 0.002 0.000 0.066 0.017 0.005 0.001 0.007 0.002 0.113 

Locus 94 : 98988_58 
2 alleles
2.2% missing data
 130   (0.955) 0.997 0.998 0.999 1.000 0.998 0.999 1.000 0.958 0.991 0.973 0.999 0.999 1.000 0.994 
 110   (0.045) 0.003 0.002 0.001 0.000 0.002 0.001 0.000 0.042 0.009 0.027 0.001 0.001 0.000 0.006 

Locus 95 : 103824_15 
2 alleles
3.4% missing data
 130   (0.947) 0.997 0.998 0.999 1.000 0.998 0.999 1.000 0.951 0.989 0.810 0.999 0.999 1.000 0.994 
 110   (0.053) 0.003 0.002 0.001 0.000 0.002 0.001 0.000 0.049 0.011 0.190 0.001 0.001 0.000 0.006 

Locus 96 : 108043_8 
2 alleles
4.5% missing data
 130   (0.955) 0.997 0.998 0.999 1.000 0.998 0.999 1.000 0.958 0.990 0.997 0.999 0.913 0.999 0.995 
 110   (0.045) 0.003 0.002 0.001 0.000 0.002 0.001 0.000 0.042 0.010 0.003 0.001 0.087 0.001 0.005 

Locus 97 : 108049_79 
2 alleles
2.8% missing data
 120   (0.953) 0.997 0.998 0.990 1.000 0.998 0.999 1.000 0.950 0.988 0.997 0.999 0.999 1.000 0.995 
 100   (0.047) 0.003 0.002 0.010 0.000 0.002 0.001 0.000 0.050 0.012 0.003 0.001 0.001 0.000 0.005 

Locus 98 : 108366_5 
2 alleles
2.8% missing data
 130   (0.952) 0.997 0.998 0.999 1.000 0.998 0.999 1.000 0.956 0.991 0.919 0.999 0.999 1.000 0.995 
 100   (0.048) 0.003 0.002 0.001 0.000 0.002 0.001 0.000 0.044 0.009 0.081 0.001 0.001 0.000 0.005 

Locus 99 : 108403_10 
2 alleles
6.2% missing data
 130   (0.954) 0.997 0.996 0.999 1.000 0.998 0.999 1.000 0.951 0.988 0.996 0.999 0.989 1.000 0.994 
 110   (0.046) 0.003 0.004 0.001 0.000 0.002 0.001 0.000 0.049 0.012 0.004 0.001 0.011 0.000 0.006 

Locus 100 : 109283_38 
2 alleles
3.9% missing data
 120   (0.876) 0.992 0.984 0.915 0.993 0.955 0.997 0.996 0.867 0.665 0.992 0.459 0.996 0.895 0.983 
 100   (0.124) 0.008 0.016 0.085 0.007 0.045 0.003 0.004 0.133 0.335 0.008 0.541 0.004 0.105 0.017 

Locus 101 : 109527_54 
2 alleles
7.3% missing data
 110   (0.943) 0.997 0.826 0.987 1.000 0.998 0.999 1.000 0.945 0.986 0.996 0.999 0.999 1.000 0.993 
 130   (0.057) 0.003 0.174 0.013 0.000 0.002 0.001 0.000 0.055 0.014 0.004 0.001 0.001 0.000 0.007 

Locus 102 : 109804_31 
2 alleles
2.2% missing data
 130   (0.953) 0.997 0.998 0.999 1.000 0.998 0.999 1.000 0.956 0.990 0.945 0.999 0.999 1.000 0.995 
 100   (0.047) 0.003 0.002 0.001 0.000 0.002 0.001 0.000 0.044 0.010 0.055 0.001 0.001 0.000 0.005 

Locus 103 : 112614_46 
2 alleles
5.1% missing data
 120   (0.949) 0.997 0.998 0.999 1.000 0.998 0.999 1.000 0.953 0.990 0.885 0.999 0.999 1.000 0.994 
 100   (0.051) 0.003 0.002 0.001 0.000 0.002 0.001 0.000 0.047 0.010 0.115 0.001 0.001 0.000 0.006 

Locus 104 : 112906_14 
2 alleles
3.9% missing data
 110   (0.886) 0.675 0.720 0.998 1.000 0.995 0.997 1.000 0.885 0.966 0.992 0.960 0.997 0.999 0.953 
 120   (0.114) 0.325 0.280 0.002 0.000 0.005 0.003 0.000 0.115 0.034 0.008 0.040 0.003 0.001 0.047 

Locus 105 : 113735_32 
2 alleles
6.7% missing data
 120   (0.955) 0.964 0.998 0.999 1.000 0.997 0.999 1.000 0.957 0.987 0.997 0.999 0.999 1.000 0.995 
 100   (0.045) 0.036 0.002 0.001 0.000 0.003 0.001 0.000 0.043 0.013 0.003 0.001 0.001 0.000 0.005 

Locus 106 : 115028_7 
2 alleles
3.9% missing data
 120   (0.957) 0.958 0.998 0.999 1.000 0.998 0.999 1.000 0.959 0.991 0.997 0.999 0.999 1.000 0.995 
 100   (0.043) 0.042 0.002 0.001 0.000 0.002 0.001 0.000 0.041 0.009 0.003 0.001 0.001 0.000 0.005 

Locus 107 : 115179_16 
2 alleles
2.2% missing data
 120   (0.953) 0.997 0.998 0.999 1.000 0.998 0.999 1.000 0.956 0.992 0.909 0.999 0.999 1.000 0.995 
 110   (0.047) 0.003 0.002 0.001 0.000 0.002 0.001 0.000 0.044 0.008 0.091 0.001 0.001 0.000 0.005 

Locus 108 : 116753_51 
2 alleles
7.3% missing data
 120   (0.952) 0.995 0.996 0.995 1.000 0.998 0.999 1.000 0.945 0.979 0.997 0.952 0.999 0.999 0.993 
 100   (0.048) 0.005 0.004 0.005 0.000 0.002 0.001 0.000 0.055 0.021 0.003 0.048 0.001 0.001 0.007 

Locus 109 : 116931_31 
2 alleles
7.9% missing data
 120   (0.955) 0.997 0.998 0.999 1.000 0.976 0.999 1.000 0.950 0.987 0.997 0.999 0.999 1.000 0.994 
 110   (0.045) 0.003 0.002 0.001 0.000 0.024 0.001 0.000 0.050 0.013 0.003 0.001 0.001 0.000 0.006 

Locus 110 : 116938_8 
2 alleles
4.5% missing data
 130   (0.909) 0.994 0.863 0.998 1.000 0.995 0.998 1.000 0.914 0.979 0.994 0.900 0.998 1.000 0.937 
 110   (0.091) 0.006 0.137 0.002 0.000 0.005 0.002 0.000 0.086 0.021 0.006 0.100 0.002 0.000 0.063 

Locus 111 : 122302_80 
2 alleles
10.1% missing data
 110   (0.953) 0.996 0.998 0.999 1.000 0.957 0.999 1.000 0.956 0.989 0.996 0.999 0.999 1.000 0.995 
 100   (0.047) 0.004 0.002 0.001 0.000 0.043 0.001 0.000 0.044 0.011 0.004 0.001 0.001 0.000 0.005 

Locus 112 : 123190_14 
2 alleles
3.4% missing data
 120   (0.949) 0.997 0.998 0.999 1.000 0.931 0.999 1.000 0.943 0.984 0.997 0.999 0.999 1.000 0.994 
 130   (0.051) 0.003 0.002 0.001 0.000 0.069 0.001 0.000 0.057 0.016 0.003 0.001 0.001 0.000 0.006 

Locus 113 : 123271_36 
2 alleles
3.9% missing data
 100   (0.949) 0.997 0.998 0.999 1.000 0.998 0.999 1.000 0.952 0.990 0.857 0.999 0.999 1.000 0.995 
 110   (0.051) 0.003 0.002 0.001 0.000 0.002 0.001 0.000 0.048 0.010 0.143 0.001 0.001 0.000 0.005 

Locus 114 : 124147_18 
2 alleles
2.2% missing data
 130   (0.951) 0.997 0.998 0.999 1.000 0.998 0.999 1.000 0.955 0.990 0.997 0.999 0.999 1.000 0.752 
 110   (0.049) 0.003 0.002 0.001 0.000 0.002 0.001 0.000 0.045 0.010 0.003 0.001 0.001 0.000 0.248 

Locus 115 : 124184_33 
2 alleles
5.6% missing data
 110   (0.950) 0.997 0.998 0.999 1.000 0.998 0.999 1.000 0.953 0.990 0.909 0.999 0.999 1.000 0.995 
 100   (0.050) 0.003 0.002 0.001 0.000 0.002 0.001 0.000 0.047 0.010 0.091 0.001 0.001 0.000 0.005 

Locus 116 : 125404_24 
2 alleles
1.1% missing data
 130   (0.951) 0.773 0.998 0.999 1.000 0.998 0.999 1.000 0.955 0.991 0.997 0.999 0.999 1.000 0.995 
 110   (0.049) 0.227 0.002 0.001 0.000 0.002 0.001 0.000 0.045 0.009 0.003 0.001 0.001 0.000 0.005 

Locus 117 : 125436_43 
2 alleles
3.9% missing data
 130   (0.921) 0.717 0.841 0.998 1.000 0.997 0.998 1.000 0.927 0.981 0.995 0.999 0.998 1.000 0.992 
 100   (0.079) 0.283 0.159 0.002 0.000 0.003 0.002 0.000 0.073 0.019 0.005 0.001 0.002 0.000 0.008 

Locus 118 : 126013_18 
2 alleles
2.8% missing data
 130   (0.954) 0.997 0.998 0.999 1.000 0.998 0.879 1.000 0.957 0.991 0.997 0.999 0.999 1.000 0.995 
 110   (0.046) 0.003 0.002 0.001 0.000 0.002 0.121 0.000 0.043 0.009 0.003 0.001 0.001 0.000 0.005 

Locus 119 : 126137_19 
2 alleles
3.9% missing data
 120   (0.954) 0.982 0.983 0.999 1.000 0.998 0.999 1.000 0.957 0.987 0.997 0.999 0.999 1.000 0.995 
 110   (0.046) 0.018 0.017 0.001 0.000 0.002 0.001 0.000 0.043 0.013 0.003 0.001 0.001 0.000 0.005 

Locus 120 : 126845_22 
2 alleles
5.6% missing data
 130   (0.955) 0.959 0.998 0.999 1.000 0.998 0.999 1.000 0.957 0.990 0.997 0.999 0.999 1.000 0.993 
 110   (0.045) 0.041 0.002 0.001 0.000 0.002 0.001 0.000 0.043 0.010 0.003 0.001 0.001 0.000 0.007 

Locus 121 : 127512_8 
2 alleles
1.1% missing data
 130   (0.954) 0.997 0.998 0.999 1.000 0.998 0.909 1.000 0.957 0.991 0.997 0.999 0.999 1.000 0.995 
 100   (0.046) 0.003 0.002 0.001 0.000 0.002 0.091 0.000 0.043 0.009 0.003 0.001 0.001 0.000 0.005 

Locus 122 : 127692_13 
2 alleles
2.8% missing data
 100   (0.947) 0.997 0.939 0.999 1.000 0.998 0.999 1.000 0.949 0.987 0.997 0.999 0.999 1.000 0.994 
 120   (0.053) 0.003 0.061 0.001 0.000 0.002 0.001 0.000 0.051 0.013 0.003 0.001 0.001 0.000 0.006 

Locus 123 : 128195_18 
2 alleles
7.3% missing data
 130   (0.868) 0.990 0.923 0.340 0.999 0.976 0.996 0.999 0.869 0.942 0.991 0.998 0.997 0.995 0.423 
 110   (0.132) 0.010 0.077 0.660 0.001 0.024 0.004 0.001 0.131 0.058 0.009 0.002 0.003 0.005 0.577 

Locus 124 : 128198_14 
2 alleles
4.5% missing data
 130   (0.924) 0.996 0.997 0.999 1.000 0.997 0.904 1.000 0.929 0.985 0.918 0.999 0.998 1.000 0.992 
 120   (0.076) 0.004 0.003 0.001 0.000 0.003 0.096 0.000 0.071 0.015 0.082 0.001 0.002 0.000 0.008 

Locus 125 : 128423_39 
2 alleles
4.5% missing data
 130   (0.954) 0.997 0.998 0.991 1.000 0.998 0.999 1.000 0.951 0.987 0.997 0.999 0.999 1.000 0.987 
 100   (0.046) 0.003 0.002 0.009 0.000 0.002 0.001 0.000 0.049 0.013 0.003 0.001 0.001 0.000 0.013 

Locus 126 : 131572_48 
2 alleles
1.1% missing data
 120   (0.950) 0.996 0.997 0.998 1.000 0.998 0.999 1.000 0.941 0.981 0.997 0.958 0.999 0.999 0.994 
 100   (0.050) 0.004 0.003 0.002 0.000 0.002 0.001 0.000 0.059 0.019 0.003 0.042 0.001 0.001 0.006 

Locus 127 : 132199_62 
2 alleles
3.9% missing data
 100   (0.949) 0.997 0.998 0.999 1.000 0.998 0.999 1.000 0.953 0.990 0.751 0.999 0.999 1.000 0.995 
 120   (0.051) 0.003 0.002 0.001 0.000 0.002 0.001 0.000 0.047 0.010 0.249 0.001 0.001 0.000 0.005 

Locus 128 : 135566_64 
2 alleles
7.3% missing data
 130   (0.956) 0.997 0.998 0.991 1.000 0.998 0.999 1.000 0.952 0.985 0.997 0.999 0.999 1.000 0.995 
 110   (0.044) 0.003 0.002 0.009 0.000 0.002 0.001 0.000 0.048 0.015 0.003 0.001 0.001 0.000 0.005 

Locus 129 : 135761_5 
2 alleles
7.9% missing data
 130   (0.952) 0.997 0.998 0.999 1.000 0.998 0.999 1.000 0.955 0.990 0.905 0.999 0.999 1.000 0.995 
 100   (0.048) 0.003 0.002 0.001 0.000 0.002 0.001 0.000 0.045 0.010 0.095 0.001 0.001 0.000 0.005 

Locus 130 : 137219_35 
2 alleles
3.4% missing data
 120   (0.941) 0.996 0.997 0.968 1.000 0.998 0.998 1.000 0.933 0.981 0.996 0.999 0.999 1.000 0.993 
 100   (0.059) 0.004 0.003 0.032 0.000 0.002 0.002 0.000 0.067 0.019 0.004 0.001 0.001 0.000 0.007 

Locus 131 : 139081_20 
2 alleles
5.6% missing data
 120   (0.933) 0.995 0.971 0.998 1.000 0.997 0.998 1.000 0.935 0.982 0.995 0.998 0.998 1.000 0.927 
 110   (0.067) 0.005 0.029 0.002 0.000 0.003 0.002 0.000 0.065 0.018 0.005 0.002 0.002 0.000 0.073 

Locus 132 : 139084_52 
2 alleles
5.1% missing data
 120   (0.919) 0.994 0.996 0.995 1.000 0.912 0.998 1.000 0.911 0.977 0.995 0.999 0.998 0.999 0.817 
 110   (0.081) 0.006 0.004 0.005 0.000 0.088 0.002 0.000 0.089 0.023 0.005 0.001 0.002 0.001 0.183 

Locus 133 : 139433_54 
2 alleles
3.9% missing data
 120   (0.953) 0.997 0.998 0.999 1.000 0.998 0.999 1.000 0.957 0.991 0.945 0.999 0.999 1.000 0.995 
 100   (0.047) 0.003 0.002 0.001 0.000 0.002 0.001 0.000 0.043 0.009 0.055 0.001 0.001 0.000 0.005 

Locus 134 : 140063_88 
2 alleles
7.9% missing data
 110   (0.954) 0.997 0.989 0.997 1.000 0.998 0.999 1.000 0.950 0.985 0.997 0.999 0.999 1.000 0.993 
 100   (0.046) 0.003 0.011 0.003 0.000 0.002 0.001 0.000 0.050 0.015 0.003 0.001 0.001 0.000 0.007 

Locus 135 : 140194_73 
2 alleles
2.8% missing data
 120   (0.955) 0.997 0.998 0.999 1.000 0.998 0.974 1.000 0.957 0.990 0.997 0.999 0.999 1.000 0.992 
 110   (0.045) 0.003 0.002 0.001 0.000 0.002 0.026 0.000 0.043 0.010 0.003 0.001 0.001 0.000 0.008 

Locus 136 : 141313_8 
2 alleles
2.8% missing data
 120   (0.951) 0.997 0.998 0.999 1.000 0.998 0.999 1.000 0.955 0.991 0.919 0.999 0.999 1.000 0.995 
 100   (0.049) 0.003 0.002 0.001 0.000 0.002 0.001 0.000 0.045 0.009 0.081 0.001 0.001 0.000 0.005 

Locus 137 : 145284_28 
2 alleles
2.8% missing data
 130   (0.951) 0.997 0.998 0.999 1.000 0.998 0.999 1.000 0.955 0.991 0.997 0.999 0.999 1.000 0.611 
 110   (0.049) 0.003 0.002 0.001 0.000 0.002 0.001 0.000 0.045 0.009 0.003 0.001 0.001 0.000 0.389 

Locus 138 : 145957_11 
2 alleles
4.5% missing data
 130   (0.953) 0.997 0.998 0.999 1.000 0.998 0.999 1.000 0.956 0.991 0.997 0.879 0.999 1.000 0.994 
 110   (0.047) 0.003 0.002 0.001 0.000 0.002 0.001 0.000 0.044 0.009 0.003 0.121 0.001 0.000 0.006 

Locus 139 : 160306_34 
2 alleles
2.8% missing data
 120   (0.931) 0.768 0.965 0.997 1.000 0.996 0.998 1.000 0.930 0.976 0.995 0.997 0.998 0.999 0.992 
 100   (0.069) 0.232 0.035 0.003 0.000 0.004 0.002 0.000 0.070 0.024 0.005 0.003 0.002 0.001 0.008 

Locus 140 : 162107_37 
2 alleles
3.4% missing data
 120   (0.931) 0.906 0.986 0.999 1.000 0.997 0.998 1.000 0.930 0.980 0.995 0.999 0.999 1.000 0.993 
 100   (0.069) 0.094 0.014 0.001 0.000 0.003 0.002 0.000 0.070 0.020 0.005 0.001 0.001 0.000 0.007 

Locus 141 : 163290_36 
2 alleles
5.1% missing data
 130   (0.919) 0.995 0.996 0.994 0.997 0.925 0.998 0.999 0.922 0.911 0.994 0.998 0.997 0.997 0.746 
 110   (0.081) 0.005 0.004 0.006 0.003 0.075 0.002 0.001 0.078 0.089 0.006 0.002 0.003 0.003 0.254 

Locus 142 : 163453_13 
2 alleles
5.6% missing data
 120   (0.955) 0.997 0.998 0.999 1.000 0.978 0.999 1.000 0.951 0.988 0.997 0.999 0.999 1.000 0.994 
 110   (0.045) 0.003 0.002 0.001 0.000 0.022 0.001 0.000 0.049 0.012 0.003 0.001 0.001 0.000 0.006 

Locus 143 : 163580_14 
2 alleles
10.1% missing data
 120   (0.953) 0.997 0.998 0.999 0.933 0.997 0.999 0.909 0.957 0.990 0.997 0.999 0.998 0.989 0.995 
 100   (0.047) 0.003 0.002 0.001 0.067 0.003 0.001 0.091 0.043 0.010 0.003 0.001 0.002 0.011 0.005 

Locus 144 : 164461_13 
2 alleles
5.6% missing data
 100   (0.952) 0.997 0.997 0.999 1.000 0.856 0.999 1.000 0.956 0.991 0.997 0.999 0.999 1.000 0.995 
 120   (0.048) 0.003 0.003 0.001 0.000 0.144 0.001 0.000 0.044 0.009 0.003 0.001 0.001 0.000 0.005 

Locus 145 : 165413_43 
2 alleles
1.7% missing data
 110   (0.946) 0.997 0.943 0.999 1.000 0.997 0.999 1.000 0.947 0.983 0.996 0.999 0.999 1.000 0.994 
 130   (0.054) 0.003 0.057 0.001 0.000 0.003 0.001 0.000 0.053 0.017 0.004 0.001 0.001 0.000 0.006 

Locus 146 : 168629_44 
2 alleles
5.6% missing data
 130   (0.942) 0.996 0.970 0.975 1.000 0.984 0.998 1.000 0.944 0.984 0.996 0.999 0.998 0.999 0.988 
 110   (0.058) 0.004 0.030 0.025 0.000 0.016 0.002 0.000 0.056 0.016 0.004 0.001 0.002 0.001 0.012 

Locus 147 : 168991_77 
2 alleles
5.6% missing data
 110   (0.848) 0.638 0.903 0.939 0.998 0.985 0.996 0.998 0.821 0.909 0.990 0.958 0.995 0.994 0.977 
 100   (0.152) 0.362 0.097 0.061 0.002 0.015 0.004 0.002 0.179 0.091 0.010 0.042 0.005 0.006 0.023 

Locus 148 : 169478_88 
2 alleles
5.1% missing data
 130   (0.955) 0.997 0.998 0.999 1.000 0.998 0.977 1.000 0.957 0.989 0.997 0.999 0.999 1.000 0.994 
 100   (0.045) 0.003 0.002 0.001 0.000 0.002 0.023 0.000 0.043 0.011 0.003 0.001 0.001 0.000 0.006 

Locus 149 : 169898_8 
2 alleles
6.2% missing data
 120   (0.935) 0.996 0.915 0.998 1.000 0.966 0.998 1.000 0.939 0.985 0.995 0.999 0.998 1.000 0.992 
 100   (0.065) 0.004 0.085 0.002 0.000 0.034 0.002 0.000 0.061 0.015 0.005 0.001 0.002 0.000 0.008 

Locus 150 : 170224_42 
2 alleles
7.3% missing data
 100   (0.908) 0.994 0.942 0.977 0.999 0.788 0.997 0.999 0.908 0.962 0.993 0.999 0.997 0.995 0.978 
 120   (0.092) 0.006 0.058 0.023 0.001 0.212 0.003 0.001 0.092 0.038 0.007 0.001 0.003 0.005 0.022 

Locus 151 : 174083_22 
2 alleles
3.9% missing data
 120   (0.947) 0.997 0.998 0.999 1.000 0.998 0.999 1.000 0.951 0.989 0.785 0.999 0.999 1.000 0.995 
 100   (0.053) 0.003 0.002 0.001 0.000 0.002 0.001 0.000 0.049 0.011 0.215 0.001 0.001 0.000 0.005 

Locus 152 : 174223_24 
2 alleles
2.8% missing data
 120   (0.956) 0.997 0.997 0.999 1.000 0.998 0.999 1.000 0.953 0.988 0.997 0.999 0.987 1.000 0.995 
 100   (0.044) 0.003 0.003 0.001 0.000 0.002 0.001 0.000 0.047 0.012 0.003 0.001 0.013 0.000 0.005 

Locus 153 : 174263_44 
2 alleles
3.9% missing data
 130   (0.954) 0.997 0.998 0.999 1.000 0.998 0.839 1.000 0.957 0.991 0.997 0.999 0.999 1.000 0.995 
 110   (0.046) 0.003 0.002 0.001 0.000 0.002 0.161 0.000 0.043 0.009 0.003 0.001 0.001 0.000 0.005 

Locus 154 : 175657_6 
2 alleles
8.4% missing data
 100   (0.928) 0.771 0.926 0.999 1.000 0.997 0.998 1.000 0.933 0.986 0.994 0.999 0.999 1.000 0.992 
 130   (0.072) 0.229 0.074 0.001 0.000 0.003 0.002 0.000 0.067 0.014 0.006 0.001 0.001 0.000 0.008 

Locus 155 : 176570_23 
2 alleles
3.9% missing data
 130   (0.951) 0.996 0.997 0.997 0.999 0.992 0.999 1.000 0.951 0.931 0.997 0.996 0.996 0.988 0.993 
 110   (0.049) 0.004 0.003 0.003 0.001 0.008 0.001 0.000 0.049 0.069 0.003 0.004 0.004 0.012 0.007 

Locus 156 : 176775_13 
2 alleles
6.7% missing data
 130   (0.942) 0.997 0.997 0.999 1.000 0.997 0.999 1.000 0.946 0.988 0.704 0.999 0.999 1.000 0.993 
 110   (0.058) 0.003 0.003 0.001 0.000 0.003 0.001 0.000 0.054 0.012 0.296 0.001 0.001 0.000 0.007 

Locus 157 : 178448_19 
2 alleles
3.4% missing data
 120   (0.949) 0.997 0.998 0.999 1.000 0.998 0.999 1.000 0.953 0.990 0.881 0.999 0.999 1.000 0.995 
 100   (0.051) 0.003 0.002 0.001 0.000 0.002 0.001 0.000 0.047 0.010 0.119 0.001 0.001 0.000 0.005 

Locus 158 : 179162_16 
2 alleles
6.2% missing data
 120   (0.955) 0.997 0.998 0.999 1.000 0.998 0.999 1.000 0.958 0.990 0.969 0.999 0.999 1.000 0.995 
 100   (0.045) 0.003 0.002 0.001 0.000 0.002 0.001 0.000 0.042 0.010 0.031 0.001 0.001 0.000 0.005 

Locus 159 : 179286_31 
2 alleles
2.8% missing data
 120   (0.927) 0.903 0.901 0.998 1.000 0.997 0.998 1.000 0.932 0.984 0.995 0.999 0.999 1.000 0.992 
 100   (0.073) 0.097 0.099 0.002 0.000 0.003 0.002 0.000 0.068 0.016 0.005 0.001 0.001 0.000 0.008 

Locus 160 : 179594_17 
2 alleles
4.5% missing data
 120   (0.913) 0.743 0.996 0.998 1.000 0.967 0.997 1.000 0.911 0.978 0.994 0.999 0.995 0.999 0.921 
 100   (0.087) 0.257 0.004 0.002 0.000 0.033 0.003 0.000 0.089 0.022 0.006 0.001 0.005 0.001 0.079 

Locus 161 : 180413_54 
2 alleles
3.9% missing data
 100   (0.950) 0.997 0.998 0.999 1.000 0.998 0.999 1.000 0.954 0.991 0.881 0.999 0.999 1.000 0.995 
 110   (0.050) 0.003 0.002 0.001 0.000 0.002 0.001 0.000 0.046 0.009 0.119 0.001 0.001 0.000 0.005 

Locus 162 : 182862_79 
2 alleles
3.4% missing data
 130   (0.947) 0.997 0.998 0.999 1.000 0.998 0.999 1.000 0.951 0.989 0.867 0.999 0.999 1.000 0.994 
 110   (0.053) 0.003 0.002 0.001 0.000 0.002 0.001 0.000 0.049 0.011 0.133 0.001 0.001 0.000 0.006 

Locus 163 : 183288_63 
2 alleles
10.1% missing data
 100   (0.953) 0.997 0.998 0.999 1.000 0.998 0.999 1.000 0.956 0.991 0.971 0.999 0.999 1.000 0.994 
 120   (0.047) 0.003 0.002 0.001 0.000 0.002 0.001 0.000 0.044 0.009 0.029 0.001 0.001 0.000 0.006 

Locus 164 : 183906_55 
2 alleles
6.7% missing data
 130   (0.951) 0.997 0.998 0.999 1.000 0.998 0.999 1.000 0.955 0.990 0.945 0.999 0.999 1.000 0.994 
 100   (0.049) 0.003 0.002 0.001 0.000 0.002 0.001 0.000 0.045 0.010 0.055 0.001 0.001 0.000 0.006 

Locus 165 : 183990_7 
2 alleles
3.4% missing data
 120   (0.948) 0.997 0.998 0.820 1.000 0.996 0.999 1.000 0.950 0.979 0.997 0.999 0.999 1.000 0.995 
 100   (0.052) 0.003 0.002 0.180 0.000 0.004 0.001 0.000 0.050 0.021 0.003 0.001 0.001 0.000 0.005 

Locus 166 : 185904_60 
2 alleles
3.4% missing data
 120   (0.952) 0.997 0.998 0.999 1.000 0.914 0.999 1.000 0.955 0.990 0.997 0.999 0.999 1.000 0.995 
 100   (0.048) 0.003 0.002 0.001 0.000 0.086 0.001 0.000 0.045 0.010 0.003 0.001 0.001 0.000 0.005 

Locus 167 : 191703_64 
2 alleles
1.7% missing data
 130   (0.924) 0.870 0.997 0.999 1.000 0.997 0.998 1.000 0.929 0.985 0.995 0.999 0.999 1.000 0.670 
 110   (0.076) 0.130 0.003 0.001 0.000 0.003 0.002 0.000 0.071 0.015 0.005 0.001 0.001 0.000 0.330 

Locus 168 : 193854_7 
2 alleles
1.7% missing data
 130   (0.931) 0.995 0.997 0.998 1.000 0.997 0.979 1.000 0.935 0.986 0.882 0.999 0.998 0.999 0.992 
 110   (0.069) 0.005 0.003 0.002 0.000 0.003 0.021 0.000 0.065 0.014 0.118 0.001 0.002 0.001 0.008 

Locus 169 : 194868_38 
2 alleles
5.6% missing data
 120   (0.938) 0.968 0.897 0.997 1.000 0.998 0.998 1.000 0.939 0.974 0.996 0.999 0.999 1.000 0.992 
 100   (0.062) 0.032 0.103 0.003 0.000 0.002 0.002 0.000 0.061 0.026 0.004 0.001 0.001 0.000 0.008 

Locus 170 : 195463_36 
2 alleles
5.1% missing data
 120   (0.952) 0.865 0.998 0.999 1.000 0.998 0.999 1.000 0.956 0.990 0.997 0.999 0.999 1.000 0.995 
 100   (0.048) 0.135 0.002 0.001 0.000 0.002 0.001 0.000 0.044 0.010 0.003 0.001 0.001 0.000 0.005 

Locus 171 : 195727_20 
2 alleles
1.7% missing data
 130   (0.950) 0.997 0.998 0.999 1.000 0.998 0.999 1.000 0.954 0.991 0.914 0.999 0.999 1.000 0.995 
 110   (0.050) 0.003 0.002 0.001 0.000 0.002 0.001 0.000 0.046 0.009 0.086 0.001 0.001 0.000 0.005 

Locus 172 : 197508_5 
2 alleles
2.2% missing data
 120   (0.955) 0.997 0.990 0.997 1.000 0.998 0.999 1.000 0.951 0.985 0.997 0.999 0.999 1.000 0.994 
 100   (0.045) 0.003 0.010 0.003 0.000 0.002 0.001 0.000 0.049 0.015 0.003 0.001 0.001 0.000 0.006 

Locus 173 : 199140_10 
2 alleles
4.5% missing data
 130   (0.954) 0.997 0.998 0.992 1.000 0.998 0.999 1.000 0.949 0.985 0.997 0.999 0.999 1.000 0.995 
 110   (0.046) 0.003 0.002 0.008 0.000 0.002 0.001 0.000 0.051 0.015 0.003 0.001 0.001 0.000 0.005 

Locus 174 : 199429_51 
2 alleles
5.1% missing data
 130   (0.954) 0.996 0.998 0.999 1.000 0.976 0.999 1.000 0.950 0.987 0.997 0.999 0.999 1.000 0.994 
 100   (0.046) 0.004 0.002 0.001 0.000 0.024 0.001 0.000 0.050 0.013 0.003 0.001 0.001 0.000 0.006 

Locus 175 : 199635_9 
2 alleles
3.4% missing data
 120   (0.947) 0.997 0.997 0.999 1.000 0.998 0.999 1.000 0.950 0.989 0.829 0.999 0.999 1.000 0.995 
 100   (0.053) 0.003 0.003 0.001 0.000 0.002 0.001 0.000 0.050 0.011 0.171 0.001 0.001 0.000 0.005 

Locus 176 : 200923_8 
2 alleles
5.1% missing data
 100   (0.955) 0.994 0.997 0.999 1.000 0.998 0.999 1.000 0.958 0.991 0.997 0.999 0.999 1.000 0.930 
 110   (0.045) 0.006 0.003 0.001 0.000 0.002 0.001 0.000 0.042 0.009 0.003 0.001 0.001 0.000 0.070 

Locus 177 : 201090_64 
2 alleles
5.1% missing data
 130   (0.954) 0.996 0.998 0.999 1.000 0.958 0.999 1.000 0.957 0.990 0.997 0.999 0.999 1.000 0.995 
 100   (0.046) 0.004 0.002 0.001 0.000 0.042 0.001 0.000 0.043 0.010 0.003 0.001 0.001 0.000 0.005 

Locus 178 : 201549_57 
2 alleles
4.5% missing data
 120   (0.954) 0.909 0.998 0.999 1.000 0.998 0.999 1.000 0.958 0.991 0.997 0.999 0.999 1.000 0.995 
 110   (0.046) 0.091 0.002 0.001 0.000 0.002 0.001 0.000 0.042 0.009 0.003 0.001 0.001 0.000 0.005 

Locus 179 : 203565_40 
2 alleles
3.9% missing data
 120   (0.953) 0.997 0.998 0.999 1.000 0.998 0.999 1.000 0.955 0.989 0.997 0.999 0.999 1.000 0.930 
 100   (0.047) 0.003 0.002 0.001 0.000 0.002 0.001 0.000 0.045 0.011 0.003 0.001 0.001 0.000 0.070 

Locus 180 : 205184_19 
2 alleles
7.3% missing data
 110   (0.918) 0.995 0.996 0.998 1.000 0.997 0.864 1.000 0.924 0.984 0.760 0.999 0.998 1.000 0.991 
 120   (0.082) 0.005 0.004 0.002 0.000 0.003 0.136 0.000 0.076 0.016 0.240 0.001 0.002 0.000 0.009 

Locus 181 : 206551_17 
2 alleles
6.2% missing data
 120   (0.894) 0.966 0.995 0.993 0.999 0.631 0.997 1.000 0.898 0.970 0.993 0.998 0.889 0.974 0.938 
 100   (0.106) 0.034 0.005 0.007 0.001 0.369 0.003 0.000 0.102 0.030 0.007 0.002 0.111 0.026 0.062 

Locus 182 : 216246_19 
2 alleles
2.8% missing data
 110   (0.936) 0.983 0.986 0.988 1.000 0.996 0.998 1.000 0.928 0.975 0.996 0.999 0.998 1.000 0.985 
 130   (0.064) 0.017 0.014 0.012 0.000 0.004 0.002 0.000 0.072 0.025 0.004 0.001 0.002 0.000 0.015 

Locus 183 : 216776_13 
2 alleles
5.6% missing data
 120   (0.915) 0.995 0.996 0.998 1.000 0.997 0.992 1.000 0.920 0.982 0.728 0.999 0.827 0.996 0.991 
 110   (0.085) 0.005 0.004 0.002 0.000 0.003 0.008 0.000 0.080 0.018 0.272 0.001 0.173 0.004 0.009 

Locus 184 : 217291_37 
2 alleles
3.9% missing data
 120   (0.951) 0.914 0.998 0.999 1.000 0.997 0.999 1.000 0.953 0.984 0.997 0.999 0.999 1.000 0.994 
 100   (0.049) 0.086 0.002 0.001 0.000 0.003 0.001 0.000 0.047 0.016 0.003 0.001 0.001 0.000 0.006 

Locus 185 : 217570_13 
2 alleles
3.9% missing data
 130   (0.949) 0.997 0.998 0.999 1.000 0.998 0.999 1.000 0.952 0.991 0.866 0.999 0.999 1.000 0.995 
 110   (0.051) 0.003 0.002 0.001 0.000 0.002 0.001 0.000 0.048 0.009 0.134 0.001 0.001 0.000 0.005 

Locus 186 : 220422_65 
2 alleles
3.4% missing data
 120   (0.941) 0.983 0.981 0.998 1.000 0.994 0.999 1.000 0.929 0.958 0.996 0.999 0.998 0.999 0.993 
 110   (0.059) 0.017 0.019 0.002 0.000 0.006 0.001 0.000 0.071 0.042 0.004 0.001 0.002 0.001 0.007 

Locus 187 : 220502_40 
2 alleles
6.7% missing data
 120   (0.954) 0.996 0.997 0.999 1.000 0.998 0.998 1.000 0.956 0.988 0.997 0.980 0.999 1.000 0.993 
 110   (0.046) 0.004 0.003 0.001 0.000 0.002 0.002 0.000 0.044 0.012 0.003 0.020 0.001 0.000 0.007 

Locus 188 : 220519_81 
2 alleles
4.5% missing data
 130   (0.926) 0.996 0.997 0.998 1.000 0.997 0.998 1.000 0.930 0.984 0.858 0.999 0.998 1.000 0.930 
 110   (0.074) 0.004 0.003 0.002 0.000 0.003 0.002 0.000 0.070 0.016 0.142 0.001 0.002 0.000 0.070 

Locus 189 : 222347_17 
2 alleles
3.9% missing data
 120   (0.949) 0.997 0.998 0.999 1.000 0.998 0.999 1.000 0.952 0.990 0.892 0.999 0.999 1.000 0.995 
 100   (0.051) 0.003 0.002 0.001 0.000 0.002 0.001 0.000 0.048 0.010 0.108 0.001 0.001 0.000 0.005 

Locus 190 : 222896_46 
2 alleles
0.6% missing data
 110   (0.952) 0.997 0.998 0.999 1.000 0.998 0.999 1.000 0.956 0.990 0.944 0.999 0.999 1.000 0.995 
 130   (0.048) 0.003 0.002 0.001 0.000 0.002 0.001 0.000 0.044 0.010 0.056 0.001 0.001 0.000 0.005 

Locus 191 : 223181_12 
2 alleles
3.4% missing data
 120   (0.945) 0.997 0.998 0.999 1.000 0.998 0.999 1.000 0.949 0.989 0.723 0.999 0.999 1.000 0.994 
 100   (0.055) 0.003 0.002 0.001 0.000 0.002 0.001 0.000 0.051 0.011 0.277 0.001 0.001 0.000 0.006 

Locus 192 : 224649_57 
2 alleles
5.1% missing data
 100   (0.954) 0.997 0.998 0.999 1.000 0.998 0.975 1.000 0.956 0.989 0.997 0.999 0.999 1.000 0.994 
 110   (0.046) 0.003 0.002 0.001 0.000 0.002 0.025 0.000 0.044 0.011 0.003 0.001 0.001 0.000 0.006 

Locus 193 : 226245_11 
2 alleles
5.1% missing data
 130   (0.952) 0.997 0.998 0.999 1.000 0.998 0.999 1.000 0.955 0.989 0.997 0.945 0.999 1.000 0.994 
 110   (0.048) 0.003 0.002 0.001 0.000 0.002 0.001 0.000 0.045 0.011 0.003 0.055 0.001 0.000 0.006 

Locus 194 : 226342_59 
2 alleles
6.2% missing data
 120   (0.919) 0.994 0.995 0.998 0.997 0.996 0.965 0.997 0.923 0.979 0.910 0.998 0.995 0.996 0.990 
 100   (0.081) 0.006 0.005 0.002 0.003 0.004 0.035 0.003 0.077 0.021 0.090 0.002 0.005 0.004 0.010 

Locus 195 : 228970_13 
2 alleles
3.9% missing data
 120   (0.956) 0.958 0.998 0.999 1.000 0.998 0.999 1.000 0.958 0.991 0.997 0.999 0.999 1.000 0.995 
 100   (0.044) 0.042 0.002 0.001 0.000 0.002 0.001 0.000 0.042 0.009 0.003 0.001 0.001 0.000 0.005 

Locus 196 : 229097_27 
2 alleles
5.1% missing data
 130   (0.947) 0.996 0.998 0.999 1.000 0.998 0.999 1.000 0.951 0.989 0.791 0.999 0.999 1.000 0.995 
 110   (0.053) 0.004 0.002 0.001 0.000 0.002 0.001 0.000 0.049 0.011 0.209 0.001 0.001 0.000 0.005 

Locus 197 : 229177_29 
2 alleles
7.3% missing data
 130   (0.946) 0.997 0.997 0.999 0.997 0.997 0.998 0.999 0.949 0.987 0.996 0.999 0.820 0.969 0.994 
 110   (0.054) 0.003 0.003 0.001 0.003 0.003 0.002 0.001 0.051 0.013 0.004 0.001 0.180 0.031 0.006 

Locus 198 : 229612_7 
2 alleles
6.2% missing data
 100   (0.954) 0.997 0.989 0.997 1.000 0.998 0.999 1.000 0.951 0.985 0.997 0.999 0.999 1.000 0.994 
 120   (0.046) 0.003 0.011 0.003 0.000 0.002 0.001 0.000 0.049 0.015 0.003 0.001 0.001 0.000 0.006 

Locus 199 : 229936_67 
2 alleles
3.9% missing data
 120   (0.953) 0.997 0.997 0.998 0.999 0.992 0.999 1.000 0.953 0.929 0.997 0.996 0.996 0.989 0.994 
 100   (0.047) 0.003 0.003 0.002 0.001 0.008 0.001 0.000 0.047 0.071 0.003 0.004 0.004 0.011 0.006 

Locus 200 : 232937_62 
2 alleles
2.2% missing data
 100   (0.956) 0.997 0.997 0.999 1.000 0.998 0.999 1.000 0.953 0.988 0.997 0.999 0.988 1.000 0.995 
 120   (0.044) 0.003 0.003 0.001 0.000 0.002 0.001 0.000 0.047 0.012 0.003 0.001 0.012 0.000 0.005 

Locus 201 : 233194_6 
2 alleles
2.8% missing data
 120   (0.923) 0.995 0.997 0.999 1.000 0.997 0.961 1.000 0.927 0.982 0.664 0.999 0.999 1.000 0.992 
 100   (0.077) 0.005 0.003 0.001 0.000 0.003 0.039 0.000 0.073 0.018 0.336 0.001 0.001 0.000 0.008 

Locus 202 : 234346_33 
2 alleles
4.5% missing data
 110   (0.953) 0.997 0.998 0.999 1.000 0.998 0.816 1.000 0.956 0.991 0.997 0.999 0.999 1.000 0.995 
 130   (0.047) 0.003 0.002 0.001 0.000 0.002 0.184 0.000 0.044 0.009 0.003 0.001 0.001 0.000 0.005 

Locus 203 : 235241_77 
2 alleles
2.2% missing data
 130   (0.950) 0.997 0.998 0.999 1.000 0.998 0.999 1.000 0.954 0.991 0.838 0.999 0.999 1.000 0.995 
 100   (0.050) 0.003 0.002 0.001 0.000 0.002 0.001 0.000 0.046 0.009 0.162 0.001 0.001 0.000 0.005 

Locus 204 : 236207_44 
2 alleles
6.2% missing data
 120   (0.913) 0.962 0.995 0.998 1.000 0.996 0.998 1.000 0.917 0.980 0.994 0.655 0.998 0.999 0.855 
 100   (0.087) 0.038 0.005 0.002 0.000 0.004 0.002 0.000 0.083 0.020 0.006 0.345 0.002 0.001 0.145 

Locus 205 : 236307_12 
2 alleles
1.7% missing data
 130   (0.947) 0.992 0.997 0.596 1.000 0.998 0.999 1.000 0.950 0.980 0.997 0.999 0.999 1.000 0.992 
 110   (0.053) 0.008 0.003 0.404 0.000 0.002 0.001 0.000 0.050 0.020 0.003 0.001 0.001 0.000 0.008 

Locus 206 : 236931_45 
2 alleles
6.7% missing data
 120   (0.880) 0.726 0.705 0.995 1.000 0.995 0.997 1.000 0.888 0.975 0.992 0.998 0.997 0.999 0.450 
 100   (0.120) 0.274 0.295 0.005 0.000 0.005 0.003 0.000 0.112 0.025 0.008 0.002 0.003 0.001 0.550 

Locus 207 : 236999_38 
2 alleles
2.8% missing data
 120   (0.952) 0.997 0.998 0.999 1.000 0.998 0.999 1.000 0.955 0.991 0.945 0.999 0.999 1.000 0.995 
 100   (0.048) 0.003 0.002 0.001 0.000 0.002 0.001 0.000 0.045 0.009 0.055 0.001 0.001 0.000 0.005 

Locus 208 : 240398_42 
2 alleles
3.9% missing data
 110   (0.843) 0.884 0.844 0.601 0.999 0.994 0.996 1.000 0.841 0.953 0.990 0.998 0.997 0.999 0.446 
 130   (0.157) 0.116 0.156 0.399 0.001 0.006 0.004 0.000 0.159 0.047 0.010 0.002 0.003 0.001 0.554 

Locus 209 : 240825_22 
2 alleles
6.2% missing data
 130   (0.954) 0.997 0.998 0.998 1.000 0.992 0.998 1.000 0.954 0.976 0.997 0.999 0.995 0.999 0.991 
 110   (0.046) 0.003 0.002 0.002 0.000 0.008 0.002 0.000 0.046 0.024 0.003 0.001 0.005 0.001 0.009 

Locus 210 : 244435_48 
2 alleles
1.7% missing data
 110   (0.953) 0.997 0.997 0.999 1.000 0.998 0.999 1.000 0.956 0.990 0.997 0.945 0.999 1.000 0.995 
 130   (0.047) 0.003 0.003 0.001 0.000 0.002 0.001 0.000 0.044 0.010 0.003 0.055 0.001 0.000 0.005 

Locus 211 : 245971_21 
2 alleles
5.1% missing data
 130   (0.951) 0.997 0.998 0.999 1.000 0.998 0.999 1.000 0.954 0.991 0.914 0.999 0.999 1.000 0.995 
 120   (0.049) 0.003 0.002 0.001 0.000 0.002 0.001 0.000 0.046 0.009 0.086 0.001 0.001 0.000 0.005 

Locus 212 : 246895_22 
2 alleles
3.4% missing data
 120   (0.954) 0.997 0.998 0.989 1.000 0.998 0.999 1.000 0.951 0.988 0.997 0.999 0.999 1.000 0.995 
 110   (0.046) 0.003 0.002 0.011 0.000 0.002 0.001 0.000 0.049 0.012 0.003 0.001 0.001 0.000 0.005 

Locus 213 : 248131_26 
2 alleles
7.9% missing data
 130   (0.938) 0.993 0.976 0.998 0.999 0.953 0.998 0.999 0.940 0.985 0.996 0.999 0.998 0.999 0.991 
 110   (0.062) 0.007 0.024 0.002 0.001 0.047 0.002 0.001 0.060 0.015 0.004 0.001 0.002 0.001 0.009 

Locus 214 : 250844_49 
2 alleles
7.3% missing data
 130   (0.954) 0.996 0.985 0.999 1.000 0.998 0.999 1.000 0.951 0.985 0.997 0.999 0.999 1.000 0.995 
 100   (0.046) 0.004 0.015 0.001 0.000 0.002 0.001 0.000 0.049 0.015 0.003 0.001 0.001 0.000 0.005 

Locus 215 : 251283_19 
2 alleles
5.6% missing data
 120   (0.953) 0.997 0.998 0.999 1.000 0.998 0.999 1.000 0.956 0.991 0.997 0.999 0.999 1.000 0.824 
 100   (0.047) 0.003 0.002 0.001 0.000 0.002 0.001 0.000 0.044 0.009 0.003 0.001 0.001 0.000 0.176 

Locus 216 : 251358_15 
2 alleles
8.4% missing data
 110   (0.936) 0.995 0.796 0.999 1.000 0.997 0.998 1.000 0.939 0.985 0.996 0.988 0.999 1.000 0.991 
 120   (0.064) 0.005 0.204 0.001 0.000 0.003 0.002 0.000 0.061 0.015 0.004 0.012 0.001 0.000 0.009 

Locus 217 : 251901_42 
2 alleles
2.2% missing data
 120   (0.955) 0.997 0.998 0.999 1.000 0.972 0.999 1.000 0.955 0.987 0.997 0.999 0.999 1.000 0.994 
 100   (0.045) 0.003 0.002 0.001 0.000 0.028 0.001 0.000 0.045 0.013 0.003 0.001 0.001 0.000 0.006 

Locus 218 : 252158_43 
2 alleles
0.0% missing data
 120   (0.951) 0.997 0.998 0.999 1.000 0.998 0.999 1.000 0.955 0.991 0.918 0.999 0.999 1.000 0.995 
 100   (0.049) 0.003 0.002 0.001 0.000 0.002 0.001 0.000 0.045 0.009 0.082 0.001 0.001 0.000 0.005 

Locus 219 : 252988_16 
2 alleles
7.9% missing data
 110   (0.948) 0.997 0.997 0.998 1.000 0.733 0.999 1.000 0.951 0.988 0.996 0.999 0.999 1.000 0.993 
 100   (0.052) 0.003 0.003 0.002 0.000 0.267 0.001 0.000 0.049 0.012 0.004 0.001 0.001 0.000 0.007 

Locus 220 : 254425_88 
2 alleles
5.6% missing data
 130   (0.918) 0.995 0.996 0.998 1.000 0.997 0.882 1.000 0.923 0.984 0.772 0.999 0.997 1.000 0.991 
 110   (0.082) 0.005 0.004 0.002 0.000 0.003 0.118 0.000 0.077 0.016 0.228 0.001 0.003 0.000 0.009 

Locus 221 : 256337_57 
2 alleles
5.6% missing data
 110   (0.953) 0.997 0.998 0.999 1.000 0.998 0.999 1.000 0.956 0.990 0.997 0.999 0.999 1.000 0.926 
 130   (0.047) 0.003 0.002 0.001 0.000 0.002 0.001 0.000 0.044 0.010 0.003 0.001 0.001 0.000 0.074 

Locus 222 : 259058_15 
2 alleles
1.7% missing data
 120   (0.953) 0.997 0.998 0.999 1.000 0.998 0.872 1.000 0.957 0.991 0.997 0.999 0.999 1.000 0.995 
 100   (0.047) 0.003 0.002 0.001 0.000 0.002 0.128 0.000 0.043 0.009 0.003 0.001 0.001 0.000 0.005 

Locus 223 : 259869_81 
2 alleles
0.6% missing data
 120   (0.953) 0.997 0.998 0.999 1.000 0.998 0.940 1.000 0.957 0.991 0.997 0.999 0.999 1.000 0.995 
 130   (0.047) 0.003 0.002 0.001 0.000 0.002 0.060 0.000 0.043 0.009 0.003 0.001 0.001 0.000 0.005 

Locus 224 : 260700_55 
2 alleles
2.2% missing data
 130   (0.955) 0.997 0.998 0.999 1.000 0.995 0.999 1.000 0.958 0.988 0.997 0.999 0.977 0.995 0.994 
 110   (0.045) 0.003 0.002 0.001 0.000 0.005 0.001 0.000 0.042 0.012 0.003 0.001 0.023 0.005 0.006 

Locus 225 : 262223_11 
2 alleles
4.5% missing data
 130   (0.954) 0.997 0.998 0.999 1.000 0.998 0.999 1.000 0.957 0.991 0.997 0.999 0.860 1.000 0.995 
 100   (0.046) 0.003 0.002 0.001 0.000 0.002 0.001 0.000 0.043 0.009 0.003 0.001 0.140 0.000 0.005 

Locus 226 : 262346_48 
2 alleles
3.4% missing data
 130   (0.948) 0.997 0.998 0.999 1.000 0.998 0.999 1.000 0.952 0.990 0.997 0.999 0.999 1.000 0.400 
 110   (0.052) 0.003 0.002 0.001 0.000 0.002 0.001 0.000 0.048 0.010 0.003 0.001 0.001 0.000 0.600 

Locus 227 : 262620_18 
2 alleles
3.9% missing data
 110   (0.941) 0.994 0.996 0.990 0.999 0.997 0.998 0.999 0.931 0.963 0.995 0.997 0.997 0.994 0.990 
 130   (0.059) 0.006 0.004 0.010 0.001 0.003 0.002 0.001 0.069 0.037 0.005 0.003 0.003 0.006 0.010 

Locus 228 : 263002_42 
2 alleles
3.4% missing data
 120   (0.948) 0.997 0.854 0.999 1.000 0.998 0.999 1.000 0.951 0.989 0.996 0.999 0.999 1.000 0.994 
 100   (0.052) 0.003 0.146 0.001 0.000 0.002 0.001 0.000 0.049 0.011 0.004 0.001 0.001 0.000 0.006 

Locus 229 : 263813_70 
2 alleles
10.1% missing data
 130   (0.953) 0.997 0.998 0.999 1.000 0.998 0.935 1.000 0.956 0.990 0.997 0.999 0.999 1.000 0.995 
 110   (0.047) 0.003 0.002 0.001 0.000 0.002 0.065 0.000 0.044 0.010 0.003 0.001 0.001 0.000 0.005 

Locus 230 : 264184_13 
2 alleles
10.1% missing data
 110   (0.909) 0.994 0.995 0.998 1.000 0.834 0.998 1.000 0.912 0.980 0.993 0.912 0.998 0.999 0.936 
 130   (0.091) 0.006 0.005 0.002 0.000 0.166 0.002 0.000 0.088 0.020 0.007 0.088 0.002 0.001 0.064 

Values of parameters used in structure:
DATAFILE=C:\Users\jmahg\OneDrive\Desktop\Transfers\TrkNbr-1524n1282n1083_AllPops_Structure_p18_r080_LDnHWEx\project_data,	OUTFILE=C:\Users\jmahg\OneDrive\Desktop\Transfers\TrkNbr-1524n1282n1083_AllPops_Structure_p18_r080_LDnHWEx\BI50000_MCMC100000\Results\BI50000_MCMC100000_run_138,	NUMINDS=178,	NUMLOCI=230,	MISSING=0,	LABEL=1,	POPDATA=1,	POPFLAG=0,	PHENOTYPE=0,	EXTRACOLS=0,	MAXPOPS=14,	BURNIN=50000,	NUMREPS=100000,	USEPOPINFO=0,	INFERALPHA=1,	INFERLAMBDA=0,	POPSPECIFICLAMBDA=0,	POPALPHAS=0,	COMPUTEPROB=1,	NOADMIX=0,	ADMBURNIN=2500,	UPDATEFREQ=1,	PRINTLIKES=0,	INTERMEDSAVE=0,	PRINTKLD=0,	PRINTNET=0,	PRINTLAMBDA=0,	ANCESTDIST=0,	NUMBOXES=1000,	ANCESTPINT=0.90000,	GENSBACK=2,	MIGRPRIOR=0.05000,	PRINTQHAT=0,	PRINTQSUM=0,	ALPHA=1.0000,	FREQSCORR=1,	FPRIORMEAN=0.0100,	FPRIORSD=0.0500,	ONEFST=0,	LAMBDA=1.0000,	UNIFPRIORALPHA=1,	ALPHAMAX=10.0000,	ALPHAPRIORA=1.0000,	ALPHAPRIORB=2.0000,	ALPHAPROPSD=0.0250,	STARTATPOPINFO=0,	RANDOMIZE=1,	LINKAGE=0,	METROFREQ=10,	REPORTHITRATE=0,	MARKOVPHASE=-1,	PHASED=0,	PLOIDY=2,	PHASEINFO=0	LOCPRIOR=0, 	LOCPRIORINIT=1.000000, 	LOCDATA=0, 	LOCISPOP=0, 	LOCPRIORSTEP=0.100000, 	MAXLOCPRIOR=20.000000, 	SEED=1602996264,	
[STRAT parameters]:    NUMSIMSTATS=1000,	PHENOTYPECOL=-9,	POOLFREQ=10,	LOCUSxONLY=0,	EMERROR=0.00100,	MISSINGPHENO=-9,	