

----------------------------------------------------
STRUCTURE by Pritchard, Stephens and Donnelly (2000)
     and Falush, Stephens and Pritchard (2003)
       Code by Pritchard, Falush and Hubisz
             Version 2.3.4 (Jul 2012)
----------------------------------------------------



Command line arguments:   bin\structure -m C:\Users\jmahg\OneDrive\Desktop\Transfers\TrkNbr-1524n1282n1083_AllPops_Structure_p18_r080_LDnHWEx\BI50000_MCMC100000\mainparams -e C:\Users\jmahg\OneDrive\Desktop\Transfers\TrkNbr-1524n1282n1083_AllPops_Structure_p18_r080_LDnHWEx\BI50000_MCMC100000\extraparams 
Input File:    C:\Users\jmahg\OneDrive\Desktop\Transfers\TrkNbr-1524n1282n1083_AllPops_Structure_p18_r080_LDnHWEx\project_data

Run parameters:
   178 individuals
   230 loci
   15 populations assumed
   50000 Burn-in period
   100000 Reps


--------------------------------------------
Proportion of membership of each pre-defined
 population in each of the 15 clusters

Given    Inferred Clusters                                                                                           Number of
 Pop       1      2      3      4      5      6      7      8      9     10     11     12     13     14     15      Individuals

  1:     0.041  0.011  0.008  0.024  0.011  0.054  0.011  0.021  0.005  0.055  0.025  0.002  0.053  0.672  0.007       10
  2:     0.053  0.497  0.031  0.044  0.004  0.058  0.014  0.006  0.013  0.063  0.077  0.002  0.098  0.033  0.007        8
  3:     0.014  0.012  0.017  0.088  0.005  0.049  0.542  0.007  0.004  0.022  0.123  0.002  0.093  0.013  0.008       10
  4:     0.015  0.072  0.418  0.082  0.015  0.081  0.025  0.019  0.008  0.026  0.115  0.002  0.092  0.019  0.010       10
  5:     0.005  0.007  0.005  0.014  0.004  0.010  0.008  0.004  0.003  0.007  0.016  0.884  0.014  0.008  0.011       10
  6:     0.010  0.016  0.008  0.135  0.005  0.081  0.368  0.008  0.004  0.026  0.177  0.002  0.129  0.021  0.010       10
  7:     0.013  0.012  0.006  0.046  0.004  0.045  0.012  0.005  0.003  0.063  0.046  0.002  0.107  0.630  0.006       10
  8:     0.098  0.243  0.037  0.048  0.028  0.121  0.043  0.041  0.021  0.118  0.052  0.002  0.084  0.054  0.009       10
  9:     0.009  0.014  0.007  0.163  0.004  0.097  0.020  0.006  0.003  0.084  0.230  0.002  0.286  0.064  0.010       10
 10:     0.007  0.016  0.008  0.404  0.004  0.071  0.034  0.007  0.004  0.024  0.230  0.003  0.158  0.018  0.012       10
 11:     0.040  0.041  0.012  0.054  0.008  0.046  0.013  0.559  0.009  0.036  0.091  0.002  0.064  0.018  0.007       10
 12:     0.033  0.057  0.012  0.038  0.082  0.047  0.017  0.548  0.006  0.021  0.063  0.002  0.047  0.019  0.008       10
 13:     0.014  0.012  0.008  0.022  0.812  0.017  0.013  0.009  0.007  0.013  0.024  0.002  0.025  0.015  0.007       10
 14:     0.007  0.009  0.007  0.045  0.004  0.027  0.019  0.006  0.003  0.012  0.061  0.009  0.055  0.011  0.725       10
 15:     0.007  0.010  0.007  0.036  0.004  0.019  0.034  0.005  0.003  0.012  0.042  0.007  0.032  0.011  0.771       10
 16:     0.036  0.031  0.450  0.058  0.007  0.104  0.030  0.010  0.014  0.069  0.061  0.002  0.091  0.028  0.009       10
 17:     0.014  0.043  0.026  0.053  0.017  0.049  0.017  0.067  0.529  0.023  0.065  0.002  0.055  0.032  0.008       10
 18:     0.006  0.008  0.007  0.024  0.004  0.014  0.012  0.004  0.003  0.008  0.027  0.838  0.023  0.010  0.011       10
--------------------------------------------

Allele-freq. divergence among pops (Net nucleotide distance),
computed using point estimates of P.

      1       2       3       4       5       6       7       8       9      10      11      12      13      14      15      
 1      -    0.0044  0.0044  0.0023  0.0043  0.0010  0.0028  0.0024  0.0070  0.0002  0.0023  0.0064  0.0021  0.0030  0.0030  
 2   0.0044     -    0.0076  0.0040  0.0083  0.0035  0.0050  0.0054  0.0067  0.0040  0.0039  0.0109  0.0039  0.0058  0.0056  
 3   0.0044  0.0076     -    0.0042  0.0087  0.0038  0.0048  0.0061  0.0114  0.0039  0.0041  0.0110  0.0042  0.0061  0.0058  
 4   0.0023  0.0040  0.0042     -    0.0053  0.0006  0.0013  0.0030  0.0085  0.0014  0.0001  0.0074  0.0002  0.0024  0.0019  
 5   0.0043  0.0083  0.0087  0.0053     -    0.0044  0.0062  0.0051  0.0104  0.0044  0.0052  0.0119  0.0053  0.0071  0.0068  
 6   0.0010  0.0035  0.0038  0.0006  0.0044     -    0.0016  0.0023  0.0076  0.0004  0.0005  0.0072  0.0004  0.0019  0.0021  
 7   0.0028  0.0050  0.0048  0.0013  0.0062  0.0016     -    0.0039  0.0094  0.0021  0.0012  0.0079  0.0013  0.0035  0.0029  
 8   0.0024  0.0054  0.0061  0.0030  0.0051  0.0023  0.0039     -    0.0078  0.0024  0.0028  0.0097  0.0029  0.0044  0.0044  
 9   0.0070  0.0067  0.0114  0.0085  0.0104  0.0076  0.0094  0.0078     -    0.0072  0.0085  0.0149  0.0085  0.0098  0.0100  
10   0.0002  0.0040  0.0039  0.0014  0.0044  0.0004  0.0021  0.0024  0.0072     -    0.0013  0.0065  0.0010  0.0019  0.0024  
11   0.0023  0.0039  0.0041  0.0001  0.0052  0.0005  0.0012  0.0028  0.0085  0.0013     -    0.0073  0.0001  0.0023  0.0018  
12   0.0064  0.0109  0.0110  0.0074  0.0119  0.0072  0.0079  0.0097  0.0149  0.0065  0.0073     -    0.0074  0.0094  0.0068  
13   0.0021  0.0039  0.0042  0.0002  0.0053  0.0004  0.0013  0.0029  0.0085  0.0010  0.0001  0.0074     -    0.0016  0.0019  
14   0.0030  0.0058  0.0061  0.0024  0.0071  0.0019  0.0035  0.0044  0.0098  0.0019  0.0023  0.0094  0.0016     -    0.0040  
15   0.0030  0.0056  0.0058  0.0019  0.0068  0.0021  0.0029  0.0044  0.0100  0.0024  0.0018  0.0068  0.0019  0.0040     -    

Average distances (expected heterozygosity) between individuals in same cluster:
cluster  1  : 0.0780 
cluster  2  : 0.0129 
cluster  3  : 0.0246 
cluster  4  : 0.0030 
cluster  5  : 0.0401 
cluster  6  : 0.0236 
cluster  7  : 0.0148 
cluster  8  : 0.0337 
cluster  9  : 0.0457 
cluster 10  : 0.0562 
cluster 11  : 0.0003 
cluster 12  : 0.0667 
cluster 13  : 0.0026 
cluster 14  : 0.0137 
cluster 15  : 0.0235 

--------------------------------------------
Estimated Ln Prob of Data   = -3659.1
Mean value of ln likelihood = -3240.3
Variance of ln likelihood   = 837.6
Mean value of alpha         = 0.0362

Mean value of Fst_1         = 0.1810
Mean value of Fst_2         = 0.7747
Mean value of Fst_3         = 0.5579
Mean value of Fst_4         = 0.9056
Mean value of Fst_5         = 0.4280
Mean value of Fst_6         = 0.6918
Mean value of Fst_7         = 0.6869
Mean value of Fst_8         = 0.4399
Mean value of Fst_9         = 0.4066
Mean value of Fst_10         = 0.3947
Mean value of Fst_11         = 0.9781
Mean value of Fst_12         = 0.2764
Mean value of Fst_13         = 0.9195
Mean value of Fst_14         = 0.7136
Mean value of Fst_15         = 0.5451


Inferred ancestry of individuals:
        Label (%Miss) Pop:  Inferred clusters
  1 TGCP_WM1    (0)    1 :  0.028 0.009 0.006 0.031 0.004 0.014 0.013 0.014 0.004 0.020 0.030 0.003 0.080 0.739 0.007 
  2 TGCP_WM10    (1)    1 :  0.043 0.023 0.005 0.047 0.003 0.070 0.018 0.009 0.005 0.069 0.062 0.002 0.149 0.487 0.008 
  3 TGCP_WM2    (0)    1 :  0.067 0.012 0.012 0.027 0.007 0.092 0.021 0.009 0.006 0.134 0.023 0.003 0.068 0.508 0.012 
  4 TGCP_WM3    (1)    1 :  0.007 0.008 0.006 0.016 0.003 0.018 0.008 0.010 0.003 0.009 0.018 0.002 0.032 0.856 0.004 
  5 TGCP_WM4    (0)    1 :  0.016 0.008 0.008 0.011 0.003 0.014 0.010 0.095 0.005 0.027 0.024 0.002 0.031 0.740 0.007 
  6 TGCP_WM5    (0)    1 :  0.189 0.013 0.005 0.027 0.009 0.224 0.009 0.012 0.006 0.209 0.018 0.002 0.062 0.211 0.006 
  7 TGCP_WM6    (0)    1 :  0.014 0.008 0.009 0.014 0.016 0.015 0.005 0.017 0.004 0.012 0.016 0.002 0.016 0.847 0.006 
  8 TGCP_WM7    (0)    1 :  0.008 0.019 0.020 0.052 0.023 0.051 0.012 0.006 0.009 0.026 0.040 0.002 0.068 0.654 0.009 
  9 TGCP_WM8    (0)    1 :  0.035 0.006 0.004 0.010 0.040 0.038 0.008 0.033 0.003 0.034 0.010 0.002 0.011 0.758 0.006 
 10 TGCP_WM9    (0)    1 :  0.006 0.004 0.005 0.007 0.003 0.007 0.005 0.008 0.003 0.005 0.009 0.002 0.013 0.921 0.004 
 11 MRLP_WM123    (3)    2 :  0.176 0.549 0.021 0.017 0.006 0.050 0.008 0.011 0.006 0.082 0.037 0.002 0.022 0.009 0.005 
 12 MRLP_WM124    (4)    2 :  0.004 0.767 0.010 0.034 0.006 0.027 0.014 0.008 0.003 0.011 0.051 0.002 0.041 0.012 0.011 
 13 MRLP_WM125    (1)    2 :  0.092 0.585 0.007 0.010 0.004 0.047 0.009 0.007 0.055 0.077 0.018 0.003 0.051 0.028 0.006 
 14 MRLP_WM126    (2)    2 :  0.004 0.015 0.007 0.181 0.004 0.111 0.023 0.005 0.003 0.028 0.373 0.002 0.224 0.016 0.007 
 15 MRLP_WM127    (3)    2 :  0.048 0.019 0.005 0.060 0.005 0.149 0.014 0.005 0.022 0.196 0.079 0.003 0.291 0.096 0.009 
 16 MRLP_WM128    (3)    2 :  0.003 0.921 0.003 0.010 0.004 0.007 0.008 0.004 0.005 0.003 0.009 0.002 0.012 0.005 0.004 
 17 MRLP_WM129    (7)    2 :  0.050 0.492 0.186 0.014 0.004 0.042 0.029 0.007 0.005 0.060 0.019 0.002 0.053 0.032 0.004 
 18 MRLP_WM130    (5)    2 :  0.045 0.631 0.008 0.028 0.004 0.028 0.011 0.005 0.003 0.043 0.027 0.003 0.089 0.067 0.009 
 19 STT_WM183    (2)    3 :  0.090 0.007 0.006 0.029 0.005 0.021 0.658 0.021 0.007 0.056 0.045 0.002 0.037 0.008 0.008 
 20 STT_WM184    (3)    3 :  0.009 0.013 0.036 0.045 0.008 0.031 0.716 0.007 0.005 0.015 0.053 0.003 0.038 0.015 0.008 
 21 STT_WM185   (15)    3 :  0.006 0.029 0.010 0.187 0.004 0.126 0.037 0.005 0.004 0.056 0.244 0.002 0.251 0.026 0.013 
 22 STT_WM186   (13)    3 :  0.007 0.019 0.011 0.216 0.005 0.127 0.025 0.006 0.003 0.030 0.293 0.002 0.227 0.020 0.009 
 23 STT_WM187   (13)    3 :  0.005 0.009 0.005 0.027 0.005 0.015 0.837 0.004 0.004 0.005 0.036 0.002 0.027 0.012 0.007 
 24 STT_WM188    (3)    3 :  0.005 0.007 0.005 0.012 0.003 0.007 0.905 0.004 0.002 0.004 0.020 0.002 0.013 0.006 0.004 
 25 STT_WM189    (0)    3 :  0.004 0.011 0.009 0.201 0.003 0.085 0.015 0.006 0.003 0.032 0.382 0.002 0.223 0.015 0.010 
 26 STT_WM190   (11)    3 :  0.004 0.005 0.005 0.016 0.003 0.012 0.891 0.004 0.002 0.006 0.016 0.002 0.019 0.007 0.007 
 27 STT_WM191    (7)    3 :  0.007 0.012 0.008 0.133 0.006 0.053 0.504 0.005 0.004 0.015 0.135 0.002 0.089 0.016 0.011 
 28 STT_WM192   (12)    3 :  0.007 0.007 0.072 0.018 0.004 0.008 0.829 0.004 0.006 0.007 0.011 0.003 0.010 0.007 0.007 
 29 FSSP_WM241    (3)    4 :  0.045 0.109 0.120 0.100 0.024 0.169 0.026 0.013 0.012 0.067 0.152 0.003 0.123 0.025 0.011 
 30 FSSP_WM242   (15)    4 :  0.006 0.014 0.008 0.213 0.005 0.107 0.028 0.007 0.003 0.025 0.353 0.002 0.202 0.016 0.012 
 31 FSSP_WM243    (6)    4 :  0.011 0.006 0.889 0.008 0.004 0.011 0.009 0.004 0.003 0.015 0.017 0.002 0.007 0.007 0.007 
 32 FSSP_WM244    (5)    4 :  0.029 0.267 0.038 0.084 0.070 0.170 0.018 0.023 0.023 0.050 0.081 0.002 0.101 0.033 0.011 
 33 FSSP_WM245   (10)    4 :  0.005 0.013 0.263 0.153 0.005 0.074 0.042 0.006 0.003 0.025 0.214 0.003 0.153 0.027 0.013 
 34 FSSP_WM246    (6)    4 :  0.011 0.056 0.065 0.140 0.007 0.127 0.070 0.011 0.005 0.034 0.225 0.003 0.206 0.026 0.015 
 35 FSSP_WM247    (3)    4 :  0.012 0.010 0.824 0.021 0.015 0.015 0.010 0.011 0.009 0.010 0.013 0.003 0.024 0.016 0.009 
 36 FSSP_WM248    (9)    4 :  0.006 0.006 0.864 0.015 0.013 0.012 0.008 0.019 0.004 0.008 0.015 0.002 0.014 0.009 0.007 
 37 FSSP_WM249    (6)    4 :  0.009 0.011 0.753 0.042 0.004 0.017 0.018 0.035 0.003 0.012 0.037 0.002 0.032 0.015 0.010 
 38 FSSP_WM250    (2)    4 :  0.019 0.223 0.355 0.048 0.005 0.107 0.024 0.061 0.018 0.012 0.043 0.002 0.054 0.018 0.009 
 39 HNL_WM301    (3)    5 :  0.004 0.007 0.004 0.013 0.003 0.008 0.011 0.004 0.004 0.006 0.012 0.893 0.012 0.007 0.011 
 40 HNL_WM302    (2)    5 :  0.003 0.005 0.003 0.007 0.003 0.004 0.003 0.002 0.002 0.004 0.007 0.941 0.006 0.004 0.006 
 41 HNL_WM303    (2)    5 :  0.004 0.006 0.006 0.014 0.004 0.012 0.008 0.005 0.003 0.006 0.018 0.879 0.017 0.010 0.007 
 42 HNL_WM304    (3)    5 :  0.004 0.011 0.007 0.027 0.004 0.015 0.014 0.006 0.004 0.008 0.023 0.819 0.025 0.012 0.023 
 43 HNL_WM305    (3)    5 :  0.006 0.005 0.005 0.008 0.003 0.007 0.006 0.004 0.002 0.006 0.009 0.922 0.007 0.005 0.006 
 44 HNL_WM306    (0)    5 :  0.005 0.004 0.004 0.010 0.003 0.007 0.005 0.004 0.003 0.005 0.008 0.924 0.005 0.004 0.008 
 45 HNL_WM307    (3)    5 :  0.004 0.007 0.005 0.011 0.004 0.008 0.007 0.004 0.003 0.004 0.017 0.902 0.012 0.007 0.006 
 46 HNL_WM308    (3)    5 :  0.004 0.008 0.005 0.012 0.003 0.010 0.008 0.004 0.003 0.008 0.020 0.880 0.014 0.006 0.017 
 47 HNL_WM309    (0)    5 :  0.009 0.010 0.006 0.023 0.004 0.019 0.009 0.007 0.005 0.011 0.028 0.817 0.022 0.014 0.016 
 48 HNL_WM310   (10)    5 :  0.004 0.007 0.005 0.018 0.004 0.013 0.008 0.004 0.003 0.009 0.023 0.860 0.019 0.010 0.015 
 49 MPO_WM482    (2)    6 :  0.004 0.006 0.005 0.019 0.005 0.014 0.874 0.004 0.003 0.006 0.022 0.003 0.020 0.008 0.006 
 50 MPO_WM483    (3)    6 :  0.015 0.011 0.006 0.157 0.005 0.133 0.246 0.008 0.004 0.055 0.182 0.003 0.146 0.016 0.014 
 51 MPO_WM484    (1)    6 :  0.006 0.014 0.007 0.084 0.004 0.071 0.503 0.005 0.003 0.020 0.152 0.002 0.102 0.016 0.010 
 52 MPO_WM485    (0)    6 :  0.022 0.005 0.011 0.051 0.004 0.098 0.676 0.007 0.004 0.040 0.029 0.002 0.035 0.011 0.005 
 53 MPO_WM486   (21)    6 :  0.007 0.019 0.011 0.201 0.006 0.099 0.029 0.008 0.004 0.032 0.330 0.002 0.200 0.041 0.011 
 54 MPO_WM487   (19)    6 :  0.007 0.022 0.011 0.118 0.006 0.061 0.486 0.006 0.004 0.025 0.135 0.002 0.085 0.022 0.012 
 55 MPO_WM488    (9)    6 :  0.004 0.010 0.008 0.240 0.004 0.106 0.040 0.004 0.003 0.029 0.290 0.002 0.231 0.018 0.011 
 56 MPO_WM489    (3)    6 :  0.020 0.021 0.004 0.021 0.003 0.022 0.758 0.026 0.007 0.011 0.024 0.003 0.027 0.048 0.006 
 57 MPO_WM490   (24)    6 :  0.006 0.027 0.008 0.204 0.007 0.104 0.040 0.007 0.006 0.028 0.300 0.002 0.231 0.016 0.013 
 58 MPO_WM491   (11)    6 :  0.004 0.028 0.008 0.259 0.004 0.099 0.024 0.008 0.003 0.018 0.303 0.002 0.212 0.017 0.011 
 59 OICP_WM541    (1)    7 :  0.003 0.011 0.005 0.022 0.004 0.013 0.010 0.005 0.003 0.011 0.031 0.002 0.027 0.847 0.005 
 60 OICP_WM542    (2)    7 :  0.003 0.007 0.005 0.027 0.003 0.016 0.010 0.005 0.003 0.016 0.030 0.003 0.046 0.820 0.007 
 61 OICP_WM543    (0)    7 :  0.005 0.010 0.005 0.023 0.003 0.013 0.008 0.003 0.003 0.013 0.036 0.002 0.043 0.826 0.006 
 62 OICP_WM544    (1)    7 :  0.079 0.020 0.007 0.107 0.006 0.115 0.019 0.004 0.009 0.252 0.026 0.002 0.093 0.256 0.005 
 63 OICP_WM545    (0)    7 :  0.010 0.009 0.007 0.041 0.003 0.030 0.015 0.007 0.003 0.018 0.057 0.002 0.083 0.707 0.007 
 64 OICP_WM546    (3)    7 :  0.009 0.019 0.008 0.089 0.004 0.104 0.016 0.005 0.002 0.156 0.097 0.002 0.348 0.132 0.008 
 65 OICP_WM547    (2)    7 :  0.010 0.013 0.008 0.095 0.003 0.113 0.013 0.006 0.003 0.137 0.096 0.002 0.360 0.134 0.007 
 66 OICP_WM548    (3)    7 :  0.004 0.008 0.005 0.018 0.004 0.010 0.008 0.004 0.003 0.007 0.026 0.002 0.028 0.870 0.005 
 67 OICP_WM549    (0)    7 :  0.003 0.006 0.004 0.011 0.003 0.011 0.007 0.005 0.003 0.006 0.021 0.002 0.014 0.898 0.005 
 68 OICP_WM550    (1)    7 :  0.007 0.012 0.005 0.031 0.004 0.027 0.011 0.005 0.003 0.009 0.042 0.003 0.025 0.811 0.006 
 69 IRO_WM601    (2)    8 :  0.151 0.021 0.029 0.036 0.020 0.126 0.013 0.069 0.005 0.182 0.045 0.003 0.093 0.200 0.007 
 70 IRO_WM602    (1)    8 :  0.048 0.065 0.007 0.073 0.007 0.121 0.023 0.009 0.006 0.200 0.067 0.003 0.237 0.125 0.010 
 71 IRO_WM603    (2)    8 :  0.195 0.016 0.012 0.033 0.113 0.205 0.013 0.148 0.005 0.186 0.031 0.003 0.020 0.013 0.009 
 72 IRO_WM604    (0)    8 :  0.151 0.572 0.004 0.010 0.008 0.085 0.011 0.008 0.030 0.077 0.011 0.002 0.019 0.006 0.005 
 73 IRO_WM605    (3)    8 :  0.030 0.692 0.004 0.018 0.004 0.023 0.010 0.047 0.013 0.013 0.018 0.002 0.033 0.087 0.006 
 74 IRO_WM606    (3)    8 :  0.010 0.609 0.013 0.058 0.009 0.030 0.036 0.010 0.035 0.013 0.084 0.003 0.065 0.014 0.011 
 75 IRO_WM607    (2)    8 :  0.031 0.242 0.097 0.066 0.005 0.188 0.023 0.064 0.016 0.064 0.077 0.003 0.097 0.015 0.012 
 76 IRO_WM608    (0)    8 :  0.214 0.012 0.017 0.021 0.014 0.282 0.011 0.013 0.013 0.258 0.016 0.002 0.093 0.027 0.006 
 77 IRO_WM609    (0)    8 :  0.130 0.155 0.008 0.079 0.041 0.106 0.030 0.037 0.017 0.164 0.085 0.003 0.101 0.033 0.010 
 78 IRO_WM610   (13)    8 :  0.019 0.050 0.181 0.087 0.059 0.047 0.258 0.008 0.066 0.027 0.087 0.003 0.075 0.021 0.011 
 79 HGRF_WM661    (5)    9 :  0.009 0.017 0.007 0.079 0.003 0.107 0.018 0.006 0.003 0.166 0.076 0.002 0.397 0.098 0.010 
 80 HGRF_WM662    (5)    9 :  0.004 0.012 0.008 0.179 0.003 0.085 0.022 0.006 0.003 0.031 0.375 0.002 0.240 0.018 0.011 
 81 HGRF_WM663    (4)    9 :  0.009 0.017 0.007 0.095 0.004 0.105 0.016 0.006 0.003 0.143 0.092 0.002 0.380 0.113 0.007 
 82 HGRF_WM664    (3)    9 :  0.008 0.011 0.006 0.181 0.004 0.103 0.019 0.005 0.003 0.050 0.314 0.002 0.259 0.029 0.006 
 83 HGRF_WM665    (1)    9 :  0.026 0.024 0.009 0.115 0.005 0.079 0.017 0.010 0.006 0.178 0.068 0.003 0.274 0.172 0.013 
 84 HGRF_WM666    (5)    9 :  0.005 0.011 0.006 0.184 0.004 0.110 0.027 0.006 0.003 0.023 0.349 0.003 0.237 0.019 0.013 
 85 HGRF_WM667    (0)    9 :  0.005 0.011 0.006 0.227 0.004 0.086 0.021 0.006 0.003 0.024 0.330 0.002 0.250 0.017 0.008 
 86 HGRF_WM668    (4)    9 :  0.010 0.015 0.006 0.122 0.003 0.098 0.014 0.005 0.003 0.143 0.097 0.002 0.357 0.115 0.008 
 87 HGRF_WM669    (5)    9 :  0.004 0.011 0.006 0.256 0.004 0.095 0.027 0.004 0.003 0.027 0.330 0.002 0.204 0.016 0.011 
 88 HGRF_WM670    (9)    9 :  0.006 0.014 0.007 0.191 0.004 0.105 0.023 0.006 0.003 0.057 0.268 0.002 0.264 0.041 0.008 
 89 PTP_WM721    (2)   10 :  0.015 0.016 0.015 0.242 0.007 0.080 0.055 0.011 0.005 0.041 0.268 0.004 0.191 0.027 0.023 
 90 PTP_WM722    (2)   10 :  0.015 0.011 0.008 0.786 0.005 0.021 0.037 0.005 0.004 0.017 0.036 0.002 0.036 0.007 0.011 
 91 PTP_WM723   (25)   10 :  0.004 0.031 0.008 0.242 0.004 0.093 0.030 0.007 0.004 0.026 0.299 0.003 0.206 0.030 0.011 
 92 PTP_WM724   (13)   10 :  0.006 0.012 0.007 0.187 0.005 0.101 0.027 0.007 0.003 0.023 0.344 0.002 0.239 0.022 0.014 
 93 PTP_WM725   (25)   10 :  0.006 0.011 0.012 0.223 0.005 0.091 0.041 0.008 0.005 0.039 0.316 0.003 0.203 0.021 0.016 
 94 PTP_WM726   (13)   10 :  0.006 0.018 0.008 0.198 0.004 0.083 0.036 0.008 0.004 0.030 0.352 0.003 0.220 0.020 0.010 
 95 PTP_WM727   (10)   10 :  0.004 0.033 0.006 0.243 0.005 0.102 0.027 0.007 0.004 0.023 0.290 0.003 0.224 0.018 0.012 
 96 PTP_WM728    (8)   10 :  0.004 0.013 0.007 0.221 0.004 0.107 0.029 0.006 0.003 0.028 0.334 0.002 0.214 0.017 0.011 
 97 PTP_WM729    (9)   10 :  0.003 0.010 0.007 0.819 0.003 0.023 0.030 0.003 0.003 0.009 0.040 0.003 0.031 0.010 0.006 
 98 PTP_WM730    (8)   10 :  0.004 0.008 0.007 0.875 0.002 0.007 0.031 0.003 0.003 0.004 0.023 0.002 0.015 0.008 0.005 
 99 RRL_WM782    (9)   11 :  0.005 0.016 0.006 0.189 0.005 0.103 0.027 0.005 0.003 0.027 0.343 0.003 0.236 0.020 0.011 
100 RRL_WM783    (8)   11 :  0.076 0.011 0.010 0.015 0.017 0.019 0.011 0.756 0.006 0.008 0.017 0.002 0.022 0.023 0.007 
101 RRL_WM784    (1)   11 :  0.008 0.025 0.008 0.033 0.011 0.015 0.016 0.780 0.008 0.007 0.039 0.002 0.022 0.015 0.010 
102 RRL_WM785    (1)   11 :  0.003 0.014 0.006 0.204 0.004 0.098 0.023 0.005 0.003 0.038 0.350 0.002 0.225 0.015 0.010 
103 RRL_WM786    (2)   11 :  0.025 0.105 0.026 0.010 0.004 0.019 0.007 0.730 0.027 0.010 0.013 0.002 0.012 0.007 0.004 
104 RRL_WM787    (3)   11 :  0.067 0.016 0.008 0.016 0.007 0.066 0.006 0.596 0.011 0.087 0.017 0.003 0.047 0.045 0.005 
105 RRL_WM788    (0)   11 :  0.104 0.006 0.013 0.011 0.008 0.029 0.004 0.720 0.004 0.077 0.007 0.002 0.006 0.005 0.005 
106 RRL_WM789    (2)   11 :  0.004 0.010 0.003 0.009 0.013 0.009 0.005 0.900 0.005 0.003 0.009 0.002 0.007 0.016 0.004 
107 RRL_WM790    (0)   11 :  0.095 0.179 0.009 0.020 0.005 0.032 0.009 0.474 0.019 0.083 0.038 0.003 0.017 0.009 0.009 
108 RRL_WM791    (0)   11 :  0.011 0.025 0.027 0.038 0.005 0.066 0.021 0.620 0.004 0.022 0.079 0.002 0.044 0.026 0.009 
109 RRO_WM842    (0)   12 :  0.022 0.069 0.016 0.022 0.009 0.028 0.010 0.732 0.007 0.008 0.032 0.003 0.025 0.010 0.007 
110 RRO_WM843    (7)   12 :  0.106 0.040 0.006 0.015 0.284 0.056 0.009 0.375 0.009 0.044 0.020 0.003 0.020 0.007 0.007 
111 RRO_WM844    (2)   12 :  0.010 0.281 0.006 0.054 0.329 0.049 0.021 0.042 0.007 0.020 0.102 0.002 0.055 0.015 0.008 
112 RRO_WM845    (4)   12 :  0.005 0.007 0.004 0.011 0.040 0.011 0.007 0.865 0.003 0.006 0.012 0.002 0.010 0.009 0.006 
113 RRO_WM846   (10)   12 :  0.009 0.013 0.011 0.044 0.024 0.047 0.016 0.693 0.006 0.016 0.058 0.002 0.036 0.013 0.011 
114 RRO_WM847    (6)   12 :  0.053 0.096 0.006 0.027 0.055 0.093 0.011 0.539 0.010 0.029 0.040 0.003 0.018 0.012 0.008 
115 RRO_WM848    (4)   12 :  0.025 0.018 0.045 0.080 0.017 0.081 0.040 0.351 0.004 0.036 0.132 0.003 0.130 0.031 0.009 
116 RRO_WM849    (5)   12 :  0.067 0.011 0.007 0.035 0.012 0.029 0.010 0.643 0.004 0.015 0.037 0.002 0.050 0.070 0.008 
117 RRO_WM850    (2)   12 :  0.005 0.017 0.006 0.032 0.005 0.031 0.016 0.784 0.003 0.015 0.038 0.002 0.033 0.008 0.007 
118 RRO_WM851    (1)   12 :  0.031 0.021 0.007 0.063 0.045 0.050 0.025 0.455 0.003 0.022 0.158 0.002 0.088 0.019 0.011 
119 CPS_WM901    (2)   13 :  0.010 0.023 0.007 0.016 0.851 0.016 0.007 0.013 0.004 0.009 0.016 0.002 0.014 0.008 0.005 
120 CPS_WM902    (2)   13 :  0.005 0.005 0.004 0.007 0.840 0.011 0.009 0.008 0.012 0.005 0.013 0.002 0.011 0.062 0.005 
121 CPS_WM903    (5)   13 :  0.003 0.012 0.004 0.009 0.904 0.007 0.004 0.014 0.008 0.005 0.010 0.002 0.010 0.005 0.004 
122 CPS_WM904    (1)   13 :  0.018 0.008 0.008 0.012 0.849 0.014 0.007 0.011 0.017 0.016 0.012 0.002 0.013 0.009 0.006 
123 CPS_WM905    (2)   13 :  0.049 0.006 0.019 0.009 0.810 0.018 0.021 0.008 0.009 0.025 0.008 0.002 0.008 0.004 0.005 
124 CPS_WM906    (3)   13 :  0.017 0.011 0.006 0.013 0.826 0.026 0.010 0.006 0.002 0.017 0.025 0.003 0.020 0.011 0.007 
125 CPS_WM907    (6)   13 :  0.007 0.012 0.007 0.065 0.723 0.022 0.017 0.009 0.003 0.013 0.050 0.002 0.052 0.011 0.009 
126 CPS_WM908    (3)   13 :  0.008 0.015 0.009 0.041 0.690 0.028 0.029 0.012 0.009 0.013 0.055 0.003 0.060 0.016 0.012 
127 CPS_WM909    (2)   13 :  0.007 0.014 0.009 0.037 0.777 0.020 0.016 0.009 0.004 0.011 0.032 0.002 0.040 0.016 0.008 
128 CPS_WM910    (1)   13 :  0.011 0.011 0.006 0.014 0.851 0.012 0.010 0.006 0.004 0.014 0.020 0.002 0.025 0.008 0.006 
129 PPNP_WM962    (1)   14 :  0.005 0.003 0.003 0.010 0.003 0.006 0.006 0.004 0.002 0.006 0.009 0.005 0.010 0.004 0.924 
130 PPNP_WM963    (0)   14 :  0.012 0.011 0.009 0.033 0.005 0.025 0.020 0.008 0.005 0.015 0.044 0.011 0.055 0.014 0.733 
131 PPNP_WM964    (0)   14 :  0.016 0.005 0.004 0.012 0.003 0.009 0.009 0.005 0.004 0.010 0.016 0.045 0.012 0.005 0.846 
132 PPNP_WM965    (4)   14 :  0.005 0.008 0.004 0.033 0.003 0.012 0.011 0.007 0.003 0.006 0.028 0.002 0.027 0.010 0.840 
133 PPNP_WM966    (4)   14 :  0.003 0.004 0.004 0.008 0.003 0.009 0.006 0.003 0.002 0.004 0.012 0.002 0.011 0.004 0.926 
134 PPNP_WM967    (4)   14 :  0.006 0.013 0.006 0.053 0.004 0.023 0.014 0.005 0.004 0.008 0.069 0.003 0.069 0.014 0.710 
135 PPNP_WM968    (5)   14 :  0.011 0.018 0.016 0.155 0.005 0.109 0.062 0.009 0.004 0.035 0.235 0.013 0.218 0.022 0.087 
136 PPNP_WM969    (2)   14 :  0.005 0.012 0.007 0.039 0.004 0.017 0.019 0.006 0.004 0.014 0.059 0.002 0.036 0.012 0.762 
137 PPNP_WM970    (2)   14 :  0.005 0.009 0.008 0.047 0.003 0.034 0.020 0.007 0.004 0.013 0.063 0.005 0.070 0.012 0.700 
138 PPNP_WM971    (2)   14 :  0.006 0.010 0.005 0.058 0.004 0.027 0.019 0.005 0.003 0.012 0.069 0.003 0.045 0.009 0.723 
139 FPPI_WM1021    (4)   15 :  0.011 0.009 0.009 0.025 0.003 0.021 0.016 0.006 0.005 0.014 0.033 0.003 0.024 0.011 0.810 
140 FPPI_WM1022    (4)   15 :  0.009 0.011 0.008 0.034 0.005 0.023 0.225 0.006 0.004 0.021 0.043 0.019 0.036 0.013 0.543 
141 FPPI_WM1023    (1)   15 :  0.004 0.007 0.009 0.022 0.005 0.016 0.014 0.004 0.003 0.011 0.030 0.005 0.040 0.013 0.816 
142 FPPI_WM1024    (5)   15 :  0.004 0.017 0.008 0.043 0.003 0.026 0.018 0.003 0.003 0.014 0.058 0.002 0.039 0.012 0.749 
143 FPPI_WM1025    (6)   15 :  0.006 0.013 0.007 0.051 0.005 0.027 0.017 0.006 0.003 0.013 0.076 0.005 0.032 0.016 0.721 
144 FPPI_WM1026    (1)   15 :  0.003 0.006 0.004 0.012 0.002 0.008 0.007 0.003 0.003 0.005 0.015 0.003 0.015 0.005 0.907 
145 FPPI_WM1027    (3)   15 :  0.004 0.005 0.003 0.009 0.002 0.004 0.006 0.003 0.002 0.005 0.009 0.002 0.010 0.005 0.931 
146 FPPI_WM1028    (2)   15 :  0.004 0.009 0.005 0.022 0.003 0.007 0.010 0.004 0.003 0.006 0.022 0.006 0.017 0.009 0.873 
147 FPPI_WM1029    (3)   15 :  0.006 0.015 0.010 0.130 0.005 0.049 0.022 0.007 0.003 0.023 0.118 0.018 0.095 0.023 0.476 
148 FPPI_WM1030    (1)   15 :  0.016 0.007 0.005 0.009 0.004 0.009 0.007 0.007 0.005 0.012 0.013 0.004 0.011 0.006 0.886 
149 CRWA_WM1082    (2)   16 :  0.003 0.005 0.912 0.006 0.003 0.021 0.007 0.004 0.002 0.005 0.009 0.002 0.010 0.005 0.005 
150 CRWA_WM1084    (5)   16 :  0.018 0.017 0.389 0.041 0.003 0.152 0.015 0.005 0.007 0.101 0.040 0.002 0.137 0.064 0.008 
151 CRWA_WM1085    (2)   16 :  0.012 0.011 0.478 0.058 0.004 0.133 0.017 0.009 0.009 0.062 0.077 0.003 0.103 0.017 0.009 
152 CRWA_WM1086    (9)   16 :  0.065 0.011 0.087 0.104 0.005 0.218 0.097 0.036 0.005 0.101 0.105 0.002 0.135 0.018 0.011 
153 CRWA_WM1087    (0)   16 :  0.070 0.010 0.507 0.054 0.029 0.042 0.020 0.005 0.017 0.083 0.069 0.002 0.070 0.011 0.010 
154 CRWA_WM1088    (1)   16 :  0.058 0.011 0.094 0.071 0.005 0.204 0.056 0.005 0.019 0.151 0.038 0.003 0.218 0.056 0.010 
155 CRWA_WM1089    (3)   16 :  0.004 0.011 0.595 0.081 0.003 0.044 0.036 0.005 0.004 0.023 0.091 0.002 0.063 0.029 0.009 
156 CRWA_WM1090    (0)   16 :  0.010 0.213 0.196 0.100 0.006 0.147 0.023 0.018 0.057 0.027 0.097 0.002 0.079 0.016 0.009 
157 CRWA_WM1092    (1)   16 :  0.067 0.015 0.590 0.042 0.006 0.035 0.015 0.007 0.010 0.085 0.061 0.003 0.041 0.013 0.011 
158 CRWA_WM1093    (1)   16 :  0.048 0.011 0.658 0.018 0.004 0.049 0.013 0.005 0.006 0.051 0.022 0.003 0.054 0.049 0.010 
159 PCRA_WM1141    (3)   17 :  0.006 0.154 0.054 0.040 0.006 0.035 0.013 0.013 0.530 0.026 0.061 0.002 0.045 0.010 0.006 
160 PCRA_WM1142    (3)   17 :  0.006 0.023 0.009 0.056 0.008 0.035 0.020 0.006 0.644 0.016 0.089 0.003 0.057 0.019 0.010 
161 PCRA_WM1143    (1)   17 :  0.009 0.054 0.009 0.100 0.005 0.042 0.021 0.009 0.438 0.016 0.169 0.002 0.095 0.023 0.007 
162 PCRA_WM1144    (2)   17 :  0.033 0.015 0.007 0.051 0.014 0.031 0.022 0.552 0.012 0.014 0.057 0.002 0.058 0.119 0.012 
163 PCRA_WM1145    (4)   17 :  0.012 0.030 0.026 0.118 0.026 0.074 0.031 0.006 0.335 0.021 0.159 0.002 0.116 0.033 0.012 
164 PCRA_WM1146    (2)   17 :  0.013 0.009 0.060 0.008 0.010 0.011 0.014 0.015 0.779 0.010 0.013 0.002 0.009 0.042 0.005 
165 PCRA_WM1147    (1)   17 :  0.011 0.110 0.070 0.125 0.003 0.227 0.020 0.008 0.115 0.088 0.070 0.002 0.133 0.010 0.006 
166 PCRA_WM1148    (0)   17 :  0.013 0.015 0.006 0.013 0.004 0.006 0.009 0.009 0.885 0.007 0.010 0.002 0.008 0.008 0.005 
167 PCRA_WM1149    (1)   17 :  0.017 0.007 0.008 0.010 0.089 0.014 0.007 0.035 0.731 0.018 0.016 0.002 0.015 0.023 0.006 
168 PCRA_WM1150    (0)   17 :  0.023 0.010 0.008 0.011 0.005 0.015 0.007 0.018 0.817 0.017 0.011 0.005 0.016 0.030 0.006 
169 DHFA_WM1202    (3)   18 :  0.005 0.017 0.018 0.058 0.005 0.029 0.025 0.007 0.003 0.011 0.057 0.674 0.052 0.018 0.020 
170 DHFA_WM1203    (1)   18 :  0.008 0.012 0.009 0.041 0.006 0.027 0.021 0.005 0.005 0.017 0.065 0.697 0.040 0.021 0.027 
171 DHFA_WM1204    (2)   18 :  0.006 0.013 0.007 0.042 0.005 0.017 0.019 0.006 0.004 0.015 0.051 0.740 0.045 0.017 0.014 
172 DHFA_WM1205    (5)   18 :  0.005 0.004 0.004 0.011 0.004 0.009 0.010 0.003 0.002 0.004 0.009 0.912 0.008 0.006 0.008 
173 DHFA_WM1206    (4)   18 :  0.004 0.007 0.005 0.015 0.003 0.008 0.010 0.003 0.003 0.006 0.016 0.888 0.015 0.009 0.006 
174 DHFA_WM1207    (2)   18 :  0.004 0.003 0.004 0.005 0.003 0.005 0.005 0.004 0.002 0.004 0.007 0.943 0.006 0.003 0.003 
175 DHFA_WM1208    (3)   18 :  0.004 0.005 0.005 0.012 0.004 0.007 0.010 0.005 0.003 0.006 0.015 0.904 0.008 0.006 0.006 
176 DHFA_WM1209    (1)   18 :  0.012 0.006 0.004 0.008 0.002 0.006 0.006 0.003 0.003 0.008 0.006 0.921 0.006 0.004 0.004 
177 DHFA_WM1210    (0)   18 :  0.005 0.003 0.002 0.003 0.002 0.003 0.003 0.002 0.002 0.004 0.005 0.958 0.003 0.003 0.003 
178 DHFA_WM1211    (2)   18 :  0.005 0.012 0.007 0.048 0.004 0.028 0.012 0.007 0.004 0.011 0.044 0.744 0.042 0.014 0.016 


Estimated Allele Frequencies in each cluster
First column gives estimated ancestral frequencies


Locus 1 : 953_21 
2 alleles
4.5% missing data
 120   (0.957) 0.972 0.999 0.998 1.000 0.997 0.995 0.999 0.998 0.995 0.980 1.000 0.997 1.000 0.999 0.898 
 100   (0.043) 0.028 0.001 0.002 0.000 0.003 0.005 0.001 0.002 0.005 0.020 0.000 0.003 0.000 0.001 0.102 

Locus 2 : 2370_26 
2 alleles
6.2% missing data
 110   (0.955) 0.969 0.999 0.998 0.999 0.997 0.995 0.999 0.997 0.995 0.980 1.000 0.997 1.000 0.999 0.787 
 130   (0.045) 0.031 0.001 0.002 0.001 0.003 0.005 0.001 0.003 0.005 0.020 0.000 0.003 0.000 0.001 0.213 

Locus 3 : 2692_87 
2 alleles
1.7% missing data
 130   (0.951) 0.967 0.999 0.998 1.000 0.997 0.994 0.999 0.998 0.994 0.978 1.000 0.764 1.000 0.999 0.999 
 120   (0.049) 0.033 0.001 0.002 0.000 0.003 0.006 0.001 0.002 0.006 0.022 0.000 0.236 0.000 0.001 0.001 

Locus 4 : 2828_58 
2 alleles
6.7% missing data
 100   (0.930) 0.932 0.998 0.996 0.999 0.994 0.962 0.998 0.996 0.828 0.935 1.000 0.995 0.994 0.997 0.998 
 120   (0.070) 0.068 0.002 0.004 0.001 0.006 0.038 0.002 0.004 0.172 0.065 0.000 0.005 0.006 0.003 0.002 

Locus 5 : 6398_73 
2 alleles
6.2% missing data
 130   (0.919) 0.944 0.999 0.996 0.999 0.994 0.990 0.998 0.996 0.990 0.963 1.000 0.642 1.000 0.999 0.791 
 100   (0.081) 0.056 0.001 0.004 0.001 0.006 0.010 0.002 0.004 0.010 0.037 0.000 0.358 0.000 0.001 0.209 

Locus 6 : 7469_71 
2 alleles
5.1% missing data
 130   (0.958) 0.967 0.999 0.997 0.979 0.996 0.994 0.998 0.997 0.993 0.977 1.000 0.997 0.999 0.999 0.998 
 110   (0.042) 0.033 0.001 0.003 0.021 0.004 0.006 0.002 0.003 0.007 0.023 0.000 0.003 0.001 0.001 0.002 

Locus 7 : 7615_47 
2 alleles
5.1% missing data
 130   (0.958) 0.968 0.998 0.997 0.994 0.996 0.992 0.996 0.996 0.993 0.975 0.999 0.996 0.997 0.999 0.997 
 100   (0.042) 0.032 0.002 0.003 0.006 0.004 0.008 0.004 0.004 0.007 0.025 0.001 0.004 0.003 0.001 0.003 

Locus 8 : 8211_10 
2 alleles
2.8% missing data
 120   (0.956) 0.970 0.999 0.998 1.000 0.997 0.995 0.999 0.998 0.995 0.980 1.000 0.935 1.000 0.999 0.999 
 100   (0.044) 0.030 0.001 0.002 0.000 0.003 0.005 0.001 0.002 0.005 0.020 0.000 0.065 0.000 0.001 0.001 

Locus 9 : 8394_14 
2 alleles
2.2% missing data
 110   (0.956) 0.971 0.999 0.998 1.000 0.997 0.995 0.998 0.998 0.995 0.979 1.000 0.997 1.000 0.999 0.860 
 130   (0.044) 0.029 0.001 0.002 0.000 0.003 0.005 0.002 0.002 0.005 0.021 0.000 0.003 0.000 0.001 0.140 

Locus 10 : 9621_63 
2 alleles
3.9% missing data
 130   (0.956) 0.970 0.999 0.998 1.000 0.997 0.995 0.999 0.998 0.995 0.980 1.000 0.939 1.000 0.999 0.999 
 110   (0.044) 0.030 0.001 0.002 0.000 0.003 0.005 0.001 0.002 0.005 0.020 0.000 0.061 0.000 0.001 0.001 

Locus 11 : 9880_35 
2 alleles
4.5% missing data
 120   (0.950) 0.967 0.999 0.998 1.000 0.996 0.994 0.999 0.997 0.994 0.977 1.000 0.705 1.000 0.999 0.999 
 100   (0.050) 0.033 0.001 0.002 0.000 0.004 0.006 0.001 0.003 0.006 0.023 0.000 0.295 0.000 0.001 0.001 

Locus 12 : 11163_16 
2 alleles
7.9% missing data
 130   (0.954) 0.969 0.999 0.998 1.000 0.997 0.994 0.999 0.998 0.995 0.979 1.000 0.913 1.000 0.999 0.999 
 110   (0.046) 0.031 0.001 0.002 0.000 0.003 0.006 0.001 0.002 0.005 0.021 0.000 0.087 0.000 0.001 0.001 

Locus 13 : 11991_31 
2 alleles
4.5% missing data
 120   (0.930) 0.927 0.993 0.992 0.999 0.995 0.956 0.998 0.975 0.987 0.931 1.000 0.995 0.999 0.999 0.998 
 100   (0.070) 0.073 0.007 0.008 0.001 0.005 0.044 0.002 0.025 0.013 0.069 0.000 0.005 0.001 0.001 0.002 

Locus 14 : 12766_17 
2 alleles
2.2% missing data
 120   (0.958) 0.971 0.999 0.998 1.000 0.994 0.994 0.999 0.997 0.931 0.978 1.000 0.997 1.000 0.999 0.999 
 100   (0.042) 0.029 0.001 0.002 0.000 0.006 0.006 0.001 0.003 0.069 0.022 0.000 0.003 0.000 0.001 0.001 

Locus 15 : 13496_14 
2 alleles
5.1% missing data
 110   (0.954) 0.969 0.999 0.998 1.000 0.681 0.994 0.999 0.998 0.995 0.979 1.000 0.997 1.000 0.999 0.999 
 100   (0.046) 0.031 0.001 0.002 0.000 0.319 0.006 0.001 0.002 0.005 0.021 0.000 0.003 0.000 0.001 0.001 

Locus 16 : 14394_41 
2 alleles
2.2% missing data
 130   (0.959) 0.972 0.999 0.998 1.000 0.997 0.995 0.999 0.998 0.927 0.981 1.000 0.997 1.000 0.999 0.999 
 110   (0.041) 0.028 0.001 0.002 0.000 0.003 0.005 0.001 0.002 0.073 0.019 0.000 0.003 0.000 0.001 0.001 

Locus 17 : 16285_24 
2 alleles
6.2% missing data
 130   (0.953) 0.969 0.999 0.998 1.000 0.997 0.994 0.999 0.998 0.995 0.978 1.000 0.874 1.000 0.999 0.999 
 100   (0.047) 0.031 0.001 0.002 0.000 0.003 0.006 0.001 0.002 0.005 0.022 0.000 0.126 0.000 0.001 0.001 

Locus 18 : 18821_69 
2 alleles
7.3% missing data
 120   (0.956) 0.970 0.999 0.998 1.000 0.997 0.994 0.710 0.997 0.995 0.980 1.000 0.997 1.000 0.999 0.999 
 110   (0.044) 0.030 0.001 0.002 0.000 0.003 0.006 0.290 0.003 0.005 0.020 0.000 0.003 0.000 0.001 0.001 

Locus 19 : 19006_32 
2 alleles
6.7% missing data
 120   (0.920) 0.946 0.999 0.997 1.000 0.994 0.990 0.998 0.996 0.991 0.964 1.000 0.660 1.000 0.999 0.790 
 110   (0.080) 0.054 0.001 0.003 0.000 0.006 0.010 0.002 0.004 0.009 0.036 0.000 0.340 0.000 0.001 0.210 

Locus 20 : 19602_58 
2 alleles
4.5% missing data
 120   (0.958) 0.971 0.999 0.998 1.000 0.997 0.995 0.999 0.998 0.995 0.981 1.000 0.972 1.000 0.999 0.999 
 100   (0.042) 0.029 0.001 0.002 0.000 0.003 0.005 0.001 0.002 0.005 0.019 0.000 0.028 0.000 0.001 0.001 

Locus 21 : 20143_24 
2 alleles
3.4% missing data
 120   (0.958) 0.968 0.999 0.998 1.000 0.964 0.994 0.999 0.998 0.995 0.980 1.000 0.997 1.000 0.999 0.999 
 100   (0.042) 0.032 0.001 0.002 0.000 0.036 0.006 0.001 0.002 0.005 0.020 0.000 0.003 0.000 0.001 0.001 

Locus 22 : 21661_29 
2 alleles
2.2% missing data
 120   (0.954) 0.969 0.999 0.998 1.000 0.997 0.994 0.999 0.998 0.995 0.980 1.000 0.891 1.000 0.999 0.999 
 100   (0.046) 0.031 0.001 0.002 0.000 0.003 0.006 0.001 0.002 0.005 0.020 0.000 0.109 0.000 0.001 0.001 

Locus 23 : 22603_12 
2 alleles
5.1% missing data
 130   (0.955) 0.969 0.999 0.998 1.000 0.997 0.994 0.999 0.998 0.995 0.980 1.000 0.945 1.000 0.999 0.999 
 110   (0.045) 0.031 0.001 0.002 0.000 0.003 0.006 0.001 0.002 0.005 0.020 0.000 0.055 0.000 0.001 0.001 

Locus 24 : 25109_23 
2 alleles
1.7% missing data
 120   (0.935) 0.951 0.991 0.822 0.998 0.994 0.985 0.998 0.996 0.946 0.968 0.999 0.995 0.999 0.999 0.998 
 100   (0.065) 0.049 0.009 0.178 0.002 0.006 0.015 0.002 0.004 0.054 0.032 0.001 0.005 0.001 0.001 0.002 

Locus 25 : 25511_77 
2 alleles
5.1% missing data
 130   (0.956) 0.968 0.999 0.998 1.000 0.997 0.994 0.999 0.998 0.995 0.980 1.000 0.997 1.000 0.999 0.936 
 110   (0.044) 0.032 0.001 0.002 0.000 0.003 0.006 0.001 0.002 0.005 0.020 0.000 0.003 0.000 0.001 0.064 

Locus 26 : 26816_9 
2 alleles
5.6% missing data
 110   (0.876) 0.816 0.974 0.684 0.998 0.986 0.898 0.996 0.832 0.983 0.863 0.999 0.991 0.998 0.997 0.997 
 130   (0.124) 0.184 0.026 0.316 0.002 0.014 0.102 0.004 0.168 0.017 0.137 0.001 0.009 0.002 0.003 0.003 

Locus 27 : 29455_86 
2 alleles
5.6% missing data
 120   (0.958) 0.964 0.993 0.998 1.000 0.997 0.990 0.999 0.998 0.988 0.973 1.000 0.997 1.000 0.999 0.999 
 110   (0.042) 0.036 0.007 0.002 0.000 0.003 0.010 0.001 0.002 0.012 0.027 0.000 0.003 0.000 0.001 0.001 

Locus 28 : 30970_30 
2 alleles
6.7% missing data
 120   (0.959) 0.970 0.999 0.998 1.000 0.955 0.994 0.999 0.998 0.994 0.980 1.000 0.997 1.000 0.999 0.999 
 110   (0.041) 0.030 0.001 0.002 0.000 0.045 0.006 0.001 0.002 0.006 0.020 0.000 0.003 0.000 0.001 0.001 

Locus 29 : 33052_5 
2 alleles
1.1% missing data
 130   (0.957) 0.969 0.999 0.994 1.000 0.997 0.995 0.966 0.998 0.994 0.979 1.000 0.997 1.000 0.999 0.999 
 110   (0.043) 0.031 0.001 0.006 0.000 0.003 0.005 0.034 0.002 0.006 0.021 0.000 0.003 0.000 0.001 0.001 

Locus 30 : 33744_32 
2 alleles
2.8% missing data
 130   (0.954) 0.967 0.999 0.998 1.000 0.997 0.993 0.878 0.998 0.995 0.979 1.000 0.997 1.000 0.999 0.999 
 110   (0.046) 0.033 0.001 0.002 0.000 0.003 0.007 0.122 0.002 0.005 0.021 0.000 0.003 0.000 0.001 0.001 

Locus 31 : 34805_8 
2 alleles
4.5% missing data
 110   (0.941) 0.953 0.993 0.997 1.000 0.996 0.989 0.999 0.997 0.750 0.968 1.000 0.996 1.000 0.999 0.998 
 120   (0.059) 0.047 0.007 0.003 0.000 0.004 0.011 0.001 0.003 0.250 0.032 0.000 0.004 0.000 0.001 0.002 

Locus 32 : 35345_10 
2 alleles
5.1% missing data
 130   (0.953) 0.963 0.999 0.998 0.992 0.996 0.981 0.952 0.997 0.993 0.974 0.999 0.997 0.998 0.999 0.998 
 110   (0.047) 0.037 0.001 0.002 0.008 0.004 0.019 0.048 0.003 0.007 0.026 0.001 0.003 0.002 0.001 0.002 

Locus 33 : 35769_30 
2 alleles
6.2% missing data
 110   (0.940) 0.957 0.999 0.996 1.000 0.956 0.991 0.999 0.997 0.924 0.970 1.000 0.996 1.000 0.999 0.998 
 100   (0.060) 0.043 0.001 0.004 0.000 0.044 0.009 0.001 0.003 0.076 0.030 0.000 0.004 0.000 0.001 0.002 

Locus 34 : 35965_89 
2 alleles
3.4% missing data
 130   (0.959) 0.968 0.999 0.973 1.000 0.997 0.993 0.999 0.998 0.995 0.978 1.000 0.997 0.999 0.999 0.999 
 100   (0.041) 0.032 0.001 0.027 0.000 0.003 0.007 0.001 0.002 0.005 0.022 0.000 0.003 0.001 0.001 0.001 

Locus 35 : 39654_13 
2 alleles
5.6% missing data
 120   (0.958) 0.967 0.999 0.998 1.000 0.997 0.993 0.999 0.982 0.995 0.972 1.000 0.997 1.000 0.999 0.999 
 100   (0.042) 0.033 0.001 0.002 0.000 0.003 0.007 0.001 0.018 0.005 0.028 0.000 0.003 0.000 0.001 0.001 

Locus 36 : 39700_65 
2 alleles
3.4% missing data
 110   (0.958) 0.962 0.997 0.998 1.000 0.995 0.990 0.998 0.997 0.993 0.971 1.000 0.997 1.000 0.999 0.999 
 120   (0.042) 0.038 0.003 0.002 0.000 0.005 0.010 0.002 0.003 0.007 0.029 0.000 0.003 0.000 0.001 0.001 

Locus 37 : 40824_7 
2 alleles
5.1% missing data
 130   (0.956) 0.969 0.999 0.997 1.000 0.996 0.993 0.999 0.924 0.995 0.980 1.000 0.997 1.000 0.999 0.999 
 110   (0.044) 0.031 0.001 0.003 0.000 0.004 0.007 0.001 0.076 0.005 0.020 0.000 0.003 0.000 0.001 0.001 

Locus 38 : 41554_43 
2 alleles
7.3% missing data
 120   (0.957) 0.970 0.999 0.998 1.000 0.956 0.994 0.999 0.997 0.994 0.980 1.000 0.997 1.000 0.999 0.999 
 100   (0.043) 0.030 0.001 0.002 0.000 0.044 0.006 0.001 0.003 0.006 0.020 0.000 0.003 0.000 0.001 0.001 

Locus 39 : 42501_5 
2 alleles
5.6% missing data
 120   (0.956) 0.971 0.999 0.998 1.000 0.996 0.995 0.999 0.998 0.995 0.979 1.000 0.918 1.000 0.999 0.999 
 110   (0.044) 0.029 0.001 0.002 0.000 0.004 0.005 0.001 0.002 0.005 0.021 0.000 0.082 0.000 0.001 0.001 

Locus 40 : 42989_15 
2 alleles
3.4% missing data
 130   (0.957) 0.971 0.999 0.998 1.000 0.997 0.991 0.999 0.921 0.995 0.978 1.000 0.997 1.000 0.999 0.999 
 110   (0.043) 0.029 0.001 0.002 0.000 0.003 0.009 0.001 0.079 0.005 0.022 0.000 0.003 0.000 0.001 0.001 

Locus 41 : 44631_16 
2 alleles
5.6% missing data
 120   (0.955) 0.969 0.999 0.998 1.000 0.844 0.994 0.999 0.998 0.994 0.979 1.000 0.997 1.000 0.999 0.999 
 110   (0.045) 0.031 0.001 0.002 0.000 0.156 0.006 0.001 0.002 0.006 0.021 0.000 0.003 0.000 0.001 0.001 

Locus 42 : 45332_74 
2 alleles
3.4% missing data
 130   (0.871) 0.839 0.944 0.994 0.999 0.991 0.953 0.982 0.758 0.835 0.911 0.999 0.991 0.984 0.818 0.996 
 110   (0.129) 0.161 0.056 0.006 0.001 0.009 0.047 0.018 0.242 0.165 0.089 0.001 0.009 0.016 0.182 0.004 

Locus 43 : 45964_12 
2 alleles
2.2% missing data
 100   (0.958) 0.971 0.999 0.998 1.000 0.997 0.994 0.999 0.998 0.995 0.979 1.000 0.995 1.000 0.999 0.978 
 130   (0.042) 0.029 0.001 0.002 0.000 0.003 0.006 0.001 0.002 0.005 0.021 0.000 0.005 0.000 0.001 0.022 

Locus 44 : 47772_18 
2 alleles
1.7% missing data
 120   (0.951) 0.967 0.999 0.998 1.000 0.997 0.994 0.999 0.998 0.994 0.978 1.000 0.812 1.000 0.999 0.999 
 100   (0.049) 0.033 0.001 0.002 0.000 0.003 0.006 0.001 0.002 0.006 0.022 0.000 0.188 0.000 0.001 0.001 

Locus 45 : 48505_7 
2 alleles
2.8% missing data
 130   (0.958) 0.963 0.999 0.998 1.000 0.997 0.989 0.999 0.997 0.994 0.972 1.000 0.997 1.000 0.993 0.999 
 110   (0.042) 0.037 0.001 0.002 0.000 0.003 0.011 0.001 0.003 0.006 0.028 0.000 0.003 0.000 0.007 0.001 

Locus 46 : 49838_13 
2 alleles
5.1% missing data
 120   (0.955) 0.969 0.999 0.998 1.000 0.997 0.994 0.999 0.998 0.995 0.980 1.000 0.997 1.000 0.908 0.999 
 100   (0.045) 0.031 0.001 0.002 0.000 0.003 0.006 0.001 0.002 0.005 0.020 0.000 0.003 0.000 0.092 0.001 

Locus 47 : 50793_47 
2 alleles
6.2% missing data
 120   (0.951) 0.964 0.999 0.998 1.000 0.992 0.983 0.999 0.861 0.994 0.976 1.000 0.996 1.000 0.999 0.999 
 100   (0.049) 0.036 0.001 0.002 0.000 0.008 0.017 0.001 0.139 0.006 0.024 0.000 0.004 0.000 0.001 0.001 

Locus 48 : 51471_5 
2 alleles
2.2% missing data
 110   (0.957) 0.970 0.999 0.998 1.000 0.997 0.994 0.999 0.998 0.995 0.980 1.000 0.997 1.000 0.999 0.940 
 120   (0.043) 0.030 0.001 0.002 0.000 0.003 0.006 0.001 0.002 0.005 0.020 0.000 0.003 0.000 0.001 0.060 

Locus 49 : 52408_45 
2 alleles
2.2% missing data
 130   (0.956) 0.971 0.999 0.998 1.000 0.809 0.995 0.999 0.998 0.995 0.980 1.000 0.997 1.000 0.999 0.999 
 110   (0.044) 0.029 0.001 0.002 0.000 0.191 0.005 0.001 0.002 0.005 0.020 0.000 0.003 0.000 0.001 0.001 

Locus 50 : 53046_18 
2 alleles
0.6% missing data
 120   (0.939) 0.953 0.999 0.997 1.000 0.996 0.990 0.991 0.921 0.992 0.967 1.000 0.996 1.000 0.999 0.998 
 100   (0.061) 0.047 0.001 0.003 0.000 0.004 0.010 0.009 0.079 0.008 0.033 0.000 0.004 0.000 0.001 0.002 

Locus 51 : 53230_50 
2 alleles
4.5% missing data
 120   (0.957) 0.971 0.999 0.998 1.000 0.997 0.995 0.999 0.998 0.995 0.980 1.000 0.997 1.000 0.999 0.895 
 110   (0.043) 0.029 0.001 0.002 0.000 0.003 0.005 0.001 0.002 0.005 0.020 0.000 0.003 0.000 0.001 0.105 

Locus 52 : 53957_5 
2 alleles
3.9% missing data
 130   (0.958) 0.966 0.998 0.998 1.000 0.997 0.993 0.999 0.987 0.994 0.976 1.000 0.997 1.000 0.999 0.999 
 110   (0.042) 0.034 0.002 0.002 0.000 0.003 0.007 0.001 0.013 0.006 0.024 0.000 0.003 0.000 0.001 0.001 

Locus 53 : 58003_89 
2 alleles
3.9% missing data
 120   (0.950) 0.961 0.987 0.970 0.995 0.996 0.984 0.996 0.994 0.990 0.973 0.999 0.996 0.995 0.999 0.998 
 100   (0.050) 0.039 0.013 0.030 0.005 0.004 0.016 0.004 0.006 0.010 0.027 0.001 0.004 0.005 0.001 0.002 

Locus 54 : 58412_58 
2 alleles
2.2% missing data
 110   (0.958) 0.971 0.999 0.998 1.000 0.997 0.994 0.999 0.998 0.995 0.981 1.000 0.974 1.000 0.999 0.999 
 100   (0.042) 0.029 0.001 0.002 0.000 0.003 0.006 0.001 0.002 0.005 0.019 0.000 0.026 0.000 0.001 0.001 

Locus 55 : 58452_11 
2 alleles
3.4% missing data
 120   (0.958) 0.967 0.999 0.982 1.000 0.997 0.993 0.999 0.997 0.994 0.972 1.000 0.997 1.000 0.999 0.999 
 130   (0.042) 0.033 0.001 0.018 0.000 0.003 0.007 0.001 0.003 0.006 0.028 0.000 0.003 0.000 0.001 0.001 

Locus 56 : 59409_85 
2 alleles
2.8% missing data
 130   (0.959) 0.960 0.996 0.998 1.000 0.997 0.989 0.999 0.998 0.993 0.978 1.000 0.997 1.000 0.999 0.999 
 100   (0.041) 0.040 0.004 0.002 0.000 0.003 0.011 0.001 0.002 0.007 0.022 0.000 0.003 0.000 0.001 0.001 

Locus 57 : 60620_10 
2 alleles
1.1% missing data
 120   (0.955) 0.969 0.999 0.998 1.000 0.997 0.994 0.999 0.998 0.995 0.980 1.000 0.891 1.000 0.999 0.999 
 130   (0.045) 0.031 0.001 0.002 0.000 0.003 0.006 0.001 0.002 0.005 0.020 0.000 0.109 0.000 0.001 0.001 

Locus 58 : 61541_77 
2 alleles
3.4% missing data
 120   (0.952) 0.968 0.999 0.998 1.000 0.997 0.994 0.999 0.998 0.995 0.978 1.000 0.839 1.000 0.999 0.999 
 100   (0.048) 0.032 0.001 0.002 0.000 0.003 0.006 0.001 0.002 0.005 0.022 0.000 0.161 0.000 0.001 0.001 

Locus 59 : 61756_42 
2 alleles
1.1% missing data
 130   (0.951) 0.967 0.999 0.998 1.000 0.997 0.994 0.999 0.998 0.994 0.978 1.000 0.821 1.000 0.999 0.999 
 110   (0.049) 0.033 0.001 0.002 0.000 0.003 0.006 0.001 0.002 0.006 0.022 0.000 0.179 0.000 0.001 0.001 

Locus 60 : 62497_19 
2 alleles
6.2% missing data
 130   (0.907) 0.931 0.987 0.956 0.991 0.870 0.971 0.997 0.994 0.941 0.949 0.997 0.993 0.992 0.985 0.996 
 110   (0.093) 0.069 0.013 0.044 0.009 0.130 0.029 0.003 0.006 0.059 0.051 0.003 0.007 0.008 0.015 0.004 

Locus 61 : 63024_50 
2 alleles
2.8% missing data
 120   (0.949) 0.960 0.999 0.948 1.000 0.996 0.991 0.999 0.997 0.993 0.962 1.000 0.996 1.000 0.999 0.999 
 100   (0.051) 0.040 0.001 0.052 0.000 0.004 0.009 0.001 0.003 0.007 0.038 0.000 0.004 0.000 0.001 0.001 

Locus 62 : 64492_50 
2 alleles
7.3% missing data
 120   (0.916) 0.941 0.998 0.952 0.999 0.883 0.988 0.998 0.924 0.988 0.960 1.000 0.994 1.000 0.999 0.998 
 100   (0.084) 0.059 0.002 0.048 0.001 0.117 0.012 0.002 0.076 0.012 0.040 0.000 0.006 0.000 0.001 0.002 

Locus 63 : 67984_34 
2 alleles
2.2% missing data
 120   (0.955) 0.969 0.999 0.998 1.000 0.997 0.994 0.999 0.998 0.995 0.980 1.000 0.865 1.000 0.999 0.999 
 100   (0.045) 0.031 0.001 0.002 0.000 0.003 0.006 0.001 0.002 0.005 0.020 0.000 0.135 0.000 0.001 0.001 

Locus 64 : 69199_10 
2 alleles
4.5% missing data
 120   (0.943) 0.959 0.999 0.329 0.999 0.996 0.986 0.998 0.997 0.993 0.965 1.000 0.996 0.999 0.999 0.998 
 100   (0.057) 0.041 0.001 0.671 0.001 0.004 0.014 0.002 0.003 0.007 0.035 0.000 0.004 0.001 0.001 0.002 

Locus 65 : 71368_77 
2 alleles
6.7% missing data
 100   (0.956) 0.970 0.999 0.998 1.000 0.996 0.995 0.999 0.998 0.995 0.980 1.000 0.997 1.000 0.999 0.766 
 110   (0.044) 0.030 0.001 0.002 0.000 0.004 0.005 0.001 0.002 0.005 0.020 0.000 0.003 0.000 0.001 0.234 

Locus 66 : 72276_35 
2 alleles
5.1% missing data
 130   (0.954) 0.968 0.999 0.998 1.000 0.997 0.993 0.999 0.890 0.994 0.977 1.000 0.997 1.000 0.999 0.999 
 120   (0.046) 0.032 0.001 0.002 0.000 0.003 0.007 0.001 0.110 0.006 0.023 0.000 0.003 0.000 0.001 0.001 

Locus 67 : 73554_16 
2 alleles
3.9% missing data
 100   (0.955) 0.969 0.999 0.998 1.000 0.997 0.994 0.999 0.998 0.845 0.980 1.000 0.997 1.000 0.999 0.999 
 130   (0.045) 0.031 0.001 0.002 0.000 0.003 0.006 0.001 0.002 0.155 0.020 0.000 0.003 0.000 0.001 0.001 

Locus 68 : 74575_32 
2 alleles
1.7% missing data
 120   (0.960) 0.967 0.999 0.998 1.000 0.997 0.993 0.999 0.984 0.995 0.974 1.000 0.997 1.000 0.999 0.999 
 100   (0.040) 0.033 0.001 0.002 0.000 0.003 0.007 0.001 0.016 0.005 0.026 0.000 0.003 0.000 0.001 0.001 

Locus 69 : 76504_10 
2 alleles
1.1% missing data
 110   (0.955) 0.968 0.999 0.998 1.000 0.997 0.993 0.791 0.998 0.995 0.980 1.000 0.997 1.000 0.999 0.999 
 100   (0.045) 0.032 0.001 0.002 0.000 0.003 0.007 0.209 0.002 0.005 0.020 0.000 0.003 0.000 0.001 0.001 

Locus 70 : 76561_35 
2 alleles
5.6% missing data
 120   (0.953) 0.968 0.999 0.998 1.000 0.543 0.994 0.999 0.998 0.995 0.978 1.000 0.997 1.000 0.999 0.999 
 100   (0.047) 0.032 0.001 0.002 0.000 0.457 0.006 0.001 0.002 0.005 0.022 0.000 0.003 0.000 0.001 0.001 

Locus 71 : 77346_16 
2 alleles
2.2% missing data
 130   (0.958) 0.971 0.999 0.998 1.000 0.997 0.994 0.917 0.998 0.995 0.981 1.000 0.997 1.000 0.999 0.999 
 110   (0.042) 0.029 0.001 0.002 0.000 0.003 0.006 0.083 0.002 0.005 0.019 0.000 0.003 0.000 0.001 0.001 

Locus 72 : 78631_40 
2 alleles
7.9% missing data
 120   (0.951) 0.964 0.999 0.997 1.000 0.995 0.993 0.999 0.802 0.994 0.975 1.000 0.997 1.000 0.999 0.999 
 110   (0.049) 0.036 0.001 0.003 0.000 0.005 0.007 0.001 0.198 0.006 0.025 0.000 0.003 0.000 0.001 0.001 

Locus 73 : 80366_12 
2 alleles
6.7% missing data
 130   (0.957) 0.961 0.997 0.998 0.999 0.995 0.989 0.998 0.997 0.993 0.971 1.000 0.997 1.000 0.999 0.999 
 110   (0.043) 0.039 0.003 0.002 0.001 0.005 0.011 0.002 0.003 0.007 0.029 0.000 0.003 0.000 0.001 0.001 

Locus 74 : 80499_10 
2 alleles
6.2% missing data
 130   (0.955) 0.969 0.999 0.998 1.000 0.997 0.994 0.999 0.998 0.995 0.980 1.000 0.996 1.000 0.999 0.900 
 100   (0.045) 0.031 0.001 0.002 0.000 0.003 0.006 0.001 0.002 0.005 0.020 0.000 0.004 0.000 0.001 0.100 

Locus 75 : 81141_31 
2 alleles
2.8% missing data
 120   (0.958) 0.963 0.999 0.998 1.000 0.997 0.988 0.999 0.997 0.994 0.971 1.000 0.997 1.000 0.994 0.999 
 100   (0.042) 0.037 0.001 0.002 0.000 0.003 0.012 0.001 0.003 0.006 0.029 0.000 0.003 0.000 0.006 0.001 

Locus 76 : 81662_33 
2 alleles
3.4% missing data
 120   (0.958) 0.959 0.994 0.998 1.000 0.997 0.992 0.999 0.998 0.995 0.977 1.000 0.997 1.000 0.999 0.999 
 110   (0.042) 0.041 0.006 0.002 0.000 0.003 0.008 0.001 0.002 0.005 0.023 0.000 0.003 0.000 0.001 0.001 

Locus 77 : 82002_8 
2 alleles
6.7% missing data
 100   (0.948) 0.965 0.999 0.998 1.000 0.996 0.994 0.999 0.997 0.994 0.977 1.000 0.675 1.000 0.999 0.999 
 110   (0.052) 0.035 0.001 0.002 0.000 0.004 0.006 0.001 0.003 0.006 0.023 0.000 0.325 0.000 0.001 0.001 

Locus 78 : 82631_34 
2 alleles
7.9% missing data
 120   (0.957) 0.955 0.999 0.997 1.000 0.995 0.976 0.999 0.997 0.994 0.963 1.000 0.997 1.000 0.999 0.999 
 100   (0.043) 0.045 0.001 0.003 0.000 0.005 0.024 0.001 0.003 0.006 0.037 0.000 0.003 0.000 0.001 0.001 

Locus 79 : 83247_84 
2 alleles
3.4% missing data
 110   (0.947) 0.961 0.999 0.998 1.000 0.996 0.992 0.999 0.762 0.994 0.972 1.000 0.996 1.000 0.999 0.999 
 100   (0.053) 0.039 0.001 0.002 0.000 0.004 0.008 0.001 0.238 0.006 0.028 0.000 0.004 0.000 0.001 0.001 

Locus 80 : 83916_5 
2 alleles
3.9% missing data
 130   (0.957) 0.971 0.999 0.998 1.000 0.997 0.994 0.999 0.998 0.995 0.980 1.000 0.997 0.999 0.846 0.999 
 110   (0.043) 0.029 0.001 0.002 0.000 0.003 0.006 0.001 0.002 0.005 0.020 0.000 0.003 0.001 0.154 0.001 

Locus 81 : 84971_7 
2 alleles
2.2% missing data
 120   (0.943) 0.947 0.999 0.988 0.994 0.995 0.956 0.970 0.996 0.990 0.959 0.999 0.996 0.995 0.998 0.998 
 110   (0.057) 0.053 0.001 0.012 0.006 0.005 0.044 0.030 0.004 0.010 0.041 0.001 0.004 0.005 0.002 0.002 

Locus 82 : 85247_77 
2 alleles
7.9% missing data
 120   (0.958) 0.967 0.998 0.997 0.998 0.996 0.990 0.998 0.997 0.993 0.972 1.000 0.997 0.995 0.994 0.998 
 110   (0.042) 0.033 0.002 0.003 0.002 0.004 0.010 0.002 0.003 0.007 0.028 0.000 0.003 0.005 0.006 0.002 

Locus 83 : 85248_24 
2 alleles
5.1% missing data
 100   (0.952) 0.968 0.999 0.998 1.000 0.997 0.994 0.999 0.997 0.995 0.979 1.000 0.858 1.000 0.999 0.999 
 120   (0.048) 0.032 0.001 0.002 0.000 0.003 0.006 0.001 0.003 0.005 0.021 0.000 0.142 0.000 0.001 0.001 

Locus 84 : 85402_12 
2 alleles
3.4% missing data
 120   (0.958) 0.960 0.996 0.998 1.000 0.997 0.989 0.999 0.998 0.994 0.977 1.000 0.997 1.000 0.999 0.999 
 100   (0.042) 0.040 0.004 0.002 0.000 0.003 0.011 0.001 0.002 0.006 0.023 0.000 0.003 0.000 0.001 0.001 

Locus 85 : 86588_18 
2 alleles
3.9% missing data
 120   (0.958) 0.967 0.999 0.979 1.000 0.996 0.994 0.999 0.998 0.994 0.973 1.000 0.997 1.000 0.999 0.999 
 100   (0.042) 0.033 0.001 0.021 0.000 0.004 0.006 0.001 0.002 0.006 0.027 0.000 0.003 0.000 0.001 0.001 

Locus 86 : 87070_60 
2 alleles
2.2% missing data
 100   (0.956) 0.969 0.999 0.998 1.000 0.997 0.995 0.999 0.998 0.856 0.980 1.000 0.997 1.000 0.999 0.999 
 130   (0.044) 0.031 0.001 0.002 0.000 0.003 0.005 0.001 0.002 0.144 0.020 0.000 0.003 0.000 0.001 0.001 

Locus 87 : 87747_31 
2 alleles
6.2% missing data
 120   (0.953) 0.968 0.999 0.998 1.000 0.997 0.995 0.999 0.997 0.995 0.979 1.000 0.914 1.000 0.999 0.999 
 110   (0.047) 0.032 0.001 0.002 0.000 0.003 0.005 0.001 0.003 0.005 0.021 0.000 0.086 0.000 0.001 0.001 

Locus 88 : 88455_10 
2 alleles
5.1% missing data
 130   (0.953) 0.967 0.999 0.998 1.000 0.781 0.994 0.999 0.997 0.994 0.979 1.000 0.997 1.000 0.999 0.999 
 100   (0.047) 0.033 0.001 0.002 0.000 0.219 0.006 0.001 0.003 0.006 0.021 0.000 0.003 0.000 0.001 0.001 

Locus 89 : 89005_12 
2 alleles
1.1% missing data
 120   (0.954) 0.969 0.999 0.998 1.000 0.997 0.994 0.999 0.998 0.995 0.979 1.000 0.892 1.000 0.999 0.999 
 130   (0.046) 0.031 0.001 0.002 0.000 0.003 0.006 0.001 0.002 0.005 0.021 0.000 0.108 0.000 0.001 0.001 

Locus 90 : 89213_8 
2 alleles
3.4% missing data
 130   (0.958) 0.971 0.999 0.998 1.000 0.997 0.995 0.999 0.998 0.995 0.980 1.000 0.971 1.000 0.999 0.999 
 110   (0.042) 0.029 0.001 0.002 0.000 0.003 0.005 0.001 0.002 0.005 0.020 0.000 0.029 0.000 0.001 0.001 

Locus 91 : 93475_13 
2 alleles
2.2% missing data
 130   (0.953) 0.968 0.999 0.998 1.000 0.997 0.994 0.999 0.998 0.995 0.979 1.000 0.865 1.000 0.999 0.999 
 110   (0.047) 0.032 0.001 0.002 0.000 0.003 0.006 0.001 0.002 0.005 0.021 0.000 0.135 0.000 0.001 0.001 

Locus 92 : 95749_27 
2 alleles
3.9% missing data
 120   (0.958) 0.971 0.999 0.998 1.000 0.997 0.995 0.999 0.998 0.995 0.980 1.000 0.970 1.000 0.999 0.999 
 100   (0.042) 0.029 0.001 0.002 0.000 0.003 0.005 0.001 0.002 0.005 0.020 0.000 0.030 0.000 0.001 0.001 

Locus 93 : 98167_26 
2 alleles
3.4% missing data
 120   (0.935) 0.952 0.972 0.989 0.998 0.991 0.989 0.989 0.996 0.887 0.968 1.000 0.995 0.999 0.999 0.998 
 110   (0.065) 0.048 0.028 0.011 0.002 0.009 0.011 0.011 0.004 0.113 0.032 0.000 0.005 0.001 0.001 0.002 

Locus 94 : 98988_58 
2 alleles
2.2% missing data
 130   (0.958) 0.971 0.999 0.998 1.000 0.997 0.994 0.999 0.998 0.994 0.980 1.000 0.974 1.000 0.999 0.999 
 110   (0.042) 0.029 0.001 0.002 0.000 0.003 0.006 0.001 0.002 0.006 0.020 0.000 0.026 0.000 0.001 0.001 

Locus 95 : 103824_15 
2 alleles
3.4% missing data
 130   (0.953) 0.968 0.999 0.998 1.000 0.997 0.994 0.999 0.998 0.995 0.979 1.000 0.810 1.000 0.999 0.999 
 110   (0.047) 0.032 0.001 0.002 0.000 0.003 0.006 0.001 0.002 0.005 0.021 0.000 0.190 0.000 0.001 0.001 

Locus 96 : 108043_8 
2 alleles
4.5% missing data
 130   (0.956) 0.970 0.999 0.998 1.000 0.997 0.994 0.910 0.998 0.995 0.980 1.000 0.997 1.000 0.999 0.999 
 110   (0.044) 0.030 0.001 0.002 0.000 0.003 0.006 0.090 0.002 0.005 0.020 0.000 0.003 0.000 0.001 0.001 

Locus 97 : 108049_79 
2 alleles
2.8% missing data
 120   (0.959) 0.960 0.994 0.998 1.000 0.997 0.992 0.999 0.998 0.995 0.978 1.000 0.997 1.000 0.999 0.999 
 100   (0.041) 0.040 0.006 0.002 0.000 0.003 0.008 0.001 0.002 0.005 0.022 0.000 0.003 0.000 0.001 0.001 

Locus 98 : 108366_5 
2 alleles
2.8% missing data
 130   (0.955) 0.969 0.999 0.998 1.000 0.997 0.994 0.999 0.998 0.995 0.980 1.000 0.919 1.000 0.999 0.999 
 100   (0.045) 0.031 0.001 0.002 0.000 0.003 0.006 0.001 0.002 0.005 0.020 0.000 0.081 0.000 0.001 0.001 

Locus 99 : 108403_10 
2 alleles
6.2% missing data
 130   (0.958) 0.964 0.999 0.998 1.000 0.997 0.992 0.989 0.997 0.994 0.976 1.000 0.996 1.000 0.999 0.999 
 110   (0.042) 0.036 0.001 0.002 0.000 0.003 0.008 0.011 0.003 0.006 0.024 0.000 0.004 0.000 0.001 0.001 

Locus 100 : 109283_38 
2 alleles
3.9% missing data
 120   (0.876) 0.826 0.928 0.960 0.981 0.991 0.839 0.996 0.987 0.982 0.744 0.995 0.991 0.832 0.460 0.996 
 100   (0.124) 0.174 0.072 0.040 0.019 0.009 0.161 0.004 0.013 0.018 0.256 0.005 0.009 0.168 0.540 0.004 

Locus 101 : 109527_54 
2 alleles
7.3% missing data
 110   (0.948) 0.961 0.994 0.997 1.000 0.997 0.993 0.999 0.805 0.992 0.974 1.000 0.996 1.000 0.999 0.999 
 130   (0.052) 0.039 0.006 0.003 0.000 0.003 0.007 0.001 0.195 0.008 0.026 0.000 0.004 0.000 0.001 0.001 

Locus 102 : 109804_31 
2 alleles
2.2% missing data
 130   (0.955) 0.969 0.999 0.998 1.000 0.997 0.994 0.999 0.998 0.995 0.979 1.000 0.945 1.000 0.999 0.999 
 100   (0.045) 0.031 0.001 0.002 0.000 0.003 0.006 0.001 0.002 0.005 0.021 0.000 0.055 0.000 0.001 0.001 

Locus 103 : 112614_46 
2 alleles
5.1% missing data
 120   (0.954) 0.969 0.999 0.998 1.000 0.997 0.994 0.999 0.998 0.994 0.980 1.000 0.885 1.000 0.999 0.999 
 100   (0.046) 0.031 0.001 0.002 0.000 0.003 0.006 0.001 0.002 0.006 0.020 0.000 0.115 0.000 0.001 0.001 

Locus 104 : 112906_14 
2 alleles
3.9% missing data
 110   (0.884) 0.857 0.998 0.995 0.999 0.690 0.915 0.997 0.735 0.952 0.912 1.000 0.992 0.999 0.964 0.997 
 120   (0.116) 0.143 0.002 0.005 0.001 0.310 0.085 0.003 0.265 0.048 0.088 0.000 0.008 0.001 0.036 0.003 

Locus 105 : 113735_32 
2 alleles
6.7% missing data
 120   (0.958) 0.967 0.999 0.998 1.000 0.964 0.994 0.999 0.998 0.994 0.979 1.000 0.997 1.000 0.999 0.999 
 100   (0.042) 0.033 0.001 0.002 0.000 0.036 0.006 0.001 0.002 0.006 0.021 0.000 0.003 0.000 0.001 0.001 

Locus 106 : 115028_7 
2 alleles
3.9% missing data
 120   (0.958) 0.970 0.999 0.998 1.000 0.956 0.994 0.999 0.998 0.995 0.980 1.000 0.997 1.000 0.999 0.999 
 100   (0.042) 0.030 0.001 0.002 0.000 0.044 0.006 0.001 0.002 0.005 0.020 0.000 0.003 0.000 0.001 0.001 

Locus 107 : 115179_16 
2 alleles
2.2% missing data
 120   (0.955) 0.970 0.999 0.998 1.000 0.997 0.995 0.999 0.998 0.995 0.980 1.000 0.909 1.000 0.999 0.999 
 110   (0.045) 0.030 0.001 0.002 0.000 0.003 0.005 0.001 0.002 0.005 0.020 0.000 0.091 0.000 0.001 0.001 

Locus 108 : 116753_51 
2 alleles
7.3% missing data
 120   (0.956) 0.933 0.999 0.998 0.999 0.997 0.952 0.999 0.997 0.994 0.950 1.000 0.997 0.999 0.989 0.999 
 100   (0.044) 0.067 0.001 0.002 0.001 0.003 0.048 0.001 0.003 0.006 0.050 0.000 0.003 0.001 0.011 0.001 

Locus 109 : 116931_31 
2 alleles
7.9% missing data
 120   (0.957) 0.967 0.999 0.980 1.000 0.997 0.993 0.999 0.998 0.994 0.973 1.000 0.997 1.000 0.999 0.999 
 110   (0.043) 0.033 0.001 0.020 0.000 0.003 0.007 0.001 0.002 0.006 0.027 0.000 0.003 0.000 0.001 0.001 

Locus 110 : 116938_8 
2 alleles
4.5% missing data
 130   (0.917) 0.941 0.998 0.996 1.000 0.994 0.988 0.998 0.856 0.938 0.958 1.000 0.994 0.999 0.891 0.998 
 110   (0.083) 0.059 0.002 0.004 0.000 0.006 0.012 0.002 0.144 0.062 0.042 0.000 0.006 0.001 0.109 0.002 

Locus 111 : 122302_80 
2 alleles
10.1% missing data
 110   (0.957) 0.969 0.999 0.954 1.000 0.996 0.994 0.999 0.998 0.995 0.979 1.000 0.997 1.000 0.999 0.999 
 100   (0.043) 0.031 0.001 0.046 0.000 0.004 0.006 0.001 0.002 0.005 0.021 0.000 0.003 0.000 0.001 0.001 

Locus 112 : 123190_14 
2 alleles
3.4% missing data
 120   (0.950) 0.961 0.999 0.935 1.000 0.996 0.991 0.999 0.997 0.994 0.968 1.000 0.996 0.999 0.999 0.999 
 130   (0.050) 0.039 0.001 0.065 0.000 0.004 0.009 0.001 0.003 0.006 0.032 0.000 0.004 0.001 0.001 0.001 

Locus 113 : 123271_36 
2 alleles
3.9% missing data
 100   (0.953) 0.968 0.999 0.998 1.000 0.997 0.995 0.999 0.998 0.995 0.979 1.000 0.857 1.000 0.999 0.999 
 110   (0.047) 0.032 0.001 0.002 0.000 0.003 0.005 0.001 0.002 0.005 0.021 0.000 0.143 0.000 0.001 0.001 

Locus 114 : 124147_18 
2 alleles
2.2% missing data
 130   (0.954) 0.968 0.999 0.998 1.000 0.997 0.994 0.999 0.998 0.759 0.979 1.000 0.997 1.000 0.999 0.999 
 110   (0.046) 0.032 0.001 0.002 0.000 0.003 0.006 0.001 0.002 0.241 0.021 0.000 0.003 0.000 0.001 0.001 

Locus 115 : 124184_33 
2 alleles
5.6% missing data
 110   (0.953) 0.968 0.999 0.998 1.000 0.997 0.994 0.999 0.997 0.995 0.979 1.000 0.909 1.000 0.999 0.999 
 100   (0.047) 0.032 0.001 0.002 0.000 0.003 0.006 0.001 0.003 0.005 0.021 0.000 0.091 0.000 0.001 0.001 

Locus 116 : 125404_24 
2 alleles
1.1% missing data
 130   (0.957) 0.972 0.999 0.998 1.000 0.757 0.995 0.999 0.998 0.995 0.980 1.000 0.997 1.000 0.999 0.999 
 110   (0.043) 0.028 0.001 0.002 0.000 0.243 0.005 0.001 0.002 0.005 0.020 0.000 0.003 0.000 0.001 0.001 

Locus 117 : 125436_43 
2 alleles
3.9% missing data
 130   (0.924) 0.938 0.998 0.997 1.000 0.696 0.986 0.998 0.838 0.991 0.964 1.000 0.995 1.000 0.999 0.998 
 100   (0.076) 0.062 0.002 0.003 0.000 0.304 0.014 0.002 0.162 0.009 0.036 0.000 0.005 0.000 0.001 0.002 

Locus 118 : 126013_18 
2 alleles
2.8% missing data
 130   (0.957) 0.971 0.999 0.998 1.000 0.997 0.994 0.999 0.998 0.995 0.981 1.000 0.997 1.000 0.999 0.879 
 110   (0.043) 0.029 0.001 0.002 0.000 0.003 0.006 0.001 0.002 0.005 0.019 0.000 0.003 0.000 0.001 0.121 

Locus 119 : 126137_19 
2 alleles
3.9% missing data
 120   (0.958) 0.964 0.999 0.998 1.000 0.983 0.989 0.999 0.985 0.994 0.979 1.000 0.997 1.000 0.999 0.999 
 110   (0.042) 0.036 0.001 0.002 0.000 0.017 0.011 0.001 0.015 0.006 0.021 0.000 0.003 0.000 0.001 0.001 

Locus 120 : 126845_22 
2 alleles
5.6% missing data
 130   (0.959) 0.971 0.999 0.998 1.000 0.956 0.994 0.999 0.998 0.993 0.980 1.000 0.997 1.000 0.999 0.999 
 110   (0.041) 0.029 0.001 0.002 0.000 0.044 0.006 0.001 0.002 0.007 0.020 0.000 0.003 0.000 0.001 0.001 

Locus 121 : 127512_8 
2 alleles
1.1% missing data
 130   (0.957) 0.970 0.999 0.998 1.000 0.997 0.995 0.999 0.998 0.995 0.980 1.000 0.997 1.000 0.999 0.908 
 100   (0.043) 0.030 0.001 0.002 0.000 0.003 0.005 0.001 0.002 0.005 0.020 0.000 0.003 0.000 0.001 0.092 

Locus 122 : 127692_13 
2 alleles
2.8% missing data
 100   (0.952) 0.965 0.999 0.998 1.000 0.997 0.993 0.999 0.934 0.994 0.973 1.000 0.997 1.000 0.999 0.999 
 120   (0.048) 0.035 0.001 0.002 0.000 0.003 0.007 0.001 0.066 0.006 0.027 0.000 0.003 0.000 0.001 0.001 

Locus 123 : 128195_18 
2 alleles
7.3% missing data
 130   (0.871) 0.895 0.321 0.971 0.995 0.989 0.917 0.997 0.921 0.428 0.930 1.000 0.990 0.998 0.998 0.996 
 110   (0.129) 0.105 0.679 0.029 0.005 0.011 0.083 0.003 0.079 0.572 0.070 0.000 0.010 0.002 0.002 0.004 

Locus 124 : 128198_14 
2 alleles
4.5% missing data
 130   (0.929) 0.951 0.999 0.997 1.000 0.995 0.991 0.998 0.996 0.992 0.968 1.000 0.918 1.000 0.999 0.905 
 120   (0.071) 0.049 0.001 0.003 0.000 0.005 0.009 0.002 0.004 0.008 0.032 0.000 0.082 0.000 0.001 0.095 

Locus 125 : 128423_39 
2 alleles
4.5% missing data
 130   (0.958) 0.964 0.992 0.998 1.000 0.997 0.990 0.999 0.998 0.988 0.973 1.000 0.997 1.000 0.999 0.999 
 100   (0.042) 0.036 0.008 0.002 0.000 0.003 0.010 0.001 0.002 0.012 0.027 0.000 0.003 0.000 0.001 0.001 

Locus 126 : 131572_48 
2 alleles
1.1% missing data
 120   (0.950) 0.944 0.999 0.998 1.000 0.996 0.970 0.999 0.997 0.994 0.955 1.000 0.996 0.999 0.986 0.999 
 100   (0.050) 0.056 0.001 0.002 0.000 0.004 0.030 0.001 0.003 0.006 0.045 0.000 0.004 0.001 0.014 0.001 

Locus 127 : 132199_62 
2 alleles
3.9% missing data
 100   (0.952) 0.967 0.999 0.998 1.000 0.997 0.994 0.999 0.998 0.994 0.978 1.000 0.751 1.000 0.999 0.999 
 120   (0.048) 0.033 0.001 0.002 0.000 0.003 0.006 0.001 0.002 0.006 0.022 0.000 0.249 0.000 0.001 0.001 

Locus 128 : 135566_64 
2 alleles
7.3% missing data
 130   (0.958) 0.960 0.995 0.998 1.000 0.997 0.990 0.999 0.998 0.993 0.977 1.000 0.997 1.000 0.999 0.999 
 110   (0.042) 0.040 0.005 0.002 0.000 0.003 0.010 0.001 0.002 0.007 0.023 0.000 0.003 0.000 0.001 0.001 

Locus 129 : 135761_5 
2 alleles
7.9% missing data
 130   (0.955) 0.970 0.999 0.998 1.000 0.997 0.994 0.999 0.998 0.995 0.979 1.000 0.905 1.000 0.999 0.999 
 100   (0.045) 0.030 0.001 0.002 0.000 0.003 0.006 0.001 0.002 0.005 0.021 0.000 0.095 0.000 0.001 0.001 

Locus 130 : 137219_35 
2 alleles
3.4% missing data
 120   (0.944) 0.941 0.977 0.998 1.000 0.996 0.986 0.999 0.997 0.992 0.968 1.000 0.996 1.000 0.999 0.998 
 100   (0.056) 0.059 0.023 0.002 0.000 0.004 0.014 0.001 0.003 0.008 0.032 0.000 0.004 0.000 0.001 0.002 

Locus 131 : 139081_20 
2 alleles
5.6% missing data
 120   (0.941) 0.954 0.998 0.997 1.000 0.996 0.988 0.999 0.972 0.927 0.967 1.000 0.996 1.000 0.999 0.998 
 110   (0.059) 0.046 0.002 0.003 0.000 0.004 0.012 0.001 0.028 0.073 0.033 0.000 0.004 0.000 0.001 0.002 

Locus 132 : 139084_52 
2 alleles
5.1% missing data
 120   (0.919) 0.938 0.995 0.924 0.999 0.993 0.983 0.998 0.995 0.825 0.944 1.000 0.994 0.999 0.999 0.998 
 110   (0.081) 0.062 0.005 0.076 0.001 0.007 0.017 0.002 0.005 0.175 0.056 0.000 0.006 0.001 0.001 0.002 

Locus 133 : 139433_54 
2 alleles
3.9% missing data
 120   (0.956) 0.970 0.999 0.998 1.000 0.997 0.995 0.999 0.998 0.995 0.980 1.000 0.945 1.000 0.999 0.999 
 100   (0.044) 0.030 0.001 0.002 0.000 0.003 0.005 0.001 0.002 0.005 0.020 0.000 0.055 0.000 0.001 0.001 

Locus 134 : 140063_88 
2 alleles
7.9% missing data
 110   (0.957) 0.966 0.998 0.998 1.000 0.997 0.993 0.999 0.986 0.992 0.975 1.000 0.997 1.000 0.999 0.999 
 100   (0.043) 0.034 0.002 0.002 0.000 0.003 0.007 0.001 0.014 0.008 0.025 0.000 0.003 0.000 0.001 0.001 

Locus 135 : 140194_73 
2 alleles
2.8% missing data
 120   (0.958) 0.971 0.999 0.998 1.000 0.997 0.994 0.999 0.998 0.993 0.980 1.000 0.997 1.000 0.999 0.975 
 110   (0.042) 0.029 0.001 0.002 0.000 0.003 0.006 0.001 0.002 0.007 0.020 0.000 0.003 0.000 0.001 0.025 

Locus 136 : 141313_8 
2 alleles
2.8% missing data
 120   (0.955) 0.970 0.999 0.998 1.000 0.997 0.995 0.999 0.998 0.995 0.979 1.000 0.919 1.000 0.999 0.999 
 100   (0.045) 0.030 0.001 0.002 0.000 0.003 0.005 0.001 0.002 0.005 0.021 0.000 0.081 0.000 0.001 0.001 

Locus 137 : 145284_28 
2 alleles
2.8% missing data
 130   (0.954) 0.969 0.999 0.998 1.000 0.997 0.994 0.999 0.998 0.622 0.979 1.000 0.997 1.000 0.999 0.999 
 110   (0.046) 0.031 0.001 0.002 0.000 0.003 0.006 0.001 0.002 0.378 0.021 0.000 0.003 0.000 0.001 0.001 

Locus 138 : 145957_11 
2 alleles
4.5% missing data
 130   (0.957) 0.971 0.999 0.998 1.000 0.997 0.995 0.999 0.998 0.994 0.980 1.000 0.997 1.000 0.868 0.999 
 110   (0.043) 0.029 0.001 0.002 0.000 0.003 0.005 0.001 0.002 0.006 0.020 0.000 0.003 0.000 0.132 0.001 

Locus 139 : 160306_34 
2 alleles
2.8% missing data
 120   (0.931) 0.909 0.999 0.997 1.000 0.791 0.949 0.998 0.980 0.992 0.937 1.000 0.995 0.999 0.998 0.998 
 100   (0.069) 0.091 0.001 0.003 0.000 0.209 0.051 0.002 0.020 0.008 0.063 0.000 0.005 0.001 0.002 0.002 

Locus 140 : 162107_37 
2 alleles
3.4% missing data
 120   (0.937) 0.952 0.999 0.997 1.000 0.900 0.991 0.999 0.984 0.992 0.962 1.000 0.995 1.000 0.999 0.998 
 100   (0.063) 0.048 0.001 0.003 0.000 0.100 0.009 0.001 0.016 0.008 0.038 0.000 0.005 0.000 0.001 0.002 

Locus 141 : 163290_36 
2 alleles
5.1% missing data
 130   (0.924) 0.942 0.995 0.925 0.992 0.995 0.937 0.997 0.996 0.767 0.944 1.000 0.994 0.984 0.998 0.998 
 110   (0.076) 0.058 0.005 0.075 0.008 0.005 0.063 0.003 0.004 0.233 0.056 0.000 0.006 0.016 0.002 0.002 

Locus 142 : 163453_13 
2 alleles
5.6% missing data
 120   (0.957) 0.967 0.999 0.981 1.000 0.997 0.993 0.999 0.997 0.994 0.972 1.000 0.997 1.000 0.999 0.999 
 110   (0.043) 0.033 0.001 0.019 0.000 0.003 0.007 0.001 0.003 0.006 0.028 0.000 0.003 0.000 0.001 0.001 

Locus 143 : 163580_14 
2 alleles
10.1% missing data
 120   (0.954) 0.969 0.999 0.998 0.818 0.997 0.994 0.995 0.997 0.995 0.979 1.000 0.996 1.000 0.999 0.999 
 100   (0.046) 0.031 0.001 0.002 0.182 0.003 0.006 0.005 0.003 0.005 0.021 0.000 0.004 0.000 0.001 0.001 

Locus 144 : 164461_13 
2 alleles
5.6% missing data
 100   (0.955) 0.969 0.999 0.845 1.000 0.997 0.994 0.999 0.997 0.995 0.980 1.000 0.997 1.000 0.999 0.999 
 120   (0.045) 0.031 0.001 0.155 0.000 0.003 0.006 0.001 0.003 0.005 0.020 0.000 0.003 0.000 0.001 0.001 

Locus 145 : 165413_43 
2 alleles
1.7% missing data
 110   (0.953) 0.965 0.999 0.997 1.000 0.997 0.991 0.999 0.939 0.994 0.969 1.000 0.997 1.000 0.999 0.999 
 130   (0.047) 0.035 0.001 0.003 0.000 0.003 0.009 0.001 0.061 0.006 0.031 0.000 0.003 0.000 0.001 0.001 

Locus 146 : 168629_44 
2 alleles
5.6% missing data
 130   (0.945) 0.958 0.985 0.980 0.999 0.996 0.989 0.998 0.964 0.988 0.974 1.000 0.996 0.999 0.999 0.998 
 110   (0.055) 0.042 0.015 0.020 0.001 0.004 0.011 0.002 0.036 0.012 0.026 0.000 0.004 0.001 0.001 0.002 

Locus 147 : 168991_77 
2 alleles
5.6% missing data
 110   (0.867) 0.787 0.962 0.989 0.998 0.655 0.831 0.996 0.935 0.979 0.840 0.999 0.990 0.996 0.987 0.996 
 100   (0.133) 0.213 0.038 0.011 0.002 0.345 0.169 0.004 0.065 0.021 0.160 0.001 0.010 0.004 0.013 0.004 

Locus 148 : 169478_88 
2 alleles
5.1% missing data
 130   (0.956) 0.968 0.999 0.998 1.000 0.997 0.994 0.999 0.997 0.994 0.979 1.000 0.997 1.000 0.999 0.976 
 100   (0.044) 0.032 0.001 0.002 0.000 0.003 0.006 0.001 0.003 0.006 0.021 0.000 0.003 0.000 0.001 0.024 

Locus 149 : 169898_8 
2 alleles
6.2% missing data
 120   (0.940) 0.953 0.998 0.964 0.999 0.995 0.991 0.998 0.915 0.992 0.973 1.000 0.995 1.000 0.999 0.998 
 100   (0.060) 0.047 0.002 0.036 0.001 0.005 0.009 0.002 0.085 0.008 0.027 0.000 0.005 0.000 0.001 0.002 

Locus 150 : 170224_42 
2 alleles
7.3% missing data
 100   (0.914) 0.932 0.979 0.796 0.996 0.993 0.950 0.997 0.935 0.980 0.943 1.000 0.993 0.999 0.999 0.997 
 120   (0.086) 0.068 0.021 0.204 0.004 0.007 0.050 0.003 0.065 0.020 0.057 0.000 0.007 0.001 0.001 0.003 

Locus 151 : 174083_22 
2 alleles
3.9% missing data
 120   (0.952) 0.968 0.999 0.998 1.000 0.997 0.994 0.999 0.998 0.994 0.977 1.000 0.785 1.000 0.999 0.999 
 100   (0.048) 0.032 0.001 0.002 0.000 0.003 0.006 0.001 0.002 0.006 0.023 0.000 0.215 0.000 0.001 0.001 

Locus 152 : 174223_24 
2 alleles
2.8% missing data
 120   (0.957) 0.964 0.999 0.998 1.000 0.997 0.992 0.988 0.997 0.994 0.977 1.000 0.997 1.000 0.999 0.999 
 100   (0.043) 0.036 0.001 0.002 0.000 0.003 0.008 0.012 0.003 0.006 0.023 0.000 0.003 0.000 0.001 0.001 

Locus 153 : 174263_44 
2 alleles
3.9% missing data
 130   (0.956) 0.970 0.999 0.998 1.000 0.997 0.995 0.999 0.998 0.995 0.980 1.000 0.997 1.000 0.999 0.838 
 110   (0.044) 0.030 0.001 0.002 0.000 0.003 0.005 0.001 0.002 0.005 0.020 0.000 0.003 0.000 0.001 0.162 

Locus 154 : 175657_6 
2 alleles
8.4% missing data
 100   (0.931) 0.953 0.999 0.997 1.000 0.754 0.991 0.999 0.921 0.992 0.969 1.000 0.994 1.000 0.999 0.998 
 130   (0.069) 0.047 0.001 0.003 0.000 0.246 0.009 0.001 0.079 0.008 0.031 0.000 0.006 0.000 0.001 0.002 

Locus 155 : 176570_23 
2 alleles
3.9% missing data
 130   (0.955) 0.958 0.996 0.998 0.993 0.996 0.975 0.998 0.998 0.992 0.952 1.000 0.997 0.993 0.985 0.999 
 110   (0.045) 0.042 0.004 0.002 0.007 0.004 0.025 0.002 0.002 0.008 0.048 0.000 0.003 0.007 0.015 0.001 

Locus 156 : 176775_13 
2 alleles
6.7% missing data
 130   (0.948) 0.965 0.999 0.998 1.000 0.997 0.993 0.999 0.997 0.993 0.976 1.000 0.704 1.000 0.999 0.999 
 110   (0.052) 0.035 0.001 0.002 0.000 0.003 0.007 0.001 0.003 0.007 0.024 0.000 0.296 0.000 0.001 0.001 

Locus 157 : 178448_19 
2 alleles
3.4% missing data
 120   (0.952) 0.968 0.999 0.998 1.000 0.997 0.994 0.999 0.998 0.994 0.978 1.000 0.881 1.000 0.999 0.999 
 100   (0.048) 0.032 0.001 0.002 0.000 0.003 0.006 0.001 0.002 0.006 0.022 0.000 0.119 0.000 0.001 0.001 

Locus 158 : 179162_16 
2 alleles
6.2% missing data
 120   (0.957) 0.970 0.999 0.998 1.000 0.997 0.994 0.999 0.998 0.995 0.980 1.000 0.971 1.000 0.999 0.999 
 100   (0.043) 0.030 0.001 0.002 0.000 0.003 0.006 0.001 0.002 0.005 0.020 0.000 0.029 0.000 0.001 0.001 

Locus 159 : 179286_31 
2 alleles
2.8% missing data
 120   (0.933) 0.943 0.999 0.997 1.000 0.899 0.981 0.998 0.908 0.992 0.966 1.000 0.995 1.000 0.999 0.998 
 100   (0.067) 0.057 0.001 0.003 0.000 0.101 0.019 0.002 0.092 0.008 0.034 0.000 0.005 0.000 0.001 0.002 

Locus 160 : 179594_17 
2 alleles
4.5% missing data
 120   (0.915) 0.936 0.998 0.973 0.999 0.728 0.987 0.992 0.995 0.916 0.951 1.000 0.993 1.000 0.999 0.997 
 100   (0.085) 0.064 0.002 0.027 0.001 0.272 0.013 0.008 0.005 0.084 0.049 0.000 0.007 0.000 0.001 0.003 

Locus 161 : 180413_54 
2 alleles
3.9% missing data
 100   (0.953) 0.968 0.999 0.998 1.000 0.997 0.994 0.999 0.998 0.995 0.979 1.000 0.880 1.000 0.999 0.999 
 110   (0.047) 0.032 0.001 0.002 0.000 0.003 0.006 0.001 0.002 0.005 0.021 0.000 0.120 0.000 0.001 0.001 

Locus 162 : 182862_79 
2 alleles
3.4% missing data
 130   (0.954) 0.968 0.999 0.998 1.000 0.997 0.994 0.999 0.998 0.995 0.979 1.000 0.867 1.000 0.999 0.999 
 110   (0.046) 0.032 0.001 0.002 0.000 0.003 0.006 0.001 0.002 0.005 0.021 0.000 0.133 0.000 0.001 0.001 

Locus 163 : 183288_63 
2 alleles
10.1% missing data
 100   (0.956) 0.969 0.999 0.998 1.000 0.997 0.994 0.999 0.997 0.994 0.980 1.000 0.971 1.000 0.999 0.999 
 120   (0.044) 0.031 0.001 0.002 0.000 0.003 0.006 0.001 0.003 0.006 0.020 0.000 0.029 0.000 0.001 0.001 

Locus 164 : 183906_55 
2 alleles
6.7% missing data
 130   (0.957) 0.970 0.999 0.998 1.000 0.997 0.995 0.999 0.998 0.995 0.980 1.000 0.945 1.000 0.999 0.999 
 100   (0.043) 0.030 0.001 0.002 0.000 0.003 0.005 0.001 0.002 0.005 0.020 0.000 0.055 0.000 0.001 0.001 

Locus 165 : 183990_7 
2 alleles
3.4% missing data
 120   (0.951) 0.950 0.809 0.996 1.000 0.997 0.985 0.999 0.997 0.994 0.974 1.000 0.997 1.000 0.999 0.999 
 100   (0.049) 0.050 0.191 0.004 0.000 0.003 0.015 0.001 0.003 0.006 0.026 0.000 0.003 0.000 0.001 0.001 

Locus 166 : 185904_60 
2 alleles
3.4% missing data
 120   (0.955) 0.969 0.999 0.908 1.000 0.997 0.994 0.999 0.997 0.995 0.978 1.000 0.997 1.000 0.999 0.999 
 100   (0.045) 0.031 0.001 0.092 0.000 0.003 0.006 0.001 0.003 0.005 0.022 0.000 0.003 0.000 0.001 0.001 

Locus 167 : 191703_64 
2 alleles
1.7% missing data
 130   (0.928) 0.950 0.999 0.997 1.000 0.862 0.991 0.998 0.996 0.679 0.966 1.000 0.995 1.000 0.999 0.998 
 110   (0.072) 0.050 0.001 0.003 0.000 0.138 0.009 0.002 0.004 0.321 0.034 0.000 0.005 0.000 0.001 0.002 

Locus 168 : 193854_7 
2 alleles
1.7% missing data
 130   (0.934) 0.953 0.999 0.997 0.999 0.995 0.991 0.998 0.996 0.991 0.969 1.000 0.882 0.999 0.999 0.979 
 110   (0.066) 0.047 0.001 0.003 0.001 0.005 0.009 0.002 0.004 0.009 0.031 0.000 0.118 0.001 0.001 0.021 

Locus 169 : 194868_38 
2 alleles
5.6% missing data
 120   (0.942) 0.936 0.997 0.997 1.000 0.971 0.979 0.998 0.899 0.992 0.969 1.000 0.996 1.000 0.999 0.998 
 100   (0.058) 0.064 0.003 0.003 0.000 0.029 0.021 0.002 0.101 0.008 0.031 0.000 0.004 0.000 0.001 0.002 

Locus 170 : 195463_36 
2 alleles
5.1% missing data
 120   (0.956) 0.968 0.999 0.998 1.000 0.856 0.995 0.999 0.998 0.995 0.980 1.000 0.997 1.000 0.999 0.999 
 100   (0.044) 0.032 0.001 0.002 0.000 0.144 0.005 0.001 0.002 0.005 0.020 0.000 0.003 0.000 0.001 0.001 

Locus 171 : 195727_20 
2 alleles
1.7% missing data
 130   (0.954) 0.970 0.999 0.998 1.000 0.997 0.994 0.999 0.998 0.995 0.979 1.000 0.914 1.000 0.999 0.999 
 110   (0.046) 0.030 0.001 0.002 0.000 0.003 0.006 0.001 0.002 0.005 0.021 0.000 0.086 0.000 0.001 0.001 

Locus 172 : 197508_5 
2 alleles
2.2% missing data
 120   (0.958) 0.967 0.998 0.998 1.000 0.997 0.993 0.999 0.987 0.993 0.976 1.000 0.997 1.000 0.999 0.999 
 100   (0.042) 0.033 0.002 0.002 0.000 0.003 0.007 0.001 0.013 0.007 0.024 0.000 0.003 0.000 0.001 0.001 

Locus 173 : 199140_10 
2 alleles
4.5% missing data
 130   (0.959) 0.961 0.996 0.998 1.000 0.997 0.990 0.999 0.998 0.993 0.978 1.000 0.997 1.000 0.999 0.999 
 110   (0.041) 0.039 0.004 0.002 0.000 0.003 0.010 0.001 0.002 0.007 0.022 0.000 0.003 0.000 0.001 0.001 

Locus 174 : 199429_51 
2 alleles
5.1% missing data
 130   (0.958) 0.967 0.999 0.980 1.000 0.995 0.993 0.999 0.998 0.993 0.973 1.000 0.997 1.000 0.999 0.999 
 100   (0.042) 0.033 0.001 0.020 0.000 0.005 0.007 0.001 0.002 0.007 0.027 0.000 0.003 0.000 0.001 0.001 

Locus 175 : 199635_9 
2 alleles
3.4% missing data
 120   (0.951) 0.968 0.999 0.998 1.000 0.997 0.995 0.999 0.997 0.994 0.977 1.000 0.829 1.000 0.999 0.999 
 100   (0.049) 0.032 0.001 0.002 0.000 0.003 0.005 0.001 0.003 0.006 0.023 0.000 0.171 0.000 0.001 0.001 

Locus 176 : 200923_8 
2 alleles
5.1% missing data
 100   (0.957) 0.970 0.999 0.998 1.000 0.994 0.994 0.999 0.997 0.935 0.979 1.000 0.997 1.000 0.999 0.999 
 110   (0.043) 0.030 0.001 0.002 0.000 0.006 0.006 0.001 0.003 0.065 0.021 0.000 0.003 0.000 0.001 0.001 

Locus 177 : 201090_64 
2 alleles
5.1% missing data
 130   (0.957) 0.969 0.999 0.955 1.000 0.996 0.994 0.999 0.997 0.995 0.980 1.000 0.997 1.000 0.999 0.999 
 100   (0.043) 0.031 0.001 0.045 0.000 0.004 0.006 0.001 0.003 0.005 0.020 0.000 0.003 0.000 0.001 0.001 

Locus 178 : 201549_57 
2 alleles
4.5% missing data
 120   (0.957) 0.971 0.999 0.998 1.000 0.903 0.995 0.999 0.998 0.995 0.981 1.000 0.997 1.000 0.999 0.999 
 110   (0.043) 0.029 0.001 0.002 0.000 0.097 0.005 0.001 0.002 0.005 0.019 0.000 0.003 0.000 0.001 0.001 

Locus 179 : 203565_40 
2 alleles
3.9% missing data
 120   (0.958) 0.970 0.999 0.998 1.000 0.997 0.994 0.999 0.998 0.933 0.979 1.000 0.997 1.000 0.999 0.999 
 100   (0.042) 0.030 0.001 0.002 0.000 0.003 0.006 0.001 0.002 0.067 0.021 0.000 0.003 0.000 0.001 0.001 

Locus 180 : 205184_19 
2 alleles
7.3% missing data
 110   (0.924) 0.948 0.999 0.997 0.999 0.995 0.991 0.998 0.996 0.991 0.965 1.000 0.761 1.000 0.999 0.863 
 120   (0.076) 0.052 0.001 0.003 0.001 0.005 0.009 0.002 0.004 0.009 0.035 0.000 0.239 0.000 0.001 0.137 

Locus 181 : 206551_17 
2 alleles
6.2% missing data
 120   (0.897) 0.921 0.991 0.629 0.999 0.964 0.982 0.854 0.994 0.931 0.946 1.000 0.993 0.999 0.998 0.997 
 100   (0.103) 0.079 0.009 0.371 0.001 0.036 0.018 0.146 0.006 0.069 0.054 0.000 0.007 0.001 0.002 0.003 

Locus 182 : 216246_19 
2 alleles
2.8% missing data
 110   (0.942) 0.936 0.991 0.997 1.000 0.991 0.968 0.999 0.992 0.986 0.952 1.000 0.996 1.000 0.999 0.998 
 130   (0.058) 0.064 0.009 0.003 0.000 0.009 0.032 0.001 0.008 0.014 0.048 0.000 0.004 0.000 0.001 0.002 

Locus 183 : 216776_13 
2 alleles
5.6% missing data
 120   (0.917) 0.943 0.998 0.997 0.999 0.994 0.989 0.826 0.996 0.990 0.962 1.000 0.728 0.999 0.999 0.990 
 110   (0.083) 0.057 0.002 0.003 0.001 0.006 0.011 0.174 0.004 0.010 0.038 0.000 0.272 0.001 0.001 0.010 

Locus 184 : 217291_37 
2 alleles
3.9% missing data
 120   (0.953) 0.963 0.999 0.998 1.000 0.911 0.992 0.999 0.998 0.994 0.977 1.000 0.996 1.000 0.999 0.999 
 100   (0.047) 0.037 0.001 0.002 0.000 0.089 0.008 0.001 0.002 0.006 0.023 0.000 0.004 0.000 0.001 0.001 

Locus 185 : 217570_13 
2 alleles
3.9% missing data
 130   (0.954) 0.968 0.999 0.998 1.000 0.997 0.994 0.999 0.998 0.995 0.979 1.000 0.866 1.000 0.999 0.999 
 110   (0.046) 0.032 0.001 0.002 0.000 0.003 0.006 0.001 0.002 0.005 0.021 0.000 0.134 0.000 0.001 0.001 

Locus 186 : 220422_65 
2 alleles
3.4% missing data
 120   (0.952) 0.930 0.999 0.997 1.000 0.992 0.952 0.999 0.993 0.994 0.942 1.000 0.997 1.000 0.999 0.999 
 110   (0.048) 0.070 0.001 0.003 0.000 0.008 0.048 0.001 0.007 0.006 0.058 0.000 0.003 0.000 0.001 0.001 

Locus 187 : 220502_40 
2 alleles
6.7% missing data
 120   (0.957) 0.968 0.999 0.998 0.999 0.996 0.993 0.999 0.996 0.994 0.978 1.000 0.997 0.998 0.981 0.999 
 110   (0.043) 0.032 0.001 0.002 0.001 0.004 0.007 0.001 0.004 0.006 0.022 0.000 0.003 0.002 0.019 0.001 

Locus 188 : 220519_81 
2 alleles
4.5% missing data
 130   (0.930) 0.951 0.999 0.997 1.000 0.995 0.991 0.998 0.996 0.932 0.967 1.000 0.858 1.000 0.999 0.998 
 110   (0.070) 0.049 0.001 0.003 0.000 0.005 0.009 0.002 0.004 0.068 0.033 0.000 0.142 0.000 0.001 0.002 

Locus 189 : 222347_17 
2 alleles
3.9% missing data
 120   (0.954) 0.969 0.999 0.998 1.000 0.997 0.994 0.999 0.998 0.995 0.979 1.000 0.892 1.000 0.999 0.999 
 100   (0.046) 0.031 0.001 0.002 0.000 0.003 0.006 0.001 0.002 0.005 0.021 0.000 0.108 0.000 0.001 0.001 

Locus 190 : 222896_46 
2 alleles
0.6% missing data
 110   (0.956) 0.971 0.999 0.998 1.000 0.997 0.995 0.999 0.998 0.995 0.980 1.000 0.944 1.000 0.999 0.999 
 130   (0.044) 0.029 0.001 0.002 0.000 0.003 0.005 0.001 0.002 0.005 0.020 0.000 0.056 0.000 0.001 0.001 

Locus 191 : 223181_12 
2 alleles
3.4% missing data
 120   (0.948) 0.965 0.999 0.998 1.000 0.997 0.993 0.999 0.997 0.994 0.977 1.000 0.723 1.000 0.999 0.999 
 100   (0.052) 0.035 0.001 0.002 0.000 0.003 0.007 0.001 0.003 0.006 0.023 0.000 0.277 0.000 0.001 0.001 

Locus 192 : 224649_57 
2 alleles
5.1% missing data
 100   (0.959) 0.970 0.999 0.998 1.000 0.997 0.994 0.999 0.997 0.994 0.980 1.000 0.997 1.000 0.999 0.975 
 110   (0.041) 0.030 0.001 0.002 0.000 0.003 0.006 0.001 0.003 0.006 0.020 0.000 0.003 0.000 0.001 0.025 

Locus 193 : 226245_11 
2 alleles
5.1% missing data
 130   (0.956) 0.969 0.999 0.998 1.000 0.997 0.994 0.999 0.997 0.994 0.979 1.000 0.997 0.998 0.944 0.999 
 110   (0.044) 0.031 0.001 0.002 0.000 0.003 0.006 0.001 0.003 0.006 0.021 0.000 0.003 0.002 0.056 0.001 

Locus 194 : 226342_59 
2 alleles
6.2% missing data
 120   (0.923) 0.943 0.998 0.996 0.997 0.994 0.986 0.996 0.995 0.989 0.961 0.998 0.911 0.996 0.999 0.966 
 100   (0.077) 0.057 0.002 0.004 0.003 0.006 0.014 0.004 0.005 0.011 0.039 0.002 0.089 0.004 0.001 0.034 

Locus 195 : 228970_13 
2 alleles
3.9% missing data
 120   (0.958) 0.971 0.999 0.998 1.000 0.955 0.994 0.999 0.998 0.995 0.980 1.000 0.997 1.000 0.999 0.999 
 100   (0.042) 0.029 0.001 0.002 0.000 0.045 0.006 0.001 0.002 0.005 0.020 0.000 0.003 0.000 0.001 0.001 

Locus 196 : 229097_27 
2 alleles
5.1% missing data
 130   (0.952) 0.966 0.999 0.998 1.000 0.996 0.993 0.999 0.998 0.995 0.979 1.000 0.791 1.000 0.999 0.999 
 110   (0.048) 0.034 0.001 0.002 0.000 0.004 0.007 0.001 0.002 0.005 0.021 0.000 0.209 0.000 0.001 0.001 

Locus 197 : 229177_29 
2 alleles
7.3% missing data
 130   (0.952) 0.967 0.999 0.997 0.995 0.996 0.993 0.790 0.997 0.994 0.976 0.999 0.996 1.000 0.999 0.998 
 110   (0.048) 0.033 0.001 0.003 0.005 0.004 0.007 0.210 0.003 0.006 0.024 0.001 0.004 0.000 0.001 0.002 

Locus 198 : 229612_7 
2 alleles
6.2% missing data
 100   (0.959) 0.968 0.998 0.998 1.000 0.997 0.993 0.999 0.986 0.994 0.976 1.000 0.997 1.000 0.999 0.999 
 120   (0.041) 0.032 0.002 0.002 0.000 0.003 0.007 0.001 0.014 0.006 0.024 0.000 0.003 0.000 0.001 0.001 

Locus 199 : 229936_67 
2 alleles
3.9% missing data
 120   (0.957) 0.959 0.998 0.998 0.993 0.997 0.977 0.998 0.998 0.992 0.951 1.000 0.997 0.993 0.984 0.999 
 100   (0.043) 0.041 0.002 0.002 0.007 0.003 0.023 0.002 0.002 0.008 0.049 0.000 0.003 0.007 0.016 0.001 

Locus 200 : 232937_62 
2 alleles
2.2% missing data
 100   (0.960) 0.966 0.999 0.998 1.000 0.997 0.993 0.989 0.997 0.995 0.977 1.000 0.997 1.000 0.999 0.999 
 120   (0.040) 0.034 0.001 0.002 0.000 0.003 0.007 0.011 0.003 0.005 0.023 0.000 0.003 0.000 0.001 0.001 

Locus 201 : 233194_6 
2 alleles
2.8% missing data
 120   (0.930) 0.951 0.999 0.997 1.000 0.995 0.991 0.998 0.996 0.992 0.965 1.000 0.664 1.000 0.999 0.963 
 100   (0.070) 0.049 0.001 0.003 0.000 0.005 0.009 0.002 0.004 0.008 0.035 0.000 0.336 0.000 0.001 0.037 

Locus 202 : 234346_33 
2 alleles
4.5% missing data
 110   (0.956) 0.970 0.999 0.998 1.000 0.997 0.994 0.999 0.998 0.995 0.980 1.000 0.997 1.000 0.999 0.814 
 130   (0.044) 0.030 0.001 0.002 0.000 0.003 0.006 0.001 0.002 0.005 0.020 0.000 0.003 0.000 0.001 0.186 

Locus 203 : 235241_77 
2 alleles
2.2% missing data
 130   (0.952) 0.968 0.999 0.998 1.000 0.997 0.994 0.999 0.998 0.994 0.978 1.000 0.838 1.000 0.999 0.999 
 100   (0.048) 0.032 0.001 0.002 0.000 0.003 0.006 0.001 0.002 0.006 0.022 0.000 0.162 0.000 0.001 0.001 

Locus 204 : 236207_44 
2 alleles
6.2% missing data
 120   (0.916) 0.939 0.998 0.996 1.000 0.961 0.987 0.998 0.995 0.859 0.955 1.000 0.994 0.999 0.633 0.998 
 100   (0.084) 0.061 0.002 0.004 0.000 0.039 0.013 0.002 0.005 0.141 0.045 0.000 0.006 0.001 0.367 0.002 

Locus 205 : 236307_12 
2 alleles
1.7% missing data
 130   (0.951) 0.962 0.544 0.998 1.000 0.992 0.990 0.999 0.997 0.992 0.977 1.000 0.997 1.000 0.999 0.999 
 110   (0.049) 0.038 0.456 0.002 0.000 0.008 0.010 0.001 0.003 0.008 0.023 0.000 0.003 0.000 0.001 0.001 

Locus 206 : 236931_45 
2 alleles
6.7% missing data
 120   (0.887) 0.918 0.996 0.995 0.999 0.705 0.985 0.997 0.687 0.466 0.946 1.000 0.992 0.999 0.998 0.997 
 100   (0.113) 0.082 0.004 0.005 0.001 0.295 0.015 0.003 0.313 0.534 0.054 0.000 0.008 0.001 0.002 0.003 

Locus 207 : 236999_38 
2 alleles
2.8% missing data
 120   (0.955) 0.970 0.999 0.998 1.000 0.997 0.994 0.999 0.998 0.995 0.980 1.000 0.945 1.000 0.999 0.999 
 100   (0.045) 0.030 0.001 0.002 0.000 0.003 0.006 0.001 0.002 0.005 0.020 0.000 0.055 0.000 0.001 0.001 

Locus 208 : 240398_42 
2 alleles
3.9% missing data
 110   (0.851) 0.881 0.579 0.994 0.999 0.880 0.969 0.996 0.825 0.447 0.921 1.000 0.989 0.999 0.998 0.996 
 130   (0.149) 0.119 0.421 0.006 0.001 0.120 0.031 0.004 0.175 0.553 0.079 0.000 0.011 0.001 0.002 0.004 

Locus 209 : 240825_22 
2 alleles
6.2% missing data
 130   (0.959) 0.966 0.999 0.992 0.999 0.997 0.984 0.997 0.998 0.991 0.977 1.000 0.997 0.997 0.999 0.999 
 110   (0.041) 0.034 0.001 0.008 0.001 0.003 0.016 0.003 0.002 0.009 0.023 0.000 0.003 0.003 0.001 0.001 

Locus 210 : 244435_48 
2 alleles
1.7% missing data
 110   (0.956) 0.969 0.999 0.998 1.000 0.997 0.995 0.999 0.996 0.995 0.979 1.000 0.997 1.000 0.943 0.999 
 130   (0.044) 0.031 0.001 0.002 0.000 0.003 0.005 0.001 0.004 0.005 0.021 0.000 0.003 0.000 0.057 0.001 

Locus 211 : 245971_21 
2 alleles
5.1% missing data
 130   (0.955) 0.969 0.999 0.998 1.000 0.997 0.995 0.999 0.998 0.995 0.979 1.000 0.914 1.000 0.999 0.999 
 120   (0.045) 0.031 0.001 0.002 0.000 0.003 0.005 0.001 0.002 0.005 0.021 0.000 0.086 0.000 0.001 0.001 

Locus 212 : 246895_22 
2 alleles
3.4% missing data
 120   (0.958) 0.959 0.993 0.998 1.000 0.997 0.992 0.999 0.998 0.995 0.977 1.000 0.997 1.000 0.999 0.999 
 110   (0.042) 0.041 0.007 0.002 0.000 0.003 0.008 0.001 0.002 0.005 0.023 0.000 0.003 0.000 0.001 0.001 

Locus 213 : 248131_26 
2 alleles
7.9% missing data
 130   (0.942) 0.955 0.998 0.954 0.999 0.994 0.987 0.997 0.976 0.990 0.971 1.000 0.996 0.999 0.999 0.998 
 110   (0.058) 0.045 0.002 0.046 0.001 0.006 0.013 0.003 0.024 0.010 0.029 0.000 0.004 0.001 0.001 0.002 

Locus 214 : 250844_49 
2 alleles
7.3% missing data
 130   (0.957) 0.966 0.999 0.998 1.000 0.996 0.993 0.999 0.983 0.995 0.971 1.000 0.997 1.000 0.999 0.999 
 100   (0.043) 0.034 0.001 0.002 0.000 0.004 0.007 0.001 0.017 0.005 0.029 0.000 0.003 0.000 0.001 0.001 

Locus 215 : 251283_19 
2 alleles
5.6% missing data
 120   (0.956) 0.970 0.999 0.998 1.000 0.997 0.994 0.999 0.998 0.829 0.981 1.000 0.997 1.000 0.999 0.999 
 100   (0.044) 0.030 0.001 0.002 0.000 0.003 0.006 0.001 0.002 0.171 0.019 0.000 0.003 0.000 0.001 0.001 

Locus 216 : 251358_15 
2 alleles
8.4% missing data
 110   (0.940) 0.955 0.999 0.997 1.000 0.995 0.990 0.998 0.782 0.990 0.965 1.000 0.995 0.999 0.989 0.998 
 120   (0.060) 0.045 0.001 0.003 0.000 0.005 0.010 0.002 0.218 0.010 0.035 0.000 0.005 0.001 0.011 0.002 

Locus 217 : 251901_42 
2 alleles
2.2% missing data
 120   (0.959) 0.968 0.999 0.973 1.000 0.997 0.993 0.999 0.998 0.994 0.978 1.000 0.997 0.999 0.999 0.999 
 100   (0.041) 0.032 0.001 0.027 0.000 0.003 0.007 0.001 0.002 0.006 0.022 0.000 0.003 0.001 0.001 0.001 

Locus 218 : 252158_43 
2 alleles
0.0% missing data
 120   (0.956) 0.971 0.999 0.998 1.000 0.997 0.994 0.999 0.998 0.995 0.980 1.000 0.918 1.000 0.999 0.999 
 100   (0.044) 0.029 0.001 0.002 0.000 0.003 0.006 0.001 0.002 0.005 0.020 0.000 0.082 0.000 0.001 0.001 

Locus 219 : 252988_16 
2 alleles
7.9% missing data
 110   (0.953) 0.968 0.998 0.709 1.000 0.997 0.993 0.999 0.997 0.994 0.978 1.000 0.996 1.000 0.999 0.999 
 100   (0.047) 0.032 0.002 0.291 0.000 0.003 0.007 0.001 0.003 0.006 0.022 0.000 0.004 0.000 0.001 0.001 

Locus 220 : 254425_88 
2 alleles
5.6% missing data
 130   (0.923) 0.947 0.999 0.997 1.000 0.995 0.990 0.997 0.996 0.990 0.965 1.000 0.772 1.000 0.999 0.881 
 110   (0.077) 0.053 0.001 0.003 0.000 0.005 0.010 0.003 0.004 0.010 0.035 0.000 0.228 0.000 0.001 0.119 

Locus 221 : 256337_57 
2 alleles
5.6% missing data
 110   (0.959) 0.972 0.999 0.998 1.000 0.997 0.995 0.999 0.998 0.927 0.981 1.000 0.997 1.000 0.999 0.999 
 130   (0.041) 0.028 0.001 0.002 0.000 0.003 0.005 0.001 0.002 0.073 0.019 0.000 0.003 0.000 0.001 0.001 

Locus 222 : 259058_15 
2 alleles
1.7% missing data
 120   (0.956) 0.971 0.999 0.998 0.999 0.997 0.995 0.999 0.998 0.995 0.980 1.000 0.997 1.000 0.999 0.872 
 100   (0.044) 0.029 0.001 0.002 0.001 0.003 0.005 0.001 0.002 0.005 0.020 0.000 0.003 0.000 0.001 0.128 

Locus 223 : 259869_81 
2 alleles
0.6% missing data
 120   (0.958) 0.972 0.999 0.998 1.000 0.997 0.995 0.999 0.998 0.995 0.981 1.000 0.997 1.000 0.999 0.939 
 130   (0.042) 0.028 0.001 0.002 0.000 0.003 0.005 0.001 0.002 0.005 0.019 0.000 0.003 0.000 0.001 0.061 

Locus 224 : 260700_55 
2 alleles
2.2% missing data
 130   (0.959) 0.971 0.999 0.996 0.999 0.996 0.994 0.972 0.997 0.994 0.979 1.000 0.997 1.000 0.999 0.999 
 110   (0.041) 0.029 0.001 0.004 0.001 0.004 0.006 0.028 0.003 0.006 0.021 0.000 0.003 0.000 0.001 0.001 

Locus 225 : 262223_11 
2 alleles
4.5% missing data
 130   (0.957) 0.971 0.999 0.998 1.000 0.997 0.995 0.856 0.998 0.995 0.980 1.000 0.997 1.000 0.999 0.999 
 100   (0.043) 0.029 0.001 0.002 0.000 0.003 0.005 0.144 0.002 0.005 0.020 0.000 0.003 0.000 0.001 0.001 

Locus 226 : 262346_48 
2 alleles
3.4% missing data
 130   (0.952) 0.968 0.999 0.998 1.000 0.997 0.994 0.999 0.998 0.416 0.978 1.000 0.997 1.000 0.999 0.999 
 110   (0.048) 0.032 0.001 0.002 0.000 0.003 0.006 0.001 0.002 0.584 0.022 0.000 0.003 0.000 0.001 0.001 

Locus 227 : 262620_18 
2 alleles
3.9% missing data
 110   (0.947) 0.949 0.990 0.997 0.998 0.994 0.981 0.997 0.996 0.991 0.952 1.000 0.996 0.994 0.996 0.998 
 130   (0.053) 0.051 0.010 0.003 0.002 0.006 0.019 0.003 0.004 0.009 0.048 0.000 0.004 0.006 0.004 0.002 

Locus 228 : 263002_42 
2 alleles
3.4% missing data
 120   (0.953) 0.967 0.999 0.998 1.000 0.997 0.994 0.999 0.843 0.994 0.977 1.000 0.997 1.000 0.999 0.999 
 100   (0.047) 0.033 0.001 0.002 0.000 0.003 0.006 0.001 0.157 0.006 0.023 0.000 0.003 0.000 0.001 0.001 

Locus 229 : 263813_70 
2 alleles
10.1% missing data
 130   (0.956) 0.971 0.999 0.998 1.000 0.997 0.995 0.999 0.998 0.994 0.980 1.000 0.997 1.000 0.999 0.934 
 110   (0.044) 0.029 0.001 0.002 0.000 0.003 0.005 0.001 0.002 0.006 0.020 0.000 0.003 0.000 0.001 0.066 

Locus 230 : 264184_13 
2 alleles
10.1% missing data
 110   (0.915) 0.939 0.998 0.827 0.999 0.993 0.988 0.998 0.994 0.933 0.956 1.000 0.993 0.999 0.907 0.997 
 130   (0.085) 0.061 0.002 0.173 0.001 0.007 0.012 0.002 0.006 0.067 0.044 0.000 0.007 0.001 0.093 0.003 

Values of parameters used in structure:
DATAFILE=C:\Users\jmahg\OneDrive\Desktop\Transfers\TrkNbr-1524n1282n1083_AllPops_Structure_p18_r080_LDnHWEx\project_data,	OUTFILE=C:\Users\jmahg\OneDrive\Desktop\Transfers\TrkNbr-1524n1282n1083_AllPops_Structure_p18_r080_LDnHWEx\BI50000_MCMC100000\Results\BI50000_MCMC100000_run_144,	NUMINDS=178,	NUMLOCI=230,	MISSING=0,	LABEL=1,	POPDATA=1,	POPFLAG=0,	PHENOTYPE=0,	EXTRACOLS=0,	MAXPOPS=15,	BURNIN=50000,	NUMREPS=100000,	USEPOPINFO=0,	INFERALPHA=1,	INFERLAMBDA=0,	POPSPECIFICLAMBDA=0,	POPALPHAS=0,	COMPUTEPROB=1,	NOADMIX=0,	ADMBURNIN=2500,	UPDATEFREQ=1,	PRINTLIKES=0,	INTERMEDSAVE=0,	PRINTKLD=0,	PRINTNET=0,	PRINTLAMBDA=0,	ANCESTDIST=0,	NUMBOXES=1000,	ANCESTPINT=0.90000,	GENSBACK=2,	MIGRPRIOR=0.05000,	PRINTQHAT=0,	PRINTQSUM=0,	ALPHA=1.0000,	FREQSCORR=1,	FPRIORMEAN=0.0100,	FPRIORSD=0.0500,	ONEFST=0,	LAMBDA=1.0000,	UNIFPRIORALPHA=1,	ALPHAMAX=10.0000,	ALPHAPRIORA=1.0000,	ALPHAPRIORB=2.0000,	ALPHAPROPSD=0.0250,	STARTATPOPINFO=0,	RANDOMIZE=1,	LINKAGE=0,	METROFREQ=10,	REPORTHITRATE=0,	MARKOVPHASE=-1,	PHASED=0,	PLOIDY=2,	PHASEINFO=0	LOCPRIOR=0, 	LOCPRIORINIT=1.000000, 	LOCDATA=0, 	LOCISPOP=0, 	LOCPRIORSTEP=0.100000, 	MAXLOCPRIOR=20.000000, 	SEED=1603005273,	
[STRAT parameters]:    NUMSIMSTATS=1000,	PHENOTYPECOL=-9,	POOLFREQ=10,	LOCUSxONLY=0,	EMERROR=0.00100,	MISSINGPHENO=-9,	