

----------------------------------------------------
STRUCTURE by Pritchard, Stephens and Donnelly (2000)
     and Falush, Stephens and Pritchard (2003)
       Code by Pritchard, Falush and Hubisz
             Version 2.3.4 (Jul 2012)
----------------------------------------------------



Command line arguments:   bin\structure -m C:\Users\jmahg\OneDrive\Desktop\Transfers\TrkNbr-1524n1282n1083_AllPops_Structure_p18_r080_LDnHWEx\BI50000_MCMC100000\mainparams -e C:\Users\jmahg\OneDrive\Desktop\Transfers\TrkNbr-1524n1282n1083_AllPops_Structure_p18_r080_LDnHWEx\BI50000_MCMC100000\extraparams 
Input File:    C:\Users\jmahg\OneDrive\Desktop\Transfers\TrkNbr-1524n1282n1083_AllPops_Structure_p18_r080_LDnHWEx\project_data

Run parameters:
   178 individuals
   230 loci
   17 populations assumed
   50000 Burn-in period
   100000 Reps


--------------------------------------------
Proportion of membership of each pre-defined
 population in each of the 17 clusters

Given    Inferred Clusters                                                                                                         Number of
 Pop       1      2      3      4      5      6      7      8      9     10     11     12     13     14     15     16     17      Individuals

  1:     0.003  0.633  0.013  0.009  0.007  0.036  0.144  0.028  0.031  0.006  0.007  0.025  0.008  0.012  0.010  0.024  0.004       10
  2:     0.003  0.024  0.006  0.030  0.026  0.066  0.061  0.067  0.062  0.007  0.007  0.053  0.004  0.476  0.014  0.078  0.015        8
  3:     0.003  0.010  0.008  0.018  0.019  0.110  0.022  0.097  0.063  0.008  0.008  0.071  0.005  0.013  0.508  0.035  0.003       10
  4:     0.003  0.017  0.017  0.008  0.343  0.091  0.033  0.100  0.081  0.009  0.010  0.075  0.015  0.072  0.019  0.100  0.007       10
  5:     0.866  0.006  0.004  0.004  0.005  0.015  0.009  0.015  0.011  0.019  0.008  0.012  0.004  0.006  0.008  0.008  0.003       10
  6:     0.003  0.019  0.008  0.003  0.008  0.147  0.031  0.141  0.092  0.011  0.010  0.118  0.005  0.016  0.331  0.052  0.004       10
  7:     0.002  0.036  0.004  0.003  0.006  0.050  0.672  0.045  0.046  0.008  0.006  0.043  0.004  0.010  0.012  0.050  0.003       10
  8:     0.003  0.077  0.039  0.046  0.042  0.056  0.052  0.062  0.100  0.009  0.009  0.057  0.036  0.239  0.034  0.119  0.018       10
  9:     0.003  0.030  0.005  0.003  0.007  0.199  0.142  0.194  0.141  0.009  0.009  0.143  0.004  0.015  0.018  0.075  0.003       10
 10:     0.003  0.010  0.007  0.005  0.008  0.174  0.030  0.172  0.109  0.011  0.010  0.349  0.004  0.016  0.021  0.066  0.004       10
 11:     0.003  0.022  0.521  0.042  0.011  0.073  0.020  0.073  0.057  0.007  0.008  0.051  0.007  0.039  0.012  0.045  0.010       10
 12:     0.003  0.039  0.521  0.006  0.011  0.051  0.019  0.051  0.044  0.009  0.009  0.042  0.089  0.058  0.016  0.026  0.006       10
 13:     0.003  0.009  0.010  0.008  0.009  0.022  0.015  0.024  0.019  0.007  0.006  0.020  0.809  0.010  0.012  0.012  0.007       10
 14:     0.010  0.007  0.005  0.004  0.007  0.055  0.016  0.057  0.033  0.015  0.697  0.042  0.004  0.010  0.013  0.021  0.003       10
 15:     0.006  0.009  0.005  0.004  0.006  0.038  0.015  0.038  0.022  0.696  0.078  0.028  0.003  0.008  0.023  0.017  0.003       10
 16:     0.003  0.023  0.009  0.032  0.446  0.065  0.060  0.062  0.075  0.009  0.008  0.059  0.006  0.035  0.032  0.066  0.011       10
 17:     0.003  0.045  0.054  0.009  0.022  0.047  0.030  0.048  0.047  0.008  0.008  0.047  0.014  0.055  0.013  0.033  0.518       10
 18:     0.826  0.007  0.005  0.004  0.006  0.021  0.012  0.030  0.016  0.009  0.009  0.020  0.003  0.008  0.010  0.012  0.003       10
--------------------------------------------

Allele-freq. divergence among pops (Net nucleotide distance),
computed using point estimates of P.

      1       2       3       4       5       6       7       8       9      10      11      12      13      14      15      16      17      
 1      -    0.0095  0.0097  0.0058  0.0111  0.0073  0.0090  0.0072  0.0073  0.0073  0.0092  0.0074  0.0119  0.0109  0.0081  0.0077  0.0149  
 2   0.0095     -    0.0038  0.0031  0.0062  0.0025  0.0015  0.0025  0.0020  0.0060  0.0054  0.0025  0.0067  0.0058  0.0039  0.0021  0.0096  
 3   0.0097  0.0038     -    0.0027  0.0063  0.0029  0.0046  0.0029  0.0024  0.0063  0.0057  0.0030  0.0050  0.0054  0.0042  0.0027  0.0078  
 4   0.0058  0.0031  0.0027     -    0.0045  0.0024  0.0033  0.0024  0.0017  0.0046  0.0042  0.0024  0.0044  0.0044  0.0030  0.0016  0.0067  
 5   0.0111  0.0062  0.0063  0.0045     -    0.0042  0.0058  0.0042  0.0039  0.0076  0.0070  0.0043  0.0087  0.0076  0.0050  0.0032  0.0115  
 6   0.0073  0.0025  0.0029  0.0024  0.0042     -    0.0016  0.0000  0.0003  0.0035  0.0029  0.0002  0.0051  0.0038  0.0014  0.0008  0.0085  
 7   0.0090  0.0015  0.0046  0.0033  0.0058  0.0016     -    0.0017  0.0015  0.0053  0.0047  0.0017  0.0067  0.0053  0.0032  0.0017  0.0097  
 8   0.0072  0.0025  0.0029  0.0024  0.0042  0.0000  0.0017     -    0.0003  0.0035  0.0029  0.0002  0.0051  0.0038  0.0014  0.0008  0.0084  
 9   0.0073  0.0020  0.0024  0.0017  0.0039  0.0003  0.0015  0.0003     -    0.0038  0.0031  0.0004  0.0045  0.0035  0.0016  0.0003  0.0079  
10   0.0073  0.0060  0.0063  0.0046  0.0076  0.0035  0.0053  0.0035  0.0038     -    0.0061  0.0037  0.0085  0.0073  0.0048  0.0043  0.0117  
11   0.0092  0.0054  0.0057  0.0042  0.0070  0.0029  0.0047  0.0029  0.0031  0.0061     -    0.0031  0.0079  0.0067  0.0043  0.0037  0.0111  
12   0.0074  0.0025  0.0030  0.0024  0.0043  0.0002  0.0017  0.0002  0.0004  0.0037  0.0031     -    0.0052  0.0040  0.0016  0.0009  0.0085  
13   0.0119  0.0067  0.0050  0.0044  0.0087  0.0051  0.0067  0.0051  0.0045  0.0085  0.0079  0.0052     -    0.0082  0.0063  0.0050  0.0103  
14   0.0109  0.0058  0.0054  0.0044  0.0076  0.0038  0.0053  0.0038  0.0035  0.0073  0.0067  0.0040  0.0082     -    0.0052  0.0034  0.0067  
15   0.0081  0.0039  0.0042  0.0030  0.0050  0.0014  0.0032  0.0014  0.0016  0.0048  0.0043  0.0016  0.0063  0.0052     -    0.0021  0.0096  
16   0.0077  0.0021  0.0027  0.0016  0.0032  0.0008  0.0017  0.0008  0.0003  0.0043  0.0037  0.0009  0.0050  0.0034  0.0021     -    0.0080  
17   0.0149  0.0096  0.0078  0.0067  0.0115  0.0085  0.0097  0.0084  0.0079  0.0117  0.0111  0.0085  0.0103  0.0067  0.0096  0.0080     -    

Average distances (expected heterozygosity) between individuals in same cluster:
cluster  1  : 0.0670 
cluster  2  : 0.0217 
cluster  3  : 0.0349 
cluster  4  : 0.0887 
cluster  5  : 0.0262 
cluster  6  : 0.0009 
cluster  7  : 0.0088 
cluster  8  : 0.0012 
cluster  9  : 0.0154 
cluster 10  : 0.0202 
cluster 11  : 0.0222 
cluster 12  : 0.0038 
cluster 13  : 0.0407 
cluster 14  : 0.0140 
cluster 15  : 0.0162 
cluster 16  : 0.0247 
cluster 17  : 0.0454 

--------------------------------------------
Estimated Ln Prob of Data   = -3630.5
Mean value of ln likelihood = -3180.0
Variance of ln likelihood   = 901.0
Mean value of alpha         = 0.0359

Mean value of Fst_1         = 0.2529
Mean value of Fst_2         = 0.5860
Mean value of Fst_3         = 0.4002
Mean value of Fst_4         = 0.0101
Mean value of Fst_5         = 0.5137
Mean value of Fst_6         = 0.9664
Mean value of Fst_7         = 0.8220
Mean value of Fst_8         = 0.9493
Mean value of Fst_9         = 0.7804
Mean value of Fst_10         = 0.6405
Mean value of Fst_11         = 0.6157
Mean value of Fst_12         = 0.8990
Mean value of Fst_13         = 0.3870
Mean value of Fst_14         = 0.7258
Mean value of Fst_15         = 0.6462
Mean value of Fst_16         = 0.6484
Mean value of Fst_17         = 0.3823


Inferred ancestry of individuals:
        Label (%Miss) Pop:  Inferred clusters
  1 TGCP_WM1    (0)    1 :  0.003 0.726 0.011 0.008 0.007 0.042 0.043 0.025 0.042 0.007 0.009 0.019 0.003 0.013 0.014 0.025 0.003 
  2 TGCP_WM10    (1)    1 :  0.003 0.430 0.011 0.003 0.009 0.119 0.103 0.075 0.085 0.008 0.008 0.048 0.005 0.018 0.015 0.057 0.004 
  3 TGCP_WM2    (0)    1 :  0.004 0.509 0.007 0.049 0.011 0.025 0.215 0.031 0.036 0.007 0.012 0.030 0.004 0.007 0.012 0.036 0.005 
  4 TGCP_WM3    (1)    1 :  0.002 0.699 0.007 0.003 0.006 0.027 0.117 0.027 0.032 0.007 0.008 0.021 0.003 0.012 0.011 0.013 0.004 
  5 TGCP_WM4    (0)    1 :  0.003 0.722 0.055 0.005 0.009 0.024 0.059 0.025 0.024 0.007 0.007 0.029 0.005 0.008 0.007 0.009 0.004 
  6 TGCP_WM5    (0)    1 :  0.002 0.757 0.008 0.009 0.005 0.034 0.034 0.021 0.027 0.007 0.007 0.015 0.010 0.014 0.007 0.037 0.004 
  7 TGCP_WM6    (0)    1 :  0.002 0.744 0.008 0.002 0.007 0.023 0.115 0.017 0.017 0.005 0.005 0.020 0.008 0.005 0.007 0.012 0.003 
  8 TGCP_WM7    (0)    1 :  0.003 0.133 0.005 0.006 0.012 0.042 0.584 0.033 0.030 0.008 0.005 0.044 0.018 0.023 0.012 0.035 0.008 
  9 TGCP_WM8    (0)    1 :  0.003 0.759 0.012 0.002 0.003 0.020 0.093 0.015 0.015 0.005 0.004 0.013 0.020 0.010 0.009 0.013 0.003 
 10 TGCP_WM9    (0)    1 :  0.002 0.850 0.005 0.002 0.003 0.009 0.081 0.008 0.005 0.004 0.004 0.007 0.003 0.004 0.005 0.005 0.003 
 11 MRLP_WM123    (3)    2 :  0.003 0.018 0.009 0.112 0.016 0.019 0.012 0.027 0.045 0.008 0.005 0.018 0.004 0.512 0.009 0.175 0.009 
 12 MRLP_WM124    (4)    2 :  0.003 0.011 0.006 0.002 0.009 0.048 0.019 0.042 0.029 0.008 0.007 0.031 0.005 0.745 0.012 0.019 0.004 
 13 MRLP_WM125    (1)    2 :  0.003 0.024 0.008 0.104 0.006 0.033 0.041 0.015 0.051 0.005 0.006 0.026 0.005 0.530 0.010 0.067 0.066 
 14 MRLP_WM126    (2)    2 :  0.002 0.010 0.005 0.002 0.006 0.254 0.035 0.281 0.139 0.009 0.009 0.151 0.003 0.011 0.020 0.060 0.002 
 15 MRLP_WM127    (3)    2 :  0.003 0.078 0.006 0.006 0.008 0.102 0.245 0.091 0.137 0.009 0.010 0.121 0.005 0.015 0.018 0.120 0.026 
 16 MRLP_WM128    (3)    2 :  0.002 0.006 0.005 0.002 0.004 0.009 0.006 0.011 0.013 0.004 0.006 0.009 0.004 0.905 0.004 0.006 0.005 
 17 MRLP_WM129    (7)    2 :  0.003 0.023 0.007 0.007 0.153 0.025 0.047 0.020 0.044 0.007 0.006 0.026 0.004 0.493 0.030 0.100 0.005 
 18 MRLP_WM130    (5)    2 :  0.003 0.025 0.004 0.002 0.007 0.040 0.080 0.052 0.041 0.008 0.008 0.041 0.004 0.596 0.011 0.077 0.002 
 19 STT_WM183    (2)    3 :  0.003 0.013 0.034 0.146 0.009 0.050 0.021 0.045 0.019 0.007 0.010 0.024 0.005 0.007 0.584 0.019 0.004 
 20 STT_WM184    (3)    3 :  0.003 0.011 0.005 0.009 0.045 0.063 0.012 0.027 0.042 0.009 0.012 0.045 0.008 0.019 0.664 0.023 0.004 
 21 STT_WM185   (15)    3 :  0.003 0.016 0.005 0.002 0.006 0.225 0.059 0.239 0.123 0.012 0.012 0.159 0.004 0.027 0.029 0.076 0.003 
 22 STT_WM186   (13)    3 :  0.002 0.010 0.007 0.002 0.010 0.267 0.031 0.259 0.139 0.010 0.011 0.140 0.004 0.017 0.018 0.070 0.003 
 23 STT_WM187   (13)    3 :  0.003 0.009 0.006 0.002 0.005 0.035 0.011 0.023 0.023 0.008 0.009 0.031 0.005 0.010 0.802 0.014 0.004 
 24 STT_WM188    (3)    3 :  0.002 0.006 0.004 0.002 0.005 0.014 0.008 0.015 0.011 0.003 0.005 0.011 0.002 0.005 0.896 0.008 0.003 
 25 STT_WM189    (0)    3 :  0.003 0.009 0.005 0.002 0.005 0.254 0.031 0.227 0.146 0.012 0.007 0.181 0.003 0.014 0.018 0.083 0.002 
 26 STT_WM190   (11)    3 :  0.003 0.010 0.003 0.002 0.004 0.021 0.008 0.018 0.032 0.005 0.006 0.017 0.004 0.009 0.850 0.007 0.002 
 27 STT_WM191    (7)    3 :  0.003 0.011 0.006 0.003 0.011 0.157 0.028 0.098 0.088 0.013 0.009 0.089 0.005 0.014 0.422 0.039 0.003 
 28 STT_WM192   (12)    3 :  0.003 0.006 0.005 0.006 0.090 0.014 0.006 0.015 0.012 0.004 0.005 0.014 0.004 0.009 0.795 0.009 0.003 
 29 FSSP_WM241    (3)    4 :  0.003 0.047 0.014 0.010 0.088 0.122 0.031 0.144 0.129 0.010 0.013 0.098 0.027 0.133 0.022 0.102 0.009 
 30 FSSP_WM242   (15)    4 :  0.003 0.010 0.008 0.002 0.006 0.263 0.035 0.246 0.146 0.009 0.010 0.160 0.004 0.012 0.022 0.061 0.003 
 31 FSSP_WM243    (6)    4 :  0.004 0.006 0.004 0.010 0.776 0.011 0.006 0.013 0.012 0.006 0.006 0.012 0.004 0.007 0.008 0.112 0.004 
 32 FSSP_WM244    (5)    4 :  0.003 0.045 0.020 0.009 0.016 0.091 0.090 0.066 0.085 0.012 0.012 0.057 0.070 0.286 0.023 0.096 0.018 
 33 FSSP_WM245   (10)    4 :  0.003 0.009 0.005 0.003 0.205 0.143 0.029 0.208 0.156 0.012 0.008 0.114 0.005 0.013 0.022 0.061 0.003 
 34 FSSP_WM246    (6)    4 :  0.003 0.016 0.009 0.008 0.046 0.165 0.057 0.199 0.108 0.014 0.018 0.180 0.006 0.039 0.027 0.099 0.006 
 35 FSSP_WM247    (3)    4 :  0.003 0.016 0.011 0.008 0.704 0.016 0.024 0.018 0.018 0.007 0.007 0.016 0.015 0.011 0.007 0.113 0.007 
 36 FSSP_WM248    (9)    4 :  0.003 0.005 0.018 0.004 0.707 0.018 0.012 0.018 0.024 0.005 0.006 0.014 0.010 0.012 0.008 0.132 0.004 
 37 FSSP_WM249    (6)    4 :  0.003 0.008 0.035 0.005 0.627 0.040 0.017 0.030 0.034 0.010 0.010 0.038 0.003 0.011 0.032 0.093 0.004 
 38 FSSP_WM250    (2)    4 :  0.003 0.009 0.049 0.022 0.252 0.042 0.028 0.061 0.095 0.009 0.007 0.063 0.005 0.198 0.014 0.127 0.017 
 39 HNL_WM301    (3)    5 :  0.878 0.004 0.003 0.002 0.006 0.013 0.006 0.015 0.010 0.017 0.005 0.010 0.004 0.005 0.009 0.009 0.002 
 40 HNL_WM302    (2)    5 :  0.928 0.003 0.002 0.002 0.003 0.008 0.004 0.007 0.005 0.009 0.003 0.006 0.002 0.004 0.004 0.005 0.003 
 41 HNL_WM303    (2)    5 :  0.868 0.007 0.005 0.003 0.006 0.017 0.009 0.015 0.013 0.009 0.009 0.009 0.004 0.007 0.011 0.008 0.003 
 42 HNL_WM304    (3)    5 :  0.764 0.008 0.006 0.002 0.006 0.024 0.014 0.019 0.014 0.073 0.007 0.026 0.004 0.007 0.008 0.014 0.004 
 43 HNL_WM305    (3)    5 :  0.903 0.005 0.004 0.005 0.004 0.012 0.006 0.009 0.008 0.010 0.004 0.009 0.003 0.005 0.005 0.006 0.003 
 44 HNL_WM306    (0)    5 :  0.907 0.004 0.003 0.005 0.004 0.007 0.006 0.009 0.008 0.015 0.005 0.008 0.003 0.004 0.005 0.006 0.002 
 45 HNL_WM307    (3)    5 :  0.888 0.006 0.005 0.002 0.004 0.011 0.009 0.014 0.010 0.006 0.006 0.012 0.004 0.006 0.009 0.007 0.003 
 46 HNL_WM308    (3)    5 :  0.863 0.005 0.003 0.003 0.003 0.014 0.011 0.016 0.015 0.020 0.009 0.011 0.004 0.007 0.010 0.005 0.003 
 47 HNL_WM309    (0)    5 :  0.809 0.009 0.005 0.009 0.005 0.021 0.015 0.023 0.014 0.013 0.022 0.017 0.006 0.007 0.011 0.009 0.003 
 48 HNL_WM310   (10)    5 :  0.848 0.009 0.004 0.003 0.005 0.022 0.009 0.020 0.010 0.016 0.007 0.014 0.004 0.009 0.008 0.008 0.003 
 49 MPO_WM482    (2)    6 :  0.004 0.011 0.005 0.002 0.005 0.031 0.013 0.029 0.018 0.016 0.006 0.014 0.003 0.007 0.825 0.009 0.003 
 50 MPO_WM483    (3)    6 :  0.003 0.014 0.006 0.005 0.007 0.195 0.038 0.140 0.122 0.014 0.011 0.124 0.006 0.010 0.214 0.086 0.005 
 51 MPO_WM484    (1)    6 :  0.003 0.009 0.006 0.003 0.007 0.153 0.031 0.114 0.089 0.008 0.009 0.100 0.004 0.014 0.406 0.039 0.003 
 52 MPO_WM485    (0)    6 :  0.003 0.010 0.006 0.006 0.011 0.040 0.017 0.023 0.052 0.006 0.009 0.037 0.005 0.008 0.695 0.067 0.004 
 53 MPO_WM486   (21)    6 :  0.003 0.020 0.007 0.002 0.011 0.241 0.062 0.253 0.126 0.010 0.011 0.143 0.006 0.019 0.019 0.063 0.004 
 54 MPO_WM487   (19)    6 :  0.003 0.015 0.006 0.003 0.011 0.123 0.047 0.129 0.095 0.021 0.013 0.075 0.006 0.019 0.374 0.056 0.004 
 55 MPO_WM488    (9)    6 :  0.003 0.009 0.004 0.002 0.005 0.211 0.028 0.244 0.141 0.010 0.007 0.238 0.003 0.010 0.024 0.057 0.003 
 56 MPO_WM489    (3)    6 :  0.003 0.080 0.023 0.004 0.006 0.038 0.014 0.025 0.016 0.010 0.009 0.018 0.004 0.021 0.702 0.020 0.008 
 57 MPO_WM490   (24)    6 :  0.003 0.012 0.006 0.003 0.007 0.217 0.033 0.232 0.138 0.012 0.008 0.201 0.007 0.023 0.034 0.059 0.005 
 58 MPO_WM491   (11)    6 :  0.003 0.008 0.006 0.002 0.007 0.222 0.032 0.224 0.127 0.008 0.012 0.228 0.003 0.028 0.017 0.069 0.003 
 59 OICP_WM541    (1)    7 :  0.002 0.006 0.003 0.002 0.006 0.018 0.873 0.017 0.016 0.005 0.007 0.012 0.003 0.008 0.008 0.012 0.002 
 60 OICP_WM542    (2)    7 :  0.002 0.010 0.003 0.002 0.004 0.023 0.864 0.022 0.015 0.005 0.005 0.014 0.003 0.006 0.008 0.012 0.003 
 61 OICP_WM543    (0)    7 :  0.002 0.010 0.004 0.002 0.005 0.020 0.867 0.017 0.014 0.007 0.006 0.015 0.003 0.007 0.007 0.011 0.003 
 62 OICP_WM544    (1)    7 :  0.002 0.202 0.008 0.011 0.018 0.076 0.095 0.051 0.069 0.023 0.009 0.126 0.008 0.021 0.034 0.239 0.008 
 63 OICP_WM545    (0)    7 :  0.003 0.011 0.004 0.002 0.003 0.036 0.770 0.049 0.027 0.007 0.007 0.036 0.003 0.008 0.010 0.023 0.002 
 64 OICP_WM546    (3)    7 :  0.003 0.046 0.004 0.002 0.007 0.134 0.339 0.108 0.136 0.007 0.007 0.091 0.004 0.014 0.017 0.080 0.002 
 65 OICP_WM547    (2)    7 :  0.002 0.041 0.005 0.002 0.007 0.139 0.280 0.138 0.143 0.007 0.006 0.095 0.003 0.013 0.015 0.099 0.003 
 66 OICP_WM548    (3)    7 :  0.002 0.013 0.003 0.002 0.006 0.018 0.864 0.019 0.015 0.005 0.005 0.020 0.003 0.006 0.006 0.009 0.002 
 67 OICP_WM549    (0)    7 :  0.002 0.017 0.004 0.002 0.004 0.013 0.896 0.010 0.010 0.004 0.004 0.009 0.002 0.006 0.007 0.006 0.002 
 68 OICP_WM550    (1)    7 :  0.002 0.006 0.003 0.002 0.003 0.023 0.872 0.018 0.011 0.005 0.005 0.016 0.003 0.007 0.007 0.013 0.003 
 69 IRO_WM601    (2)    8 :  0.003 0.290 0.063 0.006 0.035 0.058 0.092 0.058 0.084 0.008 0.008 0.067 0.032 0.039 0.013 0.138 0.004 
 70 IRO_WM602    (1)    8 :  0.004 0.090 0.009 0.011 0.012 0.075 0.212 0.100 0.134 0.013 0.007 0.095 0.006 0.071 0.017 0.138 0.006 
 71 IRO_WM603    (2)    8 :  0.003 0.044 0.143 0.013 0.016 0.030 0.014 0.042 0.183 0.007 0.008 0.044 0.216 0.020 0.012 0.200 0.005 
 72 IRO_WM604    (0)    8 :  0.003 0.015 0.007 0.204 0.005 0.022 0.012 0.026 0.026 0.004 0.005 0.017 0.008 0.564 0.007 0.049 0.026 
 73 IRO_WM605    (3)    8 :  0.003 0.167 0.030 0.002 0.004 0.015 0.017 0.018 0.015 0.005 0.006 0.017 0.003 0.656 0.010 0.021 0.010 
 74 IRO_WM606    (3)    8 :  0.004 0.011 0.011 0.005 0.013 0.053 0.018 0.055 0.044 0.012 0.010 0.062 0.006 0.604 0.025 0.033 0.032 
 75 IRO_WM607    (2)    8 :  0.003 0.028 0.053 0.010 0.064 0.082 0.022 0.111 0.166 0.011 0.010 0.042 0.005 0.213 0.013 0.156 0.012 
 76 IRO_WM608    (0)    8 :  0.003 0.083 0.044 0.053 0.024 0.026 0.085 0.051 0.200 0.007 0.010 0.064 0.015 0.020 0.016 0.286 0.013 
 77 IRO_WM609    (0)    8 :  0.004 0.030 0.022 0.135 0.014 0.112 0.029 0.100 0.082 0.011 0.012 0.084 0.032 0.155 0.025 0.134 0.019 
 78 IRO_WM610   (13)    8 :  0.003 0.013 0.009 0.017 0.235 0.085 0.020 0.062 0.069 0.015 0.014 0.078 0.041 0.051 0.200 0.033 0.055 
 79 HGRF_WM661    (5)    9 :  0.003 0.059 0.005 0.002 0.007 0.148 0.267 0.121 0.142 0.008 0.007 0.096 0.004 0.014 0.015 0.099 0.003 
 80 HGRF_WM662    (5)    9 :  0.003 0.009 0.004 0.002 0.006 0.279 0.032 0.242 0.144 0.010 0.012 0.167 0.004 0.011 0.017 0.056 0.003 
 81 HGRF_WM663    (4)    9 :  0.003 0.044 0.004 0.002 0.007 0.139 0.297 0.119 0.136 0.009 0.007 0.097 0.004 0.015 0.014 0.100 0.003 
 82 HGRF_WM664    (3)    9 :  0.003 0.013 0.006 0.002 0.006 0.238 0.065 0.250 0.147 0.007 0.009 0.158 0.004 0.011 0.015 0.064 0.003 
 83 HGRF_WM665    (1)    9 :  0.003 0.082 0.007 0.009 0.011 0.091 0.305 0.100 0.135 0.011 0.013 0.089 0.007 0.027 0.027 0.077 0.005 
 84 HGRF_WM666    (5)    9 :  0.003 0.010 0.004 0.002 0.006 0.255 0.025 0.254 0.165 0.009 0.011 0.156 0.003 0.010 0.017 0.067 0.003 
 85 HGRF_WM667    (0)    9 :  0.002 0.007 0.004 0.002 0.005 0.239 0.046 0.282 0.136 0.007 0.008 0.165 0.003 0.013 0.017 0.061 0.003 
 86 HGRF_WM668    (4)    9 :  0.002 0.051 0.005 0.002 0.006 0.129 0.274 0.111 0.138 0.008 0.009 0.128 0.003 0.020 0.014 0.097 0.003 
 87 HGRF_WM669    (5)    9 :  0.002 0.008 0.005 0.002 0.006 0.237 0.030 0.212 0.136 0.012 0.008 0.228 0.004 0.013 0.024 0.070 0.003 
 88 HGRF_WM670    (9)    9 :  0.004 0.021 0.007 0.002 0.006 0.239 0.075 0.252 0.130 0.010 0.007 0.149 0.004 0.011 0.017 0.063 0.003 
 89 PTP_WM721    (2)   10 :  0.005 0.016 0.012 0.014 0.012 0.205 0.036 0.195 0.147 0.020 0.013 0.162 0.006 0.022 0.032 0.097 0.006 
 90 PTP_WM722    (2)   10 :  0.004 0.009 0.009 0.015 0.007 0.036 0.010 0.036 0.039 0.010 0.008 0.721 0.006 0.009 0.014 0.061 0.004 
 91 PTP_WM723   (25)   10 :  0.003 0.011 0.007 0.003 0.006 0.225 0.055 0.200 0.139 0.009 0.012 0.191 0.004 0.030 0.033 0.068 0.004 
 92 PTP_WM724   (13)   10 :  0.003 0.013 0.007 0.002 0.005 0.247 0.030 0.223 0.156 0.008 0.013 0.186 0.005 0.012 0.025 0.060 0.003 
 93 PTP_WM725   (25)   10 :  0.003 0.015 0.006 0.002 0.014 0.258 0.036 0.246 0.125 0.027 0.013 0.143 0.005 0.013 0.029 0.060 0.004 
 94 PTP_WM726   (13)   10 :  0.002 0.012 0.006 0.002 0.006 0.252 0.040 0.265 0.143 0.007 0.009 0.146 0.004 0.014 0.024 0.063 0.003 
 95 PTP_WM727   (10)   10 :  0.003 0.009 0.007 0.002 0.008 0.237 0.034 0.225 0.116 0.014 0.008 0.207 0.004 0.037 0.022 0.063 0.003 
 96 PTP_WM728    (8)   10 :  0.003 0.007 0.005 0.002 0.007 0.232 0.037 0.283 0.137 0.008 0.012 0.171 0.004 0.010 0.017 0.063 0.003 
 97 PTP_WM729    (9)   10 :  0.003 0.007 0.004 0.002 0.005 0.029 0.011 0.028 0.051 0.006 0.005 0.761 0.004 0.007 0.009 0.067 0.003 
 98 PTP_WM730    (8)   10 :  0.003 0.005 0.004 0.002 0.007 0.023 0.013 0.017 0.037 0.004 0.004 0.799 0.003 0.007 0.007 0.063 0.003 
 99 RRL_WM782    (9)   11 :  0.003 0.009 0.006 0.002 0.007 0.266 0.030 0.245 0.132 0.012 0.009 0.171 0.004 0.014 0.021 0.066 0.003 
100 RRL_WM783    (8)   11 :  0.003 0.040 0.766 0.004 0.016 0.018 0.013 0.019 0.025 0.006 0.009 0.016 0.015 0.015 0.013 0.020 0.004 
101 RRL_WM784    (1)   11 :  0.003 0.008 0.729 0.005 0.006 0.038 0.014 0.038 0.026 0.007 0.010 0.031 0.012 0.031 0.014 0.018 0.009 
102 RRL_WM785    (1)   11 :  0.003 0.008 0.005 0.001 0.005 0.252 0.041 0.254 0.141 0.008 0.012 0.170 0.004 0.012 0.016 0.065 0.003 
103 RRL_WM786    (2)   11 :  0.003 0.006 0.651 0.005 0.015 0.010 0.007 0.009 0.047 0.005 0.007 0.012 0.003 0.085 0.010 0.094 0.030 
104 RRL_WM787    (3)   11 :  0.003 0.062 0.576 0.006 0.011 0.015 0.059 0.033 0.070 0.004 0.006 0.025 0.007 0.019 0.007 0.087 0.010 
105 RRL_WM788    (0)   11 :  0.002 0.005 0.681 0.183 0.012 0.013 0.005 0.009 0.024 0.004 0.004 0.011 0.008 0.006 0.005 0.023 0.003 
106 RRL_WM789    (2)   11 :  0.002 0.018 0.877 0.003 0.005 0.009 0.007 0.011 0.013 0.005 0.005 0.008 0.011 0.009 0.005 0.007 0.007 
107 RRL_WM790    (0)   11 :  0.003 0.011 0.361 0.198 0.006 0.031 0.014 0.038 0.036 0.009 0.009 0.030 0.005 0.182 0.012 0.036 0.019 
108 RRL_WM791    (0)   11 :  0.003 0.055 0.557 0.010 0.029 0.083 0.011 0.070 0.052 0.009 0.011 0.034 0.004 0.017 0.014 0.036 0.006 
109 RRO_WM842    (0)   12 :  0.003 0.015 0.723 0.005 0.011 0.022 0.012 0.028 0.035 0.006 0.008 0.021 0.005 0.069 0.014 0.018 0.008 
110 RRO_WM843    (7)   12 :  0.003 0.013 0.348 0.015 0.007 0.026 0.009 0.029 0.088 0.009 0.007 0.027 0.329 0.053 0.012 0.020 0.006 
111 RRO_WM844    (2)   12 :  0.003 0.012 0.046 0.004 0.010 0.061 0.030 0.069 0.056 0.012 0.010 0.057 0.331 0.255 0.019 0.019 0.007 
112 RRO_WM845    (4)   12 :  0.003 0.009 0.849 0.002 0.005 0.021 0.007 0.013 0.014 0.005 0.005 0.012 0.030 0.006 0.007 0.010 0.003 
113 RRO_WM846   (10)   12 :  0.003 0.012 0.660 0.005 0.010 0.044 0.025 0.059 0.044 0.011 0.009 0.037 0.020 0.010 0.023 0.022 0.005 
114 RRO_WM847    (6)   12 :  0.003 0.042 0.492 0.008 0.007 0.040 0.016 0.035 0.042 0.009 0.006 0.035 0.085 0.122 0.009 0.041 0.011 
115 RRO_WM848    (4)   12 :  0.003 0.039 0.335 0.013 0.044 0.128 0.033 0.122 0.048 0.011 0.015 0.080 0.014 0.024 0.031 0.056 0.004 
116 RRO_WM849    (5)   12 :  0.002 0.220 0.544 0.003 0.005 0.035 0.016 0.024 0.024 0.008 0.008 0.041 0.018 0.015 0.013 0.020 0.004 
117 RRO_WM850    (2)   12 :  0.003 0.009 0.774 0.004 0.006 0.034 0.011 0.044 0.025 0.007 0.009 0.025 0.003 0.014 0.010 0.019 0.003 
118 RRO_WM851    (1)   12 :  0.003 0.024 0.442 0.005 0.007 0.099 0.030 0.089 0.064 0.010 0.010 0.084 0.052 0.017 0.021 0.041 0.004 
119 CPS_WM901    (2)   13 :  0.003 0.007 0.012 0.003 0.007 0.013 0.007 0.013 0.012 0.006 0.005 0.020 0.854 0.017 0.009 0.007 0.005 
120 CPS_WM902    (2)   13 :  0.003 0.026 0.009 0.003 0.004 0.015 0.041 0.011 0.010 0.006 0.005 0.010 0.830 0.006 0.006 0.005 0.010 
121 CPS_WM903    (5)   13 :  0.003 0.005 0.015 0.002 0.005 0.010 0.007 0.007 0.008 0.004 0.003 0.008 0.891 0.010 0.005 0.008 0.010 
122 CPS_WM904    (1)   13 :  0.003 0.005 0.012 0.022 0.006 0.010 0.009 0.016 0.011 0.005 0.005 0.017 0.837 0.007 0.008 0.013 0.014 
123 CPS_WM905    (2)   13 :  0.002 0.007 0.008 0.024 0.027 0.009 0.006 0.009 0.008 0.004 0.005 0.008 0.843 0.006 0.018 0.010 0.008 
124 CPS_WM906    (3)   13 :  0.003 0.011 0.005 0.003 0.006 0.026 0.009 0.016 0.023 0.007 0.006 0.018 0.837 0.007 0.008 0.012 0.003 
125 CPS_WM907    (6)   13 :  0.003 0.008 0.007 0.003 0.008 0.039 0.014 0.060 0.041 0.010 0.009 0.044 0.699 0.013 0.016 0.023 0.003 
126 CPS_WM908    (3)   13 :  0.004 0.011 0.015 0.006 0.015 0.047 0.025 0.055 0.028 0.012 0.007 0.036 0.675 0.017 0.020 0.021 0.007 
127 CPS_WM909    (2)   13 :  0.003 0.006 0.008 0.003 0.008 0.034 0.024 0.039 0.026 0.006 0.008 0.024 0.767 0.008 0.015 0.016 0.004 
128 CPS_WM910    (1)   13 :  0.003 0.008 0.005 0.010 0.004 0.015 0.010 0.014 0.018 0.008 0.005 0.015 0.859 0.008 0.010 0.006 0.003 
129 PPNP_WM962    (1)   14 :  0.022 0.004 0.004 0.005 0.005 0.010 0.005 0.009 0.007 0.035 0.864 0.008 0.003 0.006 0.005 0.006 0.002 
130 PPNP_WM963    (0)   14 :  0.015 0.010 0.006 0.005 0.009 0.042 0.018 0.052 0.020 0.007 0.733 0.032 0.004 0.009 0.010 0.023 0.004 
131 PPNP_WM964    (0)   14 :  0.025 0.003 0.003 0.006 0.003 0.015 0.007 0.009 0.012 0.004 0.874 0.009 0.004 0.007 0.008 0.006 0.003 
132 PPNP_WM965    (4)   14 :  0.003 0.011 0.004 0.002 0.005 0.031 0.009 0.038 0.020 0.009 0.789 0.033 0.004 0.010 0.014 0.015 0.003 
133 PPNP_WM966    (4)   14 :  0.002 0.003 0.004 0.002 0.003 0.011 0.006 0.013 0.010 0.004 0.913 0.010 0.002 0.005 0.006 0.004 0.002 
134 PPNP_WM967    (4)   14 :  0.003 0.007 0.005 0.002 0.006 0.072 0.021 0.075 0.033 0.007 0.650 0.055 0.004 0.015 0.013 0.028 0.003 
135 PPNP_WM968    (5)   14 :  0.018 0.014 0.006 0.007 0.012 0.186 0.031 0.207 0.102 0.016 0.120 0.155 0.006 0.019 0.043 0.055 0.004 
136 PPNP_WM969    (2)   14 :  0.003 0.007 0.004 0.002 0.008 0.049 0.015 0.050 0.033 0.006 0.746 0.027 0.004 0.012 0.009 0.025 0.002 
137 PPNP_WM970    (2)   14 :  0.007 0.008 0.006 0.003 0.007 0.080 0.025 0.067 0.044 0.036 0.602 0.052 0.003 0.012 0.012 0.032 0.003 
138 PPNP_WM971    (2)   14 :  0.004 0.006 0.006 0.002 0.009 0.053 0.022 0.051 0.047 0.030 0.682 0.037 0.004 0.008 0.014 0.021 0.003 
139 FPPI_WM1021    (4)   15 :  0.003 0.012 0.007 0.006 0.009 0.025 0.014 0.025 0.015 0.803 0.009 0.027 0.004 0.010 0.012 0.014 0.005 
140 FPPI_WM1022    (4)   15 :  0.016 0.012 0.005 0.004 0.003 0.029 0.019 0.034 0.021 0.629 0.007 0.031 0.004 0.009 0.150 0.025 0.003 
141 FPPI_WM1023    (1)   15 :  0.005 0.010 0.004 0.002 0.007 0.046 0.014 0.040 0.017 0.769 0.014 0.029 0.003 0.009 0.011 0.015 0.003 
142 FPPI_WM1024    (5)   15 :  0.004 0.012 0.005 0.004 0.006 0.049 0.023 0.056 0.037 0.233 0.459 0.048 0.004 0.009 0.015 0.033 0.004 
143 FPPI_WM1025    (6)   15 :  0.004 0.012 0.004 0.002 0.009 0.046 0.023 0.056 0.022 0.730 0.015 0.035 0.004 0.009 0.007 0.019 0.003 
144 FPPI_WM1026    (1)   15 :  0.003 0.005 0.003 0.002 0.005 0.011 0.007 0.018 0.009 0.900 0.004 0.009 0.003 0.006 0.005 0.007 0.003 
145 FPPI_WM1027    (3)   15 :  0.002 0.005 0.003 0.002 0.003 0.008 0.005 0.012 0.007 0.682 0.244 0.006 0.003 0.005 0.005 0.005 0.003 
146 FPPI_WM1028    (2)   15 :  0.004 0.004 0.005 0.002 0.007 0.022 0.008 0.024 0.016 0.860 0.007 0.014 0.003 0.008 0.006 0.008 0.003 
147 FPPI_WM1029    (3)   15 :  0.009 0.013 0.005 0.003 0.008 0.126 0.033 0.103 0.069 0.481 0.012 0.069 0.005 0.012 0.016 0.034 0.003 
148 FPPI_WM1030    (1)   15 :  0.005 0.008 0.005 0.016 0.005 0.015 0.006 0.012 0.008 0.868 0.012 0.010 0.003 0.007 0.007 0.008 0.004 
149 CRWA_WM1082    (2)   16 :  0.002 0.003 0.004 0.002 0.917 0.008 0.006 0.007 0.006 0.004 0.003 0.007 0.002 0.006 0.005 0.013 0.003 
150 CRWA_WM1084    (5)   16 :  0.003 0.030 0.005 0.004 0.357 0.052 0.176 0.079 0.109 0.006 0.008 0.058 0.003 0.014 0.012 0.074 0.010 
151 CRWA_WM1085    (2)   16 :  0.003 0.013 0.008 0.003 0.427 0.091 0.045 0.086 0.124 0.012 0.008 0.058 0.005 0.011 0.020 0.082 0.008 
152 CRWA_WM1086    (9)   16 :  0.003 0.020 0.027 0.008 0.087 0.096 0.040 0.113 0.131 0.011 0.016 0.135 0.005 0.026 0.116 0.162 0.004 
153 CRWA_WM1087    (0)   16 :  0.003 0.009 0.005 0.097 0.627 0.049 0.027 0.029 0.021 0.006 0.006 0.036 0.024 0.011 0.014 0.018 0.016 
154 CRWA_WM1088    (1)   16 :  0.003 0.052 0.007 0.029 0.061 0.077 0.157 0.056 0.150 0.012 0.008 0.097 0.006 0.020 0.084 0.164 0.017 
155 CRWA_WM1089    (3)   16 :  0.003 0.028 0.007 0.003 0.556 0.096 0.036 0.083 0.040 0.009 0.009 0.063 0.003 0.014 0.026 0.021 0.003 
156 CRWA_WM1090    (0)   16 :  0.003 0.012 0.015 0.007 0.185 0.102 0.021 0.086 0.115 0.011 0.011 0.069 0.005 0.224 0.018 0.076 0.040 
157 CRWA_WM1092    (1)   16 :  0.003 0.011 0.006 0.123 0.611 0.042 0.018 0.050 0.030 0.008 0.008 0.039 0.005 0.010 0.012 0.015 0.009 
158 CRWA_WM1093    (1)   16 :  0.003 0.051 0.006 0.045 0.629 0.034 0.072 0.030 0.023 0.006 0.007 0.028 0.004 0.014 0.014 0.030 0.003 
159 PCRA_WM1141    (3)   17 :  0.003 0.008 0.009 0.004 0.036 0.030 0.013 0.052 0.047 0.010 0.008 0.030 0.004 0.187 0.009 0.036 0.512 
160 PCRA_WM1142    (3)   17 :  0.003 0.011 0.008 0.002 0.013 0.070 0.027 0.054 0.045 0.009 0.010 0.056 0.008 0.020 0.014 0.029 0.621 
161 PCRA_WM1143    (1)   17 :  0.003 0.010 0.007 0.003 0.009 0.069 0.032 0.087 0.066 0.010 0.011 0.121 0.005 0.074 0.016 0.034 0.443 
162 PCRA_WM1144    (2)   17 :  0.003 0.256 0.434 0.003 0.006 0.053 0.029 0.057 0.035 0.007 0.007 0.033 0.012 0.009 0.016 0.030 0.009 
163 PCRA_WM1145    (4)   17 :  0.003 0.016 0.009 0.009 0.014 0.118 0.088 0.089 0.067 0.016 0.013 0.104 0.019 0.046 0.021 0.046 0.320 
164 PCRA_WM1146    (2)   17 :  0.003 0.064 0.015 0.011 0.064 0.009 0.010 0.009 0.010 0.005 0.004 0.008 0.007 0.013 0.014 0.008 0.746 
165 PCRA_WM1147    (1)   17 :  0.003 0.012 0.007 0.003 0.056 0.088 0.063 0.097 0.172 0.009 0.008 0.084 0.004 0.154 0.019 0.119 0.101 
166 PCRA_WM1148    (0)   17 :  0.003 0.011 0.009 0.013 0.005 0.009 0.006 0.009 0.006 0.005 0.006 0.009 0.004 0.026 0.007 0.007 0.864 
167 PCRA_WM1149    (1)   17 :  0.003 0.024 0.023 0.020 0.012 0.014 0.019 0.011 0.009 0.008 0.006 0.011 0.068 0.007 0.008 0.008 0.749 
168 PCRA_WM1150    (0)   17 :  0.007 0.038 0.015 0.018 0.005 0.010 0.016 0.011 0.013 0.005 0.006 0.010 0.005 0.011 0.006 0.014 0.808 
169 DHFA_WM1202    (3)   18 :  0.670 0.011 0.006 0.004 0.010 0.035 0.021 0.062 0.033 0.018 0.011 0.046 0.005 0.015 0.025 0.026 0.003 
170 DHFA_WM1203    (1)   18 :  0.690 0.007 0.008 0.003 0.006 0.035 0.018 0.058 0.035 0.016 0.030 0.044 0.005 0.011 0.011 0.020 0.003 
171 DHFA_WM1204    (2)   18 :  0.715 0.013 0.008 0.003 0.008 0.032 0.021 0.067 0.026 0.012 0.008 0.036 0.004 0.012 0.013 0.019 0.003 
172 DHFA_WM1205    (5)   18 :  0.904 0.005 0.003 0.002 0.005 0.008 0.009 0.013 0.008 0.005 0.004 0.009 0.003 0.004 0.009 0.005 0.003 
173 DHFA_WM1206    (4)   18 :  0.874 0.005 0.004 0.003 0.006 0.016 0.011 0.014 0.009 0.008 0.004 0.014 0.003 0.006 0.010 0.009 0.003 
174 DHFA_WM1207    (2)   18 :  0.933 0.005 0.003 0.003 0.004 0.007 0.005 0.006 0.004 0.003 0.005 0.006 0.003 0.003 0.005 0.004 0.002 
175 DHFA_WM1208    (3)   18 :  0.892 0.004 0.005 0.003 0.005 0.011 0.008 0.013 0.009 0.006 0.007 0.010 0.003 0.006 0.006 0.008 0.003 
176 DHFA_WM1209    (1)   18 :  0.911 0.003 0.004 0.010 0.004 0.007 0.005 0.008 0.007 0.007 0.006 0.006 0.003 0.006 0.005 0.006 0.003 
177 DHFA_WM1210    (0)   18 :  0.954 0.002 0.002 0.007 0.002 0.003 0.002 0.004 0.003 0.003 0.003 0.004 0.002 0.003 0.003 0.002 0.002 
178 DHFA_WM1211    (2)   18 :  0.714 0.011 0.006 0.003 0.006 0.052 0.017 0.051 0.025 0.014 0.014 0.029 0.004 0.011 0.014 0.024 0.004 


Estimated Allele Frequencies in each cluster
First column gives estimated ancestral frequencies


Locus 1 : 953_21 
2 alleles
4.5% missing data
 120   (0.962) 0.997 0.998 0.998 0.964 0.998 1.000 1.000 1.000 0.998 0.794 0.998 1.000 0.997 0.999 0.999 0.997 0.995 
 100   (0.038) 0.003 0.002 0.002 0.036 0.002 0.000 0.000 0.000 0.002 0.206 0.002 0.000 0.003 0.001 0.001 0.003 0.005 

Locus 2 : 2370_26 
2 alleles
6.2% missing data
 110   (0.962) 0.997 0.998 0.997 0.963 0.998 1.000 1.000 1.000 0.998 0.999 0.596 1.000 0.997 0.999 0.999 0.997 0.995 
 130   (0.038) 0.003 0.002 0.003 0.037 0.002 0.000 0.000 0.000 0.002 0.001 0.404 0.000 0.003 0.001 0.001 0.003 0.005 

Locus 3 : 2692_87 
2 alleles
1.7% missing data
 130   (0.957) 0.763 0.998 0.997 0.958 0.998 1.000 1.000 1.000 0.998 0.998 0.998 1.000 0.997 0.999 0.999 0.996 0.995 
 120   (0.043) 0.237 0.002 0.003 0.042 0.002 0.000 0.000 0.000 0.002 0.002 0.002 0.000 0.003 0.001 0.001 0.004 0.005 

Locus 4 : 2828_58 
2 alleles
6.7% missing data
 100   (0.936) 0.995 0.986 0.995 0.936 0.995 0.999 0.994 0.998 0.965 0.997 0.997 0.992 0.994 0.998 0.997 0.957 0.825 
 120   (0.064) 0.005 0.014 0.005 0.064 0.005 0.001 0.006 0.002 0.035 0.003 0.003 0.008 0.006 0.002 0.003 0.043 0.175 

Locus 5 : 6398_73 
2 alleles
6.2% missing data
 130   (0.930) 0.647 0.996 0.996 0.933 0.996 1.000 0.999 1.000 0.996 0.560 0.997 0.999 0.995 0.998 0.998 0.994 0.991 
 100   (0.070) 0.353 0.004 0.004 0.067 0.004 0.000 0.001 0.000 0.004 0.440 0.003 0.001 0.005 0.002 0.002 0.006 0.009 

Locus 6 : 7469_71 
2 alleles
5.1% missing data
 130   (0.962) 0.996 0.996 0.996 0.961 0.997 1.000 0.999 1.000 0.995 0.996 0.997 0.983 0.995 0.999 0.998 0.992 0.993 
 110   (0.038) 0.004 0.004 0.004 0.039 0.003 0.000 0.001 0.000 0.005 0.004 0.003 0.017 0.005 0.001 0.002 0.008 0.007 

Locus 7 : 7615_47 
2 alleles
5.1% missing data
 130   (0.962) 0.996 0.996 0.996 0.962 0.996 0.998 0.999 0.997 0.994 0.996 0.997 0.995 0.996 0.997 0.997 0.991 0.993 
 100   (0.038) 0.004 0.004 0.004 0.038 0.004 0.002 0.001 0.003 0.006 0.004 0.003 0.005 0.004 0.003 0.003 0.009 0.007 

Locus 8 : 8211_10 
2 alleles
2.8% missing data
 120   (0.960) 0.935 0.998 0.997 0.961 0.998 1.000 1.000 1.000 0.998 0.999 0.999 1.000 0.997 0.999 0.999 0.997 0.995 
 100   (0.040) 0.065 0.002 0.003 0.039 0.002 0.000 0.000 0.000 0.002 0.001 0.001 0.000 0.003 0.001 0.001 0.003 0.005 

Locus 9 : 8394_14 
2 alleles
2.2% missing data
 110   (0.956) 0.996 0.997 0.997 0.957 0.998 1.000 1.000 1.000 0.998 0.737 0.984 1.000 0.996 0.999 0.998 0.996 0.994 
 130   (0.044) 0.004 0.003 0.003 0.043 0.002 0.000 0.000 0.000 0.002 0.263 0.016 0.000 0.004 0.001 0.002 0.004 0.006 

Locus 10 : 9621_63 
2 alleles
3.9% missing data
 130   (0.960) 0.939 0.998 0.997 0.962 0.998 1.000 1.000 1.000 0.998 0.998 0.999 1.000 0.997 0.999 0.999 0.997 0.995 
 110   (0.040) 0.061 0.002 0.003 0.038 0.002 0.000 0.000 0.000 0.002 0.002 0.001 0.000 0.003 0.001 0.001 0.003 0.005 

Locus 11 : 9880_35 
2 alleles
4.5% missing data
 120   (0.955) 0.703 0.998 0.997 0.957 0.998 1.000 1.000 1.000 0.997 0.998 0.998 1.000 0.996 0.999 0.999 0.996 0.994 
 100   (0.045) 0.297 0.002 0.003 0.043 0.002 0.000 0.000 0.000 0.003 0.002 0.002 0.000 0.004 0.001 0.001 0.004 0.006 

Locus 12 : 11163_16 
2 alleles
7.9% missing data
 130   (0.960) 0.913 0.998 0.997 0.961 0.998 1.000 1.000 1.000 0.998 0.999 0.998 1.000 0.997 0.999 0.999 0.997 0.995 
 110   (0.040) 0.087 0.002 0.003 0.039 0.002 0.000 0.000 0.000 0.002 0.001 0.002 0.000 0.003 0.001 0.001 0.003 0.005 

Locus 13 : 11991_31 
2 alleles
4.5% missing data
 120   (0.939) 0.995 0.992 0.974 0.935 0.991 0.999 0.999 0.998 0.955 0.997 0.997 0.996 0.994 0.992 0.997 0.943 0.989 
 100   (0.061) 0.005 0.008 0.026 0.065 0.009 0.001 0.001 0.002 0.045 0.003 0.003 0.004 0.006 0.008 0.003 0.057 0.011 

Locus 14 : 12766_17 
2 alleles
2.2% missing data
 120   (0.963) 0.997 0.998 0.997 0.964 0.998 1.000 1.000 1.000 0.998 0.999 0.999 1.000 0.995 0.999 0.999 0.997 0.928 
 100   (0.037) 0.003 0.002 0.003 0.036 0.002 0.000 0.000 0.000 0.002 0.001 0.001 0.000 0.005 0.001 0.001 0.003 0.072 

Locus 15 : 13496_14 
2 alleles
5.1% missing data
 110   (0.959) 0.997 0.998 0.997 0.960 0.998 1.000 1.000 1.000 0.998 0.999 0.999 1.000 0.687 0.999 0.999 0.997 0.995 
 100   (0.041) 0.003 0.002 0.003 0.040 0.002 0.000 0.000 0.000 0.002 0.001 0.001 0.000 0.313 0.001 0.001 0.003 0.005 

Locus 16 : 14394_41 
2 alleles
2.2% missing data
 130   (0.962) 0.997 0.998 0.997 0.963 0.998 1.000 1.000 1.000 0.998 0.999 0.999 1.000 0.997 0.999 0.999 0.997 0.927 
 110   (0.038) 0.003 0.002 0.003 0.037 0.002 0.000 0.000 0.000 0.002 0.001 0.001 0.000 0.003 0.001 0.001 0.003 0.073 

Locus 17 : 16285_24 
2 alleles
6.2% missing data
 130   (0.959) 0.875 0.998 0.997 0.960 0.998 1.000 1.000 1.000 0.998 0.998 0.998 1.000 0.997 0.999 0.999 0.997 0.995 
 100   (0.041) 0.125 0.002 0.003 0.040 0.002 0.000 0.000 0.000 0.002 0.002 0.002 0.000 0.003 0.001 0.001 0.003 0.005 

Locus 18 : 18821_69 
2 alleles
7.3% missing data
 120   (0.960) 0.997 0.998 0.997 0.961 0.998 1.000 1.000 0.999 0.997 0.998 0.998 0.999 0.997 0.999 0.685 0.996 0.994 
 110   (0.040) 0.003 0.002 0.003 0.039 0.002 0.000 0.000 0.001 0.003 0.002 0.002 0.001 0.003 0.001 0.315 0.004 0.006 

Locus 19 : 19006_32 
2 alleles
6.7% missing data
 120   (0.920) 0.660 0.995 0.995 0.922 0.995 1.000 0.999 1.000 0.995 0.623 0.968 0.999 0.993 0.998 0.998 0.993 0.990 
 110   (0.080) 0.340 0.005 0.005 0.078 0.005 0.000 0.001 0.000 0.005 0.377 0.032 0.001 0.007 0.002 0.002 0.007 0.010 

Locus 20 : 19602_58 
2 alleles
4.5% missing data
 120   (0.962) 0.972 0.998 0.997 0.963 0.998 1.000 1.000 1.000 0.998 0.999 0.999 1.000 0.997 0.999 0.999 0.997 0.995 
 100   (0.038) 0.028 0.002 0.003 0.037 0.002 0.000 0.000 0.000 0.002 0.001 0.001 0.000 0.003 0.001 0.001 0.003 0.005 

Locus 21 : 20143_24 
2 alleles
3.4% missing data
 120   (0.963) 0.997 0.998 0.997 0.964 0.997 1.000 1.000 1.000 0.997 0.999 0.998 1.000 0.959 0.999 0.998 0.997 0.994 
 100   (0.037) 0.003 0.002 0.003 0.036 0.003 0.000 0.000 0.000 0.003 0.001 0.002 0.000 0.041 0.001 0.002 0.003 0.006 

Locus 22 : 21661_29 
2 alleles
2.2% missing data
 120   (0.959) 0.891 0.998 0.997 0.961 0.998 1.000 1.000 1.000 0.998 0.999 0.999 1.000 0.997 0.999 0.999 0.997 0.995 
 100   (0.041) 0.109 0.002 0.003 0.039 0.002 0.000 0.000 0.000 0.002 0.001 0.001 0.000 0.003 0.001 0.001 0.003 0.005 

Locus 23 : 22603_12 
2 alleles
5.1% missing data
 130   (0.962) 0.944 0.998 0.998 0.964 0.998 1.000 1.000 1.000 0.998 0.999 0.999 1.000 0.997 0.999 0.999 0.997 0.995 
 110   (0.038) 0.056 0.002 0.002 0.036 0.002 0.000 0.000 0.000 0.002 0.001 0.001 0.000 0.003 0.001 0.001 0.003 0.005 

Locus 24 : 25109_23 
2 alleles
1.7% missing data
 120   (0.941) 0.995 0.996 0.995 0.942 0.848 0.999 0.999 0.999 0.990 0.997 0.997 0.999 0.994 0.986 0.998 0.934 0.949 
 100   (0.059) 0.005 0.004 0.005 0.058 0.152 0.001 0.001 0.001 0.010 0.003 0.003 0.001 0.006 0.014 0.002 0.066 0.051 

Locus 25 : 25511_77 
2 alleles
5.1% missing data
 130   (0.962) 0.997 0.998 0.997 0.963 0.998 1.000 1.000 1.000 0.998 0.999 0.866 1.000 0.997 0.999 0.999 0.997 0.995 
 110   (0.038) 0.003 0.002 0.003 0.037 0.002 0.000 0.000 0.000 0.002 0.001 0.134 0.000 0.003 0.001 0.001 0.003 0.005 

Locus 26 : 26816_9 
2 alleles
5.6% missing data
 110   (0.888) 0.991 0.977 0.827 0.885 0.696 0.999 0.998 0.996 0.876 0.996 0.995 0.993 0.982 0.965 0.995 0.751 0.983 
 130   (0.112) 0.009 0.023 0.173 0.115 0.304 0.001 0.002 0.004 0.124 0.004 0.005 0.007 0.018 0.035 0.005 0.249 0.017 

Locus 27 : 29455_86 
2 alleles
5.6% missing data
 120   (0.961) 0.996 0.996 0.997 0.959 0.998 1.000 0.999 1.000 0.990 0.998 0.999 0.999 0.996 0.990 0.999 0.989 0.987 
 110   (0.039) 0.004 0.004 0.003 0.041 0.002 0.000 0.001 0.000 0.010 0.002 0.001 0.001 0.004 0.010 0.001 0.011 0.013 

Locus 28 : 30970_30 
2 alleles
6.7% missing data
 120   (0.962) 0.997 0.998 0.997 0.963 0.998 1.000 1.000 1.000 0.997 0.999 0.998 1.000 0.955 0.999 0.999 0.996 0.994 
 110   (0.038) 0.003 0.002 0.003 0.037 0.002 0.000 0.000 0.000 0.003 0.001 0.002 0.000 0.045 0.001 0.001 0.004 0.006 

Locus 29 : 33052_5 
2 alleles
1.1% missing data
 130   (0.963) 0.997 0.998 0.997 0.964 0.993 1.000 1.000 1.000 0.997 0.999 0.998 1.000 0.997 0.999 0.963 0.996 0.995 
 110   (0.037) 0.003 0.002 0.003 0.036 0.007 0.000 0.000 0.000 0.003 0.001 0.002 0.000 0.003 0.001 0.037 0.004 0.005 

Locus 30 : 33744_32 
2 alleles
2.8% missing data
 130   (0.958) 0.997 0.998 0.997 0.958 0.998 1.000 1.000 1.000 0.998 0.999 0.998 1.000 0.997 0.999 0.867 0.997 0.994 
 110   (0.042) 0.003 0.002 0.003 0.042 0.002 0.000 0.000 0.000 0.002 0.001 0.002 0.000 0.003 0.001 0.133 0.003 0.006 

Locus 31 : 34805_8 
2 alleles
4.5% missing data
 110   (0.947) 0.996 0.996 0.997 0.946 0.997 1.000 0.999 1.000 0.992 0.998 0.998 0.999 0.996 0.990 0.998 0.990 0.746 
 120   (0.053) 0.004 0.004 0.003 0.054 0.003 0.000 0.001 0.000 0.008 0.002 0.002 0.001 0.004 0.010 0.002 0.010 0.254 

Locus 32 : 35345_10 
2 alleles
5.1% missing data
 130   (0.957) 0.996 0.996 0.996 0.958 0.996 0.997 0.999 0.998 0.990 0.997 0.998 0.996 0.995 0.998 0.940 0.983 0.993 
 110   (0.043) 0.004 0.004 0.004 0.042 0.004 0.003 0.001 0.002 0.010 0.003 0.002 0.004 0.005 0.002 0.060 0.017 0.007 

Locus 33 : 35769_30 
2 alleles
6.2% missing data
 110   (0.945) 0.996 0.996 0.996 0.946 0.994 1.000 0.999 1.000 0.996 0.998 0.998 1.000 0.956 0.999 0.998 0.994 0.925 
 100   (0.055) 0.004 0.004 0.004 0.054 0.006 0.000 0.001 0.000 0.004 0.002 0.002 0.000 0.044 0.001 0.002 0.006 0.075 

Locus 34 : 35965_89 
2 alleles
3.4% missing data
 130   (0.963) 0.997 0.996 0.998 0.962 0.967 1.000 0.999 1.000 0.996 0.999 0.998 0.999 0.997 0.999 0.999 0.995 0.995 
 100   (0.037) 0.003 0.004 0.002 0.038 0.033 0.000 0.001 0.000 0.004 0.001 0.002 0.001 0.003 0.001 0.001 0.005 0.005 

Locus 35 : 39654_13 
2 alleles
5.6% missing data
 120   (0.963) 0.997 0.998 0.981 0.960 0.998 1.000 1.000 1.000 0.995 0.999 0.999 1.000 0.997 0.999 0.999 0.996 0.995 
 100   (0.037) 0.003 0.002 0.019 0.040 0.002 0.000 0.000 0.000 0.005 0.001 0.001 0.000 0.003 0.001 0.001 0.004 0.005 

Locus 36 : 39700_65 
2 alleles
3.4% missing data
 110   (0.963) 0.997 0.997 0.997 0.960 0.998 1.000 1.000 1.000 0.994 0.998 0.998 0.999 0.996 0.996 0.998 0.988 0.994 
 120   (0.037) 0.003 0.003 0.003 0.040 0.002 0.000 0.000 0.000 0.006 0.002 0.002 0.001 0.004 0.004 0.002 0.012 0.006 

Locus 37 : 40824_7 
2 alleles
5.1% missing data
 130   (0.959) 0.997 0.998 0.918 0.961 0.997 1.000 1.000 1.000 0.996 0.998 0.998 1.000 0.996 0.999 0.999 0.996 0.995 
 110   (0.041) 0.003 0.002 0.082 0.039 0.003 0.000 0.000 0.000 0.004 0.002 0.002 0.000 0.004 0.001 0.001 0.004 0.005 

Locus 38 : 41554_43 
2 alleles
7.3% missing data
 120   (0.963) 0.997 0.998 0.997 0.964 0.997 1.000 0.999 1.000 0.998 0.998 0.998 1.000 0.956 0.999 0.999 0.996 0.994 
 100   (0.037) 0.003 0.002 0.003 0.036 0.003 0.000 0.001 0.000 0.002 0.002 0.002 0.000 0.044 0.001 0.001 0.004 0.006 

Locus 39 : 42501_5 
2 alleles
5.6% missing data
 120   (0.960) 0.917 0.998 0.997 0.961 0.998 1.000 1.000 1.000 0.998 0.998 0.998 1.000 0.996 0.999 0.999 0.997 0.995 
 110   (0.040) 0.083 0.002 0.003 0.039 0.002 0.000 0.000 0.000 0.002 0.002 0.002 0.000 0.004 0.001 0.001 0.003 0.005 

Locus 40 : 42989_15 
2 alleles
3.4% missing data
 130   (0.962) 0.997 0.998 0.915 0.963 0.998 1.000 1.000 0.999 0.998 0.999 0.998 0.999 0.997 0.999 0.999 0.996 0.995 
 110   (0.038) 0.003 0.002 0.085 0.037 0.002 0.000 0.000 0.001 0.002 0.001 0.002 0.001 0.003 0.001 0.001 0.004 0.005 

Locus 41 : 44631_16 
2 alleles
5.6% missing data
 120   (0.961) 0.997 0.998 0.997 0.963 0.998 1.000 1.000 1.000 0.998 0.999 0.999 1.000 0.846 0.999 0.999 0.997 0.995 
 110   (0.039) 0.003 0.002 0.003 0.037 0.002 0.000 0.000 0.000 0.002 0.001 0.001 0.000 0.154 0.001 0.001 0.003 0.005 

Locus 42 : 45332_74 
2 alleles
3.4% missing data
 130   (0.894) 0.991 0.601 0.760 0.897 0.993 0.998 0.987 0.999 0.986 0.995 0.995 0.998 0.991 0.951 0.982 0.957 0.844 
 110   (0.106) 0.009 0.399 0.240 0.103 0.007 0.002 0.013 0.001 0.014 0.005 0.005 0.002 0.009 0.049 0.018 0.043 0.156 

Locus 43 : 45964_12 
2 alleles
2.2% missing data
 100   (0.964) 0.996 0.998 0.997 0.965 0.998 1.000 1.000 1.000 0.997 0.999 0.951 1.000 0.997 0.999 0.999 0.997 0.995 
 130   (0.036) 0.004 0.002 0.003 0.035 0.002 0.000 0.000 0.000 0.003 0.001 0.049 0.000 0.003 0.001 0.001 0.003 0.005 

Locus 44 : 47772_18 
2 alleles
1.7% missing data
 120   (0.956) 0.812 0.998 0.997 0.958 0.998 1.000 1.000 1.000 0.998 0.998 0.998 1.000 0.997 0.999 0.999 0.996 0.994 
 100   (0.044) 0.188 0.002 0.003 0.042 0.002 0.000 0.000 0.000 0.002 0.002 0.002 0.000 0.003 0.001 0.001 0.004 0.006 

Locus 45 : 48505_7 
2 alleles
2.8% missing data
 130   (0.963) 0.997 0.975 0.997 0.961 0.997 1.000 0.998 1.000 0.996 0.998 0.998 0.999 0.997 0.999 0.999 0.994 0.994 
 110   (0.037) 0.003 0.025 0.003 0.039 0.003 0.000 0.002 0.000 0.004 0.002 0.002 0.001 0.003 0.001 0.001 0.006 0.006 

Locus 46 : 49838_13 
2 alleles
5.1% missing data
 120   (0.962) 0.997 0.862 0.997 0.963 0.998 1.000 0.989 1.000 0.998 0.999 0.999 1.000 0.997 0.999 0.999 0.997 0.995 
 100   (0.038) 0.003 0.138 0.003 0.037 0.002 0.000 0.011 0.000 0.002 0.001 0.001 0.000 0.003 0.001 0.001 0.003 0.005 

Locus 47 : 50793_47 
2 alleles
6.2% missing data
 120   (0.957) 0.996 0.996 0.849 0.958 0.998 1.000 1.000 0.999 0.996 0.998 0.998 1.000 0.989 0.998 0.999 0.995 0.994 
 100   (0.043) 0.004 0.004 0.151 0.042 0.002 0.000 0.000 0.001 0.004 0.002 0.002 0.000 0.011 0.002 0.001 0.005 0.006 

Locus 48 : 51471_5 
2 alleles
2.2% missing data
 110   (0.963) 0.997 0.998 0.998 0.964 0.998 1.000 1.000 1.000 0.998 0.880 0.999 1.000 0.997 0.999 0.999 0.997 0.995 
 120   (0.037) 0.003 0.002 0.002 0.036 0.002 0.000 0.000 0.000 0.002 0.120 0.001 0.000 0.003 0.001 0.001 0.003 0.005 

Locus 49 : 52408_45 
2 alleles
2.2% missing data
 130   (0.961) 0.997 0.998 0.997 0.963 0.998 1.000 1.000 1.000 0.998 0.999 0.999 1.000 0.813 0.999 0.999 0.997 0.995 
 110   (0.039) 0.003 0.002 0.003 0.037 0.002 0.000 0.000 0.000 0.002 0.001 0.001 0.000 0.187 0.001 0.001 0.003 0.005 

Locus 50 : 53046_18 
2 alleles
0.6% missing data
 120   (0.945) 0.995 0.996 0.914 0.941 0.997 1.000 0.999 1.000 0.996 0.998 0.998 1.000 0.995 0.999 0.988 0.995 0.992 
 100   (0.055) 0.005 0.004 0.086 0.059 0.003 0.000 0.001 0.000 0.004 0.002 0.002 0.000 0.005 0.001 0.012 0.005 0.008 

Locus 51 : 53230_50 
2 alleles
4.5% missing data
 120   (0.961) 0.997 0.998 0.998 0.962 0.998 1.000 1.000 1.000 0.998 0.998 0.821 1.000 0.997 0.999 0.999 0.997 0.995 
 110   (0.039) 0.003 0.002 0.002 0.038 0.002 0.000 0.000 0.000 0.002 0.002 0.179 0.000 0.003 0.001 0.001 0.003 0.005 

Locus 52 : 53957_5 
2 alleles
3.9% missing data
 130   (0.963) 0.997 0.997 0.988 0.961 0.998 1.000 1.000 1.000 0.996 0.999 0.999 1.000 0.997 0.998 0.999 0.994 0.994 
 110   (0.037) 0.003 0.003 0.012 0.039 0.002 0.000 0.000 0.000 0.004 0.001 0.001 0.000 0.003 0.002 0.001 0.006 0.006 

Locus 53 : 58003_89 
2 alleles
3.9% missing data
 120   (0.955) 0.996 0.996 0.994 0.954 0.975 0.997 0.998 0.995 0.983 0.997 0.997 0.993 0.996 0.989 0.997 0.975 0.990 
 100   (0.045) 0.004 0.004 0.006 0.046 0.025 0.003 0.002 0.005 0.017 0.003 0.003 0.007 0.004 0.011 0.003 0.025 0.010 

Locus 54 : 58412_58 
2 alleles
2.2% missing data
 110   (0.963) 0.973 0.998 0.998 0.965 0.998 1.000 1.000 1.000 0.998 0.999 0.998 1.000 0.997 0.999 0.999 0.997 0.995 
 100   (0.037) 0.027 0.002 0.002 0.035 0.002 0.000 0.000 0.000 0.002 0.001 0.002 0.000 0.003 0.001 0.001 0.003 0.005 

Locus 55 : 58452_11 
2 alleles
3.4% missing data
 120   (0.963) 0.997 0.998 0.997 0.960 0.974 1.000 1.000 1.000 0.997 0.999 0.998 1.000 0.997 0.999 0.999 0.997 0.994 
 130   (0.037) 0.003 0.002 0.003 0.040 0.026 0.000 0.000 0.000 0.003 0.001 0.002 0.000 0.003 0.001 0.001 0.003 0.006 

Locus 56 : 59409_85 
2 alleles
2.8% missing data
 130   (0.963) 0.997 0.996 0.998 0.958 0.998 1.000 1.000 1.000 0.995 0.999 0.999 1.000 0.997 0.993 0.999 0.994 0.994 
 100   (0.037) 0.003 0.004 0.002 0.042 0.002 0.000 0.000 0.000 0.005 0.001 0.001 0.000 0.003 0.007 0.001 0.006 0.006 

Locus 57 : 60620_10 
2 alleles
1.1% missing data
 120   (0.958) 0.891 0.998 0.997 0.960 0.998 1.000 1.000 1.000 0.998 0.998 0.998 1.000 0.997 0.999 0.999 0.997 0.995 
 130   (0.042) 0.109 0.002 0.003 0.040 0.002 0.000 0.000 0.000 0.002 0.002 0.002 0.000 0.003 0.001 0.001 0.003 0.005 

Locus 58 : 61541_77 
2 alleles
3.4% missing data
 120   (0.957) 0.838 0.998 0.997 0.959 0.998 1.000 1.000 1.000 0.998 0.998 0.998 1.000 0.997 0.999 0.999 0.997 0.995 
 100   (0.043) 0.162 0.002 0.003 0.041 0.002 0.000 0.000 0.000 0.002 0.002 0.002 0.000 0.003 0.001 0.001 0.003 0.005 

Locus 59 : 61756_42 
2 alleles
1.1% missing data
 130   (0.959) 0.821 0.998 0.997 0.961 0.998 1.000 1.000 1.000 0.998 0.998 0.998 1.000 0.997 0.999 0.999 0.997 0.995 
 110   (0.041) 0.179 0.002 0.003 0.039 0.002 0.000 0.000 0.000 0.002 0.002 0.002 0.000 0.003 0.001 0.001 0.003 0.005 

Locus 60 : 62497_19 
2 alleles
6.2% missing data
 130   (0.917) 0.993 0.985 0.993 0.918 0.964 0.998 0.976 0.999 0.984 0.995 0.995 0.993 0.874 0.982 0.996 0.967 0.945 
 110   (0.083) 0.007 0.015 0.007 0.082 0.036 0.002 0.024 0.001 0.016 0.005 0.005 0.007 0.126 0.018 0.004 0.033 0.055 

Locus 61 : 63024_50 
2 alleles
2.8% missing data
 120   (0.956) 0.996 0.997 0.997 0.952 0.923 1.000 1.000 1.000 0.996 0.998 0.998 1.000 0.997 0.999 0.999 0.996 0.993 
 100   (0.044) 0.004 0.003 0.003 0.048 0.077 0.000 0.000 0.000 0.004 0.002 0.002 0.000 0.003 0.001 0.001 0.004 0.007 

Locus 62 : 64492_50 
2 alleles
7.3% missing data
 120   (0.922) 0.993 0.995 0.919 0.924 0.956 1.000 0.999 0.999 0.993 0.997 0.997 0.999 0.888 0.997 0.997 0.973 0.988 
 100   (0.078) 0.007 0.005 0.081 0.076 0.044 0.000 0.001 0.001 0.007 0.003 0.003 0.001 0.112 0.003 0.003 0.027 0.012 

Locus 63 : 67984_34 
2 alleles
2.2% missing data
 120   (0.958) 0.864 0.998 0.997 0.959 0.998 1.000 1.000 1.000 0.998 0.998 0.998 1.000 0.997 0.999 0.999 0.997 0.995 
 100   (0.042) 0.136 0.002 0.003 0.041 0.002 0.000 0.000 0.000 0.002 0.002 0.002 0.000 0.003 0.001 0.001 0.003 0.005 

Locus 64 : 69199_10 
2 alleles
4.5% missing data
 120   (0.950) 0.996 0.997 0.997 0.950 0.320 1.000 0.999 0.999 0.989 0.998 0.998 0.999 0.996 0.999 0.998 0.926 0.993 
 100   (0.050) 0.004 0.003 0.003 0.050 0.680 0.000 0.001 0.001 0.011 0.002 0.002 0.001 0.004 0.001 0.002 0.074 0.007 

Locus 65 : 71368_77 
2 alleles
6.7% missing data
 100   (0.960) 0.997 0.998 0.997 0.962 0.998 1.000 1.000 1.000 0.998 0.524 0.998 1.000 0.996 0.999 0.999 0.997 0.995 
 110   (0.040) 0.003 0.002 0.003 0.038 0.002 0.000 0.000 0.000 0.002 0.476 0.002 0.000 0.004 0.001 0.001 0.003 0.005 

Locus 66 : 72276_35 
2 alleles
5.1% missing data
 130   (0.959) 0.997 0.996 0.888 0.960 0.997 1.000 1.000 1.000 0.990 0.999 0.998 0.999 0.997 0.999 0.999 0.994 0.994 
 120   (0.041) 0.003 0.004 0.112 0.040 0.003 0.000 0.000 0.000 0.010 0.001 0.002 0.001 0.003 0.001 0.001 0.006 0.006 

Locus 67 : 73554_16 
2 alleles
3.9% missing data
 100   (0.961) 0.997 0.997 0.997 0.962 0.998 1.000 1.000 1.000 0.998 0.999 0.999 1.000 0.997 0.999 0.999 0.997 0.844 
 130   (0.039) 0.003 0.003 0.003 0.038 0.002 0.000 0.000 0.000 0.002 0.001 0.001 0.000 0.003 0.001 0.001 0.003 0.156 

Locus 68 : 74575_32 
2 alleles
1.7% missing data
 120   (0.964) 0.997 0.998 0.983 0.961 0.998 1.000 1.000 1.000 0.996 0.999 0.999 1.000 0.997 0.999 0.999 0.996 0.995 
 100   (0.036) 0.003 0.002 0.017 0.039 0.002 0.000 0.000 0.000 0.004 0.001 0.001 0.000 0.003 0.001 0.001 0.004 0.005 

Locus 69 : 76504_10 
2 alleles
1.1% missing data
 110   (0.958) 0.996 0.998 0.997 0.959 0.997 1.000 1.000 1.000 0.998 0.999 0.998 1.000 0.997 0.999 0.771 0.997 0.995 
 100   (0.042) 0.004 0.002 0.003 0.041 0.003 0.000 0.000 0.000 0.002 0.001 0.002 0.000 0.003 0.001 0.229 0.003 0.005 

Locus 70 : 76561_35 
2 alleles
5.6% missing data
 120   (0.958) 0.996 0.998 0.997 0.960 0.998 1.000 1.000 1.000 0.998 0.999 0.998 1.000 0.557 0.999 0.999 0.997 0.995 
 100   (0.042) 0.004 0.002 0.003 0.040 0.002 0.000 0.000 0.000 0.002 0.001 0.002 0.000 0.443 0.001 0.001 0.003 0.005 

Locus 71 : 77346_16 
2 alleles
2.2% missing data
 130   (0.962) 0.997 0.998 0.998 0.963 0.998 1.000 1.000 1.000 0.998 0.999 0.999 0.999 0.997 0.999 0.908 0.996 0.995 
 110   (0.038) 0.003 0.002 0.002 0.037 0.002 0.000 0.000 0.000 0.002 0.001 0.001 0.001 0.003 0.001 0.092 0.004 0.005 

Locus 72 : 78631_40 
2 alleles
7.9% missing data
 120   (0.956) 0.996 0.997 0.793 0.956 0.997 1.000 0.999 1.000 0.995 0.998 0.998 0.999 0.994 0.999 0.999 0.993 0.994 
 110   (0.044) 0.004 0.003 0.207 0.044 0.003 0.000 0.001 0.000 0.005 0.002 0.002 0.001 0.006 0.001 0.001 0.007 0.006 

Locus 73 : 80366_12 
2 alleles
6.7% missing data
 130   (0.961) 0.997 0.996 0.997 0.958 0.997 1.000 1.000 1.000 0.994 0.998 0.998 0.999 0.995 0.996 0.998 0.987 0.993 
 110   (0.039) 0.003 0.004 0.003 0.042 0.003 0.000 0.000 0.000 0.006 0.002 0.002 0.001 0.005 0.004 0.002 0.013 0.007 

Locus 74 : 80499_10 
2 alleles
6.2% missing data
 130   (0.961) 0.997 0.998 0.998 0.962 0.998 1.000 1.000 1.000 0.998 0.998 0.800 1.000 0.997 0.999 0.999 0.997 0.995 
 100   (0.039) 0.003 0.002 0.002 0.038 0.002 0.000 0.000 0.000 0.002 0.002 0.200 0.000 0.003 0.001 0.001 0.003 0.005 

Locus 75 : 81141_31 
2 alleles
2.8% missing data
 120   (0.962) 0.997 0.975 0.997 0.961 0.997 1.000 0.998 1.000 0.996 0.998 0.998 0.999 0.997 0.999 0.998 0.994 0.994 
 100   (0.038) 0.003 0.025 0.003 0.039 0.003 0.000 0.002 0.000 0.004 0.002 0.002 0.001 0.003 0.001 0.002 0.006 0.006 

Locus 76 : 81662_33 
2 alleles
3.4% missing data
 120   (0.962) 0.997 0.996 0.997 0.959 0.997 1.000 1.000 1.000 0.992 0.998 0.999 0.999 0.997 0.989 0.999 0.975 0.994 
 110   (0.038) 0.003 0.004 0.003 0.041 0.003 0.000 0.000 0.000 0.008 0.002 0.001 0.001 0.003 0.011 0.001 0.025 0.006 

Locus 77 : 82002_8 
2 alleles
6.7% missing data
 100   (0.954) 0.675 0.997 0.997 0.956 0.998 1.000 1.000 1.000 0.997 0.998 0.998 1.000 0.997 0.999 0.998 0.996 0.994 
 110   (0.046) 0.325 0.003 0.003 0.044 0.002 0.000 0.000 0.000 0.003 0.002 0.002 0.000 0.003 0.001 0.002 0.004 0.006 

Locus 78 : 82631_34 
2 alleles
7.9% missing data
 120   (0.961) 0.997 0.995 0.995 0.962 0.996 1.000 0.999 1.000 0.972 0.998 0.998 0.998 0.995 0.999 0.999 0.966 0.993 
 100   (0.039) 0.003 0.005 0.005 0.038 0.004 0.000 0.001 0.000 0.028 0.002 0.002 0.002 0.005 0.001 0.001 0.034 0.007 

Locus 79 : 83247_84 
2 alleles
3.4% missing data
 110   (0.950) 0.996 0.997 0.760 0.949 0.997 1.000 1.000 1.000 0.988 0.998 0.998 1.000 0.996 0.998 0.998 0.991 0.994 
 100   (0.050) 0.004 0.003 0.240 0.051 0.003 0.000 0.000 0.000 0.012 0.002 0.002 0.000 0.004 0.002 0.002 0.009 0.006 

Locus 80 : 83916_5 
2 alleles
3.9% missing data
 130   (0.962) 0.997 0.997 0.998 0.963 0.998 1.000 0.797 1.000 0.998 0.999 0.999 1.000 0.997 0.999 0.999 0.997 0.995 
 110   (0.038) 0.003 0.003 0.002 0.037 0.002 0.000 0.203 0.000 0.002 0.001 0.001 0.000 0.003 0.001 0.001 0.003 0.005 

Locus 81 : 84971_7 
2 alleles
2.2% missing data
 120   (0.948) 0.996 0.994 0.995 0.948 0.988 0.999 0.995 0.997 0.973 0.997 0.997 0.992 0.995 0.997 0.953 0.961 0.991 
 110   (0.052) 0.004 0.006 0.005 0.052 0.012 0.001 0.005 0.003 0.027 0.003 0.003 0.008 0.005 0.003 0.047 0.039 0.009 

Locus 82 : 85247_77 
2 alleles
7.9% missing data
 120   (0.962) 0.996 0.991 0.997 0.962 0.996 0.999 0.991 0.999 0.994 0.998 0.997 0.997 0.996 0.998 0.997 0.990 0.993 
 110   (0.038) 0.004 0.009 0.003 0.038 0.004 0.001 0.009 0.001 0.006 0.002 0.003 0.003 0.004 0.002 0.003 0.010 0.007 

Locus 83 : 85248_24 
2 alleles
5.1% missing data
 100   (0.959) 0.858 0.998 0.997 0.960 0.998 1.000 1.000 1.000 0.998 0.998 0.998 1.000 0.997 0.999 0.999 0.997 0.995 
 120   (0.041) 0.142 0.002 0.003 0.040 0.002 0.000 0.000 0.000 0.002 0.002 0.002 0.000 0.003 0.001 0.001 0.003 0.005 

Locus 84 : 85402_12 
2 alleles
3.4% missing data
 120   (0.961) 0.996 0.997 0.997 0.956 0.998 1.000 1.000 1.000 0.995 0.998 0.999 1.000 0.997 0.993 0.999 0.994 0.993 
 100   (0.039) 0.004 0.003 0.003 0.044 0.002 0.000 0.000 0.000 0.005 0.002 0.001 0.000 0.003 0.007 0.001 0.006 0.007 

Locus 85 : 86588_18 
2 alleles
3.9% missing data
 120   (0.962) 0.997 0.998 0.997 0.960 0.967 1.000 1.000 1.000 0.996 0.999 0.998 1.000 0.996 0.999 0.999 0.996 0.994 
 100   (0.038) 0.003 0.002 0.003 0.040 0.033 0.000 0.000 0.000 0.004 0.001 0.002 0.000 0.004 0.001 0.001 0.004 0.006 

Locus 86 : 87070_60 
2 alleles
2.2% missing data
 100   (0.960) 0.997 0.998 0.997 0.961 0.998 1.000 1.000 1.000 0.998 0.998 0.998 1.000 0.997 0.998 0.999 0.997 0.855 
 130   (0.040) 0.003 0.002 0.003 0.039 0.002 0.000 0.000 0.000 0.002 0.002 0.002 0.000 0.003 0.002 0.001 0.003 0.145 

Locus 87 : 87747_31 
2 alleles
6.2% missing data
 120   (0.958) 0.913 0.998 0.997 0.959 0.998 1.000 1.000 1.000 0.998 0.998 0.998 1.000 0.996 0.999 0.999 0.997 0.995 
 110   (0.042) 0.087 0.002 0.003 0.041 0.002 0.000 0.000 0.000 0.002 0.002 0.002 0.000 0.004 0.001 0.001 0.003 0.005 

Locus 88 : 88455_10 
2 alleles
5.1% missing data
 130   (0.959) 0.996 0.998 0.996 0.960 0.997 1.000 1.000 1.000 0.998 0.999 0.998 1.000 0.786 0.998 0.999 0.996 0.994 
 100   (0.041) 0.004 0.002 0.004 0.040 0.003 0.000 0.000 0.000 0.002 0.001 0.002 0.000 0.214 0.002 0.001 0.004 0.006 

Locus 89 : 89005_12 
2 alleles
1.1% missing data
 120   (0.957) 0.891 0.998 0.997 0.959 0.998 1.000 1.000 1.000 0.998 0.998 0.998 1.000 0.997 0.999 0.999 0.997 0.995 
 130   (0.043) 0.109 0.002 0.003 0.041 0.002 0.000 0.000 0.000 0.002 0.002 0.002 0.000 0.003 0.001 0.001 0.003 0.005 

Locus 90 : 89213_8 
2 alleles
3.4% missing data
 130   (0.962) 0.971 0.998 0.998 0.963 0.998 1.000 1.000 1.000 0.998 0.999 0.999 1.000 0.997 0.999 0.999 0.997 0.995 
 110   (0.038) 0.029 0.002 0.002 0.037 0.002 0.000 0.000 0.000 0.002 0.001 0.001 0.000 0.003 0.001 0.001 0.003 0.005 

Locus 91 : 93475_13 
2 alleles
2.2% missing data
 130   (0.957) 0.864 0.998 0.997 0.959 0.998 1.000 1.000 1.000 0.998 0.998 0.998 1.000 0.997 0.999 0.999 0.997 0.995 
 110   (0.043) 0.136 0.002 0.003 0.041 0.002 0.000 0.000 0.000 0.002 0.002 0.002 0.000 0.003 0.001 0.001 0.003 0.005 

Locus 92 : 95749_27 
2 alleles
3.9% missing data
 120   (0.963) 0.969 0.998 0.998 0.964 0.998 1.000 1.000 1.000 0.998 0.999 0.999 1.000 0.997 0.999 0.999 0.997 0.995 
 100   (0.037) 0.031 0.002 0.002 0.036 0.002 0.000 0.000 0.000 0.002 0.001 0.001 0.000 0.003 0.001 0.001 0.003 0.005 

Locus 93 : 98167_26 
2 alleles
3.4% missing data
 120   (0.940) 0.995 0.995 0.994 0.941 0.982 0.999 0.999 0.999 0.994 0.996 0.997 0.997 0.992 0.967 0.991 0.992 0.895 
 110   (0.060) 0.005 0.005 0.006 0.059 0.018 0.001 0.001 0.001 0.006 0.004 0.003 0.003 0.008 0.033 0.009 0.008 0.105 

Locus 94 : 98988_58 
2 alleles
2.2% missing data
 130   (0.962) 0.974 0.998 0.998 0.963 0.998 1.000 1.000 1.000 0.998 0.998 0.998 1.000 0.997 0.999 0.999 0.997 0.994 
 110   (0.038) 0.026 0.002 0.002 0.037 0.002 0.000 0.000 0.000 0.002 0.002 0.002 0.000 0.003 0.001 0.001 0.003 0.006 

Locus 95 : 103824_15 
2 alleles
3.4% missing data
 130   (0.958) 0.809 0.998 0.997 0.960 0.998 1.000 1.000 1.000 0.998 0.998 0.998 1.000 0.997 0.999 0.999 0.997 0.995 
 110   (0.042) 0.191 0.002 0.003 0.040 0.002 0.000 0.000 0.000 0.002 0.002 0.002 0.000 0.003 0.001 0.001 0.003 0.005 

Locus 96 : 108043_8 
2 alleles
4.5% missing data
 130   (0.961) 0.997 0.996 0.997 0.963 0.998 1.000 1.000 0.999 0.998 0.998 0.998 1.000 0.997 0.999 0.905 0.997 0.995 
 110   (0.039) 0.003 0.004 0.003 0.037 0.002 0.000 0.000 0.001 0.002 0.002 0.002 0.000 0.003 0.001 0.095 0.003 0.005 

Locus 97 : 108049_79 
2 alleles
2.8% missing data
 120   (0.962) 0.997 0.996 0.997 0.959 0.997 1.000 1.000 1.000 0.992 0.998 0.999 0.999 0.997 0.989 0.999 0.975 0.994 
 100   (0.038) 0.003 0.004 0.003 0.041 0.003 0.000 0.000 0.000 0.008 0.002 0.001 0.001 0.003 0.011 0.001 0.025 0.006 

Locus 98 : 108366_5 
2 alleles
2.8% missing data
 130   (0.960) 0.918 0.998 0.997 0.961 0.998 1.000 1.000 1.000 0.998 0.999 0.998 1.000 0.997 0.999 0.999 0.997 0.995 
 100   (0.040) 0.082 0.002 0.003 0.039 0.002 0.000 0.000 0.000 0.002 0.001 0.002 0.000 0.003 0.001 0.001 0.003 0.005 

Locus 99 : 108403_10 
2 alleles
6.2% missing data
 130   (0.963) 0.997 0.997 0.996 0.959 0.998 1.000 1.000 1.000 0.997 0.999 0.999 1.000 0.997 0.999 0.986 0.996 0.995 
 110   (0.037) 0.003 0.003 0.004 0.041 0.002 0.000 0.000 0.000 0.003 0.001 0.001 0.000 0.003 0.001 0.014 0.004 0.005 

Locus 100 : 109283_38 
2 alleles
3.9% missing data
 120   (0.876) 0.990 0.504 0.984 0.876 0.958 0.957 0.489 0.965 0.870 0.994 0.995 0.942 0.990 0.922 0.994 0.795 0.980 
 100   (0.124) 0.010 0.496 0.016 0.124 0.042 0.043 0.511 0.035 0.130 0.006 0.005 0.058 0.010 0.078 0.006 0.205 0.020 

Locus 101 : 109527_54 
2 alleles
7.3% missing data
 110   (0.950) 0.996 0.997 0.819 0.950 0.997 1.000 1.000 1.000 0.977 0.998 0.998 1.000 0.996 0.994 0.998 0.962 0.992 
 130   (0.050) 0.004 0.003 0.181 0.050 0.003 0.000 0.000 0.000 0.023 0.002 0.002 0.000 0.004 0.006 0.002 0.038 0.008 

Locus 102 : 109804_31 
2 alleles
2.2% missing data
 130   (0.961) 0.945 0.998 0.997 0.963 0.998 1.000 1.000 1.000 0.998 0.999 0.999 1.000 0.997 0.999 0.999 0.997 0.995 
 100   (0.039) 0.055 0.002 0.003 0.037 0.002 0.000 0.000 0.000 0.002 0.001 0.001 0.000 0.003 0.001 0.001 0.003 0.005 

Locus 103 : 112614_46 
2 alleles
5.1% missing data
 120   (0.958) 0.885 0.998 0.997 0.959 0.997 1.000 1.000 1.000 0.998 0.998 0.998 1.000 0.997 0.999 0.999 0.997 0.994 
 100   (0.042) 0.115 0.002 0.003 0.041 0.003 0.000 0.000 0.000 0.002 0.002 0.002 0.000 0.003 0.001 0.001 0.003 0.006 

Locus 104 : 112906_14 
2 alleles
3.9% missing data
 110   (0.893) 0.991 0.876 0.737 0.895 0.993 1.000 0.994 1.000 0.933 0.996 0.996 0.997 0.679 0.997 0.997 0.959 0.947 
 120   (0.107) 0.009 0.124 0.263 0.105 0.007 0.000 0.006 0.000 0.067 0.004 0.004 0.003 0.321 0.003 0.003 0.041 0.053 

Locus 105 : 113735_32 
2 alleles
6.7% missing data
 120   (0.962) 0.997 0.998 0.997 0.963 0.997 1.000 1.000 1.000 0.997 0.998 0.998 1.000 0.959 0.999 0.998 0.996 0.994 
 100   (0.038) 0.003 0.002 0.003 0.037 0.003 0.000 0.000 0.000 0.003 0.002 0.002 0.000 0.041 0.001 0.002 0.004 0.006 

Locus 106 : 115028_7 
2 alleles
3.9% missing data
 120   (0.962) 0.997 0.998 0.998 0.963 0.998 1.000 1.000 1.000 0.997 0.998 0.998 1.000 0.956 0.999 0.999 0.997 0.995 
 100   (0.038) 0.003 0.002 0.002 0.037 0.002 0.000 0.000 0.000 0.003 0.002 0.002 0.000 0.044 0.001 0.001 0.003 0.005 

Locus 107 : 115179_16 
2 alleles
2.2% missing data
 120   (0.960) 0.909 0.998 0.997 0.962 0.998 1.000 1.000 1.000 0.998 0.999 0.998 1.000 0.997 0.999 0.999 0.997 0.995 
 110   (0.040) 0.091 0.002 0.003 0.038 0.002 0.000 0.000 0.000 0.002 0.001 0.002 0.000 0.003 0.001 0.001 0.003 0.005 

Locus 108 : 116753_51 
2 alleles
7.3% missing data
 120   (0.960) 0.996 0.896 0.997 0.961 0.998 0.999 0.999 1.000 0.990 0.998 0.998 1.000 0.996 0.999 0.999 0.989 0.995 
 100   (0.040) 0.004 0.104 0.003 0.039 0.002 0.001 0.001 0.000 0.010 0.002 0.002 0.000 0.004 0.001 0.001 0.011 0.005 

Locus 109 : 116931_31 
2 alleles
7.9% missing data
 120   (0.964) 0.997 0.998 0.998 0.961 0.971 1.000 1.000 1.000 0.997 0.999 0.998 1.000 0.997 0.999 0.999 0.997 0.994 
 110   (0.036) 0.003 0.002 0.002 0.039 0.029 0.000 0.000 0.000 0.003 0.001 0.002 0.000 0.003 0.001 0.001 0.003 0.006 

Locus 110 : 116938_8 
2 alleles
4.5% missing data
 130   (0.928) 0.994 0.826 0.860 0.930 0.995 1.000 0.988 1.000 0.994 0.997 0.997 0.999 0.994 0.998 0.998 0.994 0.946 
 110   (0.072) 0.006 0.174 0.140 0.070 0.005 0.000 0.012 0.000 0.006 0.003 0.003 0.001 0.006 0.002 0.002 0.006 0.054 

Locus 111 : 122302_80 
2 alleles
10.1% missing data
 110   (0.962) 0.996 0.997 0.997 0.963 0.958 1.000 1.000 1.000 0.997 0.998 0.998 1.000 0.996 0.999 0.999 0.984 0.995 
 100   (0.038) 0.004 0.003 0.003 0.037 0.042 0.000 0.000 0.000 0.003 0.002 0.002 0.000 0.004 0.001 0.001 0.016 0.005 

Locus 112 : 123190_14 
2 alleles
3.4% missing data
 120   (0.957) 0.997 0.997 0.997 0.955 0.914 1.000 0.999 1.000 0.995 0.999 0.998 0.999 0.996 0.999 0.998 0.996 0.994 
 130   (0.043) 0.003 0.003 0.003 0.045 0.086 0.000 0.001 0.000 0.005 0.001 0.002 0.001 0.004 0.001 0.002 0.004 0.006 

Locus 113 : 123271_36 
2 alleles
3.9% missing data
 100   (0.957) 0.857 0.998 0.997 0.958 0.998 1.000 1.000 1.000 0.998 0.998 0.998 1.000 0.996 0.999 0.999 0.996 0.995 
 110   (0.043) 0.143 0.002 0.003 0.042 0.002 0.000 0.000 0.000 0.002 0.002 0.002 0.000 0.004 0.001 0.001 0.004 0.005 

Locus 114 : 124147_18 
2 alleles
2.2% missing data
 130   (0.959) 0.997 0.998 0.997 0.960 0.998 1.000 1.000 1.000 0.998 0.998 0.998 1.000 0.997 0.998 0.999 0.996 0.760 
 110   (0.041) 0.003 0.002 0.003 0.040 0.002 0.000 0.000 0.000 0.002 0.002 0.002 0.000 0.003 0.002 0.001 0.004 0.240 

Locus 115 : 124184_33 
2 alleles
5.6% missing data
 110   (0.960) 0.909 0.998 0.997 0.961 0.998 1.000 1.000 1.000 0.998 0.999 0.998 1.000 0.997 0.999 0.999 0.997 0.995 
 100   (0.040) 0.091 0.002 0.003 0.039 0.002 0.000 0.000 0.000 0.002 0.001 0.002 0.000 0.003 0.001 0.001 0.003 0.005 

Locus 116 : 125404_24 
2 alleles
1.1% missing data
 130   (0.960) 0.997 0.998 0.997 0.961 0.998 1.000 1.000 1.000 0.998 0.999 0.999 1.000 0.761 0.999 0.999 0.997 0.995 
 110   (0.040) 0.003 0.002 0.003 0.039 0.002 0.000 0.000 0.000 0.002 0.001 0.001 0.000 0.239 0.001 0.001 0.003 0.005 

Locus 117 : 125436_43 
2 alleles
3.9% missing data
 130   (0.935) 0.995 0.996 0.823 0.938 0.996 1.000 0.999 1.000 0.989 0.998 0.997 0.999 0.700 0.998 0.998 0.994 0.991 
 100   (0.065) 0.005 0.004 0.177 0.062 0.004 0.000 0.001 0.000 0.011 0.002 0.003 0.001 0.300 0.002 0.002 0.006 0.009 

Locus 118 : 126013_18 
2 alleles
2.8% missing data
 130   (0.961) 0.997 0.998 0.997 0.962 0.998 1.000 1.000 1.000 0.997 0.998 0.781 1.000 0.997 0.999 0.999 0.997 0.995 
 110   (0.039) 0.003 0.002 0.003 0.038 0.002 0.000 0.000 0.000 0.003 0.002 0.219 0.000 0.003 0.001 0.001 0.003 0.005 

Locus 119 : 126137_19 
2 alleles
3.9% missing data
 120   (0.963) 0.997 0.997 0.985 0.964 0.998 1.000 1.000 1.000 0.988 0.998 0.998 1.000 0.980 0.998 0.999 0.995 0.994 
 110   (0.037) 0.003 0.003 0.015 0.036 0.002 0.000 0.000 0.000 0.012 0.002 0.002 0.000 0.020 0.002 0.001 0.005 0.006 

Locus 120 : 126845_22 
2 alleles
5.6% missing data
 130   (0.964) 0.997 0.998 0.997 0.964 0.998 1.000 1.000 1.000 0.997 0.999 0.999 1.000 0.956 0.999 0.999 0.996 0.993 
 110   (0.036) 0.003 0.002 0.003 0.036 0.002 0.000 0.000 0.000 0.003 0.001 0.001 0.000 0.044 0.001 0.001 0.004 0.007 

Locus 121 : 127512_8 
2 alleles
1.1% missing data
 130   (0.961) 0.997 0.998 0.998 0.963 0.998 1.000 1.000 1.000 0.998 0.998 0.831 1.000 0.997 0.999 0.999 0.997 0.995 
 100   (0.039) 0.003 0.002 0.002 0.037 0.002 0.000 0.000 0.000 0.002 0.002 0.169 0.000 0.003 0.001 0.001 0.003 0.005 

Locus 122 : 127692_13 
2 alleles
2.8% missing data
 100   (0.956) 0.996 0.997 0.930 0.956 0.998 1.000 1.000 1.000 0.997 0.998 0.998 1.000 0.996 0.999 0.999 0.996 0.994 
 120   (0.044) 0.004 0.003 0.070 0.044 0.002 0.000 0.000 0.000 0.003 0.002 0.002 0.000 0.004 0.001 0.001 0.004 0.006 

Locus 123 : 128195_18 
2 alleles
7.3% missing data
 130   (0.883) 0.990 0.991 0.924 0.881 0.977 0.998 0.998 0.996 0.945 0.995 0.995 0.996 0.987 0.315 0.996 0.913 0.441 
 110   (0.117) 0.010 0.009 0.076 0.119 0.023 0.002 0.002 0.004 0.055 0.005 0.005 0.004 0.013 0.685 0.004 0.087 0.559 

Locus 124 : 128198_14 
2 alleles
4.5% missing data
 130   (0.938) 0.920 0.997 0.996 0.941 0.997 1.000 0.999 1.000 0.996 0.997 0.812 0.999 0.995 0.999 0.998 0.994 0.992 
 120   (0.062) 0.080 0.003 0.004 0.059 0.003 0.000 0.001 0.000 0.004 0.003 0.188 0.001 0.005 0.001 0.002 0.006 0.008 

Locus 125 : 128423_39 
2 alleles
4.5% missing data
 130   (0.963) 0.997 0.997 0.997 0.960 0.998 1.000 1.000 1.000 0.991 0.999 0.998 0.999 0.997 0.989 0.999 0.989 0.987 
 100   (0.037) 0.003 0.003 0.003 0.040 0.002 0.000 0.000 0.000 0.009 0.001 0.002 0.001 0.003 0.011 0.001 0.011 0.013 

Locus 126 : 131572_48 
2 alleles
1.1% missing data
 120   (0.957) 0.996 0.922 0.997 0.957 0.997 0.999 0.997 1.000 0.995 0.998 0.998 0.999 0.996 0.999 0.998 0.992 0.994 
 100   (0.043) 0.004 0.078 0.003 0.043 0.003 0.001 0.003 0.000 0.005 0.002 0.002 0.001 0.004 0.001 0.002 0.008 0.006 

Locus 127 : 132199_62 
2 alleles
3.9% missing data
 100   (0.956) 0.750 0.998 0.997 0.957 0.998 1.000 1.000 1.000 0.997 0.998 0.998 1.000 0.997 0.999 0.999 0.996 0.994 
 120   (0.044) 0.250 0.002 0.003 0.043 0.002 0.000 0.000 0.000 0.003 0.002 0.002 0.000 0.003 0.001 0.001 0.004 0.006 

Locus 128 : 135566_64 
2 alleles
7.3% missing data
 130   (0.962) 0.997 0.996 0.998 0.957 0.998 1.000 1.000 1.000 0.996 0.999 0.999 1.000 0.997 0.992 0.999 0.993 0.994 
 110   (0.038) 0.003 0.004 0.002 0.043 0.002 0.000 0.000 0.000 0.004 0.001 0.001 0.000 0.003 0.008 0.001 0.007 0.006 

Locus 129 : 135761_5 
2 alleles
7.9% missing data
 130   (0.959) 0.904 0.998 0.997 0.960 0.998 1.000 1.000 1.000 0.998 0.998 0.998 1.000 0.997 0.999 0.999 0.997 0.995 
 100   (0.041) 0.096 0.002 0.003 0.040 0.002 0.000 0.000 0.000 0.002 0.002 0.002 0.000 0.003 0.001 0.001 0.003 0.005 

Locus 130 : 137219_35 
2 alleles
3.4% missing data
 120   (0.952) 0.996 0.994 0.997 0.945 0.997 1.000 1.000 1.000 0.991 0.998 0.998 0.999 0.996 0.964 0.999 0.970 0.992 
 100   (0.048) 0.004 0.006 0.003 0.055 0.003 0.000 0.000 0.000 0.009 0.002 0.002 0.001 0.004 0.036 0.001 0.030 0.008 

Locus 131 : 139081_20 
2 alleles
5.6% missing data
 120   (0.948) 0.996 0.993 0.972 0.949 0.996 1.000 0.999 1.000 0.989 0.998 0.998 0.999 0.995 0.998 0.998 0.982 0.928 
 110   (0.052) 0.004 0.007 0.028 0.051 0.004 0.000 0.001 0.000 0.011 0.002 0.002 0.001 0.005 0.002 0.002 0.018 0.072 

Locus 132 : 139084_52 
2 alleles
5.1% missing data
 120   (0.930) 0.994 0.995 0.995 0.926 0.890 1.000 0.999 0.999 0.991 0.997 0.997 0.999 0.994 0.994 0.998 0.991 0.826 
 110   (0.070) 0.006 0.005 0.005 0.074 0.110 0.000 0.001 0.001 0.009 0.003 0.003 0.001 0.006 0.006 0.002 0.009 0.174 

Locus 133 : 139433_54 
2 alleles
3.9% missing data
 120   (0.961) 0.945 0.998 0.998 0.963 0.998 1.000 1.000 1.000 0.998 0.999 0.998 1.000 0.997 0.999 0.999 0.997 0.995 
 100   (0.039) 0.055 0.002 0.002 0.037 0.002 0.000 0.000 0.000 0.002 0.001 0.002 0.000 0.003 0.001 0.001 0.003 0.005 

Locus 134 : 140063_88 
2 alleles
7.9% missing data
 110   (0.962) 0.997 0.997 0.987 0.959 0.998 1.000 1.000 1.000 0.995 0.998 0.998 1.000 0.996 0.998 0.999 0.993 0.992 
 100   (0.038) 0.003 0.003 0.013 0.041 0.002 0.000 0.000 0.000 0.005 0.002 0.002 0.000 0.004 0.002 0.001 0.007 0.008 

Locus 135 : 140194_73 
2 alleles
2.8% missing data
 120   (0.963) 0.997 0.998 0.997 0.964 0.997 1.000 1.000 1.000 0.997 0.946 0.998 1.000 0.997 0.999 0.998 0.997 0.993 
 110   (0.037) 0.003 0.002 0.003 0.036 0.003 0.000 0.000 0.000 0.003 0.054 0.002 0.000 0.003 0.001 0.002 0.003 0.007 

Locus 136 : 141313_8 
2 alleles
2.8% missing data
 120   (0.959) 0.918 0.998 0.997 0.960 0.998 1.000 1.000 1.000 0.998 0.998 0.998 1.000 0.997 0.999 0.999 0.997 0.995 
 100   (0.041) 0.082 0.002 0.003 0.040 0.002 0.000 0.000 0.000 0.002 0.002 0.002 0.000 0.003 0.001 0.001 0.003 0.005 

Locus 137 : 145284_28 
2 alleles
2.8% missing data
 130   (0.959) 0.997 0.998 0.997 0.961 0.998 1.000 1.000 1.000 0.998 0.999 0.998 1.000 0.997 0.999 0.999 0.997 0.619 
 110   (0.041) 0.003 0.002 0.003 0.039 0.002 0.000 0.000 0.000 0.002 0.001 0.002 0.000 0.003 0.001 0.001 0.003 0.381 

Locus 138 : 145957_11 
2 alleles
4.5% missing data
 130   (0.962) 0.997 0.998 0.998 0.963 0.998 1.000 0.827 1.000 0.998 0.999 0.999 1.000 0.997 0.999 0.999 0.997 0.995 
 110   (0.038) 0.003 0.002 0.002 0.037 0.002 0.000 0.173 0.000 0.002 0.001 0.001 0.000 0.003 0.001 0.001 0.003 0.005 

Locus 139 : 160306_34 
2 alleles
2.8% missing data
 120   (0.938) 0.995 0.988 0.976 0.940 0.995 1.000 0.999 1.000 0.941 0.997 0.998 0.997 0.771 0.997 0.998 0.965 0.992 
 100   (0.062) 0.005 0.012 0.024 0.060 0.005 0.000 0.001 0.000 0.059 0.003 0.002 0.003 0.229 0.003 0.002 0.035 0.008 

Locus 140 : 162107_37 
2 alleles
3.4% missing data
 120   (0.942) 0.995 0.997 0.982 0.940 0.997 1.000 0.999 1.000 0.994 0.998 0.998 1.000 0.902 0.999 0.998 0.994 0.992 
 100   (0.058) 0.005 0.003 0.018 0.060 0.003 0.000 0.001 0.000 0.006 0.002 0.002 0.000 0.098 0.001 0.002 0.006 0.008 

Locus 141 : 163290_36 
2 alleles
5.1% missing data
 130   (0.931) 0.994 0.993 0.995 0.932 0.920 0.999 0.986 0.987 0.955 0.997 0.997 0.989 0.994 0.991 0.996 0.963 0.761 
 110   (0.069) 0.006 0.007 0.005 0.068 0.080 0.001 0.014 0.013 0.045 0.003 0.003 0.011 0.006 0.009 0.004 0.037 0.239 

Locus 142 : 163453_13 
2 alleles
5.6% missing data
 120   (0.962) 0.997 0.998 0.997 0.959 0.974 1.000 1.000 1.000 0.997 0.999 0.998 1.000 0.997 0.999 0.999 0.997 0.994 
 110   (0.038) 0.003 0.002 0.003 0.041 0.026 0.000 0.000 0.000 0.003 0.001 0.002 0.000 0.003 0.001 0.001 0.003 0.006 

Locus 143 : 163580_14 
2 alleles
10.1% missing data
 120   (0.961) 0.997 0.998 0.997 0.962 0.997 1.000 0.999 1.000 0.990 0.999 0.998 0.815 0.997 0.999 0.998 0.982 0.995 
 100   (0.039) 0.003 0.002 0.003 0.038 0.003 0.000 0.001 0.000 0.010 0.001 0.002 0.185 0.003 0.001 0.002 0.018 0.005 

Locus 144 : 164461_13 
2 alleles
5.6% missing data
 100   (0.960) 0.997 0.998 0.997 0.961 0.866 1.000 1.000 1.000 0.998 0.999 0.999 1.000 0.997 0.999 0.999 0.946 0.995 
 120   (0.040) 0.003 0.002 0.003 0.039 0.134 0.000 0.000 0.000 0.002 0.001 0.001 0.000 0.003 0.001 0.001 0.054 0.005 

Locus 145 : 165413_43 
2 alleles
1.7% missing data
 110   (0.957) 0.996 0.996 0.937 0.956 0.997 1.000 1.000 1.000 0.995 0.998 0.998 0.999 0.997 0.999 0.999 0.995 0.993 
 130   (0.043) 0.004 0.004 0.063 0.044 0.003 0.000 0.000 0.000 0.005 0.002 0.002 0.001 0.003 0.001 0.001 0.005 0.007 

Locus 146 : 168629_44 
2 alleles
5.6% missing data
 130   (0.951) 0.996 0.997 0.967 0.951 0.985 1.000 0.999 0.999 0.985 0.998 0.997 0.999 0.996 0.987 0.998 0.971 0.988 
 110   (0.049) 0.004 0.003 0.033 0.049 0.015 0.000 0.001 0.001 0.015 0.002 0.003 0.001 0.004 0.013 0.002 0.029 0.012 

Locus 147 : 168991_77 
2 alleles
5.6% missing data
 110   (0.867) 0.989 0.888 0.926 0.861 0.985 0.998 0.996 0.998 0.890 0.994 0.994 0.993 0.640 0.942 0.995 0.863 0.975 
 100   (0.133) 0.011 0.112 0.074 0.139 0.015 0.002 0.004 0.002 0.110 0.006 0.006 0.007 0.360 0.058 0.005 0.137 0.025 

Locus 148 : 169478_88 
2 alleles
5.1% missing data
 130   (0.962) 0.997 0.998 0.997 0.963 0.998 1.000 1.000 1.000 0.998 0.952 0.998 1.000 0.997 0.999 0.999 0.996 0.994 
 100   (0.038) 0.003 0.002 0.003 0.037 0.002 0.000 0.000 0.000 0.002 0.048 0.002 0.000 0.003 0.001 0.001 0.004 0.006 

Locus 149 : 169898_8 
2 alleles
6.2% missing data
 120   (0.946) 0.995 0.996 0.906 0.947 0.966 1.000 0.999 1.000 0.995 0.998 0.997 0.999 0.995 0.998 0.998 0.984 0.992 
 100   (0.054) 0.005 0.004 0.094 0.053 0.034 0.000 0.001 0.000 0.005 0.002 0.003 0.001 0.005 0.002 0.002 0.016 0.008 

Locus 150 : 170224_42 
2 alleles
7.3% missing data
 100   (0.920) 0.993 0.993 0.936 0.918 0.782 0.997 0.999 0.994 0.965 0.997 0.997 0.996 0.993 0.974 0.997 0.963 0.982 
 120   (0.080) 0.007 0.007 0.064 0.082 0.218 0.003 0.001 0.006 0.035 0.003 0.003 0.004 0.007 0.026 0.003 0.037 0.018 

Locus 151 : 174083_22 
2 alleles
3.9% missing data
 120   (0.955) 0.784 0.998 0.997 0.956 0.997 1.000 1.000 1.000 0.997 0.998 0.998 1.000 0.996 0.999 0.999 0.996 0.994 
 100   (0.045) 0.216 0.002 0.003 0.044 0.003 0.000 0.000 0.000 0.003 0.002 0.002 0.000 0.004 0.001 0.001 0.004 0.006 

Locus 152 : 174223_24 
2 alleles
2.8% missing data
 120   (0.962) 0.997 0.997 0.996 0.958 0.998 1.000 1.000 1.000 0.997 0.999 0.998 1.000 0.997 0.999 0.984 0.996 0.995 
 100   (0.038) 0.003 0.003 0.004 0.042 0.002 0.000 0.000 0.000 0.003 0.001 0.002 0.000 0.003 0.001 0.016 0.004 0.005 

Locus 153 : 174263_44 
2 alleles
3.9% missing data
 130   (0.962) 0.997 0.998 0.998 0.963 0.998 1.000 1.000 1.000 0.998 0.996 0.689 1.000 0.997 0.999 0.999 0.997 0.995 
 110   (0.038) 0.003 0.002 0.002 0.037 0.002 0.000 0.000 0.000 0.002 0.004 0.311 0.000 0.003 0.001 0.001 0.003 0.005 

Locus 154 : 175657_6 
2 alleles
8.4% missing data
 100   (0.939) 0.994 0.996 0.912 0.941 0.997 1.000 0.999 1.000 0.996 0.998 0.998 1.000 0.763 0.999 0.998 0.995 0.992 
 130   (0.061) 0.006 0.004 0.088 0.059 0.003 0.000 0.001 0.000 0.004 0.002 0.002 0.000 0.237 0.001 0.002 0.005 0.008 

Locus 155 : 176570_23 
2 alleles
3.9% missing data
 130   (0.963) 0.997 0.974 0.997 0.963 0.997 0.998 0.994 0.998 0.989 0.996 0.998 0.988 0.995 0.997 0.996 0.937 0.993 
 110   (0.037) 0.003 0.026 0.003 0.037 0.003 0.002 0.006 0.002 0.011 0.004 0.002 0.012 0.005 0.003 0.004 0.063 0.007 

Locus 156 : 176775_13 
2 alleles
6.7% missing data
 130   (0.953) 0.703 0.998 0.996 0.954 0.997 1.000 1.000 1.000 0.997 0.998 0.998 1.000 0.996 0.999 0.999 0.996 0.993 
 110   (0.047) 0.297 0.002 0.004 0.046 0.003 0.000 0.000 0.000 0.003 0.002 0.002 0.000 0.004 0.001 0.001 0.004 0.007 

Locus 157 : 178448_19 
2 alleles
3.4% missing data
 120   (0.957) 0.881 0.998 0.997 0.958 0.998 1.000 1.000 1.000 0.998 0.998 0.998 1.000 0.997 0.999 0.999 0.997 0.994 
 100   (0.043) 0.119 0.002 0.003 0.042 0.002 0.000 0.000 0.000 0.002 0.002 0.002 0.000 0.003 0.001 0.001 0.003 0.006 

Locus 158 : 179162_16 
2 alleles
6.2% missing data
 120   (0.962) 0.970 0.998 0.998 0.963 0.998 1.000 1.000 1.000 0.998 0.998 0.998 1.000 0.997 0.999 0.999 0.997 0.995 
 100   (0.038) 0.030 0.002 0.002 0.037 0.002 0.000 0.000 0.000 0.002 0.002 0.002 0.000 0.003 0.001 0.001 0.003 0.005 

Locus 159 : 179286_31 
2 alleles
2.8% missing data
 120   (0.937) 0.995 0.989 0.903 0.938 0.996 1.000 0.999 1.000 0.995 0.997 0.998 0.999 0.889 0.998 0.998 0.993 0.991 
 100   (0.063) 0.005 0.011 0.097 0.062 0.004 0.000 0.001 0.000 0.005 0.003 0.002 0.001 0.111 0.002 0.002 0.007 0.009 

Locus 160 : 179594_17 
2 alleles
4.5% missing data
 120   (0.924) 0.993 0.995 0.995 0.922 0.953 1.000 0.999 1.000 0.993 0.996 0.997 0.999 0.739 0.998 0.992 0.993 0.917 
 100   (0.076) 0.007 0.005 0.005 0.078 0.047 0.000 0.001 0.000 0.007 0.004 0.003 0.001 0.261 0.002 0.008 0.007 0.083 

Locus 161 : 180413_54 
2 alleles
3.9% missing data
 100   (0.958) 0.880 0.998 0.997 0.960 0.998 1.000 1.000 1.000 0.998 0.999 0.998 1.000 0.997 0.999 0.999 0.997 0.995 
 110   (0.042) 0.120 0.002 0.003 0.040 0.002 0.000 0.000 0.000 0.002 0.001 0.002 0.000 0.003 0.001 0.001 0.003 0.005 

Locus 162 : 182862_79 
2 alleles
3.4% missing data
 130   (0.957) 0.866 0.998 0.997 0.958 0.998 1.000 1.000 1.000 0.997 0.998 0.998 1.000 0.996 0.999 0.999 0.997 0.995 
 110   (0.043) 0.134 0.002 0.003 0.042 0.002 0.000 0.000 0.000 0.003 0.002 0.002 0.000 0.004 0.001 0.001 0.003 0.005 

Locus 163 : 183288_63 
2 alleles
10.1% missing data
 100   (0.962) 0.971 0.998 0.997 0.963 0.998 1.000 1.000 1.000 0.998 0.998 0.998 1.000 0.997 0.999 0.999 0.997 0.995 
 120   (0.038) 0.029 0.002 0.003 0.037 0.002 0.000 0.000 0.000 0.002 0.002 0.002 0.000 0.003 0.001 0.001 0.003 0.005 

Locus 164 : 183906_55 
2 alleles
6.7% missing data
 130   (0.961) 0.945 0.998 0.998 0.962 0.998 1.000 1.000 1.000 0.998 0.999 0.998 1.000 0.997 0.999 0.999 0.997 0.995 
 100   (0.039) 0.055 0.002 0.002 0.038 0.002 0.000 0.000 0.000 0.002 0.001 0.002 0.000 0.003 0.001 0.001 0.003 0.005 

Locus 165 : 183990_7 
2 alleles
3.4% missing data
 120   (0.957) 0.997 0.994 0.997 0.956 0.997 1.000 1.000 1.000 0.989 0.998 0.998 1.000 0.997 0.827 0.999 0.924 0.994 
 100   (0.043) 0.003 0.006 0.003 0.044 0.003 0.000 0.000 0.000 0.011 0.002 0.002 0.000 0.003 0.173 0.001 0.076 0.006 

Locus 166 : 185904_60 
2 alleles
3.4% missing data
 120   (0.961) 0.997 0.998 0.997 0.962 0.898 1.000 1.000 1.000 0.998 0.999 0.999 1.000 0.997 0.999 0.999 0.996 0.995 
 100   (0.039) 0.003 0.002 0.003 0.038 0.102 0.000 0.000 0.000 0.002 0.001 0.001 0.000 0.003 0.001 0.001 0.004 0.005 

Locus 167 : 191703_64 
2 alleles
1.7% missing data
 130   (0.938) 0.995 0.997 0.996 0.940 0.997 1.000 0.999 1.000 0.996 0.998 0.998 1.000 0.861 0.999 0.998 0.995 0.678 
 110   (0.062) 0.005 0.003 0.004 0.060 0.003 0.000 0.001 0.000 0.004 0.002 0.002 0.000 0.139 0.001 0.002 0.005 0.322 

Locus 168 : 193854_7 
2 alleles
1.7% missing data
 130   (0.943) 0.881 0.997 0.996 0.944 0.996 1.000 0.999 1.000 0.996 0.998 0.960 0.999 0.995 0.999 0.998 0.995 0.992 
 110   (0.057) 0.119 0.003 0.004 0.056 0.004 0.000 0.001 0.000 0.004 0.002 0.040 0.001 0.005 0.001 0.002 0.005 0.008 

Locus 169 : 194868_38 
2 alleles
5.6% missing data
 120   (0.944) 0.995 0.996 0.903 0.943 0.997 1.000 0.999 1.000 0.969 0.998 0.998 0.999 0.962 0.993 0.998 0.988 0.991 
 100   (0.056) 0.005 0.004 0.097 0.057 0.003 0.000 0.001 0.000 0.031 0.002 0.002 0.001 0.038 0.007 0.002 0.012 0.009 

Locus 170 : 195463_36 
2 alleles
5.1% missing data
 120   (0.960) 0.997 0.998 0.997 0.961 0.998 1.000 1.000 1.000 0.998 0.999 0.998 1.000 0.859 0.999 0.999 0.997 0.995 
 100   (0.040) 0.003 0.002 0.003 0.039 0.002 0.000 0.000 0.000 0.002 0.001 0.002 0.000 0.141 0.001 0.001 0.003 0.005 

Locus 171 : 195727_20 
2 alleles
1.7% missing data
 130   (0.959) 0.914 0.998 0.997 0.961 0.998 1.000 1.000 1.000 0.998 0.998 0.998 1.000 0.997 0.999 0.999 0.997 0.995 
 110   (0.041) 0.086 0.002 0.003 0.039 0.002 0.000 0.000 0.000 0.002 0.002 0.002 0.000 0.003 0.001 0.001 0.003 0.005 

Locus 172 : 197508_5 
2 alleles
2.2% missing data
 120   (0.962) 0.997 0.997 0.988 0.960 0.998 1.000 1.000 1.000 0.996 0.999 0.998 1.000 0.997 0.998 0.999 0.994 0.994 
 100   (0.038) 0.003 0.003 0.012 0.040 0.002 0.000 0.000 0.000 0.004 0.001 0.002 0.000 0.003 0.002 0.001 0.006 0.006 

Locus 173 : 199140_10 
2 alleles
4.5% missing data
 130   (0.964) 0.997 0.997 0.998 0.959 0.998 1.000 1.000 1.000 0.995 0.999 0.999 1.000 0.997 0.993 0.999 0.994 0.994 
 110   (0.036) 0.003 0.003 0.002 0.041 0.002 0.000 0.000 0.000 0.005 0.001 0.001 0.000 0.003 0.007 0.001 0.006 0.006 

Locus 174 : 199429_51 
2 alleles
5.1% missing data
 130   (0.963) 0.997 0.998 0.997 0.961 0.969 1.000 1.000 1.000 0.996 0.999 0.999 1.000 0.996 0.999 0.999 0.996 0.993 
 100   (0.037) 0.003 0.002 0.003 0.039 0.031 0.000 0.000 0.000 0.004 0.001 0.001 0.000 0.004 0.001 0.001 0.004 0.007 

Locus 175 : 199635_9 
2 alleles
3.4% missing data
 120   (0.958) 0.829 0.998 0.997 0.959 0.998 1.000 1.000 1.000 0.998 0.999 0.998 1.000 0.997 0.999 0.999 0.997 0.995 
 100   (0.042) 0.171 0.002 0.003 0.041 0.002 0.000 0.000 0.000 0.002 0.001 0.002 0.000 0.003 0.001 0.001 0.003 0.005 

Locus 176 : 200923_8 
2 alleles
5.1% missing data
 100   (0.963) 0.997 0.998 0.997 0.963 0.998 1.000 1.000 1.000 0.998 0.999 0.998 1.000 0.995 0.999 0.999 0.997 0.931 
 110   (0.037) 0.003 0.002 0.003 0.037 0.002 0.000 0.000 0.000 0.002 0.001 0.002 0.000 0.005 0.001 0.001 0.003 0.069 

Locus 177 : 201090_64 
2 alleles
5.1% missing data
 130   (0.962) 0.997 0.998 0.997 0.963 0.957 1.000 1.000 1.000 0.997 0.998 0.998 1.000 0.996 0.999 0.999 0.984 0.995 
 100   (0.038) 0.003 0.002 0.003 0.037 0.043 0.000 0.000 0.000 0.003 0.002 0.002 0.000 0.004 0.001 0.001 0.016 0.005 

Locus 178 : 201549_57 
2 alleles
4.5% missing data
 120   (0.961) 0.997 0.998 0.998 0.963 0.998 1.000 1.000 1.000 0.998 0.999 0.999 1.000 0.904 0.999 0.999 0.997 0.995 
 110   (0.039) 0.003 0.002 0.002 0.037 0.002 0.000 0.000 0.000 0.002 0.001 0.001 0.000 0.096 0.001 0.001 0.003 0.005 

Locus 179 : 203565_40 
2 alleles
3.9% missing data
 120   (0.963) 0.997 0.997 0.997 0.963 0.998 1.000 1.000 1.000 0.998 0.999 0.999 1.000 0.997 0.999 0.999 0.996 0.930 
 100   (0.037) 0.003 0.003 0.003 0.037 0.002 0.000 0.000 0.000 0.002 0.001 0.001 0.000 0.003 0.001 0.001 0.004 0.070 

Locus 180 : 205184_19 
2 alleles
7.3% missing data
 110   (0.913) 0.758 0.995 0.994 0.915 0.995 1.000 0.999 1.000 0.994 0.861 0.887 0.999 0.993 0.998 0.997 0.992 0.988 
 120   (0.087) 0.242 0.005 0.006 0.085 0.005 0.000 0.001 0.000 0.006 0.139 0.113 0.001 0.007 0.002 0.003 0.008 0.012 

Locus 181 : 206551_17 
2 alleles
6.2% missing data
 120   (0.908) 0.992 0.993 0.994 0.908 0.587 0.999 0.999 1.000 0.989 0.996 0.996 0.999 0.964 0.987 0.843 0.976 0.937 
 100   (0.092) 0.008 0.007 0.006 0.092 0.413 0.001 0.001 0.000 0.011 0.004 0.004 0.001 0.036 0.013 0.157 0.024 0.063 

Locus 182 : 216246_19 
2 alleles
2.8% missing data
 110   (0.949) 0.996 0.994 0.991 0.948 0.996 1.000 0.999 1.000 0.958 0.998 0.998 0.998 0.987 0.988 0.998 0.956 0.987 
 130   (0.051) 0.004 0.006 0.009 0.052 0.004 0.000 0.001 0.000 0.042 0.002 0.002 0.002 0.013 0.012 0.002 0.044 0.013 

Locus 183 : 216776_13 
2 alleles
5.6% missing data
 120   (0.924) 0.726 0.994 0.995 0.926 0.996 1.000 0.999 0.997 0.996 0.976 0.997 0.999 0.994 0.998 0.818 0.994 0.990 
 110   (0.076) 0.274 0.006 0.005 0.074 0.004 0.000 0.001 0.003 0.004 0.024 0.003 0.001 0.006 0.002 0.182 0.006 0.010 

Locus 184 : 217291_37 
2 alleles
3.9% missing data
 120   (0.961) 0.997 0.998 0.997 0.961 0.997 1.000 1.000 1.000 0.997 0.999 0.999 1.000 0.904 0.999 0.999 0.997 0.994 
 100   (0.039) 0.003 0.002 0.003 0.039 0.003 0.000 0.000 0.000 0.003 0.001 0.001 0.000 0.096 0.001 0.001 0.003 0.006 

Locus 185 : 217570_13 
2 alleles
3.9% missing data
 130   (0.959) 0.866 0.998 0.997 0.961 0.998 1.000 1.000 1.000 0.998 0.999 0.998 1.000 0.997 0.999 0.999 0.997 0.995 
 110   (0.041) 0.134 0.002 0.003 0.039 0.002 0.000 0.000 0.000 0.002 0.001 0.002 0.000 0.003 0.001 0.001 0.003 0.005 

Locus 186 : 220422_65 
2 alleles
3.4% missing data
 120   (0.956) 0.996 0.994 0.990 0.957 0.996 1.000 0.999 1.000 0.941 0.998 0.998 0.997 0.989 0.999 0.999 0.932 0.994 
 110   (0.044) 0.004 0.006 0.010 0.043 0.004 0.000 0.001 0.000 0.059 0.002 0.002 0.003 0.011 0.001 0.001 0.068 0.006 

Locus 187 : 220502_40 
2 alleles
6.7% missing data
 120   (0.962) 0.997 0.960 0.997 0.963 0.997 1.000 0.999 1.000 0.997 0.998 0.998 1.000 0.997 0.998 0.998 0.995 0.994 
 110   (0.038) 0.003 0.040 0.003 0.037 0.003 0.000 0.001 0.000 0.003 0.002 0.002 0.000 0.003 0.002 0.002 0.005 0.006 

Locus 188 : 220519_81 
2 alleles
4.5% missing data
 130   (0.940) 0.857 0.996 0.996 0.942 0.997 1.000 0.999 1.000 0.996 0.998 0.998 1.000 0.995 0.998 0.998 0.994 0.932 
 110   (0.060) 0.143 0.004 0.004 0.058 0.003 0.000 0.001 0.000 0.004 0.002 0.002 0.000 0.005 0.002 0.002 0.006 0.068 

Locus 189 : 222347_17 
2 alleles
3.9% missing data
 120   (0.959) 0.892 0.998 0.997 0.960 0.998 1.000 1.000 1.000 0.997 0.998 0.998 1.000 0.997 0.999 0.999 0.997 0.995 
 100   (0.041) 0.108 0.002 0.003 0.040 0.002 0.000 0.000 0.000 0.003 0.002 0.002 0.000 0.003 0.001 0.001 0.003 0.005 

Locus 190 : 222896_46 
2 alleles
0.6% missing data
 110   (0.960) 0.944 0.998 0.997 0.962 0.998 1.000 1.000 1.000 0.998 0.999 0.999 1.000 0.997 0.999 0.999 0.997 0.995 
 130   (0.040) 0.056 0.002 0.003 0.038 0.002 0.000 0.000 0.000 0.002 0.001 0.001 0.000 0.003 0.001 0.001 0.003 0.005 

Locus 191 : 223181_12 
2 alleles
3.4% missing data
 120   (0.955) 0.723 0.997 0.997 0.957 0.998 1.000 1.000 1.000 0.997 0.998 0.998 1.000 0.997 0.999 0.999 0.996 0.994 
 100   (0.045) 0.277 0.003 0.003 0.043 0.002 0.000 0.000 0.000 0.003 0.002 0.002 0.000 0.003 0.001 0.001 0.004 0.006 

Locus 192 : 224649_57 
2 alleles
5.1% missing data
 100   (0.963) 0.997 0.997 0.997 0.963 0.998 1.000 1.000 1.000 0.998 0.947 0.998 1.000 0.997 0.999 0.999 0.996 0.993 
 110   (0.037) 0.003 0.003 0.003 0.037 0.002 0.000 0.000 0.000 0.002 0.053 0.002 0.000 0.003 0.001 0.001 0.004 0.007 

Locus 193 : 226245_11 
2 alleles
5.1% missing data
 130   (0.961) 0.997 0.904 0.997 0.962 0.998 1.000 0.997 1.000 0.998 0.998 0.998 1.000 0.997 0.999 0.999 0.997 0.994 
 110   (0.039) 0.003 0.096 0.003 0.038 0.002 0.000 0.003 0.000 0.002 0.002 0.002 0.000 0.003 0.001 0.001 0.003 0.006 

Locus 194 : 226342_59 
2 alleles
6.2% missing data
 120   (0.935) 0.907 0.995 0.995 0.936 0.995 0.999 0.999 0.997 0.992 0.995 0.939 0.997 0.994 0.998 0.996 0.991 0.990 
 100   (0.065) 0.093 0.005 0.005 0.064 0.005 0.001 0.001 0.003 0.008 0.005 0.061 0.003 0.006 0.002 0.004 0.009 0.010 

Locus 195 : 228970_13 
2 alleles
3.9% missing data
 120   (0.962) 0.997 0.998 0.997 0.963 0.998 1.000 1.000 1.000 0.997 0.998 0.998 1.000 0.955 0.999 0.999 0.997 0.995 
 100   (0.038) 0.003 0.002 0.003 0.037 0.002 0.000 0.000 0.000 0.003 0.002 0.002 0.000 0.045 0.001 0.001 0.003 0.005 

Locus 196 : 229097_27 
2 alleles
5.1% missing data
 130   (0.956) 0.791 0.997 0.997 0.957 0.997 1.000 1.000 1.000 0.998 0.998 0.998 1.000 0.996 0.999 0.999 0.997 0.994 
 110   (0.044) 0.209 0.003 0.003 0.043 0.003 0.000 0.000 0.000 0.002 0.002 0.002 0.000 0.004 0.001 0.001 0.003 0.006 

Locus 197 : 229177_29 
2 alleles
7.3% missing data
 130   (0.955) 0.996 0.997 0.997 0.956 0.994 0.994 0.999 0.998 0.991 0.997 0.998 0.997 0.996 0.998 0.787 0.994 0.994 
 110   (0.045) 0.004 0.003 0.003 0.044 0.006 0.006 0.001 0.002 0.009 0.003 0.002 0.003 0.004 0.002 0.213 0.006 0.006 

Locus 198 : 229612_7 
2 alleles
6.2% missing data
 100   (0.961) 0.997 0.997 0.987 0.958 0.998 1.000 1.000 1.000 0.996 0.999 0.998 1.000 0.997 0.998 0.999 0.994 0.994 
 120   (0.039) 0.003 0.003 0.013 0.042 0.002 0.000 0.000 0.000 0.004 0.001 0.002 0.000 0.003 0.002 0.001 0.006 0.006 

Locus 199 : 229936_67 
2 alleles
3.9% missing data
 120   (0.962) 0.997 0.975 0.997 0.962 0.997 0.998 0.993 0.998 0.988 0.996 0.998 0.987 0.996 0.998 0.996 0.938 0.993 
 100   (0.038) 0.003 0.025 0.003 0.038 0.003 0.002 0.007 0.002 0.012 0.004 0.002 0.013 0.004 0.002 0.004 0.062 0.007 

Locus 200 : 232937_62 
2 alleles
2.2% missing data
 100   (0.963) 0.997 0.997 0.996 0.959 0.998 1.000 1.000 1.000 0.997 0.999 0.998 1.000 0.997 0.999 0.986 0.996 0.995 
 120   (0.037) 0.003 0.003 0.004 0.041 0.002 0.000 0.000 0.000 0.003 0.001 0.002 0.000 0.003 0.001 0.014 0.004 0.005 

Locus 201 : 233194_6 
2 alleles
2.8% missing data
 120   (0.936) 0.670 0.997 0.996 0.938 0.996 1.000 0.999 1.000 0.996 0.997 0.907 0.999 0.995 0.998 0.998 0.994 0.991 
 100   (0.064) 0.330 0.003 0.004 0.062 0.004 0.000 0.001 0.000 0.004 0.003 0.093 0.001 0.005 0.002 0.002 0.006 0.009 

Locus 202 : 234346_33 
2 alleles
4.5% missing data
 110   (0.962) 0.997 0.998 0.997 0.963 0.998 1.000 1.000 1.000 0.998 0.997 0.658 1.000 0.997 0.999 0.999 0.997 0.995 
 130   (0.038) 0.003 0.002 0.003 0.037 0.002 0.000 0.000 0.000 0.002 0.003 0.342 0.000 0.003 0.001 0.001 0.003 0.005 

Locus 203 : 235241_77 
2 alleles
2.2% missing data
 130   (0.958) 0.838 0.998 0.997 0.960 0.998 1.000 1.000 1.000 0.998 0.998 0.998 1.000 0.997 0.999 0.999 0.997 0.995 
 100   (0.042) 0.162 0.002 0.003 0.040 0.002 0.000 0.000 0.000 0.002 0.002 0.002 0.000 0.003 0.001 0.001 0.003 0.005 

Locus 204 : 236207_44 
2 alleles
6.2% missing data
 120   (0.910) 0.992 0.762 0.993 0.911 0.995 1.000 0.708 1.000 0.994 0.997 0.997 0.999 0.960 0.998 0.997 0.991 0.863 
 100   (0.090) 0.008 0.238 0.007 0.089 0.005 0.000 0.292 0.000 0.006 0.003 0.003 0.001 0.040 0.002 0.003 0.009 0.137 

Locus 205 : 236307_12 
2 alleles
1.7% missing data
 130   (0.953) 0.996 0.997 0.997 0.955 0.997 1.000 0.999 1.000 0.997 0.998 0.998 0.999 0.990 0.556 0.998 0.962 0.991 
 110   (0.047) 0.004 0.003 0.003 0.045 0.003 0.000 0.001 0.000 0.003 0.002 0.002 0.001 0.010 0.444 0.002 0.038 0.009 

Locus 206 : 236931_45 
2 alleles
6.7% missing data
 120   (0.895) 0.992 0.988 0.676 0.897 0.994 1.000 0.999 1.000 0.991 0.996 0.996 0.999 0.713 0.996 0.996 0.982 0.458 
 100   (0.105) 0.008 0.012 0.324 0.103 0.006 0.000 0.001 0.000 0.009 0.004 0.004 0.001 0.287 0.004 0.004 0.018 0.542 

Locus 207 : 236999_38 
2 alleles
2.8% missing data
 120   (0.960) 0.944 0.998 0.997 0.962 0.998 1.000 1.000 1.000 0.998 0.999 0.999 1.000 0.997 0.999 0.999 0.997 0.995 
 100   (0.040) 0.056 0.002 0.003 0.038 0.002 0.000 0.000 0.000 0.002 0.001 0.001 0.000 0.003 0.001 0.001 0.003 0.005 

Locus 208 : 240398_42 
2 alleles
3.9% missing data
 110   (0.862) 0.989 0.990 0.833 0.860 0.992 1.000 0.999 0.999 0.966 0.995 0.995 0.999 0.878 0.581 0.995 0.946 0.445 
 130   (0.138) 0.011 0.010 0.167 0.140 0.008 0.000 0.001 0.001 0.034 0.005 0.005 0.001 0.122 0.419 0.005 0.054 0.555 

Locus 209 : 240825_22 
2 alleles
6.2% missing data
 130   (0.962) 0.997 0.995 0.997 0.961 0.993 1.000 0.997 0.999 0.991 0.998 0.998 0.997 0.996 0.998 0.995 0.988 0.991 
 110   (0.038) 0.003 0.005 0.003 0.039 0.007 0.000 0.003 0.001 0.009 0.002 0.002 0.003 0.004 0.002 0.005 0.012 0.009 

Locus 210 : 244435_48 
2 alleles
1.7% missing data
 110   (0.963) 0.997 0.907 0.997 0.964 0.998 1.000 0.996 1.000 0.998 0.999 0.999 1.000 0.997 0.999 0.999 0.997 0.995 
 130   (0.037) 0.003 0.093 0.003 0.036 0.002 0.000 0.004 0.000 0.002 0.001 0.001 0.000 0.003 0.001 0.001 0.003 0.005 

Locus 211 : 245971_21 
2 alleles
5.1% missing data
 130   (0.960) 0.914 0.998 0.997 0.961 0.998 1.000 1.000 1.000 0.998 0.998 0.998 1.000 0.997 0.999 0.999 0.997 0.995 
 120   (0.040) 0.086 0.002 0.003 0.039 0.002 0.000 0.000 0.000 0.002 0.002 0.002 0.000 0.003 0.001 0.001 0.003 0.005 

Locus 212 : 246895_22 
2 alleles
3.4% missing data
 120   (0.963) 0.997 0.996 0.997 0.960 0.997 1.000 1.000 0.999 0.992 0.999 0.999 0.999 0.997 0.988 0.999 0.975 0.994 
 110   (0.037) 0.003 0.004 0.003 0.040 0.003 0.000 0.000 0.001 0.008 0.001 0.001 0.001 0.003 0.012 0.001 0.025 0.006 

Locus 213 : 248131_26 
2 alleles
7.9% missing data
 130   (0.949) 0.995 0.994 0.976 0.950 0.959 0.999 0.999 0.999 0.990 0.997 0.997 0.998 0.994 0.998 0.997 0.976 0.991 
 110   (0.051) 0.005 0.006 0.024 0.050 0.041 0.001 0.001 0.001 0.010 0.003 0.003 0.002 0.006 0.002 0.003 0.024 0.009 

Locus 214 : 250844_49 
2 alleles
7.3% missing data
 130   (0.962) 0.997 0.998 0.982 0.959 0.997 1.000 1.000 1.000 0.995 0.998 0.999 1.000 0.996 0.999 0.999 0.995 0.995 
 100   (0.038) 0.003 0.002 0.018 0.041 0.003 0.000 0.000 0.000 0.005 0.002 0.001 0.000 0.004 0.001 0.001 0.005 0.005 

Locus 215 : 251283_19 
2 alleles
5.6% missing data
 120   (0.961) 0.997 0.998 0.997 0.962 0.998 1.000 1.000 1.000 0.998 0.999 0.998 1.000 0.997 0.999 0.999 0.997 0.827 
 100   (0.039) 0.003 0.002 0.003 0.038 0.002 0.000 0.000 0.000 0.002 0.001 0.002 0.000 0.003 0.001 0.001 0.003 0.173 

Locus 216 : 251358_15 
2 alleles
8.4% missing data
 110   (0.943) 0.995 0.957 0.784 0.944 0.996 1.000 0.999 1.000 0.995 0.997 0.998 0.999 0.994 0.999 0.998 0.994 0.990 
 120   (0.057) 0.005 0.043 0.216 0.056 0.004 0.000 0.001 0.000 0.005 0.003 0.002 0.001 0.006 0.001 0.002 0.006 0.010 

Locus 217 : 251901_42 
2 alleles
2.2% missing data
 120   (0.964) 0.997 0.996 0.997 0.963 0.967 1.000 0.999 1.000 0.996 0.999 0.998 0.999 0.997 0.999 0.999 0.996 0.995 
 100   (0.036) 0.003 0.004 0.003 0.037 0.033 0.000 0.001 0.000 0.004 0.001 0.002 0.001 0.003 0.001 0.001 0.004 0.005 

Locus 218 : 252158_43 
2 alleles
0.0% missing data
 120   (0.959) 0.918 0.998 0.997 0.960 0.998 1.000 1.000 1.000 0.998 0.999 0.998 1.000 0.997 0.999 0.999 0.997 0.995 
 100   (0.041) 0.082 0.002 0.003 0.040 0.002 0.000 0.000 0.000 0.002 0.001 0.002 0.000 0.003 0.001 0.001 0.003 0.005 

Locus 219 : 252988_16 
2 alleles
7.9% missing data
 110   (0.956) 0.996 0.997 0.996 0.956 0.749 1.000 1.000 1.000 0.996 0.998 0.998 1.000 0.996 0.998 0.999 0.907 0.993 
 100   (0.044) 0.004 0.003 0.004 0.044 0.251 0.000 0.000 0.000 0.004 0.002 0.002 0.000 0.004 0.002 0.001 0.093 0.007 

Locus 220 : 254425_88 
2 alleles
5.6% missing data
 130   (0.932) 0.779 0.996 0.996 0.934 0.996 1.000 0.999 1.000 0.996 0.742 0.997 1.000 0.995 0.998 0.998 0.994 0.991 
 110   (0.068) 0.221 0.004 0.004 0.066 0.004 0.000 0.001 0.000 0.004 0.258 0.003 0.000 0.005 0.002 0.002 0.006 0.009 

Locus 221 : 256337_57 
2 alleles
5.6% missing data
 110   (0.963) 0.997 0.998 0.997 0.964 0.998 1.000 1.000 1.000 0.998 0.999 0.999 1.000 0.997 0.998 0.999 0.997 0.927 
 130   (0.037) 0.003 0.002 0.003 0.036 0.002 0.000 0.000 0.000 0.002 0.001 0.001 0.000 0.003 0.002 0.001 0.003 0.073 

Locus 222 : 259058_15 
2 alleles
1.7% missing data
 120   (0.962) 0.997 0.998 0.997 0.963 0.998 1.000 1.000 1.000 0.998 0.999 0.748 1.000 0.997 0.999 0.999 0.997 0.995 
 100   (0.038) 0.003 0.002 0.003 0.037 0.002 0.000 0.000 0.000 0.002 0.001 0.252 0.000 0.003 0.001 0.001 0.003 0.005 

Locus 223 : 259869_81 
2 alleles
0.6% missing data
 120   (0.962) 0.997 0.998 0.998 0.964 0.998 1.000 1.000 1.000 0.998 0.883 0.998 1.000 0.997 0.999 0.999 0.997 0.995 
 130   (0.038) 0.003 0.002 0.002 0.036 0.002 0.000 0.000 0.000 0.002 0.117 0.002 0.000 0.003 0.001 0.001 0.003 0.005 

Locus 224 : 260700_55 
2 alleles
2.2% missing data
 130   (0.962) 0.997 0.998 0.997 0.963 0.995 0.999 0.999 1.000 0.997 0.998 0.998 0.999 0.996 0.998 0.970 0.995 0.994 
 110   (0.038) 0.003 0.002 0.003 0.037 0.005 0.001 0.001 0.000 0.003 0.002 0.002 0.001 0.004 0.002 0.030 0.005 0.006 

Locus 225 : 262223_11 
2 alleles
4.5% missing data
 130   (0.961) 0.997 0.998 0.998 0.963 0.998 1.000 1.000 1.000 0.998 0.998 0.999 1.000 0.997 0.999 0.839 0.997 0.995 
 100   (0.039) 0.003 0.002 0.002 0.037 0.002 0.000 0.000 0.000 0.002 0.002 0.001 0.000 0.003 0.001 0.161 0.003 0.005 

Locus 226 : 262346_48 
2 alleles
3.4% missing data
 130   (0.960) 0.997 0.998 0.998 0.961 0.998 1.000 1.000 1.000 0.998 0.999 0.998 1.000 0.997 0.999 0.999 0.997 0.413 
 110   (0.040) 0.003 0.002 0.002 0.039 0.002 0.000 0.000 0.000 0.002 0.001 0.002 0.000 0.003 0.001 0.001 0.003 0.587 

Locus 227 : 262620_18 
2 alleles
3.9% missing data
 110   (0.950) 0.995 0.990 0.996 0.948 0.995 0.999 0.995 0.997 0.988 0.997 0.998 0.997 0.994 0.990 0.997 0.973 0.990 
 130   (0.050) 0.005 0.010 0.004 0.052 0.005 0.001 0.005 0.003 0.012 0.003 0.002 0.003 0.006 0.010 0.003 0.027 0.010 

Locus 228 : 263002_42 
2 alleles
3.4% missing data
 120   (0.957) 0.996 0.998 0.837 0.957 0.998 1.000 1.000 1.000 0.993 0.999 0.998 1.000 0.996 0.999 0.999 0.995 0.994 
 100   (0.043) 0.004 0.002 0.163 0.043 0.002 0.000 0.000 0.000 0.007 0.001 0.002 0.000 0.004 0.001 0.001 0.005 0.006 

Locus 229 : 263813_70 
2 alleles
10.1% missing data
 130   (0.960) 0.996 0.998 0.997 0.962 0.998 1.000 1.000 1.000 0.998 0.867 0.998 1.000 0.997 0.999 0.999 0.997 0.995 
 110   (0.040) 0.004 0.002 0.003 0.038 0.002 0.000 0.000 0.000 0.002 0.133 0.002 0.000 0.003 0.001 0.001 0.003 0.005 

Locus 230 : 264184_13 
2 alleles
10.1% missing data
 110   (0.924) 0.993 0.845 0.995 0.925 0.815 1.000 0.991 1.000 0.995 0.997 0.997 0.999 0.993 0.998 0.997 0.987 0.945 
 130   (0.076) 0.007 0.155 0.005 0.075 0.185 0.000 0.009 0.000 0.005 0.003 0.003 0.001 0.007 0.002 0.003 0.013 0.055 

Values of parameters used in structure:
DATAFILE=C:\Users\jmahg\OneDrive\Desktop\Transfers\TrkNbr-1524n1282n1083_AllPops_Structure_p18_r080_LDnHWEx\project_data,	OUTFILE=C:\Users\jmahg\OneDrive\Desktop\Transfers\TrkNbr-1524n1282n1083_AllPops_Structure_p18_r080_LDnHWEx\BI50000_MCMC100000\Results\BI50000_MCMC100000_run_164,	NUMINDS=178,	NUMLOCI=230,	MISSING=0,	LABEL=1,	POPDATA=1,	POPFLAG=0,	PHENOTYPE=0,	EXTRACOLS=0,	MAXPOPS=17,	BURNIN=50000,	NUMREPS=100000,	USEPOPINFO=0,	INFERALPHA=1,	INFERLAMBDA=0,	POPSPECIFICLAMBDA=0,	POPALPHAS=0,	COMPUTEPROB=1,	NOADMIX=0,	ADMBURNIN=2500,	UPDATEFREQ=1,	PRINTLIKES=0,	INTERMEDSAVE=0,	PRINTKLD=0,	PRINTNET=0,	PRINTLAMBDA=0,	ANCESTDIST=0,	NUMBOXES=1000,	ANCESTPINT=0.90000,	GENSBACK=2,	MIGRPRIOR=0.05000,	PRINTQHAT=0,	PRINTQSUM=0,	ALPHA=1.0000,	FREQSCORR=1,	FPRIORMEAN=0.0100,	FPRIORSD=0.0500,	ONEFST=0,	LAMBDA=1.0000,	UNIFPRIORALPHA=1,	ALPHAMAX=10.0000,	ALPHAPRIORA=1.0000,	ALPHAPRIORB=2.0000,	ALPHAPROPSD=0.0250,	STARTATPOPINFO=0,	RANDOMIZE=1,	LINKAGE=0,	METROFREQ=10,	REPORTHITRATE=0,	MARKOVPHASE=-1,	PHASED=0,	PLOIDY=2,	PHASEINFO=0	LOCPRIOR=0, 	LOCPRIORINIT=1.000000, 	LOCDATA=0, 	LOCISPOP=0, 	LOCPRIORSTEP=0.100000, 	MAXLOCPRIOR=20.000000, 	SEED=1603036782,	
[STRAT parameters]:    NUMSIMSTATS=1000,	PHENOTYPECOL=-9,	POOLFREQ=10,	LOCUSxONLY=0,	EMERROR=0.00100,	MISSINGPHENO=-9,	