

----------------------------------------------------
STRUCTURE by Pritchard, Stephens and Donnelly (2000)
     and Falush, Stephens and Pritchard (2003)
       Code by Pritchard, Falush and Hubisz
             Version 2.3.4 (Jul 2012)
----------------------------------------------------



Command line arguments:   bin\structure -m C:\Users\jmahg\OneDrive\Desktop\Transfers\TrkNbr-1524n1282n1083_AllPops_Structure_p18_r080_LDnHWEx\BI50000_MCMC100000\mainparams -e C:\Users\jmahg\OneDrive\Desktop\Transfers\TrkNbr-1524n1282n1083_AllPops_Structure_p18_r080_LDnHWEx\BI50000_MCMC100000\extraparams 
Input File:    C:\Users\jmahg\OneDrive\Desktop\Transfers\TrkNbr-1524n1282n1083_AllPops_Structure_p18_r080_LDnHWEx\project_data

Run parameters:
   178 individuals
   230 loci
   14 populations assumed
   50000 Burn-in period
   100000 Reps


--------------------------------------------
Proportion of membership of each pre-defined
 population in each of the 14 clusters

Given    Inferred Clusters                                                                                    Number of
 Pop       1      2      3      4      5      6      7      8      9     10     11     12     13     14      Individuals

  1:     0.008  0.004  0.009  0.012  0.034  0.007  0.722  0.002  0.008  0.011  0.021  0.014  0.025  0.123       10
  2:     0.009  0.013  0.036  0.008  0.086  0.027  0.034  0.002  0.004  0.020  0.055  0.563  0.056  0.088        8
  3:     0.011  0.004  0.021  0.006  0.164  0.013  0.012  0.002  0.005  0.585  0.020  0.021  0.097  0.041       10
  4:     0.013  0.008  0.454  0.024  0.146  0.007  0.028  0.002  0.018  0.032  0.029  0.105  0.091  0.041       10
  5:     0.014  0.003  0.005  0.004  0.016  0.003  0.007  0.903  0.003  0.009  0.005  0.008  0.011  0.010       10
  6:     0.013  0.004  0.012  0.007  0.232  0.002  0.022  0.003  0.004  0.441  0.028  0.026  0.155  0.051       10
  7:     0.010  0.003  0.006  0.005  0.043  0.002  0.042  0.002  0.004  0.012  0.031  0.016  0.026  0.799       10
  8:     0.013  0.018  0.055  0.081  0.064  0.033  0.121  0.002  0.031  0.045  0.075  0.305  0.062  0.095       10
  9:     0.015  0.003  0.009  0.006  0.337  0.002  0.044  0.002  0.004  0.037  0.041  0.030  0.184  0.285       10
 10:     0.016  0.004  0.012  0.007  0.364  0.003  0.018  0.003  0.005  0.106  0.020  0.028  0.336  0.077       10
 11:     0.009  0.008  0.014  0.612  0.123  0.025  0.026  0.002  0.006  0.017  0.022  0.034  0.073  0.030       10
 12:     0.013  0.005  0.014  0.611  0.053  0.004  0.049  0.002  0.077  0.020  0.018  0.067  0.042  0.025       10
 13:     0.009  0.007  0.009  0.011  0.025  0.007  0.012  0.002  0.846  0.014  0.011  0.011  0.020  0.016       10
 14:     0.787  0.003  0.007  0.005  0.065  0.004  0.009  0.010  0.004  0.021  0.011  0.011  0.041  0.023       10
 15:     0.820  0.003  0.007  0.005  0.042  0.004  0.009  0.006  0.004  0.034  0.009  0.011  0.029  0.018       10
 16:     0.012  0.013  0.546  0.013  0.069  0.021  0.032  0.002  0.006  0.044  0.082  0.054  0.045  0.060       10
 17:     0.011  0.541  0.037  0.057  0.079  0.006  0.056  0.002  0.016  0.020  0.026  0.073  0.045  0.031       10
 18:     0.013  0.003  0.007  0.005  0.027  0.003  0.009  0.863  0.004  0.014  0.007  0.010  0.021  0.015       10
--------------------------------------------

Allele-freq. divergence among pops (Net nucleotide distance),
computed using point estimates of P.

      1       2       3       4       5       6       7       8       9      10      11      12      13      14      
 1      -    0.0098  0.0047  0.0038  0.0015  0.0037  0.0037  0.0066  0.0063  0.0023  0.0026  0.0040  0.0015  0.0027  
 2   0.0098     -    0.0107  0.0076  0.0085  0.0072  0.0095  0.0148  0.0103  0.0092  0.0070  0.0066  0.0077  0.0095  
 3   0.0047  0.0107     -    0.0049  0.0033  0.0046  0.0050  0.0100  0.0077  0.0037  0.0035  0.0055  0.0030  0.0043  
 4   0.0038  0.0076  0.0049     -    0.0025  0.0030  0.0033  0.0092  0.0046  0.0033  0.0022  0.0039  0.0019  0.0037  
 5   0.0015  0.0085  0.0033  0.0025     -    0.0036  0.0022  0.0070  0.0049  0.0009  0.0020  0.0026  0.0003  0.0012  
 6   0.0037  0.0072  0.0046  0.0030  0.0036     -    0.0037  0.0062  0.0049  0.0037  0.0003  0.0044  0.0021  0.0040  
 7   0.0037  0.0095  0.0050  0.0033  0.0022  0.0037     -    0.0091  0.0063  0.0031  0.0024  0.0042  0.0019  0.0013  
 8   0.0066  0.0148  0.0100  0.0092  0.0070  0.0062  0.0091     -    0.0115  0.0075  0.0060  0.0095  0.0064  0.0083  
 9   0.0063  0.0103  0.0077  0.0046  0.0049  0.0049  0.0063  0.0115     -    0.0057  0.0042  0.0069  0.0042  0.0061  
10   0.0023  0.0092  0.0037  0.0033  0.0009  0.0037  0.0031  0.0075  0.0057     -    0.0024  0.0034  0.0010  0.0021  
11   0.0026  0.0070  0.0035  0.0022  0.0020  0.0003  0.0024  0.0060  0.0042  0.0024     -    0.0033  0.0009  0.0024  
12   0.0040  0.0066  0.0055  0.0039  0.0026  0.0044  0.0042  0.0095  0.0069  0.0034  0.0033     -    0.0024  0.0035  
13   0.0015  0.0077  0.0030  0.0019  0.0003  0.0021  0.0019  0.0064  0.0042  0.0010  0.0009  0.0024     -    0.0013  
14   0.0027  0.0095  0.0043  0.0037  0.0012  0.0040  0.0013  0.0083  0.0061  0.0021  0.0024  0.0035  0.0013     -    

Average distances (expected heterozygosity) between individuals in same cluster:
cluster  1  : 0.0217 
cluster  2  : 0.0449 
cluster  3  : 0.0228 
cluster  4  : 0.0325 
cluster  5  : 0.0007 
cluster  6  : 0.1061 
cluster  7  : 0.0182 
cluster  8  : 0.0658 
cluster  9  : 0.0390 
cluster 10  : 0.0128 
cluster 11  : 0.0775 
cluster 12  : 0.0122 
cluster 13  : 0.0265 
cluster 14  : 0.0070 

--------------------------------------------
Estimated Ln Prob of Data   = -3867.2
Mean value of ln likelihood = -3251.0
Variance of ln likelihood   = 1232.4
Mean value of alpha         = 0.0338

Mean value of Fst_1         = 0.5841
Mean value of Fst_2         = 0.4397
Mean value of Fst_3         = 0.5941
Mean value of Fst_4         = 0.4610
Mean value of Fst_5         = 0.9554
Mean value of Fst_6         = 0.0310
Mean value of Fst_7         = 0.6579
Mean value of Fst_8         = 0.3002
Mean value of Fst_9         = 0.4641
Mean value of Fst_10         = 0.7275
Mean value of Fst_11         = 0.2731
Mean value of Fst_12         = 0.7897
Mean value of Fst_13         = 0.7439
Mean value of Fst_14         = 0.8669


Inferred ancestry of individuals:
        Label (%Miss) Pop:  Inferred clusters
  1 TGCP_WM1    (0)    1 :  0.011 0.003 0.006 0.006 0.026 0.004 0.841 0.002 0.006 0.018 0.014 0.010 0.024 0.026 
  2 TGCP_WM10    (1)    1 :  0.012 0.005 0.010 0.012 0.111 0.002 0.530 0.002 0.004 0.019 0.036 0.043 0.048 0.167 
  3 TGCP_WM2    (0)    1 :  0.011 0.004 0.010 0.007 0.030 0.037 0.503 0.002 0.004 0.014 0.033 0.012 0.045 0.289 
  4 TGCP_WM3    (1)    1 :  0.008 0.003 0.005 0.009 0.033 0.002 0.840 0.002 0.004 0.012 0.005 0.008 0.014 0.056 
  5 TGCP_WM4    (0)    1 :  0.010 0.004 0.006 0.043 0.028 0.002 0.843 0.002 0.004 0.008 0.008 0.010 0.014 0.017 
  6 TGCP_WM5    (0)    1 :  0.007 0.004 0.009 0.008 0.026 0.013 0.772 0.002 0.008 0.013 0.067 0.012 0.045 0.013 
  7 TGCP_WM6    (0)    1 :  0.006 0.003 0.005 0.007 0.026 0.002 0.867 0.002 0.006 0.008 0.005 0.007 0.014 0.040 
  8 TGCP_WM7    (0)    1 :  0.007 0.008 0.025 0.007 0.041 0.004 0.200 0.002 0.023 0.009 0.026 0.028 0.028 0.593 
  9 TGCP_WM8    (0)    1 :  0.005 0.003 0.006 0.015 0.015 0.002 0.876 0.002 0.018 0.007 0.009 0.008 0.014 0.020 
 10 TGCP_WM9    (0)    1 :  0.005 0.002 0.005 0.004 0.007 0.002 0.946 0.002 0.002 0.005 0.003 0.005 0.006 0.007 
 11 MRLP_WM123    (3)    2 :  0.008 0.005 0.016 0.018 0.018 0.117 0.021 0.002 0.004 0.009 0.092 0.648 0.031 0.012 
 12 MRLP_WM124    (4)    2 :  0.012 0.003 0.007 0.006 0.031 0.002 0.010 0.002 0.003 0.014 0.005 0.872 0.021 0.012 
 13 MRLP_WM125    (1)    2 :  0.007 0.054 0.005 0.008 0.010 0.083 0.028 0.002 0.005 0.011 0.059 0.682 0.016 0.029 
 14 MRLP_WM126    (2)    2 :  0.016 0.002 0.008 0.005 0.481 0.001 0.012 0.002 0.003 0.065 0.024 0.022 0.276 0.081 
 15 MRLP_WM127    (3)    2 :  0.008 0.023 0.013 0.010 0.098 0.005 0.147 0.002 0.005 0.023 0.145 0.021 0.063 0.437 
 16 MRLP_WM128    (3)    2 :  0.006 0.007 0.004 0.005 0.009 0.001 0.005 0.002 0.003 0.005 0.004 0.940 0.007 0.004 
 17 MRLP_WM129    (7)    2 :  0.006 0.004 0.225 0.009 0.013 0.004 0.021 0.002 0.004 0.017 0.062 0.586 0.012 0.035 
 18 MRLP_WM130    (5)    2 :  0.011 0.003 0.007 0.006 0.025 0.002 0.031 0.001 0.003 0.013 0.049 0.733 0.025 0.091 
 19 STT_WM183    (2)    3 :  0.008 0.004 0.004 0.018 0.041 0.097 0.011 0.002 0.006 0.693 0.054 0.014 0.031 0.018 
 20 STT_WM184    (3)    3 :  0.012 0.007 0.045 0.007 0.047 0.009 0.012 0.003 0.006 0.761 0.018 0.015 0.044 0.015 
 21 STT_WM185   (15)    3 :  0.022 0.004 0.013 0.006 0.405 0.002 0.026 0.002 0.004 0.048 0.035 0.058 0.221 0.154 
 22 STT_WM186   (13)    3 :  0.013 0.003 0.011 0.006 0.481 0.002 0.022 0.002 0.005 0.059 0.033 0.038 0.240 0.085 
 23 STT_WM187   (13)    3 :  0.010 0.003 0.006 0.006 0.019 0.002 0.006 0.002 0.006 0.895 0.007 0.010 0.017 0.011 
 24 STT_WM188    (3)    3 :  0.005 0.002 0.004 0.003 0.012 0.002 0.005 0.002 0.002 0.940 0.003 0.005 0.009 0.005 
 25 STT_WM189    (0)    3 :  0.016 0.003 0.009 0.005 0.505 0.002 0.013 0.002 0.004 0.051 0.020 0.034 0.264 0.072 
 26 STT_WM190   (11)    3 :  0.007 0.002 0.004 0.003 0.013 0.001 0.007 0.002 0.003 0.921 0.004 0.007 0.012 0.011 
 27 STT_WM191    (7)    3 :  0.013 0.004 0.011 0.006 0.108 0.002 0.013 0.002 0.006 0.643 0.016 0.022 0.117 0.037 
 28 STT_WM192   (12)    3 :  0.006 0.004 0.098 0.004 0.008 0.007 0.006 0.002 0.003 0.834 0.005 0.006 0.011 0.005 
 29 FSSP_WM241    (3)    4 :  0.018 0.010 0.164 0.026 0.183 0.007 0.104 0.003 0.029 0.039 0.069 0.176 0.119 0.052 
 30 FSSP_WM242   (15)    4 :  0.017 0.002 0.011 0.009 0.518 0.002 0.015 0.002 0.004 0.053 0.017 0.026 0.253 0.071 
 31 FSSP_WM243    (6)    4 :  0.006 0.003 0.912 0.005 0.010 0.009 0.007 0.002 0.005 0.009 0.010 0.005 0.011 0.006 
 32 FSSP_WM244    (5)    4 :  0.013 0.023 0.035 0.036 0.079 0.005 0.069 0.003 0.096 0.024 0.067 0.423 0.064 0.064 
 33 FSSP_WM245   (10)    4 :  0.018 0.003 0.363 0.008 0.223 0.002 0.023 0.003 0.004 0.042 0.031 0.027 0.186 0.066 
 34 FSSP_WM246    (6)    4 :  0.023 0.005 0.100 0.015 0.341 0.007 0.019 0.003 0.008 0.095 0.041 0.085 0.178 0.080 
 35 FSSP_WM247    (3)    4 :  0.012 0.007 0.851 0.011 0.014 0.009 0.014 0.002 0.018 0.006 0.024 0.008 0.011 0.011 
 36 FSSP_WM248    (9)    4 :  0.007 0.003 0.892 0.018 0.015 0.003 0.006 0.002 0.013 0.006 0.007 0.009 0.011 0.009 
 37 FSSP_WM249    (6)    4 :  0.011 0.004 0.817 0.035 0.030 0.004 0.009 0.002 0.004 0.018 0.008 0.010 0.023 0.025 
 38 FSSP_WM250    (2)    4 :  0.009 0.019 0.394 0.078 0.052 0.018 0.016 0.003 0.004 0.025 0.021 0.284 0.051 0.027 
 39 HNL_WM301    (3)    5 :  0.014 0.003 0.004 0.004 0.012 0.002 0.007 0.917 0.003 0.007 0.003 0.008 0.009 0.007 
 40 HNL_WM302    (2)    5 :  0.007 0.002 0.004 0.003 0.005 0.002 0.003 0.950 0.002 0.006 0.003 0.003 0.005 0.005 
 41 HNL_WM303    (2)    5 :  0.010 0.003 0.005 0.005 0.019 0.002 0.007 0.905 0.003 0.010 0.004 0.007 0.012 0.010 
 42 HNL_WM304    (3)    5 :  0.027 0.003 0.007 0.007 0.030 0.002 0.010 0.840 0.004 0.014 0.007 0.011 0.022 0.015 
 43 HNL_WM305    (3)    5 :  0.009 0.002 0.006 0.004 0.008 0.005 0.004 0.935 0.003 0.006 0.003 0.005 0.006 0.004 
 44 HNL_WM306    (0)    5 :  0.012 0.003 0.003 0.003 0.008 0.003 0.005 0.935 0.003 0.004 0.004 0.006 0.006 0.004 
 45 HNL_WM307    (3)    5 :  0.009 0.003 0.004 0.004 0.015 0.002 0.004 0.915 0.003 0.008 0.005 0.008 0.013 0.007 
 46 HNL_WM308    (3)    5 :  0.014 0.003 0.004 0.004 0.018 0.002 0.006 0.902 0.003 0.010 0.005 0.008 0.011 0.010 
 47 HNL_WM309    (0)    5 :  0.019 0.003 0.006 0.006 0.022 0.007 0.010 0.855 0.004 0.012 0.010 0.012 0.016 0.017 
 48 HNL_WM310   (10)    5 :  0.018 0.003 0.007 0.003 0.018 0.002 0.009 0.878 0.004 0.012 0.007 0.008 0.014 0.017 
 49 MPO_WM482    (2)    6 :  0.007 0.003 0.004 0.004 0.023 0.002 0.009 0.004 0.003 0.909 0.004 0.008 0.009 0.012 
 50 MPO_WM483    (3)    6 :  0.015 0.004 0.012 0.008 0.245 0.003 0.012 0.002 0.004 0.399 0.066 0.029 0.154 0.047 
 51 MPO_WM484    (1)    6 :  0.011 0.003 0.010 0.006 0.125 0.002 0.012 0.003 0.004 0.646 0.010 0.016 0.122 0.031 
 52 MPO_WM485    (0)    6 :  0.011 0.003 0.030 0.004 0.029 0.006 0.009 0.002 0.005 0.748 0.074 0.018 0.047 0.013 
 53 MPO_WM486   (21)    6 :  0.016 0.004 0.020 0.006 0.423 0.001 0.024 0.002 0.007 0.055 0.027 0.037 0.247 0.130 
 54 MPO_WM487   (19)    6 :  0.015 0.004 0.010 0.007 0.127 0.002 0.014 0.002 0.004 0.625 0.028 0.025 0.083 0.052 
 55 MPO_WM488    (9)    6 :  0.018 0.004 0.008 0.005 0.464 0.001 0.014 0.002 0.004 0.079 0.020 0.017 0.292 0.072 
 56 MPO_WM489    (3)    6 :  0.008 0.009 0.005 0.015 0.024 0.003 0.088 0.004 0.003 0.789 0.005 0.018 0.018 0.012 
 57 MPO_WM490   (24)    6 :  0.016 0.005 0.008 0.009 0.448 0.002 0.017 0.003 0.006 0.096 0.023 0.045 0.251 0.070 
 58 MPO_WM491   (11)    6 :  0.015 0.003 0.012 0.010 0.413 0.002 0.018 0.002 0.003 0.060 0.021 0.048 0.326 0.068 
 59 OICP_WM541    (1)    7 :  0.008 0.002 0.005 0.003 0.016 0.001 0.006 0.002 0.002 0.005 0.003 0.006 0.012 0.929 
 60 OICP_WM542    (2)    7 :  0.011 0.003 0.004 0.004 0.020 0.001 0.011 0.002 0.002 0.008 0.006 0.008 0.010 0.909 
 61 OICP_WM543    (0)    7 :  0.007 0.003 0.005 0.004 0.018 0.001 0.010 0.002 0.004 0.007 0.005 0.006 0.014 0.915 
 62 OICP_WM544    (1)    7 :  0.035 0.004 0.008 0.015 0.069 0.010 0.240 0.002 0.009 0.033 0.160 0.045 0.056 0.314 
 63 OICP_WM545    (0)    7 :  0.006 0.003 0.007 0.004 0.048 0.002 0.013 0.003 0.003 0.011 0.006 0.009 0.022 0.862 
 64 OICP_WM546    (3)    7 :  0.007 0.003 0.008 0.004 0.096 0.001 0.047 0.002 0.003 0.017 0.057 0.026 0.048 0.680 
 65 OICP_WM547    (2)    7 :  0.012 0.003 0.007 0.004 0.118 0.002 0.055 0.002 0.004 0.019 0.056 0.034 0.069 0.614 
 66 OICP_WM548    (3)    7 :  0.005 0.003 0.004 0.003 0.014 0.002 0.012 0.002 0.004 0.007 0.007 0.006 0.011 0.921 
 67 OICP_WM549    (0)    7 :  0.004 0.002 0.004 0.003 0.013 0.001 0.020 0.002 0.003 0.008 0.003 0.007 0.009 0.921 
 68 OICP_WM550    (1)    7 :  0.007 0.003 0.004 0.004 0.020 0.001 0.009 0.002 0.003 0.007 0.005 0.006 0.008 0.921 
 69 IRO_WM601    (2)    8 :  0.014 0.003 0.028 0.142 0.045 0.008 0.379 0.002 0.021 0.013 0.115 0.042 0.058 0.132 
 70 IRO_WM602    (1)    8 :  0.013 0.005 0.011 0.012 0.109 0.007 0.167 0.003 0.005 0.025 0.047 0.148 0.064 0.383 
 71 IRO_WM603    (2)    8 :  0.008 0.005 0.020 0.349 0.040 0.022 0.140 0.002 0.177 0.019 0.109 0.022 0.070 0.017 
 72 IRO_WM604    (0)    8 :  0.010 0.021 0.006 0.008 0.030 0.124 0.014 0.002 0.007 0.007 0.079 0.647 0.036 0.009 
 73 IRO_WM605    (3)    8 :  0.006 0.016 0.004 0.027 0.015 0.002 0.174 0.002 0.003 0.008 0.006 0.717 0.011 0.009 
 74 IRO_WM606    (3)    8 :  0.015 0.028 0.011 0.011 0.046 0.004 0.010 0.002 0.005 0.032 0.012 0.761 0.045 0.018 
 75 IRO_WM607    (2)    8 :  0.018 0.016 0.148 0.090 0.080 0.012 0.034 0.002 0.005 0.019 0.075 0.376 0.067 0.059 
 76 IRO_WM608    (0)    8 :  0.010 0.009 0.042 0.096 0.046 0.063 0.180 0.002 0.008 0.015 0.227 0.039 0.084 0.179 
 77 IRO_WM609    (0)    8 :  0.022 0.014 0.012 0.063 0.118 0.074 0.095 0.002 0.027 0.043 0.059 0.245 0.116 0.109 
 78 IRO_WM610   (13)    8 :  0.017 0.063 0.263 0.010 0.109 0.012 0.019 0.003 0.052 0.273 0.019 0.059 0.067 0.035 
 79 HGRF_WM661    (5)    9 :  0.012 0.003 0.007 0.005 0.137 0.001 0.085 0.002 0.003 0.033 0.069 0.038 0.054 0.551 
 80 HGRF_WM662    (5)    9 :  0.020 0.002 0.010 0.006 0.504 0.002 0.014 0.003 0.004 0.038 0.019 0.022 0.279 0.077 
 81 HGRF_WM663    (4)    9 :  0.011 0.003 0.011 0.006 0.124 0.001 0.058 0.002 0.004 0.022 0.062 0.026 0.082 0.587 
 82 HGRF_WM664    (3)    9 :  0.011 0.002 0.009 0.006 0.440 0.001 0.022 0.002 0.003 0.037 0.032 0.026 0.245 0.162 
 83 HGRF_WM665    (1)    9 :  0.021 0.006 0.013 0.009 0.096 0.008 0.123 0.003 0.006 0.025 0.095 0.069 0.062 0.464 
 84 HGRF_WM666    (5)    9 :  0.021 0.003 0.009 0.005 0.506 0.001 0.019 0.002 0.004 0.054 0.021 0.024 0.266 0.065 
 85 HGRF_WM667    (0)    9 :  0.014 0.003 0.009 0.005 0.478 0.001 0.017 0.002 0.003 0.042 0.021 0.026 0.264 0.114 
 86 HGRF_WM668    (4)    9 :  0.012 0.003 0.008 0.007 0.125 0.002 0.058 0.002 0.004 0.017 0.050 0.029 0.081 0.603 
 87 HGRF_WM669    (5)    9 :  0.015 0.003 0.008 0.005 0.492 0.002 0.009 0.002 0.003 0.059 0.022 0.021 0.294 0.065 
 88 HGRF_WM670    (9)    9 :  0.015 0.002 0.006 0.007 0.470 0.002 0.032 0.003 0.005 0.041 0.024 0.021 0.209 0.163 
 89 PTP_WM721    (2)   10 :  0.025 0.006 0.026 0.010 0.375 0.011 0.023 0.004 0.008 0.104 0.039 0.036 0.232 0.101 
 90 PTP_WM722    (2)   10 :  0.013 0.006 0.010 0.010 0.157 0.010 0.027 0.003 0.004 0.193 0.017 0.013 0.493 0.043 
 91 PTP_WM723   (25)   10 :  0.014 0.004 0.010 0.007 0.418 0.002 0.016 0.003 0.005 0.067 0.025 0.049 0.266 0.114 
 92 PTP_WM724   (13)   10 :  0.019 0.004 0.010 0.008 0.460 0.001 0.019 0.002 0.006 0.064 0.029 0.024 0.280 0.072 
 93 PTP_WM725   (25)   10 :  0.027 0.004 0.023 0.008 0.488 0.002 0.019 0.003 0.006 0.074 0.020 0.025 0.228 0.073 
 94 PTP_WM726   (13)   10 :  0.013 0.003 0.011 0.007 0.462 0.002 0.021 0.002 0.004 0.061 0.025 0.036 0.253 0.099 
 95 PTP_WM727   (10)   10 :  0.018 0.003 0.009 0.009 0.459 0.001 0.011 0.003 0.005 0.055 0.017 0.058 0.267 0.084 
 96 PTP_WM728    (8)   10 :  0.016 0.003 0.010 0.006 0.499 0.001 0.015 0.002 0.004 0.040 0.022 0.022 0.272 0.089 
 97 PTP_WM729    (9)   10 :  0.009 0.003 0.007 0.005 0.186 0.002 0.014 0.002 0.003 0.173 0.004 0.007 0.534 0.052 
 98 PTP_WM730    (8)   10 :  0.008 0.003 0.005 0.004 0.137 0.001 0.019 0.003 0.002 0.224 0.004 0.007 0.535 0.048 
 99 RRL_WM782    (9)   11 :  0.012 0.003 0.009 0.008 0.522 0.001 0.019 0.002 0.004 0.044 0.027 0.027 0.251 0.071 
100 RRL_WM783    (8)   11 :  0.010 0.006 0.010 0.842 0.024 0.004 0.033 0.002 0.013 0.012 0.010 0.011 0.012 0.011 
101 RRL_WM784    (1)   11 :  0.013 0.007 0.005 0.830 0.030 0.003 0.007 0.003 0.008 0.018 0.006 0.026 0.033 0.011 
102 RRL_WM785    (1)   11 :  0.011 0.003 0.010 0.004 0.522 0.001 0.013 0.002 0.004 0.042 0.022 0.025 0.275 0.065 
103 RRL_WM786    (2)   11 :  0.006 0.023 0.016 0.830 0.010 0.004 0.008 0.002 0.004 0.005 0.006 0.070 0.011 0.006 
104 RRL_WM787    (3)   11 :  0.010 0.009 0.009 0.682 0.016 0.008 0.091 0.002 0.005 0.005 0.055 0.018 0.025 0.065 
105 RRL_WM788    (0)   11 :  0.006 0.003 0.013 0.753 0.010 0.110 0.004 0.002 0.007 0.005 0.052 0.007 0.022 0.006 
106 RRL_WM789    (2)   11 :  0.005 0.006 0.003 0.920 0.008 0.002 0.020 0.001 0.010 0.003 0.004 0.006 0.005 0.005 
107 RRL_WM790    (0)   11 :  0.009 0.017 0.007 0.567 0.031 0.107 0.010 0.003 0.005 0.013 0.032 0.122 0.057 0.018 
108 RRL_WM791    (0)   11 :  0.008 0.003 0.053 0.681 0.053 0.008 0.053 0.003 0.005 0.020 0.009 0.025 0.042 0.037 
109 RRO_WM842    (0)   12 :  0.010 0.007 0.008 0.813 0.014 0.004 0.014 0.002 0.005 0.012 0.006 0.072 0.018 0.014 
110 RRO_WM843    (7)   12 :  0.013 0.006 0.008 0.584 0.019 0.012 0.013 0.003 0.223 0.008 0.020 0.044 0.034 0.013 
111 RRO_WM844    (2)   12 :  0.018 0.005 0.008 0.053 0.064 0.003 0.009 0.003 0.344 0.022 0.022 0.355 0.058 0.035 
112 RRO_WM845    (4)   12 :  0.007 0.003 0.004 0.899 0.013 0.001 0.008 0.002 0.027 0.006 0.005 0.005 0.010 0.010 
113 RRO_WM846   (10)   12 :  0.013 0.004 0.012 0.766 0.054 0.002 0.017 0.002 0.016 0.017 0.012 0.017 0.044 0.023 
114 RRO_WM847    (6)   12 :  0.010 0.010 0.011 0.656 0.027 0.003 0.032 0.002 0.061 0.013 0.026 0.107 0.027 0.015 
115 RRO_WM848    (4)   12 :  0.023 0.005 0.061 0.385 0.150 0.007 0.051 0.003 0.018 0.054 0.061 0.027 0.100 0.054 
116 RRO_WM849    (5)   12 :  0.011 0.004 0.008 0.538 0.037 0.003 0.315 0.002 0.013 0.013 0.012 0.009 0.020 0.014 
117 RRO_WM850    (2)   12 :  0.009 0.003 0.005 0.865 0.025 0.003 0.009 0.002 0.004 0.014 0.006 0.015 0.022 0.018 
118 RRO_WM851    (1)   12 :  0.017 0.004 0.012 0.546 0.131 0.002 0.018 0.003 0.061 0.043 0.010 0.019 0.084 0.052 
119 CPS_WM901    (2)   13 :  0.006 0.004 0.007 0.024 0.010 0.002 0.007 0.002 0.889 0.009 0.007 0.018 0.009 0.007 
120 CPS_WM902    (2)   13 :  0.006 0.008 0.005 0.007 0.013 0.002 0.039 0.002 0.850 0.007 0.004 0.005 0.010 0.043 
121 CPS_WM903    (5)   13 :  0.007 0.010 0.004 0.013 0.010 0.002 0.005 0.002 0.920 0.005 0.003 0.010 0.005 0.006 
122 CPS_WM904    (1)   13 :  0.007 0.016 0.006 0.012 0.013 0.019 0.005 0.002 0.863 0.011 0.018 0.007 0.012 0.010 
123 CPS_WM905    (2)   13 :  0.006 0.008 0.025 0.008 0.009 0.026 0.008 0.002 0.838 0.020 0.029 0.005 0.014 0.003 
124 CPS_WM906    (3)   13 :  0.011 0.003 0.007 0.008 0.027 0.002 0.011 0.003 0.876 0.010 0.005 0.011 0.017 0.010 
125 CPS_WM907    (6)   13 :  0.014 0.004 0.005 0.008 0.065 0.002 0.015 0.002 0.767 0.021 0.010 0.013 0.050 0.023 
126 CPS_WM908    (3)   13 :  0.013 0.009 0.014 0.012 0.055 0.005 0.014 0.003 0.743 0.032 0.016 0.016 0.041 0.028 
127 CPS_WM909    (2)   13 :  0.013 0.006 0.010 0.010 0.036 0.002 0.013 0.002 0.809 0.015 0.013 0.014 0.031 0.026 
128 CPS_WM910    (1)   13 :  0.009 0.003 0.005 0.007 0.016 0.007 0.008 0.002 0.901 0.006 0.009 0.008 0.012 0.008 
129 PPNP_WM962    (1)   14 :  0.938 0.002 0.004 0.003 0.009 0.004 0.005 0.005 0.003 0.006 0.004 0.004 0.006 0.007 
130 PPNP_WM963    (0)   14 :  0.817 0.003 0.006 0.006 0.037 0.004 0.011 0.015 0.005 0.020 0.011 0.015 0.023 0.026 
131 PPNP_WM964    (0)   14 :  0.863 0.003 0.005 0.003 0.012 0.012 0.005 0.047 0.004 0.008 0.012 0.008 0.009 0.009 
132 PPNP_WM965    (4)   14 :  0.897 0.002 0.004 0.005 0.019 0.002 0.008 0.002 0.003 0.012 0.004 0.006 0.022 0.014 
133 PPNP_WM966    (4)   14 :  0.941 0.002 0.005 0.004 0.009 0.001 0.005 0.001 0.003 0.006 0.003 0.006 0.007 0.007 
134 PPNP_WM967    (4)   14 :  0.809 0.003 0.007 0.006 0.061 0.002 0.010 0.003 0.004 0.018 0.013 0.011 0.035 0.018 
135 PPNP_WM968    (5)   14 :  0.154 0.004 0.022 0.009 0.328 0.006 0.015 0.013 0.006 0.088 0.036 0.026 0.210 0.081 
136 PPNP_WM969    (2)   14 :  0.835 0.003 0.006 0.004 0.057 0.001 0.010 0.002 0.004 0.016 0.009 0.008 0.027 0.018 
137 PPNP_WM970    (2)   14 :  0.800 0.003 0.007 0.006 0.062 0.001 0.009 0.003 0.003 0.021 0.010 0.012 0.039 0.024 
138 PPNP_WM971    (2)   14 :  0.820 0.004 0.008 0.005 0.056 0.001 0.009 0.003 0.003 0.018 0.008 0.013 0.029 0.023 
139 FPPI_WM1021    (4)   15 :  0.864 0.004 0.007 0.005 0.025 0.006 0.010 0.003 0.004 0.013 0.013 0.008 0.023 0.015 
140 FPPI_WM1022    (4)   15 :  0.584 0.004 0.008 0.006 0.048 0.005 0.008 0.017 0.006 0.228 0.016 0.017 0.037 0.018 
141 FPPI_WM1023    (1)   15 :  0.872 0.003 0.005 0.006 0.027 0.002 0.010 0.004 0.003 0.012 0.005 0.010 0.024 0.017 
142 FPPI_WM1024    (5)   15 :  0.823 0.002 0.009 0.005 0.057 0.002 0.012 0.003 0.003 0.015 0.008 0.014 0.033 0.016 
143 FPPI_WM1025    (6)   15 :  0.795 0.003 0.009 0.006 0.057 0.002 0.014 0.003 0.004 0.014 0.007 0.018 0.032 0.036 
144 FPPI_WM1026    (1)   15 :  0.934 0.003 0.004 0.004 0.008 0.002 0.005 0.003 0.003 0.007 0.003 0.008 0.008 0.008 
145 FPPI_WM1027    (3)   15 :  0.951 0.002 0.004 0.002 0.008 0.001 0.005 0.002 0.002 0.005 0.003 0.004 0.005 0.005 
146 FPPI_WM1028    (2)   15 :  0.913 0.003 0.005 0.004 0.019 0.002 0.008 0.006 0.003 0.008 0.003 0.007 0.010 0.010 
147 FPPI_WM1029    (3)   15 :  0.569 0.003 0.010 0.006 0.161 0.002 0.014 0.017 0.005 0.029 0.017 0.016 0.107 0.045 
148 FPPI_WM1030    (1)   15 :  0.900 0.003 0.007 0.006 0.008 0.015 0.005 0.004 0.005 0.008 0.015 0.005 0.013 0.006 
149 CRWA_WM1082    (2)   16 :  0.005 0.002 0.949 0.003 0.007 0.002 0.004 0.001 0.002 0.006 0.003 0.005 0.005 0.005 
150 CRWA_WM1084    (5)   16 :  0.013 0.008 0.548 0.007 0.049 0.003 0.047 0.002 0.003 0.014 0.101 0.038 0.012 0.153 
151 CRWA_WM1085    (2)   16 :  0.011 0.008 0.634 0.009 0.071 0.002 0.016 0.002 0.004 0.024 0.087 0.023 0.064 0.046 
152 CRWA_WM1086    (9)   16 :  0.014 0.006 0.200 0.050 0.123 0.007 0.030 0.002 0.006 0.199 0.182 0.037 0.102 0.043 
153 CRWA_WM1087    (0)   16 :  0.013 0.014 0.623 0.007 0.056 0.065 0.019 0.002 0.019 0.020 0.067 0.017 0.051 0.025 
154 CRWA_WM1088    (1)   16 :  0.014 0.017 0.220 0.008 0.068 0.019 0.069 0.002 0.004 0.083 0.227 0.054 0.044 0.170 
155 CRWA_WM1089    (3)   16 :  0.014 0.003 0.687 0.005 0.098 0.003 0.031 0.002 0.004 0.038 0.025 0.012 0.051 0.028 
156 CRWA_WM1090    (0)   16 :  0.016 0.051 0.273 0.025 0.134 0.006 0.011 0.003 0.005 0.024 0.028 0.330 0.057 0.036 
157 CRWA_WM1092    (1)   16 :  0.010 0.014 0.630 0.010 0.062 0.071 0.027 0.002 0.006 0.017 0.057 0.014 0.049 0.030 
158 CRWA_WM1093    (1)   16 :  0.008 0.005 0.700 0.005 0.020 0.035 0.067 0.002 0.005 0.015 0.045 0.013 0.017 0.064 
159 PCRA_WM1141    (3)   17 :  0.013 0.554 0.059 0.015 0.073 0.003 0.014 0.002 0.005 0.010 0.011 0.183 0.034 0.023 
160 PCRA_WM1142    (3)   17 :  0.015 0.656 0.015 0.009 0.113 0.002 0.013 0.002 0.005 0.021 0.016 0.041 0.056 0.036 
161 PCRA_WM1143    (1)   17 :  0.013 0.462 0.016 0.010 0.150 0.002 0.018 0.002 0.006 0.030 0.014 0.111 0.116 0.050 
162 PCRA_WM1144    (2)   17 :  0.010 0.017 0.006 0.441 0.058 0.002 0.329 0.002 0.019 0.020 0.012 0.020 0.041 0.021 
163 PCRA_WM1145    (4)   17 :  0.016 0.341 0.037 0.019 0.182 0.007 0.027 0.003 0.032 0.046 0.026 0.102 0.083 0.077 
164 PCRA_WM1146    (2)   17 :  0.006 0.771 0.070 0.022 0.011 0.009 0.048 0.002 0.006 0.014 0.014 0.011 0.010 0.006 
165 PCRA_WM1147    (1)   17 :  0.013 0.128 0.141 0.007 0.162 0.002 0.022 0.002 0.003 0.030 0.122 0.234 0.076 0.056 
166 PCRA_WM1148    (0)   17 :  0.007 0.896 0.004 0.008 0.011 0.007 0.015 0.002 0.004 0.007 0.011 0.012 0.008 0.007 
167 PCRA_WM1149    (1)   17 :  0.009 0.758 0.010 0.023 0.010 0.011 0.035 0.002 0.075 0.009 0.015 0.007 0.013 0.025 
168 PCRA_WM1150    (0)   17 :  0.008 0.824 0.010 0.019 0.017 0.013 0.041 0.004 0.005 0.009 0.017 0.013 0.009 0.012 
169 DHFA_WM1202    (3)   18 :  0.025 0.004 0.015 0.008 0.061 0.002 0.017 0.719 0.004 0.036 0.014 0.016 0.049 0.031 
170 DHFA_WM1203    (1)   18 :  0.034 0.004 0.008 0.006 0.056 0.002 0.015 0.748 0.005 0.022 0.007 0.019 0.042 0.031 
171 DHFA_WM1204    (2)   18 :  0.022 0.004 0.014 0.006 0.049 0.003 0.014 0.771 0.005 0.019 0.010 0.020 0.041 0.023 
172 DHFA_WM1205    (5)   18 :  0.006 0.002 0.004 0.003 0.012 0.002 0.004 0.930 0.003 0.010 0.004 0.005 0.007 0.007 
173 DHFA_WM1206    (4)   18 :  0.007 0.002 0.006 0.004 0.013 0.002 0.007 0.916 0.004 0.008 0.004 0.007 0.011 0.008 
174 DHFA_WM1207    (2)   18 :  0.004 0.003 0.003 0.003 0.006 0.002 0.003 0.953 0.002 0.005 0.003 0.004 0.004 0.005 
175 DHFA_WM1208    (3)   18 :  0.007 0.003 0.006 0.004 0.012 0.002 0.006 0.918 0.004 0.010 0.004 0.008 0.008 0.009 
176 DHFA_WM1209    (1)   18 :  0.006 0.003 0.003 0.003 0.006 0.007 0.006 0.932 0.003 0.005 0.007 0.006 0.008 0.006 
177 DHFA_WM1210    (0)   18 :  0.003 0.002 0.002 0.002 0.003 0.005 0.003 0.962 0.001 0.003 0.005 0.002 0.003 0.003 
178 DHFA_WM1211    (2)   18 :  0.014 0.004 0.010 0.007 0.054 0.002 0.015 0.777 0.005 0.022 0.016 0.018 0.033 0.024 


Estimated Allele Frequencies in each cluster
First column gives estimated ancestral frequencies


Locus 1 : 953_21 
2 alleles
4.5% missing data
 120   (0.953) 0.906 0.995 0.999 0.998 1.000 0.957 0.999 0.997 0.997 0.999 0.971 0.999 0.991 1.000 
 100   (0.047) 0.094 0.005 0.001 0.002 0.000 0.043 0.001 0.003 0.003 0.001 0.029 0.001 0.009 0.000 

Locus 2 : 2370_26 
2 alleles
6.2% missing data
 110   (0.952) 0.803 0.995 0.999 0.998 1.000 0.955 0.999 0.997 0.997 0.999 0.970 0.999 0.991 1.000 
 130   (0.048) 0.197 0.005 0.001 0.002 0.000 0.045 0.001 0.003 0.003 0.001 0.030 0.001 0.009 0.000 

Locus 3 : 2692_87 
2 alleles
1.7% missing data
 130   (0.949) 0.999 0.995 0.998 0.998 1.000 0.953 0.999 0.767 0.997 0.999 0.969 0.999 0.991 1.000 
 120   (0.051) 0.001 0.005 0.002 0.002 0.000 0.047 0.001 0.233 0.003 0.001 0.031 0.001 0.009 0.000 

Locus 4 : 2828_58 
2 alleles
6.7% missing data
 100   (0.920) 0.998 0.831 0.996 0.994 0.999 0.914 0.988 0.995 0.995 0.998 0.921 0.998 0.966 0.993 
 120   (0.080) 0.002 0.169 0.004 0.006 0.001 0.086 0.012 0.005 0.005 0.002 0.079 0.002 0.034 0.007 

Locus 5 : 6398_73 
2 alleles
6.2% missing data
 130   (0.911) 0.807 0.991 0.997 0.996 1.000 0.916 0.998 0.647 0.995 0.999 0.943 0.999 0.984 1.000 
 100   (0.089) 0.193 0.009 0.003 0.004 0.000 0.084 0.002 0.353 0.005 0.001 0.057 0.001 0.016 0.000 

Locus 6 : 7469_71 
2 alleles
5.1% missing data
 130   (0.954) 0.998 0.993 0.998 0.997 0.998 0.954 0.997 0.997 0.996 0.994 0.967 0.999 0.983 0.999 
 110   (0.046) 0.002 0.007 0.002 0.003 0.002 0.046 0.003 0.003 0.004 0.006 0.033 0.001 0.017 0.001 

Locus 7 : 7615_47 
2 alleles
5.1% missing data
 130   (0.955) 0.998 0.993 0.997 0.997 0.997 0.954 0.998 0.996 0.996 0.996 0.966 0.999 0.986 0.998 
 100   (0.045) 0.002 0.007 0.003 0.003 0.003 0.046 0.002 0.004 0.004 0.004 0.034 0.001 0.014 0.002 

Locus 8 : 8211_10 
2 alleles
2.8% missing data
 120   (0.951) 0.999 0.995 0.999 0.998 1.000 0.955 0.999 0.936 0.997 0.999 0.970 0.999 0.991 1.000 
 100   (0.049) 0.001 0.005 0.001 0.002 0.000 0.045 0.001 0.064 0.003 0.001 0.030 0.001 0.009 0.000 

Locus 9 : 8394_14 
2 alleles
2.2% missing data
 110   (0.950) 0.872 0.995 0.999 0.998 1.000 0.953 0.999 0.997 0.997 0.999 0.968 0.999 0.991 1.000 
 130   (0.050) 0.128 0.005 0.001 0.002 0.000 0.047 0.001 0.003 0.003 0.001 0.032 0.001 0.009 0.000 

Locus 10 : 9621_63 
2 alleles
3.9% missing data
 130   (0.949) 0.999 0.995 0.998 0.998 1.000 0.953 0.999 0.940 0.997 0.999 0.968 0.999 0.990 1.000 
 110   (0.051) 0.001 0.005 0.002 0.002 0.000 0.047 0.001 0.060 0.003 0.001 0.032 0.001 0.010 0.000 

Locus 11 : 9880_35 
2 alleles
4.5% missing data
 120   (0.944) 0.999 0.994 0.998 0.997 1.000 0.948 0.999 0.709 0.996 0.999 0.965 0.999 0.990 1.000 
 100   (0.056) 0.001 0.006 0.002 0.003 0.000 0.052 0.001 0.291 0.004 0.001 0.035 0.001 0.010 0.000 

Locus 12 : 11163_16 
2 alleles
7.9% missing data
 130   (0.950) 0.999 0.995 0.998 0.998 1.000 0.954 0.999 0.915 0.997 0.999 0.968 0.999 0.991 1.000 
 110   (0.050) 0.001 0.005 0.002 0.002 0.000 0.046 0.001 0.085 0.003 0.001 0.032 0.001 0.009 0.000 

Locus 13 : 11991_31 
2 alleles
4.5% missing data
 120   (0.924) 0.998 0.988 0.991 0.974 1.000 0.908 0.994 0.995 0.995 0.999 0.922 0.991 0.967 0.999 
 100   (0.076) 0.002 0.012 0.009 0.026 0.000 0.092 0.006 0.005 0.005 0.001 0.078 0.009 0.033 0.001 

Locus 14 : 12766_17 
2 alleles
2.2% missing data
 120   (0.955) 0.999 0.930 0.999 0.998 1.000 0.957 0.998 0.997 0.995 0.999 0.971 0.999 0.992 1.000 
 100   (0.045) 0.001 0.070 0.001 0.002 0.000 0.043 0.002 0.003 0.005 0.001 0.029 0.001 0.008 0.000 

Locus 15 : 13496_14 
2 alleles
5.1% missing data
 110   (0.952) 0.999 0.995 0.998 0.998 1.000 0.955 0.999 0.997 0.686 0.999 0.970 0.999 0.991 1.000 
 100   (0.048) 0.001 0.005 0.002 0.002 0.000 0.045 0.001 0.003 0.314 0.001 0.030 0.001 0.009 0.000 

Locus 16 : 14394_41 
2 alleles
2.2% missing data
 130   (0.953) 0.999 0.927 0.999 0.998 1.000 0.956 0.999 0.997 0.997 0.999 0.970 0.999 0.992 1.000 
 110   (0.047) 0.001 0.073 0.001 0.002 0.000 0.044 0.001 0.003 0.003 0.001 0.030 0.001 0.008 0.000 

Locus 17 : 16285_24 
2 alleles
6.2% missing data
 130   (0.948) 0.999 0.995 0.998 0.998 1.000 0.952 0.999 0.876 0.997 0.999 0.967 0.999 0.990 1.000 
 100   (0.052) 0.001 0.005 0.002 0.002 0.000 0.048 0.001 0.124 0.003 0.001 0.033 0.001 0.010 0.000 

Locus 18 : 18821_69 
2 alleles
7.3% missing data
 120   (0.951) 0.999 0.995 0.998 0.998 1.000 0.954 0.999 0.997 0.997 0.752 0.968 0.999 0.990 1.000 
 110   (0.049) 0.001 0.005 0.002 0.002 0.000 0.046 0.001 0.003 0.003 0.248 0.032 0.001 0.010 0.000 

Locus 19 : 19006_32 
2 alleles
6.7% missing data
 120   (0.913) 0.808 0.991 0.997 0.996 1.000 0.919 0.998 0.664 0.995 0.999 0.944 0.999 0.984 1.000 
 110   (0.087) 0.192 0.009 0.003 0.004 0.000 0.081 0.002 0.336 0.005 0.001 0.056 0.001 0.016 0.000 

Locus 20 : 19602_58 
2 alleles
4.5% missing data
 120   (0.954) 0.999 0.995 0.999 0.998 1.000 0.957 0.999 0.973 0.997 0.999 0.971 0.999 0.991 1.000 
 100   (0.046) 0.001 0.005 0.001 0.002 0.000 0.043 0.001 0.027 0.003 0.001 0.029 0.001 0.009 0.000 

Locus 21 : 20143_24 
2 alleles
3.4% missing data
 120   (0.955) 0.999 0.995 0.998 0.998 1.000 0.955 0.999 0.997 0.965 0.999 0.968 0.999 0.991 1.000 
 100   (0.045) 0.001 0.005 0.002 0.002 0.000 0.045 0.001 0.003 0.035 0.001 0.032 0.001 0.009 0.000 

Locus 22 : 21661_29 
2 alleles
2.2% missing data
 120   (0.951) 0.999 0.995 0.999 0.998 1.000 0.955 0.999 0.894 0.997 0.999 0.968 0.999 0.991 1.000 
 100   (0.049) 0.001 0.005 0.001 0.002 0.000 0.045 0.001 0.106 0.003 0.001 0.032 0.001 0.009 0.000 

Locus 23 : 22603_12 
2 alleles
5.1% missing data
 130   (0.952) 0.999 0.995 0.998 0.998 1.000 0.955 0.999 0.946 0.997 0.999 0.970 0.999 0.991 1.000 
 110   (0.048) 0.001 0.005 0.002 0.002 0.000 0.045 0.001 0.054 0.003 0.001 0.030 0.001 0.009 0.000 

Locus 24 : 25109_23 
2 alleles
1.7% missing data
 120   (0.927) 0.998 0.948 0.848 0.996 0.999 0.931 0.996 0.995 0.994 0.998 0.949 0.990 0.985 0.999 
 100   (0.073) 0.002 0.052 0.152 0.004 0.001 0.069 0.004 0.005 0.006 0.002 0.051 0.010 0.015 0.001 

Locus 25 : 25511_77 
2 alleles
5.1% missing data
 130   (0.950) 0.942 0.995 0.998 0.998 1.000 0.953 0.999 0.996 0.997 0.999 0.968 0.999 0.990 1.000 
 110   (0.050) 0.058 0.005 0.002 0.002 0.000 0.047 0.001 0.004 0.003 0.001 0.032 0.001 0.010 0.000 

Locus 26 : 26816_9 
2 alleles
5.6% missing data
 110   (0.864) 0.997 0.983 0.715 0.810 1.000 0.845 0.975 0.992 0.984 0.996 0.845 0.979 0.934 0.999 
 130   (0.136) 0.003 0.017 0.285 0.190 0.000 0.155 0.025 0.008 0.016 0.004 0.155 0.021 0.066 0.001 

Locus 27 : 29455_86 
2 alleles
5.6% missing data
 120   (0.953) 0.999 0.988 0.999 0.998 1.000 0.948 0.999 0.997 0.997 0.999 0.964 0.994 0.989 1.000 
 110   (0.047) 0.001 0.012 0.001 0.002 0.000 0.052 0.001 0.003 0.003 0.001 0.036 0.006 0.011 0.000 

Locus 28 : 30970_30 
2 alleles
6.7% missing data
 120   (0.954) 0.999 0.994 0.998 0.998 1.000 0.956 0.999 0.997 0.959 0.999 0.969 0.999 0.991 1.000 
 110   (0.046) 0.001 0.006 0.002 0.002 0.000 0.044 0.001 0.003 0.041 0.001 0.031 0.001 0.009 0.000 

Locus 29 : 33052_5 
2 alleles
1.1% missing data
 130   (0.954) 0.999 0.995 0.994 0.998 1.000 0.955 0.999 0.997 0.997 0.974 0.969 0.999 0.990 1.000 
 110   (0.046) 0.001 0.005 0.006 0.002 0.000 0.045 0.001 0.003 0.003 0.026 0.031 0.001 0.010 0.000 

Locus 30 : 33744_32 
2 alleles
2.8% missing data
 130   (0.949) 0.999 0.995 0.998 0.998 1.000 0.951 0.999 0.997 0.997 0.897 0.967 0.999 0.991 1.000 
 110   (0.051) 0.001 0.005 0.002 0.002 0.000 0.049 0.001 0.003 0.003 0.103 0.033 0.001 0.009 0.000 

Locus 31 : 34805_8 
2 alleles
4.5% missing data
 110   (0.935) 0.999 0.749 0.998 0.997 1.000 0.933 0.998 0.996 0.996 0.999 0.954 0.995 0.987 1.000 
 120   (0.065) 0.001 0.251 0.002 0.003 0.000 0.067 0.002 0.004 0.004 0.001 0.046 0.005 0.013 0.000 

Locus 32 : 35345_10 
2 alleles
5.1% missing data
 130   (0.947) 0.999 0.994 0.997 0.998 0.997 0.949 0.998 0.997 0.997 0.951 0.958 0.998 0.985 0.999 
 110   (0.053) 0.001 0.006 0.003 0.002 0.003 0.051 0.002 0.003 0.003 0.049 0.042 0.002 0.015 0.001 

Locus 33 : 35769_30 
2 alleles
6.2% missing data
 110   (0.934) 0.999 0.925 0.996 0.997 1.000 0.936 0.998 0.996 0.961 0.999 0.955 0.999 0.987 1.000 
 100   (0.066) 0.001 0.075 0.004 0.003 0.000 0.064 0.002 0.004 0.039 0.001 0.045 0.001 0.013 0.000 

Locus 34 : 35965_89 
2 alleles
3.4% missing data
 130   (0.954) 0.999 0.995 0.978 0.998 1.000 0.952 0.998 0.997 0.997 0.999 0.966 0.999 0.991 1.000 
 100   (0.046) 0.001 0.005 0.022 0.002 0.000 0.048 0.002 0.003 0.003 0.001 0.034 0.001 0.009 0.000 

Locus 35 : 39654_13 
2 alleles
5.6% missing data
 120   (0.955) 0.999 0.995 0.999 0.986 1.000 0.950 0.999 0.997 0.997 0.999 0.967 0.999 0.989 1.000 
 100   (0.045) 0.001 0.005 0.001 0.014 0.000 0.050 0.001 0.003 0.003 0.001 0.033 0.001 0.011 0.000 

Locus 36 : 39700_65 
2 alleles
3.4% missing data
 110   (0.953) 0.999 0.994 0.998 0.996 1.000 0.950 0.997 0.997 0.996 0.999 0.964 0.997 0.987 0.999 
 120   (0.047) 0.001 0.006 0.002 0.004 0.000 0.050 0.003 0.003 0.004 0.001 0.036 0.003 0.013 0.001 

Locus 37 : 40824_7 
2 alleles
5.1% missing data
 130   (0.953) 0.999 0.995 0.998 0.928 1.000 0.956 0.999 0.997 0.997 0.999 0.970 0.999 0.991 1.000 
 110   (0.047) 0.001 0.005 0.002 0.072 0.000 0.044 0.001 0.003 0.003 0.001 0.030 0.001 0.009 0.000 

Locus 38 : 41554_43 
2 alleles
7.3% missing data
 120   (0.953) 0.999 0.994 0.998 0.997 1.000 0.956 0.999 0.997 0.957 0.999 0.970 0.999 0.991 1.000 
 100   (0.047) 0.001 0.006 0.002 0.003 0.000 0.044 0.001 0.003 0.043 0.001 0.030 0.001 0.009 0.000 

Locus 39 : 42501_5 
2 alleles
5.6% missing data
 120   (0.951) 0.999 0.995 0.998 0.998 1.000 0.954 0.999 0.919 0.997 0.999 0.969 0.999 0.992 1.000 
 110   (0.049) 0.001 0.005 0.002 0.002 0.000 0.046 0.001 0.081 0.003 0.001 0.031 0.001 0.008 0.000 

Locus 40 : 42989_15 
2 alleles
3.4% missing data
 130   (0.952) 0.999 0.995 0.998 0.926 1.000 0.955 0.999 0.997 0.997 0.999 0.969 0.999 0.990 1.000 
 110   (0.048) 0.001 0.005 0.002 0.074 0.000 0.045 0.001 0.003 0.003 0.001 0.031 0.001 0.010 0.000 

Locus 41 : 44631_16 
2 alleles
5.6% missing data
 120   (0.951) 0.999 0.995 0.999 0.998 1.000 0.954 0.999 0.997 0.847 0.999 0.969 0.999 0.990 1.000 
 110   (0.049) 0.001 0.005 0.001 0.002 0.000 0.046 0.001 0.003 0.153 0.001 0.031 0.001 0.010 0.000 

Locus 42 : 45332_74 
2 alleles
3.4% missing data
 130   (0.875) 0.997 0.840 0.996 0.794 0.999 0.878 0.636 0.992 0.992 0.988 0.912 0.964 0.969 0.998 
 110   (0.125) 0.003 0.160 0.004 0.206 0.001 0.122 0.364 0.008 0.008 0.012 0.088 0.036 0.031 0.002 

Locus 43 : 45964_12 
2 alleles
2.2% missing data
 100   (0.954) 0.981 0.995 0.998 0.998 1.000 0.955 0.999 0.995 0.997 0.999 0.969 0.999 0.991 1.000 
 130   (0.046) 0.019 0.005 0.002 0.002 0.000 0.045 0.001 0.005 0.003 0.001 0.031 0.001 0.009 0.000 

Locus 44 : 47772_18 
2 alleles
1.7% missing data
 120   (0.946) 0.999 0.995 0.998 0.998 1.000 0.950 0.999 0.815 0.997 0.999 0.966 0.999 0.990 1.000 
 100   (0.054) 0.001 0.005 0.002 0.002 0.000 0.050 0.001 0.185 0.003 0.001 0.034 0.001 0.010 0.000 

Locus 45 : 48505_7 
2 alleles
2.8% missing data
 130   (0.953) 0.999 0.995 0.998 0.998 1.000 0.950 0.983 0.997 0.997 0.999 0.966 0.999 0.989 0.999 
 110   (0.047) 0.001 0.005 0.002 0.002 0.000 0.050 0.017 0.003 0.003 0.001 0.034 0.001 0.011 0.001 

Locus 46 : 49838_13 
2 alleles
5.1% missing data
 120   (0.952) 0.999 0.995 0.998 0.998 1.000 0.956 0.870 0.997 0.997 0.999 0.970 0.999 0.991 1.000 
 100   (0.048) 0.001 0.005 0.002 0.002 0.000 0.044 0.130 0.003 0.003 0.001 0.030 0.001 0.009 0.000 

Locus 47 : 50793_47 
2 alleles
6.2% missing data
 120   (0.946) 0.999 0.994 0.998 0.866 1.000 0.950 0.998 0.996 0.991 0.999 0.965 0.999 0.989 1.000 
 100   (0.054) 0.001 0.006 0.002 0.134 0.000 0.050 0.002 0.004 0.009 0.001 0.035 0.001 0.011 0.000 

Locus 48 : 51471_5 
2 alleles
2.2% missing data
 110   (0.954) 0.945 0.995 0.999 0.998 1.000 0.957 0.999 0.997 0.997 0.999 0.971 0.999 0.991 1.000 
 120   (0.046) 0.055 0.005 0.001 0.002 0.000 0.043 0.001 0.003 0.003 0.001 0.029 0.001 0.009 0.000 

Locus 49 : 52408_45 
2 alleles
2.2% missing data
 130   (0.952) 0.999 0.995 0.999 0.998 1.000 0.955 0.999 0.997 0.813 0.999 0.970 0.999 0.991 1.000 
 110   (0.048) 0.001 0.005 0.001 0.002 0.000 0.045 0.001 0.003 0.187 0.001 0.030 0.001 0.009 0.000 

Locus 50 : 53046_18 
2 alleles
0.6% missing data
 120   (0.933) 0.999 0.993 0.998 0.929 1.000 0.929 0.998 0.996 0.996 0.995 0.952 0.999 0.987 1.000 
 100   (0.067) 0.001 0.007 0.002 0.071 0.000 0.071 0.002 0.004 0.004 0.005 0.048 0.001 0.013 0.000 

Locus 51 : 53230_50 
2 alleles
4.5% missing data
 120   (0.953) 0.906 0.995 0.998 0.998 1.000 0.956 0.999 0.997 0.997 0.999 0.970 0.999 0.991 1.000 
 110   (0.047) 0.094 0.005 0.002 0.002 0.000 0.044 0.001 0.003 0.003 0.001 0.030 0.001 0.009 0.000 

Locus 52 : 53957_5 
2 alleles
3.9% missing data
 130   (0.954) 0.999 0.994 0.998 0.988 1.000 0.948 0.999 0.997 0.997 0.999 0.968 0.999 0.990 1.000 
 110   (0.046) 0.001 0.006 0.002 0.012 0.000 0.052 0.001 0.003 0.003 0.001 0.032 0.001 0.010 0.000 

Locus 53 : 58003_89 
2 alleles
3.9% missing data
 120   (0.944) 0.998 0.989 0.974 0.994 0.996 0.942 0.997 0.996 0.996 0.997 0.958 0.987 0.983 0.999 
 100   (0.056) 0.002 0.011 0.026 0.006 0.004 0.058 0.003 0.004 0.004 0.003 0.042 0.013 0.017 0.001 

Locus 54 : 58412_58 
2 alleles
2.2% missing data
 110   (0.953) 0.999 0.995 0.999 0.998 1.000 0.956 0.999 0.974 0.997 0.999 0.970 0.999 0.991 1.000 
 100   (0.047) 0.001 0.005 0.001 0.002 0.000 0.044 0.001 0.026 0.003 0.001 0.030 0.001 0.009 0.000 

Locus 55 : 58452_11 
2 alleles
3.4% missing data
 120   (0.954) 0.999 0.994 0.985 0.997 1.000 0.951 0.999 0.997 0.997 0.999 0.964 0.999 0.990 1.000 
 130   (0.046) 0.001 0.006 0.015 0.003 0.000 0.049 0.001 0.003 0.003 0.001 0.036 0.001 0.010 0.000 

Locus 56 : 59409_85 
2 alleles
2.8% missing data
 130   (0.954) 0.999 0.995 0.999 0.998 1.000 0.947 0.999 0.997 0.997 0.999 0.962 0.997 0.988 1.000 
 100   (0.046) 0.001 0.005 0.001 0.002 0.000 0.053 0.001 0.003 0.003 0.001 0.038 0.003 0.012 0.000 

Locus 57 : 60620_10 
2 alleles
1.1% missing data
 120   (0.949) 0.999 0.995 0.999 0.998 1.000 0.952 0.999 0.893 0.997 0.999 0.968 0.999 0.991 1.000 
 130   (0.051) 0.001 0.005 0.001 0.002 0.000 0.048 0.001 0.107 0.003 0.001 0.032 0.001 0.009 0.000 

Locus 58 : 61541_77 
2 alleles
3.4% missing data
 120   (0.947) 0.999 0.995 0.998 0.998 1.000 0.951 0.999 0.842 0.997 0.999 0.967 0.999 0.990 1.000 
 100   (0.053) 0.001 0.005 0.002 0.002 0.000 0.049 0.001 0.158 0.003 0.001 0.033 0.001 0.010 0.000 

Locus 59 : 61756_42 
2 alleles
1.1% missing data
 130   (0.948) 0.999 0.995 0.998 0.998 1.000 0.952 0.999 0.824 0.997 0.999 0.968 0.999 0.990 1.000 
 110   (0.052) 0.001 0.005 0.002 0.002 0.000 0.048 0.001 0.176 0.003 0.001 0.032 0.001 0.010 0.000 

Locus 60 : 62497_19 
2 alleles
6.2% missing data
 130   (0.897) 0.997 0.943 0.962 0.994 0.999 0.900 0.987 0.993 0.868 0.998 0.922 0.984 0.978 0.988 
 110   (0.103) 0.003 0.057 0.038 0.006 0.001 0.100 0.013 0.007 0.132 0.002 0.078 0.016 0.022 0.012 

Locus 61 : 63024_50 
2 alleles
2.8% missing data
 120   (0.945) 0.999 0.993 0.951 0.998 1.000 0.940 0.999 0.996 0.997 0.999 0.954 0.999 0.987 1.000 
 100   (0.055) 0.001 0.007 0.049 0.002 0.000 0.060 0.001 0.004 0.003 0.001 0.046 0.001 0.013 0.000 

Locus 62 : 64492_50 
2 alleles
7.3% missing data
 120   (0.906) 0.998 0.988 0.960 0.927 1.000 0.911 0.998 0.994 0.889 0.998 0.939 0.998 0.980 0.999 
 100   (0.094) 0.002 0.012 0.040 0.073 0.000 0.089 0.002 0.006 0.111 0.002 0.061 0.002 0.020 0.001 

Locus 63 : 67984_34 
2 alleles
2.2% missing data
 120   (0.949) 0.999 0.995 0.998 0.998 1.000 0.952 0.999 0.867 0.997 0.999 0.968 0.999 0.991 1.000 
 100   (0.051) 0.001 0.005 0.002 0.002 0.000 0.048 0.001 0.133 0.003 0.001 0.032 0.001 0.009 0.000 

Locus 64 : 69199_10 
2 alleles
4.5% missing data
 120   (0.941) 0.999 0.994 0.405 0.997 1.000 0.941 0.998 0.996 0.997 0.999 0.957 0.999 0.989 1.000 
 100   (0.059) 0.001 0.006 0.595 0.003 0.000 0.059 0.002 0.004 0.003 0.001 0.043 0.001 0.011 0.000 

Locus 65 : 71368_77 
2 alleles
6.7% missing data
 100   (0.950) 0.785 0.995 0.999 0.998 1.000 0.954 0.999 0.997 0.997 0.999 0.969 0.999 0.991 1.000 
 110   (0.050) 0.215 0.005 0.001 0.002 0.000 0.046 0.001 0.003 0.003 0.001 0.031 0.001 0.009 0.000 

Locus 66 : 72276_35 
2 alleles
5.1% missing data
 130   (0.950) 0.999 0.995 0.998 0.900 1.000 0.953 0.998 0.997 0.997 0.999 0.968 0.999 0.990 1.000 
 120   (0.050) 0.001 0.005 0.002 0.100 0.000 0.047 0.002 0.003 0.003 0.001 0.032 0.001 0.010 0.000 

Locus 67 : 73554_16 
2 alleles
3.9% missing data
 100   (0.952) 0.999 0.844 0.998 0.998 1.000 0.955 0.999 0.997 0.997 0.999 0.969 0.999 0.991 1.000 
 130   (0.048) 0.001 0.156 0.002 0.002 0.000 0.045 0.001 0.003 0.003 0.001 0.031 0.001 0.009 0.000 

Locus 68 : 74575_32 
2 alleles
1.7% missing data
 120   (0.955) 0.999 0.995 0.999 0.987 1.000 0.950 0.999 0.997 0.997 0.999 0.967 0.999 0.989 1.000 
 100   (0.045) 0.001 0.005 0.001 0.013 0.000 0.050 0.001 0.003 0.003 0.001 0.033 0.001 0.011 0.000 

Locus 69 : 76504_10 
2 alleles
1.1% missing data
 110   (0.949) 0.999 0.995 0.998 0.998 1.000 0.952 0.999 0.997 0.997 0.823 0.968 0.999 0.990 1.000 
 100   (0.051) 0.001 0.005 0.002 0.002 0.000 0.048 0.001 0.003 0.003 0.177 0.032 0.001 0.010 0.000 

Locus 70 : 76561_35 
2 alleles
5.6% missing data
 120   (0.948) 0.999 0.995 0.998 0.998 1.000 0.952 0.999 0.997 0.549 0.999 0.967 0.999 0.991 1.000 
 100   (0.052) 0.001 0.005 0.002 0.002 0.000 0.048 0.001 0.003 0.451 0.001 0.033 0.001 0.009 0.000 

Locus 71 : 77346_16 
2 alleles
2.2% missing data
 130   (0.951) 0.999 0.995 0.998 0.998 1.000 0.954 0.999 0.997 0.997 0.929 0.968 0.999 0.990 1.000 
 110   (0.049) 0.001 0.005 0.002 0.002 0.000 0.046 0.001 0.003 0.003 0.071 0.032 0.001 0.010 0.000 

Locus 72 : 78631_40 
2 alleles
7.9% missing data
 120   (0.946) 0.999 0.994 0.998 0.821 1.000 0.948 0.998 0.997 0.995 0.999 0.963 0.999 0.990 1.000 
 110   (0.054) 0.001 0.006 0.002 0.179 0.000 0.052 0.002 0.003 0.005 0.001 0.037 0.001 0.010 0.000 

Locus 73 : 80366_12 
2 alleles
6.7% missing data
 130   (0.954) 0.999 0.994 0.998 0.996 1.000 0.950 0.997 0.997 0.996 0.999 0.964 0.997 0.986 0.999 
 110   (0.046) 0.001 0.006 0.002 0.004 0.000 0.050 0.003 0.003 0.004 0.001 0.036 0.003 0.014 0.001 

Locus 74 : 80499_10 
2 alleles
6.2% missing data
 130   (0.952) 0.909 0.995 0.999 0.998 1.000 0.955 0.999 0.997 0.997 0.999 0.970 0.999 0.991 1.000 
 100   (0.048) 0.091 0.005 0.001 0.002 0.000 0.045 0.001 0.003 0.003 0.001 0.030 0.001 0.009 0.000 

Locus 75 : 81141_31 
2 alleles
2.8% missing data
 120   (0.954) 0.999 0.994 0.998 0.998 1.000 0.952 0.983 0.997 0.997 0.999 0.967 0.999 0.989 0.999 
 100   (0.046) 0.001 0.006 0.002 0.002 0.000 0.048 0.017 0.003 0.003 0.001 0.033 0.001 0.011 0.001 

Locus 76 : 81662_33 
2 alleles
3.4% missing data
 120   (0.954) 0.999 0.995 0.998 0.998 1.000 0.944 0.999 0.997 0.997 0.999 0.961 0.995 0.988 1.000 
 110   (0.046) 0.001 0.005 0.002 0.002 0.000 0.056 0.001 0.003 0.003 0.001 0.039 0.005 0.012 0.000 

Locus 77 : 82002_8 
2 alleles
6.7% missing data
 100   (0.945) 0.999 0.995 0.998 0.998 1.000 0.948 0.999 0.681 0.997 0.999 0.964 0.999 0.989 1.000 
 110   (0.055) 0.001 0.005 0.002 0.002 0.000 0.052 0.001 0.319 0.003 0.001 0.036 0.001 0.011 0.000 

Locus 78 : 82631_34 
2 alleles
7.9% missing data
 120   (0.953) 0.999 0.994 0.998 0.995 1.000 0.945 0.996 0.997 0.996 0.999 0.953 0.999 0.978 0.999 
 100   (0.047) 0.001 0.006 0.002 0.005 0.000 0.055 0.004 0.003 0.004 0.001 0.047 0.001 0.022 0.001 

Locus 79 : 83247_84 
2 alleles
3.4% missing data
 110   (0.943) 0.999 0.994 0.998 0.783 1.000 0.943 0.999 0.997 0.997 0.999 0.963 0.999 0.988 1.000 
 100   (0.057) 0.001 0.006 0.002 0.217 0.000 0.057 0.001 0.003 0.003 0.001 0.037 0.001 0.012 0.000 

Locus 80 : 83916_5 
2 alleles
3.9% missing data
 130   (0.953) 0.999 0.995 0.999 0.998 1.000 0.957 0.999 0.997 0.997 0.999 0.971 0.999 0.991 0.843 
 110   (0.047) 0.001 0.005 0.001 0.002 0.000 0.043 0.001 0.003 0.003 0.001 0.029 0.001 0.009 0.157 

Locus 81 : 84971_7 
2 alleles
2.2% missing data
 120   (0.937) 0.998 0.991 0.977 0.996 0.999 0.937 0.996 0.996 0.996 0.968 0.928 0.996 0.982 0.998 
 110   (0.063) 0.002 0.009 0.023 0.004 0.001 0.063 0.004 0.004 0.004 0.032 0.072 0.004 0.018 0.002 

Locus 82 : 85247_77 
2 alleles
7.9% missing data
 120   (0.955) 0.998 0.993 0.997 0.997 0.999 0.955 0.993 0.997 0.996 0.998 0.966 0.997 0.990 0.992 
 110   (0.045) 0.002 0.007 0.003 0.003 0.001 0.045 0.007 0.003 0.004 0.002 0.034 0.003 0.010 0.008 

Locus 83 : 85248_24 
2 alleles
5.1% missing data
 100   (0.948) 0.999 0.995 0.998 0.998 1.000 0.952 0.999 0.860 0.997 0.999 0.968 0.999 0.990 1.000 
 120   (0.052) 0.001 0.005 0.002 0.002 0.000 0.048 0.001 0.140 0.003 0.001 0.032 0.001 0.010 0.000 

Locus 84 : 85402_12 
2 alleles
3.4% missing data
 120   (0.954) 0.999 0.995 0.999 0.998 1.000 0.947 0.999 0.997 0.997 0.999 0.963 0.997 0.989 1.000 
 100   (0.046) 0.001 0.005 0.001 0.002 0.000 0.053 0.001 0.003 0.003 0.001 0.037 0.003 0.011 0.000 

Locus 85 : 86588_18 
2 alleles
3.9% missing data
 120   (0.953) 0.999 0.994 0.981 0.998 1.000 0.951 0.999 0.997 0.997 0.999 0.963 0.999 0.989 1.000 
 100   (0.047) 0.001 0.006 0.019 0.002 0.000 0.049 0.001 0.003 0.003 0.001 0.037 0.001 0.011 0.000 

Locus 86 : 87070_60 
2 alleles
2.2% missing data
 100   (0.950) 0.999 0.858 0.998 0.998 1.000 0.953 0.999 0.997 0.997 0.999 0.969 0.999 0.990 1.000 
 130   (0.050) 0.001 0.142 0.002 0.002 0.000 0.047 0.001 0.003 0.003 0.001 0.031 0.001 0.010 0.000 

Locus 87 : 87747_31 
2 alleles
6.2% missing data
 120   (0.950) 0.999 0.995 0.998 0.997 1.000 0.953 0.999 0.915 0.997 0.999 0.968 0.999 0.990 1.000 
 110   (0.050) 0.001 0.005 0.002 0.003 0.000 0.047 0.001 0.085 0.003 0.001 0.032 0.001 0.010 0.000 

Locus 88 : 88455_10 
2 alleles
5.1% missing data
 130   (0.947) 0.999 0.994 0.998 0.996 1.000 0.950 0.999 0.997 0.785 0.999 0.966 0.999 0.991 1.000 
 100   (0.053) 0.001 0.006 0.002 0.004 0.000 0.050 0.001 0.003 0.215 0.001 0.034 0.001 0.009 0.000 

Locus 89 : 89005_12 
2 alleles
1.1% missing data
 120   (0.949) 0.999 0.995 0.999 0.998 1.000 0.952 0.999 0.894 0.997 0.999 0.967 0.999 0.990 1.000 
 130   (0.051) 0.001 0.005 0.001 0.002 0.000 0.048 0.001 0.106 0.003 0.001 0.033 0.001 0.010 0.000 

Locus 90 : 89213_8 
2 alleles
3.4% missing data
 130   (0.954) 0.999 0.995 0.998 0.998 1.000 0.956 0.999 0.972 0.997 0.999 0.971 0.999 0.991 1.000 
 110   (0.046) 0.001 0.005 0.002 0.002 0.000 0.044 0.001 0.028 0.003 0.001 0.029 0.001 0.009 0.000 

Locus 91 : 93475_13 
2 alleles
2.2% missing data
 130   (0.949) 0.999 0.995 0.998 0.998 1.000 0.953 0.999 0.867 0.997 0.999 0.968 0.999 0.991 1.000 
 110   (0.051) 0.001 0.005 0.002 0.002 0.000 0.047 0.001 0.133 0.003 0.001 0.032 0.001 0.009 0.000 

Locus 92 : 95749_27 
2 alleles
3.9% missing data
 120   (0.954) 0.999 0.995 0.999 0.998 1.000 0.957 0.999 0.970 0.997 0.999 0.971 0.999 0.991 1.000 
 100   (0.046) 0.001 0.005 0.001 0.002 0.000 0.043 0.001 0.030 0.003 0.001 0.029 0.001 0.009 0.000 

Locus 93 : 98167_26 
2 alleles
3.4% missing data
 120   (0.927) 0.998 0.891 0.990 0.996 0.999 0.929 0.997 0.995 0.993 0.991 0.950 0.974 0.983 0.999 
 110   (0.073) 0.002 0.109 0.010 0.004 0.001 0.071 0.003 0.005 0.007 0.009 0.050 0.026 0.017 0.001 

Locus 94 : 98988_58 
2 alleles
2.2% missing data
 130   (0.954) 0.999 0.994 0.998 0.998 1.000 0.957 0.999 0.974 0.997 0.999 0.971 0.999 0.991 1.000 
 110   (0.046) 0.001 0.006 0.002 0.002 0.000 0.043 0.001 0.026 0.003 0.001 0.029 0.001 0.009 0.000 

Locus 95 : 103824_15 
2 alleles
3.4% missing data
 130   (0.947) 0.999 0.995 0.998 0.998 1.000 0.951 0.999 0.814 0.997 0.999 0.967 0.999 0.990 1.000 
 110   (0.053) 0.001 0.005 0.002 0.002 0.000 0.049 0.001 0.186 0.003 0.001 0.033 0.001 0.010 0.000 

Locus 96 : 108043_8 
2 alleles
4.5% missing data
 130   (0.953) 0.999 0.995 0.998 0.998 1.000 0.956 0.998 0.997 0.997 0.924 0.970 0.999 0.991 1.000 
 110   (0.047) 0.001 0.005 0.002 0.002 0.000 0.044 0.002 0.003 0.003 0.076 0.030 0.001 0.009 0.000 

Locus 97 : 108049_79 
2 alleles
2.8% missing data
 120   (0.955) 0.999 0.995 0.998 0.998 1.000 0.945 0.999 0.997 0.997 0.999 0.963 0.996 0.990 1.000 
 100   (0.045) 0.001 0.005 0.002 0.002 0.000 0.055 0.001 0.003 0.003 0.001 0.037 0.004 0.010 0.000 

Locus 98 : 108366_5 
2 alleles
2.8% missing data
 130   (0.949) 0.999 0.995 0.998 0.998 1.000 0.953 0.999 0.920 0.997 0.999 0.968 0.999 0.991 1.000 
 100   (0.051) 0.001 0.005 0.002 0.002 0.000 0.047 0.001 0.080 0.003 0.001 0.032 0.001 0.009 0.000 

Locus 99 : 108403_10 
2 alleles
6.2% missing data
 130   (0.955) 0.999 0.995 0.999 0.998 1.000 0.949 0.999 0.997 0.997 0.994 0.966 0.999 0.991 1.000 
 110   (0.045) 0.001 0.005 0.001 0.002 0.000 0.051 0.001 0.003 0.003 0.006 0.034 0.001 0.009 0.000 

Locus 100 : 109283_38 
2 alleles
3.9% missing data
 120   (0.861) 0.996 0.982 0.951 0.984 0.988 0.856 0.532 0.991 0.992 0.997 0.816 0.904 0.948 0.540 
 100   (0.139) 0.004 0.018 0.049 0.016 0.012 0.144 0.468 0.009 0.008 0.003 0.184 0.096 0.052 0.460 

Locus 101 : 109527_54 
2 alleles
7.3% missing data
 110   (0.944) 0.999 0.992 0.998 0.818 1.000 0.945 0.999 0.996 0.997 0.999 0.964 0.999 0.989 1.000 
 130   (0.056) 0.001 0.008 0.002 0.182 0.000 0.055 0.001 0.004 0.003 0.001 0.036 0.001 0.011 0.000 

Locus 102 : 109804_31 
2 alleles
2.2% missing data
 130   (0.950) 0.999 0.995 0.998 0.998 1.000 0.953 0.999 0.946 0.997 0.999 0.968 0.999 0.990 1.000 
 100   (0.050) 0.001 0.005 0.002 0.002 0.000 0.047 0.001 0.054 0.003 0.001 0.032 0.001 0.010 0.000 

Locus 103 : 112614_46 
2 alleles
5.1% missing data
 120   (0.948) 0.999 0.994 0.998 0.998 1.000 0.951 0.999 0.887 0.997 0.999 0.967 0.999 0.990 1.000 
 100   (0.052) 0.001 0.006 0.002 0.002 0.000 0.049 0.001 0.113 0.003 0.001 0.033 0.001 0.010 0.000 

Locus 104 : 112906_14 
2 alleles
3.9% missing data
 110   (0.872) 0.997 0.949 0.995 0.756 1.000 0.873 0.874 0.992 0.706 0.998 0.895 0.998 0.950 0.999 
 120   (0.128) 0.003 0.051 0.005 0.244 0.000 0.127 0.126 0.008 0.294 0.002 0.105 0.002 0.050 0.001 

Locus 105 : 113735_32 
2 alleles
6.7% missing data
 120   (0.953) 0.999 0.995 0.998 0.998 1.000 0.953 0.999 0.997 0.965 0.999 0.967 0.999 0.990 1.000 
 100   (0.047) 0.001 0.005 0.002 0.002 0.000 0.047 0.001 0.003 0.035 0.001 0.033 0.001 0.010 0.000 

Locus 106 : 115028_7 
2 alleles
3.9% missing data
 120   (0.954) 0.999 0.995 0.999 0.998 1.000 0.957 0.999 0.997 0.957 0.999 0.970 0.999 0.991 1.000 
 100   (0.046) 0.001 0.005 0.001 0.002 0.000 0.043 0.001 0.003 0.043 0.001 0.030 0.001 0.009 0.000 

Locus 107 : 115179_16 
2 alleles
2.2% missing data
 120   (0.950) 0.999 0.995 0.998 0.998 1.000 0.954 0.999 0.910 0.997 0.999 0.968 0.999 0.990 1.000 
 110   (0.050) 0.001 0.005 0.002 0.002 0.000 0.046 0.001 0.090 0.003 0.001 0.032 0.001 0.010 0.000 

Locus 108 : 116753_51 
2 alleles
7.3% missing data
 120   (0.952) 0.999 0.995 0.998 0.998 1.000 0.951 0.922 0.997 0.997 0.999 0.961 0.999 0.985 1.000 
 100   (0.048) 0.001 0.005 0.002 0.002 0.000 0.049 0.078 0.003 0.003 0.001 0.039 0.001 0.015 0.000 

Locus 109 : 116931_31 
2 alleles
7.9% missing data
 120   (0.952) 0.999 0.994 0.983 0.998 1.000 0.950 0.999 0.997 0.997 0.999 0.963 0.999 0.990 1.000 
 110   (0.048) 0.001 0.006 0.017 0.002 0.000 0.050 0.001 0.003 0.003 0.001 0.037 0.001 0.010 0.000 

Locus 110 : 116938_8 
2 alleles
4.5% missing data
 130   (0.910) 0.998 0.943 0.996 0.883 1.000 0.916 0.839 0.995 0.995 0.999 0.942 0.999 0.983 0.999 
 110   (0.090) 0.002 0.057 0.004 0.117 0.000 0.084 0.161 0.005 0.005 0.001 0.058 0.001 0.017 0.001 

Locus 111 : 122302_80 
2 alleles
10.1% missing data
 110   (0.954) 0.999 0.995 0.962 0.998 1.000 0.956 0.999 0.997 0.996 0.999 0.969 0.999 0.990 1.000 
 100   (0.046) 0.001 0.005 0.038 0.002 0.000 0.044 0.001 0.003 0.004 0.001 0.031 0.001 0.010 0.000 

Locus 112 : 123190_14 
2 alleles
3.4% missing data
 120   (0.945) 0.999 0.994 0.943 0.998 1.000 0.941 0.998 0.997 0.997 0.999 0.956 0.999 0.988 1.000 
 130   (0.055) 0.001 0.006 0.057 0.002 0.000 0.059 0.002 0.003 0.003 0.001 0.044 0.001 0.012 0.000 

Locus 113 : 123271_36 
2 alleles
3.9% missing data
 100   (0.948) 0.999 0.995 0.998 0.998 1.000 0.952 0.999 0.860 0.997 0.999 0.968 0.999 0.990 1.000 
 110   (0.052) 0.001 0.005 0.002 0.002 0.000 0.048 0.001 0.140 0.003 0.001 0.032 0.001 0.010 0.000 

Locus 114 : 124147_18 
2 alleles
2.2% missing data
 130   (0.949) 0.999 0.762 0.998 0.998 1.000 0.952 0.999 0.997 0.997 0.999 0.967 0.999 0.990 1.000 
 110   (0.051) 0.001 0.238 0.002 0.002 0.000 0.048 0.001 0.003 0.003 0.001 0.033 0.001 0.010 0.000 

Locus 115 : 124184_33 
2 alleles
5.6% missing data
 110   (0.950) 0.999 0.995 0.998 0.998 1.000 0.954 0.999 0.911 0.997 0.999 0.969 0.999 0.991 1.000 
 100   (0.050) 0.001 0.005 0.002 0.002 0.000 0.046 0.001 0.089 0.003 0.001 0.031 0.001 0.009 0.000 

Locus 116 : 125404_24 
2 alleles
1.1% missing data
 130   (0.951) 0.999 0.995 0.999 0.998 1.000 0.955 0.999 0.997 0.762 0.999 0.970 0.999 0.990 1.000 
 110   (0.049) 0.001 0.005 0.001 0.002 0.000 0.045 0.001 0.003 0.238 0.001 0.030 0.001 0.010 0.000 

Locus 117 : 125436_43 
2 alleles
3.9% missing data
 130   (0.922) 0.998 0.992 0.998 0.839 1.000 0.926 0.998 0.995 0.710 0.999 0.950 0.999 0.984 1.000 
 100   (0.078) 0.002 0.008 0.002 0.161 0.000 0.074 0.002 0.005 0.290 0.001 0.050 0.001 0.016 0.000 

Locus 118 : 126013_18 
2 alleles
2.8% missing data
 130   (0.953) 0.888 0.995 0.999 0.998 1.000 0.957 0.999 0.997 0.997 0.999 0.971 0.999 0.992 1.000 
 110   (0.047) 0.112 0.005 0.001 0.002 0.000 0.043 0.001 0.003 0.003 0.001 0.029 0.001 0.008 0.000 

Locus 119 : 126137_19 
2 alleles
3.9% missing data
 120   (0.953) 0.999 0.994 0.998 0.980 1.000 0.954 0.999 0.997 0.987 0.999 0.969 0.999 0.987 1.000 
 110   (0.047) 0.001 0.006 0.002 0.020 0.000 0.046 0.001 0.003 0.013 0.001 0.031 0.001 0.013 0.000 

Locus 120 : 126845_22 
2 alleles
5.6% missing data
 130   (0.955) 0.999 0.994 0.998 0.998 1.000 0.957 0.999 0.997 0.960 0.999 0.970 0.999 0.991 1.000 
 110   (0.045) 0.001 0.006 0.002 0.002 0.000 0.043 0.001 0.003 0.040 0.001 0.030 0.001 0.009 0.000 

Locus 121 : 127512_8 
2 alleles
1.1% missing data
 130   (0.953) 0.916 0.995 0.999 0.998 1.000 0.956 0.999 0.997 0.997 0.999 0.971 0.999 0.991 1.000 
 100   (0.047) 0.084 0.005 0.001 0.002 0.000 0.044 0.001 0.003 0.003 0.001 0.029 0.001 0.009 0.000 

Locus 122 : 127692_13 
2 alleles
2.8% missing data
 100   (0.948) 0.999 0.994 0.998 0.941 1.000 0.948 0.999 0.997 0.997 0.999 0.965 0.999 0.989 1.000 
 120   (0.052) 0.001 0.006 0.002 0.059 0.000 0.052 0.001 0.003 0.003 0.001 0.035 0.001 0.011 0.000 

Locus 123 : 128195_18 
2 alleles
7.3% missing data
 130   (0.866) 0.997 0.429 0.974 0.911 0.999 0.865 0.995 0.991 0.990 0.998 0.900 0.434 0.969 0.999 
 110   (0.134) 0.003 0.571 0.026 0.089 0.001 0.135 0.005 0.009 0.010 0.002 0.100 0.566 0.031 0.001 

Locus 124 : 128198_14 
2 alleles
4.5% missing data
 130   (0.923) 0.912 0.992 0.998 0.997 1.000 0.928 0.998 0.919 0.996 0.999 0.951 0.999 0.985 1.000 
 120   (0.077) 0.088 0.008 0.002 0.003 0.000 0.072 0.002 0.081 0.004 0.001 0.049 0.001 0.015 0.000 

Locus 125 : 128423_39 
2 alleles
4.5% missing data
 130   (0.954) 0.999 0.988 0.999 0.998 1.000 0.950 0.999 0.997 0.997 0.999 0.966 0.994 0.989 1.000 
 100   (0.046) 0.001 0.012 0.001 0.002 0.000 0.050 0.001 0.003 0.003 0.001 0.034 0.006 0.011 0.000 

Locus 126 : 131572_48 
2 alleles
1.1% missing data
 120   (0.945) 0.999 0.994 0.998 0.998 1.000 0.942 0.944 0.997 0.997 0.999 0.959 0.999 0.984 0.999 
 100   (0.055) 0.001 0.006 0.002 0.002 0.000 0.058 0.056 0.003 0.003 0.001 0.041 0.001 0.016 0.001 

Locus 127 : 132199_62 
2 alleles
3.9% missing data
 100   (0.946) 0.999 0.995 0.998 0.998 1.000 0.950 0.999 0.754 0.997 0.999 0.966 0.999 0.990 1.000 
 120   (0.054) 0.001 0.005 0.002 0.002 0.000 0.050 0.001 0.246 0.003 0.001 0.034 0.001 0.010 0.000 

Locus 128 : 135566_64 
2 alleles
7.3% missing data
 130   (0.955) 0.999 0.995 0.998 0.998 1.000 0.948 0.999 0.997 0.997 0.999 0.963 0.997 0.988 1.000 
 110   (0.045) 0.001 0.005 0.002 0.002 0.000 0.052 0.001 0.003 0.003 0.001 0.037 0.003 0.012 0.000 

Locus 129 : 135761_5 
2 alleles
7.9% missing data
 130   (0.949) 0.999 0.995 0.998 0.998 1.000 0.953 0.999 0.906 0.997 0.999 0.968 0.999 0.991 1.000 
 100   (0.051) 0.001 0.005 0.002 0.002 0.000 0.047 0.001 0.094 0.003 0.001 0.032 0.001 0.009 0.000 

Locus 130 : 137219_35 
2 alleles
3.4% missing data
 120   (0.938) 0.999 0.993 0.998 0.997 1.000 0.921 0.998 0.996 0.996 0.999 0.945 0.982 0.983 1.000 
 100   (0.062) 0.001 0.007 0.002 0.003 0.000 0.079 0.002 0.004 0.004 0.001 0.055 0.018 0.017 0.000 

Locus 131 : 139081_20 
2 alleles
5.6% missing data
 120   (0.934) 0.998 0.931 0.997 0.973 1.000 0.937 0.995 0.996 0.996 0.999 0.954 0.999 0.984 0.999 
 110   (0.066) 0.002 0.069 0.003 0.027 0.000 0.063 0.005 0.004 0.004 0.001 0.046 0.001 0.016 0.001 

Locus 132 : 139084_52 
2 alleles
5.1% missing data
 120   (0.911) 0.998 0.825 0.926 0.995 1.000 0.909 0.998 0.994 0.994 0.998 0.932 0.994 0.980 0.999 
 110   (0.089) 0.002 0.175 0.074 0.005 0.000 0.091 0.002 0.006 0.006 0.002 0.068 0.006 0.020 0.001 

Locus 133 : 139433_54 
2 alleles
3.9% missing data
 120   (0.951) 0.999 0.995 0.998 0.998 1.000 0.954 0.999 0.946 0.997 0.999 0.968 0.999 0.990 1.000 
 100   (0.049) 0.001 0.005 0.002 0.002 0.000 0.046 0.001 0.054 0.003 0.001 0.032 0.001 0.010 0.000 

Locus 134 : 140063_88 
2 alleles
7.9% missing data
 110   (0.953) 0.999 0.992 0.998 0.987 1.000 0.947 0.999 0.997 0.997 0.999 0.968 0.999 0.989 1.000 
 100   (0.047) 0.001 0.008 0.002 0.013 0.000 0.053 0.001 0.003 0.003 0.001 0.032 0.001 0.011 0.000 

Locus 135 : 140194_73 
2 alleles
2.8% missing data
 120   (0.955) 0.977 0.993 0.998 0.998 1.000 0.956 0.999 0.997 0.997 0.999 0.970 0.999 0.990 1.000 
 110   (0.045) 0.023 0.007 0.002 0.002 0.000 0.044 0.001 0.003 0.003 0.001 0.030 0.001 0.010 0.000 

Locus 136 : 141313_8 
2 alleles
2.8% missing data
 120   (0.950) 0.999 0.995 0.999 0.998 1.000 0.954 0.999 0.920 0.997 0.999 0.968 0.999 0.990 1.000 
 100   (0.050) 0.001 0.005 0.001 0.002 0.000 0.046 0.001 0.080 0.003 0.001 0.032 0.001 0.010 0.000 

Locus 137 : 145284_28 
2 alleles
2.8% missing data
 130   (0.949) 0.999 0.619 0.998 0.998 1.000 0.952 0.999 0.997 0.997 0.999 0.968 0.999 0.990 1.000 
 110   (0.051) 0.001 0.381 0.002 0.002 0.000 0.048 0.001 0.003 0.003 0.001 0.032 0.001 0.010 0.000 

Locus 138 : 145957_11 
2 alleles
4.5% missing data
 130   (0.954) 0.999 0.995 0.999 0.998 1.000 0.958 0.999 0.997 0.998 0.999 0.972 0.999 0.992 0.870 
 110   (0.046) 0.001 0.005 0.001 0.002 0.000 0.042 0.001 0.003 0.002 0.001 0.028 0.001 0.008 0.130 

Locus 139 : 160306_34 
2 alleles
2.8% missing data
 120   (0.924) 0.998 0.992 0.997 0.961 1.000 0.923 0.986 0.995 0.786 0.999 0.932 0.998 0.961 0.999 
 100   (0.076) 0.002 0.008 0.003 0.039 0.000 0.077 0.014 0.005 0.214 0.001 0.068 0.002 0.039 0.001 

Locus 140 : 162107_37 
2 alleles
3.4% missing data
 120   (0.931) 0.999 0.993 0.998 0.986 1.000 0.928 0.998 0.995 0.904 0.999 0.952 0.999 0.984 1.000 
 100   (0.069) 0.001 0.007 0.002 0.014 0.000 0.072 0.002 0.005 0.096 0.001 0.048 0.001 0.016 0.000 

Locus 141 : 163290_36 
2 alleles
5.1% missing data
 130   (0.916) 0.998 0.757 0.903 0.996 0.998 0.918 0.994 0.995 0.995 0.997 0.912 0.985 0.983 0.996 
 110   (0.084) 0.002 0.243 0.097 0.004 0.002 0.082 0.006 0.005 0.005 0.003 0.088 0.015 0.017 0.004 

Locus 142 : 163453_13 
2 alleles
5.6% missing data
 120   (0.952) 0.999 0.993 0.984 0.998 1.000 0.949 0.999 0.997 0.997 0.999 0.963 0.999 0.990 1.000 
 110   (0.048) 0.001 0.007 0.016 0.002 0.000 0.051 0.001 0.003 0.003 0.001 0.037 0.001 0.010 0.000 

Locus 143 : 163580_14 
2 alleles
10.1% missing data
 120   (0.950) 0.999 0.995 0.998 0.998 0.982 0.953 0.997 0.997 0.997 0.970 0.968 0.999 0.907 0.996 
 100   (0.050) 0.001 0.005 0.002 0.002 0.018 0.047 0.003 0.003 0.003 0.030 0.032 0.001 0.093 0.004 

Locus 144 : 164461_13 
2 alleles
5.6% missing data
 100   (0.951) 0.999 0.995 0.867 0.998 1.000 0.954 0.999 0.997 0.997 0.999 0.969 0.999 0.991 1.000 
 120   (0.049) 0.001 0.005 0.133 0.002 0.000 0.046 0.001 0.003 0.003 0.001 0.031 0.001 0.009 0.000 

Locus 145 : 165413_43 
2 alleles
1.7% missing data
 110   (0.946) 0.999 0.994 0.997 0.945 1.000 0.945 0.998 0.997 0.997 0.999 0.963 0.999 0.987 1.000 
 130   (0.054) 0.001 0.006 0.003 0.055 0.000 0.055 0.002 0.003 0.003 0.001 0.037 0.001 0.013 0.000 

Locus 146 : 168629_44 
2 alleles
5.6% missing data
 130   (0.940) 0.999 0.988 0.985 0.963 1.000 0.941 0.998 0.996 0.996 0.999 0.959 0.989 0.986 1.000 
 110   (0.060) 0.001 0.012 0.015 0.037 0.000 0.059 0.002 0.004 0.004 0.001 0.041 0.011 0.014 0.000 

Locus 147 : 168991_77 
2 alleles
5.6% missing data
 110   (0.840) 0.996 0.978 0.989 0.905 0.999 0.821 0.895 0.990 0.659 0.997 0.836 0.955 0.921 0.998 
 100   (0.160) 0.004 0.022 0.011 0.095 0.001 0.179 0.105 0.010 0.341 0.003 0.164 0.045 0.079 0.002 

Locus 148 : 169478_88 
2 alleles
5.1% missing data
 130   (0.953) 0.981 0.995 0.998 0.998 1.000 0.954 0.999 0.997 0.997 0.999 0.967 0.999 0.990 1.000 
 100   (0.047) 0.019 0.005 0.002 0.002 0.000 0.046 0.001 0.003 0.003 0.001 0.033 0.001 0.010 0.000 

Locus 149 : 169898_8 
2 alleles
6.2% missing data
 120   (0.933) 0.998 0.992 0.969 0.918 1.000 0.937 0.998 0.995 0.996 0.999 0.958 0.999 0.987 1.000 
 100   (0.067) 0.002 0.008 0.031 0.082 0.000 0.063 0.002 0.005 0.004 0.001 0.042 0.001 0.013 0.000 

Locus 150 : 170224_42 
2 alleles
7.3% missing data
 100   (0.906) 0.998 0.982 0.805 0.939 0.999 0.902 0.997 0.993 0.994 0.998 0.930 0.972 0.974 0.999 
 120   (0.094) 0.002 0.018 0.195 0.061 0.001 0.098 0.003 0.007 0.006 0.002 0.070 0.028 0.026 0.001 

Locus 151 : 174083_22 
2 alleles
3.9% missing data
 120   (0.947) 0.999 0.995 0.998 0.998 1.000 0.950 0.999 0.788 0.997 0.999 0.967 0.999 0.991 1.000 
 100   (0.053) 0.001 0.005 0.002 0.002 0.000 0.050 0.001 0.212 0.003 0.001 0.033 0.001 0.009 0.000 

Locus 152 : 174223_24 
2 alleles
2.8% missing data
 120   (0.954) 0.999 0.995 0.999 0.998 1.000 0.948 0.999 0.997 0.997 0.994 0.964 0.999 0.990 1.000 
 100   (0.046) 0.001 0.005 0.001 0.002 0.000 0.052 0.001 0.003 0.003 0.006 0.036 0.001 0.010 0.000 

Locus 153 : 174263_44 
2 alleles
3.9% missing data
 130   (0.951) 0.852 0.995 0.999 0.998 1.000 0.954 0.999 0.997 0.997 0.999 0.969 0.999 0.991 1.000 
 110   (0.049) 0.148 0.005 0.001 0.002 0.000 0.046 0.001 0.003 0.003 0.001 0.031 0.001 0.009 0.000 

Locus 154 : 175657_6 
2 alleles
8.4% missing data
 100   (0.926) 0.998 0.992 0.998 0.926 1.000 0.931 0.998 0.995 0.760 0.999 0.953 0.999 0.986 1.000 
 130   (0.074) 0.002 0.008 0.002 0.074 0.000 0.069 0.002 0.005 0.240 0.001 0.047 0.001 0.014 0.000 

Locus 155 : 176570_23 
2 alleles
3.9% missing data
 130   (0.952) 0.997 0.995 0.998 0.997 0.998 0.954 0.979 0.997 0.995 0.996 0.954 0.996 0.977 0.986 
 110   (0.048) 0.003 0.005 0.002 0.003 0.002 0.046 0.021 0.003 0.005 0.004 0.046 0.004 0.023 0.014 

Locus 156 : 176775_13 
2 alleles
6.7% missing data
 130   (0.945) 0.999 0.994 0.998 0.997 1.000 0.949 0.999 0.709 0.997 0.999 0.965 0.999 0.990 1.000 
 110   (0.055) 0.001 0.006 0.002 0.003 0.000 0.051 0.001 0.291 0.003 0.001 0.035 0.001 0.010 0.000 

Locus 157 : 178448_19 
2 alleles
3.4% missing data
 120   (0.948) 0.999 0.995 0.998 0.998 1.000 0.952 0.999 0.883 0.997 0.999 0.968 0.999 0.991 1.000 
 100   (0.052) 0.001 0.005 0.002 0.002 0.000 0.048 0.001 0.117 0.003 0.001 0.032 0.001 0.009 0.000 

Locus 158 : 179162_16 
2 alleles
6.2% missing data
 120   (0.953) 0.999 0.995 0.998 0.998 1.000 0.955 0.999 0.971 0.997 0.999 0.969 0.999 0.991 1.000 
 100   (0.047) 0.001 0.005 0.002 0.002 0.000 0.045 0.001 0.029 0.003 0.001 0.031 0.001 0.009 0.000 

Locus 159 : 179286_31 
2 alleles
2.8% missing data
 120   (0.924) 0.998 0.991 0.997 0.915 1.000 0.928 0.990 0.995 0.897 0.999 0.950 0.999 0.984 1.000 
 100   (0.076) 0.002 0.009 0.003 0.085 0.000 0.072 0.010 0.005 0.103 0.001 0.050 0.001 0.016 0.000 

Locus 160 : 179594_17 
2 alleles
4.5% missing data
 120   (0.905) 0.998 0.914 0.973 0.996 1.000 0.905 0.997 0.993 0.739 0.993 0.931 0.998 0.980 0.999 
 100   (0.095) 0.002 0.086 0.027 0.004 0.000 0.095 0.003 0.007 0.261 0.007 0.069 0.002 0.020 0.001 

Locus 161 : 180413_54 
2 alleles
3.9% missing data
 100   (0.947) 0.999 0.995 0.998 0.998 1.000 0.951 0.999 0.882 0.997 0.999 0.967 0.999 0.989 1.000 
 110   (0.053) 0.001 0.005 0.002 0.002 0.000 0.049 0.001 0.118 0.003 0.001 0.033 0.001 0.011 0.000 

Locus 162 : 182862_79 
2 alleles
3.4% missing data
 130   (0.948) 0.999 0.995 0.998 0.998 1.000 0.952 0.999 0.869 0.997 0.999 0.967 0.999 0.991 1.000 
 110   (0.052) 0.001 0.005 0.002 0.002 0.000 0.048 0.001 0.131 0.003 0.001 0.033 0.001 0.009 0.000 

Locus 163 : 183288_63 
2 alleles
10.1% missing data
 100   (0.954) 0.999 0.995 0.998 0.998 1.000 0.957 0.999 0.971 0.997 0.999 0.970 0.999 0.991 1.000 
 120   (0.046) 0.001 0.005 0.002 0.002 0.000 0.043 0.001 0.029 0.003 0.001 0.030 0.001 0.009 0.000 

Locus 164 : 183906_55 
2 alleles
6.7% missing data
 130   (0.948) 0.999 0.994 0.998 0.998 1.000 0.951 0.999 0.946 0.997 0.999 0.967 0.999 0.990 1.000 
 100   (0.052) 0.001 0.006 0.002 0.002 0.000 0.049 0.001 0.054 0.003 0.001 0.033 0.001 0.010 0.000 

Locus 165 : 183990_7 
2 alleles
3.4% missing data
 120   (0.947) 0.999 0.995 0.997 0.998 1.000 0.946 0.998 0.997 0.997 0.999 0.955 0.842 0.990 1.000 
 100   (0.053) 0.001 0.005 0.003 0.002 0.000 0.054 0.002 0.003 0.003 0.001 0.045 0.158 0.010 0.000 

Locus 166 : 185904_60 
2 alleles
3.4% missing data
 120   (0.952) 0.999 0.995 0.921 0.998 1.000 0.955 0.999 0.997 0.997 0.999 0.968 0.999 0.991 1.000 
 100   (0.048) 0.001 0.005 0.079 0.002 0.000 0.045 0.001 0.003 0.003 0.001 0.032 0.001 0.009 0.000 

Locus 167 : 191703_64 
2 alleles
1.7% missing data
 130   (0.923) 0.998 0.678 0.998 0.997 1.000 0.927 0.998 0.995 0.864 0.999 0.950 0.999 0.985 1.000 
 110   (0.077) 0.002 0.322 0.002 0.003 0.000 0.073 0.002 0.005 0.136 0.001 0.050 0.001 0.015 0.000 

Locus 168 : 193854_7 
2 alleles
1.7% missing data
 130   (0.930) 0.981 0.992 0.997 0.997 1.000 0.934 0.998 0.883 0.996 0.999 0.954 0.999 0.986 0.999 
 110   (0.070) 0.019 0.008 0.003 0.003 0.000 0.066 0.002 0.117 0.004 0.001 0.046 0.001 0.014 0.001 

Locus 169 : 194868_38 
2 alleles
5.6% missing data
 120   (0.939) 0.999 0.992 0.998 0.890 1.000 0.935 0.998 0.996 0.977 0.999 0.958 0.998 0.983 1.000 
 100   (0.061) 0.001 0.008 0.002 0.110 0.000 0.065 0.002 0.004 0.023 0.001 0.042 0.002 0.017 0.000 

Locus 170 : 195463_36 
2 alleles
5.1% missing data
 120   (0.951) 0.999 0.995 0.999 0.998 1.000 0.955 0.999 0.997 0.858 0.999 0.969 0.999 0.990 1.000 
 100   (0.049) 0.001 0.005 0.001 0.002 0.000 0.045 0.001 0.003 0.142 0.001 0.031 0.001 0.010 0.000 

Locus 171 : 195727_20 
2 alleles
1.7% missing data
 130   (0.949) 0.999 0.995 0.998 0.998 1.000 0.953 0.999 0.915 0.997 0.999 0.968 0.999 0.991 1.000 
 110   (0.051) 0.001 0.005 0.002 0.002 0.000 0.047 0.001 0.085 0.003 0.001 0.032 0.001 0.009 0.000 

Locus 172 : 197508_5 
2 alleles
2.2% missing data
 120   (0.954) 0.999 0.994 0.999 0.988 1.000 0.948 0.999 0.997 0.997 0.999 0.968 0.999 0.989 1.000 
 100   (0.046) 0.001 0.006 0.001 0.012 0.000 0.052 0.001 0.003 0.003 0.001 0.032 0.001 0.011 0.000 

Locus 173 : 199140_10 
2 alleles
4.5% missing data
 130   (0.954) 0.999 0.994 0.999 0.998 1.000 0.947 0.999 0.997 0.997 0.999 0.963 0.997 0.989 1.000 
 110   (0.046) 0.001 0.006 0.001 0.002 0.000 0.053 0.001 0.003 0.003 0.001 0.037 0.003 0.011 0.000 

Locus 174 : 199429_51 
2 alleles
5.1% missing data
 130   (0.954) 0.999 0.994 0.982 0.998 1.000 0.951 0.999 0.997 0.997 0.999 0.964 0.999 0.990 1.000 
 100   (0.046) 0.001 0.006 0.018 0.002 0.000 0.049 0.001 0.003 0.003 0.001 0.036 0.001 0.010 0.000 

Locus 175 : 199635_9 
2 alleles
3.4% missing data
 120   (0.948) 0.999 0.995 0.998 0.998 1.000 0.951 0.999 0.832 0.997 0.999 0.968 0.999 0.990 1.000 
 100   (0.052) 0.001 0.005 0.002 0.002 0.000 0.049 0.001 0.168 0.003 0.001 0.032 0.001 0.010 0.000 

Locus 176 : 200923_8 
2 alleles
5.1% missing data
 100   (0.953) 0.999 0.931 0.998 0.998 1.000 0.956 0.998 0.997 0.995 0.999 0.970 0.999 0.990 1.000 
 110   (0.047) 0.001 0.069 0.002 0.002 0.000 0.044 0.002 0.003 0.005 0.001 0.030 0.001 0.010 0.000 

Locus 177 : 201090_64 
2 alleles
5.1% missing data
 130   (0.954) 0.999 0.995 0.963 0.998 1.000 0.955 0.999 0.997 0.997 0.999 0.969 0.999 0.991 1.000 
 100   (0.046) 0.001 0.005 0.037 0.002 0.000 0.045 0.001 0.003 0.003 0.001 0.031 0.001 0.009 0.000 

Locus 178 : 201549_57 
2 alleles
4.5% missing data
 120   (0.952) 0.999 0.995 0.999 0.998 1.000 0.956 0.999 0.997 0.905 0.999 0.970 0.999 0.991 1.000 
 110   (0.048) 0.001 0.005 0.001 0.002 0.000 0.044 0.001 0.003 0.095 0.001 0.030 0.001 0.009 0.000 

Locus 179 : 203565_40 
2 alleles
3.9% missing data
 120   (0.952) 0.999 0.933 0.998 0.998 1.000 0.955 0.999 0.997 0.997 0.999 0.969 0.999 0.991 1.000 
 100   (0.048) 0.001 0.067 0.002 0.002 0.000 0.045 0.001 0.003 0.003 0.001 0.031 0.001 0.009 0.000 

Locus 180 : 205184_19 
2 alleles
7.3% missing data
 110   (0.917) 0.875 0.991 0.997 0.996 1.000 0.922 0.998 0.765 0.995 0.999 0.947 0.999 0.985 1.000 
 120   (0.083) 0.125 0.009 0.003 0.004 0.000 0.078 0.002 0.235 0.005 0.001 0.053 0.001 0.015 0.000 

Locus 181 : 206551_17 
2 alleles
6.2% missing data
 120   (0.889) 0.998 0.936 0.662 0.995 1.000 0.890 0.996 0.993 0.967 0.883 0.922 0.993 0.977 0.999 
 100   (0.111) 0.002 0.064 0.338 0.005 0.000 0.110 0.004 0.007 0.033 0.117 0.078 0.007 0.023 0.001 

Locus 182 : 216246_19 
2 alleles
2.8% missing data
 110   (0.936) 0.998 0.986 0.997 0.987 1.000 0.928 0.994 0.996 0.990 0.999 0.943 0.993 0.971 1.000 
 130   (0.064) 0.002 0.014 0.003 0.013 0.000 0.072 0.006 0.004 0.010 0.001 0.057 0.007 0.029 0.000 

Locus 183 : 216776_13 
2 alleles
5.6% missing data
 120   (0.910) 0.991 0.990 0.997 0.996 1.000 0.916 0.997 0.732 0.995 0.854 0.943 0.999 0.983 0.999 
 110   (0.090) 0.009 0.010 0.003 0.004 0.000 0.084 0.003 0.268 0.005 0.146 0.057 0.001 0.017 0.001 

Locus 184 : 217291_37 
2 alleles
3.9% missing data
 120   (0.950) 0.999 0.994 0.998 0.998 1.000 0.949 0.999 0.997 0.914 0.999 0.963 0.999 0.988 1.000 
 100   (0.050) 0.001 0.006 0.002 0.002 0.000 0.051 0.001 0.003 0.086 0.001 0.037 0.001 0.012 0.000 

Locus 185 : 217570_13 
2 alleles
3.9% missing data
 130   (0.949) 0.999 0.995 0.998 0.998 1.000 0.953 0.999 0.868 0.997 0.999 0.968 0.999 0.990 1.000 
 110   (0.051) 0.001 0.005 0.002 0.002 0.000 0.047 0.001 0.132 0.003 0.001 0.032 0.001 0.010 0.000 

Locus 186 : 220422_65 
2 alleles
3.4% missing data
 120   (0.943) 0.999 0.993 0.997 0.982 1.000 0.932 0.990 0.996 0.991 0.999 0.934 0.999 0.963 1.000 
 110   (0.057) 0.001 0.007 0.003 0.018 0.000 0.068 0.010 0.004 0.009 0.001 0.066 0.001 0.037 0.000 

Locus 187 : 220502_40 
2 alleles
6.7% missing data
 120   (0.955) 0.999 0.995 0.998 0.998 1.000 0.957 0.964 0.997 0.997 0.999 0.970 0.999 0.991 1.000 
 110   (0.045) 0.001 0.005 0.002 0.002 0.000 0.043 0.036 0.003 0.003 0.001 0.030 0.001 0.009 0.000 

Locus 188 : 220519_81 
2 alleles
4.5% missing data
 130   (0.923) 0.998 0.932 0.998 0.997 1.000 0.928 0.998 0.860 0.996 0.999 0.950 0.999 0.985 1.000 
 110   (0.077) 0.002 0.068 0.002 0.003 0.000 0.072 0.002 0.140 0.004 0.001 0.050 0.001 0.015 0.000 

Locus 189 : 222347_17 
2 alleles
3.9% missing data
 120   (0.949) 0.999 0.995 0.998 0.998 1.000 0.953 0.999 0.894 0.997 0.999 0.968 0.999 0.991 1.000 
 100   (0.051) 0.001 0.005 0.002 0.002 0.000 0.047 0.001 0.106 0.003 0.001 0.032 0.001 0.009 0.000 

Locus 190 : 222896_46 
2 alleles
0.6% missing data
 110   (0.954) 0.999 0.995 0.999 0.998 1.000 0.957 0.999 0.945 0.997 0.999 0.971 0.999 0.991 1.000 
 130   (0.046) 0.001 0.005 0.001 0.002 0.000 0.043 0.001 0.055 0.003 0.001 0.029 0.001 0.009 0.000 

Locus 191 : 223181_12 
2 alleles
3.4% missing data
 120   (0.945) 0.999 0.994 0.998 0.998 1.000 0.949 0.999 0.726 0.997 0.999 0.964 0.999 0.989 1.000 
 100   (0.055) 0.001 0.006 0.002 0.002 0.000 0.051 0.001 0.274 0.003 0.001 0.036 0.001 0.011 0.000 

Locus 192 : 224649_57 
2 alleles
5.1% missing data
 100   (0.954) 0.979 0.994 0.998 0.998 1.000 0.955 0.999 0.997 0.997 0.999 0.969 0.999 0.991 1.000 
 110   (0.046) 0.021 0.006 0.002 0.002 0.000 0.045 0.001 0.003 0.003 0.001 0.031 0.001 0.009 0.000 

Locus 193 : 226245_11 
2 alleles
5.1% missing data
 130   (0.953) 0.999 0.995 0.999 0.998 1.000 0.957 0.915 0.997 0.997 0.999 0.970 0.999 0.992 1.000 
 110   (0.047) 0.001 0.005 0.001 0.002 0.000 0.043 0.085 0.003 0.003 0.001 0.030 0.001 0.008 0.000 

Locus 194 : 226342_59 
2 alleles
6.2% missing data
 120   (0.916) 0.967 0.990 0.996 0.995 0.998 0.918 0.997 0.913 0.994 0.996 0.941 0.998 0.979 0.999 
 100   (0.084) 0.033 0.010 0.004 0.005 0.002 0.082 0.003 0.087 0.006 0.004 0.059 0.002 0.021 0.001 

Locus 195 : 228970_13 
2 alleles
3.9% missing data
 120   (0.954) 0.999 0.995 0.999 0.998 1.000 0.957 0.999 0.997 0.957 0.999 0.970 0.999 0.991 1.000 
 100   (0.046) 0.001 0.005 0.001 0.002 0.000 0.043 0.001 0.003 0.043 0.001 0.030 0.001 0.009 0.000 

Locus 196 : 229097_27 
2 alleles
5.1% missing data
 130   (0.945) 0.999 0.994 0.998 0.998 1.000 0.949 0.999 0.794 0.996 0.999 0.965 0.999 0.990 1.000 
 110   (0.055) 0.001 0.006 0.002 0.002 0.000 0.051 0.001 0.206 0.004 0.001 0.035 0.001 0.010 0.000 

Locus 197 : 229177_29 
2 alleles
7.3% missing data
 130   (0.949) 0.999 0.994 0.997 0.997 0.998 0.951 0.999 0.997 0.997 0.819 0.967 0.999 0.989 0.999 
 110   (0.051) 0.001 0.006 0.003 0.003 0.002 0.049 0.001 0.003 0.003 0.181 0.033 0.001 0.011 0.001 

Locus 198 : 229612_7 
2 alleles
6.2% missing data
 100   (0.953) 0.999 0.994 0.998 0.987 1.000 0.947 0.999 0.997 0.997 0.999 0.967 0.999 0.989 1.000 
 120   (0.047) 0.001 0.006 0.002 0.013 0.000 0.053 0.001 0.003 0.003 0.001 0.033 0.001 0.011 0.000 

Locus 199 : 229936_67 
2 alleles
3.9% missing data
 120   (0.952) 0.998 0.995 0.998 0.997 0.997 0.954 0.980 0.997 0.996 0.996 0.954 0.996 0.976 0.984 
 100   (0.048) 0.002 0.005 0.002 0.003 0.003 0.046 0.020 0.003 0.004 0.004 0.046 0.004 0.024 0.016 

Locus 200 : 232937_62 
2 alleles
2.2% missing data
 100   (0.953) 0.999 0.995 0.999 0.998 1.000 0.947 0.999 0.997 0.997 0.994 0.965 0.999 0.990 1.000 
 120   (0.047) 0.001 0.005 0.001 0.002 0.000 0.053 0.001 0.003 0.003 0.006 0.035 0.001 0.010 0.000 

Locus 201 : 233194_6 
2 alleles
2.8% missing data
 120   (0.920) 0.968 0.992 0.997 0.997 1.000 0.924 0.998 0.668 0.995 0.999 0.947 0.999 0.984 1.000 
 100   (0.080) 0.032 0.008 0.003 0.003 0.000 0.076 0.002 0.332 0.005 0.001 0.053 0.001 0.016 0.000 

Locus 202 : 234346_33 
2 alleles
4.5% missing data
 110   (0.950) 0.831 0.995 0.999 0.998 1.000 0.954 0.999 0.997 0.997 0.999 0.969 0.999 0.990 1.000 
 130   (0.050) 0.169 0.005 0.001 0.002 0.000 0.046 0.001 0.003 0.003 0.001 0.031 0.001 0.010 0.000 

Locus 203 : 235241_77 
2 alleles
2.2% missing data
 130   (0.948) 0.999 0.995 0.998 0.998 1.000 0.952 0.999 0.841 0.997 0.999 0.968 0.999 0.991 1.000 
 100   (0.052) 0.001 0.005 0.002 0.002 0.000 0.048 0.001 0.159 0.003 0.001 0.032 0.001 0.009 0.000 

Locus 204 : 236207_44 
2 alleles
6.2% missing data
 120   (0.887) 0.998 0.867 0.996 0.995 1.000 0.893 0.775 0.993 0.961 0.998 0.926 0.998 0.977 0.797 
 100   (0.113) 0.002 0.133 0.004 0.005 0.000 0.107 0.225 0.007 0.039 0.002 0.074 0.002 0.023 0.203 

Locus 205 : 236307_12 
2 alleles
1.7% missing data
 130   (0.949) 0.999 0.994 0.998 0.997 1.000 0.952 0.999 0.997 0.993 0.999 0.961 0.635 0.991 1.000 
 110   (0.051) 0.001 0.006 0.002 0.003 0.000 0.048 0.001 0.003 0.007 0.001 0.039 0.365 0.009 0.000 

Locus 206 : 236931_45 
2 alleles
6.7% missing data
 120   (0.875) 0.997 0.452 0.996 0.715 1.000 0.881 0.992 0.992 0.717 0.998 0.919 0.998 0.975 0.999 
 100   (0.125) 0.003 0.548 0.004 0.285 0.000 0.119 0.008 0.008 0.283 0.002 0.081 0.002 0.025 0.001 

Locus 207 : 236999_38 
2 alleles
2.8% missing data
 120   (0.950) 0.999 0.995 0.998 0.998 1.000 0.953 0.999 0.946 0.997 0.999 0.968 0.999 0.990 1.000 
 100   (0.050) 0.001 0.005 0.002 0.002 0.000 0.047 0.001 0.054 0.003 0.001 0.032 0.001 0.010 0.000 

Locus 208 : 240398_42 
2 alleles
3.9% missing data
 110   (0.841) 0.997 0.452 0.995 0.823 1.000 0.841 0.995 0.990 0.888 0.997 0.893 0.682 0.964 0.999 
 130   (0.159) 0.003 0.548 0.005 0.177 0.000 0.159 0.005 0.010 0.112 0.003 0.107 0.318 0.036 0.001 

Locus 209 : 240825_22 
2 alleles
6.2% missing data
 130   (0.952) 0.998 0.992 0.988 0.997 1.000 0.952 0.997 0.997 0.997 0.997 0.958 0.998 0.989 0.999 
 110   (0.048) 0.002 0.008 0.012 0.003 0.000 0.048 0.003 0.003 0.003 0.003 0.042 0.002 0.011 0.001 

Locus 210 : 244435_48 
2 alleles
1.7% missing data
 110   (0.953) 0.999 0.995 0.999 0.998 1.000 0.956 0.916 0.997 0.997 0.999 0.970 0.999 0.992 1.000 
 130   (0.047) 0.001 0.005 0.001 0.002 0.000 0.044 0.084 0.003 0.003 0.001 0.030 0.001 0.008 0.000 

Locus 211 : 245971_21 
2 alleles
5.1% missing data
 130   (0.951) 0.999 0.995 0.999 0.998 1.000 0.954 0.999 0.915 0.997 0.999 0.969 0.999 0.991 1.000 
 120   (0.049) 0.001 0.005 0.001 0.002 0.000 0.046 0.001 0.085 0.003 0.001 0.031 0.001 0.009 0.000 

Locus 212 : 246895_22 
2 alleles
3.4% missing data
 120   (0.954) 0.999 0.995 0.998 0.998 1.000 0.944 0.999 0.997 0.997 0.999 0.961 0.995 0.989 1.000 
 110   (0.046) 0.001 0.005 0.002 0.002 0.000 0.056 0.001 0.003 0.003 0.001 0.039 0.005 0.011 0.000 

Locus 213 : 248131_26 
2 alleles
7.9% missing data
 130   (0.937) 0.998 0.991 0.962 0.979 0.999 0.939 0.996 0.996 0.994 0.998 0.951 0.999 0.985 0.999 
 110   (0.063) 0.002 0.009 0.038 0.021 0.001 0.061 0.004 0.004 0.006 0.002 0.049 0.001 0.015 0.001 

Locus 214 : 250844_49 
2 alleles
7.3% missing data
 130   (0.954) 0.999 0.995 0.998 0.986 1.000 0.949 0.999 0.997 0.997 0.999 0.966 0.999 0.988 1.000 
 100   (0.046) 0.001 0.005 0.002 0.014 0.000 0.051 0.001 0.003 0.003 0.001 0.034 0.001 0.012 0.000 

Locus 215 : 251283_19 
2 alleles
5.6% missing data
 120   (0.953) 0.999 0.826 0.998 0.998 1.000 0.957 0.999 0.997 0.997 0.999 0.971 0.999 0.992 1.000 
 100   (0.047) 0.001 0.174 0.002 0.002 0.000 0.043 0.001 0.003 0.003 0.001 0.029 0.001 0.008 0.000 

Locus 216 : 251358_15 
2 alleles
8.4% missing data
 110   (0.929) 0.998 0.990 0.997 0.820 1.000 0.931 0.956 0.995 0.995 0.999 0.954 0.999 0.985 1.000 
 120   (0.071) 0.002 0.010 0.003 0.180 0.000 0.069 0.044 0.005 0.005 0.001 0.046 0.001 0.015 0.000 

Locus 217 : 251901_42 
2 alleles
2.2% missing data
 120   (0.954) 0.999 0.995 0.978 0.998 1.000 0.952 0.997 0.997 0.997 0.999 0.966 0.999 0.991 1.000 
 100   (0.046) 0.001 0.005 0.022 0.002 0.000 0.048 0.003 0.003 0.003 0.001 0.034 0.001 0.009 0.000 

Locus 218 : 252158_43 
2 alleles
0.0% missing data
 120   (0.950) 0.999 0.995 0.999 0.998 1.000 0.954 0.999 0.920 0.997 0.999 0.968 0.999 0.990 1.000 
 100   (0.050) 0.001 0.005 0.001 0.002 0.000 0.046 0.001 0.080 0.003 0.001 0.032 0.001 0.010 0.000 

Locus 219 : 252988_16 
2 alleles
7.9% missing data
 110   (0.947) 0.999 0.994 0.751 0.997 1.000 0.949 0.999 0.997 0.997 0.999 0.965 0.998 0.990 1.000 
 100   (0.053) 0.001 0.006 0.249 0.003 0.000 0.051 0.001 0.003 0.003 0.001 0.035 0.002 0.010 0.000 

Locus 220 : 254425_88 
2 alleles
5.6% missing data
 130   (0.917) 0.890 0.991 0.997 0.996 1.000 0.922 0.998 0.776 0.995 0.998 0.947 0.999 0.984 1.000 
 110   (0.083) 0.110 0.009 0.003 0.004 0.000 0.078 0.002 0.224 0.005 0.002 0.053 0.001 0.016 0.000 

Locus 221 : 256337_57 
2 alleles
5.6% missing data
 110   (0.953) 0.999 0.927 0.998 0.998 1.000 0.956 0.999 0.997 0.997 0.999 0.969 0.999 0.991 1.000 
 130   (0.047) 0.001 0.073 0.002 0.002 0.000 0.044 0.001 0.003 0.003 0.001 0.031 0.001 0.009 0.000 

Locus 222 : 259058_15 
2 alleles
1.7% missing data
 120   (0.952) 0.882 0.995 0.999 0.998 1.000 0.955 0.999 0.997 0.997 0.999 0.970 0.999 0.991 1.000 
 100   (0.048) 0.118 0.005 0.001 0.002 0.000 0.045 0.001 0.003 0.003 0.001 0.030 0.001 0.009 0.000 

Locus 223 : 259869_81 
2 alleles
0.6% missing data
 120   (0.952) 0.944 0.995 0.999 0.998 1.000 0.956 0.999 0.997 0.997 0.999 0.970 0.999 0.991 1.000 
 130   (0.048) 0.056 0.005 0.001 0.002 0.000 0.044 0.001 0.003 0.003 0.001 0.030 0.001 0.009 0.000 

Locus 224 : 260700_55 
2 alleles
2.2% missing data
 130   (0.955) 0.999 0.994 0.996 0.998 1.000 0.956 0.998 0.997 0.997 0.978 0.969 0.999 0.990 1.000 
 110   (0.045) 0.001 0.006 0.004 0.002 0.000 0.044 0.002 0.003 0.003 0.022 0.031 0.001 0.010 0.000 

Locus 225 : 262223_11 
2 alleles
4.5% missing data
 130   (0.953) 0.999 0.995 0.999 0.998 1.000 0.956 0.999 0.997 0.997 0.878 0.971 0.999 0.991 1.000 
 100   (0.047) 0.001 0.005 0.001 0.002 0.000 0.044 0.001 0.003 0.003 0.122 0.029 0.001 0.009 0.000 

Locus 226 : 262346_48 
2 alleles
3.4% missing data
 130   (0.949) 0.999 0.408 0.998 0.998 1.000 0.953 0.999 0.997 0.997 0.999 0.968 0.999 0.991 1.000 
 110   (0.051) 0.001 0.592 0.002 0.002 0.000 0.047 0.001 0.003 0.003 0.001 0.032 0.001 0.009 0.000 

Locus 227 : 262620_18 
2 alleles
3.9% missing data
 110   (0.940) 0.998 0.992 0.997 0.995 0.999 0.936 0.987 0.996 0.995 0.998 0.954 0.988 0.981 0.992 
 130   (0.060) 0.002 0.008 0.003 0.005 0.001 0.064 0.013 0.004 0.005 0.002 0.046 0.012 0.019 0.008 

Locus 228 : 263002_42 
2 alleles
3.4% missing data
 120   (0.950) 0.999 0.995 0.998 0.858 1.000 0.952 0.999 0.997 0.997 0.999 0.967 0.999 0.990 1.000 
 100   (0.050) 0.001 0.005 0.002 0.142 0.000 0.048 0.001 0.003 0.003 0.001 0.033 0.001 0.010 0.000 

Locus 229 : 263813_70 
2 alleles
10.1% missing data
 130   (0.951) 0.940 0.995 0.998 0.998 1.000 0.954 0.999 0.997 0.997 0.999 0.969 0.999 0.991 1.000 
 110   (0.049) 0.060 0.005 0.002 0.002 0.000 0.046 0.001 0.003 0.003 0.001 0.031 0.001 0.009 0.000 

Locus 230 : 264184_13 
2 alleles
10.1% missing data
 110   (0.906) 0.998 0.940 0.854 0.996 1.000 0.910 0.861 0.993 0.994 0.998 0.937 0.999 0.981 1.000 
 130   (0.094) 0.002 0.060 0.146 0.004 0.000 0.090 0.139 0.007 0.006 0.002 0.063 0.001 0.019 0.000 

Values of parameters used in structure:
DATAFILE=C:\Users\jmahg\OneDrive\Desktop\Transfers\TrkNbr-1524n1282n1083_AllPops_Structure_p18_r080_LDnHWEx\project_data,	OUTFILE=C:\Users\jmahg\OneDrive\Desktop\Transfers\TrkNbr-1524n1282n1083_AllPops_Structure_p18_r080_LDnHWEx\BI50000_MCMC100000\Results\BI50000_MCMC100000_run_132,	NUMINDS=178,	NUMLOCI=230,	MISSING=0,	LABEL=1,	POPDATA=1,	POPFLAG=0,	PHENOTYPE=0,	EXTRACOLS=0,	MAXPOPS=14,	BURNIN=50000,	NUMREPS=100000,	USEPOPINFO=0,	INFERALPHA=1,	INFERLAMBDA=0,	POPSPECIFICLAMBDA=0,	POPALPHAS=0,	COMPUTEPROB=1,	NOADMIX=0,	ADMBURNIN=2500,	UPDATEFREQ=1,	PRINTLIKES=0,	INTERMEDSAVE=0,	PRINTKLD=0,	PRINTNET=0,	PRINTLAMBDA=0,	ANCESTDIST=0,	NUMBOXES=1000,	ANCESTPINT=0.90000,	GENSBACK=2,	MIGRPRIOR=0.05000,	PRINTQHAT=0,	PRINTQSUM=0,	ALPHA=1.0000,	FREQSCORR=1,	FPRIORMEAN=0.0100,	FPRIORSD=0.0500,	ONEFST=0,	LAMBDA=1.0000,	UNIFPRIORALPHA=1,	ALPHAMAX=10.0000,	ALPHAPRIORA=1.0000,	ALPHAPRIORB=2.0000,	ALPHAPROPSD=0.0250,	STARTATPOPINFO=0,	RANDOMIZE=1,	LINKAGE=0,	METROFREQ=10,	REPORTHITRATE=0,	MARKOVPHASE=-1,	PHASED=0,	PLOIDY=2,	PHASEINFO=0	LOCPRIOR=0, 	LOCPRIORINIT=1.000000, 	LOCDATA=0, 	LOCISPOP=0, 	LOCPRIORSTEP=0.100000, 	MAXLOCPRIOR=20.000000, 	SEED=1602987475,	
[STRAT parameters]:    NUMSIMSTATS=1000,	PHENOTYPECOL=-9,	POOLFREQ=10,	LOCUSxONLY=0,	EMERROR=0.00100,	MISSINGPHENO=-9,	