

----------------------------------------------------
STRUCTURE by Pritchard, Stephens and Donnelly (2000)
     and Falush, Stephens and Pritchard (2003)
       Code by Pritchard, Falush and Hubisz
             Version 2.3.4 (Jul 2012)
----------------------------------------------------



Command line arguments:   bin\structure -m C:\Users\jmahg\OneDrive\Desktop\Transfers\TrkNbr-1524n1282n1083_AllPops_Structure_p18_r080_LDnHWEx\BI50000_MCMC100000\mainparams -e C:\Users\jmahg\OneDrive\Desktop\Transfers\TrkNbr-1524n1282n1083_AllPops_Structure_p18_r080_LDnHWEx\BI50000_MCMC100000\extraparams 
Input File:    C:\Users\jmahg\OneDrive\Desktop\Transfers\TrkNbr-1524n1282n1083_AllPops_Structure_p18_r080_LDnHWEx\project_data

Run parameters:
   178 individuals
   230 loci
   15 populations assumed
   50000 Burn-in period
   100000 Reps


--------------------------------------------
Proportion of membership of each pre-defined
 population in each of the 15 clusters

Given    Inferred Clusters                                                                                           Number of
 Pop       1      2      3      4      5      6      7      8      9     10     11     12     13     14     15      Individuals

  1:     0.008  0.002  0.008  0.010  0.005  0.012  0.017  0.037  0.020  0.025  0.009  0.042  0.767  0.010  0.028       10
  2:     0.009  0.002  0.031  0.024  0.013  0.029  0.528  0.078  0.007  0.058  0.014  0.104  0.031  0.004  0.067        8
  3:     0.010  0.002  0.017  0.011  0.003  0.010  0.013  0.093  0.007  0.094  0.535  0.067  0.012  0.004  0.122       10
  4:     0.011  0.002  0.417  0.008  0.008  0.008  0.082  0.107  0.022  0.095  0.022  0.077  0.023  0.018  0.101       10
  5:     0.014  0.884  0.005  0.003  0.003  0.003  0.008  0.014  0.004  0.014  0.008  0.013  0.007  0.004  0.016       10
  6:     0.012  0.002  0.008  0.003  0.005  0.003  0.018  0.126  0.009  0.142  0.364  0.107  0.021  0.005  0.175       10
  7:     0.008  0.002  0.007  0.005  0.003  0.004  0.017  0.100  0.004  0.055  0.010  0.124  0.606  0.004  0.051       10
  8:     0.011  0.002  0.041  0.047  0.019  0.047  0.269  0.107  0.072  0.064  0.042  0.102  0.077  0.041  0.060       10
  9:     0.010  0.002  0.007  0.003  0.003  0.003  0.017  0.234  0.006  0.179  0.018  0.238  0.058  0.004  0.218       10
 10:     0.013  0.002  0.009  0.004  0.004  0.004  0.018  0.196  0.007  0.310  0.028  0.180  0.017  0.004  0.205       10
 11:     0.009  0.002  0.011  0.024  0.008  0.027  0.034  0.066  0.584  0.065  0.013  0.047  0.020  0.007  0.083       10
 12:     0.011  0.002  0.013  0.005  0.005  0.009  0.062  0.043  0.590  0.043  0.017  0.044  0.024  0.080  0.051       10
 13:     0.008  0.002  0.009  0.008  0.008  0.008  0.012  0.022  0.010  0.022  0.011  0.023  0.014  0.816  0.027       10
 14:     0.744  0.009  0.007  0.005  0.003  0.004  0.010  0.046  0.005  0.046  0.016  0.035  0.011  0.004  0.055       10
 15:     0.776  0.007  0.006  0.004  0.003  0.004  0.008  0.036  0.005  0.036  0.031  0.028  0.012  0.004  0.039       10
 16:     0.010  0.002  0.410  0.029  0.013  0.028  0.040  0.081  0.011  0.099  0.032  0.161  0.028  0.005  0.051       10
 17:     0.010  0.002  0.022  0.008  0.534  0.006  0.055  0.051  0.071  0.062  0.016  0.065  0.031  0.015  0.052       10
 18:     0.012  0.838  0.006  0.004  0.003  0.004  0.009  0.025  0.005  0.025  0.012  0.019  0.009  0.004  0.027       10
--------------------------------------------

Allele-freq. divergence among pops (Net nucleotide distance),
computed using point estimates of P.

      1       2       3       4       5       6       7       8       9      10      11      12      13      14      15      
 1      -    0.0068  0.0060  0.0035  0.0098  0.0035  0.0049  0.0017  0.0043  0.0017  0.0028  0.0019  0.0039  0.0067  0.0016  
 2   0.0068     -    0.0114  0.0065  0.0148  0.0065  0.0104  0.0073  0.0096  0.0073  0.0080  0.0075  0.0095  0.0120  0.0073  
 3   0.0060  0.0114     -    0.0050  0.0117  0.0050  0.0074  0.0044  0.0062  0.0044  0.0051  0.0045  0.0064  0.0091  0.0044  
 4   0.0035  0.0065  0.0050     -    0.0069  0.0000  0.0044  0.0028  0.0028  0.0030  0.0034  0.0028  0.0037  0.0047  0.0030  
 5   0.0098  0.0148  0.0117  0.0069     -    0.0069  0.0065  0.0083  0.0077  0.0083  0.0093  0.0083  0.0097  0.0104  0.0084  
 6   0.0035  0.0065  0.0050  0.0000  0.0069     -    0.0044  0.0028  0.0028  0.0029  0.0034  0.0028  0.0037  0.0046  0.0030  
 7   0.0049  0.0104  0.0074  0.0044  0.0065  0.0044     -    0.0032  0.0048  0.0033  0.0045  0.0033  0.0051  0.0078  0.0033  
 8   0.0017  0.0073  0.0044  0.0028  0.0083  0.0028  0.0032     -    0.0028  0.0001  0.0013  0.0001  0.0018  0.0052  0.0001  
 9   0.0043  0.0096  0.0062  0.0028  0.0077  0.0028  0.0048  0.0028     -    0.0028  0.0038  0.0029  0.0042  0.0049  0.0027  
10   0.0017  0.0073  0.0044  0.0030  0.0083  0.0029  0.0033  0.0001  0.0028     -    0.0013  0.0002  0.0022  0.0052  0.0001  
11   0.0028  0.0080  0.0051  0.0034  0.0093  0.0034  0.0045  0.0013  0.0038  0.0013     -    0.0015  0.0035  0.0063  0.0012  
12   0.0019  0.0075  0.0045  0.0028  0.0083  0.0028  0.0033  0.0001  0.0029  0.0002  0.0015     -    0.0015  0.0054  0.0002  
13   0.0039  0.0095  0.0064  0.0037  0.0097  0.0037  0.0051  0.0018  0.0042  0.0022  0.0035  0.0015     -    0.0070  0.0022  
14   0.0067  0.0120  0.0091  0.0047  0.0104  0.0046  0.0078  0.0052  0.0049  0.0052  0.0063  0.0054  0.0070     -    0.0052  
15   0.0016  0.0073  0.0044  0.0030  0.0084  0.0030  0.0033  0.0001  0.0027  0.0001  0.0012  0.0002  0.0022  0.0052     -    

Average distances (expected heterozygosity) between individuals in same cluster:
cluster  1  : 0.0228 
cluster  2  : 0.0668 
cluster  3  : 0.0239 
cluster  4  : 0.0948 
cluster  5  : 0.0453 
cluster  6  : 0.0941 
cluster  7  : 0.0131 
cluster  8  : 0.0032 
cluster  9  : 0.0327 
cluster 10  : 0.0028 
cluster 11  : 0.0149 
cluster 12  : 0.0054 
cluster 13  : 0.0143 
cluster 14  : 0.0400 
cluster 15  : 0.0008 

--------------------------------------------
Estimated Ln Prob of Data   = -3773.9
Mean value of ln likelihood = -3253.6
Variance of ln likelihood   = 1040.6
Mean value of alpha         = 0.0354

Mean value of Fst_1         = 0.5564
Mean value of Fst_2         = 0.2821
Mean value of Fst_3         = 0.5856
Mean value of Fst_4         = 0.0809
Mean value of Fst_5         = 0.4136
Mean value of Fst_6         = 0.0848
Mean value of Fst_7         = 0.7707
Mean value of Fst_8         = 0.9037
Mean value of Fst_9         = 0.4500
Mean value of Fst_10         = 0.9165
Mean value of Fst_11         = 0.6901
Mean value of Fst_12         = 0.8664
Mean value of Fst_13         = 0.6962
Mean value of Fst_14         = 0.4356
Mean value of Fst_15         = 0.9597


Inferred ancestry of individuals:
        Label (%Miss) Pop:  Inferred clusters
  1 TGCP_WM1    (0)    1 :  0.009 0.002 0.007 0.009 0.006 0.010 0.015 0.052 0.010 0.023 0.012 0.036 0.784 0.004 0.022 
  2 TGCP_WM10    (1)    1 :  0.010 0.002 0.005 0.002 0.004 0.003 0.029 0.114 0.009 0.056 0.014 0.122 0.564 0.003 0.062 
  3 TGCP_WM2    (0)    1 :  0.010 0.002 0.013 0.036 0.008 0.042 0.015 0.034 0.010 0.032 0.014 0.037 0.719 0.005 0.023 
  4 TGCP_WM3    (1)    1 :  0.006 0.002 0.004 0.002 0.003 0.002 0.007 0.020 0.006 0.017 0.007 0.022 0.879 0.003 0.019 
  5 TGCP_WM4    (0)    1 :  0.007 0.002 0.010 0.005 0.004 0.006 0.011 0.019 0.078 0.012 0.006 0.033 0.784 0.004 0.018 
  6 TGCP_WM5    (0)    1 :  0.009 0.002 0.007 0.030 0.008 0.038 0.055 0.066 0.015 0.019 0.010 0.044 0.660 0.012 0.025 
  7 TGCP_WM6    (0)    1 :  0.006 0.002 0.010 0.003 0.005 0.004 0.006 0.018 0.020 0.010 0.006 0.022 0.864 0.011 0.013 
  8 TGCP_WM7    (0)    1 :  0.010 0.003 0.017 0.004 0.009 0.005 0.018 0.026 0.006 0.061 0.013 0.081 0.649 0.020 0.078 
  9 TGCP_WM8    (0)    1 :  0.005 0.002 0.004 0.006 0.003 0.007 0.011 0.014 0.038 0.011 0.007 0.014 0.826 0.037 0.015 
 10 TGCP_WM9    (0)    1 :  0.005 0.002 0.005 0.002 0.004 0.004 0.004 0.007 0.005 0.005 0.004 0.006 0.937 0.002 0.007 
 11 MRLP_WM123    (3)    2 :  0.009 0.002 0.012 0.110 0.009 0.110 0.597 0.021 0.009 0.021 0.011 0.044 0.013 0.004 0.029 
 12 MRLP_WM124    (4)    2 :  0.013 0.002 0.006 0.002 0.005 0.002 0.806 0.028 0.007 0.032 0.008 0.029 0.012 0.004 0.045 
 13 MRLP_WM125    (1)    2 :  0.006 0.003 0.006 0.059 0.052 0.091 0.643 0.021 0.006 0.019 0.009 0.022 0.037 0.006 0.021 
 14 MRLP_WM126    (2)    2 :  0.011 0.002 0.006 0.001 0.003 0.002 0.014 0.241 0.006 0.237 0.027 0.153 0.013 0.004 0.279 
 15 MRLP_WM127    (3)    2 :  0.012 0.003 0.007 0.010 0.026 0.007 0.021 0.220 0.009 0.092 0.028 0.361 0.095 0.004 0.107 
 16 MRLP_WM128    (3)    2 :  0.005 0.002 0.004 0.001 0.006 0.002 0.921 0.008 0.006 0.011 0.006 0.009 0.005 0.003 0.011 
 17 MRLP_WM129    (7)    2 :  0.007 0.002 0.203 0.006 0.004 0.013 0.563 0.020 0.006 0.019 0.020 0.092 0.028 0.004 0.015 
 18 MRLP_WM130    (5)    2 :  0.007 0.002 0.007 0.002 0.002 0.007 0.661 0.063 0.004 0.037 0.007 0.124 0.044 0.004 0.029 
 19 STT_WM183    (2)    3 :  0.017 0.002 0.006 0.085 0.004 0.071 0.010 0.036 0.017 0.034 0.643 0.033 0.010 0.005 0.028 
 20 STT_WM184    (3)    3 :  0.011 0.003 0.044 0.009 0.005 0.009 0.013 0.046 0.007 0.045 0.711 0.042 0.009 0.005 0.042 
 21 STT_WM185   (15)    3 :  0.016 0.002 0.009 0.002 0.004 0.003 0.028 0.209 0.006 0.204 0.031 0.162 0.025 0.005 0.295 
 22 STT_WM186   (13)    3 :  0.010 0.002 0.009 0.002 0.003 0.003 0.021 0.229 0.007 0.207 0.026 0.148 0.017 0.005 0.312 
 23 STT_WM187   (13)    3 :  0.008 0.002 0.006 0.002 0.002 0.003 0.010 0.026 0.005 0.035 0.841 0.022 0.007 0.005 0.025 
 24 STT_WM188    (3)    3 :  0.007 0.002 0.004 0.002 0.003 0.002 0.005 0.009 0.004 0.011 0.917 0.013 0.007 0.003 0.012 
 25 STT_WM189    (0)    3 :  0.010 0.002 0.006 0.001 0.002 0.002 0.015 0.240 0.004 0.225 0.018 0.137 0.014 0.003 0.320 
 26 STT_WM190   (11)    3 :  0.008 0.002 0.004 0.002 0.003 0.002 0.008 0.015 0.005 0.018 0.885 0.019 0.007 0.003 0.019 
 27 STT_WM191    (7)    3 :  0.010 0.002 0.011 0.002 0.003 0.003 0.015 0.107 0.008 0.144 0.433 0.083 0.019 0.005 0.154 
 28 STT_WM192   (12)    3 :  0.007 0.002 0.070 0.006 0.004 0.006 0.004 0.012 0.003 0.012 0.843 0.010 0.006 0.003 0.012 
 29 FSSP_WM241    (3)    4 :  0.013 0.003 0.136 0.010 0.013 0.015 0.120 0.151 0.021 0.135 0.025 0.125 0.039 0.031 0.164 
 30 FSSP_WM242   (15)    4 :  0.012 0.002 0.006 0.002 0.003 0.002 0.013 0.204 0.006 0.248 0.027 0.153 0.016 0.005 0.301 
 31 FSSP_WM243    (6)    4 :  0.006 0.003 0.898 0.009 0.002 0.008 0.007 0.010 0.005 0.014 0.009 0.010 0.005 0.004 0.010 
 32 FSSP_WM244    (5)    4 :  0.017 0.002 0.025 0.008 0.023 0.013 0.346 0.096 0.025 0.072 0.024 0.085 0.075 0.085 0.104 
 33 FSSP_WM245   (10)    4 :  0.011 0.003 0.255 0.002 0.003 0.003 0.017 0.180 0.008 0.172 0.042 0.130 0.019 0.005 0.148 
 34 FSSP_WM246    (6)    4 :  0.015 0.003 0.069 0.008 0.006 0.006 0.047 0.248 0.013 0.180 0.033 0.170 0.019 0.007 0.177 
 35 FSSP_WM247    (3)    4 :  0.009 0.002 0.827 0.008 0.007 0.007 0.013 0.014 0.013 0.024 0.009 0.016 0.018 0.017 0.018 
 36 FSSP_WM248    (9)    4 :  0.007 0.002 0.862 0.003 0.003 0.003 0.007 0.015 0.020 0.020 0.006 0.013 0.009 0.013 0.015 
 37 FSSP_WM249    (6)    4 :  0.011 0.003 0.746 0.004 0.005 0.004 0.013 0.045 0.034 0.036 0.030 0.031 0.011 0.004 0.024 
 38 FSSP_WM250    (2)    4 :  0.010 0.003 0.350 0.022 0.018 0.021 0.235 0.104 0.070 0.047 0.013 0.038 0.014 0.005 0.052 
 39 HNL_WM301    (3)    5 :  0.011 0.896 0.005 0.002 0.003 0.002 0.008 0.012 0.004 0.010 0.007 0.011 0.006 0.004 0.018 
 40 HNL_WM302    (2)    5 :  0.006 0.943 0.003 0.002 0.002 0.002 0.005 0.007 0.003 0.006 0.003 0.005 0.004 0.002 0.006 
 41 HNL_WM303    (2)    5 :  0.011 0.881 0.005 0.002 0.002 0.002 0.009 0.014 0.005 0.018 0.010 0.014 0.008 0.004 0.015 
 42 HNL_WM304    (3)    5 :  0.024 0.805 0.007 0.003 0.004 0.002 0.011 0.021 0.006 0.028 0.013 0.025 0.011 0.004 0.036 
 43 HNL_WM305    (3)    5 :  0.009 0.921 0.006 0.003 0.004 0.004 0.006 0.009 0.004 0.008 0.007 0.006 0.003 0.003 0.007 
 44 HNL_WM306    (0)    5 :  0.013 0.915 0.004 0.003 0.003 0.004 0.005 0.012 0.005 0.009 0.005 0.007 0.005 0.003 0.008 
 45 HNL_WM307    (3)    5 :  0.007 0.904 0.006 0.003 0.003 0.003 0.007 0.014 0.004 0.011 0.007 0.009 0.007 0.004 0.013 
 46 HNL_WM308    (3)    5 :  0.022 0.886 0.005 0.003 0.003 0.002 0.008 0.009 0.004 0.011 0.008 0.014 0.008 0.003 0.014 
 47 HNL_WM309    (0)    5 :  0.019 0.828 0.008 0.007 0.004 0.007 0.011 0.019 0.005 0.022 0.014 0.019 0.009 0.004 0.022 
 48 HNL_WM310   (10)    5 :  0.015 0.857 0.006 0.002 0.002 0.003 0.011 0.019 0.005 0.022 0.009 0.016 0.008 0.004 0.021 
 49 MPO_WM482    (2)    6 :  0.006 0.003 0.005 0.002 0.003 0.002 0.011 0.016 0.003 0.011 0.894 0.013 0.007 0.003 0.020 
 50 MPO_WM483    (3)    6 :  0.015 0.002 0.008 0.005 0.004 0.005 0.016 0.126 0.006 0.165 0.235 0.151 0.013 0.005 0.244 
 51 MPO_WM484    (1)    6 :  0.012 0.002 0.009 0.002 0.003 0.003 0.012 0.124 0.007 0.118 0.496 0.085 0.013 0.004 0.111 
 52 MPO_WM485    (0)    6 :  0.010 0.002 0.008 0.007 0.004 0.007 0.011 0.032 0.005 0.058 0.689 0.117 0.012 0.003 0.035 
 53 MPO_WM486   (21)    6 :  0.013 0.002 0.011 0.002 0.004 0.002 0.021 0.201 0.007 0.220 0.029 0.148 0.030 0.006 0.304 
 54 MPO_WM487   (19)    6 :  0.019 0.003 0.012 0.004 0.004 0.003 0.020 0.108 0.007 0.141 0.425 0.081 0.029 0.006 0.138 
 55 MPO_WM488    (9)    6 :  0.010 0.002 0.005 0.002 0.003 0.002 0.013 0.208 0.006 0.248 0.042 0.140 0.014 0.004 0.299 
 56 MPO_WM489    (3)    6 :  0.009 0.002 0.005 0.004 0.010 0.004 0.018 0.027 0.034 0.017 0.762 0.024 0.054 0.004 0.026 
 57 MPO_WM490   (24)    6 :  0.012 0.003 0.008 0.003 0.006 0.003 0.026 0.208 0.008 0.214 0.047 0.147 0.018 0.007 0.291 
 58 MPO_WM491   (11)    6 :  0.011 0.002 0.008 0.002 0.004 0.002 0.030 0.213 0.009 0.227 0.025 0.162 0.017 0.004 0.284 
 59 OICP_WM541    (1)    7 :  0.009 0.002 0.005 0.002 0.003 0.001 0.009 0.032 0.004 0.031 0.009 0.024 0.834 0.004 0.029 
 60 OICP_WM542    (2)    7 :  0.011 0.002 0.005 0.002 0.003 0.002 0.009 0.029 0.005 0.030 0.011 0.025 0.827 0.004 0.035 
 61 OICP_WM543    (0)    7 :  0.007 0.002 0.005 0.002 0.003 0.002 0.007 0.028 0.005 0.034 0.008 0.035 0.819 0.002 0.041 
 62 OICP_WM544    (1)    7 :  0.006 0.002 0.024 0.028 0.004 0.028 0.059 0.247 0.003 0.101 0.007 0.329 0.116 0.006 0.041 
 63 OICP_WM545    (0)    7 :  0.008 0.002 0.006 0.002 0.003 0.002 0.014 0.065 0.004 0.047 0.013 0.064 0.704 0.004 0.062 
 64 OICP_WM546    (3)    7 :  0.008 0.002 0.006 0.002 0.003 0.002 0.021 0.258 0.004 0.117 0.011 0.318 0.118 0.003 0.126 
 65 OICP_WM547    (2)    7 :  0.008 0.002 0.005 0.002 0.003 0.002 0.023 0.252 0.005 0.115 0.011 0.361 0.112 0.004 0.094 
 66 OICP_WM548    (3)    7 :  0.008 0.002 0.004 0.001 0.003 0.002 0.010 0.030 0.004 0.022 0.012 0.024 0.849 0.003 0.025 
 67 OICP_WM549    (0)    7 :  0.008 0.002 0.005 0.002 0.002 0.002 0.005 0.022 0.004 0.017 0.008 0.020 0.889 0.002 0.012 
 68 OICP_WM550    (1)    7 :  0.008 0.002 0.008 0.002 0.003 0.002 0.010 0.039 0.005 0.037 0.010 0.042 0.789 0.003 0.041 
 69 IRO_WM601    (2)    8 :  0.009 0.002 0.047 0.015 0.005 0.018 0.036 0.103 0.136 0.049 0.014 0.107 0.361 0.043 0.055 
 70 IRO_WM602    (1)    8 :  0.012 0.003 0.007 0.010 0.005 0.011 0.065 0.288 0.009 0.104 0.019 0.301 0.100 0.006 0.060 
 71 IRO_WM603    (2)    8 :  0.011 0.003 0.027 0.065 0.006 0.076 0.025 0.040 0.331 0.041 0.017 0.042 0.030 0.258 0.029 
 72 IRO_WM604    (0)    8 :  0.006 0.002 0.004 0.133 0.020 0.106 0.611 0.017 0.008 0.023 0.011 0.015 0.012 0.006 0.027 
 73 IRO_WM605    (3)    8 :  0.006 0.002 0.004 0.004 0.023 0.003 0.720 0.023 0.063 0.017 0.008 0.013 0.094 0.003 0.018 
 74 IRO_WM606    (3)    8 :  0.014 0.002 0.013 0.006 0.026 0.006 0.682 0.064 0.008 0.031 0.037 0.047 0.014 0.006 0.044 
 75 IRO_WM607    (2)    8 :  0.011 0.002 0.084 0.020 0.019 0.024 0.299 0.122 0.056 0.103 0.026 0.118 0.024 0.005 0.086 
 76 IRO_WM608    (0)    8 :  0.009 0.002 0.033 0.130 0.012 0.115 0.046 0.133 0.064 0.075 0.016 0.193 0.089 0.015 0.066 
 77 IRO_WM609    (0)    8 :  0.010 0.002 0.009 0.072 0.020 0.093 0.159 0.175 0.035 0.111 0.022 0.116 0.030 0.024 0.122 
 78 IRO_WM610   (13)    8 :  0.019 0.003 0.181 0.014 0.054 0.014 0.044 0.105 0.008 0.082 0.255 0.068 0.015 0.046 0.092 
 79 HGRF_WM661    (5)    9 :  0.008 0.002 0.007 0.002 0.003 0.002 0.018 0.262 0.005 0.118 0.016 0.349 0.114 0.004 0.090 
 80 HGRF_WM662    (5)    9 :  0.013 0.002 0.008 0.002 0.003 0.002 0.014 0.220 0.005 0.227 0.023 0.144 0.018 0.003 0.316 
 81 HGRF_WM663    (4)    9 :  0.007 0.002 0.005 0.002 0.003 0.002 0.013 0.276 0.005 0.100 0.011 0.334 0.111 0.003 0.124 
 82 HGRF_WM664    (3)    9 :  0.008 0.002 0.007 0.002 0.003 0.002 0.011 0.214 0.006 0.217 0.018 0.205 0.031 0.004 0.271 
 83 HGRF_WM665    (1)    9 :  0.011 0.003 0.010 0.008 0.005 0.009 0.031 0.257 0.010 0.099 0.018 0.349 0.124 0.007 0.060 
 84 HGRF_WM666    (5)    9 :  0.014 0.002 0.006 0.001 0.003 0.002 0.013 0.228 0.006 0.198 0.019 0.167 0.015 0.004 0.322 
 85 HGRF_WM667    (0)    9 :  0.009 0.002 0.007 0.002 0.003 0.002 0.014 0.216 0.005 0.219 0.020 0.153 0.015 0.003 0.330 
 86 HGRF_WM668    (4)    9 :  0.010 0.002 0.007 0.002 0.002 0.002 0.028 0.255 0.005 0.132 0.012 0.320 0.098 0.003 0.122 
 87 HGRF_WM669    (5)    9 :  0.011 0.002 0.005 0.002 0.002 0.002 0.014 0.196 0.006 0.264 0.027 0.176 0.017 0.004 0.272 
 88 HGRF_WM670    (9)    9 :  0.010 0.002 0.006 0.002 0.003 0.002 0.018 0.218 0.005 0.220 0.020 0.181 0.037 0.005 0.271 
 89 PTP_WM721    (2)   10 :  0.015 0.003 0.020 0.011 0.008 0.010 0.022 0.236 0.009 0.198 0.065 0.157 0.026 0.006 0.216 
 90 PTP_WM722    (2)   10 :  0.011 0.003 0.008 0.008 0.005 0.011 0.006 0.156 0.007 0.499 0.015 0.230 0.011 0.004 0.025 
 91 PTP_WM723   (25)   10 :  0.013 0.002 0.007 0.002 0.003 0.002 0.031 0.200 0.007 0.233 0.032 0.167 0.028 0.005 0.267 
 92 PTP_WM724   (13)   10 :  0.015 0.002 0.008 0.002 0.003 0.002 0.014 0.200 0.006 0.236 0.031 0.152 0.018 0.005 0.306 
 93 PTP_WM725   (25)   10 :  0.023 0.002 0.015 0.002 0.004 0.002 0.017 0.212 0.011 0.205 0.037 0.166 0.023 0.005 0.275 
 94 PTP_WM726   (13)   10 :  0.011 0.002 0.008 0.002 0.004 0.002 0.023 0.224 0.006 0.205 0.027 0.166 0.021 0.005 0.294 
 95 PTP_WM727   (10)   10 :  0.012 0.002 0.005 0.002 0.003 0.002 0.038 0.204 0.006 0.230 0.027 0.149 0.013 0.004 0.304 
 96 PTP_WM728    (8)   10 :  0.014 0.002 0.007 0.002 0.003 0.002 0.015 0.223 0.004 0.225 0.021 0.155 0.015 0.004 0.310 
 97 PTP_WM729    (9)   10 :  0.009 0.002 0.005 0.002 0.002 0.003 0.006 0.159 0.005 0.516 0.018 0.227 0.010 0.003 0.032 
 98 PTP_WM730    (8)   10 :  0.006 0.003 0.005 0.002 0.003 0.002 0.005 0.146 0.005 0.553 0.007 0.232 0.007 0.003 0.021 
 99 RRL_WM782    (9)   11 :  0.014 0.003 0.006 0.002 0.003 0.002 0.018 0.211 0.007 0.234 0.025 0.148 0.015 0.005 0.308 
100 RRL_WM783    (8)   11 :  0.009 0.002 0.008 0.005 0.004 0.006 0.009 0.016 0.847 0.015 0.012 0.015 0.020 0.013 0.018 
101 RRL_WM784    (1)   11 :  0.010 0.002 0.007 0.004 0.010 0.006 0.021 0.029 0.771 0.028 0.015 0.028 0.012 0.009 0.048 
102 RRL_WM785    (1)   11 :  0.012 0.002 0.007 0.002 0.003 0.002 0.013 0.241 0.006 0.242 0.019 0.128 0.014 0.003 0.307 
103 RRL_WM786    (2)   11 :  0.005 0.002 0.015 0.008 0.021 0.005 0.052 0.010 0.832 0.011 0.006 0.010 0.006 0.005 0.012 
104 RRL_WM787    (3)   11 :  0.007 0.002 0.010 0.020 0.010 0.024 0.013 0.032 0.668 0.029 0.010 0.054 0.093 0.006 0.022 
105 RRL_WM788    (0)   11 :  0.005 0.002 0.011 0.106 0.005 0.114 0.006 0.010 0.697 0.010 0.005 0.010 0.004 0.009 0.006 
106 RRL_WM789    (2)   11 :  0.005 0.002 0.003 0.003 0.006 0.003 0.007 0.006 0.917 0.007 0.007 0.009 0.008 0.009 0.009 
107 RRL_WM790    (0)   11 :  0.008 0.002 0.005 0.087 0.017 0.095 0.184 0.024 0.462 0.036 0.017 0.024 0.007 0.006 0.024 
108 RRL_WM791    (0)   11 :  0.014 0.002 0.042 0.006 0.004 0.013 0.015 0.078 0.635 0.039 0.016 0.037 0.025 0.003 0.071 
109 RRO_WM842    (0)   12 :  0.008 0.002 0.015 0.005 0.008 0.003 0.086 0.020 0.749 0.021 0.011 0.028 0.010 0.007 0.029 
110 RRO_WM843    (7)   12 :  0.009 0.003 0.006 0.008 0.008 0.039 0.038 0.015 0.490 0.025 0.011 0.018 0.009 0.294 0.027 
111 RRO_WM844    (2)   12 :  0.016 0.003 0.008 0.004 0.006 0.003 0.296 0.063 0.043 0.048 0.014 0.068 0.018 0.323 0.088 
112 RRO_WM845    (4)   12 :  0.007 0.002 0.005 0.002 0.004 0.003 0.007 0.016 0.884 0.012 0.008 0.010 0.007 0.022 0.011 
113 RRO_WM846   (10)   12 :  0.016 0.003 0.013 0.006 0.004 0.003 0.012 0.047 0.679 0.058 0.021 0.042 0.017 0.028 0.052 
114 RRO_WM847    (6)   12 :  0.012 0.002 0.009 0.005 0.009 0.012 0.113 0.035 0.626 0.022 0.013 0.031 0.024 0.056 0.030 
115 RRO_WM848    (4)   12 :  0.015 0.002 0.054 0.010 0.005 0.011 0.023 0.085 0.409 0.087 0.040 0.095 0.036 0.012 0.116 
116 RRO_WM849    (5)   12 :  0.009 0.002 0.006 0.003 0.004 0.005 0.018 0.037 0.704 0.040 0.011 0.031 0.093 0.013 0.026 
117 RRO_WM850    (2)   12 :  0.011 0.002 0.007 0.004 0.003 0.004 0.012 0.028 0.801 0.038 0.015 0.027 0.011 0.003 0.034 
118 RRO_WM851    (1)   12 :  0.012 0.002 0.010 0.002 0.004 0.004 0.020 0.082 0.511 0.082 0.021 0.088 0.017 0.041 0.103 
119 CPS_WM901    (2)   13 :  0.006 0.002 0.005 0.002 0.006 0.003 0.016 0.017 0.014 0.013 0.006 0.015 0.007 0.870 0.017 
120 CPS_WM902    (2)   13 :  0.007 0.002 0.004 0.003 0.010 0.005 0.007 0.011 0.008 0.014 0.007 0.009 0.063 0.839 0.011 
121 CPS_WM903    (5)   13 :  0.005 0.002 0.004 0.002 0.008 0.002 0.010 0.011 0.013 0.010 0.006 0.007 0.004 0.907 0.010 
122 CPS_WM904    (1)   13 :  0.010 0.002 0.008 0.017 0.019 0.014 0.007 0.013 0.012 0.011 0.007 0.009 0.008 0.850 0.011 
123 CPS_WM905    (2)   13 :  0.005 0.002 0.024 0.032 0.008 0.032 0.007 0.008 0.009 0.007 0.020 0.009 0.006 0.822 0.009 
124 CPS_WM906    (3)   13 :  0.009 0.002 0.006 0.002 0.004 0.005 0.010 0.019 0.008 0.020 0.011 0.020 0.009 0.852 0.023 
125 CPS_WM907    (6)   13 :  0.008 0.002 0.007 0.002 0.003 0.002 0.018 0.040 0.006 0.045 0.014 0.052 0.010 0.722 0.068 
126 CPS_WM908    (3)   13 :  0.012 0.002 0.014 0.004 0.009 0.005 0.027 0.041 0.010 0.054 0.020 0.045 0.016 0.681 0.061 
127 CPS_WM909    (2)   13 :  0.009 0.002 0.006 0.003 0.008 0.003 0.015 0.037 0.011 0.033 0.012 0.044 0.012 0.759 0.048 
128 CPS_WM910    (1)   13 :  0.009 0.003 0.007 0.008 0.003 0.011 0.008 0.018 0.006 0.016 0.009 0.019 0.007 0.862 0.013 
129 PPNP_WM962    (1)   14 :  0.929 0.005 0.003 0.004 0.002 0.003 0.005 0.009 0.003 0.009 0.005 0.007 0.004 0.003 0.008 
130 PPNP_WM963    (0)   14 :  0.736 0.013 0.007 0.010 0.004 0.009 0.017 0.048 0.005 0.035 0.015 0.034 0.014 0.004 0.049 
131 PPNP_WM964    (0)   14 :  0.854 0.046 0.005 0.014 0.005 0.013 0.006 0.009 0.004 0.010 0.008 0.008 0.006 0.003 0.010 
132 PPNP_WM965    (4)   14 :  0.868 0.002 0.005 0.002 0.003 0.002 0.009 0.025 0.006 0.024 0.009 0.017 0.012 0.004 0.014 
133 PPNP_WM966    (4)   14 :  0.931 0.002 0.004 0.002 0.002 0.002 0.003 0.008 0.004 0.010 0.005 0.009 0.006 0.002 0.009 
134 PPNP_WM967    (4)   14 :  0.729 0.003 0.007 0.002 0.004 0.002 0.014 0.051 0.006 0.047 0.013 0.043 0.012 0.004 0.065 
135 PPNP_WM968    (5)   14 :  0.115 0.012 0.015 0.007 0.005 0.007 0.019 0.167 0.009 0.197 0.058 0.135 0.020 0.005 0.228 
136 PPNP_WM969    (2)   14 :  0.776 0.002 0.007 0.002 0.002 0.002 0.008 0.045 0.006 0.045 0.013 0.022 0.014 0.003 0.051 
137 PPNP_WM970    (2)   14 :  0.724 0.003 0.008 0.003 0.004 0.003 0.014 0.066 0.005 0.042 0.015 0.038 0.012 0.004 0.058 
138 PPNP_WM971    (2)   14 :  0.774 0.002 0.005 0.001 0.003 0.002 0.007 0.036 0.005 0.042 0.015 0.040 0.009 0.004 0.054 
139 FPPI_WM1021    (4)   15 :  0.840 0.002 0.008 0.006 0.004 0.006 0.008 0.026 0.004 0.022 0.014 0.023 0.015 0.003 0.018 
140 FPPI_WM1022    (4)   15 :  0.521 0.020 0.007 0.005 0.003 0.004 0.010 0.043 0.005 0.051 0.212 0.043 0.017 0.004 0.054 
141 FPPI_WM1023    (1)   15 :  0.822 0.004 0.006 0.002 0.003 0.002 0.011 0.030 0.006 0.024 0.011 0.025 0.012 0.003 0.039 
142 FPPI_WM1024    (5)   15 :  0.737 0.002 0.006 0.003 0.004 0.003 0.011 0.051 0.005 0.052 0.016 0.035 0.016 0.004 0.056 
143 FPPI_WM1025    (6)   15 :  0.749 0.006 0.006 0.002 0.003 0.002 0.011 0.044 0.005 0.042 0.011 0.048 0.020 0.003 0.048 
144 FPPI_WM1026    (1)   15 :  0.921 0.003 0.006 0.002 0.003 0.002 0.005 0.008 0.004 0.014 0.006 0.010 0.004 0.002 0.011 
145 FPPI_WM1027    (3)   15 :  0.928 0.002 0.004 0.002 0.002 0.002 0.004 0.008 0.003 0.013 0.004 0.008 0.006 0.003 0.011 
146 FPPI_WM1028    (2)   15 :  0.877 0.005 0.004 0.002 0.003 0.002 0.008 0.017 0.006 0.015 0.010 0.018 0.007 0.003 0.022 
147 FPPI_WM1029    (3)   15 :  0.491 0.020 0.010 0.004 0.004 0.003 0.010 0.124 0.006 0.111 0.019 0.057 0.014 0.005 0.121 
148 FPPI_WM1030    (1)   15 :  0.880 0.004 0.005 0.014 0.004 0.016 0.006 0.012 0.004 0.012 0.007 0.012 0.006 0.006 0.012 
149 CRWA_WM1082    (2)   16 :  0.005 0.002 0.934 0.002 0.002 0.002 0.005 0.008 0.003 0.008 0.006 0.009 0.004 0.003 0.008 
150 CRWA_WM1084    (5)   16 :  0.010 0.002 0.335 0.002 0.008 0.005 0.026 0.089 0.006 0.118 0.010 0.297 0.049 0.003 0.039 
151 CRWA_WM1085    (2)   16 :  0.009 0.002 0.412 0.003 0.007 0.004 0.021 0.084 0.008 0.127 0.015 0.228 0.018 0.004 0.056 
152 CRWA_WM1086    (9)   16 :  0.012 0.002 0.093 0.009 0.005 0.010 0.022 0.114 0.040 0.188 0.115 0.296 0.016 0.005 0.073 
153 CRWA_WM1087    (0)   16 :  0.008 0.003 0.440 0.096 0.012 0.092 0.015 0.079 0.007 0.100 0.025 0.036 0.008 0.014 0.067 
154 CRWA_WM1088    (1)   16 :  0.008 0.003 0.051 0.022 0.011 0.018 0.016 0.130 0.006 0.157 0.065 0.429 0.050 0.005 0.030 
155 CRWA_WM1089    (3)   16 :  0.011 0.002 0.592 0.002 0.005 0.002 0.014 0.068 0.006 0.100 0.029 0.078 0.026 0.005 0.058 
156 CRWA_WM1090    (0)   16 :  0.014 0.003 0.139 0.016 0.063 0.008 0.253 0.119 0.023 0.108 0.016 0.106 0.015 0.004 0.113 
157 CRWA_WM1092    (1)   16 :  0.017 0.002 0.515 0.088 0.012 0.100 0.017 0.059 0.009 0.054 0.022 0.042 0.013 0.005 0.045 
158 CRWA_WM1093    (1)   16 :  0.009 0.002 0.590 0.050 0.006 0.036 0.011 0.058 0.006 0.027 0.015 0.085 0.077 0.004 0.023 
159 PCRA_WM1141    (3)   17 :  0.012 0.002 0.053 0.004 0.547 0.003 0.161 0.046 0.013 0.048 0.017 0.037 0.018 0.005 0.034 
160 PCRA_WM1142    (3)   17 :  0.012 0.003 0.010 0.002 0.652 0.002 0.033 0.074 0.008 0.061 0.014 0.050 0.019 0.006 0.055 
161 PCRA_WM1143    (1)   17 :  0.012 0.002 0.009 0.002 0.441 0.002 0.086 0.087 0.009 0.092 0.030 0.067 0.019 0.004 0.138 
162 PCRA_WM1144    (2)   17 :  0.007 0.003 0.006 0.002 0.009 0.002 0.019 0.053 0.606 0.050 0.017 0.039 0.117 0.010 0.059 
163 PCRA_WM1145    (4)   17 :  0.019 0.002 0.012 0.007 0.336 0.005 0.063 0.088 0.007 0.136 0.029 0.114 0.036 0.024 0.120 
164 PCRA_WM1146    (2)   17 :  0.007 0.002 0.068 0.011 0.786 0.009 0.013 0.011 0.014 0.010 0.015 0.013 0.025 0.010 0.006 
165 PCRA_WM1147    (1)   17 :  0.007 0.002 0.042 0.003 0.103 0.003 0.134 0.119 0.007 0.177 0.013 0.302 0.012 0.003 0.074 
166 PCRA_WM1148    (0)   17 :  0.007 0.002 0.005 0.011 0.892 0.008 0.019 0.007 0.006 0.009 0.008 0.009 0.006 0.003 0.008 
167 PCRA_WM1149    (1)   17 :  0.009 0.002 0.007 0.017 0.748 0.012 0.011 0.015 0.022 0.018 0.009 0.012 0.023 0.084 0.011 
168 PCRA_WM1150    (0)   17 :  0.006 0.004 0.007 0.019 0.830 0.014 0.012 0.012 0.017 0.014 0.006 0.011 0.033 0.004 0.011 
169 DHFA_WM1202    (3)   18 :  0.019 0.684 0.012 0.003 0.004 0.003 0.009 0.057 0.007 0.053 0.031 0.045 0.015 0.005 0.054 
170 DHFA_WM1203    (1)   18 :  0.025 0.693 0.010 0.004 0.004 0.003 0.015 0.051 0.006 0.056 0.017 0.035 0.014 0.005 0.060 
171 DHFA_WM1204    (2)   18 :  0.015 0.738 0.007 0.003 0.004 0.003 0.020 0.034 0.009 0.040 0.014 0.043 0.014 0.005 0.051 
172 DHFA_WM1205    (5)   18 :  0.008 0.917 0.005 0.003 0.002 0.003 0.005 0.009 0.004 0.009 0.009 0.008 0.005 0.004 0.010 
173 DHFA_WM1206    (4)   18 :  0.007 0.890 0.005 0.002 0.003 0.003 0.007 0.013 0.005 0.018 0.009 0.013 0.007 0.003 0.015 
174 DHFA_WM1207    (2)   18 :  0.004 0.940 0.003 0.003 0.002 0.003 0.004 0.007 0.003 0.007 0.005 0.008 0.005 0.003 0.005 
175 DHFA_WM1208    (3)   18 :  0.011 0.899 0.004 0.003 0.002 0.003 0.006 0.015 0.004 0.014 0.008 0.010 0.008 0.003 0.011 
176 DHFA_WM1209    (1)   18 :  0.009 0.920 0.004 0.009 0.004 0.008 0.005 0.007 0.003 0.007 0.005 0.005 0.004 0.002 0.008 
177 DHFA_WM1210    (0)   18 :  0.003 0.960 0.002 0.004 0.002 0.004 0.002 0.003 0.002 0.003 0.003 0.003 0.003 0.002 0.003 
178 DHFA_WM1211    (2)   18 :  0.016 0.740 0.009 0.003 0.004 0.003 0.012 0.053 0.007 0.042 0.016 0.021 0.016 0.005 0.054 


Estimated Allele Frequencies in each cluster
First column gives estimated ancestral frequencies


Locus 1 : 953_21 
2 alleles
4.5% missing data
 120   (0.956) 0.900 0.997 0.998 0.964 0.995 0.964 0.999 1.000 0.998 1.000 0.999 1.000 0.999 0.997 1.000 
 100   (0.044) 0.100 0.003 0.002 0.036 0.005 0.036 0.001 0.000 0.002 0.000 0.001 0.000 0.001 0.003 0.000 

Locus 2 : 2370_26 
2 alleles
6.2% missing data
 110   (0.953) 0.793 0.997 0.998 0.961 0.995 0.961 0.999 1.000 0.998 1.000 0.999 1.000 0.999 0.997 1.000 
 130   (0.047) 0.207 0.003 0.002 0.039 0.005 0.039 0.001 0.000 0.002 0.000 0.001 0.000 0.001 0.003 0.000 

Locus 3 : 2692_87 
2 alleles
1.7% missing data
 130   (0.949) 0.999 0.764 0.998 0.958 0.994 0.958 0.999 1.000 0.998 1.000 0.999 1.000 0.999 0.997 1.000 
 120   (0.051) 0.001 0.236 0.002 0.042 0.006 0.042 0.001 0.000 0.002 0.000 0.001 0.000 0.001 0.003 0.000 

Locus 4 : 2828_58 
2 alleles
6.7% missing data
 100   (0.926) 0.998 0.995 0.996 0.908 0.824 0.914 0.997 0.994 0.995 0.998 0.997 0.987 0.997 0.994 0.999 
 120   (0.074) 0.002 0.005 0.004 0.092 0.176 0.086 0.003 0.006 0.005 0.002 0.003 0.013 0.003 0.006 0.001 

Locus 5 : 6398_73 
2 alleles
6.2% missing data
 130   (0.918) 0.796 0.641 0.997 0.931 0.991 0.931 0.999 0.999 0.996 0.999 0.998 0.999 0.999 0.995 1.000 
 100   (0.082) 0.204 0.359 0.003 0.069 0.009 0.069 0.001 0.001 0.004 0.001 0.002 0.001 0.001 0.005 0.000 

Locus 6 : 7469_71 
2 alleles
5.1% missing data
 130   (0.957) 0.998 0.997 0.997 0.959 0.993 0.959 0.999 0.997 0.997 0.989 0.998 0.994 0.999 0.996 1.000 
 110   (0.043) 0.002 0.003 0.003 0.041 0.007 0.041 0.001 0.003 0.003 0.011 0.002 0.006 0.001 0.004 0.000 

Locus 7 : 7615_47 
2 alleles
5.1% missing data
 130   (0.956) 0.998 0.996 0.996 0.957 0.992 0.959 0.998 0.996 0.997 0.996 0.996 0.996 0.999 0.996 0.998 
 100   (0.044) 0.002 0.004 0.004 0.043 0.008 0.041 0.002 0.004 0.003 0.004 0.004 0.004 0.001 0.004 0.002 

Locus 8 : 8211_10 
2 alleles
2.8% missing data
 120   (0.955) 0.999 0.935 0.998 0.963 0.995 0.963 0.999 1.000 0.998 1.000 0.999 1.000 0.999 0.997 1.000 
 100   (0.045) 0.001 0.065 0.002 0.037 0.005 0.037 0.001 0.000 0.002 0.000 0.001 0.000 0.001 0.003 0.000 

Locus 9 : 8394_14 
2 alleles
2.2% missing data
 110   (0.954) 0.864 0.997 0.998 0.962 0.995 0.962 0.999 1.000 0.998 1.000 0.998 1.000 0.999 0.997 1.000 
 130   (0.046) 0.136 0.003 0.002 0.038 0.005 0.038 0.001 0.000 0.002 0.000 0.002 0.000 0.001 0.003 0.000 

Locus 10 : 9621_63 
2 alleles
3.9% missing data
 130   (0.953) 0.999 0.939 0.998 0.961 0.995 0.961 0.999 1.000 0.998 1.000 0.999 1.000 0.999 0.997 1.000 
 110   (0.047) 0.001 0.061 0.002 0.039 0.005 0.039 0.001 0.000 0.002 0.000 0.001 0.000 0.001 0.003 0.000 

Locus 11 : 9880_35 
2 alleles
4.5% missing data
 120   (0.950) 0.999 0.704 0.998 0.959 0.995 0.960 0.999 1.000 0.998 1.000 0.999 1.000 0.999 0.996 1.000 
 100   (0.050) 0.001 0.296 0.002 0.041 0.005 0.040 0.001 0.000 0.002 0.000 0.001 0.000 0.001 0.004 0.000 

Locus 12 : 11163_16 
2 alleles
7.9% missing data
 130   (0.953) 0.999 0.913 0.998 0.961 0.995 0.961 0.999 1.000 0.998 1.000 0.999 1.000 0.999 0.997 1.000 
 110   (0.047) 0.001 0.087 0.002 0.039 0.005 0.039 0.001 0.000 0.002 0.000 0.001 0.000 0.001 0.003 0.000 

Locus 13 : 11991_31 
2 alleles
4.5% missing data
 120   (0.929) 0.998 0.995 0.992 0.895 0.987 0.899 0.990 0.997 0.980 0.998 0.997 0.994 0.998 0.995 0.999 
 100   (0.071) 0.002 0.005 0.008 0.105 0.013 0.101 0.010 0.003 0.020 0.002 0.003 0.006 0.002 0.005 0.001 

Locus 14 : 12766_17 
2 alleles
2.2% missing data
 120   (0.955) 0.999 0.997 0.998 0.961 0.931 0.962 0.999 1.000 0.998 1.000 0.999 1.000 0.999 0.995 1.000 
 100   (0.045) 0.001 0.003 0.002 0.039 0.069 0.038 0.001 0.000 0.002 0.000 0.001 0.000 0.001 0.005 0.000 

Locus 15 : 13496_14 
2 alleles
5.1% missing data
 110   (0.954) 0.999 0.997 0.998 0.962 0.995 0.962 0.999 1.000 0.998 1.000 0.999 1.000 0.999 0.683 1.000 
 100   (0.046) 0.001 0.003 0.002 0.038 0.005 0.038 0.001 0.000 0.002 0.000 0.001 0.000 0.001 0.317 0.000 

Locus 16 : 14394_41 
2 alleles
2.2% missing data
 130   (0.957) 0.999 0.997 0.998 0.964 0.928 0.964 0.999 1.000 0.998 1.000 0.999 1.000 0.999 0.997 1.000 
 110   (0.043) 0.001 0.003 0.002 0.036 0.072 0.036 0.001 0.000 0.002 0.000 0.001 0.000 0.001 0.003 0.000 

Locus 17 : 16285_24 
2 alleles
6.2% missing data
 130   (0.952) 0.999 0.874 0.998 0.960 0.995 0.960 0.999 1.000 0.998 1.000 0.999 1.000 0.999 0.997 1.000 
 100   (0.048) 0.001 0.126 0.002 0.040 0.005 0.040 0.001 0.000 0.002 0.000 0.001 0.000 0.001 0.003 0.000 

Locus 18 : 18821_69 
2 alleles
7.3% missing data
 120   (0.954) 0.999 0.997 0.998 0.962 0.995 0.962 0.999 1.000 0.998 1.000 0.706 0.999 0.999 0.997 1.000 
 110   (0.046) 0.001 0.003 0.002 0.038 0.005 0.038 0.001 0.000 0.002 0.000 0.294 0.001 0.001 0.003 0.000 

Locus 19 : 19006_32 
2 alleles
6.7% missing data
 120   (0.919) 0.798 0.659 0.997 0.932 0.991 0.933 0.999 1.000 0.996 0.999 0.998 0.999 0.999 0.994 1.000 
 110   (0.081) 0.202 0.341 0.003 0.068 0.009 0.067 0.001 0.000 0.004 0.001 0.002 0.001 0.001 0.006 0.000 

Locus 20 : 19602_58 
2 alleles
4.5% missing data
 120   (0.955) 0.999 0.972 0.998 0.963 0.995 0.963 0.999 1.000 0.998 1.000 0.999 1.000 0.999 0.997 1.000 
 100   (0.045) 0.001 0.028 0.002 0.037 0.005 0.037 0.001 0.000 0.002 0.000 0.001 0.000 0.001 0.003 0.000 

Locus 21 : 20143_24 
2 alleles
3.4% missing data
 120   (0.957) 0.999 0.997 0.998 0.959 0.994 0.961 0.999 1.000 0.998 1.000 0.999 1.000 0.999 0.964 1.000 
 100   (0.043) 0.001 0.003 0.002 0.041 0.006 0.039 0.001 0.000 0.002 0.000 0.001 0.000 0.001 0.036 0.000 

Locus 22 : 21661_29 
2 alleles
2.2% missing data
 120   (0.954) 0.999 0.891 0.998 0.962 0.995 0.962 0.999 1.000 0.998 1.000 0.999 1.000 0.999 0.997 1.000 
 100   (0.046) 0.001 0.109 0.002 0.038 0.005 0.038 0.001 0.000 0.002 0.000 0.001 0.000 0.001 0.003 0.000 

Locus 23 : 22603_12 
2 alleles
5.1% missing data
 130   (0.954) 0.999 0.944 0.998 0.962 0.995 0.963 0.999 1.000 0.998 1.000 0.999 1.000 0.999 0.997 1.000 
 110   (0.046) 0.001 0.056 0.002 0.038 0.005 0.037 0.001 0.000 0.002 0.000 0.001 0.000 0.001 0.003 0.000 

Locus 24 : 25109_23 
2 alleles
1.7% missing data
 120   (0.932) 0.998 0.995 0.815 0.940 0.944 0.939 0.993 0.998 0.996 0.999 0.998 0.997 0.999 0.994 0.999 
 100   (0.068) 0.002 0.005 0.185 0.060 0.056 0.061 0.007 0.002 0.004 0.001 0.002 0.003 0.001 0.006 0.001 

Locus 25 : 25511_77 
2 alleles
5.1% missing data
 130   (0.953) 0.940 0.996 0.998 0.960 0.994 0.961 0.999 1.000 0.998 1.000 0.999 1.000 0.999 0.997 1.000 
 110   (0.047) 0.060 0.004 0.002 0.040 0.006 0.039 0.001 0.000 0.002 0.000 0.001 0.000 0.001 0.003 0.000 

Locus 26 : 26816_9 
2 alleles
5.6% missing data
 110   (0.865) 0.996 0.991 0.660 0.823 0.983 0.819 0.976 0.994 0.806 0.994 0.994 0.977 0.995 0.977 0.999 
 130   (0.135) 0.004 0.009 0.340 0.177 0.017 0.181 0.024 0.006 0.194 0.006 0.006 0.023 0.005 0.023 0.001 

Locus 27 : 29455_86 
2 alleles
5.6% missing data
 120   (0.957) 0.999 0.997 0.998 0.952 0.989 0.951 0.993 1.000 0.998 1.000 0.999 1.000 0.999 0.996 1.000 
 110   (0.043) 0.001 0.003 0.002 0.048 0.011 0.049 0.007 0.000 0.002 0.000 0.001 0.000 0.001 0.004 0.000 

Locus 28 : 30970_30 
2 alleles
6.7% missing data
 120   (0.957) 0.999 0.997 0.998 0.963 0.993 0.964 0.999 1.000 0.998 1.000 0.999 1.000 0.999 0.957 1.000 
 110   (0.043) 0.001 0.003 0.002 0.037 0.007 0.036 0.001 0.000 0.002 0.000 0.001 0.000 0.001 0.043 0.000 

Locus 29 : 33052_5 
2 alleles
1.1% missing data
 130   (0.957) 0.999 0.997 0.994 0.962 0.994 0.963 0.999 1.000 0.998 1.000 0.965 1.000 0.999 0.997 1.000 
 110   (0.043) 0.001 0.003 0.006 0.038 0.006 0.037 0.001 0.000 0.002 0.000 0.035 0.000 0.001 0.003 0.000 

Locus 30 : 33744_32 
2 alleles
2.8% missing data
 130   (0.952) 0.999 0.997 0.998 0.958 0.995 0.958 0.999 1.000 0.998 1.000 0.877 1.000 0.999 0.997 1.000 
 110   (0.048) 0.001 0.003 0.002 0.042 0.005 0.042 0.001 0.000 0.002 0.000 0.123 0.000 0.001 0.003 0.000 

Locus 31 : 34805_8 
2 alleles
4.5% missing data
 110   (0.938) 0.998 0.996 0.997 0.940 0.754 0.938 0.992 1.000 0.997 1.000 0.999 1.000 0.999 0.996 1.000 
 120   (0.062) 0.002 0.004 0.003 0.060 0.246 0.062 0.008 0.000 0.003 0.000 0.001 0.000 0.001 0.004 0.000 

Locus 32 : 35345_10 
2 alleles
5.1% missing data
 130   (0.950) 0.998 0.996 0.997 0.955 0.993 0.954 0.998 0.998 0.997 0.993 0.948 0.991 0.999 0.996 0.996 
 110   (0.050) 0.002 0.004 0.003 0.045 0.007 0.046 0.002 0.002 0.003 0.007 0.052 0.009 0.001 0.004 0.004 

Locus 33 : 35769_30 
2 alleles
6.2% missing data
 110   (0.939) 0.998 0.996 0.995 0.947 0.925 0.948 0.999 1.000 0.997 1.000 0.999 0.999 0.999 0.958 1.000 
 100   (0.061) 0.002 0.004 0.005 0.053 0.075 0.052 0.001 0.000 0.003 0.000 0.001 0.001 0.001 0.042 0.000 

Locus 34 : 35965_89 
2 alleles
3.4% missing data
 130   (0.957) 0.999 0.997 0.977 0.954 0.994 0.958 0.999 1.000 0.998 1.000 0.999 0.999 0.999 0.997 1.000 
 100   (0.043) 0.001 0.003 0.023 0.046 0.006 0.042 0.001 0.000 0.002 0.000 0.001 0.001 0.001 0.003 0.000 

Locus 35 : 39654_13 
2 alleles
5.6% missing data
 120   (0.958) 0.999 0.997 0.998 0.955 0.995 0.956 0.999 1.000 0.988 1.000 0.999 1.000 0.999 0.997 1.000 
 100   (0.042) 0.001 0.003 0.002 0.045 0.005 0.044 0.001 0.000 0.012 0.000 0.001 0.000 0.001 0.003 0.000 

Locus 36 : 39700_65 
2 alleles
3.4% missing data
 110   (0.959) 0.999 0.997 0.998 0.951 0.993 0.949 0.997 0.999 0.997 1.000 0.999 0.999 0.999 0.996 1.000 
 120   (0.041) 0.001 0.003 0.002 0.049 0.007 0.051 0.003 0.001 0.003 0.000 0.001 0.001 0.001 0.004 0.000 

Locus 37 : 40824_7 
2 alleles
5.1% missing data
 130   (0.955) 0.999 0.997 0.998 0.962 0.995 0.963 0.999 1.000 0.929 1.000 0.999 1.000 0.999 0.996 1.000 
 110   (0.045) 0.001 0.003 0.002 0.038 0.005 0.037 0.001 0.000 0.071 0.000 0.001 0.000 0.001 0.004 0.000 

Locus 38 : 41554_43 
2 alleles
7.3% missing data
 120   (0.957) 0.999 0.997 0.998 0.964 0.994 0.964 0.999 1.000 0.998 1.000 0.999 0.999 0.999 0.957 1.000 
 100   (0.043) 0.001 0.003 0.002 0.036 0.006 0.036 0.001 0.000 0.002 0.000 0.001 0.001 0.001 0.043 0.000 

Locus 39 : 42501_5 
2 alleles
5.6% missing data
 120   (0.954) 0.999 0.918 0.998 0.962 0.995 0.963 0.999 1.000 0.998 1.000 0.999 1.000 0.999 0.997 1.000 
 110   (0.046) 0.001 0.082 0.002 0.038 0.005 0.037 0.001 0.000 0.002 0.000 0.001 0.000 0.001 0.003 0.000 

Locus 40 : 42989_15 
2 alleles
3.4% missing data
 130   (0.956) 0.999 0.997 0.998 0.963 0.995 0.962 0.999 1.000 0.927 0.999 0.999 0.999 0.999 0.997 1.000 
 110   (0.044) 0.001 0.003 0.002 0.037 0.005 0.038 0.001 0.000 0.073 0.001 0.001 0.001 0.001 0.003 0.000 

Locus 41 : 44631_16 
2 alleles
5.6% missing data
 120   (0.954) 0.999 0.997 0.998 0.961 0.994 0.962 0.999 1.000 0.998 1.000 0.999 1.000 0.999 0.845 1.000 
 110   (0.046) 0.001 0.003 0.002 0.039 0.006 0.038 0.001 0.000 0.002 0.000 0.001 0.000 0.001 0.155 0.000 

Locus 42 : 45332_74 
2 alleles
3.4% missing data
 130   (0.876) 0.996 0.991 0.995 0.883 0.829 0.887 0.945 0.993 0.742 0.999 0.982 0.995 0.792 0.991 0.999 
 110   (0.124) 0.004 0.009 0.005 0.117 0.171 0.113 0.055 0.007 0.258 0.001 0.018 0.005 0.208 0.009 0.001 

Locus 43 : 45964_12 
2 alleles
2.2% missing data
 100   (0.958) 0.979 0.995 0.998 0.962 0.994 0.963 0.999 1.000 0.998 1.000 0.999 1.000 0.999 0.997 1.000 
 130   (0.042) 0.021 0.005 0.002 0.038 0.006 0.037 0.001 0.000 0.002 0.000 0.001 0.000 0.001 0.003 0.000 

Locus 44 : 47772_18 
2 alleles
1.7% missing data
 120   (0.951) 0.999 0.812 0.998 0.959 0.995 0.960 0.999 1.000 0.998 1.000 0.999 1.000 0.999 0.997 1.000 
 100   (0.049) 0.001 0.188 0.002 0.041 0.005 0.040 0.001 0.000 0.002 0.000 0.001 0.000 0.001 0.003 0.000 

Locus 45 : 48505_7 
2 alleles
2.8% missing data
 130   (0.957) 0.999 0.997 0.998 0.954 0.994 0.954 0.999 1.000 0.998 1.000 0.999 0.999 0.990 0.997 1.000 
 110   (0.043) 0.001 0.003 0.002 0.046 0.006 0.046 0.001 0.000 0.002 0.000 0.001 0.001 0.010 0.003 0.000 

Locus 46 : 49838_13 
2 alleles
5.1% missing data
 120   (0.957) 0.999 0.997 0.998 0.964 0.995 0.965 0.999 1.000 0.998 1.000 0.999 1.000 0.912 0.997 1.000 
 100   (0.043) 0.001 0.003 0.002 0.036 0.005 0.035 0.001 0.000 0.002 0.000 0.001 0.000 0.088 0.003 0.000 

Locus 47 : 50793_47 
2 alleles
6.2% missing data
 120   (0.951) 0.999 0.996 0.998 0.959 0.994 0.959 0.999 1.000 0.863 1.000 0.999 0.999 0.999 0.992 1.000 
 100   (0.049) 0.001 0.004 0.002 0.041 0.006 0.041 0.001 0.000 0.137 0.000 0.001 0.001 0.001 0.008 0.000 

Locus 48 : 51471_5 
2 alleles
2.2% missing data
 110   (0.955) 0.941 0.997 0.998 0.963 0.995 0.963 0.999 1.000 0.998 1.000 0.999 1.000 0.999 0.997 1.000 
 120   (0.045) 0.059 0.003 0.002 0.037 0.005 0.037 0.001 0.000 0.002 0.000 0.001 0.000 0.001 0.003 0.000 

Locus 49 : 52408_45 
2 alleles
2.2% missing data
 130   (0.953) 0.999 0.997 0.998 0.962 0.995 0.962 0.999 1.000 0.998 1.000 0.999 1.000 0.999 0.811 1.000 
 110   (0.047) 0.001 0.003 0.002 0.038 0.005 0.038 0.001 0.000 0.002 0.000 0.001 0.000 0.001 0.189 0.000 

Locus 50 : 53046_18 
2 alleles
0.6% missing data
 120   (0.937) 0.998 0.995 0.998 0.937 0.993 0.939 0.999 1.000 0.928 1.000 0.991 0.999 0.999 0.996 1.000 
 100   (0.063) 0.002 0.005 0.002 0.063 0.007 0.061 0.001 0.000 0.072 0.000 0.009 0.001 0.001 0.004 0.000 

Locus 51 : 53230_50 
2 alleles
4.5% missing data
 120   (0.956) 0.899 0.997 0.998 0.964 0.995 0.964 0.999 1.000 0.998 1.000 0.999 1.000 0.999 0.997 1.000 
 110   (0.044) 0.101 0.003 0.002 0.036 0.005 0.036 0.001 0.000 0.002 0.000 0.001 0.000 0.001 0.003 0.000 

Locus 52 : 53957_5 
2 alleles
3.9% missing data
 130   (0.957) 0.999 0.997 0.998 0.954 0.994 0.954 0.998 1.000 0.990 1.000 0.999 1.000 0.999 0.997 1.000 
 110   (0.043) 0.001 0.003 0.002 0.046 0.006 0.046 0.002 0.000 0.010 0.000 0.001 0.000 0.001 0.003 0.000 

Locus 53 : 58003_89 
2 alleles
3.9% missing data
 120   (0.948) 0.998 0.996 0.972 0.948 0.988 0.951 0.987 0.992 0.994 0.996 0.998 0.996 0.999 0.995 0.997 
 100   (0.052) 0.002 0.004 0.028 0.052 0.012 0.049 0.013 0.008 0.006 0.004 0.002 0.004 0.001 0.005 0.003 

Locus 54 : 58412_58 
2 alleles
2.2% missing data
 110   (0.958) 0.999 0.974 0.998 0.964 0.995 0.964 0.999 1.000 0.998 1.000 0.999 1.000 0.999 0.997 1.000 
 100   (0.042) 0.001 0.026 0.002 0.036 0.005 0.036 0.001 0.000 0.002 0.000 0.001 0.000 0.001 0.003 0.000 

Locus 55 : 58452_11 
2 alleles
3.4% missing data
 120   (0.958) 0.999 0.997 0.986 0.952 0.994 0.953 0.999 1.000 0.998 1.000 0.999 1.000 0.999 0.997 1.000 
 130   (0.042) 0.001 0.003 0.014 0.048 0.006 0.047 0.001 0.000 0.002 0.000 0.001 0.000 0.001 0.003 0.000 

Locus 56 : 59409_85 
2 alleles
2.8% missing data
 130   (0.957) 0.999 0.997 0.998 0.948 0.995 0.954 0.996 1.000 0.998 1.000 0.999 1.000 0.999 0.997 1.000 
 100   (0.043) 0.001 0.003 0.002 0.052 0.005 0.046 0.004 0.000 0.002 0.000 0.001 0.000 0.001 0.003 0.000 

Locus 57 : 60620_10 
2 alleles
1.1% missing data
 120   (0.953) 0.999 0.891 0.998 0.961 0.995 0.961 0.999 1.000 0.998 1.000 0.999 1.000 0.999 0.997 1.000 
 130   (0.047) 0.001 0.109 0.002 0.039 0.005 0.039 0.001 0.000 0.002 0.000 0.001 0.000 0.001 0.003 0.000 

Locus 58 : 61541_77 
2 alleles
3.4% missing data
 120   (0.952) 0.999 0.839 0.998 0.961 0.995 0.961 0.999 1.000 0.998 1.000 0.999 1.000 0.999 0.997 1.000 
 100   (0.048) 0.001 0.161 0.002 0.039 0.005 0.039 0.001 0.000 0.002 0.000 0.001 0.000 0.001 0.003 0.000 

Locus 59 : 61756_42 
2 alleles
1.1% missing data
 130   (0.951) 0.999 0.820 0.998 0.960 0.995 0.960 0.999 1.000 0.998 1.000 0.999 1.000 0.999 0.997 1.000 
 110   (0.049) 0.001 0.180 0.002 0.040 0.005 0.040 0.001 0.000 0.002 0.000 0.001 0.000 0.001 0.003 0.000 

Locus 60 : 62497_19 
2 alleles
6.2% missing data
 130   (0.904) 0.997 0.993 0.958 0.913 0.942 0.914 0.982 0.997 0.994 0.995 0.997 0.992 0.983 0.871 0.994 
 110   (0.096) 0.003 0.007 0.042 0.087 0.058 0.086 0.018 0.003 0.006 0.005 0.003 0.008 0.017 0.129 0.006 

Locus 61 : 63024_50 
2 alleles
2.8% missing data
 120   (0.947) 0.999 0.996 0.958 0.931 0.993 0.937 0.999 1.000 0.998 1.000 0.999 1.000 0.999 0.996 1.000 
 100   (0.053) 0.001 0.004 0.042 0.069 0.007 0.063 0.001 0.000 0.002 0.000 0.001 0.000 0.001 0.004 0.000 

Locus 62 : 64492_50 
2 alleles
7.3% missing data
 120   (0.916) 0.998 0.994 0.951 0.927 0.988 0.928 0.998 0.999 0.930 0.999 0.998 0.999 0.999 0.884 1.000 
 100   (0.084) 0.002 0.006 0.049 0.073 0.012 0.072 0.002 0.001 0.070 0.001 0.002 0.001 0.001 0.116 0.000 

Locus 63 : 67984_34 
2 alleles
2.2% missing data
 120   (0.953) 0.999 0.865 0.998 0.961 0.995 0.962 0.999 1.000 0.998 1.000 0.999 1.000 0.999 0.997 1.000 
 100   (0.047) 0.001 0.135 0.002 0.039 0.005 0.038 0.001 0.000 0.002 0.000 0.001 0.000 0.001 0.003 0.000 

Locus 64 : 69199_10 
2 alleles
4.5% missing data
 120   (0.942) 0.998 0.996 0.303 0.939 0.993 0.941 0.999 0.999 0.997 0.999 0.998 0.995 0.999 0.996 1.000 
 100   (0.058) 0.002 0.004 0.697 0.061 0.007 0.059 0.001 0.001 0.003 0.001 0.002 0.005 0.001 0.004 0.000 

Locus 65 : 71368_77 
2 alleles
6.7% missing data
 100   (0.955) 0.773 0.997 0.998 0.963 0.995 0.963 0.999 1.000 0.998 1.000 0.999 1.000 0.999 0.997 1.000 
 110   (0.045) 0.227 0.003 0.002 0.037 0.005 0.037 0.001 0.000 0.002 0.000 0.001 0.000 0.001 0.003 0.000 

Locus 66 : 72276_35 
2 alleles
5.1% missing data
 130   (0.954) 0.999 0.997 0.997 0.961 0.995 0.957 0.999 1.000 0.899 1.000 0.999 1.000 0.999 0.997 1.000 
 120   (0.046) 0.001 0.003 0.003 0.039 0.005 0.043 0.001 0.000 0.101 0.000 0.001 0.000 0.001 0.003 0.000 

Locus 67 : 73554_16 
2 alleles
3.9% missing data
 100   (0.955) 0.999 0.997 0.998 0.962 0.847 0.962 0.999 1.000 0.998 1.000 0.999 1.000 0.999 0.997 1.000 
 130   (0.045) 0.001 0.003 0.002 0.038 0.153 0.038 0.001 0.000 0.002 0.000 0.001 0.000 0.001 0.003 0.000 

Locus 68 : 74575_32 
2 alleles
1.7% missing data
 120   (0.957) 0.999 0.997 0.998 0.954 0.995 0.955 0.999 1.000 0.989 1.000 0.999 1.000 0.999 0.997 1.000 
 100   (0.043) 0.001 0.003 0.002 0.046 0.005 0.045 0.001 0.000 0.011 0.000 0.001 0.000 0.001 0.003 0.000 

Locus 69 : 76504_10 
2 alleles
1.1% missing data
 110   (0.954) 0.999 0.997 0.998 0.961 0.995 0.961 0.999 1.000 0.998 1.000 0.786 1.000 0.999 0.997 1.000 
 100   (0.046) 0.001 0.003 0.002 0.039 0.005 0.039 0.001 0.000 0.002 0.000 0.214 0.000 0.001 0.003 0.000 

Locus 70 : 76561_35 
2 alleles
5.6% missing data
 120   (0.953) 0.999 0.997 0.998 0.962 0.995 0.962 0.999 1.000 0.998 1.000 0.999 1.000 0.999 0.548 1.000 
 100   (0.047) 0.001 0.003 0.002 0.038 0.005 0.038 0.001 0.000 0.002 0.000 0.001 0.000 0.001 0.452 0.000 

Locus 71 : 77346_16 
2 alleles
2.2% missing data
 130   (0.957) 0.999 0.997 0.998 0.964 0.995 0.964 0.999 1.000 0.998 1.000 0.916 0.999 0.999 0.997 1.000 
 110   (0.043) 0.001 0.003 0.002 0.036 0.005 0.036 0.001 0.000 0.002 0.000 0.084 0.001 0.001 0.003 0.000 

Locus 72 : 78631_40 
2 alleles
7.9% missing data
 120   (0.948) 0.999 0.996 0.997 0.955 0.994 0.953 0.999 1.000 0.819 1.000 0.999 1.000 0.999 0.995 1.000 
 110   (0.052) 0.001 0.004 0.003 0.045 0.006 0.047 0.001 0.000 0.181 0.000 0.001 0.000 0.001 0.005 0.000 

Locus 73 : 80366_12 
2 alleles
6.7% missing data
 130   (0.957) 0.999 0.997 0.998 0.951 0.993 0.947 0.997 0.999 0.997 1.000 0.999 0.999 0.999 0.996 1.000 
 110   (0.043) 0.001 0.003 0.002 0.049 0.007 0.053 0.003 0.001 0.003 0.000 0.001 0.001 0.001 0.004 0.000 

Locus 74 : 80499_10 
2 alleles
6.2% missing data
 130   (0.954) 0.905 0.996 0.998 0.962 0.995 0.962 0.999 1.000 0.998 1.000 0.999 1.000 0.999 0.997 1.000 
 100   (0.046) 0.095 0.004 0.002 0.038 0.005 0.038 0.001 0.000 0.002 0.000 0.001 0.000 0.001 0.003 0.000 

Locus 75 : 81141_31 
2 alleles
2.8% missing data
 120   (0.957) 0.999 0.997 0.998 0.954 0.994 0.953 0.999 1.000 0.997 1.000 0.999 0.999 0.990 0.997 1.000 
 100   (0.043) 0.001 0.003 0.002 0.046 0.006 0.047 0.001 0.000 0.003 0.000 0.001 0.001 0.010 0.003 0.000 

Locus 76 : 81662_33 
2 alleles
3.4% missing data
 120   (0.957) 0.999 0.997 0.998 0.950 0.995 0.951 0.994 1.000 0.998 1.000 0.999 1.000 0.999 0.997 1.000 
 110   (0.043) 0.001 0.003 0.002 0.050 0.005 0.049 0.006 0.000 0.002 0.000 0.001 0.000 0.001 0.003 0.000 

Locus 77 : 82002_8 
2 alleles
6.7% missing data
 100   (0.948) 0.999 0.675 0.998 0.957 0.994 0.957 0.999 1.000 0.998 1.000 0.999 1.000 0.999 0.997 1.000 
 110   (0.052) 0.001 0.325 0.002 0.043 0.006 0.043 0.001 0.000 0.002 0.000 0.001 0.000 0.001 0.003 0.000 

Locus 78 : 82631_34 
2 alleles
7.9% missing data
 120   (0.956) 0.999 0.997 0.997 0.937 0.994 0.942 0.999 0.999 0.996 1.000 0.999 0.999 0.999 0.996 1.000 
 100   (0.044) 0.001 0.003 0.003 0.063 0.006 0.058 0.001 0.001 0.004 0.000 0.001 0.001 0.001 0.004 0.000 

Locus 79 : 83247_84 
2 alleles
3.4% missing data
 110   (0.946) 0.999 0.996 0.998 0.950 0.994 0.947 0.999 1.000 0.781 1.000 0.999 1.000 0.999 0.996 1.000 
 100   (0.054) 0.001 0.004 0.002 0.050 0.006 0.053 0.001 0.000 0.219 0.000 0.001 0.000 0.001 0.004 0.000 

Locus 80 : 83916_5 
2 alleles
3.9% missing data
 130   (0.955) 0.999 0.997 0.998 0.963 0.995 0.963 0.999 0.999 0.998 1.000 0.999 0.999 0.856 0.997 1.000 
 110   (0.045) 0.001 0.003 0.002 0.037 0.005 0.037 0.001 0.001 0.002 0.000 0.001 0.001 0.144 0.003 0.000 

Locus 81 : 84971_7 
2 alleles
2.2% missing data
 120   (0.941) 0.998 0.996 0.990 0.944 0.991 0.944 0.998 0.993 0.996 0.988 0.964 0.965 0.998 0.996 0.999 
 110   (0.059) 0.002 0.004 0.010 0.056 0.009 0.056 0.002 0.007 0.004 0.012 0.036 0.035 0.002 0.004 0.001 

Locus 82 : 85247_77 
2 alleles
7.9% missing data
 120   (0.957) 0.998 0.997 0.997 0.959 0.993 0.959 0.998 0.994 0.997 0.998 0.998 0.991 0.996 0.996 0.999 
 110   (0.043) 0.002 0.003 0.003 0.041 0.007 0.041 0.002 0.006 0.003 0.002 0.002 0.009 0.004 0.004 0.001 

Locus 83 : 85248_24 
2 alleles
5.1% missing data
 100   (0.952) 0.999 0.858 0.998 0.961 0.995 0.961 0.999 1.000 0.998 1.000 0.999 1.000 0.999 0.997 1.000 
 120   (0.048) 0.001 0.142 0.002 0.039 0.005 0.039 0.001 0.000 0.002 0.000 0.001 0.000 0.001 0.003 0.000 

Locus 84 : 85402_12 
2 alleles
3.4% missing data
 120   (0.957) 0.999 0.997 0.998 0.949 0.995 0.954 0.996 1.000 0.998 1.000 0.999 1.000 0.999 0.997 1.000 
 100   (0.043) 0.001 0.003 0.002 0.051 0.005 0.046 0.004 0.000 0.002 0.000 0.001 0.000 0.001 0.003 0.000 

Locus 85 : 86588_18 
2 alleles
3.9% missing data
 120   (0.957) 0.999 0.997 0.983 0.950 0.994 0.955 0.999 1.000 0.998 1.000 0.999 1.000 0.999 0.997 1.000 
 100   (0.043) 0.001 0.003 0.017 0.050 0.006 0.045 0.001 0.000 0.002 0.000 0.001 0.000 0.001 0.003 0.000 

Locus 86 : 87070_60 
2 alleles
2.2% missing data
 100   (0.954) 0.999 0.997 0.998 0.962 0.857 0.962 0.999 1.000 0.998 1.000 0.999 1.000 0.999 0.997 1.000 
 130   (0.046) 0.001 0.003 0.002 0.038 0.143 0.038 0.001 0.000 0.002 0.000 0.001 0.000 0.001 0.003 0.000 

Locus 87 : 87747_31 
2 alleles
6.2% missing data
 120   (0.953) 0.999 0.914 0.998 0.961 0.995 0.962 0.999 1.000 0.997 1.000 0.999 1.000 0.999 0.997 1.000 
 110   (0.047) 0.001 0.086 0.002 0.039 0.005 0.038 0.001 0.000 0.003 0.000 0.001 0.000 0.001 0.003 0.000 

Locus 88 : 88455_10 
2 alleles
5.1% missing data
 130   (0.953) 0.999 0.997 0.998 0.961 0.995 0.962 0.999 1.000 0.997 1.000 0.999 1.000 0.999 0.784 1.000 
 100   (0.047) 0.001 0.003 0.002 0.039 0.005 0.038 0.001 0.000 0.003 0.000 0.001 0.000 0.001 0.216 0.000 

Locus 89 : 89005_12 
2 alleles
1.1% missing data
 120   (0.953) 0.999 0.892 0.998 0.961 0.995 0.962 0.999 1.000 0.998 1.000 0.999 1.000 0.999 0.997 1.000 
 130   (0.047) 0.001 0.108 0.002 0.039 0.005 0.038 0.001 0.000 0.002 0.000 0.001 0.000 0.001 0.003 0.000 

Locus 90 : 89213_8 
2 alleles
3.4% missing data
 130   (0.956) 0.999 0.971 0.998 0.963 0.995 0.963 0.999 1.000 0.998 1.000 0.999 1.000 0.999 0.997 1.000 
 110   (0.044) 0.001 0.029 0.002 0.037 0.005 0.037 0.001 0.000 0.002 0.000 0.001 0.000 0.001 0.003 0.000 

Locus 91 : 93475_13 
2 alleles
2.2% missing data
 130   (0.952) 0.999 0.865 0.998 0.961 0.995 0.961 0.999 1.000 0.998 1.000 0.999 1.000 0.999 0.997 1.000 
 110   (0.048) 0.001 0.135 0.002 0.039 0.005 0.039 0.001 0.000 0.002 0.000 0.001 0.000 0.001 0.003 0.000 

Locus 92 : 95749_27 
2 alleles
3.9% missing data
 120   (0.956) 0.999 0.970 0.998 0.963 0.995 0.964 0.999 1.000 0.998 1.000 0.999 1.000 0.999 0.997 1.000 
 100   (0.044) 0.001 0.030 0.002 0.037 0.005 0.036 0.001 0.000 0.002 0.000 0.001 0.000 0.001 0.003 0.000 

Locus 93 : 98167_26 
2 alleles
3.4% missing data
 120   (0.932) 0.997 0.995 0.989 0.938 0.894 0.939 0.973 0.997 0.996 0.999 0.990 0.998 0.999 0.993 1.000 
 110   (0.068) 0.003 0.005 0.011 0.062 0.106 0.061 0.027 0.003 0.004 0.001 0.010 0.002 0.001 0.007 0.000 

Locus 94 : 98988_58 
2 alleles
2.2% missing data
 130   (0.957) 0.999 0.974 0.998 0.964 0.994 0.965 0.999 1.000 0.998 1.000 0.999 1.000 0.999 0.997 1.000 
 110   (0.043) 0.001 0.026 0.002 0.036 0.006 0.035 0.001 0.000 0.002 0.000 0.001 0.000 0.001 0.003 0.000 

Locus 95 : 103824_15 
2 alleles
3.4% missing data
 130   (0.950) 0.999 0.810 0.998 0.959 0.995 0.959 0.999 1.000 0.998 1.000 0.999 1.000 0.999 0.997 1.000 
 110   (0.050) 0.001 0.190 0.002 0.041 0.005 0.041 0.001 0.000 0.002 0.000 0.001 0.000 0.001 0.003 0.000 

Locus 96 : 108043_8 
2 alleles
4.5% missing data
 130   (0.957) 0.999 0.997 0.998 0.965 0.995 0.965 0.999 1.000 0.998 1.000 0.909 1.000 0.999 0.997 1.000 
 110   (0.043) 0.001 0.003 0.002 0.035 0.005 0.035 0.001 0.000 0.002 0.000 0.091 0.000 0.001 0.003 0.000 

Locus 97 : 108049_79 
2 alleles
2.8% missing data
 120   (0.956) 0.999 0.997 0.998 0.949 0.995 0.951 0.994 1.000 0.998 1.000 0.999 1.000 0.999 0.997 1.000 
 100   (0.044) 0.001 0.003 0.002 0.051 0.005 0.049 0.006 0.000 0.002 0.000 0.001 0.000 0.001 0.003 0.000 

Locus 98 : 108366_5 
2 alleles
2.8% missing data
 130   (0.955) 0.999 0.918 0.998 0.963 0.995 0.963 0.999 1.000 0.998 1.000 0.999 1.000 0.999 0.997 1.000 
 100   (0.045) 0.001 0.082 0.002 0.037 0.005 0.037 0.001 0.000 0.002 0.000 0.001 0.000 0.001 0.003 0.000 

Locus 99 : 108403_10 
2 alleles
6.2% missing data
 130   (0.956) 0.999 0.997 0.998 0.953 0.995 0.954 0.999 1.000 0.997 1.000 0.990 1.000 0.999 0.997 1.000 
 110   (0.044) 0.001 0.003 0.002 0.047 0.005 0.046 0.001 0.000 0.003 0.000 0.010 0.000 0.001 0.003 0.000 

Locus 100 : 109283_38 
2 alleles
3.9% missing data
 120   (0.875) 0.997 0.991 0.968 0.858 0.983 0.857 0.906 0.869 0.984 0.959 0.996 0.782 0.457 0.991 0.977 
 100   (0.125) 0.003 0.009 0.032 0.142 0.017 0.143 0.094 0.131 0.016 0.041 0.004 0.218 0.543 0.009 0.023 

Locus 101 : 109527_54 
2 alleles
7.3% missing data
 110   (0.948) 0.999 0.996 0.998 0.951 0.993 0.953 0.998 1.000 0.817 1.000 0.999 1.000 0.999 0.997 1.000 
 130   (0.052) 0.001 0.004 0.002 0.049 0.007 0.047 0.002 0.000 0.183 0.000 0.001 0.000 0.001 0.003 0.000 

Locus 102 : 109804_31 
2 alleles
2.2% missing data
 130   (0.955) 0.999 0.945 0.998 0.963 0.995 0.963 0.999 1.000 0.998 1.000 0.999 1.000 0.999 0.997 1.000 
 100   (0.045) 0.001 0.055 0.002 0.037 0.005 0.037 0.001 0.000 0.002 0.000 0.001 0.000 0.001 0.003 0.000 

Locus 103 : 112614_46 
2 alleles
5.1% missing data
 120   (0.952) 0.999 0.885 0.998 0.961 0.994 0.961 0.999 1.000 0.998 1.000 0.999 1.000 0.999 0.997 1.000 
 100   (0.048) 0.001 0.115 0.002 0.039 0.006 0.039 0.001 0.000 0.002 0.000 0.001 0.000 0.001 0.003 0.000 

Locus 104 : 112906_14 
2 alleles
3.9% missing data
 110   (0.885) 0.997 0.992 0.994 0.884 0.949 0.871 0.998 0.999 0.721 0.999 0.997 0.999 0.954 0.677 1.000 
 120   (0.115) 0.003 0.008 0.006 0.116 0.051 0.129 0.002 0.001 0.279 0.001 0.003 0.001 0.046 0.323 0.000 

Locus 105 : 113735_32 
2 alleles
6.7% missing data
 120   (0.957) 0.999 0.997 0.998 0.960 0.995 0.961 0.999 1.000 0.998 1.000 0.999 1.000 0.999 0.965 1.000 
 100   (0.043) 0.001 0.003 0.002 0.040 0.005 0.039 0.001 0.000 0.002 0.000 0.001 0.000 0.001 0.035 0.000 

Locus 106 : 115028_7 
2 alleles
3.9% missing data
 120   (0.958) 0.999 0.997 0.998 0.964 0.995 0.964 0.999 1.000 0.998 1.000 0.999 1.000 0.999 0.957 1.000 
 100   (0.042) 0.001 0.003 0.002 0.036 0.005 0.036 0.001 0.000 0.002 0.000 0.001 0.000 0.001 0.043 0.000 

Locus 107 : 115179_16 
2 alleles
2.2% missing data
 120   (0.953) 0.999 0.909 0.998 0.961 0.995 0.962 0.999 1.000 0.998 1.000 0.999 1.000 0.999 0.997 1.000 
 110   (0.047) 0.001 0.091 0.002 0.039 0.005 0.038 0.001 0.000 0.002 0.000 0.001 0.000 0.001 0.003 0.000 

Locus 108 : 116753_51 
2 alleles
7.3% missing data
 120   (0.954) 0.999 0.996 0.998 0.939 0.992 0.938 0.995 0.998 0.997 1.000 0.999 0.999 0.959 0.996 0.999 
 100   (0.046) 0.001 0.004 0.002 0.061 0.008 0.062 0.005 0.002 0.003 0.000 0.001 0.001 0.041 0.004 0.001 

Locus 109 : 116931_31 
2 alleles
7.9% missing data
 120   (0.956) 0.999 0.997 0.984 0.951 0.994 0.952 0.999 1.000 0.998 1.000 0.999 1.000 0.999 0.997 1.000 
 110   (0.044) 0.001 0.003 0.016 0.049 0.006 0.048 0.001 0.000 0.002 0.000 0.001 0.000 0.001 0.003 0.000 

Locus 110 : 116938_8 
2 alleles
4.5% missing data
 130   (0.913) 0.998 0.994 0.995 0.926 0.937 0.924 0.998 0.999 0.863 1.000 0.998 0.999 0.898 0.994 1.000 
 110   (0.087) 0.002 0.006 0.005 0.074 0.063 0.076 0.002 0.001 0.137 0.000 0.002 0.001 0.102 0.006 0.000 

Locus 111 : 122302_80 
2 alleles
10.1% missing data
 110   (0.956) 0.999 0.997 0.954 0.962 0.995 0.962 0.999 1.000 0.998 1.000 0.999 1.000 0.999 0.996 1.000 
 100   (0.044) 0.001 0.003 0.046 0.038 0.005 0.038 0.001 0.000 0.002 0.000 0.001 0.000 0.001 0.004 0.000 

Locus 112 : 123190_14 
2 alleles
3.4% missing data
 120   (0.949) 0.999 0.996 0.945 0.936 0.994 0.945 0.999 1.000 0.998 1.000 0.999 0.999 0.999 0.997 1.000 
 130   (0.051) 0.001 0.004 0.055 0.064 0.006 0.055 0.001 0.000 0.002 0.000 0.001 0.001 0.001 0.003 0.000 

Locus 113 : 123271_36 
2 alleles
3.9% missing data
 100   (0.953) 0.999 0.857 0.998 0.961 0.995 0.962 0.999 1.000 0.998 1.000 0.999 1.000 0.999 0.997 1.000 
 110   (0.047) 0.001 0.143 0.002 0.039 0.005 0.038 0.001 0.000 0.002 0.000 0.001 0.000 0.001 0.003 0.000 

Locus 114 : 124147_18 
2 alleles
2.2% missing data
 130   (0.955) 0.999 0.997 0.998 0.963 0.761 0.963 0.999 1.000 0.998 1.000 0.999 1.000 0.999 0.997 1.000 
 110   (0.045) 0.001 0.003 0.002 0.037 0.239 0.037 0.001 0.000 0.002 0.000 0.001 0.000 0.001 0.003 0.000 

Locus 115 : 124184_33 
2 alleles
5.6% missing data
 110   (0.952) 0.999 0.909 0.998 0.961 0.995 0.961 0.999 1.000 0.998 1.000 0.999 1.000 0.999 0.997 1.000 
 100   (0.048) 0.001 0.091 0.002 0.039 0.005 0.039 0.001 0.000 0.002 0.000 0.001 0.000 0.001 0.003 0.000 

Locus 116 : 125404_24 
2 alleles
1.1% missing data
 130   (0.956) 0.999 0.997 0.998 0.964 0.995 0.965 0.999 1.000 0.998 1.000 0.999 1.000 0.999 0.760 1.000 
 110   (0.044) 0.001 0.003 0.002 0.036 0.005 0.035 0.001 0.000 0.002 0.000 0.001 0.000 0.001 0.240 0.000 

Locus 117 : 125436_43 
2 alleles
3.9% missing data
 130   (0.924) 0.998 0.995 0.997 0.937 0.991 0.935 0.998 1.000 0.839 1.000 0.998 0.999 0.999 0.704 1.000 
 100   (0.076) 0.002 0.005 0.003 0.063 0.009 0.065 0.002 0.000 0.161 0.000 0.002 0.001 0.001 0.296 0.000 

Locus 118 : 126013_18 
2 alleles
2.8% missing data
 130   (0.954) 0.882 0.997 0.998 0.962 0.995 0.962 0.999 1.000 0.998 1.000 0.999 1.000 0.999 0.997 1.000 
 110   (0.046) 0.118 0.003 0.002 0.038 0.005 0.038 0.001 0.000 0.002 0.000 0.001 0.000 0.001 0.003 0.000 

Locus 119 : 126137_19 
2 alleles
3.9% missing data
 120   (0.958) 0.999 0.997 0.998 0.964 0.994 0.959 0.999 1.000 0.983 1.000 0.999 1.000 0.999 0.983 1.000 
 110   (0.042) 0.001 0.003 0.002 0.036 0.006 0.041 0.001 0.000 0.017 0.000 0.001 0.000 0.001 0.017 0.000 

Locus 120 : 126845_22 
2 alleles
5.6% missing data
 130   (0.957) 0.999 0.997 0.998 0.962 0.993 0.963 0.999 1.000 0.998 1.000 0.999 1.000 0.999 0.958 1.000 
 110   (0.043) 0.001 0.003 0.002 0.038 0.007 0.037 0.001 0.000 0.002 0.000 0.001 0.000 0.001 0.042 0.000 

Locus 121 : 127512_8 
2 alleles
1.1% missing data
 130   (0.957) 0.911 0.997 0.998 0.965 0.995 0.965 0.999 1.000 0.998 1.000 0.999 1.000 0.999 0.997 1.000 
 100   (0.043) 0.089 0.003 0.002 0.035 0.005 0.035 0.001 0.000 0.002 0.000 0.001 0.000 0.001 0.003 0.000 

Locus 122 : 127692_13 
2 alleles
2.8% missing data
 100   (0.950) 0.999 0.997 0.998 0.954 0.994 0.953 0.999 1.000 0.942 1.000 0.999 1.000 0.999 0.997 1.000 
 120   (0.050) 0.001 0.003 0.002 0.046 0.006 0.047 0.001 0.000 0.058 0.000 0.001 0.000 0.001 0.003 0.000 

Locus 123 : 128195_18 
2 alleles
7.3% missing data
 130   (0.870) 0.996 0.991 0.976 0.866 0.432 0.868 0.362 0.990 0.924 0.996 0.997 0.988 0.998 0.989 0.999 
 110   (0.130) 0.004 0.009 0.024 0.134 0.568 0.132 0.638 0.010 0.076 0.004 0.003 0.012 0.002 0.011 0.001 

Locus 124 : 128198_14 
2 alleles
4.5% missing data
 130   (0.926) 0.906 0.919 0.997 0.938 0.992 0.939 0.999 1.000 0.996 1.000 0.998 0.999 0.999 0.995 1.000 
 120   (0.074) 0.094 0.081 0.003 0.062 0.008 0.061 0.001 0.000 0.004 0.000 0.002 0.001 0.001 0.005 0.000 

Locus 125 : 128423_39 
2 alleles
4.5% missing data
 130   (0.957) 0.999 0.997 0.998 0.953 0.989 0.951 0.993 1.000 0.998 1.000 0.999 1.000 0.999 0.997 1.000 
 100   (0.043) 0.001 0.003 0.002 0.047 0.011 0.049 0.007 0.000 0.002 0.000 0.001 0.000 0.001 0.003 0.000 

Locus 126 : 131572_48 
2 alleles
1.1% missing data
 120   (0.952) 0.999 0.997 0.998 0.941 0.994 0.942 0.998 0.999 0.997 1.000 0.999 0.999 0.963 0.997 1.000 
 100   (0.048) 0.001 0.003 0.002 0.059 0.006 0.058 0.002 0.001 0.003 0.000 0.001 0.001 0.037 0.003 0.000 

Locus 127 : 132199_62 
2 alleles
3.9% missing data
 100   (0.949) 0.999 0.750 0.998 0.958 0.994 0.959 0.999 1.000 0.998 1.000 0.999 1.000 0.999 0.997 1.000 
 120   (0.051) 0.001 0.250 0.002 0.042 0.006 0.041 0.001 0.000 0.002 0.000 0.001 0.000 0.001 0.003 0.000 

Locus 128 : 135566_64 
2 alleles
7.3% missing data
 130   (0.958) 0.999 0.997 0.998 0.950 0.995 0.955 0.995 1.000 0.998 1.000 0.999 1.000 0.999 0.997 1.000 
 110   (0.042) 0.001 0.003 0.002 0.050 0.005 0.045 0.005 0.000 0.002 0.000 0.001 0.000 0.001 0.003 0.000 

Locus 129 : 135761_5 
2 alleles
7.9% missing data
 130   (0.952) 0.999 0.904 0.998 0.961 0.995 0.961 0.999 1.000 0.998 1.000 0.999 1.000 0.999 0.997 1.000 
 100   (0.048) 0.001 0.096 0.002 0.039 0.005 0.039 0.001 0.000 0.002 0.000 0.001 0.000 0.001 0.003 0.000 

Locus 130 : 137219_35 
2 alleles
3.4% missing data
 120   (0.942) 0.998 0.996 0.998 0.926 0.993 0.931 0.978 1.000 0.997 1.000 0.999 0.999 0.999 0.996 1.000 
 100   (0.058) 0.002 0.004 0.002 0.074 0.007 0.069 0.022 0.000 0.003 0.000 0.001 0.001 0.001 0.004 0.000 

Locus 131 : 139081_20 
2 alleles
5.6% missing data
 120   (0.940) 0.998 0.996 0.997 0.942 0.929 0.945 0.999 0.999 0.974 0.999 0.998 0.999 0.998 0.996 1.000 
 110   (0.060) 0.002 0.004 0.003 0.058 0.071 0.055 0.001 0.001 0.026 0.001 0.002 0.001 0.002 0.004 0.000 

Locus 132 : 139084_52 
2 alleles
5.1% missing data
 120   (0.917) 0.998 0.994 0.941 0.896 0.823 0.909 0.993 0.998 0.995 0.999 0.998 0.999 0.999 0.994 1.000 
 110   (0.083) 0.002 0.006 0.059 0.104 0.177 0.091 0.007 0.002 0.005 0.001 0.002 0.001 0.001 0.006 0.000 

Locus 133 : 139433_54 
2 alleles
3.9% missing data
 120   (0.954) 0.999 0.945 0.998 0.962 0.995 0.963 0.999 1.000 0.998 1.000 0.999 1.000 0.999 0.997 1.000 
 100   (0.046) 0.001 0.055 0.002 0.038 0.005 0.037 0.001 0.000 0.002 0.000 0.001 0.000 0.001 0.003 0.000 

Locus 134 : 140063_88 
2 alleles
7.9% missing data
 110   (0.956) 0.999 0.997 0.998 0.953 0.993 0.953 0.998 1.000 0.990 1.000 0.999 1.000 0.999 0.996 1.000 
 100   (0.044) 0.001 0.003 0.002 0.047 0.007 0.047 0.002 0.000 0.010 0.000 0.001 0.000 0.001 0.004 0.000 

Locus 135 : 140194_73 
2 alleles
2.8% missing data
 120   (0.958) 0.975 0.997 0.998 0.964 0.993 0.965 0.999 1.000 0.998 1.000 0.999 1.000 0.999 0.997 1.000 
 110   (0.042) 0.025 0.003 0.002 0.036 0.007 0.035 0.001 0.000 0.002 0.000 0.001 0.000 0.001 0.003 0.000 

Locus 136 : 141313_8 
2 alleles
2.8% missing data
 120   (0.953) 0.999 0.919 0.998 0.961 0.995 0.962 0.999 1.000 0.998 1.000 0.999 1.000 0.999 0.997 1.000 
 100   (0.047) 0.001 0.081 0.002 0.039 0.005 0.038 0.001 0.000 0.002 0.000 0.001 0.000 0.001 0.003 0.000 

Locus 137 : 145284_28 
2 alleles
2.8% missing data
 130   (0.955) 0.999 0.997 0.998 0.963 0.624 0.963 0.999 1.000 0.998 1.000 0.999 1.000 0.999 0.997 1.000 
 110   (0.045) 0.001 0.003 0.002 0.037 0.376 0.037 0.001 0.000 0.002 0.000 0.001 0.000 0.001 0.003 0.000 

Locus 138 : 145957_11 
2 alleles
4.5% missing data
 130   (0.956) 0.999 0.997 0.998 0.964 0.995 0.964 0.999 1.000 0.998 1.000 0.999 0.999 0.879 0.997 0.999 
 110   (0.044) 0.001 0.003 0.002 0.036 0.005 0.036 0.001 0.000 0.002 0.000 0.001 0.001 0.121 0.003 0.001 

Locus 139 : 160306_34 
2 alleles
2.8% missing data
 120   (0.933) 0.998 0.995 0.996 0.930 0.992 0.918 0.998 0.999 0.965 1.000 0.998 0.999 0.996 0.766 1.000 
 100   (0.067) 0.002 0.005 0.004 0.070 0.008 0.082 0.002 0.001 0.035 0.000 0.002 0.001 0.004 0.234 0.000 

Locus 140 : 162107_37 
2 alleles
3.4% missing data
 120   (0.935) 0.998 0.995 0.997 0.936 0.992 0.937 0.999 1.000 0.988 1.000 0.999 0.999 0.999 0.902 1.000 
 100   (0.065) 0.002 0.005 0.003 0.064 0.008 0.063 0.001 0.000 0.012 0.000 0.001 0.001 0.001 0.098 0.000 

Locus 141 : 163290_36 
2 alleles
5.1% missing data
 130   (0.924) 0.998 0.994 0.950 0.933 0.775 0.933 0.991 0.980 0.996 0.968 0.997 0.928 0.998 0.995 0.999 
 110   (0.076) 0.002 0.006 0.050 0.067 0.225 0.067 0.009 0.020 0.004 0.032 0.003 0.072 0.002 0.005 0.001 

Locus 142 : 163453_13 
2 alleles
5.6% missing data
 120   (0.957) 0.999 0.997 0.986 0.951 0.994 0.952 0.999 1.000 0.998 1.000 0.999 1.000 0.999 0.997 1.000 
 110   (0.043) 0.001 0.003 0.014 0.049 0.006 0.048 0.001 0.000 0.002 0.000 0.001 0.000 0.001 0.003 0.000 

Locus 143 : 163580_14 
2 alleles
10.1% missing data
 120   (0.955) 0.999 0.997 0.998 0.962 0.995 0.962 0.999 0.975 0.998 0.889 0.999 0.957 0.999 0.997 1.000 
 100   (0.045) 0.001 0.003 0.002 0.038 0.005 0.038 0.001 0.025 0.002 0.111 0.001 0.043 0.001 0.003 0.000 

Locus 144 : 164461_13 
2 alleles
5.6% missing data
 100   (0.956) 0.999 0.997 0.838 0.963 0.995 0.964 0.999 1.000 0.998 1.000 0.999 1.000 0.999 0.997 1.000 
 120   (0.044) 0.001 0.003 0.162 0.037 0.005 0.036 0.001 0.000 0.002 0.000 0.001 0.000 0.001 0.003 0.000 

Locus 145 : 165413_43 
2 alleles
1.7% missing data
 110   (0.950) 0.999 0.997 0.997 0.954 0.994 0.949 0.999 1.000 0.946 1.000 0.999 1.000 0.999 0.997 1.000 
 130   (0.050) 0.001 0.003 0.003 0.046 0.006 0.051 0.001 0.000 0.054 0.000 0.001 0.000 0.001 0.003 0.000 

Locus 146 : 168629_44 
2 alleles
5.6% missing data
 130   (0.943) 0.998 0.996 0.982 0.945 0.988 0.948 0.991 0.999 0.962 1.000 0.998 0.999 0.999 0.996 1.000 
 110   (0.057) 0.002 0.004 0.018 0.055 0.012 0.052 0.009 0.001 0.038 0.000 0.002 0.001 0.001 0.004 0.000 

Locus 147 : 168991_77 
2 alleles
5.6% missing data
 110   (0.846) 0.996 0.989 0.985 0.789 0.976 0.779 0.949 0.990 0.906 0.996 0.995 0.990 0.959 0.638 0.991 
 100   (0.154) 0.004 0.011 0.015 0.211 0.024 0.221 0.051 0.010 0.094 0.004 0.005 0.010 0.041 0.362 0.009 

Locus 148 : 169478_88 
2 alleles
5.1% missing data
 130   (0.957) 0.979 0.997 0.998 0.961 0.994 0.961 0.999 1.000 0.998 1.000 0.999 1.000 0.999 0.997 1.000 
 100   (0.043) 0.021 0.003 0.002 0.039 0.006 0.039 0.001 0.000 0.002 0.000 0.001 0.000 0.001 0.003 0.000 

Locus 149 : 169898_8 
2 alleles
6.2% missing data
 120   (0.940) 0.998 0.995 0.964 0.949 0.992 0.949 0.999 0.999 0.916 1.000 0.998 0.999 0.999 0.996 1.000 
 100   (0.060) 0.002 0.005 0.036 0.051 0.008 0.051 0.001 0.001 0.084 0.000 0.002 0.001 0.001 0.004 0.000 

Locus 150 : 170224_42 
2 alleles
7.3% missing data
 100   (0.906) 0.997 0.993 0.784 0.900 0.976 0.902 0.973 0.992 0.945 0.996 0.997 0.990 0.998 0.993 0.997 
 120   (0.094) 0.003 0.007 0.216 0.100 0.024 0.098 0.027 0.008 0.055 0.004 0.003 0.010 0.002 0.007 0.003 

Locus 151 : 174083_22 
2 alleles
3.9% missing data
 120   (0.950) 0.999 0.784 0.998 0.958 0.995 0.959 0.999 1.000 0.998 1.000 0.999 1.000 0.999 0.997 1.000 
 100   (0.050) 0.001 0.216 0.002 0.042 0.005 0.041 0.001 0.000 0.002 0.000 0.001 0.000 0.001 0.003 0.000 

Locus 152 : 174223_24 
2 alleles
2.8% missing data
 120   (0.957) 0.999 0.997 0.998 0.955 0.995 0.956 0.999 1.000 0.998 1.000 0.989 1.000 0.999 0.997 1.000 
 100   (0.043) 0.001 0.003 0.002 0.045 0.005 0.044 0.001 0.000 0.002 0.000 0.011 0.000 0.001 0.003 0.000 

Locus 153 : 174263_44 
2 alleles
3.9% missing data
 130   (0.955) 0.842 0.997 0.998 0.963 0.995 0.963 0.999 1.000 0.998 1.000 0.999 1.000 0.999 0.997 1.000 
 110   (0.045) 0.158 0.003 0.002 0.037 0.005 0.037 0.001 0.000 0.002 0.000 0.001 0.000 0.001 0.003 0.000 

Locus 154 : 175657_6 
2 alleles
8.4% missing data
 100   (0.929) 0.998 0.994 0.997 0.942 0.992 0.941 0.999 1.000 0.923 1.000 0.999 0.999 0.999 0.760 1.000 
 130   (0.071) 0.002 0.006 0.003 0.058 0.008 0.059 0.001 0.000 0.077 0.000 0.001 0.001 0.001 0.240 0.000 

Locus 155 : 176570_23 
2 alleles
3.9% missing data
 130   (0.953) 0.999 0.997 0.995 0.941 0.994 0.946 0.993 0.983 0.998 0.995 0.999 0.979 0.994 0.996 1.000 
 110   (0.047) 0.001 0.003 0.005 0.059 0.006 0.054 0.007 0.017 0.002 0.005 0.001 0.021 0.006 0.004 0.000 

Locus 156 : 176775_13 
2 alleles
6.7% missing data
 130   (0.949) 0.999 0.704 0.998 0.958 0.994 0.958 0.999 1.000 0.997 1.000 0.999 1.000 0.999 0.997 1.000 
 110   (0.051) 0.001 0.296 0.002 0.042 0.006 0.042 0.001 0.000 0.003 0.000 0.001 0.000 0.001 0.003 0.000 

Locus 157 : 178448_19 
2 alleles
3.4% missing data
 120   (0.952) 0.999 0.881 0.998 0.960 0.995 0.961 0.999 1.000 0.998 1.000 0.999 1.000 0.999 0.997 1.000 
 100   (0.048) 0.001 0.119 0.002 0.040 0.005 0.039 0.001 0.000 0.002 0.000 0.001 0.000 0.001 0.003 0.000 

Locus 158 : 179162_16 
2 alleles
6.2% missing data
 120   (0.957) 0.999 0.971 0.998 0.963 0.995 0.963 0.999 1.000 0.998 1.000 0.999 1.000 0.999 0.997 1.000 
 100   (0.043) 0.001 0.029 0.002 0.037 0.005 0.037 0.001 0.000 0.002 0.000 0.001 0.000 0.001 0.003 0.000 

Locus 159 : 179286_31 
2 alleles
2.8% missing data
 120   (0.930) 0.998 0.995 0.997 0.940 0.992 0.939 0.999 0.999 0.903 1.000 0.998 0.999 0.998 0.898 1.000 
 100   (0.070) 0.002 0.005 0.003 0.060 0.008 0.061 0.001 0.001 0.097 0.000 0.002 0.001 0.002 0.102 0.000 

Locus 160 : 179594_17 
2 alleles
4.5% missing data
 120   (0.910) 0.997 0.993 0.974 0.905 0.920 0.913 0.998 0.999 0.996 0.999 0.991 0.999 0.999 0.736 1.000 
 100   (0.090) 0.003 0.007 0.026 0.095 0.080 0.087 0.002 0.001 0.004 0.001 0.009 0.001 0.001 0.264 0.000 

Locus 161 : 180413_54 
2 alleles
3.9% missing data
 100   (0.953) 0.999 0.880 0.998 0.961 0.995 0.962 0.999 1.000 0.998 1.000 0.999 1.000 0.999 0.997 1.000 
 110   (0.047) 0.001 0.120 0.002 0.039 0.005 0.038 0.001 0.000 0.002 0.000 0.001 0.000 0.001 0.003 0.000 

Locus 162 : 182862_79 
2 alleles
3.4% missing data
 130   (0.953) 0.999 0.867 0.998 0.962 0.995 0.962 0.999 1.000 0.998 1.000 0.999 1.000 0.999 0.997 1.000 
 110   (0.047) 0.001 0.133 0.002 0.038 0.005 0.038 0.001 0.000 0.002 0.000 0.001 0.000 0.001 0.003 0.000 

Locus 163 : 183288_63 
2 alleles
10.1% missing data
 100   (0.956) 0.999 0.971 0.998 0.963 0.995 0.963 0.999 1.000 0.998 1.000 0.999 1.000 0.999 0.997 1.000 
 120   (0.044) 0.001 0.029 0.002 0.037 0.005 0.037 0.001 0.000 0.002 0.000 0.001 0.000 0.001 0.003 0.000 

Locus 164 : 183906_55 
2 alleles
6.7% missing data
 130   (0.953) 0.999 0.945 0.998 0.961 0.994 0.961 0.999 1.000 0.998 1.000 0.999 1.000 0.999 0.997 1.000 
 100   (0.047) 0.001 0.055 0.002 0.039 0.006 0.039 0.001 0.000 0.002 0.000 0.001 0.000 0.001 0.003 0.000 

Locus 165 : 183990_7 
2 alleles
3.4% missing data
 120   (0.949) 0.999 0.996 0.997 0.949 0.994 0.944 0.821 1.000 0.998 1.000 0.999 0.992 0.999 0.997 1.000 
 100   (0.051) 0.001 0.004 0.003 0.051 0.006 0.056 0.179 0.000 0.002 0.000 0.001 0.008 0.001 0.003 0.000 

Locus 166 : 185904_60 
2 alleles
3.4% missing data
 120   (0.953) 0.999 0.997 0.906 0.958 0.995 0.960 0.999 1.000 0.998 1.000 0.999 1.000 0.999 0.997 1.000 
 100   (0.047) 0.001 0.003 0.094 0.042 0.005 0.040 0.001 0.000 0.002 0.000 0.001 0.000 0.001 0.003 0.000 

Locus 167 : 191703_64 
2 alleles
1.7% missing data
 130   (0.929) 0.998 0.995 0.997 0.940 0.681 0.941 0.999 1.000 0.997 1.000 0.998 1.000 0.999 0.863 1.000 
 110   (0.071) 0.002 0.005 0.003 0.060 0.319 0.059 0.001 0.000 0.003 0.000 0.002 0.000 0.001 0.137 0.000 

Locus 168 : 193854_7 
2 alleles
1.7% missing data
 130   (0.934) 0.981 0.882 0.997 0.943 0.992 0.944 0.999 1.000 0.997 1.000 0.998 0.999 0.999 0.996 1.000 
 110   (0.066) 0.019 0.118 0.003 0.057 0.008 0.056 0.001 0.000 0.003 0.000 0.002 0.001 0.001 0.004 0.000 

Locus 169 : 194868_38 
2 alleles
5.6% missing data
 120   (0.940) 0.998 0.996 0.998 0.944 0.991 0.934 0.998 1.000 0.897 0.999 0.998 0.999 0.999 0.969 1.000 
 100   (0.060) 0.002 0.004 0.002 0.056 0.009 0.066 0.002 0.000 0.103 0.001 0.002 0.001 0.001 0.031 0.000 

Locus 170 : 195463_36 
2 alleles
5.1% missing data
 120   (0.954) 0.999 0.997 0.998 0.962 0.995 0.963 0.999 1.000 0.998 1.000 0.999 1.000 0.999 0.857 1.000 
 100   (0.046) 0.001 0.003 0.002 0.038 0.005 0.037 0.001 0.000 0.002 0.000 0.001 0.000 0.001 0.143 0.000 

Locus 171 : 195727_20 
2 alleles
1.7% missing data
 130   (0.953) 0.999 0.914 0.998 0.962 0.995 0.962 0.999 1.000 0.998 1.000 0.999 1.000 0.999 0.997 1.000 
 110   (0.047) 0.001 0.086 0.002 0.038 0.005 0.038 0.001 0.000 0.002 0.000 0.001 0.000 0.001 0.003 0.000 

Locus 172 : 197508_5 
2 alleles
2.2% missing data
 120   (0.957) 0.999 0.997 0.998 0.955 0.994 0.954 0.998 1.000 0.990 1.000 0.999 1.000 0.999 0.997 1.000 
 100   (0.043) 0.001 0.003 0.002 0.045 0.006 0.046 0.002 0.000 0.010 0.000 0.001 0.000 0.001 0.003 0.000 

Locus 173 : 199140_10 
2 alleles
4.5% missing data
 130   (0.956) 0.999 0.997 0.998 0.948 0.994 0.953 0.996 1.000 0.998 1.000 0.999 1.000 0.999 0.997 1.000 
 110   (0.044) 0.001 0.003 0.002 0.052 0.006 0.047 0.004 0.000 0.002 0.000 0.001 0.000 0.001 0.003 0.000 

Locus 174 : 199429_51 
2 alleles
5.1% missing data
 130   (0.957) 0.999 0.997 0.984 0.950 0.994 0.954 0.999 1.000 0.998 1.000 0.999 1.000 0.999 0.997 1.000 
 100   (0.043) 0.001 0.003 0.016 0.050 0.006 0.046 0.001 0.000 0.002 0.000 0.001 0.000 0.001 0.003 0.000 

Locus 175 : 199635_9 
2 alleles
3.4% missing data
 120   (0.951) 0.999 0.829 0.998 0.959 0.995 0.960 0.999 1.000 0.998 1.000 0.999 1.000 0.999 0.997 1.000 
 100   (0.049) 0.001 0.171 0.002 0.041 0.005 0.040 0.001 0.000 0.002 0.000 0.001 0.000 0.001 0.003 0.000 

Locus 176 : 200923_8 
2 alleles
5.1% missing data
 100   (0.956) 0.999 0.997 0.998 0.961 0.932 0.962 0.999 1.000 0.998 1.000 0.999 1.000 0.999 0.995 1.000 
 110   (0.044) 0.001 0.003 0.002 0.039 0.068 0.038 0.001 0.000 0.002 0.000 0.001 0.000 0.001 0.005 0.000 

Locus 177 : 201090_64 
2 alleles
5.1% missing data
 130   (0.958) 0.999 0.997 0.953 0.963 0.995 0.965 0.999 1.000 0.998 1.000 0.999 1.000 0.999 0.996 1.000 
 100   (0.042) 0.001 0.003 0.047 0.037 0.005 0.035 0.001 0.000 0.002 0.000 0.001 0.000 0.001 0.004 0.000 

Locus 178 : 201549_57 
2 alleles
4.5% missing data
 120   (0.956) 0.999 0.997 0.998 0.964 0.995 0.964 0.999 1.000 0.998 1.000 0.999 1.000 0.999 0.904 1.000 
 110   (0.044) 0.001 0.003 0.002 0.036 0.005 0.036 0.001 0.000 0.002 0.000 0.001 0.000 0.001 0.096 0.000 

Locus 179 : 203565_40 
2 alleles
3.9% missing data
 120   (0.956) 0.999 0.997 0.998 0.962 0.933 0.963 0.999 1.000 0.998 1.000 0.999 1.000 0.999 0.997 1.000 
 100   (0.044) 0.001 0.003 0.002 0.038 0.067 0.037 0.001 0.000 0.002 0.000 0.001 0.000 0.001 0.003 0.000 

Locus 180 : 205184_19 
2 alleles
7.3% missing data
 110   (0.922) 0.867 0.760 0.997 0.935 0.991 0.935 0.999 1.000 0.996 1.000 0.998 0.999 0.999 0.995 1.000 
 120   (0.078) 0.133 0.240 0.003 0.065 0.009 0.065 0.001 0.000 0.004 0.000 0.002 0.001 0.001 0.005 0.000 

Locus 181 : 206551_17 
2 alleles
6.2% missing data
 120   (0.895) 0.997 0.993 0.609 0.901 0.937 0.902 0.992 0.999 0.995 0.999 0.848 0.998 0.998 0.967 1.000 
 100   (0.105) 0.003 0.007 0.391 0.099 0.063 0.098 0.008 0.001 0.005 0.001 0.152 0.002 0.002 0.033 0.000 

Locus 182 : 216246_19 
2 alleles
2.8% missing data
 110   (0.939) 0.998 0.996 0.996 0.924 0.987 0.921 0.991 1.000 0.988 1.000 0.999 0.999 0.999 0.985 1.000 
 130   (0.061) 0.002 0.004 0.004 0.076 0.013 0.079 0.009 0.000 0.012 0.000 0.001 0.001 0.001 0.015 0.000 

Locus 183 : 216776_13 
2 alleles
5.6% missing data
 120   (0.914) 0.991 0.727 0.997 0.927 0.990 0.928 0.999 0.999 0.996 0.999 0.822 0.999 0.999 0.994 1.000 
 110   (0.086) 0.009 0.273 0.003 0.073 0.010 0.072 0.001 0.001 0.004 0.001 0.178 0.001 0.001 0.006 0.000 

Locus 184 : 217291_37 
2 alleles
3.9% missing data
 120   (0.953) 0.999 0.997 0.998 0.954 0.994 0.956 0.999 1.000 0.998 1.000 0.999 1.000 0.999 0.912 1.000 
 100   (0.047) 0.001 0.003 0.002 0.046 0.006 0.044 0.001 0.000 0.002 0.000 0.001 0.000 0.001 0.088 0.000 

Locus 185 : 217570_13 
2 alleles
3.9% missing data
 130   (0.953) 0.999 0.866 0.998 0.962 0.995 0.962 0.999 1.000 0.998 1.000 0.999 1.000 0.999 0.997 1.000 
 110   (0.047) 0.001 0.134 0.002 0.038 0.005 0.038 0.001 0.000 0.002 0.000 0.001 0.000 0.001 0.003 0.000 

Locus 186 : 220422_65 
2 alleles
3.4% missing data
 120   (0.944) 0.999 0.996 0.996 0.914 0.993 0.914 0.999 0.999 0.985 0.999 0.998 0.998 0.999 0.985 1.000 
 110   (0.056) 0.001 0.004 0.004 0.086 0.007 0.086 0.001 0.001 0.015 0.001 0.002 0.002 0.001 0.015 0.000 

Locus 187 : 220502_40 
2 alleles
6.7% missing data
 120   (0.957) 0.999 0.997 0.998 0.961 0.993 0.961 0.999 0.999 0.997 0.999 0.999 0.999 0.981 0.997 1.000 
 110   (0.043) 0.001 0.003 0.002 0.039 0.007 0.039 0.001 0.001 0.003 0.001 0.001 0.001 0.019 0.003 0.000 

Locus 188 : 220519_81 
2 alleles
4.5% missing data
 130   (0.930) 0.998 0.858 0.997 0.939 0.931 0.941 0.999 1.000 0.997 1.000 0.998 0.999 0.999 0.996 1.000 
 110   (0.070) 0.002 0.142 0.003 0.061 0.069 0.059 0.001 0.000 0.003 0.000 0.002 0.001 0.001 0.004 0.000 

Locus 189 : 222347_17 
2 alleles
3.9% missing data
 120   (0.952) 0.999 0.892 0.998 0.960 0.995 0.961 0.999 1.000 0.998 1.000 0.999 1.000 0.999 0.997 1.000 
 100   (0.048) 0.001 0.108 0.002 0.040 0.005 0.039 0.001 0.000 0.002 0.000 0.001 0.000 0.001 0.003 0.000 

Locus 190 : 222896_46 
2 alleles
0.6% missing data
 110   (0.956) 0.999 0.944 0.998 0.964 0.995 0.964 0.999 1.000 0.998 1.000 0.999 1.000 0.999 0.997 1.000 
 130   (0.044) 0.001 0.056 0.002 0.036 0.005 0.036 0.001 0.000 0.002 0.000 0.001 0.000 0.001 0.003 0.000 

Locus 191 : 223181_12 
2 alleles
3.4% missing data
 120   (0.949) 0.999 0.722 0.998 0.958 0.994 0.959 0.999 1.000 0.998 1.000 0.999 1.000 0.999 0.997 1.000 
 100   (0.051) 0.001 0.278 0.002 0.042 0.006 0.041 0.001 0.000 0.002 0.000 0.001 0.000 0.001 0.003 0.000 

Locus 192 : 224649_57 
2 alleles
5.1% missing data
 100   (0.956) 0.977 0.997 0.998 0.960 0.994 0.960 0.999 1.000 0.998 1.000 0.999 1.000 0.999 0.997 1.000 
 110   (0.044) 0.023 0.003 0.002 0.040 0.006 0.040 0.001 0.000 0.002 0.000 0.001 0.000 0.001 0.003 0.000 

Locus 193 : 226245_11 
2 alleles
5.1% missing data
 130   (0.954) 0.999 0.997 0.998 0.961 0.994 0.961 0.999 0.999 0.998 1.000 0.999 1.000 0.945 0.997 1.000 
 110   (0.046) 0.001 0.003 0.002 0.039 0.006 0.039 0.001 0.001 0.002 0.000 0.001 0.000 0.055 0.003 0.000 

Locus 194 : 226342_59 
2 alleles
6.2% missing data
 120   (0.920) 0.966 0.912 0.996 0.929 0.989 0.930 0.998 0.997 0.995 0.997 0.995 0.997 0.999 0.994 0.997 
 100   (0.080) 0.034 0.088 0.004 0.071 0.011 0.070 0.002 0.003 0.005 0.003 0.005 0.003 0.001 0.006 0.003 

Locus 195 : 228970_13 
2 alleles
3.9% missing data
 120   (0.958) 0.999 0.997 0.998 0.964 0.995 0.964 0.999 1.000 0.998 1.000 0.999 1.000 0.999 0.957 1.000 
 100   (0.042) 0.001 0.003 0.002 0.036 0.005 0.036 0.001 0.000 0.002 0.000 0.001 0.000 0.001 0.043 0.000 

Locus 196 : 229097_27 
2 alleles
5.1% missing data
 130   (0.951) 0.999 0.790 0.998 0.960 0.995 0.960 0.999 1.000 0.998 1.000 0.999 1.000 0.999 0.996 1.000 
 110   (0.049) 0.001 0.210 0.002 0.040 0.005 0.040 0.001 0.000 0.002 0.000 0.001 0.000 0.001 0.004 0.000 

Locus 197 : 229177_29 
2 alleles
7.3% missing data
 130   (0.948) 0.998 0.996 0.995 0.955 0.994 0.955 0.999 0.998 0.997 0.993 0.796 0.998 0.999 0.996 0.998 
 110   (0.052) 0.002 0.004 0.005 0.045 0.006 0.045 0.001 0.002 0.003 0.007 0.204 0.002 0.001 0.004 0.002 

Locus 198 : 229612_7 
2 alleles
6.2% missing data
 100   (0.957) 0.999 0.997 0.998 0.954 0.994 0.954 0.998 1.000 0.989 1.000 0.999 1.000 0.999 0.997 1.000 
 120   (0.043) 0.001 0.003 0.002 0.046 0.006 0.046 0.002 0.000 0.011 0.000 0.001 0.000 0.001 0.003 0.000 

Locus 199 : 229936_67 
2 alleles
3.9% missing data
 120   (0.954) 0.999 0.997 0.996 0.942 0.995 0.947 0.994 0.982 0.998 0.995 0.999 0.978 0.994 0.996 0.999 
 100   (0.046) 0.001 0.003 0.004 0.058 0.005 0.053 0.006 0.018 0.002 0.005 0.001 0.022 0.006 0.004 0.001 

Locus 200 : 232937_62 
2 alleles
2.2% missing data
 100   (0.958) 0.999 0.997 0.998 0.955 0.995 0.956 0.999 1.000 0.998 1.000 0.990 1.000 0.999 0.997 1.000 
 120   (0.042) 0.001 0.003 0.002 0.045 0.005 0.044 0.001 0.000 0.002 0.000 0.010 0.000 0.001 0.003 0.000 

Locus 201 : 233194_6 
2 alleles
2.8% missing data
 120   (0.928) 0.965 0.663 0.997 0.936 0.992 0.938 0.999 1.000 0.997 1.000 0.998 0.999 0.999 0.995 1.000 
 100   (0.072) 0.035 0.337 0.003 0.064 0.008 0.062 0.001 0.000 0.003 0.000 0.002 0.001 0.001 0.005 0.000 

Locus 202 : 234346_33 
2 alleles
4.5% missing data
 110   (0.955) 0.819 0.997 0.998 0.963 0.995 0.963 0.999 1.000 0.998 1.000 0.999 1.000 0.999 0.997 1.000 
 130   (0.045) 0.181 0.003 0.002 0.037 0.005 0.037 0.001 0.000 0.002 0.000 0.001 0.000 0.001 0.003 0.000 

Locus 203 : 235241_77 
2 alleles
2.2% missing data
 130   (0.950) 0.999 0.838 0.998 0.959 0.995 0.959 0.999 1.000 0.998 1.000 0.999 1.000 0.999 0.997 1.000 
 100   (0.050) 0.001 0.162 0.002 0.041 0.005 0.041 0.001 0.000 0.002 0.000 0.001 0.000 0.001 0.003 0.000 

Locus 204 : 236207_44 
2 alleles
6.2% missing data
 120   (0.917) 0.998 0.994 0.997 0.928 0.861 0.929 0.999 0.999 0.996 1.000 0.998 0.999 0.648 0.963 1.000 
 100   (0.083) 0.002 0.006 0.003 0.072 0.139 0.071 0.001 0.001 0.004 0.000 0.002 0.001 0.352 0.037 0.000 

Locus 205 : 236307_12 
2 alleles
1.7% missing data
 130   (0.951) 0.999 0.997 0.998 0.959 0.993 0.959 0.584 1.000 0.997 1.000 0.999 0.992 0.999 0.992 1.000 
 110   (0.049) 0.001 0.003 0.002 0.041 0.007 0.041 0.416 0.000 0.003 0.000 0.001 0.008 0.001 0.008 0.000 

Locus 206 : 236931_45 
2 alleles
6.7% missing data
 120   (0.886) 0.997 0.992 0.996 0.902 0.464 0.903 0.997 0.999 0.704 0.999 0.997 0.999 0.998 0.713 1.000 
 100   (0.114) 0.003 0.008 0.004 0.098 0.536 0.097 0.003 0.001 0.296 0.001 0.003 0.001 0.002 0.287 0.000 

Locus 207 : 236999_38 
2 alleles
2.8% missing data
 120   (0.954) 0.999 0.945 0.998 0.961 0.995 0.962 0.999 1.000 0.998 1.000 0.999 1.000 0.999 0.997 1.000 
 100   (0.046) 0.001 0.055 0.002 0.039 0.005 0.038 0.001 0.000 0.002 0.000 0.001 0.000 0.001 0.003 0.000 

Locus 208 : 240398_42 
2 alleles
3.9% missing data
 110   (0.848) 0.996 0.990 0.994 0.855 0.454 0.848 0.628 0.999 0.829 0.999 0.996 0.998 0.998 0.881 1.000 
 130   (0.152) 0.004 0.010 0.006 0.145 0.546 0.152 0.372 0.001 0.171 0.001 0.004 0.002 0.002 0.119 0.000 

Locus 209 : 240825_22 
2 alleles
6.2% missing data
 130   (0.956) 0.999 0.997 0.995 0.958 0.992 0.958 0.999 0.997 0.998 0.997 0.996 0.990 0.999 0.997 1.000 
 110   (0.044) 0.001 0.003 0.005 0.042 0.008 0.042 0.001 0.003 0.002 0.003 0.004 0.010 0.001 0.003 0.000 

Locus 210 : 244435_48 
2 alleles
1.7% missing data
 110   (0.956) 0.999 0.997 0.998 0.963 0.995 0.963 0.999 1.000 0.997 1.000 0.999 1.000 0.945 0.997 1.000 
 130   (0.044) 0.001 0.003 0.002 0.037 0.005 0.037 0.001 0.000 0.003 0.000 0.001 0.000 0.055 0.003 0.000 

Locus 211 : 245971_21 
2 alleles
5.1% missing data
 130   (0.953) 0.999 0.914 0.998 0.961 0.995 0.962 0.999 1.000 0.998 1.000 0.999 1.000 0.999 0.997 1.000 
 120   (0.047) 0.001 0.086 0.002 0.039 0.005 0.038 0.001 0.000 0.002 0.000 0.001 0.000 0.001 0.003 0.000 

Locus 212 : 246895_22 
2 alleles
3.4% missing data
 120   (0.957) 0.999 0.997 0.998 0.949 0.995 0.951 0.994 1.000 0.998 1.000 0.999 1.000 0.999 0.997 1.000 
 110   (0.043) 0.001 0.003 0.002 0.051 0.005 0.049 0.006 0.000 0.002 0.000 0.001 0.000 0.001 0.003 0.000 

Locus 213 : 248131_26 
2 alleles
7.9% missing data
 130   (0.942) 0.998 0.996 0.950 0.948 0.991 0.948 0.998 0.999 0.977 0.999 0.997 0.998 0.999 0.994 1.000 
 110   (0.058) 0.002 0.004 0.050 0.052 0.009 0.052 0.002 0.001 0.023 0.001 0.003 0.002 0.001 0.006 0.000 

Locus 214 : 250844_49 
2 alleles
7.3% missing data
 130   (0.956) 0.999 0.997 0.998 0.954 0.995 0.954 0.999 1.000 0.988 1.000 0.999 1.000 0.999 0.997 1.000 
 100   (0.044) 0.001 0.003 0.002 0.046 0.005 0.046 0.001 0.000 0.012 0.000 0.001 0.000 0.001 0.003 0.000 

Locus 215 : 251283_19 
2 alleles
5.6% missing data
 120   (0.956) 0.999 0.997 0.998 0.963 0.829 0.964 0.999 1.000 0.998 1.000 0.999 1.000 0.999 0.997 1.000 
 100   (0.044) 0.001 0.003 0.002 0.037 0.171 0.036 0.001 0.000 0.002 0.000 0.001 0.000 0.001 0.003 0.000 

Locus 216 : 251358_15 
2 alleles
8.4% missing data
 110   (0.938) 0.998 0.995 0.997 0.943 0.990 0.939 0.999 1.000 0.802 1.000 0.999 0.999 0.986 0.994 1.000 
 120   (0.062) 0.002 0.005 0.003 0.057 0.010 0.061 0.001 0.000 0.198 0.000 0.001 0.001 0.014 0.006 0.000 

Locus 217 : 251901_42 
2 alleles
2.2% missing data
 120   (0.958) 0.999 0.997 0.977 0.955 0.995 0.960 0.999 1.000 0.998 1.000 0.999 0.999 0.999 0.997 1.000 
 100   (0.042) 0.001 0.003 0.023 0.045 0.005 0.040 0.001 0.000 0.002 0.000 0.001 0.001 0.001 0.003 0.000 

Locus 218 : 252158_43 
2 alleles
0.0% missing data
 120   (0.953) 0.999 0.918 0.998 0.962 0.995 0.962 0.999 1.000 0.998 1.000 0.999 1.000 0.999 0.997 1.000 
 100   (0.047) 0.001 0.082 0.002 0.038 0.005 0.038 0.001 0.000 0.002 0.000 0.001 0.000 0.001 0.003 0.000 

Locus 219 : 252988_16 
2 alleles
7.9% missing data
 110   (0.952) 0.999 0.997 0.697 0.959 0.993 0.959 0.998 1.000 0.997 1.000 0.999 1.000 0.999 0.997 1.000 
 100   (0.048) 0.001 0.003 0.303 0.041 0.007 0.041 0.002 0.000 0.003 0.000 0.001 0.000 0.001 0.003 0.000 

Locus 220 : 254425_88 
2 alleles
5.6% missing data
 130   (0.922) 0.884 0.772 0.997 0.935 0.991 0.936 0.999 1.000 0.996 1.000 0.997 0.999 0.999 0.995 1.000 
 110   (0.078) 0.116 0.228 0.003 0.065 0.009 0.064 0.001 0.000 0.004 0.000 0.003 0.001 0.001 0.005 0.000 

Locus 221 : 256337_57 
2 alleles
5.6% missing data
 110   (0.957) 0.999 0.997 0.998 0.964 0.928 0.964 0.999 1.000 0.998 1.000 0.999 1.000 0.999 0.997 1.000 
 130   (0.043) 0.001 0.003 0.002 0.036 0.072 0.036 0.001 0.000 0.002 0.000 0.001 0.000 0.001 0.003 0.000 

Locus 222 : 259058_15 
2 alleles
1.7% missing data
 120   (0.956) 0.875 0.997 0.998 0.964 0.995 0.965 0.999 1.000 0.998 1.000 0.999 1.000 0.999 0.997 1.000 
 100   (0.044) 0.125 0.003 0.002 0.036 0.005 0.035 0.001 0.000 0.002 0.000 0.001 0.000 0.001 0.003 0.000 

Locus 223 : 259869_81 
2 alleles
0.6% missing data
 120   (0.956) 0.941 0.997 0.998 0.964 0.995 0.964 0.999 1.000 0.998 1.000 0.999 1.000 0.999 0.997 1.000 
 130   (0.044) 0.059 0.003 0.002 0.036 0.005 0.036 0.001 0.000 0.002 0.000 0.001 0.000 0.001 0.003 0.000 

Locus 224 : 260700_55 
2 alleles
2.2% missing data
 130   (0.959) 0.999 0.997 0.996 0.964 0.994 0.965 0.999 0.999 0.998 0.999 0.972 0.999 0.999 0.997 1.000 
 110   (0.041) 0.001 0.003 0.004 0.036 0.006 0.035 0.001 0.001 0.002 0.001 0.028 0.001 0.001 0.003 0.000 

Locus 225 : 262223_11 
2 alleles
4.5% missing data
 130   (0.957) 0.999 0.997 0.998 0.965 0.995 0.965 0.999 1.000 0.998 1.000 0.853 1.000 0.999 0.997 1.000 
 100   (0.043) 0.001 0.003 0.002 0.035 0.005 0.035 0.001 0.000 0.002 0.000 0.147 0.000 0.001 0.003 0.000 

Locus 226 : 262346_48 
2 alleles
3.4% missing data
 130   (0.952) 0.999 0.997 0.998 0.961 0.416 0.960 0.999 1.000 0.998 1.000 0.999 1.000 0.999 0.997 1.000 
 110   (0.048) 0.001 0.003 0.002 0.039 0.584 0.040 0.001 0.000 0.002 0.000 0.001 0.000 0.001 0.003 0.000 

Locus 227 : 262620_18 
2 alleles
3.9% missing data
 110   (0.944) 0.998 0.995 0.997 0.936 0.991 0.930 0.992 0.989 0.996 0.997 0.998 0.991 0.997 0.995 0.999 
 130   (0.056) 0.002 0.005 0.003 0.064 0.009 0.070 0.008 0.011 0.004 0.003 0.002 0.009 0.003 0.005 0.001 

Locus 228 : 263002_42 
2 alleles
3.4% missing data
 120   (0.951) 0.999 0.997 0.998 0.958 0.994 0.954 0.999 1.000 0.856 1.000 0.999 1.000 0.999 0.997 1.000 
 100   (0.049) 0.001 0.003 0.002 0.042 0.006 0.046 0.001 0.000 0.144 0.000 0.001 0.000 0.001 0.003 0.000 

Locus 229 : 263813_70 
2 alleles
10.1% missing data
 130   (0.954) 0.937 0.997 0.998 0.961 0.994 0.961 0.999 1.000 0.998 1.000 0.999 1.000 0.999 0.997 1.000 
 110   (0.046) 0.063 0.003 0.002 0.039 0.006 0.039 0.001 0.000 0.002 0.000 0.001 0.000 0.001 0.003 0.000 

Locus 230 : 264184_13 
2 alleles
10.1% missing data
 110   (0.909) 0.997 0.993 0.824 0.917 0.934 0.917 0.998 0.999 0.995 0.999 0.998 0.999 0.912 0.993 1.000 
 130   (0.091) 0.003 0.007 0.176 0.083 0.066 0.083 0.002 0.001 0.005 0.001 0.002 0.001 0.088 0.007 0.000 

Values of parameters used in structure:
DATAFILE=C:\Users\jmahg\OneDrive\Desktop\Transfers\TrkNbr-1524n1282n1083_AllPops_Structure_p18_r080_LDnHWEx\project_data,	OUTFILE=C:\Users\jmahg\OneDrive\Desktop\Transfers\TrkNbr-1524n1282n1083_AllPops_Structure_p18_r080_LDnHWEx\BI50000_MCMC100000\Results\BI50000_MCMC100000_run_147,	NUMINDS=178,	NUMLOCI=230,	MISSING=0,	LABEL=1,	POPDATA=1,	POPFLAG=0,	PHENOTYPE=0,	EXTRACOLS=0,	MAXPOPS=15,	BURNIN=50000,	NUMREPS=100000,	USEPOPINFO=0,	INFERALPHA=1,	INFERLAMBDA=0,	POPSPECIFICLAMBDA=0,	POPALPHAS=0,	COMPUTEPROB=1,	NOADMIX=0,	ADMBURNIN=2500,	UPDATEFREQ=1,	PRINTLIKES=0,	INTERMEDSAVE=0,	PRINTKLD=0,	PRINTNET=0,	PRINTLAMBDA=0,	ANCESTDIST=0,	NUMBOXES=1000,	ANCESTPINT=0.90000,	GENSBACK=2,	MIGRPRIOR=0.05000,	PRINTQHAT=0,	PRINTQSUM=0,	ALPHA=1.0000,	FREQSCORR=1,	FPRIORMEAN=0.0100,	FPRIORSD=0.0500,	ONEFST=0,	LAMBDA=1.0000,	UNIFPRIORALPHA=1,	ALPHAMAX=10.0000,	ALPHAPRIORA=1.0000,	ALPHAPRIORB=2.0000,	ALPHAPROPSD=0.0250,	STARTATPOPINFO=0,	RANDOMIZE=1,	LINKAGE=0,	METROFREQ=10,	REPORTHITRATE=0,	MARKOVPHASE=-1,	PHASED=0,	PLOIDY=2,	PHASEINFO=0	LOCPRIOR=0, 	LOCPRIORINIT=1.000000, 	LOCDATA=0, 	LOCISPOP=0, 	LOCPRIORSTEP=0.100000, 	MAXLOCPRIOR=20.000000, 	SEED=1603009903,	
[STRAT parameters]:    NUMSIMSTATS=1000,	PHENOTYPECOL=-9,	POOLFREQ=10,	LOCUSxONLY=0,	EMERROR=0.00100,	MISSINGPHENO=-9,	