

----------------------------------------------------
STRUCTURE by Pritchard, Stephens and Donnelly (2000)
     and Falush, Stephens and Pritchard (2003)
       Code by Pritchard, Falush and Hubisz
             Version 2.3.4 (Jul 2012)
----------------------------------------------------



Command line arguments:   bin\structure -m C:\Users\jmahg\OneDrive\Desktop\Transfers\TrkNbr-1524n1282n1083_AllPops_Structure_p18_r080_LDnHWEx\BI50000_MCMC100000\mainparams -e C:\Users\jmahg\OneDrive\Desktop\Transfers\TrkNbr-1524n1282n1083_AllPops_Structure_p18_r080_LDnHWEx\BI50000_MCMC100000\extraparams 
Input File:    C:\Users\jmahg\OneDrive\Desktop\Transfers\TrkNbr-1524n1282n1083_AllPops_Structure_p18_r080_LDnHWEx\project_data

Run parameters:
   178 individuals
   230 loci
   15 populations assumed
   50000 Burn-in period
   100000 Reps


--------------------------------------------
Proportion of membership of each pre-defined
 population in each of the 15 clusters

Given    Inferred Clusters                                                                                           Number of
 Pop       1      2      3      4      5      6      7      8      9     10     11     12     13     14     15      Individuals

  1:     0.010  0.734  0.007  0.124  0.011  0.009  0.027  0.016  0.004  0.007  0.013  0.025  0.006  0.006  0.002       10
  2:     0.009  0.033  0.009  0.098  0.007  0.037  0.076  0.580  0.013  0.004  0.027  0.058  0.025  0.022  0.002        8
  3:     0.013  0.013  0.079  0.042  0.007  0.032  0.176  0.019  0.004  0.004  0.479  0.107  0.012  0.013  0.002       10
  4:     0.016  0.024  0.010  0.043  0.020  0.445  0.132  0.095  0.008  0.018  0.049  0.124  0.006  0.007  0.002       10
  5:     0.011  0.005  0.017  0.009  0.004  0.005  0.014  0.008  0.003  0.003  0.009  0.013  0.003  0.003  0.893       10
  6:     0.014  0.021  0.077  0.051  0.008  0.012  0.230  0.025  0.004  0.005  0.393  0.152  0.003  0.003  0.002       10
  7:     0.010  0.038  0.007  0.813  0.006  0.007  0.035  0.018  0.003  0.003  0.019  0.030  0.004  0.003  0.002       10
  8:     0.015  0.118  0.013  0.103  0.100  0.057  0.062  0.306  0.018  0.037  0.044  0.061  0.030  0.032  0.002       10
  9:     0.015  0.041  0.013  0.306  0.005  0.010  0.293  0.028  0.003  0.004  0.073  0.201  0.002  0.002  0.002       10
 10:     0.017  0.014  0.018  0.061  0.007  0.011  0.438  0.028  0.004  0.005  0.181  0.206  0.003  0.004  0.002       10
 11:     0.011  0.032  0.008  0.031  0.539  0.013  0.105  0.039  0.009  0.009  0.033  0.125  0.021  0.022  0.002       10
 12:     0.013  0.063  0.009  0.022  0.427  0.016  0.052  0.066  0.006  0.101  0.025  0.190  0.005  0.005  0.002       10
 13:     0.009  0.011  0.007  0.017  0.009  0.008  0.024  0.011  0.007  0.844  0.013  0.021  0.009  0.007  0.002       10
 14:     0.784  0.008  0.017  0.018  0.005  0.008  0.057  0.011  0.003  0.004  0.024  0.046  0.003  0.003  0.008       10
 15:     0.091  0.009  0.751  0.017  0.005  0.006  0.033  0.009  0.003  0.003  0.029  0.033  0.004  0.004  0.004       10
 16:     0.014  0.030  0.012  0.073  0.014  0.553  0.061  0.065  0.013  0.007  0.053  0.059  0.023  0.022  0.002       10
 17:     0.012  0.056  0.009  0.030  0.047  0.035  0.070  0.077  0.550  0.016  0.026  0.055  0.007  0.007  0.002       10
 18:     0.013  0.007  0.011  0.016  0.004  0.007  0.027  0.010  0.003  0.004  0.016  0.020  0.003  0.004  0.856       10
--------------------------------------------

Allele-freq. divergence among pops (Net nucleotide distance),
computed using point estimates of P.

      1       2       3       4       5       6       7       8       9      10      11      12      13      14      15      
 1      -    0.0044  0.0043  0.0034  0.0045  0.0053  0.0022  0.0046  0.0102  0.0068  0.0027  0.0023  0.0042  0.0042  0.0084  
 2   0.0044     -    0.0047  0.0013  0.0033  0.0050  0.0023  0.0041  0.0093  0.0062  0.0028  0.0021  0.0035  0.0035  0.0092  
 3   0.0043  0.0047     -    0.0038  0.0049  0.0056  0.0025  0.0049  0.0105  0.0072  0.0028  0.0026  0.0043  0.0043  0.0066  
 4   0.0034  0.0013  0.0038     -    0.0037  0.0043  0.0013  0.0034  0.0093  0.0061  0.0019  0.0015  0.0036  0.0037  0.0083  
 5   0.0045  0.0033  0.0049  0.0037     -    0.0048  0.0026  0.0039  0.0074  0.0044  0.0031  0.0018  0.0025  0.0025  0.0091  
 6   0.0053  0.0050  0.0056  0.0043  0.0048     -    0.0033  0.0054  0.0105  0.0076  0.0035  0.0032  0.0043  0.0044  0.0101  
 7   0.0022  0.0023  0.0025  0.0013  0.0026  0.0033     -    0.0025  0.0083  0.0049  0.0005  0.0002  0.0032  0.0032  0.0071  
 8   0.0046  0.0041  0.0049  0.0034  0.0039  0.0054  0.0025     -    0.0064  0.0067  0.0030  0.0022  0.0040  0.0040  0.0094  
 9   0.0102  0.0093  0.0105  0.0093  0.0074  0.0105  0.0083  0.0064     -    0.0100  0.0087  0.0076  0.0068  0.0068  0.0145  
10   0.0068  0.0062  0.0072  0.0061  0.0044  0.0076  0.0049  0.0067  0.0100     -    0.0053  0.0045  0.0046  0.0046  0.0115  
11   0.0027  0.0028  0.0028  0.0019  0.0031  0.0035  0.0005  0.0030  0.0087  0.0053     -    0.0007  0.0031  0.0031  0.0073  
12   0.0023  0.0021  0.0026  0.0015  0.0018  0.0032  0.0002  0.0022  0.0076  0.0045  0.0007     -    0.0027  0.0027  0.0071  
13   0.0042  0.0035  0.0043  0.0036  0.0025  0.0043  0.0032  0.0040  0.0068  0.0046  0.0031  0.0027     -    0.0000  0.0060  
14   0.0042  0.0035  0.0043  0.0037  0.0025  0.0044  0.0032  0.0040  0.0068  0.0046  0.0031  0.0027  0.0000     -    0.0059  
15   0.0084  0.0092  0.0066  0.0083  0.0091  0.0101  0.0071  0.0094  0.0145  0.0115  0.0073  0.0071  0.0060  0.0059     -    

Average distances (expected heterozygosity) between individuals in same cluster:
cluster  1  : 0.0196 
cluster  2  : 0.0185 
cluster  3  : 0.0192 
cluster  4  : 0.0070 
cluster  5  : 0.0378 
cluster  6  : 0.0225 
cluster  7  : 0.0013 
cluster  8  : 0.0125 
cluster  9  : 0.0440 
cluster 10  : 0.0387 
cluster 11  : 0.0111 
cluster 12  : 0.0093 
cluster 13  : 0.0998 
cluster 14  : 0.1007 
cluster 15  : 0.0660 

--------------------------------------------
Estimated Ln Prob of Data   = -3780.1
Mean value of ln likelihood = -3223.8
Variance of ln likelihood   = 1112.6
Mean value of alpha         = 0.0339

Mean value of Fst_1         = 0.6640
Mean value of Fst_2         = 0.6377
Mean value of Fst_3         = 0.6688
Mean value of Fst_4         = 0.8596
Mean value of Fst_5         = 0.4306
Mean value of Fst_6         = 0.5761
Mean value of Fst_7         = 0.9506
Mean value of Fst_8         = 0.7801
Mean value of Fst_9         = 0.4275
Mean value of Fst_10         = 0.4473
Mean value of Fst_11         = 0.7515
Mean value of Fst_12         = 0.8357
Mean value of Fst_13         = 0.0380
Mean value of Fst_14         = 0.0229
Mean value of Fst_15         = 0.2859


Inferred ancestry of individuals:
        Label (%Miss) Pop:  Inferred clusters
  1 TGCP_WM1    (0)    1 :  0.014 0.814 0.009 0.044 0.005 0.009 0.033 0.017 0.003 0.004 0.013 0.022 0.005 0.005 0.002 
  2 TGCP_WM10    (1)    1 :  0.016 0.561 0.009 0.161 0.013 0.007 0.093 0.039 0.005 0.004 0.030 0.057 0.002 0.002 0.002 
  3 TGCP_WM2    (0)    1 :  0.014 0.535 0.009 0.267 0.009 0.012 0.025 0.013 0.005 0.005 0.013 0.025 0.035 0.031 0.002 
  4 TGCP_WM3    (1)    1 :  0.007 0.840 0.006 0.048 0.008 0.006 0.025 0.010 0.003 0.004 0.015 0.024 0.002 0.002 0.002 
  5 TGCP_WM4    (0)    1 :  0.010 0.833 0.007 0.012 0.036 0.010 0.015 0.009 0.004 0.003 0.014 0.038 0.003 0.003 0.002 
  6 TGCP_WM5    (0)    1 :  0.009 0.880 0.008 0.013 0.006 0.009 0.012 0.022 0.003 0.008 0.007 0.011 0.004 0.006 0.002 
  7 TGCP_WM6    (0)    1 :  0.006 0.875 0.005 0.030 0.010 0.009 0.019 0.008 0.003 0.005 0.010 0.015 0.002 0.001 0.002 
  8 TGCP_WM7    (0)    1 :  0.009 0.186 0.008 0.628 0.007 0.017 0.030 0.025 0.010 0.024 0.015 0.030 0.004 0.004 0.002 
  9 TGCP_WM8    (0)    1 :  0.007 0.884 0.006 0.022 0.013 0.005 0.012 0.009 0.003 0.010 0.007 0.015 0.002 0.002 0.002 
 10 TGCP_WM9    (0)    1 :  0.006 0.931 0.004 0.017 0.003 0.004 0.007 0.004 0.002 0.002 0.007 0.008 0.002 0.002 0.001 
 11 MRLP_WM123    (3)    2 :  0.007 0.014 0.007 0.013 0.016 0.011 0.020 0.669 0.006 0.005 0.018 0.012 0.123 0.077 0.002 
 12 MRLP_WM124    (4)    2 :  0.010 0.008 0.011 0.013 0.006 0.007 0.026 0.864 0.005 0.004 0.012 0.028 0.002 0.002 0.002 
 13 MRLP_WM125    (1)    2 :  0.007 0.022 0.005 0.034 0.008 0.007 0.015 0.675 0.046 0.004 0.009 0.020 0.061 0.084 0.002 
 14 MRLP_WM126    (2)    2 :  0.012 0.013 0.012 0.074 0.004 0.007 0.424 0.022 0.003 0.004 0.110 0.312 0.001 0.002 0.002 
 15 MRLP_WM127    (3)    2 :  0.016 0.140 0.016 0.526 0.009 0.011 0.091 0.059 0.030 0.005 0.026 0.057 0.006 0.006 0.003 
 16 MRLP_WM128    (3)    2 :  0.006 0.004 0.005 0.004 0.003 0.004 0.009 0.929 0.007 0.003 0.009 0.011 0.002 0.001 0.002 
 17 MRLP_WM129    (7)    2 :  0.007 0.023 0.006 0.034 0.009 0.243 0.010 0.622 0.003 0.003 0.019 0.012 0.004 0.003 0.002 
 18 MRLP_WM130    (5)    2 :  0.008 0.039 0.008 0.087 0.003 0.007 0.013 0.799 0.003 0.003 0.010 0.014 0.002 0.002 0.002 
 19 STT_WM183    (2)    3 :  0.020 0.015 0.071 0.031 0.024 0.009 0.081 0.022 0.003 0.003 0.517 0.028 0.082 0.092 0.003 
 20 STT_WM184    (3)    3 :  0.013 0.015 0.034 0.024 0.007 0.078 0.099 0.013 0.005 0.006 0.648 0.033 0.012 0.010 0.002 
 21 STT_WM185   (15)    3 :  0.021 0.020 0.020 0.161 0.006 0.011 0.376 0.052 0.004 0.005 0.089 0.229 0.002 0.002 0.002 
 22 STT_WM186   (13)    3 :  0.014 0.023 0.009 0.067 0.006 0.014 0.447 0.037 0.003 0.005 0.088 0.282 0.002 0.002 0.002 
 23 STT_WM187   (13)    3 :  0.010 0.008 0.171 0.014 0.004 0.007 0.027 0.012 0.004 0.006 0.714 0.016 0.002 0.003 0.002 
 24 STT_WM188    (3)    3 :  0.006 0.003 0.208 0.006 0.003 0.004 0.016 0.004 0.002 0.002 0.730 0.010 0.002 0.003 0.002 
 25 STT_WM189    (0)    3 :  0.012 0.014 0.012 0.070 0.006 0.007 0.416 0.023 0.003 0.003 0.096 0.333 0.001 0.001 0.002 
 26 STT_WM190   (11)    3 :  0.009 0.008 0.152 0.010 0.003 0.004 0.050 0.005 0.003 0.004 0.735 0.011 0.003 0.001 0.002 
 27 STT_WM191    (7)    3 :  0.014 0.013 0.047 0.028 0.006 0.019 0.218 0.014 0.004 0.004 0.512 0.114 0.002 0.002 0.002 
 28 STT_WM192   (12)    3 :  0.010 0.007 0.064 0.008 0.005 0.163 0.032 0.007 0.004 0.003 0.659 0.017 0.012 0.009 0.002 
 29 FSSP_WM241    (3)    4 :  0.018 0.082 0.016 0.050 0.025 0.183 0.179 0.192 0.012 0.030 0.060 0.139 0.005 0.007 0.003 
 30 FSSP_WM242   (15)    4 :  0.022 0.014 0.012 0.067 0.008 0.014 0.431 0.025 0.003 0.004 0.100 0.293 0.002 0.002 0.002 
 31 FSSP_WM243    (6)    4 :  0.008 0.008 0.005 0.007 0.005 0.905 0.012 0.005 0.003 0.003 0.008 0.010 0.010 0.010 0.002 
 32 FSSP_WM244    (5)    4 :  0.018 0.066 0.012 0.072 0.018 0.028 0.076 0.408 0.017 0.092 0.042 0.136 0.005 0.006 0.003 
 33 FSSP_WM245   (10)    4 :  0.019 0.019 0.015 0.079 0.006 0.348 0.224 0.024 0.004 0.005 0.084 0.166 0.003 0.002 0.002 
 34 FSSP_WM246    (6)    4 :  0.039 0.017 0.016 0.090 0.015 0.091 0.269 0.064 0.006 0.006 0.121 0.251 0.006 0.006 0.002 
 35 FSSP_WM247    (3)    4 :  0.007 0.010 0.004 0.015 0.013 0.867 0.012 0.008 0.007 0.018 0.009 0.010 0.010 0.008 0.002 
 36 FSSP_WM248    (9)    4 :  0.006 0.007 0.007 0.009 0.014 0.879 0.015 0.007 0.004 0.013 0.010 0.021 0.003 0.003 0.002 
 37 FSSP_WM249    (6)    4 :  0.010 0.008 0.008 0.015 0.017 0.786 0.041 0.014 0.003 0.005 0.031 0.052 0.005 0.004 0.002 
 38 FSSP_WM250    (2)    4 :  0.013 0.010 0.008 0.026 0.077 0.352 0.057 0.206 0.017 0.005 0.029 0.161 0.017 0.018 0.002 
 39 HNL_WM301    (3)    5 :  0.007 0.007 0.013 0.009 0.003 0.006 0.012 0.006 0.002 0.003 0.006 0.009 0.002 0.002 0.912 
 40 HNL_WM302    (2)    5 :  0.005 0.002 0.006 0.005 0.002 0.003 0.007 0.005 0.002 0.002 0.004 0.004 0.002 0.002 0.948 
 41 HNL_WM303    (2)    5 :  0.010 0.005 0.006 0.009 0.005 0.006 0.016 0.008 0.003 0.004 0.009 0.015 0.002 0.003 0.899 
 42 HNL_WM304    (3)    5 :  0.012 0.007 0.066 0.017 0.005 0.010 0.017 0.011 0.003 0.003 0.015 0.021 0.002 0.002 0.809 
 43 HNL_WM305    (3)    5 :  0.006 0.004 0.011 0.007 0.004 0.004 0.008 0.007 0.003 0.003 0.005 0.009 0.004 0.003 0.923 
 44 HNL_WM306    (0)    5 :  0.006 0.004 0.013 0.005 0.004 0.003 0.008 0.003 0.002 0.003 0.008 0.008 0.003 0.003 0.928 
 45 HNL_WM307    (3)    5 :  0.007 0.006 0.005 0.009 0.003 0.006 0.011 0.007 0.002 0.003 0.009 0.009 0.003 0.003 0.916 
 46 HNL_WM308    (3)    5 :  0.016 0.005 0.024 0.008 0.004 0.004 0.012 0.008 0.002 0.003 0.010 0.011 0.002 0.002 0.889 
 47 HNL_WM309    (0)    5 :  0.033 0.007 0.011 0.013 0.006 0.006 0.027 0.012 0.003 0.004 0.015 0.028 0.008 0.006 0.824 
 48 HNL_WM310   (10)    5 :  0.010 0.008 0.013 0.012 0.004 0.006 0.019 0.009 0.003 0.005 0.011 0.015 0.003 0.002 0.880 
 49 MPO_WM482    (2)    6 :  0.007 0.006 0.222 0.013 0.003 0.005 0.012 0.010 0.004 0.003 0.699 0.009 0.002 0.002 0.004 
 50 MPO_WM483    (3)    6 :  0.023 0.016 0.040 0.050 0.008 0.015 0.243 0.021 0.004 0.005 0.384 0.179 0.005 0.004 0.003 
 51 MPO_WM484    (1)    6 :  0.015 0.010 0.097 0.040 0.005 0.011 0.165 0.020 0.003 0.004 0.548 0.075 0.002 0.002 0.002 
 52 MPO_WM485    (0)    6 :  0.014 0.010 0.136 0.019 0.006 0.021 0.042 0.019 0.004 0.005 0.687 0.020 0.007 0.008 0.002 
 53 MPO_WM486   (21)    6 :  0.018 0.021 0.016 0.112 0.006 0.015 0.357 0.035 0.005 0.008 0.117 0.285 0.002 0.002 0.002 
 54 MPO_WM487   (19)    6 :  0.015 0.013 0.052 0.051 0.007 0.017 0.221 0.019 0.004 0.009 0.468 0.116 0.003 0.003 0.002 
 55 MPO_WM488    (9)    6 :  0.011 0.016 0.017 0.068 0.004 0.010 0.420 0.024 0.003 0.003 0.142 0.277 0.002 0.001 0.002 
 56 MPO_WM489    (3)    6 :  0.008 0.088 0.160 0.016 0.019 0.006 0.017 0.017 0.007 0.004 0.623 0.023 0.004 0.004 0.003 
 57 MPO_WM490   (24)    6 :  0.016 0.017 0.016 0.075 0.009 0.010 0.389 0.047 0.006 0.007 0.124 0.276 0.002 0.002 0.003 
 58 MPO_WM491   (11)    6 :  0.014 0.012 0.012 0.066 0.007 0.011 0.431 0.040 0.003 0.003 0.135 0.261 0.001 0.002 0.002 
 59 OICP_WM541    (1)    7 :  0.006 0.007 0.004 0.924 0.004 0.005 0.013 0.005 0.002 0.003 0.013 0.010 0.001 0.002 0.002 
 60 OICP_WM542    (2)    7 :  0.008 0.012 0.006 0.910 0.004 0.004 0.017 0.006 0.002 0.003 0.010 0.013 0.001 0.002 0.002 
 61 OICP_WM543    (0)    7 :  0.006 0.008 0.005 0.914 0.004 0.004 0.021 0.007 0.002 0.003 0.007 0.014 0.002 0.002 0.002 
 62 OICP_WM544    (1)    7 :  0.031 0.202 0.018 0.450 0.022 0.026 0.027 0.053 0.005 0.006 0.057 0.060 0.026 0.016 0.002 
 63 OICP_WM545    (0)    7 :  0.007 0.016 0.007 0.882 0.005 0.005 0.027 0.013 0.003 0.003 0.013 0.015 0.001 0.001 0.002 
 64 OICP_WM546    (3)    7 :  0.012 0.054 0.010 0.654 0.004 0.010 0.086 0.033 0.004 0.004 0.036 0.087 0.001 0.002 0.002 
 65 OICP_WM547    (2)    7 :  0.011 0.056 0.009 0.627 0.005 0.006 0.130 0.040 0.003 0.003 0.027 0.078 0.002 0.002 0.002 
 66 OICP_WM548    (3)    7 :  0.006 0.007 0.004 0.925 0.003 0.005 0.011 0.009 0.002 0.003 0.011 0.010 0.001 0.001 0.002 
 67 OICP_WM549    (0)    7 :  0.007 0.013 0.004 0.929 0.004 0.003 0.010 0.005 0.003 0.003 0.006 0.007 0.002 0.001 0.002 
 68 OICP_WM550    (1)    7 :  0.007 0.008 0.004 0.921 0.004 0.004 0.013 0.010 0.003 0.003 0.009 0.010 0.001 0.001 0.002 
 69 IRO_WM601    (2)    8 :  0.013 0.399 0.013 0.156 0.166 0.053 0.040 0.049 0.003 0.030 0.029 0.037 0.005 0.006 0.002 
 70 IRO_WM602    (1)    8 :  0.018 0.135 0.013 0.464 0.012 0.011 0.093 0.138 0.005 0.006 0.042 0.044 0.008 0.007 0.003 
 71 IRO_WM603    (2)    8 :  0.016 0.141 0.013 0.018 0.424 0.020 0.030 0.039 0.005 0.212 0.024 0.024 0.017 0.015 0.002 
 72 IRO_WM604    (0)    8 :  0.006 0.008 0.007 0.010 0.008 0.008 0.022 0.624 0.020 0.012 0.008 0.035 0.095 0.136 0.002 
 73 IRO_WM605    (3)    8 :  0.006 0.165 0.005 0.012 0.044 0.004 0.013 0.687 0.016 0.003 0.008 0.032 0.002 0.002 0.002 
 74 IRO_WM606    (3)    8 :  0.011 0.007 0.012 0.016 0.012 0.020 0.050 0.748 0.029 0.009 0.046 0.033 0.005 0.004 0.002 
 75 IRO_WM607    (2)    8 :  0.020 0.031 0.017 0.087 0.087 0.094 0.093 0.326 0.017 0.006 0.030 0.169 0.011 0.010 0.002 
 76 IRO_WM608    (0)    8 :  0.015 0.195 0.010 0.168 0.181 0.041 0.039 0.091 0.012 0.024 0.034 0.051 0.083 0.054 0.002 
 77 IRO_WM609    (0)    8 :  0.016 0.081 0.016 0.067 0.058 0.016 0.105 0.291 0.016 0.026 0.058 0.111 0.065 0.070 0.003 
 78 IRO_WM610   (13)    8 :  0.028 0.020 0.028 0.037 0.008 0.307 0.132 0.071 0.056 0.047 0.160 0.076 0.013 0.013 0.003 
 79 HGRF_WM661    (5)    9 :  0.011 0.076 0.012 0.585 0.005 0.011 0.137 0.036 0.003 0.004 0.040 0.075 0.002 0.002 0.002 
 80 HGRF_WM662    (5)    9 :  0.022 0.011 0.015 0.070 0.004 0.011 0.434 0.022 0.003 0.003 0.083 0.317 0.002 0.001 0.002 
 81 HGRF_WM663    (4)    9 :  0.013 0.065 0.012 0.665 0.004 0.009 0.096 0.027 0.003 0.004 0.041 0.055 0.002 0.002 0.002 
 82 HGRF_WM664    (3)    9 :  0.012 0.022 0.011 0.161 0.005 0.011 0.395 0.027 0.003 0.003 0.088 0.257 0.001 0.001 0.002 
 83 HGRF_WM665    (1)    9 :  0.016 0.110 0.008 0.576 0.008 0.017 0.092 0.041 0.006 0.005 0.040 0.062 0.008 0.008 0.003 
 84 HGRF_WM666    (5)    9 :  0.023 0.017 0.019 0.072 0.005 0.008 0.425 0.022 0.003 0.004 0.092 0.305 0.002 0.002 0.002 
 85 HGRF_WM667    (0)    9 :  0.011 0.009 0.009 0.095 0.004 0.008 0.443 0.022 0.003 0.003 0.082 0.307 0.001 0.001 0.002 
 86 HGRF_WM668    (4)    9 :  0.011 0.058 0.014 0.613 0.008 0.009 0.106 0.041 0.003 0.005 0.039 0.087 0.002 0.001 0.002 
 87 HGRF_WM669    (5)    9 :  0.015 0.009 0.013 0.061 0.005 0.006 0.444 0.019 0.003 0.004 0.138 0.278 0.002 0.002 0.002 
 88 HGRF_WM670    (9)    9 :  0.014 0.037 0.012 0.165 0.007 0.009 0.361 0.027 0.003 0.005 0.087 0.268 0.002 0.002 0.003 
 89 PTP_WM721    (2)   10 :  0.026 0.023 0.037 0.090 0.012 0.021 0.332 0.037 0.007 0.008 0.132 0.253 0.011 0.010 0.003 
 90 PTP_WM722    (2)   10 :  0.013 0.012 0.011 0.017 0.007 0.011 0.534 0.012 0.005 0.005 0.310 0.041 0.009 0.012 0.002 
 91 PTP_WM723   (25)   10 :  0.023 0.014 0.017 0.119 0.007 0.010 0.421 0.054 0.003 0.005 0.103 0.216 0.002 0.002 0.003 
 92 PTP_WM724   (13)   10 :  0.020 0.017 0.013 0.071 0.008 0.007 0.407 0.022 0.004 0.004 0.105 0.317 0.002 0.002 0.002 
 93 PTP_WM725   (25)   10 :  0.023 0.020 0.045 0.068 0.009 0.020 0.369 0.024 0.004 0.006 0.127 0.277 0.002 0.002 0.003 
 94 PTP_WM726   (13)   10 :  0.018 0.021 0.010 0.080 0.006 0.009 0.408 0.028 0.004 0.005 0.086 0.319 0.002 0.001 0.002 
 95 PTP_WM727   (10)   10 :  0.013 0.014 0.023 0.059 0.006 0.008 0.420 0.049 0.003 0.004 0.102 0.295 0.002 0.002 0.002 
 96 PTP_WM728    (8)   10 :  0.018 0.013 0.015 0.081 0.006 0.010 0.401 0.027 0.004 0.004 0.113 0.303 0.002 0.002 0.002 
 97 PTP_WM729    (9)   10 :  0.010 0.006 0.007 0.019 0.004 0.008 0.550 0.012 0.003 0.003 0.350 0.021 0.002 0.002 0.002 
 98 PTP_WM730    (8)   10 :  0.007 0.005 0.006 0.009 0.005 0.008 0.534 0.011 0.003 0.004 0.386 0.018 0.001 0.002 0.003 
 99 RRL_WM782    (9)   11 :  0.012 0.014 0.014 0.066 0.006 0.008 0.416 0.027 0.003 0.004 0.120 0.305 0.002 0.002 0.002 
100 RRL_WM783    (8)   11 :  0.010 0.056 0.008 0.011 0.683 0.021 0.017 0.016 0.006 0.014 0.016 0.133 0.003 0.003 0.002 
101 RRL_WM784    (1)   11 :  0.010 0.010 0.007 0.017 0.732 0.010 0.037 0.018 0.010 0.024 0.022 0.096 0.002 0.003 0.002 
102 RRL_WM785    (1)   11 :  0.019 0.011 0.010 0.063 0.005 0.008 0.461 0.023 0.003 0.004 0.097 0.292 0.001 0.002 0.002 
103 RRL_WM786    (2)   11 :  0.006 0.014 0.006 0.007 0.773 0.013 0.012 0.060 0.029 0.004 0.008 0.058 0.005 0.003 0.002 
104 RRL_WM787    (3)   11 :  0.007 0.099 0.006 0.094 0.644 0.010 0.013 0.030 0.010 0.009 0.012 0.051 0.006 0.008 0.002 
105 RRL_WM788    (0)   11 :  0.006 0.005 0.004 0.006 0.672 0.009 0.007 0.006 0.004 0.009 0.005 0.073 0.103 0.087 0.002 
106 RRL_WM789    (2)   11 :  0.008 0.027 0.005 0.007 0.840 0.004 0.012 0.009 0.005 0.016 0.007 0.054 0.002 0.002 0.001 
107 RRL_WM790    (0)   11 :  0.012 0.013 0.008 0.015 0.458 0.008 0.017 0.187 0.014 0.005 0.015 0.071 0.076 0.100 0.002 
108 RRL_WM791    (0)   11 :  0.018 0.072 0.014 0.030 0.575 0.039 0.054 0.014 0.004 0.003 0.034 0.119 0.013 0.008 0.002 
109 RRO_WM842    (0)   12 :  0.012 0.036 0.007 0.012 0.507 0.017 0.013 0.050 0.010 0.006 0.009 0.306 0.003 0.008 0.002 
110 RRO_WM843    (7)   12 :  0.012 0.021 0.009 0.012 0.521 0.006 0.017 0.034 0.006 0.295 0.014 0.035 0.008 0.006 0.003 
111 RRO_WM844    (2)   12 :  0.016 0.012 0.010 0.032 0.032 0.006 0.104 0.347 0.007 0.359 0.024 0.044 0.004 0.003 0.002 
112 RRO_WM845    (4)   12 :  0.008 0.006 0.007 0.009 0.787 0.005 0.015 0.007 0.003 0.061 0.008 0.078 0.002 0.002 0.002 
113 RRO_WM846   (10)   12 :  0.012 0.032 0.008 0.023 0.461 0.013 0.042 0.010 0.008 0.032 0.033 0.315 0.004 0.005 0.002 
114 RRO_WM847    (6)   12 :  0.010 0.042 0.006 0.015 0.357 0.007 0.031 0.135 0.009 0.119 0.012 0.246 0.004 0.003 0.003 
115 RRO_WM848    (4)   12 :  0.016 0.059 0.016 0.054 0.371 0.076 0.120 0.029 0.006 0.024 0.086 0.124 0.009 0.007 0.003 
116 RRO_WM849    (5)   12 :  0.012 0.385 0.006 0.016 0.338 0.005 0.029 0.012 0.003 0.019 0.011 0.156 0.003 0.003 0.002 
117 RRO_WM850    (2)   12 :  0.013 0.015 0.007 0.011 0.582 0.006 0.028 0.011 0.004 0.004 0.008 0.302 0.004 0.004 0.001 
118 RRO_WM851    (1)   12 :  0.019 0.019 0.010 0.037 0.316 0.014 0.122 0.023 0.005 0.089 0.047 0.292 0.003 0.003 0.002 
119 CPS_WM901    (2)   13 :  0.009 0.008 0.004 0.009 0.013 0.005 0.010 0.018 0.005 0.888 0.008 0.015 0.003 0.002 0.002 
120 CPS_WM902    (2)   13 :  0.007 0.034 0.005 0.041 0.010 0.003 0.012 0.007 0.011 0.847 0.007 0.009 0.002 0.003 0.002 
121 CPS_WM903    (5)   13 :  0.008 0.004 0.005 0.007 0.017 0.005 0.011 0.009 0.009 0.908 0.006 0.007 0.002 0.002 0.002 
122 CPS_WM904    (1)   13 :  0.010 0.004 0.003 0.009 0.009 0.006 0.016 0.008 0.016 0.857 0.009 0.015 0.019 0.017 0.002 
123 CPS_WM905    (2)   13 :  0.006 0.006 0.006 0.007 0.007 0.024 0.010 0.006 0.006 0.832 0.012 0.010 0.042 0.027 0.002 
124 CPS_WM906    (3)   13 :  0.008 0.008 0.006 0.017 0.006 0.006 0.024 0.009 0.003 0.876 0.009 0.023 0.002 0.001 0.002 
125 CPS_WM907    (6)   13 :  0.015 0.015 0.013 0.026 0.007 0.007 0.047 0.015 0.005 0.768 0.027 0.050 0.002 0.002 0.002 
126 CPS_WM908    (3)   13 :  0.013 0.013 0.010 0.031 0.011 0.010 0.051 0.017 0.007 0.757 0.029 0.039 0.005 0.004 0.002 
127 CPS_WM909    (2)   13 :  0.011 0.009 0.008 0.020 0.007 0.012 0.040 0.014 0.004 0.823 0.016 0.029 0.002 0.003 0.002 
128 CPS_WM910    (1)   13 :  0.008 0.007 0.008 0.008 0.006 0.006 0.018 0.008 0.004 0.882 0.010 0.015 0.008 0.008 0.002 
129 PPNP_WM962    (1)   14 :  0.900 0.004 0.032 0.005 0.004 0.004 0.007 0.004 0.003 0.002 0.005 0.006 0.004 0.005 0.015 
130 PPNP_WM963    (0)   14 :  0.811 0.009 0.011 0.015 0.006 0.011 0.043 0.015 0.003 0.004 0.014 0.035 0.004 0.006 0.012 
131 PPNP_WM964    (0)   14 :  0.903 0.004 0.006 0.006 0.004 0.004 0.010 0.005 0.003 0.003 0.004 0.007 0.006 0.008 0.026 
132 PPNP_WM965    (4)   14 :  0.873 0.010 0.009 0.010 0.004 0.007 0.024 0.009 0.003 0.004 0.014 0.027 0.002 0.002 0.002 
133 PPNP_WM966    (4)   14 :  0.950 0.004 0.003 0.005 0.003 0.004 0.008 0.004 0.002 0.002 0.005 0.006 0.001 0.001 0.001 
134 PPNP_WM967    (4)   14 :  0.779 0.011 0.010 0.020 0.006 0.008 0.059 0.015 0.003 0.005 0.020 0.057 0.002 0.002 0.002 
135 PPNP_WM968    (5)   14 :  0.228 0.015 0.017 0.062 0.006 0.019 0.265 0.024 0.004 0.006 0.113 0.219 0.005 0.004 0.012 
136 PPNP_WM969    (2)   14 :  0.876 0.009 0.007 0.017 0.004 0.004 0.030 0.011 0.003 0.004 0.011 0.019 0.001 0.001 0.002 
137 PPNP_WM970    (2)   14 :  0.715 0.008 0.043 0.027 0.005 0.009 0.085 0.013 0.004 0.004 0.022 0.056 0.003 0.003 0.005 
138 PPNP_WM971    (2)   14 :  0.804 0.009 0.028 0.016 0.004 0.009 0.043 0.014 0.003 0.004 0.027 0.031 0.002 0.002 0.004 
139 FPPI_WM1021    (4)   15 :  0.016 0.012 0.851 0.014 0.007 0.008 0.027 0.007 0.004 0.004 0.015 0.022 0.006 0.006 0.002 
140 FPPI_WM1022    (4)   15 :  0.008 0.009 0.729 0.015 0.004 0.005 0.033 0.010 0.003 0.004 0.134 0.031 0.002 0.003 0.010 
141 FPPI_WM1023    (1)   15 :  0.027 0.012 0.838 0.018 0.004 0.005 0.027 0.011 0.002 0.004 0.015 0.027 0.002 0.002 0.005 
142 FPPI_WM1024    (5)   15 :  0.551 0.009 0.224 0.029 0.006 0.006 0.056 0.015 0.004 0.003 0.040 0.047 0.003 0.004 0.003 
143 FPPI_WM1025    (6)   15 :  0.009 0.013 0.823 0.022 0.006 0.009 0.042 0.013 0.004 0.003 0.019 0.032 0.002 0.002 0.002 
144 FPPI_WM1026    (1)   15 :  0.007 0.004 0.933 0.006 0.004 0.005 0.009 0.005 0.003 0.002 0.007 0.010 0.002 0.001 0.002 
145 FPPI_WM1027    (3)   15 :  0.247 0.004 0.694 0.007 0.003 0.005 0.007 0.004 0.003 0.003 0.008 0.010 0.002 0.002 0.002 
146 FPPI_WM1028    (2)   15 :  0.008 0.006 0.909 0.007 0.004 0.005 0.018 0.007 0.003 0.003 0.010 0.014 0.002 0.002 0.003 
147 FPPI_WM1029    (3)   15 :  0.019 0.012 0.626 0.041 0.006 0.007 0.097 0.012 0.003 0.004 0.033 0.126 0.002 0.002 0.009 
148 FPPI_WM1030    (1)   15 :  0.014 0.005 0.884 0.007 0.005 0.004 0.014 0.004 0.004 0.003 0.010 0.012 0.014 0.014 0.006 
149 CRWA_WM1082    (2)   16 :  0.004 0.003 0.003 0.005 0.004 0.947 0.005 0.006 0.002 0.003 0.006 0.007 0.002 0.002 0.001 
150 CRWA_WM1084    (5)   16 :  0.010 0.060 0.007 0.158 0.008 0.579 0.044 0.064 0.007 0.004 0.022 0.028 0.003 0.002 0.002 
151 CRWA_WM1085    (2)   16 :  0.015 0.018 0.014 0.037 0.012 0.659 0.078 0.040 0.008 0.005 0.036 0.072 0.002 0.002 0.002 
152 CRWA_WM1086    (9)   16 :  0.028 0.037 0.031 0.044 0.058 0.209 0.150 0.068 0.008 0.008 0.233 0.112 0.007 0.006 0.003 
153 CRWA_WM1087    (0)   16 :  0.017 0.012 0.007 0.022 0.006 0.621 0.048 0.018 0.019 0.021 0.030 0.034 0.068 0.074 0.002 
154 CRWA_WM1088    (1)   16 :  0.016 0.092 0.014 0.299 0.010 0.188 0.045 0.101 0.027 0.005 0.112 0.038 0.025 0.025 0.003 
155 CRWA_WM1089    (3)   16 :  0.015 0.021 0.010 0.030 0.005 0.715 0.081 0.017 0.004 0.004 0.032 0.059 0.001 0.002 0.002 
156 CRWA_WM1090    (0)   16 :  0.013 0.013 0.013 0.031 0.020 0.233 0.091 0.306 0.044 0.005 0.032 0.185 0.007 0.005 0.002 
157 CRWA_WM1092    (1)   16 :  0.012 0.011 0.010 0.017 0.009 0.671 0.042 0.009 0.012 0.006 0.013 0.041 0.083 0.065 0.002 
158 CRWA_WM1093    (1)   16 :  0.011 0.029 0.009 0.082 0.005 0.710 0.022 0.022 0.005 0.005 0.015 0.012 0.032 0.038 0.003 
159 PCRA_WM1141    (3)   17 :  0.008 0.014 0.011 0.014 0.015 0.057 0.030 0.191 0.566 0.006 0.030 0.048 0.003 0.004 0.002 
160 PCRA_WM1142    (3)   17 :  0.015 0.018 0.015 0.021 0.010 0.012 0.074 0.039 0.688 0.005 0.024 0.074 0.002 0.002 0.002 
161 PCRA_WM1143    (1)   17 :  0.017 0.016 0.014 0.056 0.009 0.011 0.166 0.121 0.471 0.005 0.046 0.061 0.002 0.002 0.002 
162 PCRA_WM1144    (2)   17 :  0.014 0.334 0.010 0.030 0.364 0.008 0.062 0.019 0.018 0.024 0.029 0.082 0.003 0.002 0.002 
163 PCRA_WM1145    (4)   17 :  0.023 0.021 0.012 0.079 0.010 0.029 0.161 0.086 0.370 0.026 0.054 0.112 0.007 0.007 0.003 
164 PCRA_WM1146    (2)   17 :  0.006 0.057 0.004 0.008 0.014 0.083 0.007 0.016 0.759 0.009 0.010 0.007 0.010 0.010 0.002 
165 PCRA_WM1147    (1)   17 :  0.015 0.022 0.011 0.036 0.008 0.130 0.171 0.270 0.154 0.005 0.044 0.127 0.002 0.002 0.002 
166 PCRA_WM1148    (0)   17 :  0.005 0.010 0.005 0.010 0.005 0.006 0.009 0.015 0.892 0.004 0.007 0.011 0.009 0.012 0.002 
167 PCRA_WM1149    (1)   17 :  0.008 0.033 0.005 0.026 0.025 0.009 0.016 0.006 0.746 0.069 0.007 0.017 0.018 0.013 0.002 
168 PCRA_WM1150    (0)   17 :  0.008 0.037 0.005 0.016 0.014 0.008 0.009 0.008 0.833 0.004 0.007 0.017 0.014 0.015 0.004 
169 DHFA_WM1202    (3)   18 :  0.018 0.012 0.027 0.026 0.007 0.013 0.062 0.018 0.004 0.006 0.041 0.052 0.002 0.003 0.709 
170 DHFA_WM1203    (1)   18 :  0.039 0.012 0.019 0.026 0.006 0.012 0.050 0.021 0.004 0.005 0.025 0.035 0.003 0.003 0.739 
171 DHFA_WM1204    (2)   18 :  0.015 0.011 0.012 0.034 0.006 0.008 0.062 0.015 0.004 0.004 0.030 0.032 0.003 0.003 0.760 
172 DHFA_WM1205    (5)   18 :  0.005 0.005 0.005 0.008 0.003 0.004 0.010 0.005 0.003 0.003 0.008 0.008 0.003 0.003 0.927 
173 DHFA_WM1206    (4)   18 :  0.007 0.005 0.009 0.010 0.004 0.005 0.013 0.008 0.003 0.003 0.010 0.013 0.002 0.002 0.907 
174 DHFA_WM1207    (2)   18 :  0.006 0.004 0.003 0.006 0.002 0.003 0.004 0.004 0.002 0.003 0.004 0.005 0.002 0.002 0.949 
175 DHFA_WM1208    (3)   18 :  0.009 0.007 0.006 0.008 0.003 0.005 0.011 0.007 0.002 0.003 0.010 0.008 0.003 0.003 0.915 
176 DHFA_WM1209    (1)   18 :  0.007 0.005 0.006 0.006 0.003 0.004 0.006 0.005 0.002 0.003 0.005 0.005 0.007 0.010 0.926 
177 DHFA_WM1210    (0)   18 :  0.004 0.002 0.003 0.002 0.002 0.002 0.002 0.003 0.002 0.002 0.003 0.002 0.004 0.004 0.962 
178 DHFA_WM1211    (2)   18 :  0.018 0.010 0.016 0.029 0.008 0.011 0.048 0.014 0.003 0.004 0.024 0.041 0.003 0.003 0.768 


Estimated Allele Frequencies in each cluster
First column gives estimated ancestral frequencies


Locus 1 : 953_21 
2 alleles
4.5% missing data
 120   (0.956) 0.999 0.999 0.830 1.000 0.996 0.999 1.000 0.999 0.995 0.997 0.999 0.999 0.960 0.958 0.997 
 100   (0.044) 0.001 0.001 0.170 0.000 0.004 0.001 0.000 0.001 0.005 0.003 0.001 0.001 0.040 0.042 0.003 

Locus 2 : 2370_26 
2 alleles
6.2% missing data
 110   (0.953) 0.648 0.999 0.999 1.000 0.996 0.998 1.000 0.999 0.995 0.997 0.999 0.999 0.957 0.955 0.997 
 130   (0.047) 0.352 0.001 0.001 0.000 0.004 0.002 0.000 0.001 0.005 0.003 0.001 0.001 0.043 0.045 0.003 

Locus 3 : 2692_87 
2 alleles
1.7% missing data
 130   (0.950) 0.999 0.999 0.999 1.000 0.995 0.998 1.000 0.999 0.995 0.997 0.999 0.999 0.954 0.952 0.765 
 120   (0.050) 0.001 0.001 0.001 0.000 0.005 0.002 0.000 0.001 0.005 0.003 0.001 0.001 0.046 0.048 0.235 

Locus 4 : 2828_58 
2 alleles
6.7% missing data
 100   (0.924) 0.997 0.986 0.997 0.992 0.983 0.996 1.000 0.996 0.827 0.994 0.998 0.999 0.920 0.922 0.995 
 120   (0.076) 0.003 0.014 0.003 0.008 0.017 0.004 0.000 0.004 0.173 0.006 0.002 0.001 0.080 0.078 0.005 

Locus 5 : 6398_73 
2 alleles
6.2% missing data
 130   (0.920) 0.998 0.998 0.627 1.000 0.992 0.997 1.000 0.999 0.992 0.995 0.999 0.999 0.926 0.924 0.651 
 100   (0.080) 0.002 0.002 0.373 0.000 0.008 0.003 0.000 0.001 0.008 0.005 0.001 0.001 0.074 0.076 0.349 

Locus 6 : 7469_71 
2 alleles
5.1% missing data
 130   (0.957) 0.998 0.998 0.998 1.000 0.995 0.998 0.993 0.999 0.993 0.997 0.993 0.998 0.957 0.957 0.997 
 110   (0.043) 0.002 0.002 0.002 0.000 0.005 0.002 0.007 0.001 0.007 0.003 0.007 0.002 0.043 0.043 0.003 

Locus 7 : 7615_47 
2 alleles
5.1% missing data
 130   (0.956) 0.997 0.998 0.997 0.999 0.993 0.997 0.997 0.998 0.993 0.996 0.997 0.996 0.955 0.956 0.996 
 100   (0.044) 0.003 0.002 0.003 0.001 0.007 0.003 0.003 0.002 0.007 0.004 0.003 0.004 0.045 0.044 0.004 

Locus 8 : 8211_10 
2 alleles
2.8% missing data
 120   (0.954) 0.999 0.999 0.999 1.000 0.996 0.999 1.000 0.999 0.995 0.997 0.999 0.999 0.959 0.957 0.936 
 100   (0.046) 0.001 0.001 0.001 0.000 0.004 0.001 0.000 0.001 0.005 0.003 0.001 0.001 0.041 0.043 0.064 

Locus 9 : 8394_14 
2 alleles
2.2% missing data
 110   (0.946) 0.983 0.999 0.785 1.000 0.994 0.998 1.000 0.999 0.994 0.997 0.999 0.999 0.951 0.949 0.996 
 130   (0.054) 0.017 0.001 0.215 0.000 0.006 0.002 0.000 0.001 0.006 0.003 0.001 0.001 0.049 0.051 0.004 

Locus 10 : 9621_63 
2 alleles
3.9% missing data
 130   (0.954) 0.999 0.999 0.998 1.000 0.996 0.998 1.000 0.999 0.995 0.997 0.999 0.999 0.957 0.956 0.940 
 110   (0.046) 0.001 0.001 0.002 0.000 0.004 0.002 0.000 0.001 0.005 0.003 0.001 0.001 0.043 0.044 0.060 

Locus 11 : 9880_35 
2 alleles
4.5% missing data
 120   (0.947) 0.999 0.999 0.999 1.000 0.995 0.998 1.000 0.999 0.994 0.996 0.999 0.999 0.951 0.950 0.708 
 100   (0.053) 0.001 0.001 0.001 0.000 0.005 0.002 0.000 0.001 0.006 0.004 0.001 0.001 0.049 0.050 0.292 

Locus 12 : 11163_16 
2 alleles
7.9% missing data
 130   (0.951) 0.999 0.999 0.999 1.000 0.995 0.998 1.000 0.999 0.995 0.997 0.999 0.999 0.955 0.954 0.914 
 110   (0.049) 0.001 0.001 0.001 0.000 0.005 0.002 0.000 0.001 0.005 0.003 0.001 0.001 0.045 0.046 0.086 

Locus 13 : 11991_31 
2 alleles
4.5% missing data
 120   (0.929) 0.997 0.994 0.997 0.999 0.952 0.994 1.000 0.991 0.988 0.995 0.998 0.992 0.917 0.926 0.995 
 100   (0.071) 0.003 0.006 0.003 0.001 0.048 0.006 0.000 0.009 0.012 0.005 0.002 0.008 0.083 0.074 0.005 

Locus 14 : 12766_17 
2 alleles
2.2% missing data
 120   (0.956) 0.999 0.998 0.999 1.000 0.995 0.999 1.000 0.999 0.934 0.996 0.999 0.999 0.958 0.957 0.997 
 100   (0.044) 0.001 0.002 0.001 0.000 0.005 0.001 0.000 0.001 0.066 0.004 0.001 0.001 0.042 0.043 0.003 

Locus 15 : 13496_14 
2 alleles
5.1% missing data
 110   (0.954) 0.999 0.999 0.999 1.000 0.996 0.998 1.000 0.999 0.995 0.695 0.999 0.999 0.957 0.956 0.997 
 100   (0.046) 0.001 0.001 0.001 0.000 0.004 0.002 0.000 0.001 0.005 0.305 0.001 0.001 0.043 0.044 0.003 

Locus 16 : 14394_41 
2 alleles
2.2% missing data
 130   (0.958) 0.999 0.999 0.999 1.000 0.996 0.999 1.000 0.999 0.930 0.997 0.999 0.999 0.961 0.959 0.997 
 110   (0.042) 0.001 0.001 0.001 0.000 0.004 0.001 0.000 0.001 0.070 0.003 0.001 0.001 0.039 0.041 0.003 

Locus 17 : 16285_24 
2 alleles
6.2% missing data
 130   (0.953) 0.999 0.999 0.999 1.000 0.996 0.998 1.000 0.999 0.995 0.997 0.999 0.999 0.958 0.956 0.875 
 100   (0.047) 0.001 0.001 0.001 0.000 0.004 0.002 0.000 0.001 0.005 0.003 0.001 0.001 0.042 0.044 0.125 

Locus 18 : 18821_69 
2 alleles
7.3% missing data
 120   (0.955) 0.999 0.999 0.960 1.000 0.996 0.998 1.000 0.999 0.995 0.997 0.800 0.999 0.958 0.957 0.997 
 110   (0.045) 0.001 0.001 0.040 0.000 0.004 0.002 0.000 0.001 0.005 0.003 0.200 0.001 0.042 0.043 0.003 

Locus 19 : 19006_32 
2 alleles
6.7% missing data
 120   (0.907) 0.971 0.998 0.683 1.000 0.991 0.997 1.000 0.999 0.990 0.994 0.999 0.999 0.914 0.911 0.663 
 110   (0.093) 0.029 0.002 0.317 0.000 0.009 0.003 0.000 0.001 0.010 0.006 0.001 0.001 0.086 0.089 0.337 

Locus 20 : 19602_58 
2 alleles
4.5% missing data
 120   (0.957) 0.999 0.999 0.999 1.000 0.996 0.999 1.000 0.999 0.995 0.998 0.999 0.999 0.960 0.959 0.973 
 100   (0.043) 0.001 0.001 0.001 0.000 0.004 0.001 0.000 0.001 0.005 0.002 0.001 0.001 0.040 0.041 0.027 

Locus 21 : 20143_24 
2 alleles
3.4% missing data
 120   (0.957) 0.999 0.999 0.999 1.000 0.995 0.998 1.000 0.999 0.995 0.967 0.999 0.999 0.955 0.957 0.997 
 100   (0.043) 0.001 0.001 0.001 0.000 0.005 0.002 0.000 0.001 0.005 0.033 0.001 0.001 0.045 0.043 0.003 

Locus 22 : 21661_29 
2 alleles
2.2% missing data
 120   (0.953) 0.999 0.999 0.999 1.000 0.996 0.999 1.000 0.999 0.995 0.997 0.999 0.999 0.957 0.955 0.893 
 100   (0.047) 0.001 0.001 0.001 0.000 0.004 0.001 0.000 0.001 0.005 0.003 0.001 0.001 0.043 0.045 0.107 

Locus 23 : 22603_12 
2 alleles
5.1% missing data
 130   (0.953) 0.999 0.999 0.999 1.000 0.995 0.998 1.000 0.999 0.995 0.997 0.999 0.999 0.957 0.956 0.945 
 110   (0.047) 0.001 0.001 0.001 0.000 0.005 0.002 0.000 0.001 0.005 0.003 0.001 0.001 0.043 0.044 0.055 

Locus 24 : 25109_23 
2 alleles
1.7% missing data
 120   (0.933) 0.998 0.996 0.998 1.000 0.992 0.850 1.000 0.990 0.948 0.995 0.998 0.996 0.937 0.935 0.995 
 100   (0.067) 0.002 0.004 0.002 0.000 0.008 0.150 0.000 0.010 0.052 0.005 0.002 0.004 0.063 0.065 0.005 

Locus 25 : 25511_77 
2 alleles
5.1% missing data
 130   (0.956) 0.888 0.999 0.999 1.000 0.996 0.998 1.000 0.999 0.995 0.997 0.999 0.999 0.959 0.957 0.997 
 110   (0.044) 0.112 0.001 0.001 0.000 0.004 0.002 0.000 0.001 0.005 0.003 0.001 0.001 0.041 0.043 0.003 

Locus 26 : 26816_9 
2 alleles
5.6% missing data
 110   (0.874) 0.996 0.971 0.996 0.999 0.751 0.714 1.000 0.970 0.985 0.983 0.995 0.983 0.860 0.871 0.992 
 130   (0.126) 0.004 0.029 0.004 0.001 0.249 0.286 0.000 0.030 0.015 0.017 0.005 0.017 0.140 0.129 0.008 

Locus 27 : 29455_86 
2 alleles
5.6% missing data
 120   (0.956) 0.999 0.999 0.999 1.000 0.996 0.998 1.000 0.995 0.990 0.997 0.999 0.999 0.954 0.952 0.997 
 110   (0.044) 0.001 0.001 0.001 0.000 0.004 0.002 0.000 0.005 0.010 0.003 0.001 0.001 0.046 0.048 0.003 

Locus 28 : 30970_30 
2 alleles
6.7% missing data
 120   (0.957) 0.999 0.999 0.999 1.000 0.995 0.999 1.000 0.999 0.994 0.960 0.999 0.999 0.958 0.957 0.997 
 110   (0.043) 0.001 0.001 0.001 0.000 0.005 0.001 0.000 0.001 0.006 0.040 0.001 0.001 0.042 0.043 0.003 

Locus 29 : 33052_5 
2 alleles
1.1% missing data
 130   (0.957) 0.999 0.999 0.997 1.000 0.995 0.993 1.000 0.999 0.995 0.997 0.979 0.999 0.959 0.958 0.997 
 110   (0.043) 0.001 0.001 0.003 0.000 0.005 0.007 0.000 0.001 0.005 0.003 0.021 0.001 0.041 0.042 0.003 

Locus 30 : 33744_32 
2 alleles
2.8% missing data
 130   (0.948) 0.999 0.999 0.983 1.000 0.995 0.998 1.000 0.999 0.995 0.997 0.920 0.999 0.948 0.948 0.997 
 110   (0.052) 0.001 0.001 0.017 0.000 0.005 0.002 0.000 0.001 0.005 0.003 0.080 0.001 0.052 0.052 0.003 

Locus 31 : 34805_8 
2 alleles
4.5% missing data
 110   (0.937) 0.998 0.998 0.998 1.000 0.994 0.998 1.000 0.994 0.757 0.996 0.999 0.999 0.937 0.934 0.996 
 120   (0.063) 0.002 0.002 0.002 0.000 0.006 0.002 0.000 0.006 0.243 0.004 0.001 0.001 0.063 0.066 0.004 

Locus 32 : 35345_10 
2 alleles
5.1% missing data
 130   (0.951) 0.997 0.998 0.993 0.999 0.994 0.997 0.996 0.998 0.993 0.997 0.952 0.997 0.952 0.951 0.996 
 110   (0.049) 0.003 0.002 0.007 0.001 0.006 0.003 0.004 0.002 0.007 0.003 0.048 0.003 0.048 0.049 0.004 

Locus 33 : 35769_30 
2 alleles
6.2% missing data
 110   (0.940) 0.998 0.998 0.998 1.000 0.994 0.996 1.000 0.999 0.928 0.961 0.999 0.999 0.942 0.940 0.996 
 100   (0.060) 0.002 0.002 0.002 0.000 0.006 0.004 0.000 0.001 0.072 0.039 0.001 0.001 0.058 0.060 0.004 

Locus 34 : 35965_89 
2 alleles
3.4% missing data
 130   (0.958) 0.999 0.998 0.999 1.000 0.995 0.978 1.000 0.999 0.995 0.997 0.999 0.999 0.955 0.954 0.997 
 100   (0.042) 0.001 0.002 0.001 0.000 0.005 0.022 0.000 0.001 0.005 0.003 0.001 0.001 0.045 0.046 0.003 

Locus 35 : 39654_13 
2 alleles
5.6% missing data
 120   (0.956) 0.999 0.999 0.999 1.000 0.981 0.999 1.000 0.999 0.995 0.997 0.999 0.998 0.952 0.955 0.997 
 100   (0.044) 0.001 0.001 0.001 0.000 0.019 0.001 0.000 0.001 0.005 0.003 0.001 0.002 0.048 0.045 0.003 

Locus 36 : 39700_65 
2 alleles
3.4% missing data
 110   (0.957) 0.999 0.997 0.999 1.000 0.994 0.998 1.000 0.996 0.994 0.996 0.999 0.999 0.952 0.953 0.997 
 120   (0.043) 0.001 0.003 0.001 0.000 0.006 0.002 0.000 0.004 0.006 0.004 0.001 0.001 0.048 0.047 0.003 

Locus 37 : 40824_7 
2 alleles
5.1% missing data
 130   (0.955) 0.999 0.997 0.999 1.000 0.953 0.998 1.000 0.999 0.995 0.996 0.999 0.958 0.958 0.957 0.997 
 110   (0.045) 0.001 0.003 0.001 0.000 0.047 0.002 0.000 0.001 0.005 0.004 0.001 0.042 0.042 0.043 0.003 

Locus 38 : 41554_43 
2 alleles
7.3% missing data
 120   (0.957) 0.999 0.999 0.999 1.000 0.995 0.998 1.000 0.999 0.994 0.958 0.999 0.999 0.960 0.959 0.997 
 100   (0.043) 0.001 0.001 0.001 0.000 0.005 0.002 0.000 0.001 0.006 0.042 0.001 0.001 0.040 0.041 0.003 

Locus 39 : 42501_5 
2 alleles
5.6% missing data
 120   (0.952) 0.999 0.999 0.999 1.000 0.996 0.998 1.000 0.999 0.995 0.997 0.999 0.999 0.956 0.955 0.918 
 110   (0.048) 0.001 0.001 0.001 0.000 0.004 0.002 0.000 0.001 0.005 0.003 0.001 0.001 0.044 0.045 0.082 

Locus 40 : 42989_15 
2 alleles
3.4% missing data
 130   (0.954) 0.999 0.998 0.999 1.000 0.945 0.998 1.000 0.999 0.995 0.997 0.999 0.965 0.957 0.956 0.997 
 110   (0.046) 0.001 0.002 0.001 0.000 0.055 0.002 0.000 0.001 0.005 0.003 0.001 0.035 0.043 0.044 0.003 

Locus 41 : 44631_16 
2 alleles
5.6% missing data
 120   (0.953) 0.999 0.999 0.999 1.000 0.995 0.998 1.000 0.999 0.995 0.851 0.999 0.999 0.956 0.955 0.997 
 110   (0.047) 0.001 0.001 0.001 0.000 0.005 0.002 0.000 0.001 0.005 0.149 0.001 0.001 0.044 0.045 0.003 

Locus 42 : 45332_74 
2 alleles
3.4% missing data
 130   (0.884) 0.996 0.625 0.994 0.998 0.813 0.996 1.000 0.969 0.843 0.993 0.990 0.935 0.891 0.888 0.992 
 110   (0.116) 0.004 0.375 0.006 0.002 0.187 0.004 0.000 0.031 0.157 0.007 0.010 0.065 0.109 0.112 0.008 

Locus 43 : 45964_12 
2 alleles
2.2% missing data
 100   (0.956) 0.963 0.999 0.999 1.000 0.995 0.998 1.000 0.999 0.995 0.997 0.999 0.999 0.958 0.957 0.996 
 130   (0.044) 0.037 0.001 0.001 0.000 0.005 0.002 0.000 0.001 0.005 0.003 0.001 0.001 0.042 0.043 0.004 

Locus 44 : 47772_18 
2 alleles
1.7% missing data
 120   (0.952) 0.999 0.999 0.999 1.000 0.996 0.998 1.000 0.999 0.995 0.997 0.999 0.999 0.956 0.954 0.815 
 100   (0.048) 0.001 0.001 0.001 0.000 0.004 0.002 0.000 0.001 0.005 0.003 0.001 0.001 0.044 0.046 0.185 

Locus 45 : 48505_7 
2 alleles
2.8% missing data
 130   (0.957) 0.998 0.984 0.999 0.999 0.995 0.998 1.000 0.999 0.995 0.997 0.999 0.999 0.955 0.954 0.997 
 110   (0.043) 0.002 0.016 0.001 0.001 0.005 0.002 0.000 0.001 0.005 0.003 0.001 0.001 0.045 0.046 0.003 

Locus 46 : 49838_13 
2 alleles
5.1% missing data
 120   (0.956) 0.999 0.873 0.999 1.000 0.996 0.998 1.000 0.999 0.995 0.997 0.999 0.999 0.960 0.959 0.997 
 100   (0.044) 0.001 0.127 0.001 0.000 0.004 0.002 0.000 0.001 0.005 0.003 0.001 0.001 0.040 0.041 0.003 

Locus 47 : 50793_47 
2 alleles
6.2% missing data
 120   (0.949) 0.998 0.998 0.999 1.000 0.915 0.998 1.000 0.999 0.994 0.988 0.999 0.912 0.952 0.951 0.996 
 100   (0.051) 0.002 0.002 0.001 0.000 0.085 0.002 0.000 0.001 0.006 0.012 0.001 0.088 0.048 0.049 0.004 

Locus 48 : 51471_5 
2 alleles
2.2% missing data
 110   (0.956) 0.999 0.999 0.900 1.000 0.996 0.999 1.000 1.000 0.996 0.997 0.999 0.999 0.960 0.959 0.997 
 120   (0.044) 0.001 0.001 0.100 0.000 0.004 0.001 0.000 0.000 0.004 0.003 0.001 0.001 0.040 0.041 0.003 

Locus 49 : 52408_45 
2 alleles
2.2% missing data
 130   (0.955) 0.999 0.999 0.999 1.000 0.996 0.999 1.000 0.999 0.995 0.817 0.999 0.999 0.959 0.957 0.997 
 110   (0.045) 0.001 0.001 0.001 0.000 0.004 0.001 0.000 0.001 0.005 0.183 0.001 0.001 0.041 0.043 0.003 

Locus 50 : 53046_18 
2 alleles
0.6% missing data
 120   (0.937) 0.998 0.998 0.998 1.000 0.918 0.998 1.000 0.999 0.993 0.995 0.995 0.994 0.933 0.935 0.996 
 100   (0.063) 0.002 0.002 0.002 0.000 0.082 0.002 0.000 0.001 0.007 0.005 0.005 0.006 0.067 0.065 0.004 

Locus 51 : 53230_50 
2 alleles
4.5% missing data
 120   (0.956) 0.851 0.999 0.999 1.000 0.996 0.999 1.000 0.999 0.995 0.998 0.999 0.999 0.960 0.959 0.997 
 110   (0.044) 0.149 0.001 0.001 0.000 0.004 0.001 0.000 0.001 0.005 0.002 0.001 0.001 0.040 0.041 0.003 

Locus 52 : 53957_5 
2 alleles
3.9% missing data
 130   (0.957) 0.999 0.999 0.999 1.000 0.986 0.999 1.000 0.999 0.995 0.997 0.999 0.998 0.956 0.954 0.997 
 110   (0.043) 0.001 0.001 0.001 0.000 0.014 0.001 0.000 0.001 0.005 0.003 0.001 0.002 0.044 0.046 0.003 

Locus 53 : 58003_89 
2 alleles
3.9% missing data
 120   (0.947) 0.996 0.998 0.998 0.999 0.988 0.977 0.998 0.990 0.990 0.996 0.996 0.987 0.947 0.947 0.996 
 100   (0.053) 0.004 0.002 0.002 0.001 0.012 0.023 0.002 0.010 0.010 0.004 0.004 0.013 0.053 0.053 0.004 

Locus 54 : 58412_58 
2 alleles
2.2% missing data
 110   (0.957) 0.999 0.999 0.999 1.000 0.996 0.999 1.000 0.999 0.995 0.997 0.999 0.999 0.959 0.959 0.974 
 100   (0.043) 0.001 0.001 0.001 0.000 0.004 0.001 0.000 0.001 0.005 0.003 0.001 0.001 0.041 0.041 0.026 

Locus 55 : 58452_11 
2 alleles
3.4% missing data
 120   (0.956) 0.999 0.999 0.999 1.000 0.996 0.987 1.000 0.999 0.995 0.997 0.999 0.999 0.949 0.952 0.997 
 130   (0.044) 0.001 0.001 0.001 0.000 0.004 0.013 0.000 0.001 0.005 0.003 0.001 0.001 0.051 0.048 0.003 

Locus 56 : 59409_85 
2 alleles
2.8% missing data
 130   (0.957) 0.999 0.999 0.999 1.000 0.996 0.999 1.000 0.997 0.995 0.997 0.999 0.999 0.952 0.951 0.997 
 100   (0.043) 0.001 0.001 0.001 0.000 0.004 0.001 0.000 0.003 0.005 0.003 0.001 0.001 0.048 0.049 0.003 

Locus 57 : 60620_10 
2 alleles
1.1% missing data
 120   (0.951) 0.999 0.999 0.999 1.000 0.995 0.998 1.000 0.999 0.995 0.997 0.999 0.999 0.955 0.954 0.892 
 130   (0.049) 0.001 0.001 0.001 0.000 0.005 0.002 0.000 0.001 0.005 0.003 0.001 0.001 0.045 0.046 0.108 

Locus 58 : 61541_77 
2 alleles
3.4% missing data
 120   (0.950) 0.999 0.999 0.999 1.000 0.995 0.998 1.000 0.999 0.995 0.997 0.999 0.999 0.955 0.953 0.841 
 100   (0.050) 0.001 0.001 0.001 0.000 0.005 0.002 0.000 0.001 0.005 0.003 0.001 0.001 0.045 0.047 0.159 

Locus 59 : 61756_42 
2 alleles
1.1% missing data
 130   (0.951) 0.999 0.999 0.999 1.000 0.996 0.999 1.000 0.999 0.995 0.997 0.999 0.999 0.955 0.953 0.822 
 110   (0.049) 0.001 0.001 0.001 0.000 0.004 0.001 0.000 0.001 0.005 0.003 0.001 0.001 0.045 0.047 0.178 

Locus 60 : 62497_19 
2 alleles
6.2% missing data
 130   (0.904) 0.996 0.988 0.996 0.987 0.989 0.965 0.999 0.984 0.943 0.869 0.997 0.993 0.907 0.906 0.993 
 110   (0.096) 0.004 0.012 0.004 0.013 0.011 0.035 0.001 0.016 0.057 0.131 0.003 0.007 0.093 0.094 0.007 

Locus 61 : 63024_50 
2 alleles
2.8% missing data
 120   (0.948) 0.999 0.999 0.999 1.000 0.995 0.954 1.000 0.999 0.993 0.997 0.999 0.999 0.935 0.939 0.996 
 100   (0.052) 0.001 0.001 0.001 0.000 0.005 0.046 0.000 0.001 0.007 0.003 0.001 0.001 0.065 0.061 0.004 

Locus 62 : 64492_50 
2 alleles
7.3% missing data
 120   (0.915) 0.998 0.996 0.998 1.000 0.950 0.962 1.000 0.999 0.989 0.890 0.998 0.958 0.920 0.918 0.994 
 100   (0.085) 0.002 0.004 0.002 0.000 0.050 0.038 0.000 0.001 0.011 0.110 0.002 0.042 0.080 0.082 0.006 

Locus 63 : 67984_34 
2 alleles
2.2% missing data
 120   (0.952) 0.999 0.999 0.999 1.000 0.995 0.998 1.000 0.999 0.995 0.997 0.999 0.999 0.956 0.955 0.866 
 100   (0.048) 0.001 0.001 0.001 0.000 0.005 0.002 0.000 0.001 0.005 0.003 0.001 0.001 0.044 0.045 0.134 

Locus 64 : 69199_10 
2 alleles
4.5% missing data
 120   (0.948) 0.998 0.999 0.999 1.000 0.995 0.406 1.000 0.999 0.994 0.997 0.999 0.999 0.946 0.948 0.996 
 100   (0.052) 0.002 0.001 0.001 0.000 0.005 0.594 0.000 0.001 0.006 0.003 0.001 0.001 0.054 0.052 0.004 

Locus 65 : 71368_77 
2 alleles
6.7% missing data
 100   (0.955) 0.999 0.999 0.603 1.000 0.996 0.999 1.000 0.999 0.995 0.997 0.999 0.999 0.959 0.957 0.997 
 110   (0.045) 0.001 0.001 0.397 0.000 0.004 0.001 0.000 0.001 0.005 0.003 0.001 0.001 0.041 0.043 0.003 

Locus 66 : 72276_35 
2 alleles
5.1% missing data
 130   (0.953) 0.999 0.997 0.999 1.000 0.887 0.998 1.000 0.999 0.995 0.997 0.999 0.992 0.955 0.955 0.997 
 120   (0.047) 0.001 0.003 0.001 0.000 0.113 0.002 0.000 0.001 0.005 0.003 0.001 0.008 0.045 0.045 0.003 

Locus 67 : 73554_16 
2 alleles
3.9% missing data
 100   (0.955) 0.999 0.999 0.999 1.000 0.996 0.998 1.000 0.999 0.850 0.998 0.999 0.999 0.958 0.957 0.997 
 130   (0.045) 0.001 0.001 0.001 0.000 0.004 0.002 0.000 0.001 0.150 0.002 0.001 0.001 0.042 0.043 0.003 

Locus 68 : 74575_32 
2 alleles
1.7% missing data
 120   (0.958) 0.999 0.999 0.999 1.000 0.983 0.999 1.000 1.000 0.995 0.997 0.999 0.998 0.954 0.957 0.997 
 100   (0.042) 0.001 0.001 0.001 0.000 0.017 0.001 0.000 0.000 0.005 0.003 0.001 0.002 0.046 0.043 0.003 

Locus 69 : 76504_10 
2 alleles
1.1% missing data
 110   (0.947) 0.999 0.999 0.974 1.000 0.993 0.996 1.000 0.999 0.995 0.997 0.861 0.999 0.947 0.947 0.996 
 100   (0.053) 0.001 0.001 0.026 0.000 0.007 0.004 0.000 0.001 0.005 0.003 0.139 0.001 0.053 0.053 0.004 

Locus 70 : 76561_35 
2 alleles
5.6% missing data
 120   (0.951) 0.998 0.999 0.999 1.000 0.995 0.998 1.000 0.999 0.995 0.561 0.999 0.999 0.955 0.953 0.997 
 100   (0.049) 0.002 0.001 0.001 0.000 0.005 0.002 0.000 0.001 0.005 0.439 0.001 0.001 0.045 0.047 0.003 

Locus 71 : 77346_16 
2 alleles
2.2% missing data
 130   (0.955) 0.999 0.999 0.987 1.000 0.996 0.999 1.000 0.999 0.995 0.997 0.942 0.999 0.959 0.956 0.997 
 110   (0.045) 0.001 0.001 0.013 0.000 0.004 0.001 0.000 0.001 0.005 0.003 0.058 0.001 0.041 0.044 0.003 

Locus 72 : 78631_40 
2 alleles
7.9% missing data
 120   (0.948) 0.999 0.998 0.999 1.000 0.818 0.998 1.000 0.999 0.994 0.991 0.999 0.982 0.950 0.950 0.997 
 110   (0.052) 0.001 0.002 0.001 0.000 0.182 0.002 0.000 0.001 0.006 0.009 0.001 0.018 0.050 0.050 0.003 

Locus 73 : 80366_12 
2 alleles
6.7% missing data
 130   (0.958) 0.999 0.997 0.999 1.000 0.994 0.998 1.000 0.997 0.995 0.996 0.999 0.999 0.953 0.953 0.997 
 110   (0.042) 0.001 0.003 0.001 0.000 0.006 0.002 0.000 0.003 0.005 0.004 0.001 0.001 0.047 0.047 0.003 

Locus 74 : 80499_10 
2 alleles
6.2% missing data
 130   (0.956) 0.831 0.999 0.998 1.000 0.996 0.999 1.000 0.999 0.995 0.998 0.999 0.999 0.960 0.958 0.997 
 100   (0.044) 0.169 0.001 0.002 0.000 0.004 0.001 0.000 0.001 0.005 0.002 0.001 0.001 0.040 0.042 0.003 

Locus 75 : 81141_31 
2 alleles
2.8% missing data
 120   (0.956) 0.998 0.983 0.999 0.999 0.995 0.998 1.000 0.999 0.995 0.997 0.999 0.999 0.954 0.953 0.997 
 100   (0.044) 0.002 0.017 0.001 0.001 0.005 0.002 0.000 0.001 0.005 0.003 0.001 0.001 0.046 0.047 0.003 

Locus 76 : 81662_33 
2 alleles
3.4% missing data
 120   (0.958) 0.999 0.999 0.999 1.000 0.994 0.999 1.000 0.996 0.995 0.998 0.999 0.999 0.946 0.955 0.997 
 110   (0.042) 0.001 0.001 0.001 0.000 0.006 0.001 0.000 0.004 0.005 0.002 0.001 0.001 0.054 0.045 0.003 

Locus 77 : 82002_8 
2 alleles
6.7% missing data
 100   (0.949) 0.999 0.999 0.999 1.000 0.995 0.998 1.000 0.999 0.995 0.997 0.999 0.999 0.953 0.951 0.678 
 110   (0.051) 0.001 0.001 0.001 0.000 0.005 0.002 0.000 0.001 0.005 0.003 0.001 0.001 0.047 0.049 0.322 

Locus 78 : 82631_34 
2 alleles
7.9% missing data
 120   (0.956) 0.999 0.995 0.999 0.999 0.984 0.998 1.000 0.999 0.994 0.996 0.999 0.999 0.951 0.955 0.997 
 100   (0.044) 0.001 0.005 0.001 0.001 0.016 0.002 0.000 0.001 0.006 0.004 0.001 0.001 0.049 0.045 0.003 

Locus 79 : 83247_84 
2 alleles
3.4% missing data
 110   (0.940) 0.998 0.998 0.998 1.000 0.794 0.998 1.000 0.999 0.994 0.996 0.999 0.950 0.943 0.941 0.996 
 100   (0.060) 0.002 0.002 0.002 0.000 0.206 0.002 0.000 0.001 0.006 0.004 0.001 0.050 0.057 0.059 0.004 

Locus 80 : 83916_5 
2 alleles
3.9% missing data
 130   (0.956) 0.999 0.999 0.999 0.851 0.996 0.999 1.000 0.999 0.996 0.997 0.999 0.999 0.960 0.958 0.997 
 110   (0.044) 0.001 0.001 0.001 0.149 0.004 0.001 0.000 0.001 0.004 0.003 0.001 0.001 0.040 0.042 0.003 

Locus 81 : 84971_7 
2 alleles
2.2% missing data
 120   (0.938) 0.997 0.995 0.994 0.997 0.991 0.979 0.998 0.994 0.989 0.996 0.960 0.996 0.936 0.937 0.996 
 110   (0.062) 0.003 0.005 0.006 0.003 0.009 0.021 0.002 0.006 0.011 0.004 0.040 0.004 0.064 0.063 0.004 

Locus 82 : 85247_77 
2 alleles
7.9% missing data
 120   (0.957) 0.997 0.994 0.998 0.990 0.995 0.997 0.999 0.998 0.994 0.997 0.998 0.998 0.958 0.957 0.997 
 110   (0.043) 0.003 0.006 0.002 0.010 0.005 0.003 0.001 0.002 0.006 0.003 0.002 0.002 0.042 0.043 0.003 

Locus 83 : 85248_24 
2 alleles
5.1% missing data
 100   (0.951) 0.999 0.999 0.999 1.000 0.995 0.999 1.000 0.999 0.995 0.997 0.999 0.999 0.956 0.954 0.860 
 120   (0.049) 0.001 0.001 0.001 0.000 0.005 0.001 0.000 0.001 0.005 0.003 0.001 0.001 0.044 0.046 0.140 

Locus 84 : 85402_12 
2 alleles
3.4% missing data
 120   (0.956) 0.999 0.999 0.999 1.000 0.996 0.999 1.000 0.997 0.995 0.997 0.999 0.999 0.952 0.951 0.997 
 100   (0.044) 0.001 0.001 0.001 0.000 0.004 0.001 0.000 0.003 0.005 0.003 0.001 0.001 0.048 0.049 0.003 

Locus 85 : 86588_18 
2 alleles
3.9% missing data
 120   (0.956) 0.999 0.999 0.999 1.000 0.996 0.983 1.000 0.999 0.994 0.997 0.999 0.999 0.950 0.950 0.997 
 100   (0.044) 0.001 0.001 0.001 0.000 0.004 0.017 0.000 0.001 0.006 0.003 0.001 0.001 0.050 0.050 0.003 

Locus 86 : 87070_60 
2 alleles
2.2% missing data
 100   (0.954) 0.999 0.999 0.999 1.000 0.996 0.998 1.000 0.999 0.858 0.997 0.999 0.999 0.958 0.956 0.997 
 130   (0.046) 0.001 0.001 0.001 0.000 0.004 0.002 0.000 0.001 0.142 0.003 0.001 0.001 0.042 0.044 0.003 

Locus 87 : 87747_31 
2 alleles
6.2% missing data
 120   (0.953) 0.999 0.999 0.999 1.000 0.995 0.998 1.000 0.999 0.995 0.997 0.999 0.999 0.957 0.955 0.915 
 110   (0.047) 0.001 0.001 0.001 0.000 0.005 0.002 0.000 0.001 0.005 0.003 0.001 0.001 0.043 0.045 0.085 

Locus 88 : 88455_10 
2 alleles
5.1% missing data
 130   (0.952) 0.999 0.999 0.999 1.000 0.994 0.998 1.000 0.999 0.995 0.790 0.999 0.999 0.956 0.954 0.997 
 100   (0.048) 0.001 0.001 0.001 0.000 0.006 0.002 0.000 0.001 0.005 0.210 0.001 0.001 0.044 0.046 0.003 

Locus 89 : 89005_12 
2 alleles
1.1% missing data
 120   (0.952) 0.999 0.999 0.999 1.000 0.996 0.999 1.000 0.999 0.995 0.997 0.999 0.999 0.956 0.955 0.893 
 130   (0.048) 0.001 0.001 0.001 0.000 0.004 0.001 0.000 0.001 0.005 0.003 0.001 0.001 0.044 0.045 0.107 

Locus 90 : 89213_8 
2 alleles
3.4% missing data
 130   (0.957) 0.999 0.999 0.999 1.000 0.996 0.999 1.000 0.999 0.995 0.997 0.999 0.999 0.960 0.959 0.972 
 110   (0.043) 0.001 0.001 0.001 0.000 0.004 0.001 0.000 0.001 0.005 0.003 0.001 0.001 0.040 0.041 0.028 

Locus 91 : 93475_13 
2 alleles
2.2% missing data
 130   (0.952) 0.999 0.999 0.999 1.000 0.995 0.998 1.000 0.999 0.995 0.997 0.999 0.999 0.956 0.954 0.867 
 110   (0.048) 0.001 0.001 0.001 0.000 0.005 0.002 0.000 0.001 0.005 0.003 0.001 0.001 0.044 0.046 0.133 

Locus 92 : 95749_27 
2 alleles
3.9% missing data
 120   (0.955) 0.999 0.999 0.999 1.000 0.996 0.999 1.000 0.999 0.995 0.997 0.999 0.999 0.958 0.957 0.970 
 100   (0.045) 0.001 0.001 0.001 0.000 0.004 0.001 0.000 0.001 0.005 0.003 0.001 0.001 0.042 0.043 0.030 

Locus 93 : 98167_26 
2 alleles
3.4% missing data
 120   (0.932) 0.997 0.998 0.997 1.000 0.992 0.987 0.999 0.975 0.894 0.993 0.996 0.998 0.934 0.932 0.995 
 110   (0.068) 0.003 0.002 0.003 0.000 0.008 0.013 0.001 0.025 0.106 0.007 0.004 0.002 0.066 0.068 0.005 

Locus 94 : 98988_58 
2 alleles
2.2% missing data
 130   (0.955) 0.998 0.999 0.999 1.000 0.995 0.999 1.000 0.999 0.995 0.997 0.999 0.999 0.958 0.957 0.974 
 110   (0.045) 0.002 0.001 0.001 0.000 0.005 0.001 0.000 0.001 0.005 0.003 0.001 0.001 0.042 0.043 0.026 

Locus 95 : 103824_15 
2 alleles
3.4% missing data
 130   (0.951) 0.999 0.999 0.998 1.000 0.996 0.998 1.000 0.999 0.995 0.997 0.999 0.999 0.955 0.953 0.812 
 110   (0.049) 0.001 0.001 0.002 0.000 0.004 0.002 0.000 0.001 0.005 0.003 0.001 0.001 0.045 0.047 0.188 

Locus 96 : 108043_8 
2 alleles
4.5% missing data
 130   (0.955) 0.999 0.999 0.983 1.000 0.996 0.999 1.000 0.999 0.995 0.997 0.942 0.999 0.958 0.957 0.997 
 110   (0.045) 0.001 0.001 0.017 0.000 0.004 0.001 0.000 0.001 0.005 0.003 0.058 0.001 0.042 0.043 0.003 

Locus 97 : 108049_79 
2 alleles
2.8% missing data
 120   (0.957) 0.999 0.999 0.999 1.000 0.994 0.999 1.000 0.996 0.995 0.998 0.999 0.999 0.945 0.955 0.997 
 100   (0.043) 0.001 0.001 0.001 0.000 0.006 0.001 0.000 0.004 0.005 0.002 0.001 0.001 0.055 0.045 0.003 

Locus 98 : 108366_5 
2 alleles
2.8% missing data
 130   (0.953) 0.999 0.999 0.999 1.000 0.996 0.999 1.000 0.999 0.995 0.997 0.999 0.999 0.957 0.956 0.919 
 100   (0.047) 0.001 0.001 0.001 0.000 0.004 0.001 0.000 0.001 0.005 0.003 0.001 0.001 0.043 0.044 0.081 

Locus 99 : 108403_10 
2 alleles
6.2% missing data
 130   (0.956) 0.999 0.999 0.998 1.000 0.995 0.999 1.000 0.999 0.995 0.997 0.995 0.999 0.951 0.952 0.997 
 110   (0.044) 0.001 0.001 0.002 0.000 0.005 0.001 0.000 0.001 0.005 0.003 0.005 0.001 0.049 0.048 0.003 

Locus 100 : 109283_38 
2 alleles
3.9% missing data
 120   (0.871) 0.996 0.533 0.995 0.520 0.965 0.948 0.993 0.887 0.984 0.992 0.995 0.993 0.868 0.869 0.991 
 100   (0.129) 0.004 0.467 0.005 0.480 0.035 0.052 0.007 0.113 0.016 0.008 0.005 0.007 0.132 0.131 0.009 

Locus 101 : 109527_54 
2 alleles
7.3% missing data
 110   (0.947) 0.999 0.999 0.999 1.000 0.789 0.998 1.000 0.997 0.993 0.997 0.999 0.987 0.950 0.948 0.996 
 130   (0.053) 0.001 0.001 0.001 0.000 0.211 0.002 0.000 0.003 0.007 0.003 0.001 0.013 0.050 0.052 0.004 

Locus 102 : 109804_31 
2 alleles
2.2% missing data
 130   (0.953) 0.999 0.999 0.999 1.000 0.995 0.999 1.000 0.999 0.995 0.997 0.999 0.999 0.957 0.955 0.946 
 100   (0.047) 0.001 0.001 0.001 0.000 0.005 0.001 0.000 0.001 0.005 0.003 0.001 0.001 0.043 0.045 0.054 

Locus 103 : 112614_46 
2 alleles
5.1% missing data
 120   (0.951) 0.999 0.999 0.998 1.000 0.996 0.998 1.000 0.999 0.994 0.997 0.999 0.999 0.955 0.953 0.886 
 100   (0.049) 0.001 0.001 0.002 0.000 0.004 0.002 0.000 0.001 0.006 0.003 0.001 0.001 0.045 0.047 0.114 

Locus 104 : 112906_14 
2 alleles
3.9% missing data
 110   (0.881) 0.997 0.867 0.996 0.999 0.740 0.996 1.000 0.998 0.952 0.696 0.998 0.968 0.887 0.885 0.992 
 120   (0.119) 0.003 0.133 0.004 0.001 0.260 0.004 0.000 0.002 0.048 0.304 0.002 0.032 0.113 0.115 0.008 

Locus 105 : 113735_32 
2 alleles
6.7% missing data
 120   (0.957) 0.999 0.999 0.999 1.000 0.995 0.998 1.000 0.999 0.995 0.967 0.999 0.999 0.955 0.957 0.997 
 100   (0.043) 0.001 0.001 0.001 0.000 0.005 0.002 0.000 0.001 0.005 0.033 0.001 0.001 0.045 0.043 0.003 

Locus 106 : 115028_7 
2 alleles
3.9% missing data
 120   (0.957) 0.999 0.999 0.999 1.000 0.996 0.999 1.000 0.999 0.995 0.960 0.999 0.999 0.960 0.959 0.997 
 100   (0.043) 0.001 0.001 0.001 0.000 0.004 0.001 0.000 0.001 0.005 0.040 0.001 0.001 0.040 0.041 0.003 

Locus 107 : 115179_16 
2 alleles
2.2% missing data
 120   (0.952) 0.999 0.999 0.999 1.000 0.996 0.999 1.000 0.999 0.995 0.997 0.999 0.999 0.956 0.955 0.910 
 110   (0.048) 0.001 0.001 0.001 0.000 0.004 0.001 0.000 0.001 0.005 0.003 0.001 0.001 0.044 0.045 0.090 

Locus 108 : 116753_51 
2 alleles
7.3% missing data
 120   (0.955) 0.999 0.908 0.999 1.000 0.995 0.998 1.000 0.998 0.995 0.997 0.999 0.999 0.958 0.956 0.997 
 100   (0.045) 0.001 0.092 0.001 0.000 0.005 0.002 0.000 0.002 0.005 0.003 0.001 0.001 0.042 0.044 0.003 

Locus 109 : 116931_31 
2 alleles
7.9% missing data
 120   (0.956) 0.999 0.999 0.999 1.000 0.995 0.985 1.000 0.999 0.995 0.997 0.999 0.999 0.949 0.952 0.997 
 110   (0.044) 0.001 0.001 0.001 0.000 0.005 0.015 0.000 0.001 0.005 0.003 0.001 0.001 0.051 0.048 0.003 

Locus 110 : 116938_8 
2 alleles
4.5% missing data
 130   (0.916) 0.998 0.839 0.998 0.999 0.869 0.996 1.000 0.999 0.946 0.995 0.999 0.991 0.920 0.919 0.994 
 110   (0.084) 0.002 0.161 0.002 0.001 0.131 0.004 0.000 0.001 0.054 0.005 0.001 0.009 0.080 0.081 0.006 

Locus 111 : 122302_80 
2 alleles
10.1% missing data
 110   (0.956) 0.998 0.999 0.999 1.000 0.996 0.964 1.000 0.999 0.995 0.997 0.999 0.999 0.958 0.957 0.997 
 100   (0.044) 0.002 0.001 0.001 0.000 0.004 0.036 0.000 0.001 0.005 0.003 0.001 0.001 0.042 0.043 0.003 

Locus 112 : 123190_14 
2 alleles
3.4% missing data
 120   (0.949) 0.999 0.999 0.999 1.000 0.995 0.943 1.000 0.999 0.994 0.997 0.999 0.999 0.941 0.941 0.997 
 130   (0.051) 0.001 0.001 0.001 0.000 0.005 0.057 0.000 0.001 0.006 0.003 0.001 0.001 0.059 0.059 0.003 

Locus 113 : 123271_36 
2 alleles
3.9% missing data
 100   (0.952) 0.999 0.999 0.999 1.000 0.996 0.999 1.000 0.999 0.995 0.997 0.999 0.999 0.956 0.954 0.859 
 110   (0.048) 0.001 0.001 0.001 0.000 0.004 0.001 0.000 0.001 0.005 0.003 0.001 0.001 0.044 0.046 0.141 

Locus 114 : 124147_18 
2 alleles
2.2% missing data
 130   (0.951) 0.999 0.999 0.999 1.000 0.996 0.998 1.000 0.999 0.764 0.997 0.999 0.999 0.955 0.953 0.997 
 110   (0.049) 0.001 0.001 0.001 0.000 0.004 0.002 0.000 0.001 0.236 0.003 0.001 0.001 0.045 0.047 0.003 

Locus 115 : 124184_33 
2 alleles
5.6% missing data
 110   (0.952) 0.999 0.999 0.999 1.000 0.995 0.998 1.000 0.999 0.995 0.997 0.999 0.999 0.956 0.954 0.910 
 100   (0.048) 0.001 0.001 0.001 0.000 0.005 0.002 0.000 0.001 0.005 0.003 0.001 0.001 0.044 0.046 0.090 

Locus 116 : 125404_24 
2 alleles
1.1% missing data
 130   (0.956) 0.999 0.999 0.999 1.000 0.996 0.999 1.000 0.999 0.995 0.770 0.999 0.999 0.960 0.958 0.997 
 110   (0.044) 0.001 0.001 0.001 0.000 0.004 0.001 0.000 0.001 0.005 0.230 0.001 0.001 0.040 0.042 0.003 

Locus 117 : 125436_43 
2 alleles
3.9% missing data
 130   (0.925) 0.998 0.998 0.998 1.000 0.849 0.998 1.000 0.999 0.992 0.704 0.999 0.972 0.930 0.928 0.995 
 100   (0.075) 0.002 0.002 0.002 0.000 0.151 0.002 0.000 0.001 0.008 0.296 0.001 0.028 0.070 0.072 0.005 

Locus 118 : 126013_18 
2 alleles
2.8% missing data
 130   (0.955) 0.812 0.999 0.998 1.000 0.996 0.999 1.000 0.999 0.995 0.997 0.999 0.999 0.959 0.958 0.997 
 110   (0.045) 0.188 0.001 0.002 0.000 0.004 0.001 0.000 0.001 0.005 0.003 0.001 0.001 0.041 0.042 0.003 

Locus 119 : 126137_19 
2 alleles
3.9% missing data
 120   (0.956) 0.999 0.998 0.999 1.000 0.977 0.998 1.000 0.999 0.995 0.984 0.999 0.999 0.959 0.958 0.997 
 110   (0.044) 0.001 0.002 0.001 0.000 0.023 0.002 0.000 0.001 0.005 0.016 0.001 0.001 0.041 0.042 0.003 

Locus 120 : 126845_22 
2 alleles
5.6% missing data
 130   (0.958) 0.999 0.999 0.999 1.000 0.996 0.999 1.000 0.999 0.994 0.961 0.999 0.999 0.959 0.958 0.997 
 110   (0.042) 0.001 0.001 0.001 0.000 0.004 0.001 0.000 0.001 0.006 0.039 0.001 0.001 0.041 0.042 0.003 

Locus 121 : 127512_8 
2 alleles
1.1% missing data
 130   (0.955) 0.857 0.999 0.999 1.000 0.996 0.999 1.000 0.999 0.995 0.997 0.999 0.999 0.959 0.958 0.997 
 100   (0.045) 0.143 0.001 0.001 0.000 0.004 0.001 0.000 0.001 0.005 0.003 0.001 0.001 0.041 0.042 0.003 

Locus 122 : 127692_13 
2 alleles
2.8% missing data
 100   (0.953) 0.999 0.999 0.999 1.000 0.934 0.998 1.000 0.999 0.994 0.997 0.999 0.994 0.953 0.954 0.997 
 120   (0.047) 0.001 0.001 0.001 0.000 0.066 0.002 0.000 0.001 0.006 0.003 0.001 0.006 0.047 0.046 0.003 

Locus 123 : 128195_18 
2 alleles
7.3% missing data
 130   (0.874) 0.996 0.995 0.996 0.999 0.932 0.977 0.999 0.454 0.442 0.989 0.998 0.919 0.872 0.872 0.991 
 110   (0.126) 0.004 0.005 0.004 0.001 0.068 0.023 0.001 0.546 0.558 0.011 0.002 0.081 0.128 0.128 0.009 

Locus 124 : 128198_14 
2 alleles
4.5% missing data
 130   (0.928) 0.836 0.998 0.998 1.000 0.993 0.998 1.000 0.999 0.992 0.996 0.999 0.999 0.934 0.932 0.923 
 120   (0.072) 0.164 0.002 0.002 0.000 0.007 0.002 0.000 0.001 0.008 0.004 0.001 0.001 0.066 0.068 0.077 

Locus 125 : 128423_39 
2 alleles
4.5% missing data
 130   (0.958) 0.999 0.999 0.999 1.000 0.996 0.999 1.000 0.995 0.991 0.997 0.999 0.999 0.956 0.954 0.997 
 100   (0.042) 0.001 0.001 0.001 0.000 0.004 0.001 0.000 0.005 0.009 0.003 0.001 0.001 0.044 0.046 0.003 

Locus 126 : 131572_48 
2 alleles
1.1% missing data
 120   (0.950) 0.998 0.936 0.999 0.999 0.994 0.998 1.000 0.999 0.994 0.997 0.999 0.999 0.951 0.948 0.997 
 100   (0.050) 0.002 0.064 0.001 0.001 0.006 0.002 0.000 0.001 0.006 0.003 0.001 0.001 0.049 0.052 0.003 

Locus 127 : 132199_62 
2 alleles
3.9% missing data
 100   (0.949) 0.999 0.999 0.999 1.000 0.995 0.998 1.000 0.999 0.995 0.997 0.999 0.999 0.953 0.952 0.752 
 120   (0.051) 0.001 0.001 0.001 0.000 0.005 0.002 0.000 0.001 0.005 0.003 0.001 0.001 0.047 0.048 0.248 

Locus 128 : 135566_64 
2 alleles
7.3% missing data
 130   (0.957) 0.999 0.999 0.999 1.000 0.996 0.998 1.000 0.997 0.995 0.997 0.999 0.999 0.952 0.952 0.997 
 110   (0.043) 0.001 0.001 0.001 0.000 0.004 0.002 0.000 0.003 0.005 0.003 0.001 0.001 0.048 0.048 0.003 

Locus 129 : 135761_5 
2 alleles
7.9% missing data
 130   (0.952) 0.998 0.999 0.999 1.000 0.996 0.998 1.000 0.999 0.995 0.997 0.999 0.999 0.957 0.955 0.905 
 100   (0.048) 0.002 0.001 0.001 0.000 0.004 0.002 0.000 0.001 0.005 0.003 0.001 0.001 0.043 0.045 0.095 

Locus 130 : 137219_35 
2 alleles
3.4% missing data
 120   (0.941) 0.998 0.998 0.998 1.000 0.992 0.998 1.000 0.983 0.993 0.996 0.999 0.999 0.924 0.934 0.996 
 100   (0.059) 0.002 0.002 0.002 0.000 0.008 0.002 0.000 0.017 0.007 0.004 0.001 0.001 0.076 0.066 0.004 

Locus 131 : 139081_20 
2 alleles
5.6% missing data
 120   (0.939) 0.998 0.995 0.998 0.999 0.964 0.998 1.000 0.999 0.931 0.996 0.999 0.997 0.943 0.940 0.996 
 110   (0.061) 0.002 0.005 0.002 0.001 0.036 0.002 0.000 0.001 0.069 0.004 0.001 0.003 0.057 0.060 0.004 

Locus 132 : 139084_52 
2 alleles
5.1% missing data
 120   (0.915) 0.998 0.998 0.997 1.000 0.990 0.931 1.000 0.995 0.832 0.994 0.998 0.993 0.905 0.907 0.994 
 110   (0.085) 0.002 0.002 0.003 0.000 0.010 0.069 0.000 0.005 0.168 0.006 0.002 0.007 0.095 0.093 0.006 

Locus 133 : 139433_54 
2 alleles
3.9% missing data
 120   (0.957) 0.999 0.999 0.999 1.000 0.996 0.999 1.000 0.999 0.996 0.997 0.999 0.999 0.961 0.959 0.946 
 100   (0.043) 0.001 0.001 0.001 0.000 0.004 0.001 0.000 0.001 0.004 0.003 0.001 0.001 0.039 0.041 0.054 

Locus 134 : 140063_88 
2 alleles
7.9% missing data
 110   (0.956) 0.999 0.999 0.999 1.000 0.985 0.999 1.000 0.999 0.994 0.997 0.999 0.998 0.955 0.953 0.997 
 100   (0.044) 0.001 0.001 0.001 0.000 0.015 0.001 0.000 0.001 0.006 0.003 0.001 0.002 0.045 0.047 0.003 

Locus 135 : 140194_73 
2 alleles
2.8% missing data
 120   (0.956) 0.998 0.998 0.956 1.000 0.995 0.998 1.000 0.999 0.993 0.997 0.999 0.999 0.958 0.958 0.997 
 110   (0.044) 0.002 0.002 0.044 0.000 0.005 0.002 0.000 0.001 0.007 0.003 0.001 0.001 0.042 0.042 0.003 

Locus 136 : 141313_8 
2 alleles
2.8% missing data
 120   (0.954) 0.999 0.999 0.999 1.000 0.995 0.999 1.000 0.999 0.995 0.997 0.999 0.999 0.958 0.957 0.920 
 100   (0.046) 0.001 0.001 0.001 0.000 0.005 0.001 0.000 0.001 0.005 0.003 0.001 0.001 0.042 0.043 0.080 

Locus 137 : 145284_28 
2 alleles
2.8% missing data
 130   (0.952) 0.999 0.999 0.999 1.000 0.995 0.998 1.000 0.999 0.623 0.997 0.999 0.999 0.956 0.954 0.997 
 110   (0.048) 0.001 0.001 0.001 0.000 0.005 0.002 0.000 0.001 0.377 0.003 0.001 0.001 0.044 0.046 0.003 

Locus 138 : 145957_11 
2 alleles
4.5% missing data
 130   (0.957) 0.999 0.999 0.999 0.875 0.996 0.999 1.000 0.999 0.995 0.997 0.999 0.999 0.960 0.959 0.997 
 110   (0.043) 0.001 0.001 0.001 0.125 0.004 0.001 0.000 0.001 0.005 0.003 0.001 0.001 0.040 0.041 0.003 

Locus 139 : 160306_34 
2 alleles
2.8% missing data
 120   (0.931) 0.998 0.983 0.998 0.999 0.944 0.997 1.000 0.998 0.992 0.782 0.999 0.998 0.935 0.933 0.995 
 100   (0.069) 0.002 0.017 0.002 0.001 0.056 0.003 0.000 0.002 0.008 0.218 0.001 0.002 0.065 0.067 0.005 

Locus 140 : 162107_37 
2 alleles
3.4% missing data
 120   (0.937) 0.998 0.998 0.998 1.000 0.981 0.998 1.000 0.999 0.993 0.906 0.999 0.998 0.935 0.937 0.996 
 100   (0.063) 0.002 0.002 0.002 0.000 0.019 0.002 0.000 0.001 0.007 0.094 0.001 0.002 0.065 0.063 0.004 

Locus 141 : 163290_36 
2 alleles
5.1% missing data
 130   (0.918) 0.997 0.993 0.997 0.996 0.991 0.898 0.996 0.978 0.748 0.995 0.997 0.995 0.921 0.920 0.994 
 110   (0.082) 0.003 0.007 0.003 0.004 0.009 0.102 0.004 0.022 0.252 0.005 0.003 0.005 0.079 0.080 0.006 

Locus 142 : 163453_13 
2 alleles
5.6% missing data
 120   (0.958) 0.999 0.999 0.999 1.000 0.996 0.987 1.000 0.999 0.995 0.997 0.999 0.999 0.951 0.954 0.997 
 110   (0.042) 0.001 0.001 0.001 0.000 0.004 0.013 0.000 0.001 0.005 0.003 0.001 0.001 0.049 0.046 0.003 

Locus 143 : 163580_14 
2 alleles
10.1% missing data
 120   (0.954) 0.998 0.999 0.999 1.000 0.996 0.998 0.919 0.999 0.995 0.997 0.941 0.999 0.958 0.956 0.997 
 100   (0.046) 0.002 0.001 0.001 0.000 0.004 0.002 0.081 0.001 0.005 0.003 0.059 0.001 0.042 0.044 0.003 

Locus 144 : 164461_13 
2 alleles
5.6% missing data
 100   (0.953) 0.999 0.999 0.999 1.000 0.995 0.870 1.000 0.999 0.995 0.997 0.999 0.999 0.957 0.955 0.997 
 120   (0.047) 0.001 0.001 0.001 0.000 0.005 0.130 0.000 0.001 0.005 0.003 0.001 0.001 0.043 0.045 0.003 

Locus 145 : 165413_43 
2 alleles
1.7% missing data
 110   (0.951) 0.999 0.998 0.999 1.000 0.939 0.998 1.000 0.999 0.994 0.997 0.999 0.993 0.949 0.951 0.997 
 130   (0.049) 0.001 0.002 0.001 0.000 0.061 0.002 0.000 0.001 0.006 0.003 0.001 0.007 0.051 0.049 0.003 

Locus 146 : 168629_44 
2 alleles
5.6% missing data
 130   (0.943) 0.998 0.998 0.998 1.000 0.952 0.987 1.000 0.993 0.989 0.996 0.999 0.990 0.945 0.944 0.996 
 110   (0.057) 0.002 0.002 0.002 0.000 0.048 0.013 0.000 0.007 0.011 0.004 0.001 0.010 0.055 0.056 0.004 

Locus 147 : 168991_77 
2 alleles
5.6% missing data
 110   (0.850) 0.995 0.883 0.996 0.998 0.887 0.988 0.999 0.944 0.980 0.655 0.997 0.973 0.839 0.843 0.990 
 100   (0.150) 0.005 0.117 0.004 0.002 0.113 0.012 0.001 0.056 0.020 0.345 0.003 0.027 0.161 0.157 0.010 

Locus 148 : 169478_88 
2 alleles
5.1% missing data
 130   (0.957) 0.999 0.999 0.964 1.000 0.995 0.999 1.000 0.999 0.995 0.997 0.999 0.999 0.958 0.957 0.997 
 100   (0.043) 0.001 0.001 0.036 0.000 0.005 0.001 0.000 0.001 0.005 0.003 0.001 0.001 0.042 0.043 0.003 

Locus 149 : 169898_8 
2 alleles
6.2% missing data
 120   (0.935) 0.998 0.997 0.998 1.000 0.936 0.970 1.000 0.998 0.992 0.996 0.999 0.965 0.940 0.938 0.995 
 100   (0.065) 0.002 0.003 0.002 0.000 0.064 0.030 0.000 0.002 0.008 0.004 0.001 0.035 0.060 0.062 0.005 

Locus 150 : 170224_42 
2 alleles
7.3% missing data
 100   (0.911) 0.997 0.996 0.997 0.999 0.928 0.818 1.000 0.977 0.983 0.994 0.998 0.969 0.906 0.911 0.993 
 120   (0.089) 0.003 0.004 0.003 0.001 0.072 0.182 0.000 0.023 0.017 0.006 0.002 0.031 0.094 0.089 0.007 

Locus 151 : 174083_22 
2 alleles
3.9% missing data
 120   (0.949) 0.999 0.999 0.999 1.000 0.995 0.998 1.000 0.999 0.995 0.997 0.999 0.999 0.954 0.952 0.787 
 100   (0.051) 0.001 0.001 0.001 0.000 0.005 0.002 0.000 0.001 0.005 0.003 0.001 0.001 0.046 0.048 0.213 

Locus 152 : 174223_24 
2 alleles
2.8% missing data
 120   (0.958) 0.999 0.999 0.998 1.000 0.995 0.999 1.000 0.999 0.996 0.997 0.994 0.999 0.952 0.954 0.997 
 100   (0.042) 0.001 0.001 0.002 0.000 0.005 0.001 0.000 0.001 0.004 0.003 0.006 0.001 0.048 0.046 0.003 

Locus 153 : 174263_44 
2 alleles
3.9% missing data
 130   (0.954) 0.739 0.999 0.996 1.000 0.996 0.999 1.000 0.999 0.995 0.997 0.999 0.999 0.958 0.957 0.997 
 110   (0.046) 0.261 0.001 0.004 0.000 0.004 0.001 0.000 0.001 0.005 0.003 0.001 0.001 0.042 0.043 0.003 

Locus 154 : 175657_6 
2 alleles
8.4% missing data
 100   (0.928) 0.998 0.998 0.998 1.000 0.917 0.998 1.000 0.999 0.992 0.765 0.999 0.995 0.933 0.931 0.994 
 130   (0.072) 0.002 0.002 0.002 0.000 0.083 0.002 0.000 0.001 0.008 0.235 0.001 0.005 0.067 0.069 0.006 

Locus 155 : 176570_23 
2 alleles
3.9% missing data
 130   (0.953) 0.996 0.982 0.997 0.981 0.992 0.997 1.000 0.996 0.994 0.996 0.995 0.996 0.943 0.954 0.997 
 110   (0.047) 0.004 0.018 0.003 0.019 0.008 0.003 0.000 0.004 0.006 0.004 0.005 0.004 0.057 0.046 0.003 

Locus 156 : 176775_13 
2 alleles
6.7% missing data
 130   (0.946) 0.999 0.999 0.999 1.000 0.995 0.998 1.000 0.999 0.994 0.997 0.999 0.999 0.951 0.949 0.707 
 110   (0.054) 0.001 0.001 0.001 0.000 0.005 0.002 0.000 0.001 0.006 0.003 0.001 0.001 0.049 0.051 0.293 

Locus 157 : 178448_19 
2 alleles
3.4% missing data
 120   (0.951) 0.999 0.999 0.999 1.000 0.996 0.998 1.000 0.999 0.995 0.997 0.999 0.999 0.955 0.953 0.882 
 100   (0.049) 0.001 0.001 0.001 0.000 0.004 0.002 0.000 0.001 0.005 0.003 0.001 0.001 0.045 0.047 0.118 

Locus 158 : 179162_16 
2 alleles
6.2% missing data
 120   (0.958) 0.999 0.999 0.999 1.000 0.996 0.999 1.000 0.999 0.995 0.998 0.999 0.999 0.960 0.959 0.971 
 100   (0.042) 0.001 0.001 0.001 0.000 0.004 0.001 0.000 0.001 0.005 0.002 0.001 0.001 0.040 0.041 0.029 

Locus 159 : 179286_31 
2 alleles
2.8% missing data
 120   (0.930) 0.998 0.987 0.998 1.000 0.945 0.998 1.000 0.999 0.992 0.890 0.999 0.958 0.933 0.933 0.995 
 100   (0.070) 0.002 0.013 0.002 0.000 0.055 0.002 0.000 0.001 0.008 0.110 0.001 0.042 0.067 0.067 0.005 

Locus 160 : 179594_17 
2 alleles
4.5% missing data
 120   (0.909) 0.997 0.997 0.997 0.999 0.990 0.971 1.000 0.998 0.920 0.747 0.997 0.998 0.904 0.904 0.993 
 100   (0.091) 0.003 0.003 0.003 0.001 0.010 0.029 0.000 0.002 0.080 0.253 0.003 0.002 0.096 0.096 0.007 

Locus 161 : 180413_54 
2 alleles
3.9% missing data
 100   (0.951) 0.999 0.999 0.999 1.000 0.995 0.998 1.000 0.999 0.995 0.997 0.999 0.999 0.955 0.954 0.881 
 110   (0.049) 0.001 0.001 0.001 0.000 0.005 0.002 0.000 0.001 0.005 0.003 0.001 0.001 0.045 0.046 0.119 

Locus 162 : 182862_79 
2 alleles
3.4% missing data
 130   (0.952) 0.999 0.999 0.999 1.000 0.996 0.999 1.000 0.999 0.995 0.997 0.999 0.999 0.956 0.955 0.868 
 110   (0.048) 0.001 0.001 0.001 0.000 0.004 0.001 0.000 0.001 0.005 0.003 0.001 0.001 0.044 0.045 0.132 

Locus 163 : 183288_63 
2 alleles
10.1% missing data
 100   (0.956) 0.999 0.999 0.999 1.000 0.996 0.998 1.000 0.999 0.995 0.997 0.999 0.999 0.960 0.958 0.971 
 120   (0.044) 0.001 0.001 0.001 0.000 0.004 0.002 0.000 0.001 0.005 0.003 0.001 0.001 0.040 0.042 0.029 

Locus 164 : 183906_55 
2 alleles
6.7% missing data
 130   (0.954) 0.999 0.999 0.999 1.000 0.996 0.998 1.000 0.999 0.995 0.997 0.999 0.999 0.958 0.957 0.946 
 100   (0.046) 0.001 0.001 0.001 0.000 0.004 0.002 0.000 0.001 0.005 0.003 0.001 0.001 0.042 0.043 0.054 

Locus 165 : 183990_7 
2 alleles
3.4% missing data
 120   (0.951) 0.999 0.999 0.999 1.000 0.995 0.997 1.000 0.838 0.995 0.997 0.999 0.999 0.949 0.952 0.997 
 100   (0.049) 0.001 0.001 0.001 0.000 0.005 0.003 0.000 0.162 0.005 0.003 0.001 0.001 0.051 0.048 0.003 

Locus 166 : 185904_60 
2 alleles
3.4% missing data
 120   (0.954) 0.999 0.999 0.999 1.000 0.996 0.923 1.000 0.999 0.995 0.997 0.999 0.999 0.956 0.955 0.997 
 100   (0.046) 0.001 0.001 0.001 0.000 0.004 0.077 0.000 0.001 0.005 0.003 0.001 0.001 0.044 0.045 0.003 

Locus 167 : 191703_64 
2 alleles
1.7% missing data
 130   (0.928) 0.998 0.998 0.998 1.000 0.994 0.998 1.000 0.999 0.683 0.868 0.999 0.999 0.932 0.931 0.995 
 110   (0.072) 0.002 0.002 0.002 0.000 0.006 0.002 0.000 0.001 0.317 0.132 0.001 0.001 0.068 0.069 0.005 

Locus 168 : 193854_7 
2 alleles
1.7% missing data
 130   (0.933) 0.966 0.998 0.998 1.000 0.993 0.997 1.000 0.999 0.992 0.996 0.999 0.999 0.937 0.935 0.884 
 110   (0.067) 0.034 0.002 0.002 0.000 0.007 0.003 0.000 0.001 0.008 0.004 0.001 0.001 0.063 0.065 0.116 

Locus 169 : 194868_38 
2 alleles
5.6% missing data
 120   (0.942) 0.998 0.997 0.998 1.000 0.883 0.998 1.000 0.997 0.993 0.972 0.999 0.988 0.945 0.943 0.996 
 100   (0.058) 0.002 0.003 0.002 0.000 0.117 0.002 0.000 0.003 0.007 0.028 0.001 0.012 0.055 0.057 0.004 

Locus 170 : 195463_36 
2 alleles
5.1% missing data
 120   (0.954) 0.999 0.999 0.999 1.000 0.995 0.998 1.000 0.999 0.995 0.862 0.999 0.999 0.958 0.956 0.997 
 100   (0.046) 0.001 0.001 0.001 0.000 0.005 0.002 0.000 0.001 0.005 0.138 0.001 0.001 0.042 0.044 0.003 

Locus 171 : 195727_20 
2 alleles
1.7% missing data
 130   (0.954) 0.999 0.999 0.999 1.000 0.996 0.999 1.000 0.999 0.995 0.997 0.999 0.999 0.958 0.957 0.915 
 110   (0.046) 0.001 0.001 0.001 0.000 0.004 0.001 0.000 0.001 0.005 0.003 0.001 0.001 0.042 0.043 0.085 

Locus 172 : 197508_5 
2 alleles
2.2% missing data
 120   (0.957) 0.999 0.999 0.999 1.000 0.986 0.999 1.000 0.999 0.995 0.997 0.999 0.999 0.956 0.954 0.997 
 100   (0.043) 0.001 0.001 0.001 0.000 0.014 0.001 0.000 0.001 0.005 0.003 0.001 0.001 0.044 0.046 0.003 

Locus 173 : 199140_10 
2 alleles
4.5% missing data
 130   (0.957) 0.999 0.999 0.999 1.000 0.996 0.999 1.000 0.997 0.995 0.997 0.999 0.999 0.952 0.951 0.997 
 110   (0.043) 0.001 0.001 0.001 0.000 0.004 0.001 0.000 0.003 0.005 0.003 0.001 0.001 0.048 0.049 0.003 

Locus 174 : 199429_51 
2 alleles
5.1% missing data
 130   (0.957) 0.999 0.999 0.999 1.000 0.995 0.984 1.000 0.999 0.994 0.996 0.999 0.999 0.950 0.951 0.997 
 100   (0.043) 0.001 0.001 0.001 0.000 0.005 0.016 0.000 0.001 0.006 0.004 0.001 0.001 0.050 0.049 0.003 

Locus 175 : 199635_9 
2 alleles
3.4% missing data
 120   (0.951) 0.999 0.999 0.999 1.000 0.995 0.998 1.000 0.999 0.995 0.997 0.999 0.999 0.956 0.954 0.831 
 100   (0.049) 0.001 0.001 0.001 0.000 0.005 0.002 0.000 0.001 0.005 0.003 0.001 0.001 0.044 0.046 0.169 

Locus 176 : 200923_8 
2 alleles
5.1% missing data
 100   (0.958) 0.999 0.999 0.999 1.000 0.995 0.998 1.000 0.999 0.936 0.996 0.999 0.999 0.960 0.960 0.997 
 110   (0.042) 0.001 0.001 0.001 0.000 0.005 0.002 0.000 0.001 0.064 0.004 0.001 0.001 0.040 0.040 0.003 

Locus 177 : 201090_64 
2 alleles
5.1% missing data
 130   (0.958) 0.999 0.999 0.999 1.000 0.996 0.965 1.000 0.999 0.995 0.997 0.999 0.999 0.959 0.959 0.997 
 100   (0.042) 0.001 0.001 0.001 0.000 0.004 0.035 0.000 0.001 0.005 0.003 0.001 0.001 0.041 0.041 0.003 

Locus 178 : 201549_57 
2 alleles
4.5% missing data
 120   (0.954) 0.999 0.999 0.999 1.000 0.996 0.999 1.000 0.999 0.995 0.908 0.999 0.999 0.958 0.956 0.997 
 110   (0.046) 0.001 0.001 0.001 0.000 0.004 0.001 0.000 0.001 0.005 0.092 0.001 0.001 0.042 0.044 0.003 

Locus 179 : 203565_40 
2 alleles
3.9% missing data
 120   (0.957) 0.999 0.999 0.999 1.000 0.996 0.998 1.000 0.999 0.935 0.997 0.999 0.999 0.960 0.959 0.997 
 100   (0.043) 0.001 0.001 0.001 0.000 0.004 0.002 0.000 0.001 0.065 0.003 0.001 0.001 0.040 0.041 0.003 

Locus 180 : 205184_19 
2 alleles
7.3% missing data
 110   (0.902) 0.899 0.997 0.891 0.999 0.990 0.997 1.000 0.999 0.990 0.994 0.999 0.998 0.909 0.906 0.761 
 120   (0.098) 0.101 0.003 0.109 0.001 0.010 0.003 0.000 0.001 0.010 0.006 0.001 0.002 0.091 0.094 0.239 

Locus 181 : 206551_17 
2 alleles
6.2% missing data
 120   (0.897) 0.997 0.996 0.994 0.999 0.988 0.653 1.000 0.992 0.941 0.968 0.908 0.998 0.893 0.895 0.993 
 100   (0.103) 0.003 0.004 0.006 0.001 0.012 0.347 0.000 0.008 0.059 0.032 0.092 0.002 0.107 0.105 0.007 

Locus 182 : 216246_19 
2 alleles
2.8% missing data
 110   (0.938) 0.998 0.994 0.998 1.000 0.975 0.997 1.000 0.992 0.988 0.989 0.999 0.999 0.936 0.933 0.996 
 130   (0.062) 0.002 0.006 0.002 0.000 0.025 0.003 0.000 0.008 0.012 0.011 0.001 0.001 0.064 0.067 0.004 

Locus 183 : 216776_13 
2 alleles
5.6% missing data
 120   (0.915) 0.997 0.998 0.949 1.000 0.992 0.997 1.000 0.999 0.991 0.995 0.890 0.999 0.921 0.918 0.732 
 110   (0.085) 0.003 0.002 0.051 0.000 0.008 0.003 0.000 0.001 0.009 0.005 0.110 0.001 0.079 0.082 0.268 

Locus 184 : 217291_37 
2 alleles
3.9% missing data
 120   (0.954) 0.999 0.999 0.999 1.000 0.995 0.998 1.000 0.999 0.995 0.917 0.999 0.999 0.949 0.954 0.997 
 100   (0.046) 0.001 0.001 0.001 0.000 0.005 0.002 0.000 0.001 0.005 0.083 0.001 0.001 0.051 0.046 0.003 

Locus 185 : 217570_13 
2 alleles
3.9% missing data
 130   (0.953) 0.999 0.999 0.999 1.000 0.996 0.999 1.000 0.999 0.995 0.997 0.999 0.999 0.957 0.955 0.867 
 110   (0.047) 0.001 0.001 0.001 0.000 0.004 0.001 0.000 0.001 0.005 0.003 0.001 0.001 0.043 0.045 0.133 

Locus 186 : 220422_65 
2 alleles
3.4% missing data
 120   (0.945) 0.998 0.989 0.998 1.000 0.961 0.997 1.000 0.997 0.994 0.988 0.999 0.999 0.940 0.943 0.996 
 110   (0.055) 0.002 0.011 0.002 0.000 0.039 0.003 0.000 0.003 0.006 0.012 0.001 0.001 0.060 0.057 0.004 

Locus 187 : 220502_40 
2 alleles
6.7% missing data
 120   (0.957) 0.998 0.966 0.999 0.999 0.995 0.998 1.000 0.999 0.995 0.997 0.999 0.999 0.959 0.959 0.997 
 110   (0.043) 0.002 0.034 0.001 0.001 0.005 0.002 0.000 0.001 0.005 0.003 0.001 0.001 0.041 0.041 0.003 

Locus 188 : 220519_81 
2 alleles
4.5% missing data
 130   (0.929) 0.998 0.998 0.998 1.000 0.993 0.998 1.000 0.999 0.934 0.996 0.999 0.999 0.934 0.931 0.859 
 110   (0.071) 0.002 0.002 0.002 0.000 0.007 0.002 0.000 0.001 0.066 0.004 0.001 0.001 0.066 0.069 0.141 

Locus 189 : 222347_17 
2 alleles
3.9% missing data
 120   (0.953) 0.999 0.999 0.999 1.000 0.996 0.998 1.000 0.999 0.995 0.997 0.999 0.999 0.957 0.955 0.893 
 100   (0.047) 0.001 0.001 0.001 0.000 0.004 0.002 0.000 0.001 0.005 0.003 0.001 0.001 0.043 0.045 0.107 

Locus 190 : 222896_46 
2 alleles
0.6% missing data
 110   (0.955) 0.999 0.999 0.999 1.000 0.996 0.999 1.000 0.999 0.995 0.997 0.999 0.999 0.959 0.957 0.945 
 130   (0.045) 0.001 0.001 0.001 0.000 0.004 0.001 0.000 0.001 0.005 0.003 0.001 0.001 0.041 0.043 0.055 

Locus 191 : 223181_12 
2 alleles
3.4% missing data
 120   (0.949) 0.999 0.999 0.999 1.000 0.995 0.998 1.000 0.999 0.995 0.997 0.999 0.999 0.953 0.952 0.725 
 100   (0.051) 0.001 0.001 0.001 0.000 0.005 0.002 0.000 0.001 0.005 0.003 0.001 0.001 0.047 0.048 0.275 

Locus 192 : 224649_57 
2 alleles
5.1% missing data
 100   (0.957) 0.999 0.999 0.962 1.000 0.995 0.999 1.000 0.999 0.994 0.997 0.999 0.999 0.958 0.958 0.997 
 110   (0.043) 0.001 0.001 0.038 0.000 0.005 0.001 0.000 0.001 0.006 0.003 0.001 0.001 0.042 0.042 0.003 

Locus 193 : 226245_11 
2 alleles
5.1% missing data
 130   (0.955) 0.999 0.918 0.999 1.000 0.996 0.999 1.000 0.999 0.995 0.997 0.999 0.999 0.958 0.957 0.997 
 110   (0.045) 0.001 0.082 0.001 0.000 0.004 0.001 0.000 0.001 0.005 0.003 0.001 0.001 0.042 0.043 0.003 

Locus 194 : 226342_59 
2 alleles
6.2% missing data
 120   (0.924) 0.939 0.997 0.996 0.999 0.991 0.997 0.998 0.998 0.991 0.995 0.997 0.998 0.926 0.926 0.912 
 100   (0.076) 0.061 0.003 0.004 0.001 0.009 0.003 0.002 0.002 0.009 0.005 0.003 0.002 0.074 0.074 0.088 

Locus 195 : 228970_13 
2 alleles
3.9% missing data
 120   (0.956) 0.999 0.999 0.999 1.000 0.995 0.998 1.000 0.999 0.995 0.959 0.999 0.999 0.959 0.958 0.997 
 100   (0.044) 0.001 0.001 0.001 0.000 0.005 0.002 0.000 0.001 0.005 0.041 0.001 0.001 0.041 0.042 0.003 

Locus 196 : 229097_27 
2 alleles
5.1% missing data
 130   (0.950) 0.999 0.999 0.999 1.000 0.995 0.998 1.000 0.999 0.995 0.997 0.999 0.999 0.954 0.953 0.793 
 110   (0.050) 0.001 0.001 0.001 0.000 0.005 0.002 0.000 0.001 0.005 0.003 0.001 0.001 0.046 0.047 0.207 

Locus 197 : 229177_29 
2 alleles
7.3% missing data
 130   (0.945) 0.998 0.998 0.987 1.000 0.992 0.993 0.987 0.999 0.994 0.996 0.854 0.996 0.948 0.946 0.996 
 110   (0.055) 0.002 0.002 0.013 0.000 0.008 0.007 0.013 0.001 0.006 0.004 0.146 0.004 0.052 0.054 0.004 

Locus 198 : 229612_7 
2 alleles
6.2% missing data
 100   (0.956) 0.999 0.999 0.999 1.000 0.985 0.998 1.000 0.999 0.995 0.997 0.999 0.998 0.955 0.953 0.997 
 120   (0.044) 0.001 0.001 0.001 0.000 0.015 0.002 0.000 0.001 0.005 0.003 0.001 0.002 0.045 0.047 0.003 

Locus 199 : 229936_67 
2 alleles
3.9% missing data
 120   (0.954) 0.996 0.982 0.997 0.978 0.992 0.997 1.000 0.996 0.994 0.997 0.996 0.996 0.945 0.955 0.997 
 100   (0.046) 0.004 0.018 0.003 0.022 0.008 0.003 0.000 0.004 0.006 0.003 0.004 0.004 0.055 0.045 0.003 

Locus 200 : 232937_62 
2 alleles
2.2% missing data
 100   (0.957) 0.999 0.999 0.998 1.000 0.995 0.999 1.000 0.999 0.995 0.997 0.995 0.999 0.951 0.953 0.997 
 120   (0.043) 0.001 0.001 0.002 0.000 0.005 0.001 0.000 0.001 0.005 0.003 0.005 0.001 0.049 0.047 0.003 

Locus 201 : 233194_6 
2 alleles
2.8% missing data
 120   (0.927) 0.925 0.998 0.998 1.000 0.993 0.997 1.000 0.999 0.992 0.996 0.999 0.999 0.932 0.930 0.673 
 100   (0.073) 0.075 0.002 0.002 0.000 0.007 0.003 0.000 0.001 0.008 0.004 0.001 0.001 0.068 0.070 0.327 

Locus 202 : 234346_33 
2 alleles
4.5% missing data
 110   (0.954) 0.712 0.999 0.996 1.000 0.996 0.999 1.000 0.999 0.995 0.997 0.999 0.999 0.958 0.956 0.997 
 130   (0.046) 0.288 0.001 0.004 0.000 0.004 0.001 0.000 0.001 0.005 0.003 0.001 0.001 0.042 0.044 0.003 

Locus 203 : 235241_77 
2 alleles
2.2% missing data
 130   (0.951) 0.999 0.999 0.999 1.000 0.995 0.998 1.000 0.999 0.995 0.997 0.999 0.999 0.955 0.954 0.840 
 100   (0.049) 0.001 0.001 0.001 0.000 0.005 0.002 0.000 0.001 0.005 0.003 0.001 0.001 0.045 0.046 0.160 

Locus 204 : 236207_44 
2 alleles
6.2% missing data
 120   (0.895) 0.997 0.778 0.997 0.807 0.989 0.997 1.000 0.999 0.871 0.963 0.998 0.998 0.901 0.898 0.993 
 100   (0.105) 0.003 0.222 0.003 0.193 0.011 0.003 0.000 0.001 0.129 0.037 0.002 0.002 0.099 0.102 0.007 

Locus 205 : 236307_12 
2 alleles
1.7% missing data
 130   (0.951) 0.999 0.999 0.999 1.000 0.994 0.998 1.000 0.637 0.994 0.992 0.999 0.999 0.954 0.953 0.997 
 110   (0.049) 0.001 0.001 0.001 0.000 0.006 0.002 0.000 0.363 0.006 0.008 0.001 0.001 0.046 0.047 0.003 

Locus 206 : 236931_45 
2 alleles
6.7% missing data
 120   (0.878) 0.997 0.990 0.997 0.999 0.720 0.996 1.000 0.997 0.456 0.715 0.998 0.957 0.886 0.882 0.992 
 100   (0.122) 0.003 0.010 0.003 0.001 0.280 0.004 0.000 0.003 0.544 0.285 0.002 0.043 0.114 0.118 0.008 

Locus 207 : 236999_38 
2 alleles
2.8% missing data
 120   (0.954) 0.999 0.999 0.999 1.000 0.996 0.999 1.000 0.999 0.995 0.997 0.999 0.999 0.958 0.956 0.946 
 100   (0.046) 0.001 0.001 0.001 0.000 0.004 0.001 0.000 0.001 0.005 0.003 0.001 0.001 0.042 0.044 0.054 

Locus 208 : 240398_42 
2 alleles
3.9% missing data
 110   (0.851) 0.996 0.995 0.996 0.999 0.794 0.995 1.000 0.681 0.464 0.888 0.998 0.986 0.854 0.850 0.990 
 130   (0.149) 0.004 0.005 0.004 0.001 0.206 0.005 0.000 0.319 0.536 0.112 0.002 0.014 0.146 0.150 0.010 

Locus 209 : 240825_22 
2 alleles
6.2% missing data
 130   (0.956) 0.998 0.996 0.998 0.998 0.995 0.991 1.000 0.998 0.991 0.997 0.996 0.999 0.955 0.956 0.997 
 110   (0.044) 0.002 0.004 0.002 0.002 0.005 0.009 0.000 0.002 0.009 0.003 0.004 0.001 0.045 0.044 0.003 

Locus 210 : 244435_48 
2 alleles
1.7% missing data
 110   (0.955) 0.999 0.918 0.999 1.000 0.996 0.999 1.000 0.999 0.995 0.997 0.999 0.999 0.960 0.958 0.997 
 130   (0.045) 0.001 0.082 0.001 0.000 0.004 0.001 0.000 0.001 0.005 0.003 0.001 0.001 0.040 0.042 0.003 

Locus 211 : 245971_21 
2 alleles
5.1% missing data
 130   (0.952) 0.999 0.999 0.999 1.000 0.996 0.999 1.000 0.999 0.995 0.997 0.999 0.999 0.956 0.954 0.915 
 120   (0.048) 0.001 0.001 0.001 0.000 0.004 0.001 0.000 0.001 0.005 0.003 0.001 0.001 0.044 0.046 0.085 

Locus 212 : 246895_22 
2 alleles
3.4% missing data
 120   (0.957) 0.999 0.999 0.999 1.000 0.994 0.999 1.000 0.996 0.995 0.997 0.999 0.999 0.945 0.955 0.997 
 110   (0.043) 0.001 0.001 0.001 0.000 0.006 0.001 0.000 0.004 0.005 0.003 0.001 0.001 0.055 0.045 0.003 

Locus 213 : 248131_26 
2 alleles
7.9% missing data
 130   (0.943) 0.998 0.997 0.998 0.999 0.974 0.961 1.000 0.999 0.991 0.994 0.998 0.996 0.945 0.944 0.996 
 110   (0.057) 0.002 0.003 0.002 0.001 0.026 0.039 0.000 0.001 0.009 0.006 0.002 0.004 0.055 0.056 0.004 

Locus 214 : 250844_49 
2 alleles
7.3% missing data
 130   (0.955) 0.999 0.999 0.999 1.000 0.982 0.998 1.000 0.999 0.995 0.997 0.999 0.998 0.951 0.954 0.997 
 100   (0.045) 0.001 0.001 0.001 0.000 0.018 0.002 0.000 0.001 0.005 0.003 0.001 0.002 0.049 0.046 0.003 

Locus 215 : 251283_19 
2 alleles
5.6% missing data
 120   (0.954) 0.999 0.999 0.999 1.000 0.996 0.998 1.000 0.999 0.831 0.997 0.999 0.999 0.957 0.956 0.997 
 100   (0.046) 0.001 0.001 0.001 0.000 0.004 0.002 0.000 0.001 0.169 0.003 0.001 0.001 0.043 0.044 0.003 

Locus 216 : 251358_15 
2 alleles
8.4% missing data
 110   (0.929) 0.998 0.953 0.998 1.000 0.857 0.997 1.000 0.999 0.990 0.995 0.999 0.932 0.930 0.930 0.995 
 120   (0.071) 0.002 0.047 0.002 0.000 0.143 0.003 0.000 0.001 0.010 0.005 0.001 0.068 0.070 0.070 0.005 

Locus 217 : 251901_42 
2 alleles
2.2% missing data
 120   (0.957) 0.999 0.998 0.999 0.999 0.995 0.979 1.000 0.999 0.995 0.997 0.999 0.999 0.954 0.954 0.997 
 100   (0.043) 0.001 0.002 0.001 0.001 0.005 0.021 0.000 0.001 0.005 0.003 0.001 0.001 0.046 0.046 0.003 

Locus 218 : 252158_43 
2 alleles
0.0% missing data
 120   (0.954) 0.999 0.999 0.999 1.000 0.996 0.999 1.000 0.999 0.995 0.997 0.999 0.999 0.958 0.956 0.919 
 100   (0.046) 0.001 0.001 0.001 0.000 0.004 0.001 0.000 0.001 0.005 0.003 0.001 0.001 0.042 0.044 0.081 

Locus 219 : 252988_16 
2 alleles
7.9% missing data
 110   (0.949) 0.999 0.998 0.998 1.000 0.994 0.760 1.000 0.998 0.994 0.997 0.999 0.997 0.952 0.951 0.996 
 100   (0.051) 0.001 0.002 0.002 0.000 0.006 0.240 0.000 0.002 0.006 0.003 0.001 0.003 0.048 0.049 0.004 

Locus 220 : 254425_88 
2 alleles
5.6% missing data
 130   (0.923) 0.998 0.998 0.784 1.000 0.993 0.998 1.000 0.999 0.992 0.996 0.999 0.999 0.929 0.927 0.781 
 110   (0.077) 0.002 0.002 0.216 0.000 0.007 0.002 0.000 0.001 0.008 0.004 0.001 0.001 0.071 0.073 0.219 

Locus 221 : 256337_57 
2 alleles
5.6% missing data
 110   (0.957) 0.999 0.999 0.999 1.000 0.996 0.998 1.000 0.999 0.930 0.997 0.999 0.999 0.960 0.958 0.997 
 130   (0.043) 0.001 0.001 0.001 0.000 0.004 0.002 0.000 0.001 0.070 0.003 0.001 0.001 0.040 0.042 0.003 

Locus 222 : 259058_15 
2 alleles
1.7% missing data
 120   (0.955) 0.786 0.999 0.999 1.000 0.996 0.999 1.000 0.999 0.995 0.997 0.999 0.999 0.959 0.958 0.997 
 100   (0.045) 0.214 0.001 0.001 0.000 0.004 0.001 0.000 0.001 0.005 0.003 0.001 0.001 0.041 0.042 0.003 

Locus 223 : 259869_81 
2 alleles
0.6% missing data
 120   (0.956) 0.997 0.999 0.904 1.000 0.996 0.999 1.000 0.999 0.995 0.998 0.999 0.999 0.960 0.958 0.997 
 130   (0.044) 0.003 0.001 0.096 0.000 0.004 0.001 0.000 0.001 0.005 0.002 0.001 0.001 0.040 0.042 0.003 

Locus 224 : 260700_55 
2 alleles
2.2% missing data
 130   (0.958) 0.998 0.998 0.998 1.000 0.995 0.995 1.000 0.999 0.994 0.997 0.982 0.999 0.957 0.958 0.997 
 110   (0.042) 0.002 0.002 0.002 0.000 0.005 0.005 0.000 0.001 0.006 0.003 0.018 0.001 0.043 0.042 0.003 

Locus 225 : 262223_11 
2 alleles
4.5% missing data
 130   (0.956) 0.999 0.999 0.974 1.000 0.996 0.999 1.000 0.999 0.995 0.997 0.905 0.999 0.960 0.958 0.997 
 100   (0.044) 0.001 0.001 0.026 0.000 0.004 0.001 0.000 0.001 0.005 0.003 0.095 0.001 0.040 0.042 0.003 

Locus 226 : 262346_48 
2 alleles
3.4% missing data
 130   (0.950) 0.999 0.999 0.999 1.000 0.995 0.998 1.000 0.999 0.416 0.997 0.999 0.999 0.954 0.952 0.997 
 110   (0.050) 0.001 0.001 0.001 0.000 0.005 0.002 0.000 0.001 0.584 0.003 0.001 0.001 0.046 0.048 0.003 

Locus 227 : 262620_18 
2 alleles
3.9% missing data
 110   (0.943) 0.998 0.990 0.998 0.992 0.991 0.997 0.999 0.986 0.992 0.995 0.998 0.997 0.940 0.939 0.996 
 130   (0.057) 0.002 0.010 0.002 0.008 0.009 0.003 0.001 0.014 0.008 0.005 0.002 0.003 0.060 0.061 0.004 

Locus 228 : 263002_42 
2 alleles
3.4% missing data
 120   (0.948) 0.999 0.999 0.999 1.000 0.854 0.998 1.000 0.999 0.994 0.996 0.999 0.978 0.951 0.949 0.996 
 100   (0.052) 0.001 0.001 0.001 0.000 0.146 0.002 0.000 0.001 0.006 0.004 0.001 0.022 0.049 0.051 0.004 

Locus 229 : 263813_70 
2 alleles
10.1% missing data
 130   (0.954) 0.999 0.999 0.890 1.000 0.995 0.998 1.000 0.999 0.995 0.997 0.999 0.999 0.958 0.956 0.997 
 110   (0.046) 0.001 0.001 0.110 0.000 0.005 0.002 0.000 0.001 0.005 0.003 0.001 0.001 0.042 0.044 0.003 

Locus 230 : 264184_13 
2 alleles
10.1% missing data
 110   (0.914) 0.998 0.867 0.997 1.000 0.991 0.850 1.000 0.999 0.947 0.994 0.999 0.999 0.916 0.915 0.993 
 130   (0.086) 0.002 0.133 0.003 0.000 0.009 0.150 0.000 0.001 0.053 0.006 0.001 0.001 0.084 0.085 0.007 

Values of parameters used in structure:
DATAFILE=C:\Users\jmahg\OneDrive\Desktop\Transfers\TrkNbr-1524n1282n1083_AllPops_Structure_p18_r080_LDnHWEx\project_data,	OUTFILE=C:\Users\jmahg\OneDrive\Desktop\Transfers\TrkNbr-1524n1282n1083_AllPops_Structure_p18_r080_LDnHWEx\BI50000_MCMC100000\Results\BI50000_MCMC100000_run_148,	NUMINDS=178,	NUMLOCI=230,	MISSING=0,	LABEL=1,	POPDATA=1,	POPFLAG=0,	PHENOTYPE=0,	EXTRACOLS=0,	MAXPOPS=15,	BURNIN=50000,	NUMREPS=100000,	USEPOPINFO=0,	INFERALPHA=1,	INFERLAMBDA=0,	POPSPECIFICLAMBDA=0,	POPALPHAS=0,	COMPUTEPROB=1,	NOADMIX=0,	ADMBURNIN=2500,	UPDATEFREQ=1,	PRINTLIKES=0,	INTERMEDSAVE=0,	PRINTKLD=0,	PRINTNET=0,	PRINTLAMBDA=0,	ANCESTDIST=0,	NUMBOXES=1000,	ANCESTPINT=0.90000,	GENSBACK=2,	MIGRPRIOR=0.05000,	PRINTQHAT=0,	PRINTQSUM=0,	ALPHA=1.0000,	FREQSCORR=1,	FPRIORMEAN=0.0100,	FPRIORSD=0.0500,	ONEFST=0,	LAMBDA=1.0000,	UNIFPRIORALPHA=1,	ALPHAMAX=10.0000,	ALPHAPRIORA=1.0000,	ALPHAPRIORB=2.0000,	ALPHAPROPSD=0.0250,	STARTATPOPINFO=0,	RANDOMIZE=1,	LINKAGE=0,	METROFREQ=10,	REPORTHITRATE=0,	MARKOVPHASE=-1,	PHASED=0,	PLOIDY=2,	PHASEINFO=0	LOCPRIOR=0, 	LOCPRIORINIT=1.000000, 	LOCDATA=0, 	LOCISPOP=0, 	LOCPRIORSTEP=0.100000, 	MAXLOCPRIOR=20.000000, 	SEED=1603011456,	
[STRAT parameters]:    NUMSIMSTATS=1000,	PHENOTYPECOL=-9,	POOLFREQ=10,	LOCUSxONLY=0,	EMERROR=0.00100,	MISSINGPHENO=-9,	