

----------------------------------------------------
STRUCTURE by Pritchard, Stephens and Donnelly (2000)
     and Falush, Stephens and Pritchard (2003)
       Code by Pritchard, Falush and Hubisz
             Version 2.3.4 (Jul 2012)
----------------------------------------------------



Command line arguments:   bin\structure -m C:\Users\jmahg\OneDrive\Desktop\Transfers\TrkNbr-1524n1282n1083_AllPops_Structure_p18_r080_LDnHWEx\BI50000_MCMC100000\mainparams -e C:\Users\jmahg\OneDrive\Desktop\Transfers\TrkNbr-1524n1282n1083_AllPops_Structure_p18_r080_LDnHWEx\BI50000_MCMC100000\extraparams 
Input File:    C:\Users\jmahg\OneDrive\Desktop\Transfers\TrkNbr-1524n1282n1083_AllPops_Structure_p18_r080_LDnHWEx\project_data

Run parameters:
   178 individuals
   230 loci
   17 populations assumed
   50000 Burn-in period
   100000 Reps


--------------------------------------------
Proportion of membership of each pre-defined
 population in each of the 17 clusters

Given    Inferred Clusters                                                                                                         Number of
 Pop       1      2      3      4      5      6      7      8      9     10     11     12     13     14     15     16     17      Individuals

  1:     0.018  0.040  0.009  0.030  0.011  0.029  0.026  0.011  0.051  0.026  0.691  0.005  0.002  0.006  0.009  0.010  0.026       10
  2:     0.504  0.047  0.022  0.061  0.004  0.054  0.007  0.012  0.058  0.071  0.029  0.011  0.002  0.006  0.028  0.022  0.060        8
  3:     0.015  0.036  0.014  0.083  0.004  0.094  0.007  0.452  0.088  0.104  0.012  0.004  0.002  0.008  0.014  0.010  0.053       10
  4:     0.070  0.066  0.348  0.079  0.015  0.070  0.017  0.019  0.080  0.103  0.018  0.008  0.002  0.008  0.007  0.007  0.083       10
  5:     0.008  0.007  0.005  0.014  0.004  0.014  0.004  0.008  0.013  0.016  0.007  0.003  0.869  0.011  0.003  0.003  0.011       10
  6:     0.017  0.027  0.007  0.111  0.004  0.125  0.008  0.320  0.113  0.135  0.019  0.004  0.003  0.009  0.003  0.003  0.091       10
  7:     0.013  0.057  0.007  0.074  0.003  0.050  0.005  0.011  0.082  0.047  0.558  0.003  0.002  0.007  0.002  0.004  0.074       10
  8:     0.241  0.080  0.028  0.066  0.034  0.048  0.075  0.028  0.094  0.065  0.055  0.017  0.002  0.009  0.037  0.039  0.081       10
  9:     0.015  0.073  0.005  0.175  0.004  0.152  0.005  0.017  0.149  0.191  0.048  0.003  0.002  0.009  0.003  0.003  0.145       10
 10:     0.017  0.026  0.007  0.217  0.004  0.293  0.006  0.022  0.106  0.163  0.015  0.004  0.002  0.010  0.004  0.004  0.098       10
 11:     0.040  0.023  0.014  0.059  0.006  0.049  0.539  0.012  0.053  0.071  0.017  0.012  0.002  0.006  0.024  0.025  0.048       10
 12:     0.059  0.015  0.016  0.046  0.074  0.044  0.547  0.016  0.045  0.053  0.022  0.006  0.002  0.008  0.005  0.006  0.035       10
 13:     0.013  0.011  0.009  0.023  0.788  0.023  0.011  0.011  0.021  0.024  0.015  0.007  0.002  0.007  0.008  0.008  0.019       10
 14:     0.011  0.016  0.006  0.051  0.004  0.045  0.005  0.014  0.037  0.052  0.011  0.003  0.010  0.692  0.005  0.005  0.031       10
 15:     0.010  0.014  0.005  0.035  0.004  0.036  0.005  0.031  0.028  0.037  0.010  0.003  0.007  0.734  0.005  0.005  0.031       10
 16:     0.032  0.257  0.193  0.054  0.004  0.044  0.008  0.025  0.097  0.052  0.023  0.011  0.002  0.008  0.020  0.020  0.150       10
 17:     0.059  0.023  0.016  0.046  0.013  0.040  0.065  0.013  0.046  0.048  0.028  0.509  0.003  0.008  0.007  0.008  0.066       10
 18:     0.011  0.009  0.006  0.021  0.004  0.024  0.004  0.011  0.021  0.024  0.008  0.003  0.822  0.008  0.004  0.004  0.016       10
--------------------------------------------

Allele-freq. divergence among pops (Net nucleotide distance),
computed using point estimates of P.

      1       2       3       4       5       6       7       8       9      10      11      12      13      14      15      16      17      
 1      -    0.0047  0.0074  0.0037  0.0084  0.0038  0.0054  0.0051  0.0036  0.0036  0.0057  0.0068  0.0109  0.0056  0.0045  0.0044  0.0035  
 2   0.0047     -    0.0022  0.0015  0.0062  0.0016  0.0038  0.0026  0.0013  0.0015  0.0029  0.0088  0.0084  0.0033  0.0022  0.0021  0.0013  
 3   0.0074  0.0022     -    0.0044  0.0090  0.0044  0.0061  0.0054  0.0043  0.0044  0.0066  0.0116  0.0113  0.0061  0.0046  0.0045  0.0042  
 4   0.0037  0.0015  0.0044     -    0.0055  0.0000  0.0030  0.0014  0.0001  0.0000  0.0022  0.0086  0.0074  0.0019  0.0025  0.0025  0.0002  
 5   0.0084  0.0062  0.0090  0.0055     -    0.0055  0.0051  0.0067  0.0055  0.0055  0.0075  0.0107  0.0123  0.0072  0.0047  0.0047  0.0055  
 6   0.0038  0.0016  0.0044  0.0000  0.0055     -    0.0031  0.0015  0.0002  0.0001  0.0025  0.0087  0.0075  0.0020  0.0026  0.0026  0.0003  
 7   0.0054  0.0038  0.0061  0.0030  0.0051  0.0031     -    0.0043  0.0030  0.0030  0.0046  0.0080  0.0100  0.0048  0.0028  0.0027  0.0030  
 8   0.0051  0.0026  0.0054  0.0014  0.0067  0.0015  0.0043     -    0.0015  0.0014  0.0039  0.0097  0.0082  0.0032  0.0032  0.0031  0.0016  
 9   0.0036  0.0013  0.0043  0.0001  0.0055  0.0002  0.0030  0.0015     -    0.0001  0.0019  0.0084  0.0075  0.0020  0.0024  0.0023  0.0000  
10   0.0036  0.0015  0.0044  0.0000  0.0055  0.0001  0.0030  0.0014  0.0001     -    0.0023  0.0086  0.0074  0.0019  0.0026  0.0025  0.0002  
11   0.0057  0.0029  0.0066  0.0022  0.0075  0.0025  0.0046  0.0039  0.0019  0.0023     -    0.0101  0.0098  0.0044  0.0036  0.0036  0.0020  
12   0.0068  0.0088  0.0116  0.0086  0.0107  0.0087  0.0080  0.0097  0.0084  0.0086  0.0101     -    0.0151  0.0102  0.0068  0.0069  0.0082  
13   0.0109  0.0084  0.0113  0.0074  0.0123  0.0075  0.0100  0.0082  0.0075  0.0074  0.0098  0.0151     -    0.0070  0.0059  0.0061  0.0075  
14   0.0056  0.0033  0.0061  0.0019  0.0072  0.0020  0.0048  0.0032  0.0020  0.0019  0.0044  0.0102  0.0070     -    0.0032  0.0032  0.0021  
15   0.0045  0.0022  0.0046  0.0025  0.0047  0.0026  0.0028  0.0032  0.0024  0.0026  0.0036  0.0068  0.0059  0.0032     -    0.0000  0.0023  
16   0.0044  0.0021  0.0045  0.0025  0.0047  0.0026  0.0027  0.0031  0.0023  0.0025  0.0036  0.0069  0.0061  0.0032  0.0000     -    0.0022  
17   0.0035  0.0013  0.0042  0.0002  0.0055  0.0003  0.0030  0.0016  0.0000  0.0002  0.0020  0.0082  0.0075  0.0021  0.0023  0.0022     -    

Average distances (expected heterozygosity) between individuals in same cluster:
cluster  1  : 0.0133 
cluster  2  : 0.0287 
cluster  3  : 0.0281 
cluster  4  : 0.0024 
cluster  5  : 0.0409 
cluster  6  : 0.0029 
cluster  7  : 0.0345 
cluster  8  : 0.0154 
cluster  9  : 0.0055 
cluster 10  : 0.0014 
cluster 11  : 0.0147 
cluster 12  : 0.0453 
cluster 13  : 0.0672 
cluster 14  : 0.0243 
cluster 15  : 0.0918 
cluster 16  : 0.0894 
cluster 17  : 0.0070 

--------------------------------------------
Estimated Ln Prob of Data   = -3699.4
Mean value of ln likelihood = -3253.6
Variance of ln likelihood   = 891.8
Mean value of alpha         = 0.0359

Mean value of Fst_1         = 0.7589
Mean value of Fst_2         = 0.6168
Mean value of Fst_3         = 0.5790
Mean value of Fst_4         = 0.9192
Mean value of Fst_5         = 0.4067
Mean value of Fst_6         = 0.9130
Mean value of Fst_7         = 0.4105
Mean value of Fst_8         = 0.6830
Mean value of Fst_9         = 0.8630
Mean value of Fst_10         = 0.9544
Mean value of Fst_11         = 0.6789
Mean value of Fst_12         = 0.3947
Mean value of Fst_13         = 0.2621
Mean value of Fst_14         = 0.5218
Mean value of Fst_15         = 0.0014
Mean value of Fst_16         = 0.0347
Mean value of Fst_17         = 0.8404


Inferred ancestry of individuals:
        Label (%Miss) Pop:  Inferred clusters
  1 TGCP_WM1    (0)    1 :  0.018 0.048 0.006 0.042 0.005 0.028 0.012 0.013 0.080 0.029 0.657 0.004 0.002 0.008 0.012 0.011 0.026 
  2 TGCP_WM10    (1)    1 :  0.039 0.103 0.006 0.090 0.003 0.068 0.011 0.020 0.094 0.058 0.422 0.004 0.002 0.006 0.002 0.003 0.067 
  3 TGCP_WM2    (0)    1 :  0.014 0.056 0.011 0.017 0.009 0.032 0.007 0.015 0.088 0.030 0.585 0.006 0.003 0.011 0.043 0.038 0.036 
  4 TGCP_WM3    (1)    1 :  0.014 0.020 0.004 0.025 0.003 0.020 0.018 0.009 0.019 0.023 0.818 0.004 0.002 0.005 0.002 0.002 0.012 
  5 TGCP_WM4    (0)    1 :  0.010 0.011 0.009 0.020 0.004 0.020 0.087 0.014 0.026 0.028 0.738 0.004 0.003 0.005 0.005 0.004 0.014 
  6 TGCP_WM5    (0)    1 :  0.023 0.099 0.017 0.022 0.020 0.031 0.022 0.009 0.104 0.015 0.562 0.004 0.002 0.009 0.012 0.023 0.025 
  7 TGCP_WM6    (0)    1 :  0.006 0.004 0.005 0.019 0.012 0.015 0.023 0.006 0.017 0.015 0.845 0.005 0.002 0.005 0.003 0.003 0.014 
  8 TGCP_WM7    (0)    1 :  0.034 0.034 0.019 0.049 0.017 0.054 0.006 0.013 0.056 0.035 0.606 0.010 0.002 0.006 0.004 0.005 0.048 
  9 TGCP_WM8    (0)    1 :  0.014 0.016 0.007 0.014 0.036 0.014 0.055 0.007 0.014 0.012 0.782 0.005 0.002 0.004 0.005 0.004 0.010 
 10 TGCP_WM9    (0)    1 :  0.006 0.008 0.004 0.005 0.002 0.008 0.023 0.005 0.015 0.010 0.893 0.004 0.001 0.004 0.003 0.003 0.006 
 11 MRLP_WM123    (3)    2 :  0.591 0.029 0.022 0.021 0.005 0.016 0.010 0.008 0.021 0.025 0.009 0.005 0.002 0.005 0.119 0.087 0.024 
 12 MRLP_WM124    (4)    2 :  0.772 0.011 0.007 0.030 0.004 0.039 0.006 0.010 0.033 0.032 0.010 0.005 0.002 0.009 0.002 0.002 0.025 
 13 MRLP_WM125    (1)    2 :  0.585 0.023 0.006 0.031 0.005 0.022 0.008 0.006 0.025 0.019 0.029 0.041 0.002 0.004 0.085 0.070 0.040 
 14 MRLP_WM126    (2)    2 :  0.014 0.036 0.005 0.193 0.003 0.192 0.005 0.023 0.136 0.250 0.014 0.003 0.002 0.008 0.002 0.002 0.112 
 15 MRLP_WM127    (3)    2 :  0.023 0.120 0.006 0.145 0.003 0.099 0.007 0.021 0.153 0.094 0.093 0.024 0.003 0.007 0.006 0.007 0.188 
 16 MRLP_WM128    (3)    2 :  0.901 0.006 0.006 0.011 0.004 0.010 0.004 0.006 0.010 0.014 0.005 0.006 0.002 0.003 0.001 0.002 0.010 
 17 MRLP_WM129    (7)    2 :  0.518 0.113 0.114 0.026 0.004 0.018 0.008 0.019 0.027 0.057 0.023 0.004 0.002 0.008 0.004 0.005 0.050 
 18 MRLP_WM130    (5)    2 :  0.630 0.040 0.007 0.032 0.004 0.039 0.005 0.006 0.060 0.079 0.048 0.003 0.002 0.008 0.003 0.002 0.034 
 19 STT_WM183    (2)    3 :  0.014 0.023 0.005 0.055 0.004 0.023 0.021 0.588 0.026 0.032 0.011 0.003 0.003 0.007 0.103 0.062 0.021 
 20 STT_WM184    (3)    3 :  0.018 0.044 0.030 0.046 0.004 0.112 0.005 0.447 0.116 0.090 0.013 0.005 0.003 0.010 0.010 0.015 0.030 
 21 STT_WM185   (15)    3 :  0.028 0.039 0.009 0.184 0.004 0.149 0.006 0.021 0.166 0.216 0.024 0.003 0.003 0.010 0.002 0.002 0.135 
 22 STT_WM186   (13)    3 :  0.021 0.032 0.009 0.189 0.004 0.163 0.006 0.028 0.141 0.254 0.020 0.003 0.002 0.008 0.002 0.002 0.115 
 23 STT_WM187   (13)    3 :  0.016 0.010 0.004 0.023 0.005 0.028 0.006 0.818 0.023 0.019 0.011 0.004 0.002 0.007 0.002 0.002 0.019 
 24 STT_WM188    (3)    3 :  0.008 0.005 0.003 0.008 0.003 0.011 0.004 0.901 0.012 0.010 0.007 0.002 0.002 0.005 0.002 0.002 0.016 
 25 STT_WM189    (0)    3 :  0.015 0.046 0.005 0.194 0.004 0.191 0.005 0.016 0.148 0.224 0.011 0.003 0.002 0.010 0.002 0.002 0.124 
 26 STT_WM190   (11)    3 :  0.006 0.012 0.005 0.018 0.004 0.043 0.005 0.815 0.036 0.022 0.007 0.003 0.002 0.005 0.002 0.002 0.013 
 27 STT_WM191    (7)    3 :  0.015 0.036 0.005 0.105 0.005 0.167 0.005 0.265 0.163 0.158 0.012 0.003 0.002 0.009 0.002 0.002 0.046 
 28 STT_WM192   (12)    3 :  0.008 0.112 0.060 0.014 0.004 0.054 0.004 0.621 0.053 0.019 0.007 0.005 0.002 0.005 0.009 0.010 0.012 
 29 FSSP_WM241    (3)    4 :  0.114 0.048 0.145 0.113 0.022 0.089 0.016 0.022 0.118 0.154 0.024 0.009 0.002 0.010 0.008 0.008 0.099 
 30 FSSP_WM242   (15)    4 :  0.019 0.040 0.006 0.182 0.004 0.164 0.007 0.023 0.144 0.246 0.013 0.003 0.003 0.007 0.002 0.002 0.134 
 31 FSSP_WM243    (6)    4 :  0.011 0.091 0.773 0.012 0.004 0.020 0.005 0.010 0.012 0.013 0.008 0.005 0.003 0.005 0.007 0.010 0.012 
 32 FSSP_WM244    (5)    4 :  0.282 0.045 0.036 0.073 0.068 0.078 0.020 0.017 0.068 0.087 0.053 0.022 0.002 0.008 0.006 0.008 0.126 
 33 FSSP_WM245   (10)    4 :  0.015 0.105 0.138 0.128 0.006 0.122 0.007 0.033 0.107 0.185 0.014 0.004 0.002 0.010 0.003 0.003 0.120 
 34 FSSP_WM246    (6)    4 :  0.033 0.046 0.053 0.155 0.006 0.110 0.008 0.039 0.170 0.195 0.014 0.004 0.003 0.014 0.006 0.006 0.140 
 35 FSSP_WM247    (3)    4 :  0.017 0.075 0.720 0.024 0.011 0.023 0.012 0.010 0.018 0.019 0.029 0.008 0.002 0.005 0.009 0.005 0.014 
 36 FSSP_WM248    (9)    4 :  0.019 0.044 0.790 0.012 0.015 0.019 0.012 0.009 0.018 0.014 0.008 0.004 0.002 0.006 0.004 0.004 0.019 
 37 FSSP_WM249    (6)    4 :  0.016 0.093 0.573 0.044 0.005 0.049 0.034 0.021 0.042 0.051 0.009 0.004 0.002 0.008 0.006 0.005 0.038 
 38 FSSP_WM250    (2)    4 :  0.175 0.079 0.246 0.043 0.004 0.026 0.046 0.011 0.102 0.066 0.010 0.018 0.003 0.010 0.017 0.019 0.126 
 39 HNL_WM301    (3)    5 :  0.008 0.006 0.004 0.015 0.004 0.010 0.004 0.008 0.011 0.014 0.005 0.003 0.879 0.009 0.002 0.002 0.014 
 40 HNL_WM302    (2)    5 :  0.005 0.003 0.003 0.006 0.002 0.005 0.003 0.004 0.006 0.007 0.004 0.002 0.936 0.005 0.002 0.002 0.005 
 41 HNL_WM303    (2)    5 :  0.008 0.007 0.004 0.016 0.003 0.014 0.005 0.010 0.010 0.020 0.008 0.003 0.865 0.008 0.003 0.003 0.013 
 42 HNL_WM304    (3)    5 :  0.013 0.009 0.005 0.022 0.004 0.028 0.006 0.013 0.023 0.036 0.009 0.004 0.779 0.021 0.003 0.003 0.022 
 43 HNL_WM305    (3)    5 :  0.006 0.005 0.004 0.007 0.003 0.010 0.003 0.006 0.009 0.007 0.005 0.003 0.908 0.008 0.006 0.004 0.007 
 44 HNL_WM306    (0)    5 :  0.007 0.004 0.004 0.009 0.004 0.008 0.003 0.006 0.009 0.009 0.004 0.002 0.909 0.009 0.003 0.003 0.005 
 45 HNL_WM307    (3)    5 :  0.008 0.006 0.005 0.011 0.003 0.013 0.005 0.006 0.011 0.014 0.006 0.004 0.885 0.008 0.003 0.003 0.009 
 46 HNL_WM308    (3)    5 :  0.008 0.007 0.003 0.010 0.003 0.012 0.004 0.008 0.015 0.014 0.007 0.003 0.872 0.018 0.002 0.003 0.011 
 47 HNL_WM309    (0)    5 :  0.010 0.011 0.008 0.025 0.004 0.020 0.005 0.008 0.018 0.022 0.010 0.004 0.811 0.016 0.007 0.006 0.014 
 48 HNL_WM310   (10)    5 :  0.010 0.009 0.006 0.017 0.005 0.017 0.005 0.012 0.016 0.019 0.012 0.003 0.844 0.012 0.003 0.002 0.010 
 49 MPO_WM482    (2)    6 :  0.012 0.010 0.006 0.016 0.003 0.023 0.004 0.838 0.021 0.020 0.009 0.003 0.004 0.008 0.002 0.002 0.017 
 50 MPO_WM483    (3)    6 :  0.014 0.035 0.005 0.117 0.004 0.148 0.008 0.209 0.170 0.132 0.009 0.004 0.003 0.012 0.005 0.004 0.122 
 51 MPO_WM484    (1)    6 :  0.013 0.029 0.007 0.079 0.004 0.111 0.005 0.433 0.088 0.122 0.014 0.003 0.002 0.010 0.002 0.002 0.076 
 52 MPO_WM485    (0)    6 :  0.011 0.010 0.008 0.028 0.003 0.045 0.006 0.615 0.094 0.026 0.006 0.004 0.002 0.007 0.009 0.007 0.119 
 53 MPO_WM486   (21)    6 :  0.019 0.035 0.010 0.186 0.007 0.157 0.006 0.017 0.145 0.218 0.040 0.005 0.002 0.012 0.003 0.002 0.136 
 54 MPO_WM487   (19)    6 :  0.015 0.026 0.008 0.090 0.005 0.160 0.007 0.263 0.175 0.146 0.019 0.004 0.002 0.009 0.003 0.003 0.063 
 55 MPO_WM488    (9)    6 :  0.013 0.031 0.005 0.186 0.004 0.206 0.005 0.031 0.144 0.224 0.015 0.003 0.002 0.009 0.002 0.002 0.117 
 56 MPO_WM489    (3)    6 :  0.021 0.019 0.005 0.022 0.003 0.021 0.028 0.729 0.030 0.027 0.052 0.006 0.003 0.006 0.004 0.004 0.020 
 57 MPO_WM490   (24)    6 :  0.025 0.034 0.006 0.193 0.006 0.173 0.008 0.037 0.130 0.235 0.013 0.005 0.003 0.010 0.002 0.002 0.118 
 58 MPO_WM491   (11)    6 :  0.030 0.043 0.008 0.194 0.004 0.203 0.005 0.023 0.130 0.204 0.015 0.004 0.002 0.009 0.002 0.002 0.122 
 59 OICP_WM541    (1)    7 :  0.012 0.010 0.006 0.090 0.003 0.028 0.004 0.008 0.036 0.027 0.743 0.002 0.002 0.005 0.002 0.002 0.017 
 60 OICP_WM542    (2)    7 :  0.011 0.013 0.006 0.035 0.003 0.029 0.005 0.012 0.035 0.037 0.770 0.003 0.002 0.010 0.002 0.002 0.026 
 61 OICP_WM543    (0)    7 :  0.015 0.019 0.005 0.031 0.003 0.027 0.004 0.010 0.028 0.031 0.793 0.003 0.002 0.006 0.002 0.002 0.020 
 62 OICP_WM544    (1)    7 :  0.010 0.213 0.023 0.075 0.006 0.032 0.009 0.015 0.219 0.027 0.096 0.007 0.002 0.007 0.007 0.023 0.230 
 63 OICP_WM545    (0)    7 :  0.014 0.028 0.004 0.062 0.003 0.062 0.003 0.011 0.053 0.065 0.608 0.002 0.002 0.007 0.002 0.002 0.070 
 64 OICP_WM546    (3)    7 :  0.016 0.121 0.006 0.153 0.004 0.128 0.005 0.016 0.195 0.115 0.087 0.002 0.002 0.008 0.002 0.002 0.139 
 65 OICP_WM547    (2)    7 :  0.018 0.130 0.006 0.149 0.004 0.112 0.003 0.011 0.192 0.099 0.084 0.003 0.002 0.006 0.002 0.002 0.180 
 66 OICP_WM548    (3)    7 :  0.013 0.013 0.005 0.035 0.003 0.029 0.005 0.009 0.021 0.020 0.806 0.003 0.002 0.005 0.002 0.002 0.028 
 67 OICP_WM549    (0)    7 :  0.007 0.010 0.004 0.036 0.003 0.015 0.003 0.006 0.016 0.024 0.849 0.003 0.002 0.005 0.001 0.002 0.014 
 68 OICP_WM550    (1)    7 :  0.016 0.016 0.005 0.075 0.004 0.036 0.004 0.008 0.027 0.029 0.747 0.003 0.002 0.006 0.002 0.002 0.019 
 69 IRO_WM601    (2)    8 :  0.045 0.122 0.027 0.055 0.028 0.033 0.142 0.012 0.163 0.046 0.202 0.006 0.002 0.009 0.009 0.011 0.086 
 70 IRO_WM602    (1)    8 :  0.078 0.128 0.008 0.140 0.005 0.066 0.006 0.018 0.159 0.141 0.092 0.005 0.002 0.010 0.009 0.009 0.122 
 71 IRO_WM603    (2)    8 :  0.040 0.055 0.027 0.027 0.209 0.037 0.377 0.014 0.039 0.036 0.016 0.006 0.002 0.009 0.020 0.044 0.042 
 72 IRO_WM604    (0)    8 :  0.536 0.020 0.014 0.017 0.007 0.021 0.007 0.010 0.023 0.023 0.010 0.016 0.002 0.006 0.130 0.119 0.040 
 73 IRO_WM605    (3)    8 :  0.684 0.027 0.006 0.019 0.003 0.021 0.049 0.013 0.025 0.018 0.096 0.015 0.003 0.005 0.002 0.002 0.013 
 74 IRO_WM606    (3)    8 :  0.592 0.023 0.007 0.078 0.005 0.047 0.007 0.028 0.052 0.049 0.015 0.026 0.003 0.009 0.005 0.005 0.049 
 75 IRO_WM607    (2)    8 :  0.201 0.086 0.049 0.072 0.006 0.056 0.051 0.015 0.134 0.070 0.020 0.017 0.002 0.013 0.012 0.015 0.181 
 76 IRO_WM608    (0)    8 :  0.038 0.128 0.029 0.064 0.013 0.029 0.067 0.019 0.163 0.066 0.067 0.012 0.002 0.006 0.087 0.088 0.122 
 77 IRO_WM609    (0)    8 :  0.147 0.042 0.021 0.080 0.019 0.075 0.039 0.021 0.118 0.120 0.015 0.014 0.003 0.009 0.086 0.082 0.108 
 78 IRO_WM610   (13)    8 :  0.050 0.167 0.095 0.108 0.041 0.096 0.008 0.134 0.061 0.085 0.017 0.050 0.002 0.013 0.011 0.012 0.050 
 79 HGRF_WM661    (5)    9 :  0.018 0.121 0.005 0.138 0.004 0.129 0.006 0.016 0.193 0.109 0.091 0.003 0.003 0.006 0.002 0.002 0.153 
 80 HGRF_WM662    (5)    9 :  0.013 0.039 0.007 0.198 0.003 0.167 0.005 0.020 0.119 0.258 0.011 0.003 0.002 0.014 0.002 0.002 0.138 
 81 HGRF_WM663    (4)    9 :  0.020 0.110 0.004 0.154 0.005 0.120 0.005 0.015 0.172 0.110 0.095 0.003 0.002 0.009 0.002 0.002 0.171 
 82 HGRF_WM664    (3)    9 :  0.015 0.043 0.006 0.198 0.003 0.175 0.005 0.013 0.121 0.232 0.017 0.003 0.002 0.008 0.002 0.002 0.157 
 83 HGRF_WM665    (1)    9 :  0.017 0.120 0.006 0.117 0.006 0.099 0.006 0.021 0.174 0.122 0.083 0.006 0.003 0.009 0.010 0.010 0.190 
 84 HGRF_WM666    (5)    9 :  0.014 0.032 0.006 0.219 0.003 0.161 0.005 0.018 0.145 0.240 0.017 0.003 0.002 0.010 0.002 0.002 0.121 
 85 HGRF_WM667    (0)    9 :  0.015 0.031 0.005 0.190 0.003 0.171 0.004 0.020 0.129 0.261 0.016 0.003 0.002 0.008 0.002 0.002 0.139 
 86 HGRF_WM668    (4)    9 :  0.016 0.128 0.006 0.169 0.003 0.138 0.004 0.011 0.166 0.115 0.098 0.003 0.002 0.010 0.002 0.002 0.127 
 87 HGRF_WM669    (5)    9 :  0.010 0.034 0.005 0.196 0.004 0.207 0.004 0.019 0.131 0.237 0.012 0.003 0.002 0.011 0.002 0.002 0.123 
 88 HGRF_WM670    (9)    9 :  0.015 0.074 0.005 0.170 0.004 0.152 0.006 0.016 0.143 0.227 0.036 0.003 0.003 0.008 0.002 0.002 0.133 
 89 PTP_WM721    (2)   10 :  0.019 0.046 0.011 0.170 0.007 0.139 0.008 0.043 0.138 0.222 0.013 0.006 0.003 0.018 0.012 0.012 0.134 
 90 PTP_WM722    (2)   10 :  0.008 0.014 0.007 0.260 0.005 0.562 0.008 0.009 0.020 0.034 0.010 0.005 0.002 0.008 0.010 0.013 0.026 
 91 PTP_WM723   (25)   10 :  0.026 0.028 0.006 0.176 0.004 0.189 0.006 0.026 0.148 0.227 0.020 0.004 0.003 0.011 0.002 0.002 0.122 
 92 PTP_WM724   (13)   10 :  0.014 0.032 0.005 0.204 0.004 0.170 0.007 0.021 0.137 0.230 0.013 0.003 0.003 0.009 0.002 0.002 0.143 
 93 PTP_WM725   (25)   10 :  0.015 0.028 0.011 0.212 0.005 0.155 0.007 0.032 0.148 0.222 0.017 0.004 0.003 0.017 0.002 0.002 0.121 
 94 PTP_WM726   (13)   10 :  0.022 0.039 0.008 0.203 0.004 0.172 0.007 0.024 0.143 0.211 0.024 0.003 0.002 0.009 0.002 0.002 0.127 
 95 PTP_WM727   (10)   10 :  0.035 0.034 0.007 0.176 0.004 0.197 0.005 0.026 0.131 0.212 0.018 0.003 0.003 0.011 0.002 0.002 0.134 
 96 PTP_WM728    (8)   10 :  0.012 0.026 0.006 0.201 0.004 0.165 0.005 0.017 0.172 0.216 0.019 0.003 0.002 0.009 0.002 0.002 0.139 
 97 PTP_WM729    (9)   10 :  0.009 0.013 0.004 0.285 0.003 0.567 0.004 0.009 0.018 0.041 0.010 0.003 0.002 0.004 0.002 0.002 0.025 
 98 PTP_WM730    (8)   10 :  0.012 0.005 0.004 0.288 0.003 0.616 0.004 0.009 0.010 0.018 0.007 0.003 0.002 0.004 0.002 0.002 0.012 
 99 RRL_WM782    (9)   11 :  0.015 0.036 0.006 0.180 0.004 0.159 0.006 0.022 0.166 0.254 0.016 0.003 0.002 0.008 0.002 0.002 0.120 
100 RRL_WM783    (8)   11 :  0.012 0.009 0.020 0.013 0.012 0.019 0.803 0.013 0.020 0.022 0.024 0.004 0.002 0.006 0.004 0.004 0.014 
101 RRL_WM784    (1)   11 :  0.031 0.012 0.005 0.031 0.009 0.033 0.718 0.016 0.030 0.048 0.012 0.010 0.002 0.007 0.004 0.004 0.027 
102 RRL_WM785    (1)   11 :  0.010 0.025 0.004 0.207 0.003 0.145 0.005 0.020 0.146 0.253 0.012 0.003 0.002 0.011 0.002 0.002 0.150 
103 RRL_WM786    (2)   11 :  0.112 0.014 0.038 0.010 0.004 0.008 0.689 0.007 0.013 0.013 0.007 0.054 0.002 0.006 0.004 0.006 0.011 
104 RRL_WM787    (3)   11 :  0.028 0.047 0.010 0.029 0.007 0.021 0.648 0.009 0.042 0.017 0.054 0.009 0.002 0.005 0.009 0.008 0.054 
105 RRL_WM788    (0)   11 :  0.010 0.027 0.009 0.011 0.006 0.009 0.653 0.005 0.015 0.011 0.006 0.004 0.002 0.004 0.092 0.127 0.011 
106 RRL_WM789    (2)   11 :  0.014 0.006 0.004 0.008 0.007 0.007 0.893 0.007 0.008 0.011 0.012 0.005 0.002 0.004 0.003 0.003 0.008 
107 RRL_WM790    (0)   11 :  0.155 0.016 0.023 0.029 0.004 0.041 0.413 0.009 0.026 0.029 0.009 0.019 0.002 0.006 0.108 0.086 0.025 
108 RRL_WM791    (0)   11 :  0.015 0.038 0.021 0.070 0.004 0.052 0.560 0.012 0.064 0.052 0.020 0.005 0.002 0.008 0.009 0.008 0.060 
109 RRO_WM842    (0)   12 :  0.087 0.015 0.029 0.016 0.009 0.024 0.690 0.013 0.020 0.030 0.014 0.011 0.002 0.005 0.006 0.008 0.021 
110 RRO_WM843    (7)   12 :  0.029 0.009 0.018 0.017 0.218 0.027 0.567 0.008 0.012 0.022 0.009 0.005 0.002 0.008 0.011 0.012 0.025 
111 RRO_WM844    (2)   12 :  0.278 0.020 0.008 0.074 0.318 0.057 0.028 0.017 0.058 0.073 0.014 0.007 0.002 0.008 0.004 0.003 0.032 
112 RRO_WM845    (4)   12 :  0.008 0.005 0.005 0.016 0.024 0.017 0.852 0.006 0.016 0.017 0.008 0.003 0.002 0.007 0.002 0.003 0.010 
113 RRO_WM846   (10)   12 :  0.014 0.013 0.016 0.049 0.026 0.046 0.619 0.021 0.072 0.035 0.012 0.006 0.002 0.009 0.005 0.006 0.049 
114 RRO_WM847    (6)   12 :  0.111 0.013 0.010 0.024 0.069 0.022 0.596 0.012 0.030 0.031 0.014 0.011 0.002 0.007 0.003 0.004 0.040 
115 RRO_WM848    (4)   12 :  0.017 0.021 0.057 0.100 0.013 0.096 0.304 0.032 0.101 0.119 0.032 0.005 0.002 0.012 0.008 0.012 0.069 
116 RRO_WM849    (5)   12 :  0.016 0.016 0.005 0.032 0.013 0.030 0.650 0.013 0.040 0.039 0.095 0.004 0.002 0.007 0.003 0.004 0.031 
117 RRO_WM850    (2)   12 :  0.015 0.018 0.006 0.029 0.005 0.033 0.765 0.011 0.032 0.032 0.009 0.004 0.002 0.008 0.002 0.003 0.024 
118 RRO_WM851    (1)   12 :  0.018 0.023 0.009 0.100 0.043 0.090 0.405 0.028 0.074 0.128 0.014 0.004 0.002 0.006 0.004 0.004 0.049 
119 CPS_WM901    (2)   13 :  0.029 0.007 0.006 0.015 0.838 0.012 0.018 0.009 0.015 0.016 0.005 0.004 0.002 0.006 0.002 0.002 0.014 
120 CPS_WM902    (2)   13 :  0.008 0.008 0.005 0.012 0.805 0.015 0.010 0.007 0.011 0.014 0.071 0.011 0.002 0.006 0.002 0.002 0.011 
121 CPS_WM903    (5)   13 :  0.014 0.005 0.005 0.008 0.884 0.008 0.023 0.006 0.007 0.007 0.005 0.010 0.002 0.003 0.003 0.003 0.009 
122 CPS_WM904    (1)   13 :  0.011 0.008 0.010 0.011 0.817 0.015 0.008 0.008 0.013 0.017 0.008 0.014 0.002 0.005 0.022 0.018 0.010 
123 CPS_WM905    (2)   13 :  0.008 0.022 0.019 0.008 0.810 0.011 0.008 0.009 0.011 0.006 0.005 0.007 0.002 0.006 0.024 0.037 0.008 
124 CPS_WM906    (3)   13 :  0.009 0.008 0.007 0.022 0.827 0.020 0.008 0.013 0.021 0.024 0.010 0.003 0.002 0.006 0.002 0.002 0.016 
125 CPS_WM907    (6)   13 :  0.015 0.014 0.008 0.046 0.687 0.048 0.006 0.014 0.034 0.061 0.011 0.004 0.002 0.008 0.002 0.002 0.036 
126 CPS_WM908    (3)   13 :  0.016 0.020 0.008 0.057 0.641 0.038 0.012 0.018 0.055 0.041 0.016 0.010 0.002 0.008 0.006 0.005 0.048 
127 CPS_WM909    (2)   13 :  0.014 0.011 0.013 0.037 0.735 0.043 0.009 0.018 0.028 0.036 0.012 0.005 0.002 0.008 0.002 0.003 0.023 
128 CPS_WM910    (1)   13 :  0.008 0.008 0.006 0.019 0.835 0.016 0.005 0.010 0.016 0.019 0.006 0.003 0.002 0.010 0.011 0.007 0.019 
129 PPNP_WM962    (1)   14 :  0.008 0.004 0.004 0.009 0.003 0.008 0.003 0.005 0.008 0.006 0.006 0.003 0.006 0.915 0.003 0.004 0.007 
130 PPNP_WM963    (0)   14 :  0.013 0.022 0.007 0.037 0.005 0.035 0.006 0.017 0.032 0.067 0.015 0.003 0.012 0.673 0.009 0.013 0.034 
131 PPNP_WM964    (0)   14 :  0.012 0.010 0.006 0.013 0.004 0.012 0.004 0.006 0.012 0.017 0.007 0.004 0.050 0.802 0.015 0.015 0.011 
132 PPNP_WM965    (4)   14 :  0.009 0.012 0.003 0.024 0.004 0.026 0.003 0.006 0.027 0.024 0.010 0.003 0.002 0.825 0.002 0.002 0.018 
133 PPNP_WM966    (4)   14 :  0.007 0.004 0.004 0.008 0.002 0.010 0.004 0.008 0.011 0.010 0.005 0.003 0.002 0.912 0.002 0.002 0.007 
134 PPNP_WM967    (4)   14 :  0.010 0.012 0.006 0.050 0.003 0.044 0.007 0.018 0.040 0.071 0.012 0.005 0.002 0.677 0.002 0.003 0.039 
135 PPNP_WM968    (5)   14 :  0.017 0.040 0.015 0.200 0.005 0.159 0.008 0.043 0.128 0.153 0.018 0.005 0.012 0.078 0.007 0.007 0.107 
136 PPNP_WM969    (2)   14 :  0.014 0.015 0.006 0.057 0.003 0.037 0.005 0.011 0.038 0.044 0.012 0.003 0.002 0.728 0.002 0.002 0.021 
137 PPNP_WM970    (2)   14 :  0.012 0.026 0.006 0.069 0.004 0.047 0.004 0.014 0.037 0.069 0.012 0.003 0.005 0.646 0.003 0.004 0.039 
138 PPNP_WM971    (2)   14 :  0.011 0.015 0.007 0.043 0.004 0.069 0.007 0.016 0.041 0.061 0.016 0.004 0.003 0.668 0.002 0.002 0.032 
139 FPPI_WM1021    (4)   15 :  0.011 0.015 0.007 0.023 0.004 0.028 0.004 0.013 0.027 0.032 0.009 0.004 0.003 0.768 0.010 0.011 0.030 
140 FPPI_WM1022    (4)   15 :  0.015 0.020 0.007 0.050 0.005 0.053 0.006 0.204 0.031 0.056 0.011 0.003 0.020 0.474 0.006 0.005 0.034 
141 FPPI_WM1023    (1)   15 :  0.011 0.014 0.005 0.033 0.003 0.019 0.007 0.014 0.028 0.030 0.014 0.004 0.004 0.793 0.002 0.002 0.017 
142 FPPI_WM1024    (5)   15 :  0.013 0.016 0.006 0.049 0.003 0.040 0.004 0.017 0.035 0.044 0.011 0.004 0.002 0.700 0.003 0.002 0.050 
143 FPPI_WM1025    (6)   15 :  0.013 0.022 0.008 0.043 0.003 0.055 0.005 0.017 0.049 0.041 0.015 0.003 0.005 0.677 0.002 0.002 0.041 
144 FPPI_WM1026    (1)   15 :  0.007 0.006 0.005 0.009 0.003 0.014 0.005 0.005 0.013 0.014 0.007 0.002 0.003 0.892 0.003 0.002 0.010 
145 FPPI_WM1027    (3)   15 :  0.005 0.004 0.004 0.008 0.002 0.013 0.003 0.005 0.007 0.014 0.004 0.002 0.002 0.914 0.002 0.002 0.008 
146 FPPI_WM1028    (2)   15 :  0.009 0.007 0.003 0.020 0.003 0.023 0.003 0.013 0.019 0.021 0.008 0.002 0.005 0.844 0.002 0.002 0.017 
147 FPPI_WM1029    (3)   15 :  0.014 0.029 0.005 0.104 0.005 0.101 0.007 0.017 0.058 0.109 0.018 0.003 0.024 0.415 0.003 0.002 0.084 
148 FPPI_WM1030    (1)   15 :  0.007 0.006 0.004 0.011 0.005 0.014 0.004 0.006 0.014 0.011 0.006 0.004 0.004 0.862 0.015 0.014 0.013 
149 CRWA_WM1082    (2)   16 :  0.007 0.466 0.455 0.009 0.002 0.007 0.004 0.005 0.010 0.008 0.004 0.002 0.002 0.005 0.002 0.002 0.010 
150 CRWA_WM1084    (5)   16 :  0.017 0.239 0.122 0.048 0.003 0.028 0.006 0.018 0.159 0.050 0.035 0.005 0.003 0.009 0.003 0.003 0.253 
151 CRWA_WM1085    (2)   16 :  0.016 0.173 0.204 0.066 0.003 0.051 0.009 0.016 0.117 0.059 0.005 0.007 0.002 0.008 0.003 0.003 0.256 
152 CRWA_WM1086    (9)   16 :  0.019 0.068 0.060 0.067 0.004 0.073 0.019 0.082 0.178 0.083 0.011 0.005 0.003 0.008 0.007 0.008 0.305 
153 CRWA_WM1087    (0)   16 :  0.015 0.381 0.232 0.044 0.011 0.035 0.006 0.013 0.042 0.048 0.012 0.012 0.003 0.009 0.053 0.059 0.027 
154 CRWA_WM1088    (1)   16 :  0.014 0.122 0.018 0.062 0.004 0.031 0.006 0.038 0.228 0.031 0.036 0.011 0.002 0.005 0.019 0.018 0.355 
155 CRWA_WM1089    (3)   16 :  0.021 0.264 0.269 0.097 0.004 0.073 0.006 0.026 0.071 0.068 0.029 0.005 0.003 0.008 0.003 0.002 0.051 
156 CRWA_WM1090    (0)   16 :  0.183 0.131 0.072 0.079 0.003 0.076 0.014 0.018 0.102 0.091 0.016 0.045 0.003 0.010 0.006 0.007 0.145 
157 CRWA_WM1092    (1)   16 :  0.013 0.327 0.238 0.040 0.004 0.040 0.006 0.018 0.034 0.047 0.022 0.010 0.002 0.010 0.074 0.064 0.052 
158 CRWA_WM1093    (1)   16 :  0.014 0.397 0.262 0.031 0.004 0.028 0.005 0.013 0.031 0.036 0.064 0.005 0.002 0.005 0.027 0.031 0.046 
159 PCRA_WM1141    (3)   17 :  0.188 0.018 0.054 0.044 0.006 0.028 0.007 0.010 0.032 0.029 0.012 0.503 0.002 0.010 0.003 0.004 0.050 
160 PCRA_WM1142    (3)   17 :  0.024 0.023 0.007 0.068 0.004 0.049 0.007 0.017 0.041 0.051 0.012 0.632 0.003 0.011 0.002 0.003 0.046 
161 PCRA_WM1143    (1)   17 :  0.070 0.012 0.011 0.082 0.006 0.088 0.009 0.021 0.087 0.099 0.014 0.425 0.003 0.010 0.002 0.002 0.057 
162 PCRA_WM1144    (2)   17 :  0.013 0.014 0.006 0.062 0.012 0.049 0.548 0.019 0.045 0.074 0.089 0.010 0.002 0.010 0.003 0.003 0.042 
163 PCRA_WM1145    (4)   17 :  0.068 0.034 0.017 0.112 0.013 0.097 0.008 0.019 0.061 0.127 0.036 0.316 0.003 0.017 0.006 0.007 0.059 
164 PCRA_WM1146    (2)   17 :  0.013 0.045 0.034 0.011 0.009 0.008 0.021 0.013 0.008 0.011 0.033 0.751 0.002 0.004 0.012 0.011 0.015 
165 PCRA_WM1147    (1)   17 :  0.157 0.051 0.018 0.049 0.004 0.049 0.006 0.010 0.152 0.057 0.010 0.067 0.002 0.005 0.003 0.003 0.358 
166 PCRA_WM1148    (0)   17 :  0.030 0.009 0.005 0.007 0.004 0.009 0.008 0.006 0.009 0.008 0.010 0.861 0.002 0.004 0.011 0.012 0.007 
167 PCRA_WM1149    (1)   17 :  0.008 0.012 0.006 0.016 0.072 0.011 0.023 0.008 0.013 0.016 0.034 0.733 0.002 0.007 0.017 0.013 0.011 
168 PCRA_WM1150    (0)   17 :  0.015 0.015 0.005 0.013 0.005 0.010 0.012 0.007 0.014 0.011 0.035 0.794 0.006 0.006 0.014 0.019 0.018 
169 DHFA_WM1202    (3)   18 :  0.017 0.015 0.009 0.045 0.006 0.067 0.005 0.025 0.049 0.044 0.016 0.004 0.654 0.012 0.003 0.003 0.026 
170 DHFA_WM1203    (1)   18 :  0.017 0.020 0.008 0.036 0.004 0.047 0.008 0.017 0.032 0.049 0.015 0.004 0.690 0.020 0.004 0.003 0.027 
171 DHFA_WM1204    (2)   18 :  0.018 0.009 0.008 0.044 0.004 0.039 0.006 0.016 0.035 0.049 0.010 0.003 0.706 0.010 0.003 0.003 0.035 
172 DHFA_WM1205    (5)   18 :  0.007 0.004 0.004 0.010 0.003 0.011 0.003 0.007 0.010 0.010 0.006 0.003 0.905 0.004 0.004 0.002 0.008 
173 DHFA_WM1206    (4)   18 :  0.010 0.008 0.005 0.011 0.003 0.014 0.004 0.009 0.012 0.013 0.006 0.003 0.879 0.006 0.003 0.003 0.011 
174 DHFA_WM1207    (2)   18 :  0.006 0.004 0.003 0.005 0.003 0.007 0.002 0.005 0.005 0.005 0.004 0.003 0.931 0.003 0.003 0.003 0.007 
175 DHFA_WM1208    (3)   18 :  0.008 0.007 0.004 0.012 0.004 0.013 0.004 0.010 0.009 0.012 0.007 0.003 0.887 0.006 0.003 0.003 0.008 
176 DHFA_WM1209    (1)   18 :  0.006 0.003 0.004 0.008 0.003 0.008 0.003 0.005 0.006 0.010 0.004 0.003 0.911 0.005 0.009 0.007 0.006 
177 DHFA_WM1210    (0)   18 :  0.003 0.002 0.003 0.003 0.002 0.004 0.002 0.003 0.003 0.003 0.003 0.002 0.950 0.002 0.007 0.005 0.003 
178 DHFA_WM1211    (2)   18 :  0.015 0.015 0.009 0.037 0.004 0.030 0.006 0.016 0.046 0.050 0.012 0.004 0.709 0.012 0.004 0.004 0.028 


Estimated Allele Frequencies in each cluster
First column gives estimated ancestral frequencies


Locus 1 : 953_21 
2 alleles
4.5% missing data
 120   (0.961) 0.999 0.996 0.998 1.000 0.997 1.000 0.998 0.999 1.000 1.000 0.999 0.995 0.997 0.892 0.962 0.964 1.000 
 100   (0.039) 0.001 0.004 0.002 0.000 0.003 0.000 0.002 0.001 0.000 0.000 0.001 0.005 0.003 0.108 0.038 0.036 0.000 

Locus 2 : 2370_26 
2 alleles
6.2% missing data
 110   (0.959) 0.999 0.995 0.997 1.000 0.997 1.000 0.997 0.999 1.000 1.000 0.999 0.995 0.997 0.778 0.959 0.962 0.999 
 130   (0.041) 0.001 0.005 0.003 0.000 0.003 0.000 0.003 0.001 0.000 0.000 0.001 0.005 0.003 0.222 0.041 0.038 0.001 

Locus 3 : 2692_87 
2 alleles
1.7% missing data
 130   (0.954) 0.999 0.995 0.997 1.000 0.997 1.000 0.998 0.999 0.999 1.000 0.999 0.994 0.762 0.999 0.955 0.958 0.999 
 120   (0.046) 0.001 0.005 0.003 0.000 0.003 0.000 0.002 0.001 0.001 0.000 0.001 0.006 0.238 0.001 0.045 0.042 0.001 

Locus 4 : 2828_58 
2 alleles
6.7% missing data
 100   (0.932) 0.997 0.972 0.993 0.997 0.994 0.998 0.994 0.997 0.991 0.999 0.996 0.825 0.995 0.998 0.931 0.924 0.986 
 120   (0.068) 0.003 0.028 0.007 0.003 0.006 0.002 0.006 0.003 0.009 0.001 0.004 0.175 0.005 0.002 0.069 0.076 0.014 

Locus 5 : 6398_73 
2 alleles
6.2% missing data
 130   (0.923) 0.999 0.991 0.994 1.000 0.994 1.000 0.996 0.998 0.999 1.000 0.999 0.990 0.637 0.782 0.923 0.928 0.999 
 100   (0.077) 0.001 0.009 0.006 0.000 0.006 0.000 0.004 0.002 0.001 0.000 0.001 0.010 0.363 0.218 0.077 0.072 0.001 

Locus 6 : 7469_71 
2 alleles
5.1% missing data
 130   (0.961) 0.999 0.992 0.995 0.992 0.996 0.985 0.997 0.998 0.999 0.999 0.999 0.993 0.997 0.998 0.961 0.961 0.999 
 110   (0.039) 0.001 0.008 0.005 0.008 0.004 0.015 0.003 0.002 0.001 0.001 0.001 0.007 0.003 0.002 0.039 0.039 0.001 

Locus 7 : 7615_47 
2 alleles
5.1% missing data
 130   (0.962) 0.998 0.992 0.995 0.997 0.996 0.998 0.997 0.997 0.996 0.998 0.999 0.993 0.996 0.998 0.962 0.963 0.996 
 100   (0.038) 0.002 0.008 0.005 0.003 0.004 0.002 0.003 0.003 0.004 0.002 0.001 0.007 0.004 0.002 0.038 0.037 0.004 

Locus 8 : 8211_10 
2 alleles
2.8% missing data
 120   (0.961) 0.999 0.996 0.998 1.000 0.997 1.000 0.998 0.999 1.000 1.000 0.999 0.995 0.935 0.999 0.961 0.964 0.999 
 100   (0.039) 0.001 0.004 0.002 0.000 0.003 0.000 0.002 0.001 0.000 0.000 0.001 0.005 0.065 0.001 0.039 0.036 0.001 

Locus 9 : 8394_14 
2 alleles
2.2% missing data
 110   (0.959) 0.999 0.996 0.997 1.000 0.997 1.000 0.998 0.998 1.000 1.000 0.999 0.995 0.997 0.854 0.959 0.962 0.999 
 130   (0.041) 0.001 0.004 0.003 0.000 0.003 0.000 0.002 0.002 0.000 0.000 0.001 0.005 0.003 0.146 0.041 0.038 0.001 

Locus 10 : 9621_63 
2 alleles
3.9% missing data
 130   (0.959) 0.999 0.996 0.997 1.000 0.997 1.000 0.998 0.999 1.000 1.000 0.999 0.995 0.939 0.999 0.959 0.962 0.999 
 110   (0.041) 0.001 0.004 0.003 0.000 0.003 0.000 0.002 0.001 0.000 0.000 0.001 0.005 0.061 0.001 0.041 0.038 0.001 

Locus 11 : 9880_35 
2 alleles
4.5% missing data
 120   (0.954) 0.999 0.995 0.997 1.000 0.996 1.000 0.997 0.999 1.000 1.000 0.999 0.994 0.701 0.999 0.955 0.958 0.999 
 100   (0.046) 0.001 0.005 0.003 0.000 0.004 0.000 0.003 0.001 0.000 0.000 0.001 0.006 0.299 0.001 0.045 0.042 0.001 

Locus 12 : 11163_16 
2 alleles
7.9% missing data
 130   (0.960) 0.999 0.996 0.997 1.000 0.997 1.000 0.998 0.999 1.000 1.000 0.999 0.995 0.913 0.999 0.960 0.963 0.999 
 110   (0.040) 0.001 0.004 0.003 0.000 0.003 0.000 0.002 0.001 0.000 0.000 0.001 0.005 0.087 0.001 0.040 0.037 0.001 

Locus 13 : 11991_31 
2 alleles
4.5% missing data
 120   (0.933) 0.992 0.970 0.987 0.999 0.994 0.999 0.978 0.998 0.991 0.999 0.998 0.986 0.995 0.997 0.933 0.921 0.988 
 100   (0.067) 0.008 0.030 0.013 0.001 0.006 0.001 0.022 0.002 0.009 0.001 0.002 0.014 0.005 0.003 0.067 0.079 0.012 

Locus 14 : 12766_17 
2 alleles
2.2% missing data
 120   (0.963) 0.999 0.996 0.997 1.000 0.995 1.000 0.998 0.999 1.000 1.000 0.999 0.931 0.997 0.999 0.963 0.965 0.999 
 100   (0.037) 0.001 0.004 0.003 0.000 0.005 0.000 0.002 0.001 0.000 0.000 0.001 0.069 0.003 0.001 0.037 0.035 0.001 

Locus 15 : 13496_14 
2 alleles
5.1% missing data
 110   (0.959) 0.999 0.996 0.997 1.000 0.670 1.000 0.998 0.999 1.000 1.000 0.999 0.995 0.997 0.999 0.959 0.962 0.999 
 100   (0.041) 0.001 0.004 0.003 0.000 0.330 0.000 0.002 0.001 0.000 0.000 0.001 0.005 0.003 0.001 0.041 0.038 0.001 

Locus 16 : 14394_41 
2 alleles
2.2% missing data
 130   (0.963) 0.999 0.996 0.998 1.000 0.997 1.000 0.998 0.999 1.000 1.000 0.999 0.929 0.997 0.999 0.963 0.965 0.999 
 110   (0.037) 0.001 0.004 0.002 0.000 0.003 0.000 0.002 0.001 0.000 0.000 0.001 0.071 0.003 0.001 0.037 0.035 0.001 

Locus 17 : 16285_24 
2 alleles
6.2% missing data
 130   (0.959) 0.999 0.996 0.997 1.000 0.997 1.000 0.998 0.999 1.000 1.000 0.999 0.995 0.873 0.999 0.959 0.962 0.999 
 100   (0.041) 0.001 0.004 0.003 0.000 0.003 0.000 0.002 0.001 0.000 0.000 0.001 0.005 0.127 0.001 0.041 0.038 0.001 

Locus 18 : 18821_69 
2 alleles
7.3% missing data
 120   (0.959) 0.999 0.994 0.997 1.000 0.997 0.999 0.997 0.666 0.999 1.000 0.999 0.995 0.997 0.999 0.959 0.962 0.999 
 110   (0.041) 0.001 0.006 0.003 0.000 0.003 0.001 0.003 0.334 0.001 0.000 0.001 0.005 0.003 0.001 0.041 0.038 0.001 

Locus 19 : 19006_32 
2 alleles
6.7% missing data
 120   (0.928) 0.999 0.992 0.995 1.000 0.994 0.999 0.996 0.998 0.999 1.000 0.999 0.991 0.657 0.783 0.928 0.934 0.999 
 110   (0.072) 0.001 0.008 0.005 0.000 0.006 0.001 0.004 0.002 0.001 0.000 0.001 0.009 0.343 0.217 0.072 0.066 0.001 

Locus 20 : 19602_58 
2 alleles
4.5% missing data
 120   (0.963) 0.999 0.996 0.998 1.000 0.997 1.000 0.998 0.999 1.000 1.000 0.999 0.995 0.973 0.999 0.963 0.965 0.999 
 100   (0.037) 0.001 0.004 0.002 0.000 0.003 0.000 0.002 0.001 0.000 0.000 0.001 0.005 0.027 0.001 0.037 0.035 0.001 

Locus 21 : 20143_24 
2 alleles
3.4% missing data
 120   (0.961) 0.999 0.994 0.997 1.000 0.962 1.000 0.998 0.999 1.000 1.000 0.999 0.995 0.997 0.999 0.961 0.960 0.999 
 100   (0.039) 0.001 0.006 0.003 0.000 0.038 0.000 0.002 0.001 0.000 0.000 0.001 0.005 0.003 0.001 0.039 0.040 0.001 

Locus 22 : 21661_29 
2 alleles
2.2% missing data
 120   (0.957) 0.999 0.995 0.997 1.000 0.997 1.000 0.998 0.999 1.000 0.999 0.999 0.995 0.891 0.999 0.957 0.960 0.999 
 100   (0.043) 0.001 0.005 0.003 0.000 0.003 0.000 0.002 0.001 0.000 0.001 0.001 0.005 0.109 0.001 0.043 0.040 0.001 

Locus 23 : 22603_12 
2 alleles
5.1% missing data
 130   (0.958) 0.999 0.996 0.997 1.000 0.997 1.000 0.998 0.999 1.000 1.000 0.999 0.995 0.944 0.999 0.958 0.961 0.999 
 110   (0.042) 0.001 0.004 0.003 0.000 0.003 0.000 0.002 0.001 0.000 0.000 0.001 0.005 0.056 0.001 0.042 0.039 0.001 

Locus 24 : 25109_23 
2 alleles
1.7% missing data
 120   (0.940) 0.991 0.984 0.715 0.997 0.994 0.999 0.996 0.998 0.997 0.999 0.999 0.952 0.995 0.998 0.941 0.943 0.997 
 100   (0.060) 0.009 0.016 0.285 0.003 0.006 0.001 0.004 0.002 0.003 0.001 0.001 0.048 0.005 0.002 0.059 0.057 0.003 

Locus 25 : 25511_77 
2 alleles
5.1% missing data
 130   (0.960) 0.999 0.993 0.997 1.000 0.997 1.000 0.998 0.999 1.000 1.000 0.999 0.995 0.996 0.937 0.960 0.962 0.999 
 110   (0.040) 0.001 0.007 0.003 0.000 0.003 0.000 0.002 0.001 0.000 0.000 0.001 0.005 0.004 0.063 0.040 0.038 0.001 

Locus 26 : 26816_9 
2 alleles
5.6% missing data
 110   (0.870) 0.958 0.858 0.613 0.998 0.980 0.998 0.807 0.994 0.978 0.999 0.996 0.978 0.990 0.996 0.869 0.854 0.965 
 130   (0.130) 0.042 0.142 0.387 0.002 0.020 0.002 0.193 0.006 0.022 0.001 0.004 0.022 0.010 0.004 0.131 0.146 0.035 

Locus 27 : 29455_86 
2 alleles
5.6% missing data
 120   (0.961) 0.993 0.992 0.997 1.000 0.996 1.000 0.998 0.999 0.999 1.000 0.999 0.990 0.997 0.999 0.960 0.959 0.999 
 110   (0.039) 0.007 0.008 0.003 0.000 0.004 0.000 0.002 0.001 0.001 0.000 0.001 0.010 0.003 0.001 0.040 0.041 0.001 

Locus 28 : 30970_30 
2 alleles
6.7% missing data
 120   (0.960) 0.999 0.995 0.997 1.000 0.957 1.000 0.998 0.999 1.000 1.000 0.999 0.994 0.997 0.999 0.960 0.962 0.999 
 110   (0.040) 0.001 0.005 0.003 0.000 0.043 0.000 0.002 0.001 0.000 0.000 0.001 0.006 0.003 0.001 0.040 0.038 0.001 

Locus 29 : 33052_5 
2 alleles
1.1% missing data
 130   (0.962) 0.999 0.986 0.994 1.000 0.997 0.999 0.998 0.971 0.998 1.000 0.999 0.994 0.997 0.999 0.962 0.963 0.999 
 110   (0.038) 0.001 0.014 0.006 0.000 0.003 0.001 0.002 0.029 0.002 0.000 0.001 0.006 0.003 0.001 0.038 0.037 0.001 

Locus 30 : 33744_32 
2 alleles
2.8% missing data
 130   (0.956) 0.999 0.995 0.997 1.000 0.997 1.000 0.998 0.857 1.000 1.000 0.999 0.995 0.997 0.999 0.956 0.959 0.999 
 110   (0.044) 0.001 0.005 0.003 0.000 0.003 0.000 0.002 0.143 0.000 0.000 0.001 0.005 0.003 0.001 0.044 0.041 0.001 

Locus 31 : 34805_8 
2 alleles
4.5% missing data
 110   (0.946) 0.993 0.991 0.996 1.000 0.996 1.000 0.997 0.998 0.999 1.000 0.999 0.748 0.996 0.998 0.946 0.947 0.999 
 120   (0.054) 0.007 0.009 0.004 0.000 0.004 0.000 0.003 0.002 0.001 0.000 0.001 0.252 0.004 0.002 0.054 0.053 0.001 

Locus 32 : 35345_10 
2 alleles
5.1% missing data
 130   (0.956) 0.999 0.994 0.996 0.996 0.996 0.995 0.997 0.944 0.989 0.998 0.999 0.993 0.996 0.998 0.956 0.957 0.986 
 110   (0.044) 0.001 0.006 0.004 0.004 0.004 0.005 0.003 0.056 0.011 0.002 0.001 0.007 0.004 0.002 0.044 0.043 0.014 

Locus 33 : 35769_30 
2 alleles
6.2% missing data
 110   (0.945) 0.999 0.991 0.994 1.000 0.957 1.000 0.996 0.998 0.999 1.000 0.999 0.927 0.996 0.998 0.945 0.947 0.999 
 100   (0.055) 0.001 0.009 0.006 0.000 0.043 0.000 0.004 0.002 0.001 0.000 0.001 0.073 0.004 0.002 0.055 0.053 0.001 

Locus 34 : 35965_89 
2 alleles
3.4% missing data
 130   (0.965) 0.999 0.968 0.987 1.000 0.997 1.000 0.998 0.999 0.999 1.000 0.999 0.995 0.997 0.999 0.965 0.966 0.999 
 100   (0.035) 0.001 0.032 0.013 0.000 0.003 0.000 0.002 0.001 0.001 0.000 0.001 0.005 0.003 0.001 0.035 0.034 0.001 

Locus 35 : 39654_13 
2 alleles
5.6% missing data
 120   (0.963) 0.999 0.993 0.997 1.000 0.997 1.000 0.987 0.999 0.999 1.000 0.999 0.995 0.997 0.999 0.963 0.960 0.999 
 100   (0.037) 0.001 0.007 0.003 0.000 0.003 0.000 0.013 0.001 0.001 0.000 0.001 0.005 0.003 0.001 0.037 0.040 0.001 

Locus 36 : 39700_65 
2 alleles
3.4% missing data
 110   (0.962) 0.997 0.993 0.996 1.000 0.996 1.000 0.997 0.999 0.999 1.000 0.999 0.993 0.997 0.999 0.962 0.960 0.999 
 120   (0.038) 0.003 0.007 0.004 0.000 0.004 0.000 0.003 0.001 0.001 0.000 0.001 0.007 0.003 0.001 0.038 0.040 0.001 

Locus 37 : 40824_7 
2 alleles
5.1% missing data
 130   (0.958) 0.999 0.995 0.995 1.000 0.995 1.000 0.927 0.999 0.999 1.000 0.999 0.994 0.997 0.999 0.958 0.961 0.999 
 110   (0.042) 0.001 0.005 0.005 0.000 0.005 0.000 0.073 0.001 0.001 0.000 0.001 0.006 0.003 0.001 0.042 0.039 0.001 

Locus 38 : 41554_43 
2 alleles
7.3% missing data
 120   (0.961) 0.999 0.995 0.996 1.000 0.957 1.000 0.997 0.999 0.999 1.000 0.999 0.993 0.997 0.999 0.961 0.963 0.999 
 100   (0.039) 0.001 0.005 0.004 0.000 0.043 0.000 0.003 0.001 0.001 0.000 0.001 0.007 0.003 0.001 0.039 0.037 0.001 

Locus 39 : 42501_5 
2 alleles
5.6% missing data
 120   (0.958) 0.999 0.995 0.997 1.000 0.996 1.000 0.997 0.999 1.000 1.000 0.999 0.995 0.917 0.999 0.958 0.962 0.999 
 110   (0.042) 0.001 0.005 0.003 0.000 0.004 0.000 0.003 0.001 0.000 0.000 0.001 0.005 0.083 0.001 0.042 0.038 0.001 

Locus 40 : 42989_15 
2 alleles
3.4% missing data
 130   (0.960) 0.999 0.995 0.997 0.999 0.997 0.999 0.923 0.999 0.998 0.999 0.999 0.995 0.997 0.999 0.960 0.963 0.999 
 110   (0.040) 0.001 0.005 0.003 0.001 0.003 0.001 0.077 0.001 0.002 0.001 0.001 0.005 0.003 0.001 0.040 0.037 0.001 

Locus 41 : 44631_16 
2 alleles
5.6% missing data
 120   (0.960) 0.999 0.995 0.997 1.000 0.840 1.000 0.998 0.999 1.000 1.000 0.999 0.995 0.997 0.999 0.960 0.963 0.999 
 110   (0.040) 0.001 0.005 0.003 0.000 0.160 0.000 0.002 0.001 0.000 0.000 0.001 0.005 0.003 0.001 0.040 0.037 0.001 

Locus 42 : 45332_74 
2 alleles
3.4% missing data
 130   (0.889) 0.934 0.959 0.984 0.998 0.991 0.999 0.734 0.977 0.975 0.999 0.797 0.836 0.991 0.996 0.889 0.892 0.996 
 110   (0.111) 0.066 0.041 0.016 0.002 0.009 0.001 0.266 0.023 0.025 0.001 0.203 0.164 0.009 0.004 0.111 0.108 0.004 

Locus 43 : 45964_12 
2 alleles
2.2% missing data
 100   (0.961) 0.999 0.992 0.997 1.000 0.997 1.000 0.998 0.999 1.000 1.000 0.999 0.995 0.994 0.979 0.961 0.962 0.999 
 130   (0.039) 0.001 0.008 0.003 0.000 0.003 0.000 0.002 0.001 0.000 0.000 0.001 0.005 0.006 0.021 0.039 0.038 0.001 

Locus 44 : 47772_18 
2 alleles
1.7% missing data
 120   (0.956) 0.999 0.995 0.997 1.000 0.997 1.000 0.998 0.999 1.000 1.000 0.999 0.995 0.811 0.999 0.956 0.960 0.999 
 100   (0.044) 0.001 0.005 0.003 0.000 0.003 0.000 0.002 0.001 0.000 0.000 0.001 0.005 0.189 0.001 0.044 0.040 0.001 

Locus 45 : 48505_7 
2 alleles
2.8% missing data
 130   (0.959) 0.999 0.989 0.996 1.000 0.996 1.000 0.998 0.998 0.998 1.000 0.991 0.994 0.997 0.999 0.959 0.958 0.999 
 110   (0.041) 0.001 0.011 0.004 0.000 0.004 0.000 0.002 0.002 0.002 0.000 0.009 0.006 0.003 0.001 0.041 0.042 0.001 

Locus 46 : 49838_13 
2 alleles
5.1% missing data
 120   (0.961) 0.999 0.995 0.997 1.000 0.997 1.000 0.996 0.999 1.000 1.000 0.905 0.995 0.997 0.999 0.961 0.964 0.999 
 100   (0.039) 0.001 0.005 0.003 0.000 0.003 0.000 0.004 0.001 0.000 0.000 0.095 0.005 0.003 0.001 0.039 0.036 0.001 

Locus 47 : 50793_47 
2 alleles
6.2% missing data
 120   (0.955) 0.998 0.995 0.996 1.000 0.990 1.000 0.858 0.998 0.999 1.000 0.999 0.994 0.996 0.999 0.955 0.958 0.999 
 100   (0.045) 0.002 0.005 0.004 0.000 0.010 0.000 0.142 0.002 0.001 0.000 0.001 0.006 0.004 0.001 0.045 0.042 0.001 

Locus 48 : 51471_5 
2 alleles
2.2% missing data
 110   (0.959) 0.999 0.995 0.997 1.000 0.997 1.000 0.998 0.999 0.999 1.000 0.999 0.995 0.997 0.938 0.959 0.962 0.999 
 120   (0.041) 0.001 0.005 0.003 0.000 0.003 0.000 0.002 0.001 0.001 0.000 0.001 0.005 0.003 0.062 0.041 0.038 0.001 

Locus 49 : 52408_45 
2 alleles
2.2% missing data
 130   (0.959) 0.999 0.996 0.997 1.000 0.803 1.000 0.998 0.999 1.000 1.000 0.999 0.995 0.997 0.999 0.960 0.963 0.999 
 110   (0.041) 0.001 0.004 0.003 0.000 0.197 0.000 0.002 0.001 0.000 0.000 0.001 0.005 0.003 0.001 0.040 0.037 0.001 

Locus 50 : 53046_18 
2 alleles
0.6% missing data
 120   (0.942) 0.999 0.993 0.996 1.000 0.995 1.000 0.922 0.990 0.999 1.000 0.999 0.992 0.995 0.998 0.941 0.943 0.999 
 100   (0.058) 0.001 0.007 0.004 0.000 0.005 0.000 0.078 0.010 0.001 0.000 0.001 0.008 0.005 0.002 0.059 0.057 0.001 

Locus 51 : 53230_50 
2 alleles
4.5% missing data
 120   (0.961) 0.999 0.995 0.997 1.000 0.997 1.000 0.998 0.999 1.000 1.000 0.999 0.995 0.997 0.889 0.961 0.964 0.999 
 110   (0.039) 0.001 0.005 0.003 0.000 0.003 0.000 0.002 0.001 0.000 0.000 0.001 0.005 0.003 0.111 0.039 0.036 0.001 

Locus 52 : 53957_5 
2 alleles
3.9% missing data
 130   (0.963) 0.998 0.994 0.996 1.000 0.997 1.000 0.990 0.999 1.000 1.000 0.999 0.994 0.997 0.999 0.962 0.962 0.999 
 110   (0.037) 0.002 0.006 0.004 0.000 0.003 0.000 0.010 0.001 0.000 0.000 0.001 0.006 0.003 0.001 0.038 0.038 0.001 

Locus 53 : 58003_89 
2 alleles
3.9% missing data
 120   (0.955) 0.992 0.983 0.962 0.995 0.996 0.998 0.995 0.997 0.991 0.995 0.999 0.991 0.996 0.998 0.955 0.954 0.985 
 100   (0.045) 0.008 0.017 0.038 0.005 0.004 0.002 0.005 0.003 0.009 0.005 0.001 0.009 0.004 0.002 0.045 0.046 0.015 

Locus 54 : 58412_58 
2 alleles
2.2% missing data
 110   (0.964) 0.999 0.996 0.997 1.000 0.997 1.000 0.998 0.999 1.000 1.000 0.999 0.995 0.974 0.999 0.964 0.967 1.000 
 100   (0.036) 0.001 0.004 0.003 0.000 0.003 0.000 0.002 0.001 0.000 0.000 0.001 0.005 0.026 0.001 0.036 0.033 0.000 

Locus 55 : 58452_11 
2 alleles
3.4% missing data
 120   (0.960) 0.999 0.976 0.989 1.000 0.997 1.000 0.997 0.999 1.000 1.000 0.999 0.995 0.997 0.999 0.960 0.960 0.999 
 130   (0.040) 0.001 0.024 0.011 0.000 0.003 0.000 0.003 0.001 0.000 0.000 0.001 0.005 0.003 0.001 0.040 0.040 0.001 

Locus 56 : 59409_85 
2 alleles
2.8% missing data
 130   (0.961) 0.996 0.992 0.997 1.000 0.997 1.000 0.998 0.999 1.000 1.000 0.999 0.995 0.997 0.999 0.960 0.957 0.999 
 100   (0.039) 0.004 0.008 0.003 0.000 0.003 0.000 0.002 0.001 0.000 0.000 0.001 0.005 0.003 0.001 0.040 0.043 0.001 

Locus 57 : 60620_10 
2 alleles
1.1% missing data
 120   (0.958) 0.999 0.996 0.998 1.000 0.997 1.000 0.998 0.999 1.000 1.000 0.999 0.995 0.890 0.999 0.959 0.962 0.999 
 130   (0.042) 0.001 0.004 0.002 0.000 0.003 0.000 0.002 0.001 0.000 0.000 0.001 0.005 0.110 0.001 0.041 0.038 0.001 

Locus 58 : 61541_77 
2 alleles
3.4% missing data
 120   (0.956) 0.999 0.995 0.997 1.000 0.997 1.000 0.998 0.999 1.000 1.000 0.999 0.995 0.838 0.999 0.956 0.959 0.999 
 100   (0.044) 0.001 0.005 0.003 0.000 0.003 0.000 0.002 0.001 0.000 0.000 0.001 0.005 0.162 0.001 0.044 0.041 0.001 

Locus 59 : 61756_42 
2 alleles
1.1% missing data
 130   (0.955) 0.999 0.995 0.997 1.000 0.997 1.000 0.998 0.999 1.000 1.000 0.999 0.995 0.819 0.999 0.955 0.959 0.999 
 110   (0.045) 0.001 0.005 0.003 0.000 0.003 0.000 0.002 0.001 0.000 0.000 0.001 0.005 0.181 0.001 0.045 0.041 0.001 

Locus 60 : 62497_19 
2 alleles
6.2% missing data
 130   (0.912) 0.981 0.978 0.928 0.993 0.875 0.990 0.994 0.996 0.997 0.998 0.983 0.939 0.993 0.997 0.913 0.916 0.990 
 110   (0.088) 0.019 0.022 0.072 0.007 0.125 0.010 0.006 0.004 0.003 0.002 0.017 0.061 0.007 0.003 0.087 0.084 0.010 

Locus 61 : 63024_50 
2 alleles
2.8% missing data
 120   (0.954) 0.999 0.929 0.970 1.000 0.996 1.000 0.998 0.999 1.000 1.000 0.999 0.994 0.996 0.998 0.954 0.954 0.999 
 100   (0.046) 0.001 0.071 0.030 0.000 0.004 0.000 0.002 0.001 0.000 0.000 0.001 0.006 0.004 0.002 0.046 0.046 0.001 

Locus 62 : 64492_50 
2 alleles
7.3% missing data
 120   (0.924) 0.997 0.988 0.912 0.999 0.880 0.999 0.932 0.997 0.999 1.000 0.999 0.988 0.994 0.998 0.924 0.929 0.999 
 100   (0.076) 0.003 0.012 0.088 0.001 0.120 0.001 0.068 0.003 0.001 0.000 0.001 0.012 0.006 0.002 0.076 0.071 0.001 

Locus 63 : 67984_34 
2 alleles
2.2% missing data
 120   (0.957) 0.999 0.995 0.997 1.000 0.997 1.000 0.997 0.999 1.000 1.000 0.999 0.995 0.863 0.999 0.957 0.960 0.999 
 100   (0.043) 0.001 0.005 0.003 0.000 0.003 0.000 0.003 0.001 0.000 0.000 0.001 0.005 0.137 0.001 0.043 0.040 0.001 

Locus 64 : 69199_10 
2 alleles
4.5% missing data
 120   (0.940) 0.999 0.667 0.403 0.999 0.995 0.999 0.997 0.998 0.995 0.999 0.999 0.992 0.995 0.998 0.940 0.943 0.987 
 100   (0.060) 0.001 0.333 0.597 0.001 0.005 0.001 0.003 0.002 0.005 0.001 0.001 0.008 0.005 0.002 0.060 0.057 0.013 

Locus 65 : 71368_77 
2 alleles
6.7% missing data
 100   (0.958) 0.999 0.996 0.997 1.000 0.996 1.000 0.998 0.999 1.000 1.000 0.999 0.995 0.996 0.756 0.958 0.961 0.999 
 110   (0.042) 0.001 0.004 0.003 0.000 0.004 0.000 0.002 0.001 0.000 0.000 0.001 0.005 0.004 0.244 0.042 0.039 0.001 

Locus 66 : 72276_35 
2 alleles
5.1% missing data
 130   (0.959) 0.999 0.995 0.996 1.000 0.997 1.000 0.892 0.999 0.999 1.000 0.999 0.995 0.997 0.999 0.959 0.961 0.999 
 120   (0.041) 0.001 0.005 0.004 0.000 0.003 0.000 0.108 0.001 0.001 0.000 0.001 0.005 0.003 0.001 0.041 0.039 0.001 

Locus 67 : 73554_16 
2 alleles
3.9% missing data
 100   (0.959) 0.999 0.995 0.997 1.000 0.997 1.000 0.998 0.999 1.000 1.000 0.999 0.843 0.997 0.999 0.960 0.962 0.999 
 130   (0.041) 0.001 0.005 0.003 0.000 0.003 0.000 0.002 0.001 0.000 0.000 0.001 0.157 0.003 0.001 0.040 0.038 0.001 

Locus 68 : 74575_32 
2 alleles
1.7% missing data
 120   (0.962) 0.999 0.993 0.997 1.000 0.997 1.000 0.988 0.999 0.999 1.000 0.999 0.995 0.997 0.999 0.962 0.960 0.999 
 100   (0.038) 0.001 0.007 0.003 0.000 0.003 0.000 0.012 0.001 0.001 0.000 0.001 0.005 0.003 0.001 0.038 0.040 0.001 

Locus 69 : 76504_10 
2 alleles
1.1% missing data
 110   (0.955) 0.999 0.992 0.996 1.000 0.997 0.999 0.998 0.759 0.999 1.000 0.999 0.994 0.996 0.999 0.955 0.958 0.999 
 100   (0.045) 0.001 0.008 0.004 0.000 0.003 0.001 0.002 0.241 0.001 0.000 0.001 0.006 0.004 0.001 0.045 0.042 0.001 

Locus 70 : 76561_35 
2 alleles
5.6% missing data
 120   (0.958) 0.999 0.995 0.997 1.000 0.535 1.000 0.998 0.999 1.000 1.000 0.999 0.995 0.997 0.999 0.958 0.962 0.999 
 100   (0.042) 0.001 0.005 0.003 0.000 0.465 0.000 0.002 0.001 0.000 0.000 0.001 0.005 0.003 0.001 0.042 0.038 0.001 

Locus 71 : 77346_16 
2 alleles
2.2% missing data
 130   (0.961) 0.999 0.996 0.998 0.999 0.997 1.000 0.998 0.902 0.999 1.000 0.999 0.995 0.997 0.999 0.961 0.963 0.999 
 110   (0.039) 0.001 0.004 0.002 0.001 0.003 0.000 0.002 0.098 0.001 0.000 0.001 0.005 0.003 0.001 0.039 0.037 0.001 

Locus 72 : 78631_40 
2 alleles
7.9% missing data
 120   (0.952) 0.999 0.994 0.993 1.000 0.994 1.000 0.810 0.998 0.999 1.000 0.999 0.994 0.996 0.999 0.952 0.953 0.999 
 110   (0.048) 0.001 0.006 0.007 0.000 0.006 0.000 0.190 0.002 0.001 0.000 0.001 0.006 0.004 0.001 0.048 0.047 0.001 

Locus 73 : 80366_12 
2 alleles
6.7% missing data
 130   (0.960) 0.997 0.993 0.995 1.000 0.996 1.000 0.997 0.999 0.999 1.000 0.999 0.993 0.997 0.999 0.960 0.958 0.999 
 110   (0.040) 0.003 0.007 0.005 0.000 0.004 0.000 0.003 0.001 0.001 0.000 0.001 0.007 0.003 0.001 0.040 0.042 0.001 

Locus 74 : 80499_10 
2 alleles
6.2% missing data
 130   (0.958) 0.999 0.995 0.997 1.000 0.997 0.999 0.998 0.999 1.000 1.000 0.999 0.995 0.996 0.898 0.958 0.961 0.999 
 100   (0.042) 0.001 0.005 0.003 0.000 0.003 0.001 0.002 0.001 0.000 0.000 0.001 0.005 0.004 0.102 0.042 0.039 0.001 

Locus 75 : 81141_31 
2 alleles
2.8% missing data
 120   (0.962) 0.999 0.989 0.996 1.000 0.997 1.000 0.997 0.998 0.998 1.000 0.991 0.994 0.997 0.999 0.962 0.961 0.999 
 100   (0.038) 0.001 0.011 0.004 0.000 0.003 0.000 0.003 0.002 0.002 0.000 0.009 0.006 0.003 0.001 0.038 0.039 0.001 

Locus 76 : 81662_33 
2 alleles
3.4% missing data
 120   (0.963) 0.993 0.990 0.995 1.000 0.997 1.000 0.998 0.999 0.999 1.000 0.999 0.995 0.997 0.999 0.963 0.962 0.999 
 110   (0.037) 0.007 0.010 0.005 0.000 0.003 0.000 0.002 0.001 0.001 0.000 0.001 0.005 0.003 0.001 0.037 0.038 0.001 

Locus 77 : 82002_8 
2 alleles
6.7% missing data
 100   (0.953) 0.999 0.995 0.997 1.000 0.997 1.000 0.997 0.999 1.000 1.000 0.999 0.994 0.673 0.999 0.954 0.957 0.999 
 110   (0.047) 0.001 0.005 0.003 0.000 0.003 0.000 0.003 0.001 0.000 0.000 0.001 0.006 0.327 0.001 0.046 0.043 0.001 

Locus 78 : 82631_34 
2 alleles
7.9% missing data
 120   (0.964) 0.999 0.990 0.994 1.000 0.996 1.000 0.995 0.999 0.998 1.000 0.999 0.994 0.997 0.999 0.963 0.957 0.997 
 100   (0.036) 0.001 0.010 0.006 0.000 0.004 0.000 0.005 0.001 0.002 0.000 0.001 0.006 0.003 0.001 0.037 0.043 0.003 

Locus 79 : 83247_84 
2 alleles
3.4% missing data
 110   (0.950) 0.999 0.994 0.995 1.000 0.996 1.000 0.768 0.999 0.999 1.000 0.999 0.994 0.996 0.998 0.950 0.951 0.999 
 100   (0.050) 0.001 0.006 0.005 0.000 0.004 0.000 0.232 0.001 0.001 0.000 0.001 0.006 0.004 0.002 0.050 0.049 0.001 

Locus 80 : 83916_5 
2 alleles
3.9% missing data
 130   (0.960) 0.999 0.995 0.997 0.999 0.997 1.000 0.998 0.999 0.999 1.000 0.842 0.995 0.997 0.999 0.960 0.963 0.999 
 110   (0.040) 0.001 0.005 0.003 0.001 0.003 0.000 0.002 0.001 0.001 0.000 0.158 0.005 0.003 0.001 0.040 0.037 0.001 

Locus 81 : 84971_7 
2 alleles
2.2% missing data
 120   (0.950) 0.998 0.980 0.991 0.997 0.996 0.998 0.996 0.972 0.974 0.999 0.999 0.992 0.996 0.998 0.950 0.945 0.944 
 110   (0.050) 0.002 0.020 0.009 0.003 0.004 0.002 0.004 0.028 0.026 0.001 0.001 0.008 0.004 0.002 0.050 0.055 0.056 

Locus 82 : 85247_77 
2 alleles
7.9% missing data
 120   (0.962) 0.998 0.991 0.995 0.998 0.996 0.998 0.997 0.997 0.994 0.998 0.997 0.993 0.997 0.998 0.962 0.963 0.993 
 110   (0.038) 0.002 0.009 0.005 0.002 0.004 0.002 0.003 0.003 0.006 0.002 0.003 0.007 0.003 0.002 0.038 0.037 0.007 

Locus 83 : 85248_24 
2 alleles
5.1% missing data
 100   (0.959) 0.999 0.996 0.997 1.000 0.997 1.000 0.998 0.999 1.000 1.000 0.999 0.995 0.857 0.999 0.959 0.962 0.999 
 120   (0.041) 0.001 0.004 0.003 0.000 0.003 0.000 0.002 0.001 0.000 0.000 0.001 0.005 0.143 0.001 0.041 0.038 0.001 

Locus 84 : 85402_12 
2 alleles
3.4% missing data
 120   (0.962) 0.996 0.993 0.997 1.000 0.997 1.000 0.998 0.999 1.000 1.000 0.999 0.995 0.997 0.999 0.961 0.958 0.999 
 100   (0.038) 0.004 0.007 0.003 0.000 0.003 0.000 0.002 0.001 0.000 0.000 0.001 0.005 0.003 0.001 0.039 0.042 0.001 

Locus 85 : 86588_18 
2 alleles
3.9% missing data
 120   (0.961) 0.999 0.969 0.987 1.000 0.997 1.000 0.998 0.999 1.000 1.000 0.999 0.994 0.997 0.999 0.961 0.961 0.999 
 100   (0.039) 0.001 0.031 0.013 0.000 0.003 0.000 0.002 0.001 0.000 0.000 0.001 0.006 0.003 0.001 0.039 0.039 0.001 

Locus 86 : 87070_60 
2 alleles
2.2% missing data
 100   (0.959) 0.999 0.994 0.997 1.000 0.997 1.000 0.998 0.999 1.000 1.000 0.999 0.854 0.997 0.999 0.959 0.962 0.999 
 130   (0.041) 0.001 0.006 0.003 0.000 0.003 0.000 0.002 0.001 0.000 0.000 0.001 0.146 0.003 0.001 0.041 0.038 0.001 

Locus 87 : 87747_31 
2 alleles
6.2% missing data
 120   (0.959) 0.999 0.995 0.997 1.000 0.997 1.000 0.997 0.999 1.000 1.000 0.999 0.995 0.913 0.999 0.959 0.962 0.999 
 110   (0.041) 0.001 0.005 0.003 0.000 0.003 0.000 0.003 0.001 0.000 0.000 0.001 0.005 0.087 0.001 0.041 0.038 0.001 

Locus 88 : 88455_10 
2 alleles
5.1% missing data
 130   (0.956) 0.999 0.995 0.996 1.000 0.774 1.000 0.997 0.999 1.000 1.000 0.999 0.994 0.996 0.999 0.956 0.960 0.999 
 100   (0.044) 0.001 0.005 0.004 0.000 0.226 0.000 0.003 0.001 0.000 0.000 0.001 0.006 0.004 0.001 0.044 0.040 0.001 

Locus 89 : 89005_12 
2 alleles
1.1% missing data
 120   (0.958) 0.999 0.995 0.997 1.000 0.997 1.000 0.998 0.999 1.000 1.000 0.999 0.995 0.891 0.999 0.958 0.961 0.999 
 130   (0.042) 0.001 0.005 0.003 0.000 0.003 0.000 0.002 0.001 0.000 0.000 0.001 0.005 0.109 0.001 0.042 0.039 0.001 

Locus 90 : 89213_8 
2 alleles
3.4% missing data
 130   (0.962) 0.999 0.996 0.997 1.000 0.997 1.000 0.998 0.999 1.000 1.000 0.999 0.995 0.971 0.999 0.962 0.965 0.999 
 110   (0.038) 0.001 0.004 0.003 0.000 0.003 0.000 0.002 0.001 0.000 0.000 0.001 0.005 0.029 0.001 0.038 0.035 0.001 

Locus 91 : 93475_13 
2 alleles
2.2% missing data
 130   (0.959) 0.999 0.996 0.997 1.000 0.997 1.000 0.998 0.999 1.000 1.000 0.999 0.995 0.864 0.999 0.959 0.962 0.999 
 110   (0.041) 0.001 0.004 0.003 0.000 0.003 0.000 0.002 0.001 0.000 0.000 0.001 0.005 0.136 0.001 0.041 0.038 0.001 

Locus 92 : 95749_27 
2 alleles
3.9% missing data
 120   (0.959) 0.999 0.996 0.997 1.000 0.997 1.000 0.998 0.999 1.000 1.000 0.999 0.995 0.970 0.999 0.959 0.961 0.999 
 100   (0.041) 0.001 0.004 0.003 0.000 0.003 0.000 0.002 0.001 0.000 0.000 0.001 0.005 0.030 0.001 0.041 0.039 0.001 

Locus 93 : 98167_26 
2 alleles
3.4% missing data
 120   (0.939) 0.971 0.977 0.989 0.996 0.993 0.998 0.995 0.992 0.997 0.999 0.999 0.899 0.995 0.998 0.939 0.940 0.997 
 110   (0.061) 0.029 0.023 0.011 0.004 0.007 0.002 0.005 0.008 0.003 0.001 0.001 0.101 0.005 0.002 0.061 0.060 0.003 

Locus 94 : 98988_58 
2 alleles
2.2% missing data
 130   (0.960) 0.999 0.995 0.997 1.000 0.997 1.000 0.998 0.999 1.000 1.000 0.999 0.994 0.974 0.999 0.960 0.963 0.999 
 110   (0.040) 0.001 0.005 0.003 0.000 0.003 0.000 0.002 0.001 0.000 0.000 0.001 0.006 0.026 0.001 0.040 0.037 0.001 

Locus 95 : 103824_15 
2 alleles
3.4% missing data
 130   (0.957) 0.999 0.995 0.997 1.000 0.997 1.000 0.998 0.999 1.000 1.000 0.999 0.995 0.808 0.999 0.957 0.961 0.999 
 110   (0.043) 0.001 0.005 0.003 0.000 0.003 0.000 0.002 0.001 0.000 0.000 0.001 0.005 0.192 0.001 0.043 0.039 0.001 

Locus 96 : 108043_8 
2 alleles
4.5% missing data
 130   (0.960) 0.999 0.996 0.997 1.000 0.997 1.000 0.997 0.897 1.000 1.000 0.999 0.995 0.997 0.999 0.961 0.963 0.999 
 110   (0.040) 0.001 0.004 0.003 0.000 0.003 0.000 0.003 0.103 0.000 0.000 0.001 0.005 0.003 0.001 0.039 0.037 0.001 

Locus 97 : 108049_79 
2 alleles
2.8% missing data
 120   (0.962) 0.993 0.989 0.995 1.000 0.997 1.000 0.998 0.999 0.999 1.000 0.999 0.995 0.997 0.999 0.961 0.960 0.999 
 100   (0.038) 0.007 0.011 0.005 0.000 0.003 0.000 0.002 0.001 0.001 0.000 0.001 0.005 0.003 0.001 0.039 0.040 0.001 

Locus 98 : 108366_5 
2 alleles
2.8% missing data
 130   (0.959) 0.999 0.995 0.997 1.000 0.997 1.000 0.998 0.999 1.000 1.000 0.999 0.995 0.918 0.999 0.959 0.962 0.999 
 100   (0.041) 0.001 0.005 0.003 0.000 0.003 0.000 0.002 0.001 0.000 0.000 0.001 0.005 0.082 0.001 0.041 0.038 0.001 

Locus 99 : 108403_10 
2 alleles
6.2% missing data
 130   (0.960) 0.999 0.995 0.997 1.000 0.997 1.000 0.997 0.989 0.999 1.000 0.999 0.995 0.997 0.999 0.960 0.960 0.999 
 110   (0.040) 0.001 0.005 0.003 0.000 0.003 0.000 0.003 0.011 0.001 0.000 0.001 0.005 0.003 0.001 0.040 0.040 0.001 

Locus 100 : 109283_38 
2 alleles
3.9% missing data
 120   (0.878) 0.911 0.800 0.977 0.931 0.990 0.962 0.981 0.995 0.845 0.955 0.445 0.981 0.991 0.996 0.878 0.875 0.850 
 100   (0.122) 0.089 0.200 0.023 0.069 0.010 0.038 0.019 0.005 0.155 0.045 0.555 0.019 0.009 0.004 0.122 0.125 0.150 

Locus 101 : 109527_54 
2 alleles
7.3% missing data
 110   (0.949) 0.991 0.994 0.982 1.000 0.996 1.000 0.819 0.999 0.999 1.000 0.999 0.987 0.996 0.998 0.949 0.951 0.999 
 130   (0.051) 0.009 0.006 0.018 0.000 0.004 0.000 0.181 0.001 0.001 0.000 0.001 0.013 0.004 0.002 0.051 0.049 0.001 

Locus 102 : 109804_31 
2 alleles
2.2% missing data
 130   (0.956) 0.999 0.995 0.997 1.000 0.997 1.000 0.997 0.999 1.000 1.000 0.999 0.995 0.945 0.999 0.956 0.959 0.999 
 100   (0.044) 0.001 0.005 0.003 0.000 0.003 0.000 0.003 0.001 0.000 0.000 0.001 0.005 0.055 0.001 0.044 0.041 0.001 

Locus 103 : 112614_46 
2 alleles
5.1% missing data
 120   (0.958) 0.999 0.995 0.997 1.000 0.997 1.000 0.998 0.999 1.000 1.000 0.999 0.994 0.884 0.999 0.958 0.961 0.999 
 100   (0.042) 0.001 0.005 0.003 0.000 0.003 0.000 0.002 0.001 0.000 0.000 0.001 0.006 0.116 0.001 0.042 0.039 0.001 

Locus 104 : 112906_14 
2 alleles
3.9% missing data
 110   (0.895) 0.997 0.982 0.988 0.999 0.675 0.999 0.692 0.997 0.998 0.999 0.950 0.947 0.992 0.996 0.895 0.888 0.998 
 120   (0.105) 0.003 0.018 0.012 0.001 0.325 0.001 0.308 0.003 0.002 0.001 0.050 0.053 0.008 0.004 0.105 0.112 0.002 

Locus 105 : 113735_32 
2 alleles
6.7% missing data
 120   (0.961) 0.999 0.994 0.997 1.000 0.962 1.000 0.998 0.999 1.000 1.000 0.999 0.995 0.997 0.999 0.961 0.960 1.000 
 100   (0.039) 0.001 0.006 0.003 0.000 0.038 0.000 0.002 0.001 0.000 0.000 0.001 0.005 0.003 0.001 0.039 0.040 0.000 

Locus 106 : 115028_7 
2 alleles
3.9% missing data
 120   (0.961) 0.999 0.995 0.997 1.000 0.955 1.000 0.998 0.999 1.000 1.000 0.999 0.995 0.997 0.999 0.961 0.963 0.999 
 100   (0.039) 0.001 0.005 0.003 0.000 0.045 0.000 0.002 0.001 0.000 0.000 0.001 0.005 0.003 0.001 0.039 0.037 0.001 

Locus 107 : 115179_16 
2 alleles
2.2% missing data
 120   (0.958) 0.999 0.995 0.998 1.000 0.997 1.000 0.998 0.999 1.000 1.000 0.999 0.995 0.908 0.999 0.958 0.961 0.999 
 110   (0.042) 0.001 0.005 0.002 0.000 0.003 0.000 0.002 0.001 0.000 0.000 0.001 0.005 0.092 0.001 0.042 0.039 0.001 

Locus 108 : 116753_51 
2 alleles
7.3% missing data
 120   (0.959) 0.998 0.980 0.992 0.998 0.995 0.998 0.996 0.999 0.988 1.000 0.959 0.994 0.997 0.999 0.959 0.956 0.997 
 100   (0.041) 0.002 0.020 0.008 0.002 0.005 0.002 0.004 0.001 0.012 0.000 0.041 0.006 0.003 0.001 0.041 0.044 0.003 

Locus 109 : 116931_31 
2 alleles
7.9% missing data
 120   (0.962) 0.999 0.974 0.988 1.000 0.997 1.000 0.998 0.999 0.999 1.000 0.999 0.994 0.997 0.999 0.962 0.962 0.999 
 110   (0.038) 0.001 0.026 0.012 0.000 0.003 0.000 0.002 0.001 0.001 0.000 0.001 0.006 0.003 0.001 0.038 0.038 0.001 

Locus 110 : 116938_8 
2 alleles
4.5% missing data
 130   (0.920) 0.998 0.988 0.994 0.999 0.993 1.000 0.851 0.998 0.999 1.000 0.891 0.940 0.994 0.997 0.921 0.926 0.998 
 110   (0.080) 0.002 0.012 0.006 0.001 0.007 0.000 0.149 0.002 0.001 0.000 0.109 0.060 0.006 0.003 0.079 0.074 0.002 

Locus 111 : 122302_80 
2 alleles
10.1% missing data
 110   (0.962) 0.999 0.991 0.934 1.000 0.996 1.000 0.998 0.999 1.000 1.000 0.999 0.995 0.997 0.999 0.962 0.964 0.999 
 100   (0.038) 0.001 0.009 0.066 0.000 0.004 0.000 0.002 0.001 0.000 0.000 0.001 0.005 0.003 0.001 0.038 0.036 0.001 

Locus 112 : 123190_14 
2 alleles
3.4% missing data
 120   (0.957) 0.999 0.921 0.965 1.000 0.997 1.000 0.998 0.999 0.999 1.000 0.999 0.994 0.997 0.999 0.957 0.957 0.999 
 130   (0.043) 0.001 0.079 0.035 0.000 0.003 0.000 0.002 0.001 0.001 0.000 0.001 0.006 0.003 0.001 0.043 0.043 0.001 

Locus 113 : 123271_36 
2 alleles
3.9% missing data
 100   (0.958) 0.999 0.995 0.997 1.000 0.997 1.000 0.998 0.999 1.000 1.000 0.999 0.995 0.856 0.999 0.958 0.961 0.999 
 110   (0.042) 0.001 0.005 0.003 0.000 0.003 0.000 0.002 0.001 0.000 0.000 0.001 0.005 0.144 0.001 0.042 0.039 0.001 

Locus 114 : 124147_18 
2 alleles
2.2% missing data
 130   (0.958) 0.999 0.994 0.997 1.000 0.997 1.000 0.998 0.999 0.999 1.000 0.999 0.756 0.997 0.999 0.958 0.961 0.999 
 110   (0.042) 0.001 0.006 0.003 0.000 0.003 0.000 0.002 0.001 0.001 0.000 0.001 0.244 0.003 0.001 0.042 0.039 0.001 

Locus 115 : 124184_33 
2 alleles
5.6% missing data
 110   (0.957) 0.999 0.995 0.997 1.000 0.997 1.000 0.997 0.999 1.000 1.000 0.999 0.995 0.908 0.999 0.957 0.960 0.999 
 100   (0.043) 0.001 0.005 0.003 0.000 0.003 0.000 0.003 0.001 0.000 0.000 0.001 0.005 0.092 0.001 0.043 0.040 0.001 

Locus 116 : 125404_24 
2 alleles
1.1% missing data
 130   (0.957) 0.999 0.995 0.997 1.000 0.750 1.000 0.998 0.999 1.000 1.000 0.999 0.994 0.997 0.999 0.957 0.961 0.999 
 110   (0.043) 0.001 0.005 0.003 0.000 0.250 0.000 0.002 0.001 0.000 0.000 0.001 0.006 0.003 0.001 0.043 0.039 0.001 

Locus 117 : 125436_43 
2 alleles
3.9% missing data
 130   (0.934) 0.998 0.993 0.995 1.000 0.697 1.000 0.827 0.998 0.999 1.000 0.999 0.991 0.995 0.998 0.934 0.939 0.999 
 100   (0.066) 0.002 0.007 0.005 0.000 0.303 0.000 0.173 0.002 0.001 0.000 0.001 0.009 0.005 0.002 0.066 0.061 0.001 

Locus 118 : 126013_18 
2 alleles
2.8% missing data
 130   (0.960) 0.999 0.996 0.998 1.000 0.997 1.000 0.998 0.999 1.000 1.000 0.999 0.995 0.997 0.873 0.960 0.963 0.999 
 110   (0.040) 0.001 0.004 0.002 0.000 0.003 0.000 0.002 0.001 0.000 0.000 0.001 0.005 0.003 0.127 0.040 0.037 0.001 

Locus 119 : 126137_19 
2 alleles
3.9% missing data
 120   (0.962) 0.999 0.995 0.995 1.000 0.986 1.000 0.979 0.999 1.000 1.000 0.999 0.995 0.997 0.999 0.962 0.963 0.999 
 110   (0.038) 0.001 0.005 0.005 0.000 0.014 0.000 0.021 0.001 0.000 0.000 0.001 0.005 0.003 0.001 0.038 0.037 0.001 

Locus 120 : 126845_22 
2 alleles
5.6% missing data
 130   (0.961) 0.999 0.995 0.997 1.000 0.958 1.000 0.998 0.999 1.000 1.000 0.999 0.993 0.997 0.999 0.961 0.963 0.999 
 110   (0.039) 0.001 0.005 0.003 0.000 0.042 0.000 0.002 0.001 0.000 0.000 0.001 0.007 0.003 0.001 0.039 0.037 0.001 

Locus 121 : 127512_8 
2 alleles
1.1% missing data
 130   (0.960) 0.999 0.995 0.997 1.000 0.997 1.000 0.998 0.999 1.000 1.000 0.999 0.995 0.997 0.904 0.960 0.963 0.999 
 100   (0.040) 0.001 0.005 0.003 0.000 0.003 0.000 0.002 0.001 0.000 0.000 0.001 0.005 0.003 0.096 0.040 0.037 0.001 

Locus 122 : 127692_13 
2 alleles
2.8% missing data
 100   (0.955) 0.999 0.994 0.997 1.000 0.996 1.000 0.939 0.999 0.999 1.000 0.999 0.994 0.997 0.999 0.955 0.955 0.999 
 120   (0.045) 0.001 0.006 0.003 0.000 0.004 0.000 0.061 0.001 0.001 0.000 0.001 0.006 0.003 0.001 0.045 0.045 0.001 

Locus 123 : 128195_18 
2 alleles
7.3% missing data
 130   (0.880) 0.332 0.965 0.951 0.997 0.988 0.998 0.931 0.997 0.982 0.997 0.998 0.440 0.990 0.996 0.880 0.877 0.945 
 110   (0.120) 0.668 0.035 0.049 0.003 0.012 0.002 0.069 0.003 0.018 0.003 0.002 0.560 0.010 0.004 0.120 0.123 0.055 

Locus 124 : 128198_14 
2 alleles
4.5% missing data
 130   (0.935) 0.999 0.991 0.996 1.000 0.995 0.999 0.996 0.998 0.999 1.000 0.999 0.992 0.917 0.903 0.935 0.938 0.999 
 120   (0.065) 0.001 0.009 0.004 0.000 0.005 0.001 0.004 0.002 0.001 0.000 0.001 0.008 0.083 0.097 0.065 0.062 0.001 

Locus 125 : 128423_39 
2 alleles
4.5% missing data
 130   (0.962) 0.993 0.992 0.997 1.000 0.997 1.000 0.998 0.999 0.999 1.000 0.999 0.990 0.997 0.999 0.961 0.960 0.999 
 100   (0.038) 0.007 0.008 0.003 0.000 0.003 0.000 0.002 0.001 0.001 0.000 0.001 0.010 0.003 0.001 0.039 0.040 0.001 

Locus 126 : 131572_48 
2 alleles
1.1% missing data
 120   (0.955) 0.999 0.982 0.993 0.999 0.995 1.000 0.997 0.999 0.993 1.000 0.966 0.994 0.996 0.998 0.954 0.952 0.999 
 100   (0.045) 0.001 0.018 0.007 0.001 0.005 0.000 0.003 0.001 0.007 0.000 0.034 0.006 0.004 0.002 0.046 0.048 0.001 

Locus 127 : 132199_62 
2 alleles
3.9% missing data
 100   (0.951) 0.999 0.995 0.997 1.000 0.996 1.000 0.997 0.999 1.000 1.000 0.999 0.994 0.749 0.999 0.951 0.955 0.999 
 120   (0.049) 0.001 0.005 0.003 0.000 0.004 0.000 0.003 0.001 0.000 0.000 0.001 0.006 0.251 0.001 0.049 0.045 0.001 

Locus 128 : 135566_64 
2 alleles
7.3% missing data
 130   (0.962) 0.995 0.993 0.997 1.000 0.997 1.000 0.998 0.999 1.000 1.000 0.999 0.995 0.997 0.999 0.962 0.958 0.999 
 110   (0.038) 0.005 0.007 0.003 0.000 0.003 0.000 0.002 0.001 0.000 0.000 0.001 0.005 0.003 0.001 0.038 0.042 0.001 

Locus 129 : 135761_5 
2 alleles
7.9% missing data
 130   (0.957) 0.999 0.995 0.997 1.000 0.997 1.000 0.998 0.999 1.000 1.000 0.999 0.995 0.904 0.998 0.957 0.960 0.999 
 100   (0.043) 0.001 0.005 0.003 0.000 0.003 0.000 0.002 0.001 0.000 0.000 0.001 0.005 0.096 0.002 0.043 0.040 0.001 

Locus 130 : 137219_35 
2 alleles
3.4% missing data
 120   (0.948) 0.976 0.986 0.994 1.000 0.996 1.000 0.997 0.999 0.999 1.000 0.999 0.993 0.996 0.998 0.947 0.942 0.999 
 100   (0.052) 0.024 0.014 0.006 0.000 0.004 0.000 0.003 0.001 0.001 0.000 0.001 0.007 0.004 0.002 0.053 0.058 0.001 

Locus 131 : 139081_20 
2 alleles
5.6% missing data
 120   (0.944) 0.998 0.989 0.995 0.999 0.995 1.000 0.970 0.998 0.999 1.000 0.998 0.929 0.996 0.998 0.944 0.945 0.998 
 110   (0.056) 0.002 0.011 0.005 0.001 0.005 0.000 0.030 0.002 0.001 0.000 0.002 0.071 0.004 0.002 0.056 0.055 0.002 

Locus 132 : 139084_52 
2 alleles
5.1% missing data
 120   (0.927) 0.997 0.890 0.955 0.999 0.994 0.999 0.995 0.998 0.997 1.000 0.999 0.828 0.994 0.997 0.927 0.926 0.994 
 110   (0.073) 0.003 0.110 0.045 0.001 0.006 0.001 0.005 0.002 0.003 0.000 0.001 0.172 0.006 0.003 0.073 0.074 0.006 

Locus 133 : 139433_54 
2 alleles
3.9% missing data
 120   (0.958) 0.999 0.995 0.997 1.000 0.997 1.000 0.998 0.999 1.000 1.000 0.999 0.995 0.945 0.999 0.958 0.961 0.999 
 100   (0.042) 0.001 0.005 0.003 0.000 0.003 0.000 0.002 0.001 0.000 0.000 0.001 0.005 0.055 0.001 0.042 0.039 0.001 

Locus 134 : 140063_88 
2 alleles
7.9% missing data
 110   (0.961) 0.998 0.994 0.995 1.000 0.996 1.000 0.989 0.999 1.000 1.000 0.999 0.993 0.997 0.999 0.961 0.960 0.999 
 100   (0.039) 0.002 0.006 0.005 0.000 0.004 0.000 0.011 0.001 0.000 0.000 0.001 0.007 0.003 0.001 0.039 0.040 0.001 

Locus 135 : 140194_73 
2 alleles
2.8% missing data
 120   (0.962) 0.999 0.995 0.997 1.000 0.997 1.000 0.998 0.998 0.999 1.000 0.999 0.993 0.997 0.975 0.962 0.964 0.999 
 110   (0.038) 0.001 0.005 0.003 0.000 0.003 0.000 0.002 0.002 0.001 0.000 0.001 0.007 0.003 0.025 0.038 0.036 0.001 

Locus 136 : 141313_8 
2 alleles
2.8% missing data
 120   (0.959) 0.999 0.995 0.997 1.000 0.997 1.000 0.998 0.999 1.000 1.000 0.999 0.995 0.918 0.999 0.959 0.962 0.999 
 100   (0.041) 0.001 0.005 0.003 0.000 0.003 0.000 0.002 0.001 0.000 0.000 0.001 0.005 0.082 0.001 0.041 0.038 0.001 

Locus 137 : 145284_28 
2 alleles
2.8% missing data
 130   (0.959) 0.999 0.995 0.997 1.000 0.997 1.000 0.998 0.999 1.000 1.000 0.999 0.612 0.997 0.999 0.959 0.962 0.999 
 110   (0.041) 0.001 0.005 0.003 0.000 0.003 0.000 0.002 0.001 0.000 0.000 0.001 0.388 0.003 0.001 0.041 0.038 0.001 

Locus 138 : 145957_11 
2 alleles
4.5% missing data
 130   (0.959) 0.999 0.995 0.997 0.990 0.997 1.000 0.998 0.999 0.999 1.000 0.873 0.994 0.997 0.999 0.959 0.962 0.999 
 110   (0.041) 0.001 0.005 0.003 0.010 0.003 0.000 0.002 0.001 0.001 0.000 0.127 0.006 0.003 0.001 0.041 0.038 0.001 

Locus 139 : 160306_34 
2 alleles
2.8% missing data
 120   (0.934) 0.997 0.986 0.991 0.999 0.767 1.000 0.952 0.998 0.996 1.000 0.997 0.991 0.995 0.998 0.934 0.930 0.998 
 100   (0.066) 0.003 0.014 0.009 0.001 0.233 0.000 0.048 0.002 0.004 0.000 0.003 0.009 0.005 0.002 0.066 0.070 0.002 

Locus 140 : 162107_37 
2 alleles
3.4% missing data
 120   (0.941) 0.999 0.991 0.996 1.000 0.898 1.000 0.987 0.998 0.999 1.000 0.999 0.992 0.995 0.998 0.941 0.940 0.999 
 100   (0.059) 0.001 0.009 0.004 0.000 0.102 0.000 0.013 0.002 0.001 0.000 0.001 0.008 0.005 0.002 0.059 0.060 0.001 

Locus 141 : 163290_36 
2 alleles
5.1% missing data
 130   (0.929) 0.994 0.939 0.971 0.997 0.995 0.999 0.996 0.997 0.952 1.000 0.998 0.787 0.994 0.998 0.929 0.928 0.872 
 110   (0.071) 0.006 0.061 0.029 0.003 0.005 0.001 0.004 0.003 0.048 0.000 0.002 0.213 0.006 0.002 0.071 0.072 0.128 

Locus 142 : 163453_13 
2 alleles
5.6% missing data
 120   (0.962) 0.999 0.977 0.989 1.000 0.997 1.000 0.998 0.999 0.999 1.000 0.999 0.994 0.997 0.999 0.962 0.963 0.999 
 110   (0.038) 0.001 0.023 0.011 0.000 0.003 0.000 0.002 0.001 0.001 0.000 0.001 0.006 0.003 0.001 0.038 0.037 0.001 

Locus 143 : 163580_14 
2 alleles
10.1% missing data
 120   (0.958) 0.999 0.995 0.996 0.938 0.997 0.844 0.997 0.999 0.999 1.000 0.999 0.995 0.997 0.999 0.958 0.961 0.999 
 100   (0.042) 0.001 0.005 0.004 0.062 0.003 0.156 0.003 0.001 0.001 0.000 0.001 0.005 0.003 0.001 0.042 0.039 0.001 

Locus 144 : 164461_13 
2 alleles
5.6% missing data
 100   (0.959) 0.999 0.988 0.753 1.000 0.997 1.000 0.997 0.999 1.000 1.000 0.999 0.995 0.997 0.999 0.959 0.962 0.999 
 120   (0.041) 0.001 0.012 0.247 0.000 0.003 0.000 0.003 0.001 0.000 0.000 0.001 0.005 0.003 0.001 0.041 0.038 0.001 

Locus 145 : 165413_43 
2 alleles
1.7% missing data
 110   (0.954) 0.999 0.991 0.996 1.000 0.996 1.000 0.945 0.999 0.998 1.000 0.999 0.993 0.996 0.999 0.954 0.954 0.999 
 130   (0.046) 0.001 0.009 0.004 0.000 0.004 0.000 0.055 0.001 0.002 0.000 0.001 0.007 0.004 0.001 0.046 0.046 0.001 

Locus 146 : 168629_44 
2 alleles
5.6% missing data
 130   (0.950) 0.988 0.987 0.966 0.999 0.996 1.000 0.968 0.998 0.997 0.999 0.999 0.987 0.996 0.998 0.951 0.952 0.994 
 110   (0.050) 0.012 0.013 0.034 0.001 0.004 0.000 0.032 0.002 0.003 0.001 0.001 0.013 0.004 0.002 0.049 0.048 0.006 

Locus 147 : 168991_77 
2 alleles
5.6% missing data
 110   (0.855) 0.948 0.944 0.944 0.994 0.632 0.995 0.884 0.995 0.982 0.997 0.963 0.975 0.989 0.995 0.854 0.830 0.981 
 100   (0.145) 0.052 0.056 0.056 0.006 0.368 0.005 0.116 0.005 0.018 0.003 0.037 0.025 0.011 0.005 0.146 0.170 0.019 

Locus 148 : 169478_88 
2 alleles
5.1% missing data
 130   (0.964) 0.999 0.995 0.997 1.000 0.997 1.000 0.998 0.999 0.999 1.000 0.999 0.995 0.997 0.977 0.964 0.965 0.999 
 100   (0.036) 0.001 0.005 0.003 0.000 0.003 0.000 0.002 0.001 0.001 0.000 0.001 0.005 0.003 0.023 0.036 0.035 0.001 

Locus 149 : 169898_8 
2 alleles
6.2% missing data
 120   (0.943) 0.998 0.988 0.948 0.999 0.995 0.999 0.915 0.998 0.999 1.000 0.999 0.992 0.995 0.998 0.943 0.946 0.999 
 100   (0.057) 0.002 0.012 0.052 0.001 0.005 0.001 0.085 0.002 0.001 0.000 0.001 0.008 0.005 0.002 0.057 0.054 0.001 

Locus 150 : 170224_42 
2 alleles
7.3% missing data
 100   (0.916) 0.985 0.824 0.865 0.997 0.993 0.999 0.949 0.997 0.980 0.998 0.998 0.979 0.993 0.997 0.916 0.913 0.964 
 120   (0.084) 0.015 0.176 0.135 0.003 0.007 0.001 0.051 0.003 0.020 0.002 0.002 0.021 0.007 0.003 0.084 0.087 0.036 

Locus 151 : 174083_22 
2 alleles
3.9% missing data
 120   (0.956) 0.999 0.995 0.997 1.000 0.997 1.000 0.998 0.999 1.000 1.000 0.999 0.995 0.783 0.999 0.956 0.959 0.999 
 100   (0.044) 0.001 0.005 0.003 0.000 0.003 0.000 0.002 0.001 0.000 0.000 0.001 0.005 0.217 0.001 0.044 0.041 0.001 

Locus 152 : 174223_24 
2 alleles
2.8% missing data
 120   (0.962) 0.999 0.995 0.997 1.000 0.997 1.000 0.997 0.987 0.999 1.000 0.999 0.995 0.997 0.999 0.962 0.961 0.999 
 100   (0.038) 0.001 0.005 0.003 0.000 0.003 0.000 0.003 0.013 0.001 0.000 0.001 0.005 0.003 0.001 0.038 0.039 0.001 

Locus 153 : 174263_44 
2 alleles
3.9% missing data
 130   (0.960) 0.999 0.996 0.998 1.000 0.997 1.000 0.998 0.999 1.000 1.000 0.999 0.995 0.997 0.829 0.960 0.963 0.999 
 110   (0.040) 0.001 0.004 0.002 0.000 0.003 0.000 0.002 0.001 0.000 0.000 0.001 0.005 0.003 0.171 0.040 0.037 0.001 

Locus 154 : 175657_6 
2 alleles
8.4% missing data
 100   (0.937) 0.999 0.993 0.996 1.000 0.751 1.000 0.919 0.998 0.999 1.000 0.999 0.992 0.994 0.998 0.938 0.941 0.999 
 130   (0.063) 0.001 0.007 0.004 0.000 0.249 0.000 0.081 0.002 0.001 0.000 0.001 0.008 0.006 0.002 0.062 0.059 0.001 

Locus 155 : 176570_23 
2 alleles
3.9% missing data
 130   (0.959) 0.999 0.948 0.991 0.995 0.996 1.000 0.997 0.998 0.980 0.999 0.994 0.993 0.997 0.999 0.959 0.954 0.971 
 110   (0.041) 0.001 0.052 0.009 0.005 0.004 0.000 0.003 0.002 0.020 0.001 0.006 0.007 0.003 0.001 0.041 0.046 0.029 

Locus 156 : 176775_13 
2 alleles
6.7% missing data
 130   (0.954) 0.999 0.995 0.997 1.000 0.997 1.000 0.997 0.999 1.000 1.000 0.999 0.994 0.701 0.999 0.954 0.958 0.999 
 110   (0.046) 0.001 0.005 0.003 0.000 0.003 0.000 0.003 0.001 0.000 0.000 0.001 0.006 0.299 0.001 0.046 0.042 0.001 

Locus 157 : 178448_19 
2 alleles
3.4% missing data
 120   (0.957) 0.999 0.996 0.997 1.000 0.997 1.000 0.998 0.999 1.000 1.000 0.999 0.995 0.880 0.999 0.958 0.960 0.999 
 100   (0.043) 0.001 0.004 0.003 0.000 0.003 0.000 0.002 0.001 0.000 0.000 0.001 0.005 0.120 0.001 0.042 0.040 0.001 

Locus 158 : 179162_16 
2 alleles
6.2% missing data
 120   (0.959) 0.999 0.995 0.997 1.000 0.997 1.000 0.998 0.999 1.000 1.000 0.999 0.995 0.970 0.999 0.959 0.962 0.999 
 100   (0.041) 0.001 0.005 0.003 0.000 0.003 0.000 0.002 0.001 0.000 0.000 0.001 0.005 0.030 0.001 0.041 0.038 0.001 

Locus 159 : 179286_31 
2 alleles
2.8% missing data
 120   (0.938) 0.998 0.992 0.996 1.000 0.892 0.999 0.900 0.998 0.999 1.000 0.998 0.992 0.995 0.998 0.938 0.940 0.999 
 100   (0.062) 0.002 0.008 0.004 0.000 0.108 0.001 0.100 0.002 0.001 0.000 0.002 0.008 0.005 0.002 0.062 0.060 0.001 

Locus 160 : 179594_17 
2 alleles
4.5% missing data
 120   (0.921) 0.998 0.945 0.978 0.999 0.729 0.999 0.995 0.994 0.998 1.000 0.999 0.922 0.993 0.997 0.921 0.923 0.998 
 100   (0.079) 0.002 0.055 0.022 0.001 0.271 0.001 0.005 0.006 0.002 0.000 0.001 0.078 0.007 0.003 0.079 0.077 0.002 

Locus 161 : 180413_54 
2 alleles
3.9% missing data
 100   (0.957) 0.999 0.995 0.997 1.000 0.997 1.000 0.998 0.999 1.000 1.000 0.999 0.995 0.879 0.999 0.957 0.960 0.999 
 110   (0.043) 0.001 0.005 0.003 0.000 0.003 0.000 0.002 0.001 0.000 0.000 0.001 0.005 0.121 0.001 0.043 0.040 0.001 

Locus 162 : 182862_79 
2 alleles
3.4% missing data
 130   (0.956) 0.999 0.995 0.997 1.000 0.996 1.000 0.998 0.999 1.000 1.000 0.999 0.995 0.866 0.999 0.956 0.959 0.999 
 110   (0.044) 0.001 0.005 0.003 0.000 0.004 0.000 0.002 0.001 0.000 0.000 0.001 0.005 0.134 0.001 0.044 0.041 0.001 

Locus 163 : 183288_63 
2 alleles
10.1% missing data
 100   (0.960) 0.999 0.995 0.997 1.000 0.997 1.000 0.998 0.999 1.000 1.000 0.999 0.995 0.971 0.999 0.960 0.962 0.999 
 120   (0.040) 0.001 0.005 0.003 0.000 0.003 0.000 0.002 0.001 0.000 0.000 0.001 0.005 0.029 0.001 0.040 0.038 0.001 

Locus 164 : 183906_55 
2 alleles
6.7% missing data
 130   (0.959) 0.999 0.995 0.997 1.000 0.997 1.000 0.998 0.999 1.000 1.000 0.999 0.995 0.945 0.999 0.959 0.962 0.999 
 100   (0.041) 0.001 0.005 0.003 0.000 0.003 0.000 0.002 0.001 0.000 0.000 0.001 0.005 0.055 0.001 0.041 0.038 0.001 

Locus 165 : 183990_7 
2 alleles
3.4% missing data
 120   (0.955) 0.811 0.991 0.990 1.000 0.997 1.000 0.998 0.999 0.999 0.992 0.999 0.994 0.997 0.999 0.955 0.956 0.998 
 100   (0.045) 0.189 0.009 0.010 0.000 0.003 0.000 0.002 0.001 0.001 0.008 0.001 0.006 0.003 0.001 0.045 0.044 0.002 

Locus 166 : 185904_60 
2 alleles
3.4% missing data
 120   (0.962) 0.999 0.921 0.948 1.000 0.997 1.000 0.998 0.999 1.000 1.000 0.999 0.995 0.997 0.999 0.962 0.964 0.999 
 100   (0.038) 0.001 0.079 0.052 0.000 0.003 0.000 0.002 0.001 0.000 0.000 0.001 0.005 0.003 0.001 0.038 0.036 0.001 

Locus 167 : 191703_64 
2 alleles
1.7% missing data
 130   (0.934) 0.999 0.992 0.996 1.000 0.857 1.000 0.996 0.998 0.999 1.000 0.999 0.672 0.995 0.998 0.935 0.938 0.999 
 110   (0.066) 0.001 0.008 0.004 0.000 0.143 0.000 0.004 0.002 0.001 0.000 0.001 0.328 0.005 0.002 0.065 0.062 0.001 

Locus 168 : 193854_7 
2 alleles
1.7% missing data
 130   (0.938) 0.999 0.991 0.995 0.999 0.995 1.000 0.996 0.998 0.999 1.000 0.999 0.992 0.881 0.980 0.938 0.941 0.999 
 110   (0.062) 0.001 0.009 0.005 0.001 0.005 0.000 0.004 0.002 0.001 0.000 0.001 0.008 0.119 0.020 0.062 0.059 0.001 

Locus 169 : 194868_38 
2 alleles
5.6% missing data
 120   (0.947) 0.997 0.994 0.988 1.000 0.977 1.000 0.881 0.998 0.999 1.000 0.999 0.992 0.996 0.998 0.947 0.948 0.998 
 100   (0.053) 0.003 0.006 0.012 0.000 0.023 0.000 0.119 0.002 0.001 0.000 0.001 0.008 0.004 0.002 0.053 0.052 0.002 

Locus 170 : 195463_36 
2 alleles
5.1% missing data
 120   (0.958) 0.999 0.995 0.997 1.000 0.852 1.000 0.998 0.999 1.000 1.000 0.999 0.995 0.997 0.999 0.958 0.961 0.999 
 100   (0.042) 0.001 0.005 0.003 0.000 0.148 0.000 0.002 0.001 0.000 0.000 0.001 0.005 0.003 0.001 0.042 0.039 0.001 

Locus 171 : 195727_20 
2 alleles
1.7% missing data
 130   (0.959) 0.999 0.996 0.997 1.000 0.997 1.000 0.998 0.999 1.000 1.000 0.999 0.995 0.913 0.999 0.960 0.962 0.999 
 110   (0.041) 0.001 0.004 0.003 0.000 0.003 0.000 0.002 0.001 0.000 0.000 0.001 0.005 0.087 0.001 0.040 0.038 0.001 

Locus 172 : 197508_5 
2 alleles
2.2% missing data
 120   (0.962) 0.998 0.995 0.996 1.000 0.997 1.000 0.990 0.999 1.000 1.000 0.999 0.994 0.997 0.999 0.962 0.962 0.999 
 100   (0.038) 0.002 0.005 0.004 0.000 0.003 0.000 0.010 0.001 0.000 0.000 0.001 0.006 0.003 0.001 0.038 0.038 0.001 

Locus 173 : 199140_10 
2 alleles
4.5% missing data
 130   (0.961) 0.996 0.992 0.997 1.000 0.997 1.000 0.998 0.999 1.000 1.000 0.999 0.995 0.997 0.999 0.960 0.957 0.999 
 110   (0.039) 0.004 0.008 0.003 0.000 0.003 0.000 0.002 0.001 0.000 0.000 0.001 0.005 0.003 0.001 0.040 0.043 0.001 

Locus 174 : 199429_51 
2 alleles
5.1% missing data
 130   (0.960) 0.999 0.969 0.988 1.000 0.996 1.000 0.998 0.999 1.000 1.000 0.999 0.994 0.997 0.999 0.960 0.960 0.999 
 100   (0.040) 0.001 0.031 0.012 0.000 0.004 0.000 0.002 0.001 0.000 0.000 0.001 0.006 0.003 0.001 0.040 0.040 0.001 

Locus 175 : 199635_9 
2 alleles
3.4% missing data
 120   (0.958) 0.999 0.996 0.997 1.000 0.997 1.000 0.997 0.999 1.000 1.000 0.999 0.995 0.828 0.999 0.958 0.961 1.000 
 100   (0.042) 0.001 0.004 0.003 0.000 0.003 0.000 0.003 0.001 0.000 0.000 0.001 0.005 0.172 0.001 0.042 0.039 0.000 

Locus 176 : 200923_8 
2 alleles
5.1% missing data
 100   (0.960) 0.999 0.995 0.997 1.000 0.995 1.000 0.997 0.999 1.000 1.000 0.999 0.932 0.997 0.999 0.960 0.962 0.999 
 110   (0.040) 0.001 0.005 0.003 0.000 0.005 0.000 0.003 0.001 0.000 0.000 0.001 0.068 0.003 0.001 0.040 0.038 0.001 

Locus 177 : 201090_64 
2 alleles
5.1% missing data
 130   (0.961) 0.999 0.991 0.932 1.000 0.996 1.000 0.998 0.999 0.999 0.999 0.999 0.995 0.997 0.999 0.961 0.963 0.999 
 100   (0.039) 0.001 0.009 0.068 0.000 0.004 0.000 0.002 0.001 0.001 0.001 0.001 0.005 0.003 0.001 0.039 0.037 0.001 

Locus 178 : 201549_57 
2 alleles
4.5% missing data
 120   (0.961) 0.999 0.996 0.998 1.000 0.900 1.000 0.998 0.999 1.000 1.000 0.999 0.995 0.997 0.999 0.961 0.964 1.000 
 110   (0.039) 0.001 0.004 0.002 0.000 0.100 0.000 0.002 0.001 0.000 0.000 0.001 0.005 0.003 0.001 0.039 0.036 0.000 

Locus 179 : 203565_40 
2 alleles
3.9% missing data
 120   (0.960) 0.999 0.995 0.997 1.000 0.997 1.000 0.997 0.999 1.000 1.000 0.999 0.933 0.997 0.999 0.960 0.961 0.999 
 100   (0.040) 0.001 0.005 0.003 0.000 0.003 0.000 0.003 0.001 0.000 0.000 0.001 0.067 0.003 0.001 0.040 0.039 0.001 

Locus 180 : 205184_19 
2 alleles
7.3% missing data
 110   (0.931) 0.999 0.992 0.996 1.000 0.995 1.000 0.996 0.998 0.999 1.000 0.999 0.991 0.758 0.857 0.931 0.936 0.999 
 120   (0.069) 0.001 0.008 0.004 0.000 0.005 0.000 0.004 0.002 0.001 0.000 0.001 0.009 0.242 0.143 0.069 0.064 0.001 

Locus 181 : 206551_17 
2 alleles
6.2% missing data
 120   (0.908) 0.991 0.700 0.728 0.999 0.965 0.988 0.994 0.892 0.986 0.999 0.998 0.939 0.993 0.997 0.908 0.907 0.997 
 100   (0.092) 0.009 0.300 0.272 0.001 0.035 0.012 0.006 0.108 0.014 0.001 0.002 0.061 0.007 0.003 0.092 0.093 0.003 

Locus 182 : 216246_19 
2 alleles
2.8% missing data
 110   (0.946) 0.989 0.984 0.992 1.000 0.986 1.000 0.984 0.998 0.999 0.999 0.999 0.988 0.996 0.998 0.946 0.938 0.998 
 130   (0.054) 0.011 0.016 0.008 0.000 0.014 0.000 0.016 0.002 0.001 0.001 0.001 0.012 0.004 0.002 0.054 0.062 0.002 

Locus 183 : 216776_13 
2 alleles
5.6% missing data
 120   (0.925) 0.998 0.991 0.995 0.999 0.994 0.999 0.996 0.799 0.999 1.000 0.999 0.990 0.724 0.991 0.925 0.930 0.999 
 110   (0.075) 0.002 0.009 0.005 0.001 0.006 0.001 0.004 0.201 0.001 0.000 0.001 0.010 0.276 0.009 0.075 0.070 0.001 

Locus 184 : 217291_37 
2 alleles
3.9% missing data
 120   (0.959) 0.999 0.993 0.996 1.000 0.907 1.000 0.998 0.999 1.000 1.000 0.999 0.995 0.997 0.999 0.959 0.954 0.999 
 100   (0.041) 0.001 0.007 0.004 0.000 0.093 0.000 0.002 0.001 0.000 0.000 0.001 0.005 0.003 0.001 0.041 0.046 0.001 

Locus 185 : 217570_13 
2 alleles
3.9% missing data
 130   (0.957) 0.999 0.996 0.997 1.000 0.997 1.000 0.998 0.999 1.000 1.000 0.999 0.995 0.865 0.999 0.957 0.960 0.999 
 110   (0.043) 0.001 0.004 0.003 0.000 0.003 0.000 0.002 0.001 0.000 0.000 0.001 0.005 0.135 0.001 0.043 0.040 0.001 

Locus 186 : 220422_65 
2 alleles
3.4% missing data
 120   (0.948) 0.997 0.979 0.992 1.000 0.987 0.999 0.980 0.998 0.996 1.000 0.999 0.992 0.996 0.998 0.948 0.934 0.996 
 110   (0.052) 0.003 0.021 0.008 0.000 0.013 0.001 0.020 0.002 0.004 0.000 0.001 0.008 0.004 0.002 0.052 0.066 0.004 

Locus 187 : 220502_40 
2 alleles
6.7% missing data
 120   (0.958) 0.998 0.992 0.996 1.000 0.996 1.000 0.996 0.998 0.996 1.000 0.983 0.994 0.997 0.998 0.958 0.960 0.999 
 110   (0.042) 0.002 0.008 0.004 0.000 0.004 0.000 0.004 0.002 0.004 0.000 0.017 0.006 0.003 0.002 0.042 0.040 0.001 

Locus 188 : 220519_81 
2 alleles
4.5% missing data
 130   (0.937) 0.999 0.992 0.996 1.000 0.995 1.000 0.996 0.998 0.999 1.000 0.999 0.933 0.857 0.998 0.938 0.940 0.999 
 110   (0.063) 0.001 0.008 0.004 0.000 0.005 0.000 0.004 0.002 0.001 0.000 0.001 0.067 0.143 0.002 0.062 0.060 0.001 

Locus 189 : 222347_17 
2 alleles
3.9% missing data
 120   (0.957) 0.999 0.995 0.997 1.000 0.997 1.000 0.998 0.999 1.000 1.000 0.999 0.995 0.891 0.999 0.957 0.960 0.999 
 100   (0.043) 0.001 0.005 0.003 0.000 0.003 0.000 0.002 0.001 0.000 0.000 0.001 0.005 0.109 0.001 0.043 0.040 0.001 

Locus 190 : 222896_46 
2 alleles
0.6% missing data
 110   (0.959) 0.999 0.996 0.997 1.000 0.997 1.000 0.998 0.999 1.000 1.000 0.999 0.995 0.944 0.999 0.959 0.962 0.999 
 130   (0.041) 0.001 0.004 0.003 0.000 0.003 0.000 0.002 0.001 0.000 0.000 0.001 0.005 0.056 0.001 0.041 0.038 0.001 

Locus 191 : 223181_12 
2 alleles
3.4% missing data
 120   (0.954) 0.999 0.995 0.997 1.000 0.997 1.000 0.998 0.999 1.000 1.000 0.999 0.994 0.721 0.999 0.954 0.958 0.999 
 100   (0.046) 0.001 0.005 0.003 0.000 0.003 0.000 0.002 0.001 0.000 0.000 0.001 0.006 0.279 0.001 0.046 0.042 0.001 

Locus 192 : 224649_57 
2 alleles
5.1% missing data
 100   (0.964) 0.999 0.996 0.997 1.000 0.997 1.000 0.998 0.999 0.999 1.000 0.999 0.994 0.997 0.975 0.964 0.965 0.999 
 110   (0.036) 0.001 0.004 0.003 0.000 0.003 0.000 0.002 0.001 0.001 0.000 0.001 0.006 0.003 0.025 0.036 0.035 0.001 

Locus 193 : 226245_11 
2 alleles
5.1% missing data
 130   (0.957) 0.999 0.994 0.997 1.000 0.997 1.000 0.996 0.999 0.995 1.000 0.946 0.994 0.997 0.998 0.957 0.959 0.999 
 110   (0.043) 0.001 0.006 0.003 0.000 0.003 0.000 0.004 0.001 0.005 0.000 0.054 0.006 0.003 0.002 0.043 0.041 0.001 

Locus 194 : 226342_59 
2 alleles
6.2% missing data
 120   (0.929) 0.998 0.987 0.993 0.995 0.994 0.997 0.995 0.996 0.996 0.999 0.998 0.989 0.911 0.965 0.929 0.932 0.997 
 100   (0.071) 0.002 0.013 0.007 0.005 0.006 0.003 0.005 0.004 0.004 0.001 0.002 0.011 0.089 0.035 0.071 0.068 0.003 

Locus 195 : 228970_13 
2 alleles
3.9% missing data
 120   (0.961) 0.999 0.995 0.997 1.000 0.955 1.000 0.998 0.999 0.999 1.000 0.999 0.995 0.997 0.999 0.961 0.963 0.999 
 100   (0.039) 0.001 0.005 0.003 0.000 0.045 0.000 0.002 0.001 0.001 0.000 0.001 0.005 0.003 0.001 0.039 0.037 0.001 

Locus 196 : 229097_27 
2 alleles
5.1% missing data
 130   (0.957) 0.999 0.995 0.997 1.000 0.996 1.000 0.998 0.999 1.000 1.000 0.999 0.995 0.789 0.999 0.957 0.961 0.999 
 110   (0.043) 0.001 0.005 0.003 0.000 0.004 0.000 0.002 0.001 0.000 0.000 0.001 0.005 0.211 0.001 0.043 0.039 0.001 

Locus 197 : 229177_29 
2 alleles
7.3% missing data
 130   (0.951) 0.999 0.989 0.996 0.996 0.996 0.975 0.997 0.826 0.972 0.988 0.999 0.993 0.996 0.998 0.951 0.954 0.998 
 110   (0.049) 0.001 0.011 0.004 0.004 0.004 0.025 0.003 0.174 0.028 0.012 0.001 0.007 0.004 0.002 0.049 0.046 0.002 

Locus 198 : 229612_7 
2 alleles
6.2% missing data
 100   (0.960) 0.998 0.994 0.995 1.000 0.997 1.000 0.988 0.999 1.000 1.000 0.999 0.994 0.997 0.999 0.960 0.961 0.999 
 120   (0.040) 0.002 0.006 0.005 0.000 0.003 0.000 0.012 0.001 0.000 0.000 0.001 0.006 0.003 0.001 0.040 0.039 0.001 

Locus 199 : 229936_67 
2 alleles
3.9% missing data
 120   (0.958) 0.999 0.948 0.991 0.995 0.996 1.000 0.997 0.997 0.980 0.999 0.994 0.992 0.997 0.998 0.958 0.953 0.970 
 100   (0.042) 0.001 0.052 0.009 0.005 0.004 0.000 0.003 0.003 0.020 0.001 0.006 0.008 0.003 0.002 0.042 0.047 0.030 

Locus 200 : 232937_62 
2 alleles
2.2% missing data
 100   (0.963) 0.999 0.995 0.998 1.000 0.997 1.000 0.997 0.988 1.000 1.000 0.999 0.995 0.997 0.999 0.962 0.962 1.000 
 120   (0.037) 0.001 0.005 0.002 0.000 0.003 0.000 0.003 0.012 0.000 0.000 0.001 0.005 0.003 0.001 0.038 0.038 0.000 

Locus 201 : 233194_6 
2 alleles
2.8% missing data
 120   (0.936) 0.999 0.988 0.995 1.000 0.995 1.000 0.996 0.998 0.999 1.000 0.999 0.991 0.661 0.964 0.936 0.938 0.999 
 100   (0.064) 0.001 0.012 0.005 0.000 0.005 0.000 0.004 0.002 0.001 0.000 0.001 0.009 0.339 0.036 0.064 0.062 0.001 

Locus 202 : 234346_33 
2 alleles
4.5% missing data
 110   (0.958) 0.999 0.996 0.997 1.000 0.997 1.000 0.998 0.999 1.000 1.000 0.999 0.995 0.996 0.805 0.959 0.962 0.999 
 130   (0.042) 0.001 0.004 0.003 0.000 0.003 0.000 0.002 0.001 0.000 0.000 0.001 0.005 0.004 0.195 0.041 0.038 0.001 

Locus 203 : 235241_77 
2 alleles
2.2% missing data
 130   (0.956) 0.999 0.996 0.997 1.000 0.996 1.000 0.998 0.999 1.000 1.000 0.999 0.995 0.837 0.999 0.957 0.960 0.999 
 100   (0.044) 0.001 0.004 0.003 0.000 0.004 0.000 0.002 0.001 0.000 0.000 0.001 0.005 0.163 0.001 0.043 0.040 0.001 

Locus 204 : 236207_44 
2 alleles
6.2% missing data
 120   (0.922) 0.998 0.986 0.994 1.000 0.962 0.999 0.994 0.998 0.998 1.000 0.613 0.860 0.994 0.998 0.922 0.926 0.998 
 100   (0.078) 0.002 0.014 0.006 0.000 0.038 0.001 0.006 0.002 0.002 0.000 0.387 0.140 0.006 0.002 0.078 0.074 0.002 

Locus 205 : 236307_12 
2 alleles
1.7% missing data
 130   (0.956) 0.561 0.994 0.997 0.999 0.992 0.999 0.997 0.999 0.999 0.988 0.999 0.994 0.997 0.999 0.956 0.959 0.999 
 110   (0.044) 0.439 0.006 0.003 0.001 0.008 0.001 0.003 0.001 0.001 0.012 0.001 0.006 0.003 0.001 0.044 0.041 0.001 

Locus 206 : 236931_45 
2 alleles
6.7% missing data
 120   (0.895) 0.996 0.988 0.987 0.999 0.701 0.999 0.696 0.997 0.999 0.999 0.998 0.446 0.992 0.997 0.895 0.901 0.998 
 100   (0.105) 0.004 0.012 0.013 0.001 0.299 0.001 0.304 0.003 0.001 0.001 0.002 0.554 0.008 0.003 0.105 0.099 0.002 

Locus 207 : 236999_38 
2 alleles
2.8% missing data
 120   (0.959) 0.999 0.995 0.997 1.000 0.997 1.000 0.998 0.999 1.000 1.000 0.999 0.995 0.944 0.999 0.959 0.962 0.999 
 100   (0.041) 0.001 0.005 0.003 0.000 0.003 0.000 0.002 0.001 0.000 0.000 0.001 0.005 0.056 0.001 0.041 0.038 0.001 

Locus 208 : 240398_42 
2 alleles
3.9% missing data
 110   (0.861) 0.593 0.980 0.973 0.998 0.888 0.999 0.827 0.996 0.998 0.999 0.998 0.441 0.989 0.996 0.861 0.862 0.997 
 130   (0.139) 0.407 0.020 0.027 0.002 0.112 0.001 0.173 0.004 0.002 0.001 0.002 0.559 0.011 0.004 0.139 0.138 0.003 

Locus 209 : 240825_22 
2 alleles
6.2% missing data
 130   (0.961) 0.999 0.987 0.995 0.999 0.997 1.000 0.997 0.998 0.992 1.000 0.999 0.993 0.997 0.999 0.961 0.959 0.984 
 110   (0.039) 0.001 0.013 0.005 0.001 0.003 0.000 0.003 0.002 0.008 0.000 0.001 0.007 0.003 0.001 0.039 0.041 0.016 

Locus 210 : 244435_48 
2 alleles
1.7% missing data
 110   (0.961) 0.999 0.996 0.997 1.000 0.997 1.000 0.995 0.999 0.999 1.000 0.940 0.995 0.997 0.999 0.961 0.964 0.999 
 130   (0.039) 0.001 0.004 0.003 0.000 0.003 0.000 0.005 0.001 0.001 0.000 0.060 0.005 0.003 0.001 0.039 0.036 0.001 

Locus 211 : 245971_21 
2 alleles
5.1% missing data
 130   (0.960) 0.999 0.995 0.998 1.000 0.997 1.000 0.998 0.999 1.000 1.000 0.999 0.995 0.913 0.999 0.960 0.963 0.999 
 120   (0.040) 0.001 0.005 0.002 0.000 0.003 0.000 0.002 0.001 0.000 0.000 0.001 0.005 0.087 0.001 0.040 0.037 0.001 

Locus 212 : 246895_22 
2 alleles
3.4% missing data
 120   (0.963) 0.992 0.990 0.996 1.000 0.997 1.000 0.998 0.999 0.999 1.000 0.999 0.995 0.997 0.999 0.963 0.962 0.999 
 110   (0.037) 0.008 0.010 0.004 0.000 0.003 0.000 0.002 0.001 0.001 0.000 0.001 0.005 0.003 0.001 0.037 0.038 0.001 

Locus 213 : 248131_26 
2 alleles
7.9% missing data
 130   (0.948) 0.998 0.989 0.925 0.998 0.994 0.998 0.978 0.997 0.998 0.999 0.998 0.991 0.996 0.998 0.948 0.949 0.998 
 110   (0.052) 0.002 0.011 0.075 0.002 0.006 0.002 0.022 0.003 0.002 0.001 0.002 0.009 0.004 0.002 0.052 0.051 0.002 

Locus 214 : 250844_49 
2 alleles
7.3% missing data
 130   (0.959) 0.999 0.992 0.997 1.000 0.996 1.000 0.987 0.999 0.999 1.000 0.999 0.995 0.996 0.999 0.959 0.957 0.999 
 100   (0.041) 0.001 0.008 0.003 0.000 0.004 0.000 0.013 0.001 0.001 0.000 0.001 0.005 0.004 0.001 0.041 0.043 0.001 

Locus 215 : 251283_19 
2 alleles
5.6% missing data
 120   (0.960) 0.999 0.995 0.997 1.000 0.997 1.000 0.998 0.999 1.000 1.000 0.999 0.825 0.997 0.999 0.960 0.963 0.999 
 100   (0.040) 0.001 0.005 0.003 0.000 0.003 0.000 0.002 0.001 0.000 0.000 0.001 0.175 0.003 0.001 0.040 0.037 0.001 

Locus 216 : 251358_15 
2 alleles
8.4% missing data
 110   (0.946) 0.999 0.993 0.995 0.999 0.994 1.000 0.790 0.998 0.996 1.000 0.987 0.990 0.995 0.998 0.946 0.948 0.999 
 120   (0.054) 0.001 0.007 0.005 0.001 0.006 0.000 0.210 0.002 0.004 0.000 0.013 0.010 0.005 0.002 0.054 0.052 0.001 

Locus 217 : 251901_42 
2 alleles
2.2% missing data
 120   (0.961) 0.999 0.967 0.987 1.000 0.997 1.000 0.998 0.999 0.999 1.000 0.999 0.995 0.997 0.999 0.961 0.963 0.999 
 100   (0.039) 0.001 0.033 0.013 0.000 0.003 0.000 0.002 0.001 0.001 0.000 0.001 0.005 0.003 0.001 0.039 0.037 0.001 

Locus 218 : 252158_43 
2 alleles
0.0% missing data
 120   (0.958) 0.999 0.995 0.998 1.000 0.997 1.000 0.998 0.999 1.000 1.000 0.999 0.995 0.918 0.999 0.958 0.961 0.999 
 100   (0.042) 0.001 0.005 0.002 0.000 0.003 0.000 0.002 0.001 0.000 0.000 0.001 0.005 0.082 0.001 0.042 0.039 0.001 

Locus 219 : 252988_16 
2 alleles
7.9% missing data
 110   (0.955) 0.998 0.982 0.556 1.000 0.997 1.000 0.997 0.999 0.998 1.000 0.999 0.993 0.996 0.998 0.956 0.958 0.997 
 100   (0.045) 0.002 0.018 0.444 0.000 0.003 0.000 0.003 0.001 0.002 0.000 0.001 0.007 0.004 0.002 0.044 0.042 0.003 

Locus 220 : 254425_88 
2 alleles
5.6% missing data
 130   (0.929) 0.999 0.991 0.995 1.000 0.995 1.000 0.996 0.996 0.999 1.000 0.999 0.991 0.770 0.876 0.929 0.934 0.999 
 110   (0.071) 0.001 0.009 0.005 0.000 0.005 0.000 0.004 0.004 0.001 0.000 0.001 0.009 0.230 0.124 0.071 0.066 0.001 

Locus 221 : 256337_57 
2 alleles
5.6% missing data
 110   (0.960) 0.999 0.995 0.997 1.000 0.997 1.000 0.998 0.999 1.000 1.000 0.999 0.928 0.997 0.999 0.960 0.962 0.999 
 130   (0.040) 0.001 0.005 0.003 0.000 0.003 0.000 0.002 0.001 0.000 0.000 0.001 0.072 0.003 0.001 0.040 0.038 0.001 

Locus 222 : 259058_15 
2 alleles
1.7% missing data
 120   (0.958) 0.999 0.996 0.997 1.000 0.997 1.000 0.998 0.999 1.000 1.000 0.999 0.995 0.997 0.865 0.958 0.962 0.999 
 100   (0.042) 0.001 0.004 0.003 0.000 0.003 0.000 0.002 0.001 0.000 0.000 0.001 0.005 0.003 0.135 0.042 0.038 0.001 

Locus 223 : 259869_81 
2 alleles
0.6% missing data
 120   (0.961) 0.999 0.996 0.998 1.000 0.997 1.000 0.998 0.999 1.000 1.000 0.999 0.995 0.997 0.937 0.962 0.964 1.000 
 130   (0.039) 0.001 0.004 0.002 0.000 0.003 0.000 0.002 0.001 0.000 0.000 0.001 0.005 0.003 0.063 0.038 0.036 0.000 

Locus 224 : 260700_55 
2 alleles
2.2% missing data
 130   (0.963) 0.999 0.990 0.993 0.999 0.997 0.998 0.998 0.980 0.997 0.999 0.999 0.994 0.997 0.998 0.963 0.962 0.999 
 110   (0.037) 0.001 0.010 0.007 0.001 0.003 0.002 0.002 0.020 0.003 0.001 0.001 0.006 0.003 0.002 0.037 0.038 0.001 

Locus 225 : 262223_11 
2 alleles
4.5% missing data
 130   (0.961) 0.999 0.995 0.998 1.000 0.996 1.000 0.998 0.831 1.000 1.000 0.999 0.995 0.997 0.999 0.961 0.964 0.999 
 100   (0.039) 0.001 0.005 0.002 0.000 0.004 0.000 0.002 0.169 0.000 0.000 0.001 0.005 0.003 0.001 0.039 0.036 0.001 

Locus 226 : 262346_48 
2 alleles
3.4% missing data
 130   (0.955) 0.999 0.995 0.997 1.000 0.997 1.000 0.997 0.999 1.000 1.000 0.999 0.405 0.997 0.999 0.955 0.959 0.999 
 110   (0.045) 0.001 0.005 0.003 0.000 0.003 0.000 0.003 0.001 0.000 0.000 0.001 0.595 0.003 0.001 0.045 0.041 0.001 

Locus 227 : 262620_18 
2 alleles
3.9% missing data
 110   (0.947) 0.991 0.985 0.991 0.996 0.995 0.998 0.996 0.997 0.993 0.994 0.997 0.990 0.995 0.998 0.947 0.945 0.994 
 130   (0.053) 0.009 0.015 0.009 0.004 0.005 0.002 0.004 0.003 0.007 0.006 0.003 0.010 0.005 0.002 0.053 0.055 0.006 

Locus 228 : 263002_42 
2 alleles
3.4% missing data
 120   (0.958) 0.999 0.995 0.997 1.000 0.997 1.000 0.845 0.999 1.000 1.000 0.999 0.994 0.997 0.999 0.958 0.960 0.999 
 100   (0.042) 0.001 0.005 0.003 0.000 0.003 0.000 0.155 0.001 0.000 0.000 0.001 0.006 0.003 0.001 0.042 0.040 0.001 

Locus 229 : 263813_70 
2 alleles
10.1% missing data
 130   (0.959) 0.999 0.995 0.997 1.000 0.997 1.000 0.997 0.999 0.999 1.000 0.999 0.995 0.997 0.932 0.959 0.962 0.999 
 110   (0.041) 0.001 0.005 0.003 0.000 0.003 0.000 0.003 0.001 0.001 0.000 0.001 0.005 0.003 0.068 0.041 0.038 0.001 

Locus 230 : 264184_13 
2 alleles
10.1% missing data
 110   (0.915) 0.998 0.883 0.869 0.999 0.993 0.999 0.992 0.997 0.999 1.000 0.900 0.936 0.993 0.997 0.915 0.920 0.998 
 130   (0.085) 0.002 0.117 0.131 0.001 0.007 0.001 0.008 0.003 0.001 0.000 0.100 0.064 0.007 0.003 0.085 0.080 0.002 

Values of parameters used in structure:
DATAFILE=C:\Users\jmahg\OneDrive\Desktop\Transfers\TrkNbr-1524n1282n1083_AllPops_Structure_p18_r080_LDnHWEx\project_data,	OUTFILE=C:\Users\jmahg\OneDrive\Desktop\Transfers\TrkNbr-1524n1282n1083_AllPops_Structure_p18_r080_LDnHWEx\BI50000_MCMC100000\Results\BI50000_MCMC100000_run_168,	NUMINDS=178,	NUMLOCI=230,	MISSING=0,	LABEL=1,	POPDATA=1,	POPFLAG=0,	PHENOTYPE=0,	EXTRACOLS=0,	MAXPOPS=17,	BURNIN=50000,	NUMREPS=100000,	USEPOPINFO=0,	INFERALPHA=1,	INFERLAMBDA=0,	POPSPECIFICLAMBDA=0,	POPALPHAS=0,	COMPUTEPROB=1,	NOADMIX=0,	ADMBURNIN=2500,	UPDATEFREQ=1,	PRINTLIKES=0,	INTERMEDSAVE=0,	PRINTKLD=0,	PRINTNET=0,	PRINTLAMBDA=0,	ANCESTDIST=0,	NUMBOXES=1000,	ANCESTPINT=0.90000,	GENSBACK=2,	MIGRPRIOR=0.05000,	PRINTQHAT=0,	PRINTQSUM=0,	ALPHA=1.0000,	FREQSCORR=1,	FPRIORMEAN=0.0100,	FPRIORSD=0.0500,	ONEFST=0,	LAMBDA=1.0000,	UNIFPRIORALPHA=1,	ALPHAMAX=10.0000,	ALPHAPRIORA=1.0000,	ALPHAPRIORB=2.0000,	ALPHAPROPSD=0.0250,	STARTATPOPINFO=0,	RANDOMIZE=1,	LINKAGE=0,	METROFREQ=10,	REPORTHITRATE=0,	MARKOVPHASE=-1,	PHASED=0,	PLOIDY=2,	PHASEINFO=0	LOCPRIOR=0, 	LOCPRIORINIT=1.000000, 	LOCDATA=0, 	LOCISPOP=0, 	LOCPRIORSTEP=0.100000, 	MAXLOCPRIOR=20.000000, 	SEED=1603043442,	
[STRAT parameters]:    NUMSIMSTATS=1000,	PHENOTYPECOL=-9,	POOLFREQ=10,	LOCUSxONLY=0,	EMERROR=0.00100,	MISSINGPHENO=-9,	