

----------------------------------------------------
STRUCTURE by Pritchard, Stephens and Donnelly (2000)
     and Falush, Stephens and Pritchard (2003)
       Code by Pritchard, Falush and Hubisz
             Version 2.3.4 (Jul 2012)
----------------------------------------------------



Command line arguments:   bin\structure -m C:\Users\jmahg\OneDrive\Desktop\Transfers\TrkNbr-1524n1282n1083_AllPops_Structure_p18_r080_LDnHWEx\BI50000_MCMC100000\mainparams -e C:\Users\jmahg\OneDrive\Desktop\Transfers\TrkNbr-1524n1282n1083_AllPops_Structure_p18_r080_LDnHWEx\BI50000_MCMC100000\extraparams 
Input File:    C:\Users\jmahg\OneDrive\Desktop\Transfers\TrkNbr-1524n1282n1083_AllPops_Structure_p18_r080_LDnHWEx\project_data

Run parameters:
   178 individuals
   230 loci
   14 populations assumed
   50000 Burn-in period
   100000 Reps


--------------------------------------------
Proportion of membership of each pre-defined
 population in each of the 14 clusters

Given    Inferred Clusters                                                                                    Number of
 Pop       1      2      3      4      5      6      7      8      9     10     11     12     13     14      Individuals

  1:     0.780  0.005  0.008  0.011  0.012  0.006  0.033  0.015  0.043  0.022  0.031  0.023  0.002  0.009       10
  2:     0.043  0.014  0.029  0.004  0.016  0.006  0.124  0.376  0.107  0.008  0.081  0.160  0.002  0.031        8
  3:     0.018  0.004  0.019  0.004  0.562  0.008  0.019  0.014  0.114  0.007  0.137  0.077  0.002  0.015       10
  4:     0.024  0.008  0.420  0.017  0.026  0.011  0.042  0.069  0.103  0.023  0.141  0.105  0.002  0.007       10
  5:     0.010  0.003  0.005  0.004  0.009  0.012  0.007  0.006  0.014  0.005  0.017  0.012  0.893  0.003       10
  6:     0.026  0.004  0.008  0.004  0.415  0.011  0.028  0.016  0.155  0.008  0.213  0.106  0.003  0.003       10
  7:     0.606  0.003  0.006  0.004  0.013  0.007  0.082  0.012  0.152  0.005  0.045  0.060  0.002  0.002       10
  8:     0.091  0.016  0.046  0.034  0.045  0.010  0.140  0.224  0.082  0.075  0.060  0.132  0.002  0.040       10
  9:     0.069  0.003  0.008  0.004  0.027  0.010  0.085  0.017  0.309  0.006  0.283  0.176  0.002  0.002       10
 10:     0.020  0.004  0.010  0.005  0.065  0.014  0.020  0.023  0.200  0.008  0.291  0.335  0.003  0.004       10
 11:     0.023  0.009  0.013  0.007  0.015  0.008  0.027  0.040  0.079  0.584  0.108  0.049  0.002  0.035       10
 12:     0.030  0.006  0.014  0.085  0.019  0.009  0.021  0.049  0.048  0.600  0.060  0.054  0.002  0.004       10
 13:     0.019  0.008  0.008  0.827  0.013  0.007  0.011  0.012  0.026  0.012  0.026  0.021  0.002  0.008       10
 14:     0.013  0.003  0.008  0.004  0.019  0.749  0.011  0.010  0.055  0.005  0.067  0.042  0.011  0.004       10
 15:     0.013  0.003  0.007  0.004  0.041  0.785  0.010  0.009  0.036  0.005  0.049  0.027  0.006  0.004       10
 16:     0.036  0.012  0.472  0.006  0.037  0.009  0.126  0.040  0.071  0.011  0.064  0.092  0.002  0.022       10
 17:     0.039  0.526  0.025  0.018  0.020  0.008  0.032  0.051  0.056  0.072  0.071  0.074  0.003  0.006       10
 18:     0.011  0.003  0.006  0.003  0.013  0.010  0.009  0.008  0.026  0.005  0.030  0.021  0.850  0.004       10
--------------------------------------------

Allele-freq. divergence among pops (Net nucleotide distance),
computed using point estimates of P.

      1       2       3       4       5       6       7       8       9      10      11      12      13      14      
 1      -    0.0099  0.0057  0.0068  0.0031  0.0037  0.0016  0.0038  0.0016  0.0039  0.0021  0.0020  0.0092  0.0040  
 2   0.0099     -    0.0115  0.0106  0.0095  0.0101  0.0077  0.0061  0.0088  0.0079  0.0088  0.0080  0.0151  0.0071  
 3   0.0057  0.0115     -    0.0085  0.0045  0.0055  0.0037  0.0055  0.0039  0.0057  0.0039  0.0040  0.0108  0.0050  
 4   0.0068  0.0106  0.0085     -    0.0060  0.0067  0.0048  0.0063  0.0052  0.0048  0.0052  0.0052  0.0118  0.0049  
 5   0.0031  0.0095  0.0045  0.0060     -    0.0026  0.0020  0.0033  0.0011  0.0035  0.0010  0.0012  0.0077  0.0036  
 6   0.0037  0.0101  0.0055  0.0067  0.0026     -    0.0025  0.0038  0.0017  0.0042  0.0017  0.0018  0.0068  0.0036  
 7   0.0016  0.0077  0.0037  0.0048  0.0020  0.0025     -    0.0019  0.0011  0.0025  0.0014  0.0011  0.0069  0.0014  
 8   0.0038  0.0061  0.0055  0.0063  0.0033  0.0038  0.0019     -    0.0024  0.0035  0.0025  0.0017  0.0088  0.0030  
 9   0.0016  0.0088  0.0039  0.0052  0.0011  0.0017  0.0011  0.0024     -    0.0027  0.0001  0.0002  0.0072  0.0034  
10   0.0039  0.0079  0.0057  0.0048  0.0035  0.0042  0.0025  0.0035  0.0027     -    0.0026  0.0026  0.0094  0.0030  
11   0.0021  0.0088  0.0039  0.0052  0.0010  0.0017  0.0014  0.0025  0.0001  0.0026     -    0.0002  0.0072  0.0035  
12   0.0020  0.0080  0.0040  0.0052  0.0012  0.0018  0.0011  0.0017  0.0002  0.0026  0.0002     -    0.0073  0.0032  
13   0.0092  0.0151  0.0108  0.0118  0.0077  0.0068  0.0069  0.0088  0.0072  0.0094  0.0072  0.0073     -    0.0060  
14   0.0040  0.0071  0.0050  0.0049  0.0036  0.0036  0.0014  0.0030  0.0034  0.0030  0.0035  0.0032  0.0060     -    

Average distances (expected heterozygosity) between individuals in same cluster:
cluster  1  : 0.0143 
cluster  2  : 0.0461 
cluster  3  : 0.0245 
cluster  4  : 0.0399 
cluster  5  : 0.0135 
cluster  6  : 0.0230 
cluster  7  : 0.0479 
cluster  8  : 0.0311 
cluster  9  : 0.0018 
cluster 10  : 0.0323 
cluster 11  : 0.0000 
cluster 12  : 0.0056 
cluster 13  : 0.0664 
cluster 14  : 0.1050 

--------------------------------------------
Estimated Ln Prob of Data   = -3806.7
Mean value of ln likelihood = -3259.9
Variance of ln likelihood   = 1093.5
Mean value of alpha         = 0.0353

Mean value of Fst_1         = 0.6938
Mean value of Fst_2         = 0.4239
Mean value of Fst_3         = 0.5690
Mean value of Fst_4         = 0.4485
Mean value of Fst_5         = 0.7155
Mean value of Fst_6         = 0.5673
Mean value of Fst_7         = 0.4681
Mean value of Fst_8         = 0.6659
Mean value of Fst_9         = 0.9505
Mean value of Fst_10         = 0.4636
Mean value of Fst_11         = 0.9986
Mean value of Fst_12         = 0.8856
Mean value of Fst_13         = 0.2928
Mean value of Fst_14         = 0.0002


Inferred ancestry of individuals:
        Label (%Miss) Pop:  Inferred clusters
  1 TGCP_WM1    (0)    1 :  0.805 0.005 0.007 0.004 0.015 0.008 0.028 0.012 0.034 0.012 0.035 0.023 0.003 0.009 
  2 TGCP_WM10    (1)    1 :  0.606 0.004 0.007 0.004 0.021 0.008 0.065 0.018 0.104 0.015 0.085 0.060 0.002 0.002 
  3 TGCP_WM2    (0)    1 :  0.715 0.006 0.010 0.007 0.018 0.007 0.054 0.014 0.057 0.008 0.033 0.021 0.002 0.049 
  4 TGCP_WM3    (1)    1 :  0.893 0.003 0.005 0.003 0.009 0.005 0.009 0.006 0.020 0.009 0.019 0.016 0.002 0.002 
  5 TGCP_WM4    (0)    1 :  0.817 0.004 0.008 0.003 0.007 0.008 0.005 0.007 0.017 0.081 0.024 0.013 0.002 0.004 
  6 TGCP_WM5    (0)    1 :  0.668 0.007 0.007 0.014 0.013 0.006 0.112 0.057 0.034 0.018 0.019 0.033 0.002 0.012 
  7 TGCP_WM6    (0)    1 :  0.874 0.005 0.008 0.013 0.009 0.004 0.008 0.008 0.019 0.020 0.016 0.011 0.002 0.003 
  8 TGCP_WM7    (0)    1 :  0.643 0.013 0.017 0.024 0.014 0.010 0.027 0.018 0.129 0.005 0.057 0.036 0.002 0.004 
  9 TGCP_WM8    (0)    1 :  0.836 0.003 0.003 0.037 0.007 0.004 0.019 0.008 0.012 0.044 0.012 0.011 0.002 0.003 
 10 TGCP_WM9    (0)    1 :  0.947 0.003 0.005 0.002 0.004 0.004 0.005 0.004 0.006 0.003 0.006 0.007 0.002 0.002 
 11 MRLP_WM123    (3)    2 :  0.018 0.007 0.016 0.004 0.009 0.005 0.228 0.369 0.040 0.019 0.028 0.118 0.003 0.138 
 12 MRLP_WM124    (4)    2 :  0.011 0.005 0.006 0.004 0.013 0.007 0.011 0.620 0.048 0.007 0.041 0.223 0.002 0.002 
 13 MRLP_WM125    (1)    2 :  0.031 0.067 0.007 0.004 0.009 0.005 0.118 0.434 0.035 0.007 0.021 0.164 0.002 0.096 
 14 MRLP_WM126    (2)    2 :  0.016 0.002 0.006 0.004 0.035 0.010 0.020 0.013 0.307 0.007 0.434 0.142 0.002 0.002 
 15 MRLP_WM127    (3)    2 :  0.173 0.022 0.009 0.004 0.021 0.010 0.263 0.025 0.290 0.007 0.067 0.102 0.003 0.004 
 16 MRLP_WM128    (3)    2 :  0.005 0.005 0.003 0.003 0.004 0.003 0.004 0.721 0.012 0.004 0.008 0.224 0.001 0.001 
 17 MRLP_WM129    (7)    2 :  0.036 0.004 0.181 0.003 0.021 0.005 0.194 0.367 0.038 0.007 0.017 0.122 0.002 0.004 
 18 MRLP_WM130    (5)    2 :  0.052 0.002 0.007 0.003 0.012 0.005 0.152 0.457 0.083 0.005 0.032 0.185 0.002 0.002 
 19 STT_WM183    (2)    3 :  0.021 0.003 0.007 0.004 0.674 0.007 0.030 0.014 0.034 0.023 0.030 0.030 0.003 0.122 
 20 STT_WM184    (3)    3 :  0.018 0.006 0.043 0.006 0.715 0.008 0.016 0.014 0.034 0.007 0.050 0.070 0.002 0.010 
 21 STT_WM185   (15)    3 :  0.036 0.004 0.011 0.005 0.044 0.017 0.039 0.030 0.310 0.006 0.323 0.172 0.002 0.002 
 22 STT_WM186   (13)    3 :  0.022 0.003 0.011 0.006 0.039 0.008 0.026 0.024 0.280 0.008 0.403 0.167 0.002 0.002 
 23 STT_WM187   (13)    3 :  0.010 0.004 0.004 0.004 0.876 0.007 0.006 0.009 0.029 0.005 0.024 0.017 0.002 0.002 
 24 STT_WM188    (3)    3 :  0.009 0.002 0.004 0.002 0.925 0.003 0.006 0.004 0.010 0.004 0.015 0.012 0.002 0.002 
 25 STT_WM189    (0)    3 :  0.022 0.002 0.007 0.004 0.040 0.012 0.022 0.015 0.273 0.004 0.412 0.185 0.002 0.001 
 26 STT_WM190   (11)    3 :  0.009 0.002 0.004 0.003 0.919 0.005 0.005 0.006 0.012 0.004 0.011 0.015 0.002 0.001 
 27 STT_WM191    (7)    3 :  0.022 0.004 0.009 0.004 0.571 0.010 0.022 0.019 0.144 0.007 0.091 0.094 0.002 0.002 
 28 STT_WM192   (12)    3 :  0.007 0.006 0.095 0.004 0.814 0.004 0.013 0.007 0.012 0.006 0.012 0.011 0.002 0.007 
 29 FSSP_WM241    (3)    4 :  0.053 0.014 0.131 0.032 0.038 0.014 0.082 0.117 0.135 0.026 0.196 0.150 0.003 0.009 
 30 FSSP_WM242   (15)    4 :  0.018 0.003 0.007 0.005 0.047 0.012 0.019 0.012 0.283 0.008 0.420 0.162 0.002 0.002 
 31 FSSP_WM243    (6)    4 :  0.007 0.003 0.913 0.004 0.009 0.006 0.008 0.005 0.007 0.005 0.012 0.009 0.002 0.009 
 32 FSSP_WM244    (5)    4 :  0.064 0.027 0.024 0.079 0.030 0.013 0.065 0.252 0.095 0.037 0.102 0.202 0.003 0.008 
 33 FSSP_WM245   (10)    4 :  0.025 0.003 0.282 0.005 0.030 0.014 0.033 0.016 0.148 0.009 0.297 0.133 0.002 0.002 
 34 FSSP_WM246    (6)    4 :  0.021 0.004 0.059 0.006 0.053 0.020 0.066 0.053 0.227 0.018 0.253 0.211 0.003 0.007 
 35 FSSP_WM247    (3)    4 :  0.017 0.008 0.842 0.016 0.011 0.005 0.010 0.012 0.020 0.014 0.012 0.022 0.002 0.007 
 36 FSSP_WM248    (9)    4 :  0.013 0.004 0.872 0.015 0.010 0.007 0.009 0.009 0.016 0.017 0.014 0.010 0.002 0.003 
 37 FSSP_WM249    (6)    4 :  0.013 0.004 0.749 0.006 0.016 0.007 0.011 0.012 0.053 0.031 0.059 0.030 0.003 0.004 
 38 FSSP_WM250    (2)    4 :  0.014 0.014 0.324 0.005 0.018 0.009 0.120 0.197 0.045 0.069 0.042 0.119 0.003 0.021 
 39 HNL_WM301    (3)    5 :  0.010 0.003 0.004 0.004 0.009 0.011 0.005 0.006 0.013 0.004 0.013 0.011 0.905 0.002 
 40 HNL_WM302    (2)    5 :  0.005 0.002 0.003 0.003 0.006 0.005 0.004 0.004 0.005 0.004 0.008 0.005 0.944 0.002 
 41 HNL_WM303    (2)    5 :  0.010 0.002 0.006 0.004 0.012 0.007 0.006 0.006 0.014 0.005 0.022 0.012 0.891 0.002 
 42 HNL_WM304    (3)    5 :  0.013 0.004 0.008 0.004 0.014 0.029 0.010 0.008 0.024 0.006 0.028 0.024 0.825 0.002 
 43 HNL_WM305    (3)    5 :  0.005 0.002 0.004 0.004 0.005 0.005 0.005 0.004 0.010 0.004 0.010 0.006 0.930 0.006 
 44 HNL_WM306    (0)    5 :  0.008 0.002 0.004 0.004 0.006 0.012 0.006 0.004 0.007 0.003 0.010 0.008 0.922 0.003 
 45 HNL_WM307    (3)    5 :  0.012 0.002 0.006 0.003 0.006 0.006 0.005 0.005 0.012 0.004 0.015 0.013 0.909 0.002 
 46 HNL_WM308    (3)    5 :  0.010 0.003 0.006 0.005 0.011 0.016 0.006 0.004 0.014 0.005 0.019 0.010 0.889 0.002 
 47 HNL_WM309    (0)    5 :  0.017 0.003 0.006 0.004 0.016 0.018 0.011 0.010 0.021 0.005 0.026 0.017 0.840 0.007 
 48 HNL_WM310   (10)    5 :  0.011 0.003 0.005 0.004 0.008 0.012 0.007 0.007 0.018 0.006 0.021 0.017 0.877 0.002 
 49 MPO_WM482    (2)    6 :  0.010 0.002 0.004 0.002 0.894 0.007 0.005 0.005 0.021 0.005 0.021 0.018 0.003 0.002 
 50 MPO_WM483    (3)    6 :  0.019 0.003 0.009 0.004 0.412 0.015 0.053 0.019 0.136 0.007 0.205 0.112 0.003 0.004 
 51 MPO_WM484    (1)    6 :  0.017 0.003 0.009 0.004 0.570 0.010 0.015 0.011 0.125 0.005 0.155 0.072 0.002 0.002 
 52 MPO_WM485    (0)    6 :  0.010 0.003 0.008 0.004 0.770 0.007 0.071 0.014 0.035 0.005 0.024 0.043 0.002 0.005 
 53 MPO_WM486   (21)    6 :  0.042 0.004 0.015 0.006 0.039 0.014 0.025 0.022 0.266 0.007 0.391 0.165 0.003 0.002 
 54 MPO_WM487   (19)    6 :  0.021 0.003 0.011 0.007 0.532 0.014 0.022 0.016 0.138 0.010 0.118 0.103 0.002 0.003 
 55 MPO_WM488    (9)    6 :  0.020 0.003 0.008 0.004 0.054 0.012 0.019 0.010 0.293 0.006 0.361 0.207 0.003 0.002 
 56 MPO_WM489    (3)    6 :  0.076 0.007 0.005 0.004 0.788 0.007 0.014 0.013 0.022 0.022 0.018 0.018 0.003 0.004 
 57 MPO_WM490   (24)    6 :  0.021 0.005 0.009 0.006 0.063 0.016 0.026 0.022 0.251 0.008 0.422 0.146 0.003 0.002 
 58 MPO_WM491   (11)    6 :  0.021 0.003 0.008 0.003 0.025 0.011 0.027 0.029 0.262 0.008 0.419 0.181 0.002 0.002 
 59 OICP_WM541    (1)    7 :  0.839 0.003 0.005 0.003 0.011 0.004 0.015 0.007 0.069 0.004 0.018 0.019 0.002 0.001 
 60 OICP_WM542    (2)    7 :  0.774 0.002 0.005 0.003 0.010 0.007 0.010 0.007 0.109 0.005 0.044 0.021 0.002 0.001 
 61 OICP_WM543    (0)    7 :  0.763 0.003 0.005 0.004 0.010 0.006 0.018 0.007 0.111 0.005 0.040 0.024 0.002 0.002 
 62 OICP_WM544    (1)    7 :  0.319 0.005 0.014 0.007 0.015 0.015 0.420 0.035 0.095 0.004 0.023 0.039 0.002 0.007 
 63 OICP_WM545    (0)    7 :  0.641 0.003 0.006 0.004 0.014 0.009 0.034 0.010 0.161 0.005 0.061 0.047 0.003 0.002 
 64 OICP_WM546    (3)    7 :  0.148 0.002 0.005 0.004 0.016 0.007 0.154 0.015 0.368 0.005 0.091 0.181 0.002 0.002 
 65 OICP_WM547    (2)    7 :  0.149 0.003 0.007 0.004 0.020 0.007 0.142 0.018 0.341 0.006 0.096 0.204 0.002 0.002 
 66 OICP_WM548    (3)    7 :  0.791 0.003 0.006 0.003 0.011 0.005 0.011 0.007 0.112 0.005 0.021 0.020 0.002 0.001 
 67 OICP_WM549    (0)    7 :  0.857 0.002 0.004 0.003 0.011 0.005 0.004 0.007 0.058 0.005 0.020 0.020 0.002 0.001 
 68 OICP_WM550    (1)    7 :  0.779 0.003 0.006 0.003 0.013 0.005 0.013 0.010 0.097 0.006 0.035 0.027 0.002 0.001 
 69 IRO_WM601    (2)    8 :  0.324 0.006 0.030 0.036 0.020 0.009 0.251 0.067 0.052 0.119 0.044 0.034 0.003 0.005 
 70 IRO_WM602    (1)    8 :  0.177 0.005 0.015 0.007 0.022 0.010 0.181 0.074 0.251 0.009 0.064 0.176 0.002 0.006 
 71 IRO_WM603    (2)    8 :  0.034 0.004 0.022 0.193 0.010 0.008 0.203 0.051 0.035 0.361 0.037 0.026 0.002 0.013 
 72 IRO_WM604    (0)    8 :  0.010 0.014 0.003 0.009 0.010 0.008 0.046 0.474 0.017 0.012 0.024 0.188 0.002 0.183 
 73 IRO_WM605    (3)    8 :  0.122 0.018 0.005 0.004 0.012 0.007 0.011 0.544 0.016 0.072 0.022 0.164 0.002 0.002 
 74 IRO_WM606    (3)    8 :  0.022 0.025 0.017 0.006 0.031 0.010 0.015 0.534 0.050 0.007 0.049 0.227 0.002 0.005 
 75 IRO_WM607    (2)    8 :  0.041 0.012 0.076 0.005 0.021 0.013 0.181 0.235 0.071 0.057 0.069 0.208 0.003 0.010 
 76 IRO_WM608    (0)    8 :  0.101 0.012 0.032 0.010 0.015 0.008 0.415 0.071 0.110 0.058 0.052 0.057 0.002 0.056 
 77 IRO_WM609    (0)    8 :  0.051 0.017 0.011 0.028 0.030 0.011 0.080 0.151 0.128 0.050 0.172 0.160 0.003 0.109 
 78 IRO_WM610   (13)    8 :  0.028 0.050 0.252 0.047 0.282 0.017 0.022 0.043 0.089 0.007 0.066 0.083 0.003 0.011 
 79 HGRF_WM661    (5)    9 :  0.140 0.003 0.008 0.004 0.023 0.007 0.154 0.022 0.358 0.005 0.084 0.189 0.002 0.002 
 80 HGRF_WM662    (5)    9 :  0.019 0.003 0.007 0.003 0.030 0.012 0.019 0.014 0.263 0.005 0.451 0.169 0.002 0.002 
 81 HGRF_WM663    (4)    9 :  0.144 0.003 0.008 0.003 0.016 0.009 0.152 0.017 0.342 0.005 0.105 0.193 0.002 0.002 
 82 HGRF_WM664    (3)    9 :  0.031 0.003 0.008 0.003 0.033 0.009 0.042 0.018 0.334 0.007 0.362 0.147 0.002 0.002 
 83 HGRF_WM665    (1)    9 :  0.131 0.005 0.011 0.007 0.021 0.009 0.235 0.020 0.280 0.009 0.076 0.183 0.003 0.010 
 84 HGRF_WM666    (5)    9 :  0.023 0.003 0.007 0.005 0.038 0.015 0.020 0.014 0.285 0.007 0.412 0.168 0.002 0.002 
 85 HGRF_WM667    (0)    9 :  0.019 0.002 0.008 0.005 0.041 0.010 0.021 0.014 0.287 0.006 0.434 0.151 0.002 0.002 
 86 HGRF_WM668    (4)    9 :  0.129 0.003 0.006 0.003 0.011 0.009 0.141 0.020 0.362 0.004 0.096 0.210 0.002 0.002 
 87 HGRF_WM669    (5)    9 :  0.015 0.002 0.007 0.003 0.029 0.011 0.020 0.010 0.271 0.005 0.427 0.196 0.002 0.001 
 88 HGRF_WM670    (9)    9 :  0.038 0.003 0.007 0.004 0.025 0.010 0.045 0.016 0.306 0.006 0.381 0.153 0.002 0.002 
 89 PTP_WM721    (2)   10 :  0.028 0.008 0.025 0.009 0.088 0.038 0.037 0.026 0.232 0.012 0.312 0.170 0.004 0.011 
 90 PTP_WM722    (2)   10 :  0.013 0.005 0.009 0.005 0.093 0.014 0.017 0.017 0.045 0.010 0.057 0.700 0.003 0.010 
 91 PTP_WM723   (25)   10 :  0.029 0.004 0.008 0.005 0.054 0.012 0.021 0.027 0.259 0.007 0.380 0.191 0.003 0.002 
 92 PTP_WM724   (13)   10 :  0.022 0.003 0.009 0.005 0.045 0.016 0.024 0.015 0.295 0.009 0.403 0.149 0.003 0.002 
 93 PTP_WM725   (25)   10 :  0.028 0.003 0.014 0.005 0.051 0.020 0.018 0.013 0.266 0.008 0.403 0.165 0.002 0.002 
 94 PTP_WM726   (13)   10 :  0.027 0.003 0.010 0.004 0.046 0.009 0.023 0.023 0.260 0.009 0.411 0.171 0.002 0.002 
 95 PTP_WM727   (10)   10 :  0.015 0.003 0.006 0.004 0.040 0.011 0.018 0.032 0.270 0.007 0.374 0.214 0.002 0.002 
 96 PTP_WM728    (8)   10 :  0.017 0.003 0.007 0.003 0.033 0.009 0.022 0.011 0.296 0.006 0.440 0.149 0.002 0.001 
 97 PTP_WM729    (9)   10 :  0.014 0.003 0.007 0.005 0.096 0.010 0.012 0.024 0.053 0.005 0.093 0.674 0.002 0.002 
 98 PTP_WM730    (8)   10 :  0.008 0.003 0.007 0.003 0.107 0.005 0.004 0.036 0.019 0.003 0.031 0.769 0.002 0.002 
 99 RRL_WM782    (9)   11 :  0.018 0.002 0.008 0.005 0.041 0.013 0.021 0.017 0.280 0.006 0.443 0.141 0.002 0.002 
100 RRL_WM783    (8)   11 :  0.024 0.005 0.008 0.013 0.013 0.009 0.008 0.019 0.017 0.847 0.015 0.018 0.002 0.003 
101 RRL_WM784    (1)   11 :  0.013 0.009 0.007 0.008 0.018 0.011 0.008 0.026 0.035 0.804 0.029 0.025 0.002 0.003 
102 RRL_WM785    (1)   11 :  0.017 0.002 0.007 0.004 0.028 0.011 0.021 0.015 0.285 0.004 0.448 0.154 0.002 0.001 
103 RRL_WM786    (2)   11 :  0.010 0.028 0.019 0.004 0.006 0.005 0.014 0.077 0.012 0.798 0.009 0.013 0.002 0.003 
104 RRL_WM787    (3)   11 :  0.085 0.010 0.008 0.008 0.008 0.006 0.097 0.033 0.057 0.651 0.013 0.017 0.002 0.006 
105 RRL_WM788    (0)   11 :  0.008 0.002 0.014 0.006 0.009 0.003 0.029 0.034 0.010 0.713 0.009 0.006 0.002 0.155 
106 RRL_WM789    (2)   11 :  0.009 0.004 0.003 0.011 0.005 0.004 0.004 0.009 0.008 0.918 0.012 0.007 0.002 0.003 
107 RRL_WM790    (0)   11 :  0.021 0.023 0.006 0.008 0.011 0.008 0.033 0.148 0.046 0.441 0.033 0.058 0.002 0.162 
108 RRL_WM791    (0)   11 :  0.029 0.004 0.048 0.004 0.013 0.009 0.034 0.021 0.045 0.663 0.067 0.050 0.002 0.012 
109 RRO_WM842    (0)   12 :  0.015 0.009 0.010 0.007 0.010 0.006 0.015 0.077 0.020 0.776 0.024 0.028 0.002 0.003 
110 RRO_WM843    (7)   12 :  0.013 0.007 0.007 0.310 0.013 0.008 0.030 0.032 0.018 0.500 0.019 0.027 0.002 0.012 
111 RRO_WM844    (2)   12 :  0.025 0.005 0.014 0.330 0.022 0.010 0.030 0.220 0.058 0.046 0.081 0.153 0.002 0.003 
112 RRO_WM845    (4)   12 :  0.010 0.003 0.003 0.032 0.008 0.006 0.005 0.004 0.014 0.888 0.012 0.011 0.002 0.002 
113 RRO_WM846   (10)   12 :  0.017 0.005 0.013 0.024 0.017 0.008 0.024 0.013 0.043 0.727 0.064 0.040 0.002 0.003 
114 RRO_WM847    (6)   12 :  0.022 0.008 0.008 0.062 0.013 0.008 0.036 0.095 0.024 0.617 0.035 0.069 0.002 0.003 
115 RRO_WM848    (4)   12 :  0.048 0.006 0.066 0.017 0.053 0.012 0.034 0.011 0.110 0.396 0.148 0.086 0.003 0.009 
116 RRO_WM849    (5)   12 :  0.114 0.004 0.007 0.012 0.013 0.007 0.011 0.010 0.030 0.719 0.039 0.028 0.002 0.002 
117 RRO_WM850    (2)   12 :  0.014 0.004 0.005 0.003 0.011 0.008 0.008 0.014 0.025 0.835 0.033 0.035 0.002 0.002 
118 RRO_WM851    (1)   12 :  0.021 0.004 0.007 0.048 0.027 0.015 0.017 0.018 0.138 0.496 0.140 0.064 0.002 0.003 
119 CPS_WM901    (2)   13 :  0.010 0.005 0.006 0.866 0.007 0.007 0.009 0.020 0.014 0.020 0.013 0.019 0.002 0.002 
120 CPS_WM902    (2)   13 :  0.071 0.014 0.004 0.840 0.008 0.005 0.006 0.005 0.013 0.007 0.012 0.011 0.002 0.002 
121 CPS_WM903    (5)   13 :  0.008 0.007 0.004 0.908 0.006 0.004 0.004 0.009 0.010 0.014 0.014 0.008 0.002 0.002 
122 CPS_WM904    (1)   13 :  0.008 0.016 0.009 0.850 0.010 0.009 0.011 0.009 0.017 0.013 0.017 0.012 0.002 0.018 
123 CPS_WM905    (2)   13 :  0.009 0.011 0.025 0.842 0.016 0.004 0.014 0.012 0.008 0.011 0.008 0.007 0.002 0.032 
124 CPS_WM906    (3)   13 :  0.013 0.004 0.005 0.862 0.010 0.007 0.011 0.009 0.024 0.006 0.026 0.018 0.003 0.002 
125 CPS_WM907    (6)   13 :  0.017 0.003 0.008 0.721 0.031 0.009 0.010 0.012 0.072 0.006 0.058 0.048 0.002 0.002 
126 CPS_WM908    (3)   13 :  0.017 0.006 0.008 0.716 0.024 0.013 0.019 0.017 0.049 0.022 0.052 0.051 0.003 0.006 
127 CPS_WM909    (2)   13 :  0.023 0.006 0.010 0.789 0.012 0.010 0.017 0.014 0.034 0.012 0.046 0.022 0.002 0.002 
128 CPS_WM910    (1)   13 :  0.010 0.004 0.005 0.876 0.011 0.007 0.009 0.007 0.016 0.009 0.016 0.018 0.002 0.010 
129 PPNP_WM962    (1)   14 :  0.006 0.003 0.005 0.003 0.006 0.941 0.004 0.005 0.006 0.003 0.005 0.006 0.004 0.003 
130 PPNP_WM963    (0)   14 :  0.015 0.004 0.007 0.004 0.011 0.790 0.012 0.010 0.034 0.006 0.051 0.035 0.013 0.006 
131 PPNP_WM964    (0)   14 :  0.006 0.003 0.007 0.004 0.008 0.849 0.008 0.008 0.015 0.006 0.011 0.008 0.057 0.011 
132 PPNP_WM965    (4)   14 :  0.009 0.003 0.005 0.004 0.014 0.856 0.006 0.008 0.030 0.004 0.037 0.022 0.002 0.002 
133 PPNP_WM966    (4)   14 :  0.006 0.003 0.004 0.002 0.004 0.937 0.003 0.004 0.012 0.003 0.012 0.007 0.002 0.001 
134 PPNP_WM967    (4)   14 :  0.014 0.003 0.007 0.003 0.018 0.748 0.009 0.010 0.049 0.007 0.075 0.050 0.003 0.002 
135 PPNP_WM968    (5)   14 :  0.022 0.005 0.021 0.005 0.072 0.123 0.031 0.020 0.218 0.006 0.288 0.166 0.017 0.006 
136 PPNP_WM969    (2)   14 :  0.017 0.002 0.006 0.004 0.016 0.767 0.008 0.010 0.059 0.005 0.062 0.040 0.002 0.002 
137 PPNP_WM970    (2)   14 :  0.016 0.003 0.007 0.004 0.020 0.743 0.015 0.010 0.064 0.006 0.067 0.039 0.003 0.002 
138 PPNP_WM971    (2)   14 :  0.016 0.003 0.007 0.004 0.020 0.740 0.012 0.012 0.059 0.006 0.066 0.051 0.003 0.002 
139 FPPI_WM1021    (4)   15 :  0.014 0.005 0.007 0.005 0.015 0.846 0.010 0.008 0.025 0.004 0.026 0.023 0.003 0.009 
140 FPPI_WM1022    (4)   15 :  0.016 0.004 0.008 0.005 0.283 0.502 0.012 0.012 0.043 0.006 0.057 0.031 0.016 0.004 
141 FPPI_WM1023    (1)   15 :  0.012 0.003 0.007 0.004 0.012 0.848 0.010 0.008 0.029 0.005 0.031 0.028 0.003 0.001 
142 FPPI_WM1024    (5)   15 :  0.014 0.003 0.007 0.003 0.019 0.760 0.013 0.009 0.057 0.006 0.068 0.038 0.002 0.002 
143 FPPI_WM1025    (6)   15 :  0.025 0.003 0.005 0.004 0.025 0.744 0.012 0.012 0.056 0.005 0.070 0.033 0.004 0.002 
144 FPPI_WM1026    (1)   15 :  0.007 0.003 0.004 0.003 0.007 0.921 0.004 0.006 0.011 0.005 0.016 0.011 0.002 0.002 
145 FPPI_WM1027    (3)   15 :  0.005 0.002 0.003 0.002 0.004 0.947 0.004 0.004 0.009 0.003 0.007 0.006 0.001 0.002 
146 FPPI_WM1028    (2)   15 :  0.007 0.003 0.005 0.004 0.006 0.893 0.007 0.008 0.017 0.004 0.024 0.013 0.006 0.001 
147 FPPI_WM1029    (3)   15 :  0.023 0.003 0.014 0.004 0.025 0.511 0.020 0.012 0.099 0.007 0.180 0.078 0.022 0.003 
148 FPPI_WM1030    (1)   15 :  0.007 0.005 0.006 0.004 0.011 0.884 0.011 0.009 0.017 0.004 0.013 0.010 0.003 0.016 
149 CRWA_WM1082    (2)   16 :  0.005 0.002 0.931 0.002 0.005 0.003 0.016 0.005 0.008 0.004 0.006 0.009 0.002 0.002 
150 CRWA_WM1084    (5)   16 :  0.070 0.007 0.373 0.004 0.015 0.008 0.233 0.028 0.074 0.007 0.028 0.149 0.002 0.003 
151 CRWA_WM1085    (2)   16 :  0.015 0.009 0.485 0.004 0.021 0.012 0.148 0.024 0.056 0.010 0.066 0.147 0.002 0.002 
152 CRWA_WM1086    (9)   16 :  0.021 0.004 0.101 0.004 0.142 0.012 0.282 0.030 0.132 0.036 0.105 0.122 0.003 0.004 
153 CRWA_WM1087    (0)   16 :  0.015 0.017 0.639 0.020 0.026 0.008 0.049 0.020 0.053 0.007 0.054 0.029 0.003 0.061 
154 CRWA_WM1088    (1)   16 :  0.079 0.017 0.071 0.003 0.072 0.008 0.320 0.037 0.137 0.008 0.046 0.177 0.003 0.023 
155 CRWA_WM1089    (3)   16 :  0.036 0.003 0.635 0.005 0.037 0.009 0.013 0.013 0.091 0.005 0.105 0.042 0.002 0.002 
156 CRWA_WM1090    (0)   16 :  0.017 0.048 0.189 0.006 0.019 0.011 0.093 0.209 0.070 0.021 0.126 0.183 0.002 0.005 
157 CRWA_WM1092    (1)   16 :  0.031 0.012 0.637 0.005 0.019 0.009 0.052 0.013 0.022 0.006 0.080 0.030 0.002 0.081 
158 CRWA_WM1093    (1)   16 :  0.076 0.004 0.664 0.005 0.012 0.006 0.055 0.023 0.062 0.004 0.022 0.035 0.002 0.032 
159 PCRA_WM1141    (3)   17 :  0.014 0.518 0.055 0.007 0.018 0.006 0.013 0.166 0.046 0.012 0.051 0.089 0.002 0.003 
160 PCRA_WM1142    (3)   17 :  0.021 0.645 0.011 0.007 0.033 0.012 0.015 0.040 0.088 0.009 0.064 0.053 0.002 0.002 
161 PCRA_WM1143    (1)   17 :  0.028 0.429 0.015 0.006 0.031 0.012 0.017 0.070 0.087 0.009 0.199 0.094 0.002 0.002 
162 PCRA_WM1144    (2)   17 :  0.125 0.010 0.007 0.014 0.019 0.010 0.015 0.014 0.056 0.600 0.079 0.046 0.003 0.002 
163 PCRA_WM1145    (4)   17 :  0.033 0.344 0.023 0.020 0.037 0.012 0.020 0.047 0.182 0.010 0.157 0.108 0.003 0.004 
164 PCRA_WM1146    (2)   17 :  0.049 0.777 0.072 0.010 0.011 0.004 0.007 0.014 0.010 0.016 0.009 0.011 0.002 0.008 
165 PCRA_WM1147    (1)   17 :  0.019 0.102 0.047 0.004 0.022 0.010 0.198 0.124 0.046 0.008 0.113 0.304 0.002 0.002 
166 PCRA_WM1148    (0)   17 :  0.015 0.876 0.006 0.005 0.007 0.006 0.011 0.020 0.012 0.008 0.011 0.011 0.002 0.010 
167 PCRA_WM1149    (1)   17 :  0.042 0.738 0.008 0.106 0.009 0.005 0.008 0.009 0.015 0.026 0.010 0.009 0.002 0.015 
168 PCRA_WM1150    (0)   17 :  0.048 0.820 0.007 0.004 0.008 0.006 0.018 0.012 0.014 0.019 0.015 0.011 0.006 0.011 
169 DHFA_WM1202    (3)   18 :  0.016 0.003 0.008 0.005 0.032 0.011 0.018 0.016 0.053 0.009 0.062 0.059 0.706 0.003 
170 DHFA_WM1203    (1)   18 :  0.017 0.004 0.006 0.006 0.018 0.027 0.015 0.012 0.057 0.007 0.062 0.046 0.719 0.003 
171 DHFA_WM1204    (2)   18 :  0.015 0.003 0.009 0.005 0.020 0.015 0.016 0.014 0.053 0.008 0.062 0.034 0.743 0.002 
172 DHFA_WM1205    (5)   18 :  0.007 0.003 0.004 0.003 0.009 0.005 0.004 0.004 0.009 0.004 0.014 0.008 0.923 0.003 
173 DHFA_WM1206    (4)   18 :  0.010 0.003 0.006 0.003 0.014 0.006 0.006 0.006 0.014 0.004 0.013 0.015 0.900 0.002 
174 DHFA_WM1207    (2)   18 :  0.005 0.002 0.003 0.002 0.006 0.003 0.003 0.004 0.007 0.003 0.007 0.006 0.941 0.007 
175 DHFA_WM1208    (3)   18 :  0.008 0.003 0.004 0.003 0.009 0.008 0.007 0.006 0.008 0.005 0.012 0.010 0.914 0.002 
176 DHFA_WM1209    (1)   18 :  0.007 0.002 0.005 0.002 0.005 0.005 0.006 0.005 0.007 0.004 0.007 0.008 0.926 0.010 
177 DHFA_WM1210    (0)   18 :  0.003 0.002 0.002 0.002 0.003 0.002 0.004 0.002 0.004 0.002 0.003 0.004 0.962 0.005 
178 DHFA_WM1211    (2)   18 :  0.019 0.005 0.011 0.004 0.019 0.013 0.014 0.013 0.049 0.008 0.053 0.023 0.765 0.004 


Estimated Allele Frequencies in each cluster
First column gives estimated ancestral frequencies


Locus 1 : 953_21 
2 alleles
4.5% missing data
 120   (0.955) 0.999 0.995 0.998 0.997 0.999 0.900 0.984 0.992 1.000 0.998 1.000 1.000 0.997 0.955 
 100   (0.045) 0.001 0.005 0.002 0.003 0.001 0.100 0.016 0.008 0.000 0.002 0.000 0.000 0.003 0.045 

Locus 2 : 2370_26 
2 alleles
6.2% missing data
 110   (0.945) 0.999 0.994 0.998 0.997 0.999 0.791 0.981 0.991 1.000 0.997 1.000 1.000 0.996 0.945 
 130   (0.055) 0.001 0.006 0.002 0.003 0.001 0.209 0.019 0.009 0.000 0.003 0.000 0.000 0.004 0.055 

Locus 3 : 2692_87 
2 alleles
1.7% missing data
 130   (0.946) 0.999 0.994 0.998 0.997 0.999 0.999 0.983 0.993 1.000 0.998 1.000 1.000 0.765 0.946 
 120   (0.054) 0.001 0.006 0.002 0.003 0.001 0.001 0.017 0.007 0.000 0.002 0.000 0.000 0.235 0.054 

Locus 4 : 2828_58 
2 alleles
6.7% missing data
 100   (0.913) 0.994 0.823 0.995 0.994 0.998 0.998 0.926 0.972 0.995 0.995 1.000 0.998 0.994 0.913 
 120   (0.087) 0.006 0.177 0.005 0.006 0.002 0.002 0.074 0.028 0.005 0.005 0.000 0.002 0.006 0.087 

Locus 5 : 6398_73 
2 alleles
6.2% missing data
 130   (0.907) 0.999 0.990 0.996 0.994 0.998 0.795 0.969 0.987 1.000 0.996 1.000 0.999 0.643 0.907 
 100   (0.093) 0.001 0.010 0.004 0.006 0.002 0.205 0.031 0.013 0.000 0.004 0.000 0.001 0.357 0.093 

Locus 6 : 7469_71 
2 alleles
5.1% missing data
 130   (0.954) 0.999 0.993 0.997 0.996 0.997 0.998 0.983 0.992 1.000 0.997 1.000 0.982 0.997 0.954 
 110   (0.046) 0.001 0.007 0.003 0.004 0.003 0.002 0.017 0.008 0.000 0.003 0.000 0.018 0.003 0.046 

Locus 7 : 7615_47 
2 alleles
5.1% missing data
 130   (0.954) 0.998 0.990 0.996 0.995 0.996 0.997 0.982 0.990 0.998 0.996 1.000 0.997 0.996 0.954 
 100   (0.046) 0.002 0.010 0.004 0.005 0.004 0.003 0.018 0.010 0.002 0.004 0.000 0.003 0.004 0.046 

Locus 8 : 8211_10 
2 alleles
2.8% missing data
 120   (0.955) 0.999 0.995 0.998 0.997 0.999 0.999 0.984 0.993 1.000 0.998 1.000 1.000 0.936 0.955 
 100   (0.045) 0.001 0.005 0.002 0.003 0.001 0.001 0.016 0.007 0.000 0.002 0.000 0.000 0.064 0.045 

Locus 9 : 8394_14 
2 alleles
2.2% missing data
 110   (0.948) 0.999 0.994 0.998 0.997 0.998 0.864 0.982 0.992 1.000 0.998 1.000 1.000 0.997 0.948 
 130   (0.052) 0.001 0.006 0.002 0.003 0.002 0.136 0.018 0.008 0.000 0.002 0.000 0.000 0.003 0.052 

Locus 10 : 9621_63 
2 alleles
3.9% missing data
 130   (0.957) 0.999 0.995 0.998 0.998 0.999 0.999 0.985 0.993 1.000 0.998 1.000 1.000 0.940 0.957 
 110   (0.043) 0.001 0.005 0.002 0.002 0.001 0.001 0.015 0.007 0.000 0.002 0.000 0.000 0.060 0.043 

Locus 11 : 9880_35 
2 alleles
4.5% missing data
 120   (0.943) 0.999 0.994 0.998 0.996 0.999 0.999 0.983 0.991 1.000 0.998 1.000 1.000 0.706 0.943 
 100   (0.057) 0.001 0.006 0.002 0.004 0.001 0.001 0.017 0.009 0.000 0.002 0.000 0.000 0.294 0.057 

Locus 12 : 11163_16 
2 alleles
7.9% missing data
 130   (0.949) 0.999 0.994 0.998 0.997 0.999 0.999 0.984 0.992 1.000 0.998 1.000 1.000 0.914 0.949 
 110   (0.051) 0.001 0.006 0.002 0.003 0.001 0.001 0.016 0.008 0.000 0.002 0.000 0.000 0.086 0.051 

Locus 13 : 11991_31 
2 alleles
4.5% missing data
 120   (0.927) 0.998 0.987 0.991 0.995 0.998 0.998 0.932 0.958 1.000 0.980 1.000 0.997 0.995 0.927 
 100   (0.073) 0.002 0.013 0.009 0.005 0.002 0.002 0.068 0.042 0.000 0.020 0.000 0.003 0.005 0.073 

Locus 14 : 12766_17 
2 alleles
2.2% missing data
 120   (0.957) 0.999 0.929 0.998 0.995 0.999 0.999 0.985 0.992 1.000 0.998 1.000 1.000 0.997 0.957 
 100   (0.043) 0.001 0.071 0.002 0.005 0.001 0.001 0.015 0.008 0.000 0.002 0.000 0.000 0.003 0.043 

Locus 15 : 13496_14 
2 alleles
5.1% missing data
 110   (0.957) 0.999 0.995 0.998 0.686 0.999 0.999 0.986 0.993 1.000 0.998 1.000 1.000 0.997 0.957 
 100   (0.043) 0.001 0.005 0.002 0.314 0.001 0.001 0.014 0.007 0.000 0.002 0.000 0.000 0.003 0.043 

Locus 16 : 14394_41 
2 alleles
2.2% missing data
 130   (0.956) 0.999 0.926 0.998 0.997 0.999 0.999 0.985 0.993 1.000 0.998 1.000 1.000 0.997 0.956 
 110   (0.044) 0.001 0.074 0.002 0.003 0.001 0.001 0.015 0.007 0.000 0.002 0.000 0.000 0.003 0.044 

Locus 17 : 16285_24 
2 alleles
6.2% missing data
 130   (0.950) 0.999 0.995 0.998 0.997 0.999 0.999 0.983 0.992 1.000 0.998 1.000 1.000 0.875 0.950 
 100   (0.050) 0.001 0.005 0.002 0.003 0.001 0.001 0.017 0.008 0.000 0.002 0.000 0.000 0.125 0.050 

Locus 18 : 18821_69 
2 alleles
7.3% missing data
 120   (0.950) 0.999 0.995 0.998 0.997 0.735 0.999 0.982 0.991 1.000 0.998 1.000 1.000 0.997 0.950 
 110   (0.050) 0.001 0.005 0.002 0.003 0.265 0.001 0.018 0.009 0.000 0.002 0.000 0.000 0.003 0.050 

Locus 19 : 19006_32 
2 alleles
6.7% missing data
 120   (0.917) 0.999 0.991 0.997 0.995 0.999 0.797 0.972 0.986 1.000 0.997 1.000 0.999 0.661 0.917 
 110   (0.083) 0.001 0.009 0.003 0.005 0.001 0.203 0.028 0.014 0.000 0.003 0.000 0.001 0.339 0.083 

Locus 20 : 19602_58 
2 alleles
4.5% missing data
 120   (0.959) 0.999 0.995 0.998 0.998 0.999 0.999 0.986 0.993 1.000 0.998 1.000 1.000 0.973 0.959 
 100   (0.041) 0.001 0.005 0.002 0.002 0.001 0.001 0.014 0.007 0.000 0.002 0.000 0.000 0.027 0.041 

Locus 21 : 20143_24 
2 alleles
3.4% missing data
 120   (0.956) 0.999 0.994 0.998 0.963 0.999 0.999 0.983 0.989 1.000 0.998 1.000 1.000 0.997 0.956 
 100   (0.044) 0.001 0.006 0.002 0.037 0.001 0.001 0.017 0.011 0.000 0.002 0.000 0.000 0.003 0.044 

Locus 22 : 21661_29 
2 alleles
2.2% missing data
 120   (0.949) 0.999 0.995 0.998 0.997 0.999 0.999 0.983 0.992 1.000 0.998 1.000 1.000 0.892 0.949 
 100   (0.051) 0.001 0.005 0.002 0.003 0.001 0.001 0.017 0.008 0.000 0.002 0.000 0.000 0.108 0.051 

Locus 23 : 22603_12 
2 alleles
5.1% missing data
 130   (0.960) 0.999 0.996 0.998 0.998 0.999 0.999 0.985 0.993 1.000 0.998 1.000 1.000 0.946 0.960 
 110   (0.040) 0.001 0.004 0.002 0.002 0.001 0.001 0.015 0.007 0.000 0.002 0.000 0.000 0.054 0.040 

Locus 24 : 25109_23 
2 alleles
1.7% missing data
 120   (0.926) 0.999 0.943 0.831 0.993 0.998 0.998 0.971 0.979 0.999 0.996 1.000 0.997 0.995 0.926 
 100   (0.074) 0.001 0.057 0.169 0.007 0.002 0.002 0.029 0.021 0.001 0.004 0.000 0.003 0.005 0.074 

Locus 25 : 25511_77 
2 alleles
5.1% missing data
 130   (0.951) 0.999 0.995 0.998 0.997 0.999 0.937 0.984 0.992 1.000 0.998 1.000 1.000 0.996 0.951 
 110   (0.049) 0.001 0.005 0.002 0.003 0.001 0.063 0.016 0.008 0.000 0.002 0.000 0.000 0.004 0.049 

Locus 26 : 26816_9 
2 alleles
5.6% missing data
 110   (0.871) 0.993 0.983 0.700 0.984 0.996 0.997 0.821 0.923 0.999 0.817 1.000 0.996 0.992 0.871 
 130   (0.129) 0.007 0.017 0.300 0.016 0.004 0.003 0.179 0.077 0.001 0.183 0.000 0.004 0.008 0.129 

Locus 27 : 29455_86 
2 alleles
5.6% missing data
 120   (0.955) 0.999 0.986 0.998 0.997 0.999 0.999 0.979 0.986 1.000 0.998 1.000 0.999 0.997 0.955 
 110   (0.045) 0.001 0.014 0.002 0.003 0.001 0.001 0.021 0.014 0.000 0.002 0.000 0.001 0.003 0.045 

Locus 28 : 30970_30 
2 alleles
6.7% missing data
 120   (0.955) 0.999 0.994 0.998 0.956 0.999 0.999 0.983 0.991 1.000 0.998 1.000 1.000 0.997 0.955 
 110   (0.045) 0.001 0.006 0.002 0.044 0.001 0.001 0.017 0.009 0.000 0.002 0.000 0.000 0.003 0.045 

Locus 29 : 33052_5 
2 alleles
1.1% missing data
 130   (0.960) 0.999 0.994 0.993 0.997 0.973 0.999 0.984 0.991 1.000 0.998 1.000 1.000 0.997 0.960 
 110   (0.040) 0.001 0.006 0.007 0.003 0.027 0.001 0.016 0.009 0.000 0.002 0.000 0.000 0.003 0.040 

Locus 30 : 33744_32 
2 alleles
2.8% missing data
 130   (0.944) 0.999 0.994 0.998 0.997 0.890 0.999 0.982 0.991 1.000 0.998 1.000 1.000 0.996 0.944 
 110   (0.056) 0.001 0.006 0.002 0.003 0.110 0.001 0.018 0.009 0.000 0.002 0.000 0.000 0.004 0.056 

Locus 31 : 34805_8 
2 alleles
4.5% missing data
 110   (0.937) 0.999 0.744 0.997 0.996 0.999 0.998 0.972 0.983 1.000 0.997 1.000 0.999 0.996 0.937 
 120   (0.063) 0.001 0.256 0.003 0.004 0.001 0.002 0.028 0.017 0.000 0.003 0.000 0.001 0.004 0.063 

Locus 32 : 35345_10 
2 alleles
5.1% missing data
 130   (0.950) 0.999 0.994 0.997 0.996 0.939 0.998 0.976 0.986 0.998 0.998 1.000 0.997 0.996 0.950 
 110   (0.050) 0.001 0.006 0.003 0.004 0.061 0.002 0.024 0.014 0.002 0.002 0.000 0.003 0.004 0.050 

Locus 33 : 35769_30 
2 alleles
6.2% missing data
 110   (0.939) 0.999 0.922 0.995 0.957 0.999 0.998 0.978 0.989 1.000 0.997 1.000 1.000 0.996 0.939 
 100   (0.061) 0.001 0.078 0.005 0.043 0.001 0.002 0.022 0.011 0.000 0.003 0.000 0.000 0.004 0.061 

Locus 34 : 35965_89 
2 alleles
3.4% missing data
 130   (0.958) 0.999 0.995 0.972 0.997 0.999 0.999 0.984 0.990 1.000 0.998 1.000 1.000 0.997 0.958 
 100   (0.042) 0.001 0.005 0.028 0.003 0.001 0.001 0.016 0.010 0.000 0.002 0.000 0.000 0.003 0.042 

Locus 35 : 39654_13 
2 alleles
5.6% missing data
 120   (0.958) 0.999 0.995 0.998 0.997 0.999 0.999 0.985 0.986 1.000 0.988 1.000 1.000 0.997 0.958 
 100   (0.042) 0.001 0.005 0.002 0.003 0.001 0.001 0.015 0.014 0.000 0.012 0.000 0.000 0.003 0.042 

Locus 36 : 39700_65 
2 alleles
3.4% missing data
 110   (0.960) 0.999 0.994 0.998 0.996 0.999 0.999 0.984 0.989 1.000 0.997 1.000 0.999 0.997 0.960 
 120   (0.040) 0.001 0.006 0.002 0.004 0.001 0.001 0.016 0.011 0.000 0.003 0.000 0.001 0.003 0.040 

Locus 37 : 40824_7 
2 alleles
5.1% missing data
 130   (0.950) 0.999 0.994 0.998 0.995 0.999 0.999 0.981 0.990 1.000 0.930 1.000 1.000 0.997 0.950 
 110   (0.050) 0.001 0.006 0.002 0.005 0.001 0.001 0.019 0.010 0.000 0.070 0.000 0.000 0.003 0.050 

Locus 38 : 41554_43 
2 alleles
7.3% missing data
 120   (0.955) 0.999 0.994 0.997 0.957 0.999 0.999 0.986 0.993 1.000 0.997 1.000 1.000 0.997 0.955 
 100   (0.045) 0.001 0.006 0.003 0.043 0.001 0.001 0.014 0.007 0.000 0.003 0.000 0.000 0.003 0.045 

Locus 39 : 42501_5 
2 alleles
5.6% missing data
 120   (0.948) 0.999 0.994 0.998 0.996 0.999 0.999 0.983 0.992 1.000 0.998 1.000 1.000 0.918 0.948 
 110   (0.052) 0.001 0.006 0.002 0.004 0.001 0.001 0.017 0.008 0.000 0.002 0.000 0.000 0.082 0.052 

Locus 40 : 42989_15 
2 alleles
3.4% missing data
 130   (0.954) 0.999 0.995 0.998 0.997 0.999 0.999 0.985 0.992 1.000 0.926 1.000 0.999 0.997 0.954 
 110   (0.046) 0.001 0.005 0.002 0.003 0.001 0.001 0.015 0.008 0.000 0.074 0.000 0.001 0.003 0.046 

Locus 41 : 44631_16 
2 alleles
5.6% missing data
 120   (0.952) 0.999 0.994 0.998 0.847 0.999 0.999 0.985 0.992 1.000 0.998 1.000 1.000 0.997 0.952 
 110   (0.048) 0.001 0.006 0.002 0.153 0.001 0.001 0.015 0.008 0.000 0.002 0.000 0.000 0.003 0.048 

Locus 42 : 45332_74 
2 alleles
3.4% missing data
 130   (0.871) 0.792 0.834 0.995 0.991 0.983 0.996 0.940 0.928 1.000 0.752 1.000 0.994 0.991 0.871 
 110   (0.129) 0.208 0.166 0.005 0.009 0.017 0.004 0.060 0.072 0.000 0.248 0.000 0.006 0.009 0.129 

Locus 43 : 45964_12 
2 alleles
2.2% missing data
 100   (0.955) 0.999 0.995 0.998 0.997 0.999 0.978 0.986 0.992 1.000 0.998 1.000 1.000 0.994 0.955 
 130   (0.045) 0.001 0.005 0.002 0.003 0.001 0.022 0.014 0.008 0.000 0.002 0.000 0.000 0.006 0.045 

Locus 44 : 47772_18 
2 alleles
1.7% missing data
 120   (0.946) 0.999 0.994 0.998 0.997 0.999 0.999 0.983 0.991 1.000 0.998 1.000 1.000 0.814 0.946 
 100   (0.054) 0.001 0.006 0.002 0.003 0.001 0.001 0.017 0.009 0.000 0.002 0.000 0.000 0.186 0.054 

Locus 45 : 48505_7 
2 alleles
2.8% missing data
 130   (0.954) 0.990 0.994 0.998 0.997 0.999 0.999 0.981 0.991 1.000 0.998 1.000 1.000 0.997 0.954 
 110   (0.046) 0.010 0.006 0.002 0.003 0.001 0.001 0.019 0.009 0.000 0.002 0.000 0.000 0.003 0.046 

Locus 46 : 49838_13 
2 alleles
5.1% missing data
 120   (0.953) 0.916 0.995 0.998 0.997 0.999 0.999 0.985 0.992 1.000 0.998 1.000 1.000 0.997 0.953 
 100   (0.047) 0.084 0.005 0.002 0.003 0.001 0.001 0.015 0.008 0.000 0.002 0.000 0.000 0.003 0.047 

Locus 47 : 50793_47 
2 alleles
6.2% missing data
 120   (0.946) 0.999 0.994 0.998 0.991 0.999 0.999 0.982 0.991 1.000 0.866 1.000 0.999 0.996 0.946 
 100   (0.054) 0.001 0.006 0.002 0.009 0.001 0.001 0.018 0.009 0.000 0.134 0.000 0.001 0.004 0.054 

Locus 48 : 51471_5 
2 alleles
2.2% missing data
 110   (0.954) 0.999 0.995 0.998 0.997 0.999 0.941 0.984 0.992 1.000 0.998 1.000 1.000 0.997 0.954 
 120   (0.046) 0.001 0.005 0.002 0.003 0.001 0.059 0.016 0.008 0.000 0.002 0.000 0.000 0.003 0.046 

Locus 49 : 52408_45 
2 alleles
2.2% missing data
 130   (0.953) 0.999 0.995 0.998 0.812 0.999 0.999 0.983 0.993 1.000 0.998 1.000 1.000 0.997 0.953 
 110   (0.047) 0.001 0.005 0.002 0.188 0.001 0.001 0.017 0.007 0.000 0.002 0.000 0.000 0.003 0.047 

Locus 50 : 53046_18 
2 alleles
0.6% missing data
 120   (0.937) 0.999 0.993 0.998 0.996 0.994 0.998 0.976 0.987 1.000 0.927 1.000 1.000 0.996 0.937 
 100   (0.063) 0.001 0.007 0.002 0.004 0.006 0.002 0.024 0.013 0.000 0.073 0.000 0.000 0.004 0.063 

Locus 51 : 53230_50 
2 alleles
4.5% missing data
 120   (0.950) 0.999 0.995 0.998 0.997 0.999 0.898 0.987 0.993 1.000 0.998 1.000 1.000 0.997 0.950 
 110   (0.050) 0.001 0.005 0.002 0.003 0.001 0.102 0.013 0.007 0.000 0.002 0.000 0.000 0.003 0.050 

Locus 52 : 53957_5 
2 alleles
3.9% missing data
 130   (0.957) 0.999 0.994 0.998 0.997 0.999 0.999 0.984 0.989 1.000 0.991 1.000 1.000 0.997 0.957 
 110   (0.043) 0.001 0.006 0.002 0.003 0.001 0.001 0.016 0.011 0.000 0.009 0.000 0.000 0.003 0.043 

Locus 53 : 58003_89 
2 alleles
3.9% missing data
 120   (0.944) 0.999 0.990 0.975 0.996 0.997 0.998 0.968 0.977 0.997 0.993 1.000 0.992 0.996 0.944 
 100   (0.056) 0.001 0.010 0.025 0.004 0.003 0.002 0.032 0.023 0.003 0.007 0.000 0.008 0.004 0.056 

Locus 54 : 58412_58 
2 alleles
2.2% missing data
 110   (0.954) 0.999 0.995 0.998 0.997 0.999 0.999 0.984 0.992 1.000 0.998 1.000 1.000 0.974 0.954 
 100   (0.046) 0.001 0.005 0.002 0.003 0.001 0.001 0.016 0.008 0.000 0.002 0.000 0.000 0.026 0.046 

Locus 55 : 58452_11 
2 alleles
3.4% missing data
 120   (0.960) 0.999 0.995 0.980 0.997 0.999 0.999 0.979 0.992 1.000 0.998 1.000 1.000 0.997 0.960 
 130   (0.040) 0.001 0.005 0.020 0.003 0.001 0.001 0.021 0.008 0.000 0.002 0.000 0.000 0.003 0.040 

Locus 56 : 59409_85 
2 alleles
2.8% missing data
 130   (0.950) 0.999 0.994 0.998 0.997 0.999 0.999 0.978 0.988 1.000 0.998 1.000 0.999 0.997 0.950 
 100   (0.050) 0.001 0.006 0.002 0.003 0.001 0.001 0.022 0.012 0.000 0.002 0.000 0.001 0.003 0.050 

Locus 57 : 60620_10 
2 alleles
1.1% missing data
 120   (0.957) 0.999 0.995 0.998 0.997 0.999 0.999 0.986 0.994 1.000 0.998 1.000 1.000 0.892 0.957 
 130   (0.043) 0.001 0.005 0.002 0.003 0.001 0.001 0.014 0.006 0.000 0.002 0.000 0.000 0.108 0.043 

Locus 58 : 61541_77 
2 alleles
3.4% missing data
 120   (0.950) 0.999 0.994 0.998 0.997 0.999 0.999 0.984 0.992 1.000 0.998 1.000 1.000 0.840 0.950 
 100   (0.050) 0.001 0.006 0.002 0.003 0.001 0.001 0.016 0.008 0.000 0.002 0.000 0.000 0.160 0.050 

Locus 59 : 61756_42 
2 alleles
1.1% missing data
 130   (0.950) 0.999 0.995 0.998 0.997 0.999 0.999 0.985 0.992 1.000 0.998 1.000 1.000 0.821 0.950 
 110   (0.050) 0.001 0.005 0.002 0.003 0.001 0.001 0.015 0.008 0.000 0.002 0.000 0.000 0.179 0.050 

Locus 60 : 62497_19 
2 alleles
6.2% missing data
 130   (0.901) 0.984 0.926 0.957 0.869 0.997 0.997 0.961 0.970 0.997 0.994 1.000 0.994 0.993 0.901 
 110   (0.099) 0.016 0.074 0.043 0.131 0.003 0.003 0.039 0.030 0.003 0.006 0.000 0.006 0.007 0.099 

Locus 61 : 63024_50 
2 alleles
2.8% missing data
 120   (0.948) 0.999 0.993 0.937 0.997 0.999 0.999 0.971 0.988 1.000 0.998 1.000 1.000 0.997 0.948 
 100   (0.052) 0.001 0.007 0.063 0.003 0.001 0.001 0.029 0.012 0.000 0.002 0.000 0.000 0.003 0.052 

Locus 62 : 64492_50 
2 alleles
7.3% missing data
 120   (0.914) 0.999 0.989 0.955 0.886 0.998 0.998 0.969 0.983 1.000 0.930 1.000 0.999 0.994 0.914 
 100   (0.086) 0.001 0.011 0.045 0.114 0.002 0.002 0.031 0.017 0.000 0.070 0.000 0.001 0.006 0.086 

Locus 63 : 67984_34 
2 alleles
2.2% missing data
 120   (0.954) 0.999 0.995 0.998 0.997 0.999 0.999 0.985 0.992 1.000 0.998 1.000 1.000 0.866 0.954 
 100   (0.046) 0.001 0.005 0.002 0.003 0.001 0.001 0.015 0.008 0.000 0.002 0.000 0.000 0.134 0.046 

Locus 64 : 69199_10 
2 alleles
4.5% missing data
 120   (0.939) 0.999 0.993 0.342 0.996 0.999 0.998 0.972 0.989 1.000 0.997 1.000 0.999 0.996 0.939 
 100   (0.061) 0.001 0.007 0.658 0.004 0.001 0.002 0.028 0.011 0.000 0.003 0.000 0.001 0.004 0.061 

Locus 65 : 71368_77 
2 alleles
6.7% missing data
 100   (0.949) 0.999 0.994 0.998 0.996 0.999 0.772 0.984 0.992 1.000 0.998 1.000 1.000 0.996 0.949 
 110   (0.051) 0.001 0.006 0.002 0.004 0.001 0.228 0.016 0.008 0.000 0.002 0.000 0.000 0.004 0.051 

Locus 66 : 72276_35 
2 alleles
5.1% missing data
 130   (0.947) 0.999 0.994 0.997 0.997 0.999 0.999 0.983 0.990 1.000 0.899 1.000 1.000 0.997 0.947 
 120   (0.053) 0.001 0.006 0.003 0.003 0.001 0.001 0.017 0.010 0.000 0.101 0.000 0.000 0.003 0.053 

Locus 67 : 73554_16 
2 alleles
3.9% missing data
 100   (0.949) 0.999 0.842 0.998 0.997 0.999 0.999 0.983 0.993 1.000 0.998 1.000 1.000 0.997 0.949 
 130   (0.051) 0.001 0.158 0.002 0.003 0.001 0.001 0.017 0.007 0.000 0.002 0.000 0.000 0.003 0.051 

Locus 68 : 74575_32 
2 alleles
1.7% missing data
 120   (0.957) 0.999 0.995 0.998 0.997 0.999 0.999 0.984 0.985 1.000 0.989 1.000 1.000 0.997 0.957 
 100   (0.043) 0.001 0.005 0.002 0.003 0.001 0.001 0.016 0.015 0.000 0.011 0.000 0.000 0.003 0.043 

Locus 69 : 76504_10 
2 alleles
1.1% missing data
 110   (0.957) 0.999 0.995 0.998 0.997 0.810 0.999 0.986 0.993 1.000 0.998 1.000 1.000 0.997 0.957 
 100   (0.043) 0.001 0.005 0.002 0.003 0.190 0.001 0.014 0.007 0.000 0.002 0.000 0.000 0.003 0.043 

Locus 70 : 76561_35 
2 alleles
5.6% missing data
 120   (0.951) 0.999 0.995 0.998 0.551 0.999 0.999 0.982 0.992 1.000 0.998 1.000 1.000 0.997 0.951 
 100   (0.049) 0.001 0.005 0.002 0.449 0.001 0.001 0.018 0.008 0.000 0.002 0.000 0.000 0.003 0.049 

Locus 71 : 77346_16 
2 alleles
2.2% missing data
 130   (0.957) 0.999 0.995 0.998 0.997 0.924 0.999 0.987 0.994 1.000 0.998 1.000 1.000 0.997 0.957 
 110   (0.043) 0.001 0.005 0.002 0.003 0.076 0.001 0.013 0.006 0.000 0.002 0.000 0.000 0.003 0.043 

Locus 72 : 78631_40 
2 alleles
7.9% missing data
 120   (0.932) 0.999 0.992 0.997 0.993 0.999 0.998 0.979 0.990 1.000 0.820 1.000 1.000 0.996 0.932 
 110   (0.068) 0.001 0.008 0.003 0.007 0.001 0.002 0.021 0.010 0.000 0.180 0.000 0.000 0.004 0.068 

Locus 73 : 80366_12 
2 alleles
6.7% missing data
 130   (0.958) 0.999 0.993 0.998 0.996 0.999 0.999 0.981 0.989 1.000 0.997 1.000 0.999 0.997 0.958 
 110   (0.042) 0.001 0.007 0.002 0.004 0.001 0.001 0.019 0.011 0.000 0.003 0.000 0.001 0.003 0.042 

Locus 74 : 80499_10 
2 alleles
6.2% missing data
 130   (0.953) 0.999 0.995 0.998 0.997 0.999 0.902 0.986 0.994 1.000 0.998 1.000 1.000 0.997 0.954 
 100   (0.047) 0.001 0.005 0.002 0.003 0.001 0.098 0.014 0.006 0.000 0.002 0.000 0.000 0.003 0.046 

Locus 75 : 81141_31 
2 alleles
2.8% missing data
 120   (0.956) 0.990 0.994 0.998 0.997 0.999 0.999 0.980 0.990 1.000 0.998 1.000 1.000 0.997 0.956 
 100   (0.044) 0.010 0.006 0.002 0.003 0.001 0.001 0.020 0.010 0.000 0.002 0.000 0.000 0.003 0.044 

Locus 76 : 81662_33 
2 alleles
3.4% missing data
 120   (0.955) 0.999 0.995 0.998 0.997 0.999 0.999 0.973 0.988 1.000 0.998 1.000 1.000 0.997 0.955 
 110   (0.045) 0.001 0.005 0.002 0.003 0.001 0.001 0.027 0.012 0.000 0.002 0.000 0.000 0.003 0.045 

Locus 77 : 82002_8 
2 alleles
6.7% missing data
 100   (0.946) 0.999 0.994 0.998 0.997 0.999 0.999 0.982 0.991 1.000 0.998 1.000 1.000 0.678 0.946 
 110   (0.054) 0.001 0.006 0.002 0.003 0.001 0.001 0.018 0.009 0.000 0.002 0.000 0.000 0.322 0.054 

Locus 78 : 82631_34 
2 alleles
7.9% missing data
 120   (0.954) 0.999 0.993 0.996 0.996 0.999 0.999 0.962 0.982 1.000 0.995 1.000 1.000 0.997 0.954 
 100   (0.046) 0.001 0.007 0.004 0.004 0.001 0.001 0.038 0.018 0.000 0.005 0.000 0.000 0.003 0.046 

Locus 79 : 83247_84 
2 alleles
3.4% missing data
 110   (0.939) 0.999 0.993 0.998 0.996 0.999 0.999 0.981 0.987 1.000 0.785 1.000 1.000 0.996 0.939 
 100   (0.061) 0.001 0.007 0.002 0.004 0.001 0.001 0.019 0.013 0.000 0.215 0.000 0.000 0.004 0.061 

Locus 80 : 83916_5 
2 alleles
3.9% missing data
 130   (0.955) 0.877 0.995 0.998 0.997 0.999 0.999 0.984 0.993 0.988 0.998 1.000 1.000 0.997 0.955 
 110   (0.045) 0.123 0.005 0.002 0.003 0.001 0.001 0.016 0.007 0.012 0.002 0.000 0.000 0.003 0.045 

Locus 81 : 84971_7 
2 alleles
2.2% missing data
 120   (0.939) 0.998 0.991 0.990 0.996 0.966 0.998 0.935 0.981 0.996 0.996 1.000 0.991 0.996 0.939 
 110   (0.061) 0.002 0.009 0.010 0.004 0.034 0.002 0.065 0.019 0.004 0.004 0.000 0.009 0.004 0.061 

Locus 82 : 85247_77 
2 alleles
7.9% missing data
 120   (0.956) 0.996 0.993 0.997 0.996 0.998 0.998 0.971 0.990 0.997 0.997 1.000 0.996 0.997 0.956 
 110   (0.044) 0.004 0.007 0.003 0.004 0.002 0.002 0.029 0.010 0.003 0.003 0.000 0.004 0.003 0.044 

Locus 83 : 85248_24 
2 alleles
5.1% missing data
 100   (0.950) 0.999 0.995 0.998 0.997 0.999 0.999 0.985 0.993 1.000 0.998 1.000 1.000 0.859 0.950 
 120   (0.050) 0.001 0.005 0.002 0.003 0.001 0.001 0.015 0.007 0.000 0.002 0.000 0.000 0.141 0.050 

Locus 84 : 85402_12 
2 alleles
3.4% missing data
 120   (0.954) 0.999 0.994 0.998 0.997 0.999 0.999 0.980 0.989 1.000 0.998 1.000 0.999 0.997 0.954 
 100   (0.046) 0.001 0.006 0.002 0.003 0.001 0.001 0.020 0.011 0.000 0.002 0.000 0.001 0.003 0.046 

Locus 85 : 86588_18 
2 alleles
3.9% missing data
 120   (0.955) 0.999 0.994 0.973 0.996 0.999 0.999 0.979 0.990 1.000 0.998 1.000 1.000 0.997 0.955 
 100   (0.045) 0.001 0.006 0.027 0.004 0.001 0.001 0.021 0.010 0.000 0.002 0.000 0.000 0.003 0.045 

Locus 86 : 87070_60 
2 alleles
2.2% missing data
 100   (0.956) 0.999 0.851 0.998 0.997 0.999 0.999 0.984 0.992 1.000 0.998 1.000 1.000 0.997 0.956 
 130   (0.044) 0.001 0.149 0.002 0.003 0.001 0.001 0.016 0.008 0.000 0.002 0.000 0.000 0.003 0.044 

Locus 87 : 87747_31 
2 alleles
6.2% missing data
 120   (0.950) 0.999 0.995 0.998 0.997 0.999 0.999 0.982 0.993 1.000 0.998 1.000 1.000 0.915 0.950 
 110   (0.050) 0.001 0.005 0.002 0.003 0.001 0.001 0.018 0.007 0.000 0.002 0.000 0.000 0.085 0.050 

Locus 88 : 88455_10 
2 alleles
5.1% missing data
 130   (0.950) 0.999 0.994 0.998 0.786 0.999 0.999 0.984 0.991 1.000 0.997 1.000 1.000 0.997 0.950 
 100   (0.050) 0.001 0.006 0.002 0.214 0.001 0.001 0.016 0.009 0.000 0.003 0.000 0.000 0.003 0.050 

Locus 89 : 89005_12 
2 alleles
1.1% missing data
 120   (0.952) 0.999 0.995 0.998 0.997 0.999 0.999 0.982 0.992 1.000 0.998 1.000 1.000 0.893 0.952 
 130   (0.048) 0.001 0.005 0.002 0.003 0.001 0.001 0.018 0.008 0.000 0.002 0.000 0.000 0.107 0.048 

Locus 90 : 89213_8 
2 alleles
3.4% missing data
 130   (0.954) 0.999 0.995 0.998 0.997 0.999 0.999 0.987 0.994 1.000 0.998 1.000 1.000 0.971 0.954 
 110   (0.046) 0.001 0.005 0.002 0.003 0.001 0.001 0.013 0.006 0.000 0.002 0.000 0.000 0.029 0.046 

Locus 91 : 93475_13 
2 alleles
2.2% missing data
 130   (0.946) 0.999 0.994 0.998 0.997 0.999 0.999 0.983 0.991 1.000 0.998 1.000 1.000 0.866 0.947 
 110   (0.054) 0.001 0.006 0.002 0.003 0.001 0.001 0.017 0.009 0.000 0.002 0.000 0.000 0.134 0.053 

Locus 92 : 95749_27 
2 alleles
3.9% missing data
 120   (0.956) 0.999 0.995 0.998 0.997 0.999 0.999 0.986 0.993 1.000 0.998 1.000 1.000 0.970 0.956 
 100   (0.044) 0.001 0.005 0.002 0.003 0.001 0.001 0.014 0.007 0.000 0.002 0.000 0.000 0.030 0.044 

Locus 93 : 98167_26 
2 alleles
3.4% missing data
 120   (0.925) 0.998 0.894 0.984 0.992 0.991 0.998 0.969 0.965 0.999 0.996 1.000 0.994 0.995 0.925 
 110   (0.075) 0.002 0.106 0.016 0.008 0.009 0.002 0.031 0.035 0.001 0.004 0.000 0.006 0.005 0.075 

Locus 94 : 98988_58 
2 alleles
2.2% missing data
 130   (0.955) 0.999 0.994 0.998 0.997 0.999 0.999 0.986 0.993 1.000 0.998 1.000 1.000 0.974 0.955 
 110   (0.045) 0.001 0.006 0.002 0.003 0.001 0.001 0.014 0.007 0.000 0.002 0.000 0.000 0.026 0.045 

Locus 95 : 103824_15 
2 alleles
3.4% missing data
 130   (0.952) 0.999 0.995 0.998 0.997 0.999 0.999 0.986 0.994 1.000 0.998 1.000 1.000 0.812 0.952 
 110   (0.048) 0.001 0.005 0.002 0.003 0.001 0.001 0.014 0.006 0.000 0.002 0.000 0.000 0.188 0.048 

Locus 96 : 108043_8 
2 alleles
4.5% missing data
 130   (0.957) 0.999 0.995 0.998 0.997 0.918 0.999 0.987 0.995 1.000 0.998 1.000 1.000 0.997 0.957 
 110   (0.043) 0.001 0.005 0.002 0.003 0.082 0.001 0.013 0.005 0.000 0.002 0.000 0.000 0.003 0.043 

Locus 97 : 108049_79 
2 alleles
2.8% missing data
 120   (0.958) 0.999 0.995 0.998 0.997 0.999 0.999 0.973 0.988 1.000 0.998 1.000 1.000 0.997 0.958 
 100   (0.042) 0.001 0.005 0.002 0.003 0.001 0.001 0.027 0.012 0.000 0.002 0.000 0.000 0.003 0.042 

Locus 98 : 108366_5 
2 alleles
2.8% missing data
 130   (0.947) 0.999 0.994 0.998 0.997 0.999 0.999 0.981 0.991 1.000 0.998 1.000 1.000 0.919 0.947 
 100   (0.053) 0.001 0.006 0.002 0.003 0.001 0.001 0.019 0.009 0.000 0.002 0.000 0.000 0.081 0.053 

Locus 99 : 108403_10 
2 alleles
6.2% missing data
 130   (0.956) 0.999 0.995 0.998 0.997 0.993 0.999 0.982 0.990 1.000 0.997 1.000 1.000 0.997 0.956 
 110   (0.044) 0.001 0.005 0.002 0.003 0.007 0.001 0.018 0.010 0.000 0.003 0.000 0.000 0.003 0.044 

Locus 100 : 109283_38 
2 alleles
3.9% missing data
 120   (0.871) 0.475 0.982 0.965 0.992 0.996 0.997 0.685 0.900 0.875 0.986 1.000 0.932 0.992 0.871 
 100   (0.129) 0.525 0.018 0.035 0.008 0.004 0.003 0.315 0.100 0.125 0.014 0.000 0.068 0.008 0.129 

Locus 101 : 109527_54 
2 alleles
7.3% missing data
 110   (0.942) 0.999 0.991 0.998 0.996 0.999 0.999 0.979 0.986 1.000 0.826 1.000 1.000 0.996 0.942 
 130   (0.058) 0.001 0.009 0.002 0.004 0.001 0.001 0.021 0.014 0.000 0.174 0.000 0.000 0.004 0.058 

Locus 102 : 109804_31 
2 alleles
2.2% missing data
 130   (0.953) 0.999 0.995 0.998 0.997 0.999 0.999 0.986 0.993 1.000 0.998 1.000 1.000 0.946 0.953 
 100   (0.047) 0.001 0.005 0.002 0.003 0.001 0.001 0.014 0.007 0.000 0.002 0.000 0.000 0.054 0.047 

Locus 103 : 112614_46 
2 alleles
5.1% missing data
 120   (0.949) 0.999 0.994 0.998 0.997 0.999 0.999 0.983 0.992 1.000 0.998 1.000 1.000 0.886 0.949 
 100   (0.051) 0.001 0.006 0.002 0.003 0.001 0.001 0.017 0.008 0.000 0.002 0.000 0.000 0.114 0.051 

Locus 104 : 112906_14 
2 alleles
3.9% missing data
 110   (0.882) 0.954 0.952 0.995 0.678 0.998 0.997 0.943 0.976 1.000 0.722 1.000 0.999 0.992 0.882 
 120   (0.118) 0.046 0.048 0.005 0.322 0.002 0.003 0.057 0.024 0.000 0.278 0.000 0.001 0.008 0.118 

Locus 105 : 113735_32 
2 alleles
6.7% missing data
 120   (0.951) 0.999 0.994 0.997 0.963 0.999 0.999 0.983 0.990 1.000 0.998 1.000 1.000 0.997 0.951 
 100   (0.049) 0.001 0.006 0.003 0.037 0.001 0.001 0.017 0.010 0.000 0.002 0.000 0.000 0.003 0.049 

Locus 106 : 115028_7 
2 alleles
3.9% missing data
 120   (0.954) 0.999 0.995 0.998 0.957 0.999 0.999 0.985 0.993 1.000 0.998 1.000 1.000 0.997 0.954 
 100   (0.046) 0.001 0.005 0.002 0.043 0.001 0.001 0.015 0.007 0.000 0.002 0.000 0.000 0.003 0.046 

Locus 107 : 115179_16 
2 alleles
2.2% missing data
 120   (0.956) 0.999 0.995 0.998 0.997 0.999 0.999 0.984 0.993 1.000 0.998 1.000 1.000 0.910 0.956 
 110   (0.044) 0.001 0.005 0.002 0.003 0.001 0.001 0.016 0.007 0.000 0.002 0.000 0.000 0.090 0.044 

Locus 108 : 116753_51 
2 alleles
7.3% missing data
 120   (0.952) 0.957 0.993 0.998 0.996 0.999 0.999 0.969 0.975 1.000 0.997 1.000 0.999 0.997 0.952 
 100   (0.048) 0.043 0.007 0.002 0.004 0.001 0.001 0.031 0.025 0.000 0.003 0.000 0.001 0.003 0.048 

Locus 109 : 116931_31 
2 alleles
7.9% missing data
 120   (0.952) 0.999 0.994 0.977 0.997 0.999 0.999 0.978 0.991 1.000 0.998 1.000 1.000 0.997 0.952 
 110   (0.048) 0.001 0.006 0.023 0.003 0.001 0.001 0.022 0.009 0.000 0.002 0.000 0.000 0.003 0.048 

Locus 110 : 116938_8 
2 alleles
4.5% missing data
 130   (0.913) 0.901 0.938 0.995 0.994 0.998 0.998 0.971 0.986 1.000 0.865 1.000 0.999 0.994 0.913 
 110   (0.087) 0.099 0.062 0.005 0.006 0.002 0.002 0.029 0.014 0.000 0.135 0.000 0.001 0.006 0.087 

Locus 111 : 122302_80 
2 alleles
10.1% missing data
 110   (0.957) 0.999 0.995 0.956 0.997 0.999 0.999 0.985 0.992 1.000 0.998 1.000 1.000 0.997 0.957 
 100   (0.043) 0.001 0.005 0.044 0.003 0.001 0.001 0.015 0.008 0.000 0.002 0.000 0.000 0.003 0.043 

Locus 112 : 123190_14 
2 alleles
3.4% missing data
 120   (0.947) 0.999 0.994 0.930 0.997 0.999 0.999 0.976 0.987 1.000 0.998 1.000 1.000 0.997 0.947 
 130   (0.053) 0.001 0.006 0.070 0.003 0.001 0.001 0.024 0.013 0.000 0.002 0.000 0.000 0.003 0.053 

Locus 113 : 123271_36 
2 alleles
3.9% missing data
 100   (0.953) 0.999 0.995 0.998 0.997 0.999 0.999 0.984 0.991 1.000 0.998 1.000 1.000 0.858 0.953 
 110   (0.047) 0.001 0.005 0.002 0.003 0.001 0.001 0.016 0.009 0.000 0.002 0.000 0.000 0.142 0.047 

Locus 114 : 124147_18 
2 alleles
2.2% missing data
 130   (0.951) 0.999 0.752 0.998 0.997 0.999 0.999 0.984 0.993 1.000 0.998 1.000 1.000 0.997 0.951 
 110   (0.049) 0.001 0.248 0.002 0.003 0.001 0.001 0.016 0.007 0.000 0.002 0.000 0.000 0.003 0.049 

Locus 115 : 124184_33 
2 alleles
5.6% missing data
 110   (0.951) 0.999 0.995 0.998 0.997 0.999 0.999 0.985 0.992 1.000 0.998 1.000 1.000 0.910 0.951 
 100   (0.049) 0.001 0.005 0.002 0.003 0.001 0.001 0.015 0.008 0.000 0.002 0.000 0.000 0.090 0.049 

Locus 116 : 125404_24 
2 alleles
1.1% missing data
 130   (0.953) 0.999 0.995 0.998 0.761 0.999 0.999 0.987 0.993 1.000 0.998 1.000 1.000 0.997 0.953 
 110   (0.047) 0.001 0.005 0.002 0.239 0.001 0.001 0.013 0.007 0.000 0.002 0.000 0.000 0.003 0.047 

Locus 117 : 125436_43 
2 alleles
3.9% missing data
 130   (0.917) 0.999 0.990 0.997 0.703 0.998 0.998 0.974 0.987 1.000 0.840 1.000 1.000 0.995 0.917 
 100   (0.083) 0.001 0.010 0.003 0.297 0.002 0.002 0.026 0.013 0.000 0.160 0.000 0.000 0.005 0.083 

Locus 118 : 126013_18 
2 alleles
2.8% missing data
 130   (0.951) 0.999 0.995 0.998 0.997 0.999 0.881 0.984 0.991 1.000 0.998 1.000 1.000 0.997 0.951 
 110   (0.049) 0.001 0.005 0.002 0.003 0.001 0.119 0.016 0.009 0.000 0.002 0.000 0.000 0.003 0.049 

Locus 119 : 126137_19 
2 alleles
3.9% missing data
 120   (0.953) 0.999 0.994 0.998 0.982 0.999 0.999 0.983 0.992 1.000 0.983 1.000 1.000 0.997 0.953 
 110   (0.047) 0.001 0.006 0.002 0.018 0.001 0.001 0.017 0.008 0.000 0.017 0.000 0.000 0.003 0.047 

Locus 120 : 126845_22 
2 alleles
5.6% missing data
 130   (0.953) 0.999 0.993 0.998 0.958 0.999 0.999 0.984 0.992 1.000 0.998 1.000 1.000 0.997 0.953 
 110   (0.047) 0.001 0.007 0.002 0.042 0.001 0.001 0.016 0.008 0.000 0.002 0.000 0.000 0.003 0.047 

Locus 121 : 127512_8 
2 alleles
1.1% missing data
 130   (0.955) 0.999 0.995 0.998 0.997 0.999 0.910 0.986 0.993 1.000 0.998 1.000 1.000 0.997 0.955 
 100   (0.045) 0.001 0.005 0.002 0.003 0.001 0.090 0.014 0.007 0.000 0.002 0.000 0.000 0.003 0.045 

Locus 122 : 127692_13 
2 alleles
2.8% missing data
 100   (0.955) 0.999 0.994 0.998 0.997 0.999 0.999 0.985 0.989 1.000 0.940 1.000 1.000 0.997 0.955 
 120   (0.045) 0.001 0.006 0.002 0.003 0.001 0.001 0.015 0.011 0.000 0.060 0.000 0.000 0.003 0.045 

Locus 123 : 128195_18 
2 alleles
7.3% missing data
 130   (0.869) 0.998 0.431 0.982 0.990 0.997 0.997 0.904 0.477 0.999 0.928 1.000 0.883 0.991 0.869 
 110   (0.131) 0.002 0.569 0.018 0.010 0.003 0.003 0.096 0.523 0.001 0.072 0.000 0.117 0.009 0.131 

Locus 124 : 128198_14 
2 alleles
4.5% missing data
 130   (0.927) 0.999 0.992 0.997 0.996 0.998 0.907 0.977 0.989 1.000 0.997 1.000 1.000 0.918 0.927 
 120   (0.073) 0.001 0.008 0.003 0.004 0.002 0.093 0.023 0.011 0.000 0.003 0.000 0.000 0.082 0.073 

Locus 125 : 128423_39 
2 alleles
4.5% missing data
 130   (0.951) 0.999 0.986 0.998 0.997 0.999 0.999 0.976 0.985 1.000 0.998 1.000 0.999 0.997 0.951 
 100   (0.049) 0.001 0.014 0.002 0.003 0.001 0.001 0.024 0.015 0.000 0.002 0.000 0.001 0.003 0.049 

Locus 126 : 131572_48 
2 alleles
1.1% missing data
 120   (0.948) 0.964 0.993 0.997 0.996 0.999 0.999 0.976 0.984 1.000 0.997 1.000 0.999 0.997 0.948 
 100   (0.052) 0.036 0.007 0.003 0.004 0.001 0.001 0.024 0.016 0.000 0.003 0.000 0.001 0.003 0.052 

Locus 127 : 132199_62 
2 alleles
3.9% missing data
 100   (0.944) 0.999 0.994 0.998 0.997 0.999 0.999 0.982 0.991 1.000 0.998 1.000 1.000 0.752 0.944 
 120   (0.056) 0.001 0.006 0.002 0.003 0.001 0.001 0.018 0.009 0.000 0.002 0.000 0.000 0.248 0.056 

Locus 128 : 135566_64 
2 alleles
7.3% missing data
 130   (0.955) 0.999 0.995 0.998 0.997 0.999 0.999 0.978 0.986 1.000 0.998 1.000 0.999 0.997 0.955 
 110   (0.045) 0.001 0.005 0.002 0.003 0.001 0.001 0.022 0.014 0.000 0.002 0.000 0.001 0.003 0.045 

Locus 129 : 135761_5 
2 alleles
7.9% missing data
 130   (0.949) 0.999 0.994 0.998 0.997 0.999 0.999 0.984 0.993 1.000 0.998 1.000 1.000 0.905 0.949 
 100   (0.051) 0.001 0.006 0.002 0.003 0.001 0.001 0.016 0.007 0.000 0.002 0.000 0.000 0.095 0.051 

Locus 130 : 137219_35 
2 alleles
3.4% missing data
 120   (0.934) 0.999 0.992 0.997 0.996 0.999 0.998 0.958 0.973 1.000 0.997 1.000 0.998 0.996 0.934 
 100   (0.066) 0.001 0.008 0.003 0.004 0.001 0.002 0.042 0.027 0.000 0.003 0.000 0.002 0.004 0.066 

Locus 131 : 139081_20 
2 alleles
5.6% missing data
 120   (0.941) 0.997 0.924 0.997 0.996 0.999 0.998 0.976 0.985 1.000 0.974 1.000 1.000 0.996 0.941 
 110   (0.059) 0.003 0.076 0.003 0.004 0.001 0.002 0.024 0.015 0.000 0.026 0.000 0.000 0.004 0.059 

Locus 132 : 139084_52 
2 alleles
5.1% missing data
 120   (0.913) 0.999 0.820 0.914 0.994 0.998 0.998 0.957 0.977 1.000 0.996 1.000 0.998 0.994 0.913 
 110   (0.087) 0.001 0.180 0.086 0.006 0.002 0.002 0.043 0.023 0.000 0.004 0.000 0.002 0.006 0.087 

Locus 133 : 139433_54 
2 alleles
3.9% missing data
 120   (0.955) 0.999 0.995 0.998 0.997 0.999 0.999 0.984 0.993 1.000 0.998 1.000 1.000 0.945 0.955 
 100   (0.045) 0.001 0.005 0.002 0.003 0.001 0.001 0.016 0.007 0.000 0.002 0.000 0.000 0.055 0.045 

Locus 134 : 140063_88 
2 alleles
7.9% missing data
 110   (0.953) 0.999 0.991 0.998 0.996 0.999 0.999 0.984 0.989 1.000 0.990 1.000 1.000 0.997 0.953 
 100   (0.047) 0.001 0.009 0.002 0.004 0.001 0.001 0.016 0.011 0.000 0.010 0.000 0.000 0.003 0.047 

Locus 135 : 140194_73 
2 alleles
2.8% missing data
 120   (0.951) 0.999 0.992 0.998 0.997 0.999 0.975 0.983 0.992 1.000 0.998 1.000 1.000 0.997 0.951 
 110   (0.049) 0.001 0.008 0.002 0.003 0.001 0.025 0.017 0.008 0.000 0.002 0.000 0.000 0.003 0.049 

Locus 136 : 141313_8 
2 alleles
2.8% missing data
 120   (0.949) 0.999 0.994 0.998 0.997 0.999 0.999 0.983 0.993 1.000 0.998 1.000 1.000 0.919 0.949 
 100   (0.051) 0.001 0.006 0.002 0.003 0.001 0.001 0.017 0.007 0.000 0.002 0.000 0.000 0.081 0.051 

Locus 137 : 145284_28 
2 alleles
2.8% missing data
 130   (0.954) 0.999 0.613 0.998 0.997 0.999 0.999 0.985 0.992 1.000 0.998 1.000 1.000 0.997 0.954 
 110   (0.046) 0.001 0.387 0.002 0.003 0.001 0.001 0.015 0.008 0.000 0.002 0.000 0.000 0.003 0.046 

Locus 138 : 145957_11 
2 alleles
4.5% missing data
 130   (0.956) 0.889 0.994 0.998 0.997 0.999 0.999 0.984 0.993 0.996 0.998 1.000 1.000 0.997 0.956 
 110   (0.044) 0.111 0.006 0.002 0.003 0.001 0.001 0.016 0.007 0.004 0.002 0.000 0.000 0.003 0.044 

Locus 139 : 160306_34 
2 alleles
2.8% missing data
 120   (0.927) 0.996 0.991 0.996 0.772 0.998 0.998 0.953 0.979 1.000 0.964 1.000 0.999 0.995 0.927 
 100   (0.073) 0.004 0.009 0.004 0.228 0.002 0.002 0.047 0.021 0.000 0.036 0.000 0.001 0.005 0.073 

Locus 140 : 162107_37 
2 alleles
3.4% missing data
 120   (0.936) 0.999 0.993 0.997 0.903 0.999 0.998 0.979 0.983 1.000 0.989 1.000 1.000 0.996 0.936 
 100   (0.064) 0.001 0.007 0.003 0.097 0.001 0.002 0.021 0.017 0.000 0.011 0.000 0.000 0.004 0.064 

Locus 141 : 163290_36 
2 alleles
5.1% missing data
 130   (0.916) 0.998 0.759 0.943 0.995 0.998 0.998 0.904 0.974 0.998 0.996 1.000 0.964 0.994 0.916 
 110   (0.084) 0.002 0.241 0.057 0.005 0.002 0.002 0.096 0.026 0.002 0.004 0.000 0.036 0.006 0.084 

Locus 142 : 163453_13 
2 alleles
5.6% missing data
 120   (0.950) 0.999 0.993 0.979 0.997 0.999 0.999 0.978 0.993 1.000 0.998 1.000 1.000 0.997 0.950 
 110   (0.050) 0.001 0.007 0.021 0.003 0.001 0.001 0.022 0.007 0.000 0.002 0.000 0.000 0.003 0.050 

Locus 143 : 163580_14 
2 alleles
10.1% missing data
 120   (0.954) 0.999 0.994 0.998 0.997 0.985 0.999 0.983 0.983 1.000 0.998 1.000 0.865 0.997 0.954 
 100   (0.046) 0.001 0.006 0.002 0.003 0.015 0.001 0.017 0.017 0.000 0.002 0.000 0.135 0.003 0.046 

Locus 144 : 164461_13 
2 alleles
5.6% missing data
 100   (0.953) 0.999 0.995 0.852 0.997 0.999 0.999 0.983 0.992 1.000 0.998 1.000 1.000 0.997 0.953 
 120   (0.047) 0.001 0.005 0.148 0.003 0.001 0.001 0.017 0.008 0.000 0.002 0.000 0.000 0.003 0.047 

Locus 145 : 165413_43 
2 alleles
1.7% missing data
 110   (0.948) 0.999 0.994 0.997 0.997 0.999 0.999 0.982 0.987 1.000 0.945 1.000 1.000 0.997 0.948 
 130   (0.052) 0.001 0.006 0.003 0.003 0.001 0.001 0.018 0.013 0.000 0.055 0.000 0.000 0.003 0.052 

Locus 146 : 168629_44 
2 alleles
5.6% missing data
 130   (0.943) 0.999 0.988 0.983 0.996 0.998 0.998 0.976 0.979 1.000 0.965 1.000 0.998 0.996 0.943 
 110   (0.057) 0.001 0.012 0.017 0.004 0.002 0.002 0.024 0.021 0.000 0.035 0.000 0.002 0.004 0.057 

Locus 147 : 168991_77 
2 alleles
5.6% missing data
 110   (0.844) 0.957 0.974 0.985 0.640 0.996 0.996 0.860 0.906 0.998 0.904 1.000 0.986 0.990 0.844 
 100   (0.156) 0.043 0.026 0.015 0.360 0.004 0.004 0.140 0.094 0.002 0.096 0.000 0.014 0.010 0.156 

Locus 148 : 169478_88 
2 alleles
5.1% missing data
 130   (0.952) 0.999 0.994 0.998 0.997 0.999 0.977 0.984 0.991 1.000 0.998 1.000 1.000 0.997 0.952 
 100   (0.048) 0.001 0.006 0.002 0.003 0.001 0.023 0.016 0.009 0.000 0.002 0.000 0.000 0.003 0.048 

Locus 149 : 169898_8 
2 alleles
6.2% missing data
 120   (0.928) 0.999 0.991 0.965 0.995 0.998 0.998 0.979 0.989 1.000 0.918 1.000 0.999 0.995 0.928 
 100   (0.072) 0.001 0.009 0.035 0.005 0.002 0.002 0.021 0.011 0.000 0.082 0.000 0.001 0.005 0.072 

Locus 150 : 170224_42 
2 alleles
7.3% missing data
 100   (0.901) 0.998 0.981 0.809 0.993 0.998 0.997 0.923 0.951 0.999 0.948 1.000 0.989 0.993 0.901 
 120   (0.099) 0.002 0.019 0.191 0.007 0.002 0.003 0.077 0.049 0.001 0.052 0.000 0.011 0.007 0.099 

Locus 151 : 174083_22 
2 alleles
3.9% missing data
 120   (0.953) 0.999 0.995 0.998 0.997 0.999 0.999 0.985 0.994 1.000 0.998 1.000 1.000 0.787 0.953 
 100   (0.047) 0.001 0.005 0.002 0.003 0.001 0.001 0.015 0.006 0.000 0.002 0.000 0.000 0.213 0.047 

Locus 152 : 174223_24 
2 alleles
2.8% missing data
 120   (0.958) 0.999 0.995 0.998 0.997 0.992 0.999 0.984 0.991 1.000 0.997 1.000 1.000 0.997 0.957 
 100   (0.042) 0.001 0.005 0.002 0.003 0.008 0.001 0.016 0.009 0.000 0.003 0.000 0.000 0.003 0.043 

Locus 153 : 174263_44 
2 alleles
3.9% missing data
 130   (0.958) 0.999 0.995 0.998 0.998 0.999 0.842 0.987 0.993 1.000 0.998 1.000 1.000 0.997 0.958 
 110   (0.042) 0.001 0.005 0.002 0.002 0.001 0.158 0.013 0.007 0.000 0.002 0.000 0.000 0.003 0.042 

Locus 154 : 175657_6 
2 alleles
8.4% missing data
 100   (0.929) 0.999 0.992 0.997 0.761 0.999 0.998 0.977 0.989 1.000 0.926 1.000 1.000 0.995 0.929 
 130   (0.071) 0.001 0.008 0.003 0.239 0.001 0.002 0.023 0.011 0.000 0.074 0.000 0.000 0.005 0.071 

Locus 155 : 176570_23 
2 alleles
3.9% missing data
 130   (0.951) 0.982 0.994 0.997 0.996 0.998 0.998 0.930 0.980 0.998 0.998 1.000 1.000 0.997 0.951 
 110   (0.049) 0.018 0.006 0.003 0.004 0.002 0.002 0.070 0.020 0.002 0.002 0.000 0.000 0.003 0.049 

Locus 156 : 176775_13 
2 alleles
6.7% missing data
 130   (0.948) 0.999 0.994 0.998 0.997 0.999 0.999 0.983 0.992 1.000 0.998 1.000 1.000 0.707 0.948 
 110   (0.052) 0.001 0.006 0.002 0.003 0.001 0.001 0.017 0.008 0.000 0.002 0.000 0.000 0.293 0.052 

Locus 157 : 178448_19 
2 alleles
3.4% missing data
 120   (0.951) 0.999 0.995 0.998 0.997 0.999 0.999 0.985 0.993 1.000 0.998 1.000 1.000 0.882 0.951 
 100   (0.049) 0.001 0.005 0.002 0.003 0.001 0.001 0.015 0.007 0.000 0.002 0.000 0.000 0.118 0.049 

Locus 158 : 179162_16 
2 alleles
6.2% missing data
 120   (0.954) 0.999 0.995 0.998 0.997 0.999 0.999 0.983 0.991 1.000 0.998 1.000 1.000 0.971 0.954 
 100   (0.046) 0.001 0.005 0.002 0.003 0.001 0.001 0.017 0.009 0.000 0.002 0.000 0.000 0.029 0.046 

Locus 159 : 179286_31 
2 alleles
2.8% missing data
 120   (0.930) 0.998 0.992 0.997 0.897 0.999 0.998 0.976 0.986 1.000 0.905 1.000 1.000 0.995 0.930 
 100   (0.070) 0.002 0.008 0.003 0.103 0.001 0.002 0.024 0.014 0.000 0.095 0.000 0.000 0.005 0.070 

Locus 160 : 179594_17 
2 alleles
4.5% missing data
 120   (0.916) 0.999 0.925 0.962 0.734 0.994 0.998 0.964 0.981 1.000 0.996 1.000 0.999 0.994 0.916 
 100   (0.084) 0.001 0.075 0.038 0.266 0.006 0.002 0.036 0.019 0.000 0.004 0.000 0.001 0.006 0.084 

Locus 161 : 180413_54 
2 alleles
3.9% missing data
 100   (0.953) 0.999 0.995 0.998 0.997 0.999 0.999 0.986 0.994 1.000 0.998 1.000 1.000 0.881 0.953 
 110   (0.047) 0.001 0.005 0.002 0.003 0.001 0.001 0.014 0.006 0.000 0.002 0.000 0.000 0.119 0.047 

Locus 162 : 182862_79 
2 alleles
3.4% missing data
 130   (0.950) 0.999 0.995 0.998 0.997 0.999 0.999 0.983 0.992 1.000 0.998 1.000 1.000 0.867 0.950 
 110   (0.050) 0.001 0.005 0.002 0.003 0.001 0.001 0.017 0.008 0.000 0.002 0.000 0.000 0.133 0.050 

Locus 163 : 183288_63 
2 alleles
10.1% missing data
 100   (0.957) 0.999 0.995 0.998 0.997 0.999 0.999 0.986 0.993 1.000 0.998 1.000 1.000 0.971 0.957 
 120   (0.043) 0.001 0.005 0.002 0.003 0.001 0.001 0.014 0.007 0.000 0.002 0.000 0.000 0.029 0.043 

Locus 164 : 183906_55 
2 alleles
6.7% missing data
 130   (0.957) 0.999 0.995 0.998 0.997 0.999 0.999 0.986 0.993 1.000 0.998 1.000 1.000 0.946 0.957 
 100   (0.043) 0.001 0.005 0.002 0.003 0.001 0.001 0.014 0.007 0.000 0.002 0.000 0.000 0.054 0.043 

Locus 165 : 183990_7 
2 alleles
3.4% missing data
 120   (0.941) 0.999 0.993 0.996 0.997 0.999 0.999 0.916 0.876 0.998 0.997 1.000 0.980 0.996 0.941 
 100   (0.059) 0.001 0.007 0.004 0.003 0.001 0.001 0.084 0.124 0.002 0.003 0.000 0.020 0.004 0.059 

Locus 166 : 185904_60 
2 alleles
3.4% missing data
 120   (0.953) 0.999 0.995 0.911 0.997 0.999 0.999 0.982 0.991 1.000 0.998 1.000 1.000 0.997 0.953 
 100   (0.047) 0.001 0.005 0.089 0.003 0.001 0.001 0.018 0.009 0.000 0.002 0.000 0.000 0.003 0.047 

Locus 167 : 191703_64 
2 alleles
1.7% missing data
 130   (0.917) 0.999 0.672 0.997 0.863 0.999 0.998 0.973 0.986 1.000 0.996 1.000 1.000 0.995 0.917 
 110   (0.083) 0.001 0.328 0.003 0.137 0.001 0.002 0.027 0.014 0.000 0.004 0.000 0.000 0.005 0.083 

Locus 168 : 193854_7 
2 alleles
1.7% missing data
 130   (0.934) 0.999 0.992 0.997 0.996 0.999 0.979 0.978 0.988 1.000 0.997 1.000 0.999 0.882 0.934 
 110   (0.066) 0.001 0.008 0.003 0.004 0.001 0.021 0.022 0.012 0.000 0.003 0.000 0.001 0.118 0.066 

Locus 169 : 194868_38 
2 alleles
5.6% missing data
 120   (0.940) 0.999 0.992 0.997 0.967 0.998 0.999 0.978 0.985 1.000 0.899 1.000 0.999 0.996 0.940 
 100   (0.060) 0.001 0.008 0.003 0.033 0.002 0.001 0.022 0.015 0.000 0.101 0.000 0.001 0.004 0.060 

Locus 170 : 195463_36 
2 alleles
5.1% missing data
 120   (0.957) 0.999 0.995 0.998 0.859 0.999 0.999 0.985 0.993 1.000 0.998 1.000 1.000 0.997 0.957 
 100   (0.043) 0.001 0.005 0.002 0.141 0.001 0.001 0.015 0.007 0.000 0.002 0.000 0.000 0.003 0.043 

Locus 171 : 195727_20 
2 alleles
1.7% missing data
 130   (0.952) 0.999 0.995 0.998 0.997 0.999 0.999 0.985 0.993 1.000 0.998 1.000 1.000 0.914 0.952 
 110   (0.048) 0.001 0.005 0.002 0.003 0.001 0.001 0.015 0.007 0.000 0.002 0.000 0.000 0.086 0.048 

Locus 172 : 197508_5 
2 alleles
2.2% missing data
 120   (0.952) 0.999 0.993 0.998 0.997 0.999 0.999 0.982 0.988 1.000 0.991 1.000 1.000 0.997 0.952 
 100   (0.048) 0.001 0.007 0.002 0.003 0.001 0.001 0.018 0.012 0.000 0.009 0.000 0.000 0.003 0.048 

Locus 173 : 199140_10 
2 alleles
4.5% missing data
 130   (0.946) 0.999 0.994 0.998 0.997 0.999 0.999 0.977 0.986 1.000 0.998 1.000 0.999 0.996 0.946 
 110   (0.054) 0.001 0.006 0.002 0.003 0.001 0.001 0.023 0.014 0.000 0.002 0.000 0.001 0.004 0.054 

Locus 174 : 199429_51 
2 alleles
5.1% missing data
 130   (0.955) 0.999 0.993 0.975 0.996 0.999 0.999 0.980 0.990 1.000 0.998 1.000 1.000 0.997 0.955 
 100   (0.045) 0.001 0.007 0.025 0.004 0.001 0.001 0.020 0.010 0.000 0.002 0.000 0.000 0.003 0.045 

Locus 175 : 199635_9 
2 alleles
3.4% missing data
 120   (0.951) 0.999 0.995 0.998 0.997 0.999 0.999 0.982 0.990 1.000 0.998 1.000 1.000 0.831 0.951 
 100   (0.049) 0.001 0.005 0.002 0.003 0.001 0.001 0.018 0.010 0.000 0.002 0.000 0.000 0.169 0.049 

Locus 176 : 200923_8 
2 alleles
5.1% missing data
 100   (0.958) 0.999 0.931 0.998 0.994 0.999 0.999 0.986 0.993 1.000 0.998 1.000 1.000 0.997 0.958 
 110   (0.042) 0.001 0.069 0.002 0.006 0.001 0.001 0.014 0.007 0.000 0.002 0.000 0.000 0.003 0.042 

Locus 177 : 201090_64 
2 alleles
5.1% missing data
 130   (0.955) 0.999 0.995 0.956 0.997 0.999 0.999 0.984 0.991 1.000 0.998 1.000 1.000 0.997 0.955 
 100   (0.045) 0.001 0.005 0.044 0.003 0.001 0.001 0.016 0.009 0.000 0.002 0.000 0.000 0.003 0.045 

Locus 178 : 201549_57 
2 alleles
4.5% missing data
 120   (0.954) 0.999 0.995 0.998 0.905 0.999 0.999 0.986 0.993 1.000 0.998 1.000 1.000 0.997 0.955 
 110   (0.046) 0.001 0.005 0.002 0.095 0.001 0.001 0.014 0.007 0.000 0.002 0.000 0.000 0.003 0.045 

Locus 179 : 203565_40 
2 alleles
3.9% missing data
 120   (0.956) 0.999 0.928 0.998 0.997 0.999 0.999 0.986 0.993 1.000 0.998 1.000 1.000 0.997 0.956 
 100   (0.044) 0.001 0.072 0.002 0.003 0.001 0.001 0.014 0.007 0.000 0.002 0.000 0.000 0.003 0.044 

Locus 180 : 205184_19 
2 alleles
7.3% missing data
 110   (0.923) 0.999 0.991 0.997 0.995 0.999 0.866 0.975 0.987 1.000 0.997 1.000 1.000 0.762 0.923 
 120   (0.077) 0.001 0.009 0.003 0.005 0.001 0.134 0.025 0.013 0.000 0.003 0.000 0.000 0.238 0.077 

Locus 181 : 206551_17 
2 alleles
6.2% missing data
 120   (0.888) 0.998 0.933 0.624 0.965 0.879 0.997 0.948 0.970 1.000 0.995 1.000 0.998 0.993 0.888 
 100   (0.112) 0.002 0.067 0.376 0.035 0.121 0.003 0.052 0.030 0.000 0.005 0.000 0.002 0.007 0.112 

Locus 182 : 216246_19 
2 alleles
2.8% missing data
 110   (0.936) 0.999 0.986 0.997 0.988 0.999 0.998 0.953 0.973 1.000 0.986 1.000 0.999 0.996 0.936 
 130   (0.064) 0.001 0.014 0.003 0.012 0.001 0.002 0.047 0.027 0.000 0.014 0.000 0.001 0.004 0.064 

Locus 183 : 216776_13 
2 alleles
5.6% missing data
 120   (0.907) 0.999 0.990 0.996 0.994 0.840 0.991 0.966 0.984 1.000 0.996 1.000 0.999 0.729 0.907 
 110   (0.093) 0.001 0.010 0.004 0.006 0.160 0.009 0.034 0.016 0.000 0.004 0.000 0.001 0.271 0.093 

Locus 184 : 217291_37 
2 alleles
3.9% missing data
 120   (0.959) 0.999 0.995 0.998 0.910 0.999 0.999 0.984 0.990 1.000 0.998 1.000 1.000 0.997 0.959 
 100   (0.041) 0.001 0.005 0.002 0.090 0.001 0.001 0.016 0.010 0.000 0.002 0.000 0.000 0.003 0.041 

Locus 185 : 217570_13 
2 alleles
3.9% missing data
 130   (0.952) 0.999 0.995 0.998 0.997 0.999 0.999 0.983 0.991 1.000 0.998 1.000 1.000 0.867 0.952 
 110   (0.048) 0.001 0.005 0.002 0.003 0.001 0.001 0.017 0.009 0.000 0.002 0.000 0.000 0.133 0.048 

Locus 186 : 220422_65 
2 alleles
3.4% missing data
 120   (0.941) 0.998 0.992 0.996 0.989 0.999 0.999 0.935 0.970 1.000 0.983 1.000 0.999 0.996 0.941 
 110   (0.059) 0.002 0.008 0.004 0.011 0.001 0.001 0.065 0.030 0.000 0.017 0.000 0.001 0.004 0.059 

Locus 187 : 220502_40 
2 alleles
6.7% missing data
 120   (0.957) 0.981 0.994 0.998 0.997 0.999 0.998 0.983 0.992 1.000 0.997 1.000 1.000 0.997 0.957 
 110   (0.043) 0.019 0.006 0.002 0.003 0.001 0.002 0.017 0.008 0.000 0.003 0.000 0.000 0.003 0.043 

Locus 188 : 220519_81 
2 alleles
4.5% missing data
 130   (0.927) 0.999 0.929 0.997 0.996 0.999 0.998 0.974 0.988 1.000 0.997 1.000 1.000 0.858 0.927 
 110   (0.073) 0.001 0.071 0.003 0.004 0.001 0.002 0.026 0.012 0.000 0.003 0.000 0.000 0.142 0.073 

Locus 189 : 222347_17 
2 alleles
3.9% missing data
 120   (0.952) 0.999 0.995 0.998 0.997 0.999 0.999 0.981 0.991 1.000 0.998 1.000 1.000 0.893 0.952 
 100   (0.048) 0.001 0.005 0.002 0.003 0.001 0.001 0.019 0.009 0.000 0.002 0.000 0.000 0.107 0.048 

Locus 190 : 222896_46 
2 alleles
0.6% missing data
 110   (0.950) 0.999 0.995 0.998 0.997 0.999 0.999 0.985 0.993 1.000 0.998 1.000 1.000 0.945 0.950 
 130   (0.050) 0.001 0.005 0.002 0.003 0.001 0.001 0.015 0.007 0.000 0.002 0.000 0.000 0.055 0.050 

Locus 191 : 223181_12 
2 alleles
3.4% missing data
 120   (0.947) 0.999 0.994 0.998 0.997 0.999 0.999 0.982 0.992 1.000 0.998 1.000 1.000 0.724 0.947 
 100   (0.053) 0.001 0.006 0.002 0.003 0.001 0.001 0.018 0.008 0.000 0.002 0.000 0.000 0.276 0.053 

Locus 192 : 224649_57 
2 alleles
5.1% missing data
 100   (0.953) 0.999 0.993 0.998 0.997 0.999 0.976 0.982 0.991 1.000 0.998 1.000 1.000 0.997 0.953 
 110   (0.047) 0.001 0.007 0.002 0.003 0.001 0.024 0.018 0.009 0.000 0.002 0.000 0.000 0.003 0.047 

Locus 193 : 226245_11 
2 alleles
5.1% missing data
 130   (0.947) 0.947 0.993 0.997 0.997 0.999 0.998 0.983 0.992 1.000 0.998 1.000 1.000 0.997 0.947 
 110   (0.053) 0.053 0.007 0.003 0.003 0.001 0.002 0.017 0.008 0.000 0.002 0.000 0.000 0.003 0.053 

Locus 194 : 226342_59 
2 alleles
6.2% missing data
 120   (0.917) 0.999 0.989 0.995 0.994 0.996 0.964 0.967 0.985 0.998 0.995 1.000 0.997 0.911 0.917 
 100   (0.083) 0.001 0.011 0.005 0.006 0.004 0.036 0.033 0.015 0.002 0.005 0.000 0.003 0.089 0.083 

Locus 195 : 228970_13 
2 alleles
3.9% missing data
 120   (0.956) 0.999 0.995 0.998 0.956 0.999 0.999 0.985 0.992 1.000 0.998 1.000 1.000 0.997 0.956 
 100   (0.044) 0.001 0.005 0.002 0.044 0.001 0.001 0.015 0.008 0.000 0.002 0.000 0.000 0.003 0.044 

Locus 196 : 229097_27 
2 alleles
5.1% missing data
 130   (0.943) 0.999 0.994 0.998 0.996 0.999 0.999 0.981 0.991 1.000 0.998 1.000 1.000 0.792 0.943 
 110   (0.057) 0.001 0.006 0.002 0.004 0.001 0.001 0.019 0.009 0.000 0.002 0.000 0.000 0.208 0.057 

Locus 197 : 229177_29 
2 alleles
7.3% missing data
 130   (0.948) 0.999 0.994 0.997 0.997 0.810 0.999 0.982 0.992 0.999 0.997 1.000 0.995 0.997 0.949 
 110   (0.052) 0.001 0.006 0.003 0.003 0.190 0.001 0.018 0.008 0.001 0.003 0.000 0.005 0.003 0.051 

Locus 198 : 229612_7 
2 alleles
6.2% missing data
 100   (0.957) 0.999 0.994 0.998 0.997 0.999 0.999 0.983 0.990 1.000 0.990 1.000 1.000 0.997 0.957 
 120   (0.043) 0.001 0.006 0.002 0.003 0.001 0.001 0.017 0.010 0.000 0.010 0.000 0.000 0.003 0.043 

Locus 199 : 229936_67 
2 alleles
3.9% missing data
 120   (0.950) 0.982 0.993 0.997 0.996 0.998 0.998 0.929 0.980 0.998 0.998 1.000 0.999 0.997 0.950 
 100   (0.050) 0.018 0.007 0.003 0.004 0.002 0.002 0.071 0.020 0.002 0.002 0.000 0.001 0.003 0.050 

Locus 200 : 232937_62 
2 alleles
2.2% missing data
 100   (0.958) 0.999 0.995 0.998 0.997 0.993 0.999 0.983 0.991 1.000 0.998 1.000 1.000 0.997 0.958 
 120   (0.042) 0.001 0.005 0.002 0.003 0.007 0.001 0.017 0.009 0.000 0.002 0.000 0.000 0.003 0.042 

Locus 201 : 233194_6 
2 alleles
2.8% missing data
 120   (0.931) 0.999 0.992 0.997 0.996 0.999 0.967 0.978 0.989 1.000 0.997 1.000 1.000 0.663 0.931 
 100   (0.069) 0.001 0.008 0.003 0.004 0.001 0.033 0.022 0.011 0.000 0.003 0.000 0.000 0.337 0.069 

Locus 202 : 234346_33 
2 alleles
4.5% missing data
 110   (0.952) 0.999 0.995 0.998 0.997 0.999 0.819 0.985 0.993 1.000 0.998 1.000 1.000 0.996 0.952 
 130   (0.048) 0.001 0.005 0.002 0.003 0.001 0.181 0.015 0.007 0.000 0.002 0.000 0.000 0.004 0.048 

Locus 203 : 235241_77 
2 alleles
2.2% missing data
 130   (0.942) 0.999 0.994 0.998 0.996 0.999 0.999 0.980 0.991 1.000 0.998 1.000 1.000 0.839 0.942 
 100   (0.058) 0.001 0.006 0.002 0.004 0.001 0.001 0.020 0.009 0.000 0.002 0.000 0.000 0.161 0.058 

Locus 204 : 236207_44 
2 alleles
6.2% missing data
 120   (0.917) 0.677 0.866 0.997 0.964 0.998 0.998 0.969 0.982 0.988 0.996 1.000 1.000 0.994 0.917 
 100   (0.083) 0.323 0.134 0.003 0.036 0.002 0.002 0.031 0.018 0.012 0.004 0.000 0.000 0.006 0.083 

Locus 205 : 236307_12 
2 alleles
1.7% missing data
 130   (0.946) 0.999 0.993 0.997 0.992 0.999 0.999 0.960 0.675 0.999 0.997 1.000 0.936 0.996 0.946 
 110   (0.054) 0.001 0.007 0.003 0.008 0.001 0.001 0.040 0.325 0.001 0.003 0.000 0.064 0.004 0.054 

Locus 206 : 236931_45 
2 alleles
6.7% missing data
 120   (0.880) 0.998 0.454 0.995 0.712 0.998 0.997 0.959 0.979 1.000 0.709 1.000 0.999 0.992 0.880 
 100   (0.120) 0.002 0.546 0.005 0.288 0.002 0.003 0.041 0.021 0.000 0.291 0.000 0.001 0.008 0.120 

Locus 207 : 236999_38 
2 alleles
2.8% missing data
 120   (0.948) 0.999 0.994 0.998 0.997 0.999 0.999 0.981 0.992 1.000 0.998 1.000 1.000 0.945 0.948 
 100   (0.052) 0.001 0.006 0.002 0.003 0.001 0.001 0.019 0.008 0.000 0.002 0.000 0.000 0.055 0.052 

Locus 208 : 240398_42 
2 alleles
3.9% missing data
 110   (0.842) 0.998 0.439 0.993 0.882 0.997 0.996 0.946 0.674 1.000 0.834 1.000 0.947 0.990 0.842 
 130   (0.158) 0.002 0.561 0.007 0.118 0.003 0.004 0.054 0.326 0.000 0.166 0.000 0.053 0.010 0.158 

Locus 209 : 240825_22 
2 alleles
6.2% missing data
 130   (0.954) 0.998 0.992 0.994 0.997 0.997 0.999 0.968 0.988 0.999 0.997 1.000 0.997 0.997 0.954 
 110   (0.046) 0.002 0.008 0.006 0.003 0.003 0.001 0.032 0.012 0.001 0.003 0.000 0.003 0.003 0.046 

Locus 210 : 244435_48 
2 alleles
1.7% missing data
 110   (0.959) 0.946 0.995 0.998 0.998 0.999 0.999 0.986 0.993 1.000 0.998 1.000 1.000 0.997 0.959 
 130   (0.041) 0.054 0.005 0.002 0.002 0.001 0.001 0.014 0.007 0.000 0.002 0.000 0.000 0.003 0.041 

Locus 211 : 245971_21 
2 alleles
5.1% missing data
 130   (0.952) 0.999 0.995 0.998 0.997 0.999 0.999 0.984 0.993 1.000 0.998 1.000 1.000 0.914 0.952 
 120   (0.048) 0.001 0.005 0.002 0.003 0.001 0.001 0.016 0.007 0.000 0.002 0.000 0.000 0.086 0.048 

Locus 212 : 246895_22 
2 alleles
3.4% missing data
 120   (0.956) 0.999 0.995 0.998 0.997 0.999 0.999 0.976 0.989 1.000 0.998 1.000 1.000 0.997 0.956 
 110   (0.044) 0.001 0.005 0.002 0.003 0.001 0.001 0.024 0.011 0.000 0.002 0.000 0.000 0.003 0.044 

Locus 213 : 248131_26 
2 alleles
7.9% missing data
 130   (0.942) 0.998 0.990 0.952 0.994 0.997 0.998 0.977 0.988 0.999 0.978 1.000 0.999 0.996 0.942 
 110   (0.058) 0.002 0.010 0.048 0.006 0.003 0.002 0.023 0.012 0.001 0.022 0.000 0.001 0.004 0.058 

Locus 214 : 250844_49 
2 alleles
7.3% missing data
 130   (0.950) 0.999 0.995 0.998 0.996 0.999 0.999 0.983 0.984 1.000 0.989 1.000 1.000 0.996 0.950 
 100   (0.050) 0.001 0.005 0.002 0.004 0.001 0.001 0.017 0.016 0.000 0.011 0.000 0.000 0.004 0.050 

Locus 215 : 251283_19 
2 alleles
5.6% missing data
 120   (0.953) 0.999 0.825 0.998 0.997 0.999 0.999 0.984 0.992 1.000 0.998 1.000 1.000 0.997 0.953 
 100   (0.047) 0.001 0.175 0.002 0.003 0.001 0.001 0.016 0.008 0.000 0.002 0.000 0.000 0.003 0.047 

Locus 216 : 251358_15 
2 alleles
8.4% missing data
 110   (0.933) 0.986 0.989 0.997 0.994 0.999 0.998 0.973 0.986 1.000 0.802 1.000 1.000 0.995 0.933 
 120   (0.067) 0.014 0.011 0.003 0.006 0.001 0.002 0.027 0.014 0.000 0.198 0.000 0.000 0.005 0.067 

Locus 217 : 251901_42 
2 alleles
2.2% missing data
 120   (0.956) 0.999 0.995 0.972 0.997 0.999 0.999 0.983 0.990 1.000 0.998 1.000 1.000 0.997 0.956 
 100   (0.044) 0.001 0.005 0.028 0.003 0.001 0.001 0.017 0.010 0.000 0.002 0.000 0.000 0.003 0.044 

Locus 218 : 252158_43 
2 alleles
0.0% missing data
 120   (0.948) 0.999 0.994 0.998 0.997 0.999 0.999 0.984 0.992 1.000 0.998 1.000 1.000 0.919 0.948 
 100   (0.052) 0.001 0.006 0.002 0.003 0.001 0.001 0.016 0.008 0.000 0.002 0.000 0.000 0.081 0.052 

Locus 219 : 252988_16 
2 alleles
7.9% missing data
 110   (0.944) 0.999 0.993 0.725 0.997 0.999 0.998 0.978 0.990 1.000 0.997 1.000 1.000 0.996 0.944 
 100   (0.056) 0.001 0.007 0.275 0.003 0.001 0.002 0.022 0.010 0.000 0.003 0.000 0.000 0.004 0.056 

Locus 220 : 254425_88 
2 alleles
5.6% missing data
 130   (0.924) 0.999 0.991 0.997 0.995 0.997 0.883 0.977 0.988 1.000 0.997 1.000 1.000 0.775 0.924 
 110   (0.076) 0.001 0.009 0.003 0.005 0.003 0.117 0.023 0.012 0.000 0.003 0.000 0.000 0.225 0.076 

Locus 221 : 256337_57 
2 alleles
5.6% missing data
 110   (0.955) 0.999 0.926 0.998 0.997 0.999 0.999 0.984 0.993 1.000 0.998 1.000 1.000 0.997 0.955 
 130   (0.045) 0.001 0.074 0.002 0.003 0.001 0.001 0.016 0.007 0.000 0.002 0.000 0.000 0.003 0.045 

Locus 222 : 259058_15 
2 alleles
1.7% missing data
 120   (0.950) 0.999 0.995 0.998 0.997 0.999 0.875 0.985 0.992 1.000 0.998 1.000 1.000 0.997 0.950 
 100   (0.050) 0.001 0.005 0.002 0.003 0.001 0.125 0.015 0.008 0.000 0.002 0.000 0.000 0.003 0.050 

Locus 223 : 259869_81 
2 alleles
0.6% missing data
 120   (0.956) 0.999 0.995 0.998 0.997 0.999 0.941 0.987 0.994 1.000 0.998 1.000 1.000 0.997 0.956 
 130   (0.044) 0.001 0.005 0.002 0.003 0.001 0.059 0.013 0.006 0.000 0.002 0.000 0.000 0.003 0.044 

Locus 224 : 260700_55 
2 alleles
2.2% missing data
 130   (0.958) 0.999 0.994 0.995 0.997 0.976 0.999 0.982 0.991 1.000 0.998 1.000 0.999 0.997 0.958 
 110   (0.042) 0.001 0.006 0.005 0.003 0.024 0.001 0.018 0.009 0.000 0.002 0.000 0.001 0.003 0.042 

Locus 225 : 262223_11 
2 alleles
4.5% missing data
 130   (0.959) 0.999 0.996 0.998 0.997 0.871 0.999 0.985 0.993 1.000 0.998 1.000 1.000 0.997 0.959 
 100   (0.041) 0.001 0.004 0.002 0.003 0.129 0.001 0.015 0.007 0.000 0.002 0.000 0.000 0.003 0.041 

Locus 226 : 262346_48 
2 alleles
3.4% missing data
 130   (0.954) 0.999 0.406 0.998 0.997 0.999 0.999 0.985 0.993 1.000 0.998 1.000 1.000 0.997 0.954 
 110   (0.046) 0.001 0.594 0.002 0.003 0.001 0.001 0.015 0.007 0.000 0.002 0.000 0.000 0.003 0.046 

Locus 227 : 262620_18 
2 alleles
3.9% missing data
 110   (0.937) 0.994 0.990 0.996 0.994 0.997 0.998 0.966 0.979 0.996 0.995 1.000 0.993 0.995 0.937 
 130   (0.063) 0.006 0.010 0.004 0.006 0.003 0.002 0.034 0.021 0.004 0.005 0.000 0.007 0.005 0.063 

Locus 228 : 263002_42 
2 alleles
3.4% missing data
 120   (0.948) 0.999 0.994 0.998 0.997 0.999 0.999 0.982 0.989 1.000 0.857 1.000 1.000 0.997 0.948 
 100   (0.052) 0.001 0.006 0.002 0.003 0.001 0.001 0.018 0.011 0.000 0.143 0.000 0.000 0.003 0.052 

Locus 229 : 263813_70 
2 alleles
10.1% missing data
 130   (0.951) 0.999 0.994 0.998 0.997 0.999 0.936 0.983 0.991 1.000 0.998 1.000 1.000 0.996 0.951 
 110   (0.049) 0.001 0.006 0.002 0.003 0.001 0.064 0.017 0.009 0.000 0.002 0.000 0.000 0.004 0.049 

Locus 230 : 264184_13 
2 alleles
10.1% missing data
 110   (0.908) 0.912 0.936 0.830 0.994 0.998 0.998 0.964 0.982 1.000 0.996 1.000 0.999 0.993 0.908 
 130   (0.092) 0.088 0.064 0.170 0.006 0.002 0.002 0.036 0.018 0.000 0.004 0.000 0.001 0.007 0.092 

Values of parameters used in structure:
DATAFILE=C:\Users\jmahg\OneDrive\Desktop\Transfers\TrkNbr-1524n1282n1083_AllPops_Structure_p18_r080_LDnHWEx\project_data,	OUTFILE=C:\Users\jmahg\OneDrive\Desktop\Transfers\TrkNbr-1524n1282n1083_AllPops_Structure_p18_r080_LDnHWEx\BI50000_MCMC100000\Results\BI50000_MCMC100000_run_140,	NUMINDS=178,	NUMLOCI=230,	MISSING=0,	LABEL=1,	POPDATA=1,	POPFLAG=0,	PHENOTYPE=0,	EXTRACOLS=0,	MAXPOPS=14,	BURNIN=50000,	NUMREPS=100000,	USEPOPINFO=0,	INFERALPHA=1,	INFERLAMBDA=0,	POPSPECIFICLAMBDA=0,	POPALPHAS=0,	COMPUTEPROB=1,	NOADMIX=0,	ADMBURNIN=2500,	UPDATEFREQ=1,	PRINTLIKES=0,	INTERMEDSAVE=0,	PRINTKLD=0,	PRINTNET=0,	PRINTLAMBDA=0,	ANCESTDIST=0,	NUMBOXES=1000,	ANCESTPINT=0.90000,	GENSBACK=2,	MIGRPRIOR=0.05000,	PRINTQHAT=0,	PRINTQSUM=0,	ALPHA=1.0000,	FREQSCORR=1,	FPRIORMEAN=0.0100,	FPRIORSD=0.0500,	ONEFST=0,	LAMBDA=1.0000,	UNIFPRIORALPHA=1,	ALPHAMAX=10.0000,	ALPHAPRIORA=1.0000,	ALPHAPRIORB=2.0000,	ALPHAPROPSD=0.0250,	STARTATPOPINFO=0,	RANDOMIZE=1,	LINKAGE=0,	METROFREQ=10,	REPORTHITRATE=0,	MARKOVPHASE=-1,	PHASED=0,	PLOIDY=2,	PHASEINFO=0	LOCPRIOR=0, 	LOCPRIORINIT=1.000000, 	LOCDATA=0, 	LOCISPOP=0, 	LOCPRIORSTEP=0.100000, 	MAXLOCPRIOR=20.000000, 	SEED=1602999203,	
[STRAT parameters]:    NUMSIMSTATS=1000,	PHENOTYPECOL=-9,	POOLFREQ=10,	LOCUSxONLY=0,	EMERROR=0.00100,	MISSINGPHENO=-9,	