

----------------------------------------------------
STRUCTURE by Pritchard, Stephens and Donnelly (2000)
     and Falush, Stephens and Pritchard (2003)
       Code by Pritchard, Falush and Hubisz
             Version 2.3.4 (Jul 2012)
----------------------------------------------------



Command line arguments:   bin\structure -m C:\Users\jmahg\OneDrive\Desktop\Transfers\TrkNbr-1524n1282n1083_AllPops_Structure_p18_r080_LDnHWEx\BI50000_MCMC100000\mainparams -e C:\Users\jmahg\OneDrive\Desktop\Transfers\TrkNbr-1524n1282n1083_AllPops_Structure_p18_r080_LDnHWEx\BI50000_MCMC100000\extraparams 
Input File:    C:\Users\jmahg\OneDrive\Desktop\Transfers\TrkNbr-1524n1282n1083_AllPops_Structure_p18_r080_LDnHWEx\project_data

Run parameters:
   178 individuals
   230 loci
   16 populations assumed
   50000 Burn-in period
   100000 Reps


--------------------------------------------
Proportion of membership of each pre-defined
 population in each of the 16 clusters

Given    Inferred Clusters                                                                                                  Number of
 Pop       1      2      3      4      5      6      7      8      9     10     11     12     13     14     15     16      Individuals

  1:     0.021  0.033  0.006  0.034  0.006  0.008  0.002  0.006  0.011  0.014  0.026  0.710  0.004  0.109  0.002  0.007       10
  2:     0.553  0.074  0.006  0.069  0.025  0.004  0.002  0.026  0.015  0.008  0.052  0.037  0.014  0.079  0.002  0.034        8
  3:     0.017  0.125  0.008  0.120  0.012  0.004  0.002  0.011  0.536  0.006  0.094  0.011  0.004  0.028  0.002  0.020       10
  4:     0.094  0.121  0.011  0.104  0.007  0.018  0.003  0.009  0.026  0.021  0.102  0.022  0.009  0.034  0.002  0.419       10
  5:     0.009  0.014  0.009  0.013  0.003  0.004  0.863  0.004  0.010  0.004  0.015  0.007  0.003  0.009  0.028  0.005       10
  6:     0.023  0.175  0.010  0.181  0.003  0.005  0.002  0.004  0.380  0.008  0.137  0.019  0.004  0.037  0.002  0.009       10
  7:     0.017  0.049  0.006  0.053  0.003  0.004  0.002  0.007  0.011  0.006  0.039  0.056  0.003  0.738  0.002  0.005       10
  8:     0.298  0.063  0.010  0.065  0.035  0.045  0.003  0.040  0.046  0.081  0.059  0.120  0.019  0.075  0.003  0.039       10
  9:     0.024  0.230  0.010  0.243  0.003  0.004  0.002  0.004  0.023  0.006  0.178  0.043  0.003  0.216  0.002  0.007       10
 10:     0.023  0.217  0.012  0.219  0.004  0.005  0.002  0.004  0.030  0.006  0.413  0.012  0.004  0.039  0.002  0.008       10
 11:     0.039  0.079  0.008  0.085  0.027  0.008  0.002  0.020  0.013  0.588  0.063  0.022  0.007  0.025  0.002  0.014       10
 12:     0.068  0.054  0.008  0.054  0.005  0.096  0.002  0.005  0.017  0.563  0.045  0.040  0.006  0.021  0.002  0.013       10
 13:     0.013  0.022  0.007  0.025  0.008  0.831  0.002  0.008  0.011  0.008  0.021  0.011  0.006  0.016  0.002  0.007       10
 14:     0.013  0.057  0.730  0.058  0.004  0.004  0.011  0.004  0.016  0.005  0.052  0.008  0.003  0.020  0.005  0.007       10
 15:     0.013  0.047  0.764  0.047  0.004  0.004  0.009  0.005  0.031  0.005  0.033  0.009  0.003  0.017  0.004  0.006       10
 16:     0.067  0.083  0.008  0.083  0.025  0.007  0.002  0.029  0.045  0.013  0.062  0.029  0.014  0.063  0.002  0.468       10
 17:     0.073  0.063  0.008  0.064  0.007  0.020  0.002  0.007  0.017  0.062  0.046  0.044  0.527  0.029  0.003  0.028       10
 18:     0.012  0.031  0.022  0.029  0.003  0.004  0.009  0.003  0.013  0.005  0.030  0.008  0.003  0.015  0.806  0.006       10
--------------------------------------------

Allele-freq. divergence among pops (Net nucleotide distance),
computed using point estimates of P.

      1       2       3       4       5       6       7       8       9      10      11      12      13      14      15      16      
 1      -    0.0026  0.0043  0.0026  0.0041  0.0070  0.0138  0.0038  0.0037  0.0041  0.0028  0.0044  0.0066  0.0037  0.0119  0.0063  
 2   0.0026     -    0.0017  0.0000  0.0030  0.0050  0.0113  0.0028  0.0011  0.0026  0.0001  0.0023  0.0086  0.0014  0.0095  0.0040  
 3   0.0043  0.0017     -    0.0017  0.0033  0.0065  0.0099  0.0032  0.0028  0.0042  0.0018  0.0041  0.0101  0.0032  0.0101  0.0056  
 4   0.0026  0.0000  0.0017     -    0.0031  0.0049  0.0113  0.0028  0.0011  0.0026  0.0001  0.0023  0.0086  0.0014  0.0095  0.0040  
 5   0.0041  0.0030  0.0033  0.0031     -    0.0047  0.0094  0.0000  0.0033  0.0029  0.0031  0.0035  0.0072  0.0037  0.0074  0.0049  
 6   0.0070  0.0050  0.0065  0.0049  0.0047     -    0.0157  0.0046  0.0059  0.0047  0.0051  0.0064  0.0105  0.0063  0.0138  0.0085  
 7   0.0138  0.0113  0.0099  0.0113  0.0094  0.0157     -    0.0097  0.0122  0.0135  0.0114  0.0135  0.0191  0.0128  0.0130  0.0150  
 8   0.0038  0.0028  0.0032  0.0028  0.0000  0.0046  0.0097     -    0.0032  0.0028  0.0029  0.0033  0.0072  0.0035  0.0077  0.0047  
 9   0.0037  0.0011  0.0028  0.0011  0.0033  0.0059  0.0122  0.0032     -    0.0036  0.0012  0.0035  0.0095  0.0027  0.0098  0.0046  
10   0.0041  0.0026  0.0042  0.0026  0.0029  0.0047  0.0135  0.0028  0.0036     -    0.0028  0.0035  0.0079  0.0041  0.0116  0.0057  
11   0.0028  0.0001  0.0018  0.0001  0.0031  0.0051  0.0114  0.0029  0.0012  0.0028     -    0.0025  0.0088  0.0016  0.0096  0.0041  
12   0.0044  0.0023  0.0041  0.0023  0.0035  0.0064  0.0135  0.0033  0.0035  0.0035  0.0025     -    0.0099  0.0013  0.0116  0.0059  
13   0.0066  0.0086  0.0101  0.0086  0.0072  0.0105  0.0191  0.0072  0.0095  0.0079  0.0088  0.0099     -    0.0098  0.0170  0.0115  
14   0.0037  0.0014  0.0032  0.0014  0.0037  0.0063  0.0128  0.0035  0.0027  0.0041  0.0016  0.0013  0.0098     -    0.0109  0.0054  
15   0.0119  0.0095  0.0101  0.0095  0.0074  0.0138  0.0130  0.0077  0.0098  0.0116  0.0096  0.0116  0.0170  0.0109     -    0.0131  
16   0.0063  0.0040  0.0056  0.0040  0.0049  0.0085  0.0150  0.0047  0.0046  0.0057  0.0041  0.0059  0.0115  0.0054  0.0131     -    

Average distances (expected heterozygosity) between individuals in same cluster:
cluster  1  : 0.0129 
cluster  2  : 0.0010 
cluster  3  : 0.0230 
cluster  4  : 0.0009 
cluster  5  : 0.0986 
cluster  6  : 0.0393 
cluster  7  : 0.0558 
cluster  8  : 0.0939 
cluster  9  : 0.0143 
cluster 10  : 0.0332 
cluster 11  : 0.0025 
cluster 12  : 0.0191 
cluster 13  : 0.0447 
cluster 14  : 0.0077 
cluster 15  : 0.0680 
cluster 16  : 0.0238 

--------------------------------------------
Estimated Ln Prob of Data   = -3624.9
Mean value of ln likelihood = -3153.9
Variance of ln likelihood   = 941.9
Mean value of alpha         = 0.0344

Mean value of Fst_1         = 0.7636
Mean value of Fst_2         = 0.9606
Mean value of Fst_3         = 0.5558
Mean value of Fst_4         = 0.9603
Mean value of Fst_5         = 0.0015
Mean value of Fst_6         = 0.4320
Mean value of Fst_7         = 0.4083
Mean value of Fst_8         = 0.0576
Mean value of Fst_9         = 0.6933
Mean value of Fst_10         = 0.4382
Mean value of Fst_11         = 0.9206
Mean value of Fst_12         = 0.6183
Mean value of Fst_13         = 0.4272
Mean value of Fst_14         = 0.8485
Mean value of Fst_15         = 0.3172
Mean value of Fst_16         = 0.5740


Inferred ancestry of individuals:
        Label (%Miss) Pop:  Inferred clusters
  1 TGCP_WM1    (0)    1 :  0.016 0.030 0.010 0.038 0.006 0.005 0.002 0.006 0.010 0.009 0.037 0.788 0.004 0.032 0.002 0.006 
  2 TGCP_WM10    (1)    1 :  0.041 0.115 0.007 0.090 0.002 0.004 0.002 0.004 0.023 0.015 0.071 0.485 0.005 0.126 0.002 0.007 
  3 TGCP_WM2    (0)    1 :  0.019 0.038 0.007 0.040 0.031 0.005 0.002 0.028 0.013 0.006 0.028 0.581 0.005 0.184 0.002 0.010 
  4 TGCP_WM3    (1)    1 :  0.012 0.035 0.006 0.041 0.002 0.003 0.002 0.002 0.012 0.009 0.023 0.786 0.003 0.057 0.001 0.006 
  5 TGCP_WM4    (0)    1 :  0.014 0.017 0.004 0.021 0.004 0.003 0.002 0.004 0.007 0.051 0.017 0.821 0.004 0.022 0.002 0.008 
  6 TGCP_WM5    (0)    1 :  0.034 0.016 0.007 0.014 0.004 0.008 0.002 0.008 0.014 0.009 0.015 0.842 0.004 0.018 0.002 0.003 
  7 TGCP_WM6    (0)    1 :  0.011 0.016 0.006 0.020 0.002 0.007 0.002 0.002 0.007 0.010 0.021 0.860 0.003 0.025 0.002 0.007 
  8 TGCP_WM7    (0)    1 :  0.045 0.041 0.008 0.055 0.005 0.019 0.002 0.004 0.011 0.006 0.035 0.137 0.008 0.608 0.002 0.014 
  9 TGCP_WM8    (0)    1 :  0.010 0.015 0.005 0.016 0.002 0.018 0.002 0.002 0.006 0.016 0.013 0.870 0.004 0.014 0.002 0.004 
 10 TGCP_WM9    (0)    1 :  0.007 0.007 0.003 0.010 0.002 0.002 0.001 0.002 0.004 0.005 0.004 0.934 0.003 0.010 0.002 0.004 
 11 MRLP_WM123    (3)    2 :  0.640 0.020 0.005 0.014 0.101 0.004 0.002 0.113 0.010 0.017 0.016 0.012 0.005 0.020 0.002 0.018 
 12 MRLP_WM124    (4)    2 :  0.836 0.032 0.005 0.042 0.002 0.004 0.002 0.002 0.014 0.006 0.027 0.008 0.004 0.010 0.002 0.005 
 13 MRLP_WM125    (1)    2 :  0.624 0.022 0.006 0.015 0.080 0.008 0.002 0.068 0.009 0.009 0.019 0.037 0.059 0.037 0.003 0.003 
 14 MRLP_WM126    (2)    2 :  0.015 0.320 0.009 0.331 0.001 0.003 0.002 0.002 0.024 0.006 0.220 0.009 0.003 0.047 0.002 0.006 
 15 MRLP_WM127    (3)    2 :  0.041 0.128 0.012 0.095 0.006 0.005 0.004 0.008 0.020 0.010 0.085 0.146 0.029 0.396 0.002 0.014 
 16 MRLP_WM128    (3)    2 :  0.921 0.012 0.005 0.011 0.001 0.004 0.002 0.001 0.004 0.005 0.009 0.005 0.008 0.006 0.002 0.004 
 17 MRLP_WM129    (7)    2 :  0.602 0.019 0.005 0.021 0.004 0.003 0.002 0.008 0.025 0.010 0.014 0.036 0.004 0.036 0.002 0.210 
 18 MRLP_WM130    (5)    2 :  0.741 0.043 0.006 0.022 0.002 0.004 0.003 0.005 0.013 0.004 0.024 0.039 0.003 0.081 0.002 0.010 
 19 STT_WM183    (2)    3 :  0.013 0.052 0.005 0.065 0.095 0.004 0.003 0.079 0.600 0.010 0.032 0.012 0.004 0.018 0.002 0.006 
 20 STT_WM184    (3)    3 :  0.015 0.056 0.008 0.063 0.011 0.004 0.003 0.008 0.679 0.005 0.058 0.012 0.005 0.017 0.003 0.054 
 21 STT_WM185   (15)    3 :  0.034 0.303 0.012 0.261 0.002 0.004 0.002 0.002 0.033 0.006 0.207 0.018 0.003 0.101 0.002 0.009 
 22 STT_WM186   (13)    3 :  0.030 0.332 0.008 0.297 0.002 0.005 0.002 0.002 0.034 0.008 0.202 0.020 0.003 0.042 0.002 0.009 
 23 STT_WM187   (13)    3 :  0.014 0.021 0.006 0.023 0.002 0.005 0.002 0.002 0.862 0.006 0.030 0.006 0.004 0.009 0.002 0.005 
 24 STT_WM188    (3)    3 :  0.008 0.017 0.005 0.016 0.002 0.003 0.002 0.002 0.908 0.004 0.014 0.005 0.003 0.007 0.002 0.004 
 25 STT_WM189    (0)    3 :  0.019 0.322 0.008 0.336 0.002 0.004 0.002 0.002 0.019 0.004 0.226 0.009 0.003 0.037 0.002 0.006 
 26 STT_WM190   (11)    3 :  0.009 0.015 0.007 0.019 0.002 0.003 0.003 0.002 0.892 0.003 0.019 0.006 0.003 0.011 0.002 0.004 
 27 STT_WM191    (7)    3 :  0.022 0.123 0.009 0.107 0.002 0.005 0.002 0.003 0.524 0.007 0.133 0.016 0.004 0.030 0.002 0.009 
 28 STT_WM192   (12)    3 :  0.009 0.013 0.007 0.011 0.006 0.004 0.002 0.005 0.811 0.006 0.016 0.006 0.004 0.009 0.002 0.088 
 29 FSSP_WM241    (3)    4 :  0.136 0.167 0.013 0.153 0.008 0.032 0.003 0.017 0.030 0.023 0.152 0.065 0.013 0.048 0.002 0.138 
 30 FSSP_WM242   (15)    4 :  0.018 0.360 0.010 0.311 0.002 0.004 0.002 0.003 0.029 0.008 0.191 0.013 0.003 0.038 0.002 0.006 
 31 FSSP_WM243    (6)    4 :  0.006 0.014 0.004 0.016 0.010 0.005 0.003 0.007 0.006 0.005 0.011 0.006 0.003 0.008 0.003 0.893 
 32 FSSP_WM244    (5)    4 :  0.390 0.096 0.010 0.099 0.006 0.089 0.002 0.009 0.019 0.024 0.082 0.055 0.024 0.068 0.002 0.026 
 33 FSSP_WM245   (10)    4 :  0.027 0.227 0.016 0.142 0.002 0.005 0.003 0.003 0.027 0.006 0.204 0.014 0.003 0.039 0.002 0.279 
 34 FSSP_WM246    (6)    4 :  0.062 0.205 0.019 0.195 0.006 0.010 0.004 0.008 0.087 0.016 0.242 0.019 0.006 0.063 0.003 0.057 
 35 FSSP_WM247    (3)    4 :  0.018 0.011 0.008 0.024 0.007 0.015 0.002 0.008 0.005 0.009 0.022 0.014 0.006 0.026 0.003 0.822 
 36 FSSP_WM248    (9)    4 :  0.012 0.018 0.004 0.014 0.003 0.013 0.002 0.003 0.008 0.017 0.013 0.006 0.004 0.009 0.002 0.872 
 37 FSSP_WM249    (6)    4 :  0.013 0.044 0.009 0.034 0.004 0.004 0.002 0.006 0.023 0.031 0.026 0.012 0.003 0.019 0.002 0.766 
 38 FSSP_WM250    (2)    4 :  0.256 0.065 0.013 0.052 0.022 0.006 0.003 0.022 0.026 0.066 0.077 0.012 0.021 0.023 0.003 0.334 
 39 HNL_WM301    (3)    5 :  0.010 0.011 0.006 0.010 0.004 0.004 0.865 0.005 0.005 0.004 0.009 0.007 0.003 0.008 0.045 0.005 
 40 HNL_WM302    (2)    5 :  0.005 0.005 0.004 0.006 0.003 0.003 0.894 0.003 0.004 0.003 0.006 0.003 0.003 0.005 0.050 0.003 
 41 HNL_WM303    (2)    5 :  0.009 0.012 0.007 0.012 0.003 0.004 0.795 0.004 0.015 0.004 0.016 0.007 0.003 0.009 0.095 0.005 
 42 HNL_WM304    (3)    5 :  0.015 0.027 0.016 0.021 0.002 0.004 0.826 0.003 0.011 0.006 0.028 0.011 0.004 0.015 0.004 0.006 
 43 HNL_WM305    (3)    5 :  0.006 0.009 0.005 0.009 0.003 0.004 0.923 0.004 0.006 0.003 0.009 0.004 0.003 0.006 0.004 0.003 
 44 HNL_WM306    (0)    5 :  0.006 0.007 0.006 0.008 0.002 0.002 0.933 0.003 0.005 0.004 0.007 0.004 0.003 0.003 0.002 0.004 
 45 HNL_WM307    (3)    5 :  0.009 0.017 0.009 0.011 0.003 0.003 0.869 0.003 0.009 0.005 0.018 0.007 0.003 0.011 0.018 0.005 
 46 HNL_WM308    (3)    5 :  0.008 0.014 0.015 0.013 0.005 0.004 0.815 0.004 0.024 0.004 0.017 0.005 0.003 0.009 0.057 0.004 
 47 HNL_WM309    (0)    5 :  0.012 0.022 0.017 0.026 0.006 0.005 0.824 0.006 0.010 0.005 0.028 0.011 0.004 0.013 0.004 0.007 
 48 HNL_WM310   (10)    5 :  0.010 0.012 0.007 0.017 0.002 0.003 0.889 0.002 0.010 0.005 0.014 0.007 0.003 0.010 0.003 0.007 
 49 MPO_WM482    (2)    6 :  0.010 0.021 0.006 0.030 0.003 0.004 0.003 0.003 0.861 0.004 0.024 0.008 0.003 0.010 0.004 0.005 
 50 MPO_WM483    (3)    6 :  0.025 0.206 0.016 0.219 0.005 0.005 0.002 0.005 0.321 0.008 0.128 0.011 0.003 0.036 0.002 0.008 
 51 MPO_WM484    (1)    6 :  0.023 0.143 0.012 0.162 0.002 0.004 0.003 0.002 0.490 0.004 0.093 0.011 0.003 0.039 0.002 0.008 
 52 MPO_WM485    (0)    6 :  0.017 0.055 0.007 0.064 0.006 0.004 0.002 0.011 0.746 0.005 0.040 0.012 0.003 0.012 0.002 0.016 
 53 MPO_WM486   (21)    6 :  0.024 0.297 0.013 0.290 0.002 0.008 0.002 0.003 0.033 0.008 0.203 0.020 0.005 0.080 0.002 0.011 
 54 MPO_WM487   (19)    6 :  0.027 0.113 0.016 0.123 0.003 0.006 0.002 0.004 0.469 0.007 0.152 0.019 0.003 0.043 0.002 0.011 
 55 MPO_WM488    (9)    6 :  0.023 0.296 0.009 0.310 0.002 0.004 0.002 0.002 0.045 0.006 0.227 0.011 0.004 0.051 0.002 0.007 
 56 MPO_WM489    (3)    6 :  0.020 0.023 0.004 0.018 0.003 0.004 0.002 0.005 0.769 0.023 0.025 0.074 0.008 0.014 0.003 0.006 
 57 MPO_WM490   (24)    6 :  0.030 0.317 0.011 0.282 0.002 0.008 0.002 0.003 0.044 0.007 0.221 0.013 0.006 0.044 0.003 0.007 
 58 MPO_WM491   (11)    6 :  0.030 0.279 0.010 0.315 0.002 0.003 0.002 0.004 0.025 0.006 0.257 0.013 0.004 0.041 0.002 0.007 
 59 OICP_WM541    (1)    7 :  0.009 0.020 0.004 0.021 0.002 0.003 0.002 0.001 0.005 0.004 0.022 0.007 0.002 0.891 0.001 0.004 
 60 OICP_WM542    (2)    7 :  0.011 0.017 0.005 0.017 0.001 0.003 0.002 0.002 0.007 0.003 0.015 0.014 0.002 0.897 0.001 0.004 
 61 OICP_WM543    (0)    7 :  0.008 0.009 0.006 0.019 0.001 0.003 0.002 0.002 0.007 0.004 0.015 0.009 0.003 0.907 0.002 0.004 
 62 OICP_WM544    (1)    7 :  0.049 0.086 0.004 0.071 0.014 0.008 0.002 0.044 0.018 0.021 0.036 0.352 0.010 0.271 0.002 0.011 
 63 OICP_WM545    (0)    7 :  0.009 0.035 0.007 0.032 0.002 0.004 0.002 0.002 0.011 0.005 0.042 0.016 0.003 0.824 0.002 0.004 
 64 OICP_WM546    (3)    7 :  0.026 0.125 0.009 0.158 0.001 0.004 0.003 0.007 0.019 0.006 0.101 0.060 0.003 0.468 0.002 0.007 
 65 OICP_WM547    (2)    7 :  0.030 0.155 0.006 0.162 0.002 0.004 0.002 0.004 0.019 0.006 0.121 0.063 0.003 0.416 0.002 0.007 
 66 OICP_WM548    (3)    7 :  0.011 0.017 0.005 0.017 0.001 0.004 0.002 0.002 0.007 0.004 0.011 0.013 0.002 0.897 0.001 0.004 
 67 OICP_WM549    (0)    7 :  0.007 0.009 0.004 0.011 0.001 0.003 0.002 0.001 0.006 0.004 0.012 0.016 0.002 0.915 0.002 0.005 
 68 OICP_WM550    (1)    7 :  0.009 0.022 0.005 0.019 0.001 0.003 0.002 0.002 0.007 0.003 0.016 0.006 0.002 0.895 0.002 0.004 
 69 IRO_WM601    (2)    8 :  0.068 0.046 0.007 0.039 0.005 0.036 0.003 0.016 0.012 0.155 0.037 0.441 0.005 0.094 0.002 0.035 
 70 IRO_WM602    (1)    8 :  0.131 0.107 0.014 0.111 0.007 0.006 0.003 0.012 0.034 0.009 0.081 0.115 0.006 0.351 0.003 0.010 
 71 IRO_WM603    (2)    8 :  0.037 0.022 0.007 0.027 0.014 0.255 0.003 0.046 0.017 0.343 0.022 0.161 0.006 0.016 0.003 0.022 
 72 IRO_WM604    (0)    8 :  0.608 0.027 0.007 0.019 0.130 0.008 0.002 0.113 0.007 0.012 0.016 0.011 0.018 0.011 0.001 0.009 
 73 IRO_WM605    (3)    8 :  0.729 0.011 0.007 0.014 0.002 0.002 0.002 0.002 0.010 0.037 0.013 0.145 0.012 0.007 0.002 0.004 
 74 IRO_WM606    (3)    8 :  0.726 0.043 0.011 0.036 0.005 0.010 0.003 0.005 0.023 0.011 0.051 0.011 0.032 0.020 0.002 0.011 
 75 IRO_WM607    (2)    8 :  0.359 0.104 0.012 0.098 0.013 0.004 0.002 0.019 0.025 0.097 0.063 0.033 0.018 0.040 0.002 0.111 
 76 IRO_WM608    (0)    8 :  0.090 0.055 0.008 0.069 0.081 0.013 0.003 0.103 0.021 0.087 0.065 0.227 0.019 0.118 0.003 0.037 
 77 IRO_WM609    (0)    8 :  0.187 0.124 0.012 0.147 0.079 0.048 0.003 0.072 0.034 0.047 0.119 0.039 0.013 0.061 0.004 0.013 
 78 IRO_WM610   (13)    8 :  0.049 0.087 0.014 0.093 0.012 0.067 0.003 0.012 0.282 0.008 0.128 0.016 0.058 0.029 0.003 0.139 
 79 HGRF_WM661    (5)    9 :  0.026 0.143 0.008 0.132 0.002 0.004 0.002 0.004 0.023 0.006 0.089 0.076 0.003 0.472 0.002 0.006 
 80 HGRF_WM662    (5)    9 :  0.018 0.327 0.012 0.317 0.001 0.004 0.002 0.002 0.022 0.005 0.222 0.011 0.003 0.045 0.002 0.006 
 81 HGRF_WM663    (4)    9 :  0.033 0.130 0.008 0.151 0.002 0.004 0.002 0.006 0.015 0.006 0.119 0.058 0.002 0.451 0.002 0.009 
 82 HGRF_WM664    (3)    9 :  0.016 0.284 0.008 0.318 0.002 0.004 0.002 0.003 0.023 0.004 0.212 0.019 0.003 0.095 0.002 0.007 
 83 HGRF_WM665    (1)    9 :  0.038 0.117 0.011 0.113 0.010 0.008 0.002 0.009 0.023 0.011 0.095 0.156 0.004 0.393 0.003 0.008 
 84 HGRF_WM666    (5)    9 :  0.017 0.324 0.014 0.312 0.002 0.004 0.003 0.002 0.028 0.006 0.229 0.012 0.003 0.038 0.002 0.007 
 85 HGRF_WM667    (0)    9 :  0.015 0.301 0.008 0.363 0.001 0.003 0.002 0.002 0.023 0.005 0.209 0.009 0.003 0.047 0.002 0.006 
 86 HGRF_WM668    (4)    9 :  0.027 0.137 0.008 0.127 0.002 0.004 0.003 0.004 0.014 0.006 0.133 0.055 0.002 0.469 0.002 0.008 
 87 HGRF_WM669    (5)    9 :  0.022 0.276 0.014 0.290 0.002 0.004 0.002 0.002 0.042 0.005 0.283 0.010 0.003 0.036 0.002 0.008 
 88 HGRF_WM670    (9)    9 :  0.024 0.265 0.011 0.310 0.002 0.005 0.002 0.003 0.022 0.006 0.193 0.031 0.003 0.115 0.002 0.006 
 89 PTP_WM721    (2)   10 :  0.037 0.250 0.025 0.272 0.011 0.007 0.004 0.009 0.057 0.011 0.203 0.024 0.007 0.066 0.003 0.012 
 90 PTP_WM722    (2)   10 :  0.007 0.041 0.008 0.043 0.011 0.005 0.003 0.012 0.024 0.007 0.805 0.011 0.006 0.008 0.002 0.009 
 91 PTP_WM723   (25)   10 :  0.038 0.283 0.012 0.290 0.002 0.005 0.002 0.002 0.033 0.006 0.241 0.011 0.004 0.063 0.002 0.007 
 92 PTP_WM724   (13)   10 :  0.018 0.294 0.015 0.333 0.002 0.004 0.002 0.002 0.039 0.008 0.216 0.011 0.003 0.044 0.002 0.008 
 93 PTP_WM725   (25)   10 :  0.018 0.312 0.016 0.293 0.002 0.005 0.003 0.003 0.034 0.009 0.224 0.015 0.003 0.044 0.002 0.016 
 94 PTP_WM726   (13)   10 :  0.028 0.315 0.008 0.300 0.002 0.005 0.002 0.002 0.035 0.006 0.211 0.017 0.003 0.056 0.002 0.008 
 95 PTP_WM727   (10)   10 :  0.034 0.323 0.009 0.293 0.002 0.004 0.003 0.002 0.031 0.005 0.239 0.011 0.003 0.035 0.002 0.006 
 96 PTP_WM728    (8)   10 :  0.025 0.301 0.011 0.323 0.002 0.004 0.002 0.002 0.026 0.007 0.223 0.008 0.003 0.052 0.002 0.008 
 97 PTP_WM729    (9)   10 :  0.012 0.028 0.006 0.028 0.001 0.004 0.002 0.002 0.009 0.004 0.875 0.006 0.002 0.012 0.002 0.005 
 98 PTP_WM730    (8)   10 :  0.015 0.019 0.005 0.013 0.001 0.004 0.002 0.002 0.014 0.003 0.897 0.006 0.002 0.008 0.002 0.007 
 99 RRL_WM782    (9)   11 :  0.019 0.309 0.012 0.343 0.002 0.005 0.002 0.002 0.029 0.006 0.207 0.014 0.004 0.036 0.002 0.008 
100 RRL_WM783    (8)   11 :  0.016 0.014 0.007 0.026 0.003 0.012 0.002 0.004 0.010 0.824 0.018 0.036 0.004 0.012 0.002 0.009 
101 RRL_WM784    (1)   11 :  0.032 0.032 0.013 0.038 0.005 0.012 0.002 0.004 0.012 0.782 0.030 0.007 0.010 0.013 0.002 0.006 
102 RRL_WM785    (1)   11 :  0.021 0.295 0.011 0.310 0.002 0.004 0.002 0.002 0.024 0.005 0.248 0.010 0.003 0.053 0.002 0.009 
103 RRL_WM786    (2)   11 :  0.059 0.011 0.004 0.011 0.004 0.004 0.002 0.003 0.006 0.829 0.011 0.010 0.019 0.006 0.002 0.019 
104 RRL_WM787    (3)   11 :  0.029 0.014 0.005 0.022 0.009 0.008 0.002 0.014 0.007 0.690 0.018 0.077 0.007 0.084 0.002 0.012 
105 RRL_WM788    (0)   11 :  0.008 0.009 0.004 0.008 0.110 0.007 0.002 0.083 0.005 0.731 0.006 0.005 0.004 0.005 0.002 0.012 
106 RRL_WM789    (2)   11 :  0.009 0.009 0.004 0.007 0.003 0.015 0.002 0.004 0.005 0.906 0.010 0.013 0.004 0.006 0.002 0.004 
107 RRL_WM790    (0)   11 :  0.169 0.034 0.007 0.031 0.124 0.006 0.003 0.076 0.014 0.462 0.027 0.010 0.014 0.013 0.002 0.008 
108 RRL_WM791    (0)   11 :  0.027 0.058 0.012 0.052 0.009 0.005 0.002 0.010 0.016 0.646 0.053 0.036 0.004 0.019 0.002 0.050 
109 RRO_WM842    (0)   12 :  0.074 0.024 0.005 0.030 0.007 0.009 0.002 0.006 0.012 0.756 0.022 0.014 0.010 0.012 0.002 0.014 
110 RRO_WM843    (7)   12 :  0.048 0.017 0.009 0.030 0.010 0.292 0.002 0.010 0.009 0.498 0.028 0.014 0.007 0.016 0.003 0.007 
111 RRO_WM844    (2)   12 :  0.333 0.083 0.008 0.061 0.002 0.352 0.002 0.005 0.020 0.036 0.047 0.007 0.006 0.029 0.002 0.005 
112 RRO_WM845    (4)   12 :  0.009 0.013 0.005 0.013 0.002 0.058 0.002 0.002 0.007 0.851 0.015 0.010 0.003 0.004 0.002 0.004 
113 RRO_WM846   (10)   12 :  0.011 0.066 0.009 0.070 0.004 0.026 0.002 0.004 0.017 0.692 0.042 0.009 0.006 0.027 0.002 0.012 
114 RRO_WM847    (6)   12 :  0.137 0.033 0.008 0.031 0.004 0.103 0.003 0.004 0.013 0.570 0.035 0.027 0.010 0.013 0.002 0.009 
115 RRO_WM848    (4)   12 :  0.017 0.127 0.012 0.141 0.009 0.019 0.003 0.011 0.039 0.378 0.089 0.040 0.004 0.052 0.003 0.055 
116 RRO_WM849    (5)   12 :  0.013 0.031 0.007 0.033 0.003 0.021 0.002 0.003 0.014 0.564 0.025 0.253 0.003 0.020 0.002 0.005 
117 RRO_WM850    (2)   12 :  0.017 0.024 0.007 0.026 0.003 0.006 0.003 0.003 0.014 0.817 0.041 0.014 0.003 0.014 0.002 0.007 
118 RRO_WM851    (1)   12 :  0.023 0.126 0.010 0.108 0.003 0.070 0.002 0.003 0.023 0.473 0.106 0.012 0.004 0.027 0.003 0.009 
119 CPS_WM901    (2)   13 :  0.020 0.015 0.006 0.016 0.003 0.873 0.002 0.003 0.006 0.010 0.016 0.007 0.004 0.010 0.002 0.005 
120 CPS_WM902    (2)   13 :  0.008 0.013 0.005 0.010 0.002 0.845 0.002 0.002 0.006 0.008 0.010 0.030 0.008 0.043 0.002 0.004 
121 CPS_WM903    (5)   13 :  0.015 0.006 0.004 0.007 0.003 0.913 0.002 0.002 0.004 0.012 0.008 0.004 0.007 0.007 0.002 0.005 
122 CPS_WM904    (1)   13 :  0.010 0.013 0.005 0.008 0.024 0.844 0.002 0.020 0.008 0.009 0.013 0.007 0.015 0.011 0.002 0.008 
123 CPS_WM905    (2)   13 :  0.006 0.008 0.006 0.009 0.033 0.837 0.002 0.034 0.010 0.005 0.009 0.007 0.006 0.006 0.002 0.019 
124 CPS_WM906    (3)   13 :  0.011 0.014 0.008 0.020 0.002 0.883 0.002 0.002 0.010 0.005 0.017 0.007 0.002 0.011 0.002 0.005 
125 CPS_WM907    (6)   13 :  0.016 0.050 0.009 0.056 0.002 0.740 0.002 0.002 0.019 0.007 0.054 0.011 0.003 0.021 0.002 0.005 
126 CPS_WM908    (3)   13 :  0.022 0.048 0.013 0.069 0.005 0.704 0.003 0.005 0.023 0.009 0.039 0.015 0.010 0.021 0.002 0.011 
127 CPS_WM909    (2)   13 :  0.013 0.035 0.009 0.045 0.003 0.792 0.002 0.003 0.014 0.008 0.026 0.014 0.004 0.023 0.002 0.008 
128 CPS_WM910    (1)   13 :  0.007 0.021 0.007 0.013 0.007 0.876 0.002 0.009 0.010 0.005 0.015 0.008 0.003 0.009 0.002 0.004 
129 PPNP_WM962    (1)   14 :  0.005 0.009 0.928 0.009 0.004 0.003 0.002 0.003 0.004 0.004 0.007 0.004 0.002 0.007 0.007 0.003 
130 PPNP_WM963    (0)   14 :  0.017 0.038 0.755 0.036 0.006 0.004 0.026 0.006 0.021 0.004 0.044 0.009 0.003 0.020 0.002 0.008 
131 PPNP_WM964    (0)   14 :  0.008 0.012 0.815 0.008 0.015 0.004 0.060 0.015 0.009 0.005 0.012 0.008 0.005 0.008 0.013 0.004 
132 PPNP_WM965    (4)   14 :  0.009 0.023 0.852 0.033 0.002 0.004 0.003 0.002 0.011 0.005 0.026 0.007 0.003 0.012 0.002 0.004 
133 PPNP_WM966    (4)   14 :  0.005 0.011 0.930 0.010 0.001 0.004 0.002 0.002 0.005 0.003 0.010 0.003 0.002 0.007 0.001 0.003 
134 PPNP_WM967    (4)   14 :  0.021 0.054 0.729 0.064 0.003 0.003 0.003 0.003 0.017 0.004 0.059 0.011 0.003 0.019 0.002 0.006 
135 PPNP_WM968    (5)   14 :  0.024 0.223 0.083 0.244 0.006 0.005 0.002 0.007 0.051 0.006 0.236 0.012 0.005 0.053 0.021 0.020 
136 PPNP_WM969    (2)   14 :  0.013 0.057 0.767 0.051 0.002 0.005 0.002 0.002 0.015 0.006 0.036 0.008 0.003 0.023 0.002 0.009 
137 PPNP_WM970    (2)   14 :  0.018 0.082 0.691 0.074 0.003 0.005 0.006 0.003 0.015 0.005 0.052 0.010 0.004 0.022 0.002 0.008 
138 PPNP_WM971    (2)   14 :  0.011 0.065 0.749 0.053 0.002 0.004 0.003 0.002 0.017 0.006 0.039 0.012 0.003 0.025 0.001 0.007 
139 FPPI_WM1021    (4)   15 :  0.013 0.033 0.809 0.031 0.008 0.003 0.004 0.010 0.020 0.006 0.021 0.011 0.003 0.020 0.003 0.007 
140 FPPI_WM1022    (4)   15 :  0.012 0.058 0.531 0.067 0.004 0.006 0.014 0.006 0.201 0.004 0.042 0.013 0.004 0.016 0.013 0.009 
141 FPPI_WM1023    (1)   15 :  0.010 0.032 0.812 0.047 0.002 0.003 0.007 0.002 0.012 0.004 0.032 0.007 0.003 0.019 0.002 0.005 
142 FPPI_WM1024    (5)   15 :  0.021 0.047 0.745 0.057 0.002 0.004 0.002 0.002 0.018 0.005 0.053 0.010 0.003 0.021 0.002 0.007 
143 FPPI_WM1025    (6)   15 :  0.018 0.058 0.739 0.059 0.002 0.003 0.005 0.002 0.015 0.005 0.043 0.014 0.002 0.025 0.003 0.007 
144 FPPI_WM1026    (1)   15 :  0.008 0.011 0.915 0.015 0.002 0.003 0.004 0.002 0.005 0.004 0.010 0.004 0.003 0.007 0.002 0.005 
145 FPPI_WM1027    (3)   15 :  0.006 0.010 0.931 0.011 0.002 0.003 0.002 0.002 0.004 0.003 0.007 0.005 0.003 0.006 0.002 0.003 
146 FPPI_WM1028    (2)   15 :  0.011 0.025 0.858 0.024 0.002 0.003 0.014 0.002 0.008 0.004 0.017 0.009 0.003 0.013 0.002 0.005 
147 FPPI_WM1029    (3)   15 :  0.024 0.186 0.410 0.151 0.002 0.004 0.034 0.003 0.020 0.009 0.092 0.010 0.003 0.038 0.007 0.010 
148 FPPI_WM1030    (1)   15 :  0.009 0.008 0.886 0.012 0.017 0.005 0.006 0.016 0.006 0.004 0.010 0.005 0.003 0.005 0.004 0.004 
149 CRWA_WM1082    (2)   16 :  0.006 0.008 0.003 0.009 0.002 0.002 0.002 0.002 0.006 0.003 0.012 0.004 0.002 0.007 0.002 0.931 
150 CRWA_WM1084    (5)   16 :  0.072 0.076 0.008 0.057 0.002 0.004 0.002 0.006 0.010 0.005 0.044 0.043 0.010 0.175 0.002 0.485 
151 CRWA_WM1085    (2)   16 :  0.041 0.131 0.007 0.110 0.002 0.005 0.002 0.003 0.019 0.013 0.048 0.010 0.009 0.044 0.002 0.556 
152 CRWA_WM1086    (9)   16 :  0.064 0.160 0.009 0.166 0.007 0.005 0.002 0.018 0.170 0.045 0.129 0.026 0.006 0.032 0.003 0.157 
153 CRWA_WM1087    (0)   16 :  0.026 0.062 0.012 0.099 0.081 0.027 0.002 0.085 0.023 0.007 0.045 0.009 0.021 0.018 0.002 0.481 
154 CRWA_WM1088    (1)   16 :  0.080 0.152 0.010 0.093 0.024 0.004 0.002 0.036 0.116 0.008 0.076 0.080 0.021 0.163 0.002 0.132 
155 CRWA_WM1089    (3)   16 :  0.021 0.083 0.009 0.105 0.002 0.004 0.003 0.002 0.036 0.005 0.069 0.028 0.003 0.029 0.003 0.596 
156 CRWA_WM1090    (0)   16 :  0.320 0.072 0.010 0.110 0.006 0.004 0.003 0.007 0.037 0.030 0.117 0.016 0.054 0.037 0.002 0.174 
157 CRWA_WM1092    (1)   16 :  0.017 0.063 0.008 0.042 0.080 0.005 0.003 0.088 0.023 0.007 0.042 0.037 0.012 0.021 0.002 0.550 
158 CRWA_WM1093    (1)   16 :  0.021 0.022 0.006 0.038 0.041 0.006 0.002 0.042 0.011 0.007 0.037 0.040 0.004 0.100 0.003 0.622 
159 PCRA_WM1141    (3)   17 :  0.144 0.040 0.008 0.066 0.003 0.005 0.002 0.004 0.019 0.010 0.044 0.012 0.564 0.016 0.002 0.061 
160 PCRA_WM1142    (3)   17 :  0.031 0.072 0.013 0.084 0.002 0.006 0.002 0.003 0.017 0.005 0.064 0.012 0.641 0.032 0.002 0.013 
161 PCRA_WM1143    (1)   17 :  0.116 0.149 0.010 0.127 0.002 0.004 0.002 0.003 0.024 0.008 0.072 0.014 0.433 0.023 0.002 0.011 
162 PCRA_WM1144    (2)   17 :  0.017 0.055 0.008 0.041 0.002 0.018 0.002 0.003 0.020 0.514 0.049 0.229 0.012 0.021 0.002 0.006 
163 PCRA_WM1145    (4)   17 :  0.129 0.109 0.010 0.144 0.007 0.026 0.002 0.006 0.021 0.009 0.075 0.016 0.328 0.098 0.002 0.017 
164 PCRA_WM1146    (2)   17 :  0.026 0.007 0.005 0.008 0.009 0.007 0.002 0.009 0.015 0.016 0.011 0.072 0.739 0.008 0.002 0.065 
165 PCRA_WM1147    (1)   17 :  0.205 0.168 0.015 0.133 0.002 0.006 0.002 0.004 0.024 0.007 0.109 0.016 0.158 0.053 0.002 0.096 
166 PCRA_WM1148    (0)   17 :  0.026 0.008 0.005 0.010 0.011 0.004 0.002 0.010 0.008 0.009 0.011 0.010 0.872 0.008 0.002 0.005 
167 PCRA_WM1149    (1)   17 :  0.010 0.012 0.005 0.010 0.010 0.114 0.002 0.013 0.010 0.027 0.014 0.025 0.723 0.016 0.002 0.005 
168 PCRA_WM1150    (0)   17 :  0.024 0.013 0.006 0.012 0.018 0.006 0.003 0.017 0.009 0.012 0.008 0.038 0.800 0.019 0.009 0.005 
169 DHFA_WM1202    (3)   18 :  0.018 0.075 0.022 0.067 0.002 0.005 0.004 0.003 0.029 0.008 0.084 0.015 0.004 0.028 0.624 0.012 
170 DHFA_WM1203    (1)   18 :  0.021 0.057 0.096 0.062 0.004 0.004 0.020 0.004 0.017 0.008 0.051 0.011 0.003 0.028 0.605 0.008 
171 DHFA_WM1204    (2)   18 :  0.013 0.061 0.060 0.043 0.003 0.004 0.024 0.005 0.026 0.006 0.055 0.010 0.004 0.024 0.653 0.008 
172 DHFA_WM1205    (5)   18 :  0.008 0.012 0.006 0.010 0.003 0.003 0.006 0.002 0.009 0.004 0.011 0.005 0.003 0.010 0.902 0.004 
173 DHFA_WM1206    (4)   18 :  0.011 0.015 0.005 0.013 0.002 0.004 0.004 0.002 0.009 0.005 0.021 0.005 0.003 0.010 0.884 0.005 
174 DHFA_WM1207    (2)   18 :  0.008 0.008 0.004 0.008 0.002 0.003 0.008 0.002 0.005 0.003 0.007 0.005 0.003 0.005 0.926 0.003 
175 DHFA_WM1208    (3)   18 :  0.008 0.016 0.008 0.011 0.003 0.004 0.005 0.003 0.007 0.003 0.012 0.006 0.004 0.008 0.897 0.005 
176 DHFA_WM1209    (1)   18 :  0.007 0.006 0.006 0.009 0.004 0.003 0.010 0.004 0.006 0.004 0.009 0.005 0.003 0.006 0.914 0.004 
177 DHFA_WM1210    (0)   18 :  0.004 0.003 0.003 0.004 0.003 0.002 0.003 0.003 0.003 0.002 0.003 0.003 0.002 0.003 0.957 0.002 
178 DHFA_WM1211    (2)   18 :  0.022 0.057 0.012 0.059 0.002 0.005 0.006 0.003 0.020 0.010 0.051 0.010 0.005 0.028 0.698 0.010 


Estimated Allele Frequencies in each cluster
First column gives estimated ancestral frequencies


Locus 1 : 953_21 
2 alleles
4.5% missing data
 120   (0.960) 0.999 1.000 0.898 1.000 0.960 0.998 0.997 0.964 0.999 0.998 1.000 0.999 0.996 1.000 0.995 0.998 
 100   (0.040) 0.001 0.000 0.102 0.000 0.040 0.002 0.003 0.036 0.001 0.002 0.000 0.001 0.004 0.000 0.005 0.002 

Locus 2 : 2370_26 
2 alleles
6.2% missing data
 110   (0.958) 0.999 1.000 0.787 1.000 0.959 0.997 0.997 0.963 0.999 0.998 1.000 0.999 0.996 1.000 0.995 0.998 
 130   (0.042) 0.001 0.000 0.213 0.000 0.041 0.003 0.003 0.037 0.001 0.002 0.000 0.001 0.004 0.000 0.005 0.002 

Locus 3 : 2692_87 
2 alleles
1.7% missing data
 130   (0.930) 0.999 1.000 0.998 1.000 0.930 0.996 0.850 0.938 0.999 0.997 1.000 0.998 0.992 1.000 0.691 0.997 
 120   (0.070) 0.001 0.000 0.002 0.000 0.070 0.004 0.150 0.062 0.001 0.003 0.000 0.002 0.008 0.000 0.309 0.003 

Locus 4 : 2828_58 
2 alleles
6.7% missing data
 100   (0.926) 0.997 0.999 0.998 0.999 0.926 0.994 0.994 0.919 0.998 0.994 0.998 0.983 0.822 0.992 0.991 0.995 
 120   (0.074) 0.003 0.001 0.002 0.001 0.074 0.006 0.006 0.081 0.002 0.006 0.002 0.017 0.178 0.008 0.009 0.005 

Locus 5 : 6398_73 
2 alleles
6.2% missing data
 130   (0.893) 0.998 1.000 0.797 1.000 0.894 0.993 0.488 0.904 0.998 0.995 1.000 0.997 0.988 0.999 0.780 0.996 
 100   (0.107) 0.002 0.000 0.203 0.000 0.106 0.007 0.512 0.096 0.002 0.005 0.000 0.003 0.012 0.001 0.220 0.004 

Locus 6 : 7469_71 
2 alleles
5.1% missing data
 130   (0.962) 0.999 1.000 0.998 1.000 0.962 0.997 0.996 0.961 0.998 0.997 0.984 0.998 0.993 1.000 0.995 0.998 
 110   (0.038) 0.001 0.000 0.002 0.000 0.038 0.003 0.004 0.039 0.002 0.003 0.016 0.002 0.007 0.000 0.005 0.002 

Locus 7 : 7615_47 
2 alleles
5.1% missing data
 130   (0.959) 0.998 0.998 0.998 0.998 0.958 0.996 0.996 0.961 0.997 0.997 0.997 0.997 0.992 0.999 0.993 0.997 
 100   (0.041) 0.002 0.002 0.002 0.002 0.042 0.004 0.004 0.039 0.003 0.003 0.003 0.003 0.008 0.001 0.007 0.003 

Locus 8 : 8211_10 
2 alleles
2.8% missing data
 120   (0.958) 0.999 1.000 0.999 1.000 0.958 0.997 0.875 0.963 0.999 0.998 1.000 0.999 0.996 1.000 0.994 0.999 
 100   (0.042) 0.001 0.000 0.001 0.000 0.042 0.003 0.125 0.037 0.001 0.002 0.000 0.001 0.004 0.000 0.006 0.001 

Locus 9 : 8394_14 
2 alleles
2.2% missing data
 110   (0.959) 0.999 1.000 0.862 1.000 0.959 0.997 0.996 0.963 0.998 0.998 1.000 0.999 0.996 1.000 0.995 0.998 
 130   (0.041) 0.001 0.000 0.138 0.000 0.041 0.003 0.004 0.037 0.002 0.002 0.000 0.001 0.004 0.000 0.005 0.002 

Locus 10 : 9621_63 
2 alleles
3.9% missing data
 130   (0.957) 0.999 1.000 0.999 1.000 0.957 0.997 0.872 0.962 0.999 0.998 1.000 0.999 0.995 1.000 0.995 0.998 
 110   (0.043) 0.001 0.000 0.001 0.000 0.043 0.003 0.128 0.038 0.001 0.002 0.000 0.001 0.005 0.000 0.005 0.002 

Locus 11 : 9880_35 
2 alleles
4.5% missing data
 120   (0.929) 0.999 1.000 0.998 1.000 0.929 0.995 0.739 0.937 0.999 0.996 1.000 0.998 0.992 1.000 0.680 0.997 
 100   (0.071) 0.001 0.000 0.002 0.000 0.071 0.005 0.261 0.063 0.001 0.004 0.000 0.002 0.008 0.000 0.320 0.003 

Locus 12 : 11163_16 
2 alleles
7.9% missing data
 130   (0.956) 0.999 1.000 0.999 1.000 0.957 0.997 0.997 0.962 0.999 0.998 1.000 0.999 0.995 1.000 0.819 0.998 
 110   (0.044) 0.001 0.000 0.001 0.000 0.043 0.003 0.003 0.038 0.001 0.002 0.000 0.001 0.005 0.000 0.181 0.002 

Locus 13 : 11991_31 
2 alleles
4.5% missing data
 120   (0.933) 0.989 1.000 0.998 1.000 0.932 0.995 0.995 0.917 0.998 0.971 0.999 0.992 0.986 0.999 0.992 0.990 
 100   (0.067) 0.011 0.000 0.002 0.000 0.068 0.005 0.005 0.083 0.002 0.029 0.001 0.008 0.014 0.001 0.008 0.010 

Locus 14 : 12766_17 
2 alleles
2.2% missing data
 120   (0.958) 0.999 1.000 0.999 1.000 0.958 0.994 0.997 0.961 0.999 0.998 1.000 0.999 0.930 1.000 0.995 0.998 
 100   (0.042) 0.001 0.000 0.001 0.000 0.042 0.006 0.003 0.039 0.001 0.002 0.000 0.001 0.070 0.000 0.005 0.002 

Locus 15 : 13496_14 
2 alleles
5.1% missing data
 110   (0.954) 0.999 1.000 0.999 1.000 0.954 0.693 0.997 0.959 0.999 0.998 1.000 0.999 0.995 1.000 0.995 0.998 
 100   (0.046) 0.001 0.000 0.001 0.000 0.046 0.307 0.003 0.041 0.001 0.002 0.000 0.001 0.005 0.000 0.005 0.002 

Locus 16 : 14394_41 
2 alleles
2.2% missing data
 130   (0.959) 0.999 1.000 0.999 1.000 0.959 0.997 0.997 0.963 0.999 0.998 1.000 0.999 0.928 1.000 0.995 0.998 
 110   (0.041) 0.001 0.000 0.001 0.000 0.041 0.003 0.003 0.037 0.001 0.002 0.000 0.001 0.072 0.000 0.005 0.002 

Locus 17 : 16285_24 
2 alleles
6.2% missing data
 130   (0.953) 0.999 1.000 0.999 1.000 0.953 0.997 0.996 0.959 0.999 0.998 1.000 0.999 0.995 1.000 0.763 0.998 
 100   (0.047) 0.001 0.000 0.001 0.000 0.047 0.003 0.004 0.041 0.001 0.002 0.000 0.001 0.005 0.000 0.237 0.002 

Locus 18 : 18821_69 
2 alleles
7.3% missing data
 120   (0.955) 0.999 1.000 0.999 0.999 0.956 0.997 0.997 0.960 0.718 0.998 1.000 0.999 0.995 1.000 0.995 0.998 
 110   (0.045) 0.001 0.000 0.001 0.001 0.044 0.003 0.003 0.040 0.282 0.002 0.000 0.001 0.005 0.000 0.005 0.002 

Locus 19 : 19006_32 
2 alleles
6.7% missing data
 120   (0.901) 0.999 1.000 0.800 1.000 0.902 0.993 0.538 0.911 0.998 0.995 1.000 0.997 0.989 0.999 0.802 0.996 
 110   (0.099) 0.001 0.000 0.200 0.000 0.098 0.007 0.462 0.089 0.002 0.005 0.000 0.003 0.011 0.001 0.198 0.004 

Locus 20 : 19602_58 
2 alleles
4.5% missing data
 120   (0.958) 0.999 1.000 0.999 1.000 0.959 0.997 0.997 0.963 0.999 0.998 1.000 0.999 0.995 1.000 0.945 0.998 
 100   (0.042) 0.001 0.000 0.001 0.000 0.041 0.003 0.003 0.037 0.001 0.002 0.000 0.001 0.005 0.000 0.055 0.002 

Locus 21 : 20143_24 
2 alleles
3.4% missing data
 120   (0.959) 0.999 1.000 0.999 1.000 0.959 0.966 0.997 0.960 0.999 0.998 1.000 0.999 0.995 1.000 0.995 0.998 
 100   (0.041) 0.001 0.000 0.001 0.000 0.041 0.034 0.003 0.040 0.001 0.002 0.000 0.001 0.005 0.000 0.005 0.002 

Locus 22 : 21661_29 
2 alleles
2.2% missing data
 120   (0.955) 0.999 1.000 0.999 1.000 0.955 0.997 0.997 0.960 0.999 0.998 1.000 0.999 0.995 1.000 0.787 0.998 
 100   (0.045) 0.001 0.000 0.001 0.000 0.045 0.003 0.003 0.040 0.001 0.002 0.000 0.001 0.005 0.000 0.213 0.002 

Locus 23 : 22603_12 
2 alleles
5.1% missing data
 130   (0.958) 0.999 1.000 0.999 1.000 0.958 0.997 0.997 0.963 0.999 0.998 1.000 0.999 0.995 1.000 0.891 0.998 
 110   (0.042) 0.001 0.000 0.001 0.000 0.042 0.003 0.003 0.037 0.001 0.002 0.000 0.001 0.005 0.000 0.109 0.002 

Locus 24 : 25109_23 
2 alleles
1.7% missing data
 120   (0.937) 0.994 1.000 0.998 0.999 0.937 0.994 0.995 0.942 0.998 0.996 0.999 0.997 0.945 0.999 0.992 0.824 
 100   (0.063) 0.006 0.000 0.002 0.001 0.063 0.006 0.005 0.058 0.002 0.004 0.001 0.003 0.055 0.001 0.008 0.176 

Locus 25 : 25511_77 
2 alleles
5.1% missing data
 130   (0.954) 0.999 1.000 0.939 1.000 0.954 0.997 0.995 0.958 0.999 0.998 1.000 0.999 0.995 1.000 0.995 0.998 
 110   (0.046) 0.001 0.000 0.061 0.000 0.046 0.003 0.005 0.042 0.001 0.002 0.000 0.001 0.005 0.000 0.005 0.002 

Locus 26 : 26816_9 
2 alleles
5.6% missing data
 110   (0.876) 0.968 0.997 0.997 0.997 0.875 0.981 0.990 0.853 0.994 0.794 0.999 0.966 0.984 0.998 0.986 0.673 
 130   (0.124) 0.032 0.003 0.003 0.003 0.125 0.019 0.010 0.147 0.006 0.206 0.001 0.034 0.016 0.002 0.014 0.327 

Locus 27 : 29455_86 
2 alleles
5.6% missing data
 120   (0.960) 0.995 1.000 0.999 1.000 0.960 0.997 0.997 0.958 0.999 0.998 1.000 0.998 0.988 1.000 0.994 0.998 
 110   (0.040) 0.005 0.000 0.001 0.000 0.040 0.003 0.003 0.042 0.001 0.002 0.000 0.002 0.012 0.000 0.006 0.002 

Locus 28 : 30970_30 
2 alleles
6.7% missing data
 120   (0.959) 0.999 1.000 0.999 1.000 0.959 0.961 0.997 0.961 0.999 0.998 1.000 0.999 0.994 1.000 0.995 0.998 
 110   (0.041) 0.001 0.000 0.001 0.000 0.041 0.039 0.003 0.039 0.001 0.002 0.000 0.001 0.006 0.000 0.005 0.002 

Locus 29 : 33052_5 
2 alleles
1.1% missing data
 130   (0.959) 0.999 1.000 0.999 1.000 0.959 0.997 0.996 0.963 0.969 0.998 1.000 0.999 0.995 1.000 0.995 0.994 
 110   (0.041) 0.001 0.000 0.001 0.000 0.041 0.003 0.004 0.037 0.031 0.002 0.000 0.001 0.005 0.000 0.005 0.006 

Locus 30 : 33744_32 
2 alleles
2.8% missing data
 130   (0.952) 0.999 1.000 0.999 1.000 0.953 0.997 0.996 0.956 0.884 0.998 1.000 0.999 0.995 1.000 0.994 0.998 
 110   (0.048) 0.001 0.000 0.001 0.000 0.047 0.003 0.004 0.044 0.116 0.002 0.000 0.001 0.005 0.000 0.006 0.002 

Locus 31 : 34805_8 
2 alleles
4.5% missing data
 110   (0.942) 0.992 1.000 0.998 1.000 0.942 0.996 0.996 0.944 0.999 0.997 1.000 0.998 0.748 1.000 0.993 0.998 
 120   (0.058) 0.008 0.000 0.002 0.000 0.058 0.004 0.004 0.056 0.001 0.003 0.000 0.002 0.252 0.000 0.007 0.002 

Locus 32 : 35345_10 
2 alleles
5.1% missing data
 130   (0.951) 0.998 0.997 0.998 0.994 0.951 0.996 0.996 0.954 0.941 0.997 0.998 0.998 0.994 0.999 0.994 0.997 
 110   (0.049) 0.002 0.003 0.002 0.006 0.049 0.004 0.004 0.046 0.059 0.003 0.002 0.002 0.006 0.001 0.006 0.003 

Locus 33 : 35769_30 
2 alleles
6.2% missing data
 110   (0.940) 0.999 1.000 0.998 1.000 0.940 0.962 0.995 0.944 0.999 0.997 1.000 0.997 0.926 1.000 0.993 0.996 
 100   (0.060) 0.001 0.000 0.002 0.000 0.060 0.038 0.005 0.056 0.001 0.003 0.000 0.003 0.074 0.000 0.007 0.004 

Locus 34 : 35965_89 
2 alleles
3.4% missing data
 130   (0.959) 0.999 1.000 0.999 1.000 0.959 0.997 0.997 0.958 0.999 0.998 1.000 0.998 0.995 0.999 0.995 0.979 
 100   (0.041) 0.001 0.000 0.001 0.000 0.041 0.003 0.003 0.042 0.001 0.002 0.000 0.002 0.005 0.001 0.005 0.021 

Locus 35 : 39654_13 
2 alleles
5.6% missing data
 120   (0.960) 0.999 1.000 0.999 1.000 0.960 0.997 0.997 0.959 0.999 0.986 1.000 0.999 0.995 1.000 0.995 0.998 
 100   (0.040) 0.001 0.000 0.001 0.000 0.040 0.003 0.003 0.041 0.001 0.014 0.000 0.001 0.005 0.000 0.005 0.002 

Locus 36 : 39700_65 
2 alleles
3.4% missing data
 110   (0.961) 0.998 1.000 0.999 1.000 0.961 0.996 0.997 0.957 0.999 0.997 1.000 0.998 0.994 1.000 0.995 0.998 
 120   (0.039) 0.002 0.000 0.001 0.000 0.039 0.004 0.003 0.043 0.001 0.003 0.000 0.002 0.006 0.000 0.005 0.002 

Locus 37 : 40824_7 
2 alleles
5.1% missing data
 130   (0.959) 0.999 1.000 0.999 1.000 0.959 0.997 0.997 0.964 0.999 0.927 1.000 0.999 0.995 1.000 0.995 0.998 
 110   (0.041) 0.001 0.000 0.001 0.000 0.041 0.003 0.003 0.036 0.001 0.073 0.000 0.001 0.005 0.000 0.005 0.002 

Locus 38 : 41554_43 
2 alleles
7.3% missing data
 120   (0.960) 0.999 1.000 0.999 1.000 0.960 0.959 0.997 0.964 0.999 0.998 1.000 0.998 0.994 1.000 0.995 0.998 
 100   (0.040) 0.001 0.000 0.001 0.000 0.040 0.041 0.003 0.036 0.001 0.002 0.000 0.002 0.006 0.000 0.005 0.002 

Locus 39 : 42501_5 
2 alleles
5.6% missing data
 120   (0.939) 0.999 1.000 0.998 1.000 0.940 0.995 0.962 0.946 0.999 0.997 1.000 0.998 0.993 1.000 0.876 0.998 
 110   (0.061) 0.001 0.000 0.002 0.000 0.060 0.005 0.038 0.054 0.001 0.003 0.000 0.002 0.007 0.000 0.124 0.002 

Locus 40 : 42989_15 
2 alleles
3.4% missing data
 130   (0.961) 0.999 1.000 0.999 1.000 0.961 0.997 0.997 0.965 0.999 0.925 1.000 0.998 0.996 1.000 0.995 0.998 
 110   (0.039) 0.001 0.000 0.001 0.000 0.039 0.003 0.003 0.035 0.001 0.075 0.000 0.002 0.004 0.000 0.005 0.002 

Locus 41 : 44631_16 
2 alleles
5.6% missing data
 120   (0.957) 0.999 1.000 0.999 1.000 0.957 0.851 0.997 0.961 0.999 0.998 1.000 0.999 0.995 1.000 0.995 0.998 
 110   (0.043) 0.001 0.000 0.001 0.000 0.043 0.149 0.003 0.039 0.001 0.002 0.000 0.001 0.005 0.000 0.005 0.002 

Locus 42 : 45332_74 
2 alleles
3.4% missing data
 130   (0.891) 0.956 1.000 0.997 1.000 0.891 0.992 0.991 0.899 0.984 0.774 0.999 0.639 0.845 0.998 0.987 0.995 
 110   (0.109) 0.044 0.000 0.003 0.000 0.109 0.008 0.009 0.101 0.016 0.226 0.001 0.361 0.155 0.002 0.013 0.005 

Locus 43 : 45964_12 
2 alleles
2.2% missing data
 100   (0.960) 0.999 1.000 0.982 1.000 0.960 0.997 0.992 0.962 0.999 0.998 1.000 0.999 0.995 1.000 0.994 0.998 
 130   (0.040) 0.001 0.000 0.018 0.000 0.040 0.003 0.008 0.038 0.001 0.002 0.000 0.001 0.005 0.000 0.006 0.002 

Locus 44 : 47772_18 
2 alleles
1.7% missing data
 120   (0.954) 0.999 1.000 0.999 1.000 0.954 0.997 0.997 0.960 0.999 0.998 1.000 0.999 0.995 1.000 0.630 0.998 
 100   (0.046) 0.001 0.000 0.001 0.000 0.046 0.003 0.003 0.040 0.001 0.002 0.000 0.001 0.005 0.000 0.370 0.002 

Locus 45 : 48505_7 
2 alleles
2.8% missing data
 130   (0.958) 0.999 1.000 0.999 1.000 0.958 0.997 0.997 0.959 0.999 0.998 1.000 0.980 0.995 0.999 0.995 0.998 
 110   (0.042) 0.001 0.000 0.001 0.000 0.042 0.003 0.003 0.041 0.001 0.002 0.000 0.020 0.005 0.001 0.005 0.002 

Locus 46 : 49838_13 
2 alleles
5.1% missing data
 120   (0.960) 0.999 1.000 0.999 1.000 0.960 0.997 0.997 0.964 0.999 0.998 1.000 0.867 0.996 1.000 0.995 0.998 
 100   (0.040) 0.001 0.000 0.001 0.000 0.040 0.003 0.003 0.036 0.001 0.002 0.000 0.133 0.004 0.000 0.005 0.002 

Locus 47 : 50793_47 
2 alleles
6.2% missing data
 120   (0.951) 0.998 1.000 0.999 1.000 0.952 0.987 0.996 0.957 0.999 0.866 1.000 0.998 0.995 1.000 0.994 0.998 
 100   (0.049) 0.002 0.000 0.001 0.000 0.048 0.013 0.004 0.043 0.001 0.134 0.000 0.002 0.005 0.000 0.006 0.002 

Locus 48 : 51471_5 
2 alleles
2.2% missing data
 110   (0.957) 0.999 1.000 0.941 1.000 0.957 0.997 0.996 0.962 0.999 0.998 1.000 0.999 0.995 1.000 0.995 0.998 
 120   (0.043) 0.001 0.000 0.059 0.000 0.043 0.003 0.004 0.038 0.001 0.002 0.000 0.001 0.005 0.000 0.005 0.002 

Locus 49 : 52408_45 
2 alleles
2.2% missing data
 130   (0.959) 0.999 1.000 0.999 1.000 0.960 0.818 0.997 0.964 0.999 0.998 1.000 0.999 0.996 1.000 0.995 0.999 
 110   (0.041) 0.001 0.000 0.001 0.000 0.040 0.182 0.003 0.036 0.001 0.002 0.000 0.001 0.004 0.000 0.005 0.001 

Locus 50 : 53046_18 
2 alleles
0.6% missing data
 120   (0.939) 0.999 1.000 0.998 1.000 0.939 0.996 0.995 0.939 0.994 0.927 1.000 0.998 0.993 1.000 0.992 0.998 
 100   (0.061) 0.001 0.000 0.002 0.000 0.061 0.004 0.005 0.061 0.006 0.073 0.000 0.002 0.007 0.000 0.008 0.002 

Locus 51 : 53230_50 
2 alleles
4.5% missing data
 120   (0.958) 0.999 1.000 0.896 1.000 0.958 0.997 0.997 0.963 0.999 0.998 1.000 0.999 0.996 1.000 0.995 0.998 
 110   (0.042) 0.001 0.000 0.104 0.000 0.042 0.003 0.003 0.037 0.001 0.002 0.000 0.001 0.004 0.000 0.005 0.002 

Locus 52 : 53957_5 
2 alleles
3.9% missing data
 130   (0.961) 0.999 1.000 0.999 1.000 0.960 0.997 0.997 0.960 0.999 0.990 1.000 0.999 0.995 1.000 0.995 0.998 
 110   (0.039) 0.001 0.000 0.001 0.000 0.040 0.003 0.003 0.040 0.001 0.010 0.000 0.001 0.005 0.000 0.005 0.002 

Locus 53 : 58003_89 
2 alleles
3.9% missing data
 120   (0.948) 0.989 0.997 0.998 0.998 0.948 0.995 0.995 0.948 0.995 0.993 0.994 0.998 0.989 0.998 0.993 0.973 
 100   (0.052) 0.011 0.003 0.002 0.002 0.052 0.005 0.005 0.052 0.005 0.007 0.006 0.002 0.011 0.002 0.007 0.027 

Locus 54 : 58412_58 
2 alleles
2.2% missing data
 110   (0.960) 0.999 1.000 0.999 1.000 0.961 0.998 0.997 0.965 0.999 0.998 1.000 0.999 0.996 1.000 0.947 0.998 
 100   (0.040) 0.001 0.000 0.001 0.000 0.039 0.002 0.003 0.035 0.001 0.002 0.000 0.001 0.004 0.000 0.053 0.002 

Locus 55 : 58452_11 
2 alleles
3.4% missing data
 120   (0.959) 0.999 1.000 0.999 1.000 0.959 0.997 0.997 0.957 0.999 0.998 1.000 0.998 0.995 1.000 0.995 0.986 
 130   (0.041) 0.001 0.000 0.001 0.000 0.041 0.003 0.003 0.043 0.001 0.002 0.000 0.002 0.005 0.000 0.005 0.014 

Locus 56 : 59409_85 
2 alleles
2.8% missing data
 130   (0.958) 0.997 1.000 0.999 1.000 0.957 0.997 0.997 0.953 0.999 0.998 1.000 0.999 0.995 1.000 0.995 0.998 
 100   (0.042) 0.003 0.000 0.001 0.000 0.043 0.003 0.003 0.047 0.001 0.002 0.000 0.001 0.005 0.000 0.005 0.002 

Locus 57 : 60620_10 
2 alleles
1.1% missing data
 120   (0.958) 0.999 1.000 0.999 1.000 0.958 0.997 0.794 0.963 0.999 0.998 1.000 0.999 0.995 1.000 0.995 0.998 
 130   (0.042) 0.001 0.000 0.001 0.000 0.042 0.003 0.206 0.037 0.001 0.002 0.000 0.001 0.005 0.000 0.005 0.002 

Locus 58 : 61541_77 
2 alleles
3.4% missing data
 120   (0.954) 0.999 1.000 0.999 1.000 0.954 0.997 0.996 0.960 0.999 0.998 1.000 0.999 0.995 1.000 0.686 0.998 
 100   (0.046) 0.001 0.000 0.001 0.000 0.046 0.003 0.004 0.040 0.001 0.002 0.000 0.001 0.005 0.000 0.314 0.002 

Locus 59 : 61756_42 
2 alleles
1.1% missing data
 130   (0.956) 0.999 1.000 0.999 1.000 0.956 0.997 0.619 0.961 0.999 0.998 1.000 0.999 0.995 1.000 0.995 0.998 
 110   (0.044) 0.001 0.000 0.001 0.000 0.044 0.003 0.381 0.039 0.001 0.002 0.000 0.001 0.005 0.000 0.005 0.002 

Locus 60 : 62497_19 
2 alleles
6.2% missing data
 130   (0.909) 0.976 0.998 0.997 0.995 0.909 0.875 0.993 0.915 0.997 0.994 0.997 0.989 0.949 0.981 0.988 0.963 
 110   (0.091) 0.024 0.002 0.003 0.005 0.091 0.125 0.007 0.085 0.003 0.006 0.003 0.011 0.051 0.019 0.012 0.037 

Locus 61 : 63024_50 
2 alleles
2.8% missing data
 120   (0.950) 0.999 1.000 0.999 1.000 0.949 0.996 0.996 0.945 0.999 0.997 1.000 0.998 0.992 1.000 0.994 0.956 
 100   (0.050) 0.001 0.000 0.001 0.000 0.051 0.004 0.004 0.055 0.001 0.003 0.000 0.002 0.008 0.000 0.006 0.044 

Locus 62 : 64492_50 
2 alleles
7.3% missing data
 120   (0.919) 0.998 1.000 0.998 1.000 0.919 0.888 0.993 0.926 0.998 0.929 1.000 0.997 0.988 0.999 0.990 0.954 
 100   (0.081) 0.002 0.000 0.002 0.000 0.081 0.112 0.007 0.074 0.002 0.071 0.000 0.003 0.012 0.001 0.010 0.046 

Locus 63 : 67984_34 
2 alleles
2.2% missing data
 120   (0.935) 0.999 1.000 0.998 1.000 0.935 0.996 0.846 0.942 0.999 0.997 1.000 0.998 0.993 1.000 0.887 0.997 
 100   (0.065) 0.001 0.000 0.002 0.000 0.065 0.004 0.154 0.058 0.001 0.003 0.000 0.002 0.007 0.000 0.113 0.003 

Locus 64 : 69199_10 
2 alleles
4.5% missing data
 120   (0.945) 0.999 0.999 0.999 1.000 0.945 0.996 0.996 0.945 0.998 0.997 0.999 0.998 0.992 1.000 0.993 0.338 
 100   (0.055) 0.001 0.001 0.001 0.000 0.055 0.004 0.004 0.055 0.002 0.003 0.001 0.002 0.008 0.000 0.007 0.662 

Locus 65 : 71368_77 
2 alleles
6.7% missing data
 100   (0.955) 0.999 1.000 0.767 1.000 0.955 0.997 0.996 0.960 0.999 0.998 1.000 0.999 0.995 1.000 0.994 0.998 
 110   (0.045) 0.001 0.000 0.233 0.000 0.045 0.003 0.004 0.040 0.001 0.002 0.000 0.001 0.005 0.000 0.006 0.002 

Locus 66 : 72276_35 
2 alleles
5.1% missing data
 130   (0.953) 0.999 1.000 0.999 1.000 0.954 0.997 0.997 0.957 0.999 0.896 1.000 0.998 0.995 1.000 0.995 0.997 
 120   (0.047) 0.001 0.000 0.001 0.000 0.046 0.003 0.003 0.043 0.001 0.104 0.000 0.002 0.005 0.000 0.005 0.003 

Locus 67 : 73554_16 
2 alleles
3.9% missing data
 100   (0.959) 0.999 1.000 0.999 1.000 0.960 0.997 0.997 0.963 0.999 0.998 1.000 0.999 0.843 1.000 0.995 0.998 
 130   (0.041) 0.001 0.000 0.001 0.000 0.040 0.003 0.003 0.037 0.001 0.002 0.000 0.001 0.157 0.000 0.005 0.002 

Locus 68 : 74575_32 
2 alleles
1.7% missing data
 120   (0.959) 0.999 1.000 0.999 1.000 0.959 0.997 0.997 0.957 0.999 0.987 1.000 0.999 0.996 1.000 0.995 0.998 
 100   (0.041) 0.001 0.000 0.001 0.000 0.041 0.003 0.003 0.043 0.001 0.013 0.000 0.001 0.004 0.000 0.005 0.002 

Locus 69 : 76504_10 
2 alleles
1.1% missing data
 110   (0.956) 0.999 1.000 0.999 1.000 0.956 0.997 0.996 0.960 0.797 0.998 1.000 0.999 0.995 1.000 0.995 0.998 
 100   (0.044) 0.001 0.000 0.001 0.000 0.044 0.003 0.004 0.040 0.203 0.002 0.000 0.001 0.005 0.000 0.005 0.002 

Locus 70 : 76561_35 
2 alleles
5.6% missing data
 120   (0.957) 0.999 1.000 0.999 1.000 0.957 0.563 0.996 0.963 0.999 0.998 1.000 0.999 0.995 1.000 0.995 0.998 
 100   (0.043) 0.001 0.000 0.001 0.000 0.043 0.437 0.004 0.037 0.001 0.002 0.000 0.001 0.005 0.000 0.005 0.002 

Locus 71 : 77346_16 
2 alleles
2.2% missing data
 130   (0.958) 0.999 1.000 0.999 0.999 0.958 0.997 0.997 0.962 0.919 0.998 1.000 0.999 0.995 1.000 0.995 0.998 
 110   (0.042) 0.001 0.000 0.001 0.001 0.042 0.003 0.003 0.038 0.081 0.002 0.000 0.001 0.005 0.000 0.005 0.002 

Locus 72 : 78631_40 
2 alleles
7.9% missing data
 120   (0.951) 0.999 1.000 0.999 1.000 0.951 0.993 0.996 0.955 0.999 0.816 1.000 0.998 0.994 1.000 0.994 0.997 
 110   (0.049) 0.001 0.000 0.001 0.000 0.049 0.007 0.004 0.045 0.001 0.184 0.000 0.002 0.006 0.000 0.006 0.003 

Locus 73 : 80366_12 
2 alleles
6.7% missing data
 130   (0.960) 0.997 1.000 0.999 1.000 0.960 0.995 0.997 0.957 0.999 0.997 1.000 0.998 0.994 0.999 0.995 0.998 
 110   (0.040) 0.003 0.000 0.001 0.000 0.040 0.005 0.003 0.043 0.001 0.003 0.000 0.002 0.006 0.001 0.005 0.002 

Locus 74 : 80499_10 
2 alleles
6.2% missing data
 130   (0.954) 0.999 1.000 0.901 1.000 0.954 0.997 0.996 0.959 0.999 0.998 1.000 0.999 0.995 1.000 0.994 0.998 
 100   (0.046) 0.001 0.000 0.099 0.000 0.046 0.003 0.004 0.041 0.001 0.002 0.000 0.001 0.005 0.000 0.006 0.002 

Locus 75 : 81141_31 
2 alleles
2.8% missing data
 120   (0.958) 0.999 1.000 0.999 1.000 0.958 0.997 0.997 0.959 0.999 0.998 1.000 0.980 0.995 0.999 0.995 0.998 
 100   (0.042) 0.001 0.000 0.001 0.000 0.042 0.003 0.003 0.041 0.001 0.002 0.000 0.020 0.005 0.001 0.005 0.002 

Locus 76 : 81662_33 
2 alleles
3.4% missing data
 120   (0.961) 0.996 1.000 0.999 1.000 0.961 0.998 0.997 0.956 0.999 0.998 1.000 0.999 0.996 1.000 0.995 0.998 
 110   (0.039) 0.004 0.000 0.001 0.000 0.039 0.002 0.003 0.044 0.001 0.002 0.000 0.001 0.004 0.000 0.005 0.002 

Locus 77 : 82002_8 
2 alleles
6.7% missing data
 100   (0.927) 0.999 1.000 0.998 1.000 0.928 0.995 0.745 0.936 0.998 0.997 1.000 0.998 0.992 0.999 0.607 0.997 
 110   (0.073) 0.001 0.000 0.002 0.000 0.072 0.005 0.255 0.064 0.002 0.003 0.000 0.002 0.008 0.001 0.393 0.003 

Locus 78 : 82631_34 
2 alleles
7.9% missing data
 120   (0.958) 0.998 1.000 0.999 1.000 0.958 0.997 0.996 0.950 0.999 0.994 1.000 0.994 0.993 0.999 0.995 0.997 
 100   (0.042) 0.002 0.000 0.001 0.000 0.042 0.003 0.004 0.050 0.001 0.006 0.000 0.006 0.007 0.001 0.005 0.003 

Locus 79 : 83247_84 
2 alleles
3.4% missing data
 110   (0.947) 0.999 1.000 0.999 1.000 0.947 0.997 0.996 0.949 0.999 0.776 1.000 0.998 0.994 1.000 0.994 0.998 
 100   (0.053) 0.001 0.000 0.001 0.000 0.053 0.003 0.004 0.051 0.001 0.224 0.000 0.002 0.006 0.000 0.006 0.002 

Locus 80 : 83916_5 
2 alleles
3.9% missing data
 130   (0.958) 0.999 1.000 0.999 1.000 0.959 0.997 0.997 0.963 0.999 0.998 1.000 0.999 0.996 0.822 0.995 0.998 
 110   (0.042) 0.001 0.000 0.001 0.000 0.041 0.003 0.003 0.037 0.001 0.002 0.000 0.001 0.004 0.178 0.005 0.002 

Locus 81 : 84971_7 
2 alleles
2.2% missing data
 120   (0.945) 0.994 0.992 0.998 0.992 0.945 0.996 0.996 0.943 0.957 0.996 0.995 0.995 0.991 0.998 0.993 0.980 
 110   (0.055) 0.006 0.008 0.002 0.008 0.055 0.004 0.004 0.057 0.043 0.004 0.005 0.005 0.009 0.002 0.007 0.020 

Locus 82 : 85247_77 
2 alleles
7.9% missing data
 120   (0.960) 0.998 0.999 0.998 0.999 0.960 0.997 0.997 0.962 0.998 0.997 0.998 0.990 0.994 0.991 0.994 0.998 
 110   (0.040) 0.002 0.001 0.002 0.001 0.040 0.003 0.003 0.038 0.002 0.003 0.002 0.010 0.006 0.009 0.006 0.002 

Locus 83 : 85248_24 
2 alleles
5.1% missing data
 100   (0.956) 0.999 1.000 0.999 1.000 0.957 0.997 0.716 0.962 0.999 0.998 1.000 0.999 0.995 1.000 0.995 0.998 
 120   (0.044) 0.001 0.000 0.001 0.000 0.043 0.003 0.284 0.038 0.001 0.002 0.000 0.001 0.005 0.000 0.005 0.002 

Locus 84 : 85402_12 
2 alleles
3.4% missing data
 120   (0.959) 0.997 1.000 0.999 1.000 0.959 0.997 0.996 0.954 0.999 0.998 1.000 0.999 0.995 1.000 0.995 0.998 
 100   (0.041) 0.003 0.000 0.001 0.000 0.041 0.003 0.004 0.046 0.001 0.002 0.000 0.001 0.005 0.000 0.005 0.002 

Locus 85 : 86588_18 
2 alleles
3.9% missing data
 120   (0.959) 0.999 1.000 0.999 1.000 0.959 0.997 0.997 0.958 0.999 0.998 1.000 0.999 0.993 1.000 0.995 0.983 
 100   (0.041) 0.001 0.000 0.001 0.000 0.041 0.003 0.003 0.042 0.001 0.002 0.000 0.001 0.007 0.000 0.005 0.017 

Locus 86 : 87070_60 
2 alleles
2.2% missing data
 100   (0.956) 0.998 1.000 0.999 1.000 0.956 0.997 0.997 0.961 0.999 0.998 1.000 0.999 0.858 1.000 0.995 0.998 
 130   (0.044) 0.002 0.000 0.001 0.000 0.044 0.003 0.003 0.039 0.001 0.002 0.000 0.001 0.142 0.000 0.005 0.002 

Locus 87 : 87747_31 
2 alleles
6.2% missing data
 120   (0.957) 0.999 1.000 0.999 1.000 0.957 0.997 0.828 0.962 0.999 0.997 1.000 0.999 0.995 1.000 0.995 0.998 
 110   (0.043) 0.001 0.000 0.001 0.000 0.043 0.003 0.172 0.038 0.001 0.003 0.000 0.001 0.005 0.000 0.005 0.002 

Locus 88 : 88455_10 
2 alleles
5.1% missing data
 130   (0.955) 0.999 1.000 0.999 1.000 0.955 0.791 0.996 0.960 0.999 0.997 1.000 0.999 0.995 1.000 0.995 0.998 
 100   (0.045) 0.001 0.000 0.001 0.000 0.045 0.209 0.004 0.040 0.001 0.003 0.000 0.001 0.005 0.000 0.005 0.002 

Locus 89 : 89005_12 
2 alleles
1.1% missing data
 120   (0.957) 0.999 1.000 0.999 1.000 0.957 0.997 0.997 0.962 0.999 0.998 1.000 0.999 0.996 1.000 0.787 0.998 
 130   (0.043) 0.001 0.000 0.001 0.000 0.043 0.003 0.003 0.038 0.001 0.002 0.000 0.001 0.004 0.000 0.213 0.002 

Locus 90 : 89213_8 
2 alleles
3.4% missing data
 130   (0.959) 0.999 1.000 0.999 1.000 0.959 0.997 0.944 0.963 0.999 0.998 1.000 0.999 0.995 1.000 0.995 0.998 
 110   (0.041) 0.001 0.000 0.001 0.000 0.041 0.003 0.056 0.037 0.001 0.002 0.000 0.001 0.005 0.000 0.005 0.002 

Locus 91 : 93475_13 
2 alleles
2.2% missing data
 130   (0.957) 0.999 1.000 0.999 1.000 0.957 0.997 0.741 0.962 0.999 0.998 1.000 0.999 0.995 1.000 0.995 0.998 
 110   (0.043) 0.001 0.000 0.001 0.000 0.043 0.003 0.259 0.038 0.001 0.002 0.000 0.001 0.005 0.000 0.005 0.002 

Locus 92 : 95749_27 
2 alleles
3.9% missing data
 120   (0.959) 0.999 1.000 0.999 1.000 0.959 0.997 0.997 0.963 0.999 0.998 1.000 0.999 0.996 1.000 0.942 0.998 
 100   (0.041) 0.001 0.000 0.001 0.000 0.041 0.003 0.003 0.037 0.001 0.002 0.000 0.001 0.004 0.000 0.058 0.002 

Locus 93 : 98167_26 
2 alleles
3.4% missing data
 120   (0.936) 0.975 0.999 0.998 1.000 0.936 0.991 0.995 0.939 0.991 0.996 0.998 0.998 0.889 0.999 0.992 0.991 
 110   (0.064) 0.025 0.001 0.002 0.000 0.064 0.009 0.005 0.061 0.009 0.004 0.002 0.002 0.111 0.001 0.008 0.009 

Locus 94 : 98988_58 
2 alleles
2.2% missing data
 130   (0.960) 0.999 1.000 0.999 1.000 0.960 0.997 0.953 0.964 0.999 0.998 1.000 0.999 0.995 1.000 0.995 0.998 
 110   (0.040) 0.001 0.000 0.001 0.000 0.040 0.003 0.047 0.036 0.001 0.002 0.000 0.001 0.005 0.000 0.005 0.002 

Locus 95 : 103824_15 
2 alleles
3.4% missing data
 130   (0.935) 0.999 1.000 0.998 1.000 0.935 0.996 0.872 0.943 0.999 0.997 1.000 0.998 0.993 1.000 0.758 0.998 
 110   (0.065) 0.001 0.000 0.002 0.000 0.065 0.004 0.128 0.057 0.001 0.003 0.000 0.002 0.007 0.000 0.242 0.002 

Locus 96 : 108043_8 
2 alleles
4.5% missing data
 130   (0.956) 0.999 1.000 0.999 1.000 0.956 0.997 0.997 0.961 0.914 0.998 1.000 0.998 0.995 1.000 0.995 0.998 
 110   (0.044) 0.001 0.000 0.001 0.000 0.044 0.003 0.003 0.039 0.086 0.002 0.000 0.002 0.005 0.000 0.005 0.002 

Locus 97 : 108049_79 
2 alleles
2.8% missing data
 120   (0.960) 0.996 1.000 0.999 1.000 0.959 0.997 0.997 0.955 0.999 0.998 1.000 0.999 0.995 1.000 0.995 0.998 
 100   (0.040) 0.004 0.000 0.001 0.000 0.041 0.003 0.003 0.045 0.001 0.002 0.000 0.001 0.005 0.000 0.005 0.002 

Locus 98 : 108366_5 
2 alleles
2.8% missing data
 130   (0.957) 0.999 1.000 0.999 1.000 0.957 0.997 0.997 0.962 0.999 0.998 1.000 0.999 0.995 1.000 0.840 0.998 
 100   (0.043) 0.001 0.000 0.001 0.000 0.043 0.003 0.003 0.038 0.001 0.002 0.000 0.001 0.005 0.000 0.160 0.002 

Locus 99 : 108403_10 
2 alleles
6.2% missing data
 130   (0.960) 0.999 1.000 0.999 1.000 0.960 0.997 0.996 0.957 0.993 0.998 1.000 0.999 0.995 1.000 0.995 0.999 
 110   (0.040) 0.001 0.000 0.001 0.000 0.040 0.003 0.004 0.043 0.007 0.002 0.000 0.001 0.005 0.000 0.005 0.001 

Locus 100 : 109283_38 
2 alleles
3.9% missing data
 120   (0.875) 0.890 0.967 0.996 0.973 0.875 0.991 0.990 0.858 0.995 0.980 0.980 0.496 0.983 0.502 0.985 0.956 
 100   (0.125) 0.110 0.033 0.004 0.027 0.125 0.009 0.010 0.142 0.005 0.020 0.020 0.504 0.017 0.498 0.015 0.044 

Locus 101 : 109527_54 
2 alleles
7.3% missing data
 110   (0.953) 0.997 1.000 0.999 1.000 0.953 0.997 0.996 0.955 0.999 0.812 1.000 0.999 0.994 1.000 0.994 0.998 
 130   (0.047) 0.003 0.000 0.001 0.000 0.047 0.003 0.004 0.045 0.001 0.188 0.000 0.001 0.006 0.000 0.006 0.002 

Locus 102 : 109804_31 
2 alleles
2.2% missing data
 130   (0.958) 0.999 1.000 0.999 1.000 0.958 0.997 0.997 0.963 0.999 0.998 1.000 0.999 0.995 1.000 0.894 0.998 
 100   (0.042) 0.001 0.000 0.001 0.000 0.042 0.003 0.003 0.037 0.001 0.002 0.000 0.001 0.005 0.000 0.106 0.002 

Locus 103 : 112614_46 
2 alleles
5.1% missing data
 120   (0.954) 0.999 1.000 0.999 1.000 0.954 0.997 0.997 0.959 0.999 0.998 1.000 0.999 0.994 1.000 0.759 0.998 
 100   (0.046) 0.001 0.000 0.001 0.000 0.046 0.003 0.003 0.041 0.001 0.002 0.000 0.001 0.006 0.000 0.241 0.002 

Locus 104 : 112906_14 
2 alleles
3.9% missing data
 110   (0.899) 0.998 1.000 0.997 1.000 0.899 0.681 0.992 0.904 0.998 0.748 1.000 0.880 0.960 0.999 0.988 0.996 
 120   (0.101) 0.002 0.000 0.003 0.000 0.101 0.319 0.008 0.096 0.002 0.252 0.000 0.120 0.040 0.001 0.012 0.004 

Locus 105 : 113735_32 
2 alleles
6.7% missing data
 120   (0.959) 0.999 1.000 0.999 1.000 0.959 0.966 0.997 0.960 0.999 0.998 1.000 0.999 0.995 1.000 0.995 0.998 
 100   (0.041) 0.001 0.000 0.001 0.000 0.041 0.034 0.003 0.040 0.001 0.002 0.000 0.001 0.005 0.000 0.005 0.002 

Locus 106 : 115028_7 
2 alleles
3.9% missing data
 120   (0.963) 0.999 1.000 0.999 1.000 0.963 0.959 0.997 0.967 0.999 0.998 1.000 0.999 0.996 1.000 0.996 0.999 
 100   (0.037) 0.001 0.000 0.001 0.000 0.037 0.041 0.003 0.033 0.001 0.002 0.000 0.001 0.004 0.000 0.004 0.001 

Locus 107 : 115179_16 
2 alleles
2.2% missing data
 120   (0.940) 0.999 1.000 0.998 1.000 0.941 0.996 0.960 0.947 0.999 0.997 1.000 0.998 0.993 1.000 0.852 0.998 
 110   (0.060) 0.001 0.000 0.002 0.000 0.059 0.004 0.040 0.053 0.001 0.003 0.000 0.002 0.007 0.000 0.148 0.002 

Locus 108 : 116753_51 
2 alleles
7.3% missing data
 120   (0.959) 0.997 1.000 0.999 1.000 0.959 0.997 0.997 0.962 0.999 0.997 1.000 0.908 0.995 0.999 0.995 0.998 
 100   (0.041) 0.003 0.000 0.001 0.000 0.041 0.003 0.003 0.038 0.001 0.003 0.000 0.092 0.005 0.001 0.005 0.002 

Locus 109 : 116931_31 
2 alleles
7.9% missing data
 120   (0.961) 0.999 1.000 0.999 1.000 0.960 0.997 0.997 0.958 0.999 0.998 1.000 0.998 0.995 1.000 0.995 0.985 
 110   (0.039) 0.001 0.000 0.001 0.000 0.040 0.003 0.003 0.042 0.001 0.002 0.000 0.002 0.005 0.000 0.005 0.015 

Locus 110 : 116938_8 
2 alleles
4.5% missing data
 130   (0.922) 0.999 1.000 0.998 1.000 0.923 0.995 0.994 0.929 0.998 0.871 1.000 0.842 0.949 0.999 0.991 0.996 
 110   (0.078) 0.001 0.000 0.002 0.000 0.077 0.005 0.006 0.071 0.002 0.129 0.000 0.158 0.051 0.001 0.009 0.004 

Locus 111 : 122302_80 
2 alleles
10.1% missing data
 110   (0.961) 0.999 1.000 0.999 1.000 0.961 0.997 0.996 0.964 0.999 0.998 1.000 0.999 0.995 1.000 0.995 0.957 
 100   (0.039) 0.001 0.000 0.001 0.000 0.039 0.003 0.004 0.036 0.001 0.002 0.000 0.001 0.005 0.000 0.005 0.043 

Locus 112 : 123190_14 
2 alleles
3.4% missing data
 120   (0.950) 0.999 1.000 0.999 1.000 0.950 0.996 0.996 0.947 0.999 0.998 1.000 0.998 0.992 0.999 0.994 0.946 
 130   (0.050) 0.001 0.000 0.001 0.000 0.050 0.004 0.004 0.053 0.001 0.002 0.000 0.002 0.008 0.001 0.006 0.054 

Locus 113 : 123271_36 
2 alleles
3.9% missing data
 100   (0.933) 0.999 1.000 0.998 1.000 0.933 0.996 0.836 0.941 0.999 0.997 1.000 0.998 0.993 1.000 0.882 0.998 
 110   (0.067) 0.001 0.000 0.002 0.000 0.067 0.004 0.164 0.059 0.001 0.003 0.000 0.002 0.007 0.000 0.118 0.002 

Locus 114 : 124147_18 
2 alleles
2.2% missing data
 130   (0.956) 0.996 1.000 0.999 1.000 0.956 0.997 0.997 0.961 0.999 0.998 1.000 0.999 0.765 1.000 0.995 0.998 
 110   (0.044) 0.004 0.000 0.001 0.000 0.044 0.003 0.003 0.039 0.001 0.002 0.000 0.001 0.235 0.000 0.005 0.002 

Locus 115 : 124184_33 
2 alleles
5.6% missing data
 110   (0.954) 0.999 1.000 0.999 1.000 0.954 0.997 0.996 0.959 0.999 0.998 1.000 0.999 0.995 1.000 0.802 0.998 
 100   (0.046) 0.001 0.000 0.001 0.000 0.046 0.003 0.004 0.041 0.001 0.002 0.000 0.001 0.005 0.000 0.198 0.002 

Locus 116 : 125404_24 
2 alleles
1.1% missing data
 130   (0.955) 0.999 1.000 0.999 1.000 0.955 0.767 0.997 0.960 0.999 0.998 1.000 0.999 0.995 1.000 0.995 0.998 
 110   (0.045) 0.001 0.000 0.001 0.000 0.045 0.233 0.003 0.040 0.001 0.002 0.000 0.001 0.005 0.000 0.005 0.002 

Locus 117 : 125436_43 
2 alleles
3.9% missing data
 130   (0.933) 0.999 1.000 0.998 1.000 0.933 0.707 0.995 0.940 0.999 0.841 1.000 0.998 0.992 1.000 0.992 0.997 
 100   (0.067) 0.001 0.000 0.002 0.000 0.067 0.293 0.005 0.060 0.001 0.159 0.000 0.002 0.008 0.000 0.008 0.003 

Locus 118 : 126013_18 
2 alleles
2.8% missing data
 130   (0.958) 0.999 1.000 0.878 1.000 0.958 0.997 0.997 0.963 0.999 0.998 1.000 0.999 0.996 1.000 0.994 0.998 
 110   (0.042) 0.001 0.000 0.122 0.000 0.042 0.003 0.003 0.037 0.001 0.002 0.000 0.001 0.004 0.000 0.006 0.002 

Locus 119 : 126137_19 
2 alleles
3.9% missing data
 120   (0.960) 0.999 1.000 0.999 1.000 0.960 0.983 0.996 0.963 0.999 0.982 1.000 0.999 0.995 1.000 0.995 0.998 
 110   (0.040) 0.001 0.000 0.001 0.000 0.040 0.017 0.004 0.037 0.001 0.018 0.000 0.001 0.005 0.000 0.005 0.002 

Locus 120 : 126845_22 
2 alleles
5.6% missing data
 130   (0.960) 0.999 1.000 0.999 1.000 0.960 0.962 0.997 0.963 0.999 0.998 1.000 0.999 0.994 1.000 0.995 0.998 
 110   (0.040) 0.001 0.000 0.001 0.000 0.040 0.038 0.003 0.037 0.001 0.002 0.000 0.001 0.006 0.000 0.005 0.002 

Locus 121 : 127512_8 
2 alleles
1.1% missing data
 130   (0.958) 0.999 1.000 0.909 1.000 0.958 0.997 0.997 0.963 0.999 0.998 1.000 0.999 0.995 1.000 0.995 0.998 
 100   (0.042) 0.001 0.000 0.091 0.000 0.042 0.003 0.003 0.037 0.001 0.002 0.000 0.001 0.005 0.000 0.005 0.002 

Locus 122 : 127692_13 
2 alleles
2.8% missing data
 100   (0.955) 0.999 1.000 0.999 1.000 0.955 0.997 0.997 0.957 0.999 0.938 1.000 0.999 0.995 1.000 0.995 0.998 
 120   (0.045) 0.001 0.000 0.001 0.000 0.045 0.003 0.003 0.043 0.001 0.062 0.000 0.001 0.005 0.000 0.005 0.002 

Locus 123 : 128195_18 
2 alleles
7.3% missing data
 130   (0.881) 0.432 0.998 0.997 0.999 0.881 0.989 0.991 0.879 0.997 0.919 0.998 0.995 0.415 0.999 0.985 0.973 
 110   (0.119) 0.568 0.002 0.003 0.001 0.119 0.011 0.009 0.121 0.003 0.081 0.002 0.005 0.585 0.001 0.015 0.027 

Locus 124 : 128198_14 
2 alleles
4.5% missing data
 130   (0.921) 0.999 1.000 0.900 1.000 0.921 0.995 0.893 0.929 0.998 0.996 0.999 0.998 0.991 0.999 0.958 0.997 
 120   (0.079) 0.001 0.000 0.100 0.000 0.079 0.005 0.107 0.071 0.002 0.004 0.001 0.002 0.009 0.001 0.042 0.003 

Locus 125 : 128423_39 
2 alleles
4.5% missing data
 130   (0.960) 0.994 1.000 0.999 1.000 0.959 0.997 0.997 0.957 0.999 0.998 1.000 0.998 0.989 1.000 0.995 0.998 
 100   (0.040) 0.006 0.000 0.001 0.000 0.041 0.003 0.003 0.043 0.001 0.002 0.000 0.002 0.011 0.000 0.005 0.002 

Locus 126 : 131572_48 
2 alleles
1.1% missing data
 120   (0.954) 0.998 1.000 0.999 1.000 0.954 0.997 0.997 0.956 0.999 0.998 1.000 0.932 0.995 0.999 0.995 0.998 
 100   (0.046) 0.002 0.000 0.001 0.000 0.046 0.003 0.003 0.044 0.001 0.002 0.000 0.068 0.005 0.001 0.005 0.002 

Locus 127 : 132199_62 
2 alleles
3.9% missing data
 100   (0.951) 0.999 1.000 0.999 1.000 0.951 0.997 0.996 0.957 0.999 0.998 1.000 0.999 0.995 1.000 0.540 0.998 
 120   (0.049) 0.001 0.000 0.001 0.000 0.049 0.003 0.004 0.043 0.001 0.002 0.000 0.001 0.005 0.000 0.460 0.002 

Locus 128 : 135566_64 
2 alleles
7.3% missing data
 130   (0.958) 0.997 1.000 0.999 1.000 0.957 0.997 0.997 0.952 0.999 0.998 1.000 0.999 0.995 1.000 0.995 0.998 
 110   (0.042) 0.003 0.000 0.001 0.000 0.043 0.003 0.003 0.048 0.001 0.002 0.000 0.001 0.005 0.000 0.005 0.002 

Locus 129 : 135761_5 
2 alleles
7.9% missing data
 130   (0.938) 0.999 1.000 0.998 1.000 0.939 0.996 0.949 0.946 0.999 0.997 1.000 0.998 0.993 1.000 0.860 0.997 
 100   (0.062) 0.001 0.000 0.002 0.000 0.061 0.004 0.051 0.054 0.001 0.003 0.000 0.002 0.007 0.000 0.140 0.003 

Locus 130 : 137219_35 
2 alleles
3.4% missing data
 120   (0.946) 0.981 1.000 0.998 1.000 0.945 0.997 0.996 0.934 0.999 0.997 1.000 0.998 0.993 1.000 0.994 0.998 
 100   (0.054) 0.019 0.000 0.002 0.000 0.055 0.003 0.004 0.066 0.001 0.003 0.000 0.002 0.007 0.000 0.006 0.002 

Locus 131 : 139081_20 
2 alleles
5.6% missing data
 120   (0.943) 0.998 1.000 0.998 1.000 0.943 0.996 0.996 0.946 0.999 0.972 1.000 0.996 0.931 0.999 0.993 0.997 
 110   (0.057) 0.002 0.000 0.002 0.000 0.057 0.004 0.004 0.054 0.001 0.028 0.000 0.004 0.069 0.001 0.007 0.003 

Locus 132 : 139084_52 
2 alleles
5.1% missing data
 120   (0.917) 0.993 1.000 0.998 1.000 0.916 0.993 0.993 0.913 0.997 0.995 0.999 0.997 0.820 0.999 0.990 0.936 
 110   (0.083) 0.007 0.000 0.002 0.000 0.084 0.007 0.007 0.087 0.003 0.005 0.001 0.003 0.180 0.001 0.010 0.064 

Locus 133 : 139433_54 
2 alleles
3.9% missing data
 120   (0.955) 0.999 1.000 0.999 1.000 0.955 0.997 0.896 0.960 0.999 0.998 1.000 0.999 0.995 1.000 0.995 0.998 
 100   (0.045) 0.001 0.000 0.001 0.000 0.045 0.003 0.104 0.040 0.001 0.002 0.000 0.001 0.005 0.000 0.005 0.002 

Locus 134 : 140063_88 
2 alleles
7.9% missing data
 110   (0.958) 0.999 1.000 0.999 1.000 0.958 0.997 0.997 0.958 0.999 0.989 1.000 0.999 0.994 1.000 0.995 0.998 
 100   (0.042) 0.001 0.000 0.001 0.000 0.042 0.003 0.003 0.042 0.001 0.011 0.000 0.001 0.006 0.000 0.005 0.002 

Locus 135 : 140194_73 
2 alleles
2.8% missing data
 120   (0.960) 0.999 1.000 0.977 1.000 0.960 0.997 0.997 0.963 0.998 0.998 1.000 0.998 0.994 1.000 0.995 0.998 
 110   (0.040) 0.001 0.000 0.023 0.000 0.040 0.003 0.003 0.037 0.002 0.002 0.000 0.002 0.006 0.000 0.005 0.002 

Locus 136 : 141313_8 
2 alleles
2.8% missing data
 120   (0.956) 0.999 1.000 0.999 1.000 0.956 0.997 0.997 0.961 0.999 0.998 1.000 0.999 0.995 1.000 0.844 0.998 
 100   (0.044) 0.001 0.000 0.001 0.000 0.044 0.003 0.003 0.039 0.001 0.002 0.000 0.001 0.005 0.000 0.156 0.002 

Locus 137 : 145284_28 
2 alleles
2.8% missing data
 130   (0.955) 0.999 1.000 0.999 1.000 0.955 0.997 0.996 0.960 0.999 0.998 1.000 0.999 0.614 1.000 0.995 0.998 
 110   (0.045) 0.001 0.000 0.001 0.000 0.045 0.003 0.004 0.040 0.001 0.002 0.000 0.001 0.386 0.000 0.005 0.002 

Locus 138 : 145957_11 
2 alleles
4.5% missing data
 130   (0.959) 0.999 1.000 0.999 1.000 0.959 0.997 0.997 0.964 0.999 0.998 1.000 0.999 0.995 0.849 0.995 0.998 
 110   (0.041) 0.001 0.000 0.001 0.000 0.041 0.003 0.003 0.036 0.001 0.002 0.000 0.001 0.005 0.151 0.005 0.002 

Locus 139 : 160306_34 
2 alleles
2.8% missing data
 120   (0.935) 0.998 1.000 0.998 1.000 0.936 0.774 0.995 0.937 0.999 0.962 1.000 0.981 0.992 0.999 0.992 0.997 
 100   (0.065) 0.002 0.000 0.002 0.000 0.064 0.226 0.005 0.063 0.001 0.038 0.000 0.019 0.008 0.001 0.008 0.003 

Locus 140 : 162107_37 
2 alleles
3.4% missing data
 120   (0.938) 0.999 1.000 0.998 1.000 0.938 0.906 0.995 0.939 0.999 0.986 1.000 0.998 0.993 1.000 0.992 0.998 
 100   (0.062) 0.001 0.000 0.002 0.000 0.062 0.094 0.005 0.061 0.001 0.014 0.000 0.002 0.007 0.000 0.008 0.002 

Locus 141 : 163290_36 
2 alleles
5.1% missing data
 130   (0.925) 0.977 0.986 0.998 0.994 0.925 0.995 0.994 0.929 0.996 0.996 0.999 0.995 0.737 0.993 0.990 0.900 
 110   (0.075) 0.023 0.014 0.002 0.006 0.075 0.005 0.006 0.071 0.004 0.004 0.001 0.005 0.263 0.007 0.010 0.100 

Locus 142 : 163453_13 
2 alleles
5.6% missing data
 120   (0.958) 0.999 1.000 0.999 1.000 0.958 0.997 0.996 0.957 0.999 0.998 1.000 0.998 0.994 1.000 0.995 0.986 
 110   (0.042) 0.001 0.000 0.001 0.000 0.042 0.003 0.004 0.043 0.001 0.002 0.000 0.002 0.006 0.000 0.005 0.014 

Locus 143 : 163580_14 
2 alleles
10.1% missing data
 120   (0.960) 0.999 1.000 0.999 1.000 0.960 0.997 0.997 0.965 0.998 0.998 0.826 0.999 0.995 1.000 0.994 0.998 
 100   (0.040) 0.001 0.000 0.001 0.000 0.040 0.003 0.003 0.035 0.002 0.002 0.174 0.001 0.005 0.000 0.006 0.002 

Locus 144 : 164461_13 
2 alleles
5.6% missing data
 100   (0.957) 0.999 1.000 0.999 1.000 0.958 0.997 0.997 0.962 0.999 0.997 1.000 0.999 0.995 1.000 0.995 0.848 
 120   (0.043) 0.001 0.000 0.001 0.000 0.042 0.003 0.003 0.038 0.001 0.003 0.000 0.001 0.005 0.000 0.005 0.152 

Locus 145 : 165413_43 
2 alleles
1.7% missing data
 110   (0.952) 0.999 1.000 0.999 1.000 0.952 0.997 0.996 0.951 0.999 0.943 1.000 0.998 0.994 1.000 0.994 0.997 
 130   (0.048) 0.001 0.000 0.001 0.000 0.048 0.003 0.004 0.049 0.001 0.057 0.000 0.002 0.006 0.000 0.006 0.003 

Locus 146 : 168629_44 
2 alleles
5.6% missing data
 130   (0.948) 0.992 1.000 0.998 1.000 0.948 0.996 0.996 0.952 0.998 0.961 0.999 0.998 0.990 1.000 0.994 0.984 
 110   (0.052) 0.008 0.000 0.002 0.000 0.052 0.004 0.004 0.048 0.002 0.039 0.001 0.002 0.010 0.000 0.006 0.016 

Locus 147 : 168991_77 
2 alleles
5.6% missing data
 110   (0.851) 0.952 0.999 0.996 0.998 0.850 0.647 0.988 0.825 0.996 0.905 0.997 0.885 0.977 0.997 0.983 0.986 
 100   (0.149) 0.048 0.001 0.004 0.002 0.150 0.353 0.012 0.175 0.004 0.095 0.003 0.115 0.023 0.003 0.017 0.014 

Locus 148 : 169478_88 
2 alleles
5.1% missing data
 130   (0.960) 0.999 1.000 0.979 1.000 0.960 0.997 0.996 0.961 0.999 0.998 1.000 0.999 0.995 1.000 0.995 0.998 
 100   (0.040) 0.001 0.000 0.021 0.000 0.040 0.003 0.004 0.039 0.001 0.002 0.000 0.001 0.005 0.000 0.005 0.002 

Locus 149 : 169898_8 
2 alleles
6.2% missing data
 120   (0.942) 0.999 1.000 0.998 1.000 0.942 0.996 0.995 0.948 0.998 0.916 0.999 0.998 0.993 0.999 0.992 0.965 
 100   (0.058) 0.001 0.000 0.002 0.000 0.058 0.004 0.005 0.052 0.002 0.084 0.001 0.002 0.007 0.001 0.008 0.035 

Locus 150 : 170224_42 
2 alleles
7.3% missing data
 100   (0.916) 0.972 0.999 0.998 1.000 0.916 0.994 0.992 0.912 0.997 0.937 0.997 0.997 0.978 0.999 0.990 0.785 
 120   (0.084) 0.028 0.001 0.002 0.000 0.084 0.006 0.008 0.088 0.003 0.063 0.003 0.003 0.022 0.001 0.010 0.215 

Locus 151 : 174083_22 
2 alleles
3.9% missing data
 120   (0.957) 0.999 1.000 0.999 1.000 0.957 0.997 0.586 0.962 0.999 0.998 1.000 0.999 0.995 1.000 0.995 0.998 
 100   (0.043) 0.001 0.000 0.001 0.000 0.043 0.003 0.414 0.038 0.001 0.002 0.000 0.001 0.005 0.000 0.005 0.002 

Locus 152 : 174223_24 
2 alleles
2.8% missing data
 120   (0.957) 0.999 1.000 0.999 1.000 0.957 0.997 0.997 0.955 0.992 0.998 1.000 0.999 0.995 1.000 0.995 0.998 
 100   (0.043) 0.001 0.000 0.001 0.000 0.043 0.003 0.003 0.045 0.008 0.002 0.000 0.001 0.005 0.000 0.005 0.002 

Locus 153 : 174263_44 
2 alleles
3.9% missing data
 130   (0.956) 0.999 1.000 0.839 1.000 0.956 0.997 0.997 0.961 0.999 0.998 1.000 0.999 0.995 1.000 0.995 0.998 
 110   (0.044) 0.001 0.000 0.161 0.000 0.044 0.003 0.003 0.039 0.001 0.002 0.000 0.001 0.005 0.000 0.005 0.002 

Locus 154 : 175657_6 
2 alleles
8.4% missing data
 100   (0.935) 0.999 1.000 0.998 1.000 0.936 0.765 0.995 0.943 0.999 0.926 1.000 0.998 0.993 1.000 0.991 0.998 
 130   (0.065) 0.001 0.000 0.002 0.000 0.064 0.235 0.005 0.057 0.001 0.074 0.000 0.002 0.007 0.000 0.009 0.002 

Locus 155 : 176570_23 
2 alleles
3.9% missing data
 130   (0.956) 0.995 0.995 0.999 0.999 0.956 0.996 0.996 0.947 0.998 0.996 0.999 0.967 0.990 0.986 0.995 0.997 
 110   (0.044) 0.005 0.005 0.001 0.001 0.044 0.004 0.004 0.053 0.002 0.004 0.001 0.033 0.010 0.014 0.005 0.003 

Locus 156 : 176775_13 
2 alleles
6.7% missing data
 130   (0.928) 0.999 1.000 0.998 1.000 0.928 0.995 0.586 0.936 0.998 0.996 1.000 0.998 0.991 1.000 0.835 0.997 
 110   (0.072) 0.001 0.000 0.002 0.000 0.072 0.005 0.414 0.064 0.002 0.004 0.000 0.002 0.009 0.000 0.165 0.003 

Locus 157 : 178448_19 
2 alleles
3.4% missing data
 120   (0.955) 0.999 1.000 0.999 1.000 0.955 0.997 0.996 0.960 0.999 0.998 1.000 0.999 0.995 1.000 0.792 0.998 
 100   (0.045) 0.001 0.000 0.001 0.000 0.045 0.003 0.004 0.040 0.001 0.002 0.000 0.001 0.005 0.000 0.208 0.002 

Locus 158 : 179162_16 
2 alleles
6.2% missing data
 120   (0.960) 0.999 1.000 0.999 1.000 0.960 0.998 0.996 0.964 0.999 0.998 1.000 0.999 0.995 1.000 0.947 0.998 
 100   (0.040) 0.001 0.000 0.001 0.000 0.040 0.002 0.004 0.036 0.001 0.002 0.000 0.001 0.005 0.000 0.053 0.002 

Locus 159 : 179286_31 
2 alleles
2.8% missing data
 120   (0.931) 0.999 1.000 0.998 1.000 0.932 0.892 0.995 0.937 0.998 0.917 1.000 0.992 0.992 0.999 0.992 0.997 
 100   (0.069) 0.001 0.000 0.002 0.000 0.068 0.108 0.005 0.063 0.002 0.083 0.000 0.008 0.008 0.001 0.008 0.003 

Locus 160 : 179594_17 
2 alleles
4.5% missing data
 120   (0.920) 0.998 1.000 0.998 1.000 0.920 0.737 0.992 0.921 0.993 0.996 0.999 0.997 0.924 0.999 0.991 0.979 
 100   (0.080) 0.002 0.000 0.002 0.000 0.080 0.263 0.008 0.079 0.007 0.004 0.001 0.003 0.076 0.001 0.009 0.021 

Locus 161 : 180413_54 
2 alleles
3.9% missing data
 100   (0.955) 0.999 1.000 0.999 1.000 0.955 0.997 0.997 0.960 0.999 0.998 1.000 0.999 0.995 1.000 0.738 0.998 
 110   (0.045) 0.001 0.000 0.001 0.000 0.045 0.003 0.003 0.040 0.001 0.002 0.000 0.001 0.005 0.000 0.262 0.002 

Locus 162 : 182862_79 
2 alleles
3.4% missing data
 130   (0.957) 0.999 1.000 0.999 1.000 0.957 0.997 0.997 0.962 0.999 0.998 1.000 0.999 0.995 1.000 0.743 0.998 
 110   (0.043) 0.001 0.000 0.001 0.000 0.043 0.003 0.003 0.038 0.001 0.002 0.000 0.001 0.005 0.000 0.257 0.002 

Locus 163 : 183288_63 
2 alleles
10.1% missing data
 100   (0.959) 0.999 1.000 0.999 1.000 0.959 0.997 0.943 0.964 0.999 0.998 1.000 0.999 0.995 1.000 0.995 0.998 
 120   (0.041) 0.001 0.000 0.001 0.000 0.041 0.003 0.057 0.036 0.001 0.002 0.000 0.001 0.005 0.000 0.005 0.002 

Locus 164 : 183906_55 
2 alleles
6.7% missing data
 130   (0.960) 0.999 1.000 0.999 1.000 0.960 0.997 0.896 0.965 0.999 0.998 1.000 0.999 0.995 1.000 0.995 0.998 
 100   (0.040) 0.001 0.000 0.001 0.000 0.040 0.003 0.104 0.035 0.001 0.002 0.000 0.001 0.005 0.000 0.005 0.002 

Locus 165 : 183990_7 
2 alleles
3.4% missing data
 120   (0.955) 0.839 1.000 0.999 1.000 0.955 0.997 0.997 0.949 0.999 0.998 1.000 0.997 0.995 0.999 0.995 0.997 
 100   (0.045) 0.161 0.000 0.001 0.000 0.045 0.003 0.003 0.051 0.001 0.002 0.000 0.003 0.005 0.001 0.005 0.003 

Locus 166 : 185904_60 
2 alleles
3.4% missing data
 120   (0.956) 0.999 1.000 0.999 1.000 0.957 0.997 0.996 0.960 0.999 0.998 1.000 0.999 0.995 1.000 0.995 0.913 
 100   (0.044) 0.001 0.000 0.001 0.000 0.043 0.003 0.004 0.040 0.001 0.002 0.000 0.001 0.005 0.000 0.005 0.087 

Locus 167 : 191703_64 
2 alleles
1.7% missing data
 130   (0.935) 0.999 1.000 0.998 1.000 0.935 0.867 0.995 0.942 0.999 0.997 1.000 0.998 0.675 1.000 0.992 0.998 
 110   (0.065) 0.001 0.000 0.002 0.000 0.065 0.133 0.005 0.058 0.001 0.003 0.000 0.002 0.325 0.000 0.008 0.002 

Locus 168 : 193854_7 
2 alleles
1.7% missing data
 130   (0.944) 0.999 1.000 0.984 1.000 0.944 0.996 0.761 0.950 0.998 0.997 1.000 0.998 0.993 1.000 0.993 0.997 
 110   (0.056) 0.001 0.000 0.016 0.000 0.056 0.004 0.239 0.050 0.002 0.003 0.000 0.002 0.007 0.000 0.007 0.003 

Locus 169 : 194868_38 
2 alleles
5.6% missing data
 120   (0.943) 0.996 1.000 0.999 1.000 0.943 0.970 0.996 0.945 0.998 0.891 1.000 0.998 0.992 1.000 0.993 0.998 
 100   (0.057) 0.004 0.000 0.001 0.000 0.057 0.030 0.004 0.055 0.002 0.109 0.000 0.002 0.008 0.000 0.007 0.002 

Locus 170 : 195463_36 
2 alleles
5.1% missing data
 120   (0.956) 0.999 1.000 0.999 1.000 0.956 0.862 0.997 0.960 0.999 0.998 1.000 0.999 0.995 1.000 0.995 0.998 
 100   (0.044) 0.001 0.000 0.001 0.000 0.044 0.138 0.003 0.040 0.001 0.002 0.000 0.001 0.005 0.000 0.005 0.002 

Locus 171 : 195727_20 
2 alleles
1.7% missing data
 130   (0.958) 0.999 1.000 0.999 1.000 0.959 0.997 0.830 0.963 0.999 0.998 1.000 0.999 0.995 1.000 0.995 0.998 
 110   (0.042) 0.001 0.000 0.001 0.000 0.041 0.003 0.170 0.037 0.001 0.002 0.000 0.001 0.005 0.000 0.005 0.002 

Locus 172 : 197508_5 
2 alleles
2.2% missing data
 120   (0.960) 0.999 1.000 0.999 1.000 0.959 0.997 0.997 0.959 0.999 0.990 1.000 0.999 0.995 1.000 0.995 0.998 
 100   (0.040) 0.001 0.000 0.001 0.000 0.041 0.003 0.003 0.041 0.001 0.010 0.000 0.001 0.005 0.000 0.005 0.002 

Locus 173 : 199140_10 
2 alleles
4.5% missing data
 130   (0.958) 0.997 1.000 0.999 1.000 0.957 0.997 0.996 0.953 0.999 0.998 1.000 0.999 0.995 1.000 0.995 0.998 
 110   (0.042) 0.003 0.000 0.001 0.000 0.043 0.003 0.004 0.047 0.001 0.002 0.000 0.001 0.005 0.000 0.005 0.002 

Locus 174 : 199429_51 
2 alleles
5.1% missing data
 130   (0.958) 0.999 1.000 0.999 1.000 0.958 0.996 0.996 0.956 0.999 0.998 1.000 0.999 0.993 1.000 0.995 0.985 
 100   (0.042) 0.001 0.000 0.001 0.000 0.042 0.004 0.004 0.044 0.001 0.002 0.000 0.001 0.007 0.000 0.005 0.015 

Locus 175 : 199635_9 
2 alleles
3.4% missing data
 120   (0.933) 0.999 1.000 0.998 1.000 0.933 0.996 0.854 0.941 0.999 0.996 1.000 0.998 0.993 1.000 0.815 0.997 
 100   (0.067) 0.001 0.000 0.002 0.000 0.067 0.004 0.146 0.059 0.001 0.004 0.000 0.002 0.007 0.000 0.185 0.003 

Locus 176 : 200923_8 
2 alleles
5.1% missing data
 100   (0.959) 0.999 1.000 0.999 1.000 0.959 0.994 0.997 0.963 0.999 0.998 1.000 0.998 0.934 1.000 0.995 0.998 
 110   (0.041) 0.001 0.000 0.001 0.000 0.041 0.006 0.003 0.037 0.001 0.002 0.000 0.002 0.066 0.000 0.005 0.002 

Locus 177 : 201090_64 
2 alleles
5.1% missing data
 130   (0.957) 0.999 1.000 0.999 1.000 0.957 0.997 0.997 0.961 0.999 0.998 1.000 0.999 0.995 1.000 0.995 0.958 
 100   (0.043) 0.001 0.000 0.001 0.000 0.043 0.003 0.003 0.039 0.001 0.002 0.000 0.001 0.005 0.000 0.005 0.042 

Locus 178 : 201549_57 
2 alleles
4.5% missing data
 120   (0.959) 0.999 1.000 0.999 1.000 0.959 0.907 0.997 0.963 0.999 0.998 1.000 0.999 0.995 1.000 0.995 0.998 
 110   (0.041) 0.001 0.000 0.001 0.000 0.041 0.093 0.003 0.037 0.001 0.002 0.000 0.001 0.005 0.000 0.005 0.002 

Locus 179 : 203565_40 
2 alleles
3.9% missing data
 120   (0.963) 0.999 1.000 0.999 1.000 0.963 0.998 0.997 0.965 0.999 0.998 1.000 0.998 0.937 1.000 0.995 0.998 
 100   (0.037) 0.001 0.000 0.001 0.000 0.037 0.002 0.003 0.035 0.001 0.002 0.000 0.002 0.063 0.000 0.005 0.002 

Locus 180 : 205184_19 
2 alleles
7.3% missing data
 110   (0.916) 0.999 1.000 0.862 1.000 0.916 0.995 0.542 0.925 0.998 0.996 1.000 0.998 0.991 0.999 0.960 0.997 
 120   (0.084) 0.001 0.000 0.138 0.000 0.084 0.005 0.458 0.075 0.002 0.004 0.000 0.002 0.009 0.001 0.040 0.003 

Locus 181 : 206551_17 
2 alleles
6.2% missing data
 120   (0.902) 0.993 1.000 0.997 1.000 0.902 0.965 0.992 0.906 0.861 0.995 0.998 0.996 0.935 0.999 0.988 0.634 
 100   (0.098) 0.007 0.000 0.003 0.000 0.098 0.035 0.008 0.094 0.139 0.005 0.002 0.004 0.065 0.001 0.012 0.366 

Locus 182 : 216246_19 
2 alleles
2.8% missing data
 110   (0.943) 0.992 1.000 0.998 1.000 0.943 0.986 0.996 0.934 0.998 0.986 1.000 0.991 0.987 1.000 0.993 0.997 
 130   (0.057) 0.008 0.000 0.002 0.000 0.057 0.014 0.004 0.066 0.002 0.014 0.000 0.009 0.013 0.000 0.007 0.003 

Locus 183 : 216776_13 
2 alleles
5.6% missing data
 120   (0.898) 0.998 0.999 0.990 0.999 0.898 0.994 0.928 0.909 0.836 0.995 0.999 0.997 0.988 0.999 0.536 0.996 
 110   (0.102) 0.002 0.001 0.010 0.001 0.102 0.006 0.072 0.091 0.164 0.005 0.001 0.003 0.012 0.001 0.464 0.004 

Locus 184 : 217291_37 
2 alleles
3.9% missing data
 120   (0.954) 0.999 1.000 0.999 1.000 0.954 0.914 0.996 0.954 0.999 0.998 1.000 0.999 0.995 1.000 0.994 0.998 
 100   (0.046) 0.001 0.000 0.001 0.000 0.046 0.086 0.004 0.046 0.001 0.002 0.000 0.001 0.005 0.000 0.006 0.002 

Locus 185 : 217570_13 
2 alleles
3.9% missing data
 130   (0.943) 0.999 1.000 0.998 1.000 0.943 0.996 0.963 0.950 0.999 0.997 1.000 0.998 0.994 1.000 0.776 0.998 
 110   (0.057) 0.001 0.000 0.002 0.000 0.057 0.004 0.037 0.050 0.001 0.003 0.000 0.002 0.006 0.000 0.224 0.002 

Locus 186 : 220422_65 
2 alleles
3.4% missing data
 120   (0.944) 0.998 1.000 0.999 1.000 0.944 0.986 0.996 0.930 0.999 0.982 1.000 0.986 0.992 0.999 0.993 0.997 
 110   (0.056) 0.002 0.000 0.001 0.000 0.056 0.014 0.004 0.070 0.001 0.018 0.000 0.014 0.008 0.001 0.007 0.003 

Locus 187 : 220502_40 
2 alleles
6.7% missing data
 120   (0.958) 0.999 1.000 0.999 1.000 0.958 0.997 0.997 0.962 0.999 0.997 0.999 0.966 0.995 0.999 0.995 0.998 
 110   (0.042) 0.001 0.000 0.001 0.000 0.042 0.003 0.003 0.038 0.001 0.003 0.001 0.034 0.005 0.001 0.005 0.002 

Locus 188 : 220519_81 
2 alleles
4.5% missing data
 130   (0.937) 0.999 1.000 0.998 1.000 0.937 0.996 0.995 0.943 0.999 0.997 1.000 0.998 0.939 1.000 0.737 0.998 
 110   (0.063) 0.001 0.000 0.002 0.000 0.063 0.004 0.005 0.057 0.001 0.003 0.000 0.002 0.061 0.000 0.263 0.002 

Locus 189 : 222347_17 
2 alleles
3.9% missing data
 120   (0.940) 0.999 1.000 0.998 1.000 0.940 0.996 0.964 0.946 0.999 0.997 1.000 0.998 0.993 1.000 0.826 0.998 
 100   (0.060) 0.001 0.000 0.002 0.000 0.060 0.004 0.036 0.054 0.001 0.003 0.000 0.002 0.007 0.000 0.174 0.002 

Locus 190 : 222896_46 
2 alleles
0.6% missing data
 110   (0.959) 0.999 1.000 0.999 1.000 0.959 0.997 0.997 0.964 0.999 0.998 1.000 0.999 0.996 1.000 0.892 0.998 
 130   (0.041) 0.001 0.000 0.001 0.000 0.041 0.003 0.003 0.036 0.001 0.002 0.000 0.001 0.004 0.000 0.108 0.002 

Locus 191 : 223181_12 
2 alleles
3.4% missing data
 120   (0.930) 0.999 1.000 0.998 1.000 0.930 0.996 0.669 0.938 0.999 0.997 1.000 0.998 0.992 1.000 0.785 0.997 
 100   (0.070) 0.001 0.000 0.002 0.000 0.070 0.004 0.331 0.062 0.001 0.003 0.000 0.002 0.008 0.000 0.215 0.003 

Locus 192 : 224649_57 
2 alleles
5.1% missing data
 100   (0.959) 0.999 1.000 0.978 1.000 0.959 0.997 0.996 0.961 0.999 0.998 1.000 0.999 0.994 1.000 0.994 0.998 
 110   (0.041) 0.001 0.000 0.022 0.000 0.041 0.003 0.004 0.039 0.001 0.002 0.000 0.001 0.006 0.000 0.006 0.002 

Locus 193 : 226245_11 
2 alleles
5.1% missing data
 130   (0.958) 0.999 1.000 0.999 1.000 0.958 0.997 0.997 0.962 0.999 0.998 1.000 0.914 0.995 1.000 0.995 0.998 
 110   (0.042) 0.001 0.000 0.001 0.000 0.042 0.003 0.003 0.038 0.001 0.002 0.000 0.086 0.005 0.000 0.005 0.002 

Locus 194 : 226342_59 
2 alleles
6.2% missing data
 120   (0.928) 0.998 0.999 0.969 0.999 0.928 0.994 0.994 0.933 0.997 0.995 0.997 0.997 0.990 0.999 0.819 0.996 
 100   (0.072) 0.002 0.001 0.031 0.001 0.072 0.006 0.006 0.067 0.003 0.005 0.003 0.003 0.010 0.001 0.181 0.004 

Locus 195 : 228970_13 
2 alleles
3.9% missing data
 120   (0.961) 0.999 1.000 0.999 1.000 0.961 0.959 0.997 0.964 0.999 0.998 1.000 0.999 0.995 1.000 0.995 0.998 
 100   (0.039) 0.001 0.000 0.001 0.000 0.039 0.041 0.003 0.036 0.001 0.002 0.000 0.001 0.005 0.000 0.005 0.002 

Locus 196 : 229097_27 
2 alleles
5.1% missing data
 130   (0.952) 0.999 1.000 0.999 1.000 0.952 0.996 0.603 0.957 0.999 0.998 1.000 0.999 0.995 1.000 0.994 0.998 
 110   (0.048) 0.001 0.000 0.001 0.000 0.048 0.004 0.397 0.043 0.001 0.002 0.000 0.001 0.005 0.000 0.006 0.002 

Locus 197 : 229177_29 
2 alleles
7.3% missing data
 130   (0.953) 0.999 0.999 0.999 0.998 0.953 0.997 0.996 0.957 0.803 0.997 0.993 0.998 0.994 0.999 0.994 0.996 
 110   (0.047) 0.001 0.001 0.001 0.002 0.047 0.003 0.004 0.043 0.197 0.003 0.007 0.002 0.006 0.001 0.006 0.004 

Locus 198 : 229612_7 
2 alleles
6.2% missing data
 100   (0.960) 0.999 1.000 0.999 1.000 0.960 0.997 0.997 0.960 0.999 0.989 1.000 0.999 0.995 1.000 0.995 0.998 
 120   (0.040) 0.001 0.000 0.001 0.000 0.040 0.003 0.003 0.040 0.001 0.011 0.000 0.001 0.005 0.000 0.005 0.002 

Locus 199 : 229936_67 
2 alleles
3.9% missing data
 120   (0.958) 0.996 0.995 0.999 0.998 0.958 0.997 0.997 0.950 0.998 0.996 0.999 0.967 0.990 0.984 0.995 0.998 
 100   (0.042) 0.004 0.005 0.001 0.002 0.042 0.003 0.003 0.050 0.002 0.004 0.001 0.033 0.010 0.016 0.005 0.002 

Locus 200 : 232937_62 
2 alleles
2.2% missing data
 100   (0.960) 0.999 1.000 0.999 1.000 0.959 0.997 0.997 0.957 0.993 0.998 1.000 0.999 0.996 1.000 0.995 0.999 
 120   (0.040) 0.001 0.000 0.001 0.000 0.041 0.003 0.003 0.043 0.007 0.002 0.000 0.001 0.004 0.000 0.005 0.001 

Locus 201 : 233194_6 
2 alleles
2.8% missing data
 120   (0.914) 0.999 1.000 0.973 1.000 0.915 0.995 0.536 0.922 0.998 0.996 1.000 0.997 0.990 0.999 0.806 0.996 
 100   (0.086) 0.001 0.000 0.027 0.000 0.085 0.005 0.464 0.078 0.002 0.004 0.000 0.003 0.010 0.001 0.194 0.004 

Locus 202 : 234346_33 
2 alleles
4.5% missing data
 110   (0.956) 0.999 1.000 0.816 1.000 0.956 0.997 0.997 0.960 0.999 0.998 1.000 0.999 0.995 1.000 0.994 0.998 
 130   (0.044) 0.001 0.000 0.184 0.000 0.044 0.003 0.003 0.040 0.001 0.002 0.000 0.001 0.005 0.000 0.006 0.002 

Locus 203 : 235241_77 
2 alleles
2.2% missing data
 130   (0.957) 0.999 1.000 0.999 1.000 0.957 0.997 0.691 0.962 0.999 0.998 1.000 0.999 0.995 1.000 0.995 0.998 
 100   (0.043) 0.001 0.000 0.001 0.000 0.043 0.003 0.309 0.038 0.001 0.002 0.000 0.001 0.005 0.000 0.005 0.002 

Locus 204 : 236207_44 
2 alleles
6.2% missing data
 120   (0.899) 0.998 1.000 0.997 1.000 0.899 0.961 0.992 0.908 0.998 0.994 1.000 0.771 0.868 0.765 0.987 0.996 
 100   (0.101) 0.002 0.000 0.003 0.000 0.101 0.039 0.008 0.092 0.002 0.006 0.000 0.229 0.132 0.235 0.013 0.004 

Locus 205 : 236307_12 
2 alleles
1.7% missing data
 130   (0.953) 0.629 1.000 0.999 1.000 0.954 0.993 0.996 0.958 0.999 0.997 1.000 0.998 0.993 1.000 0.995 0.998 
 110   (0.047) 0.371 0.000 0.001 0.000 0.046 0.007 0.004 0.042 0.001 0.003 0.000 0.002 0.007 0.000 0.005 0.002 

Locus 206 : 236931_45 
2 alleles
6.7% missing data
 120   (0.892) 0.997 1.000 0.997 1.000 0.892 0.714 0.992 0.902 0.997 0.706 1.000 0.994 0.457 0.999 0.988 0.996 
 100   (0.108) 0.003 0.000 0.003 0.000 0.108 0.286 0.008 0.098 0.003 0.294 0.000 0.006 0.543 0.001 0.012 0.004 

Locus 207 : 236999_38 
2 alleles
2.8% missing data
 120   (0.957) 0.999 1.000 0.999 1.000 0.957 0.997 0.997 0.962 0.999 0.998 1.000 0.999 0.995 1.000 0.891 0.998 
 100   (0.043) 0.001 0.000 0.001 0.000 0.043 0.003 0.003 0.038 0.001 0.002 0.000 0.001 0.005 0.000 0.109 0.002 

Locus 208 : 240398_42 
2 alleles
3.9% missing data
 110   (0.853) 0.677 1.000 0.996 1.000 0.853 0.884 0.989 0.858 0.997 0.822 0.999 0.995 0.453 0.999 0.983 0.994 
 130   (0.147) 0.323 0.000 0.004 0.000 0.147 0.116 0.011 0.142 0.003 0.178 0.001 0.005 0.547 0.001 0.017 0.006 

Locus 209 : 240825_22 
2 alleles
6.2% missing data
 130   (0.958) 0.998 0.999 0.999 0.999 0.958 0.997 0.997 0.957 0.995 0.997 0.999 0.996 0.991 0.998 0.995 0.991 
 110   (0.042) 0.002 0.001 0.001 0.001 0.042 0.003 0.003 0.043 0.005 0.003 0.001 0.004 0.009 0.002 0.005 0.009 

Locus 210 : 244435_48 
2 alleles
1.7% missing data
 110   (0.958) 0.999 1.000 0.999 1.000 0.959 0.997 0.997 0.963 0.999 0.998 1.000 0.914 0.995 1.000 0.995 0.998 
 130   (0.042) 0.001 0.000 0.001 0.000 0.041 0.003 0.003 0.037 0.001 0.002 0.000 0.086 0.005 0.000 0.005 0.002 

Locus 211 : 245971_21 
2 alleles
5.1% missing data
 130   (0.942) 0.999 1.000 0.998 1.000 0.942 0.996 0.960 0.948 0.999 0.997 1.000 0.998 0.993 1.000 0.877 0.998 
 120   (0.058) 0.001 0.000 0.002 0.000 0.058 0.004 0.040 0.052 0.001 0.003 0.000 0.002 0.007 0.000 0.123 0.002 

Locus 212 : 246895_22 
2 alleles
3.4% missing data
 120   (0.959) 0.995 1.000 0.999 1.000 0.959 0.997 0.997 0.954 0.999 0.998 1.000 0.999 0.995 1.000 0.995 0.998 
 110   (0.041) 0.005 0.000 0.001 0.000 0.041 0.003 0.003 0.046 0.001 0.002 0.000 0.001 0.005 0.000 0.005 0.002 

Locus 213 : 248131_26 
2 alleles
7.9% missing data
 130   (0.946) 0.999 1.000 0.998 0.999 0.946 0.994 0.995 0.949 0.997 0.979 0.998 0.996 0.991 0.999 0.993 0.953 
 110   (0.054) 0.001 0.000 0.002 0.001 0.054 0.006 0.005 0.051 0.003 0.021 0.002 0.004 0.009 0.001 0.007 0.047 

Locus 214 : 250844_49 
2 alleles
7.3% missing data
 130   (0.957) 0.999 1.000 0.999 1.000 0.956 0.997 0.996 0.955 0.999 0.986 1.000 0.999 0.995 1.000 0.995 0.998 
 100   (0.043) 0.001 0.000 0.001 0.000 0.044 0.003 0.004 0.045 0.001 0.014 0.000 0.001 0.005 0.000 0.005 0.002 

Locus 215 : 251283_19 
2 alleles
5.6% missing data
 120   (0.958) 0.999 1.000 0.999 1.000 0.958 0.997 0.997 0.963 0.999 0.998 1.000 0.999 0.825 1.000 0.995 0.998 
 100   (0.042) 0.001 0.000 0.001 0.000 0.042 0.003 0.003 0.037 0.001 0.002 0.000 0.001 0.175 0.000 0.005 0.002 

Locus 216 : 251358_15 
2 alleles
8.4% missing data
 110   (0.937) 0.999 1.000 0.998 1.000 0.937 0.995 0.995 0.941 0.999 0.810 1.000 0.962 0.991 0.999 0.993 0.997 
 120   (0.063) 0.001 0.000 0.002 0.000 0.063 0.005 0.005 0.059 0.001 0.190 0.000 0.038 0.009 0.001 0.007 0.003 

Locus 217 : 251901_42 
2 alleles
2.2% missing data
 120   (0.958) 0.999 1.000 0.999 1.000 0.958 0.997 0.997 0.958 0.999 0.998 1.000 0.998 0.995 0.999 0.995 0.979 
 100   (0.042) 0.001 0.000 0.001 0.000 0.042 0.003 0.003 0.042 0.001 0.002 0.000 0.002 0.005 0.001 0.005 0.021 

Locus 218 : 252158_43 
2 alleles
0.0% missing data
 120   (0.956) 0.999 1.000 0.999 1.000 0.956 0.997 0.997 0.961 0.999 0.998 1.000 0.999 0.995 1.000 0.840 0.998 
 100   (0.044) 0.001 0.000 0.001 0.000 0.044 0.003 0.003 0.039 0.001 0.002 0.000 0.001 0.005 0.000 0.160 0.002 

Locus 219 : 252988_16 
2 alleles
7.9% missing data
 110   (0.954) 0.999 1.000 0.999 1.000 0.954 0.997 0.997 0.957 0.999 0.997 1.000 0.998 0.994 1.000 0.994 0.718 
 100   (0.046) 0.001 0.000 0.001 0.000 0.046 0.003 0.003 0.043 0.001 0.003 0.000 0.002 0.006 0.000 0.006 0.282 

Locus 220 : 254425_88 
2 alleles
5.6% missing data
 130   (0.929) 0.999 1.000 0.886 1.000 0.929 0.996 0.542 0.937 0.997 0.996 1.000 0.998 0.992 1.000 0.991 0.997 
 110   (0.071) 0.001 0.000 0.114 0.000 0.071 0.004 0.458 0.063 0.003 0.004 0.000 0.002 0.008 0.000 0.009 0.003 

Locus 221 : 256337_57 
2 alleles
5.6% missing data
 110   (0.960) 0.999 1.000 0.999 1.000 0.960 0.997 0.997 0.964 0.999 0.998 1.000 0.999 0.929 1.000 0.995 0.998 
 130   (0.040) 0.001 0.000 0.001 0.000 0.040 0.003 0.003 0.036 0.001 0.002 0.000 0.001 0.071 0.000 0.005 0.002 

Locus 222 : 259058_15 
2 alleles
1.7% missing data
 120   (0.959) 0.999 1.000 0.872 1.000 0.959 0.997 0.997 0.964 0.999 0.998 1.000 0.999 0.996 1.000 0.995 0.999 
 100   (0.041) 0.001 0.000 0.128 0.000 0.041 0.003 0.003 0.036 0.001 0.002 0.000 0.001 0.004 0.000 0.005 0.001 

Locus 223 : 259869_81 
2 alleles
0.6% missing data
 120   (0.959) 0.999 1.000 0.940 1.000 0.959 0.997 0.997 0.963 0.999 0.998 1.000 0.999 0.996 1.000 0.995 0.998 
 130   (0.041) 0.001 0.000 0.060 0.000 0.041 0.003 0.003 0.037 0.001 0.002 0.000 0.001 0.004 0.000 0.005 0.002 

Locus 224 : 260700_55 
2 alleles
2.2% missing data
 130   (0.961) 0.999 1.000 0.999 1.000 0.961 0.997 0.996 0.964 0.975 0.998 0.999 0.998 0.995 1.000 0.995 0.996 
 110   (0.039) 0.001 0.000 0.001 0.000 0.039 0.003 0.004 0.036 0.025 0.002 0.001 0.002 0.005 0.000 0.005 0.004 

Locus 225 : 262223_11 
2 alleles
4.5% missing data
 130   (0.959) 0.999 1.000 0.999 1.000 0.960 0.997 0.997 0.964 0.860 0.998 1.000 0.999 0.996 1.000 0.995 0.999 
 100   (0.041) 0.001 0.000 0.001 0.000 0.040 0.003 0.003 0.036 0.140 0.002 0.000 0.001 0.004 0.000 0.005 0.001 

Locus 226 : 262346_48 
2 alleles
3.4% missing data
 130   (0.955) 0.999 1.000 0.999 1.000 0.955 0.997 0.997 0.960 0.999 0.998 1.000 0.999 0.404 1.000 0.995 0.998 
 110   (0.045) 0.001 0.000 0.001 0.000 0.045 0.003 0.003 0.040 0.001 0.002 0.000 0.001 0.596 0.000 0.005 0.002 

Locus 227 : 262620_18 
2 alleles
3.9% missing data
 110   (0.945) 0.988 0.998 0.998 0.998 0.945 0.994 0.995 0.940 0.997 0.995 0.998 0.992 0.991 0.993 0.992 0.997 
 130   (0.055) 0.012 0.002 0.002 0.002 0.055 0.006 0.005 0.060 0.003 0.005 0.002 0.008 0.009 0.007 0.008 0.003 

Locus 228 : 263002_42 
2 alleles
3.4% missing data
 120   (0.955) 0.999 1.000 0.999 1.000 0.955 0.997 0.997 0.959 0.999 0.850 1.000 0.999 0.995 1.000 0.995 0.998 
 100   (0.045) 0.001 0.000 0.001 0.000 0.045 0.003 0.003 0.041 0.001 0.150 0.000 0.001 0.005 0.000 0.005 0.002 

Locus 229 : 263813_70 
2 alleles
10.1% missing data
 130   (0.958) 0.999 1.000 0.935 1.000 0.958 0.997 0.996 0.962 0.999 0.998 1.000 0.999 0.995 1.000 0.995 0.998 
 110   (0.042) 0.001 0.000 0.065 0.000 0.042 0.003 0.004 0.038 0.001 0.002 0.000 0.001 0.005 0.000 0.005 0.002 

Locus 230 : 264184_13 
2 alleles
10.1% missing data
 110   (0.918) 0.999 1.000 0.998 1.000 0.919 0.994 0.992 0.924 0.998 0.996 1.000 0.854 0.947 0.999 0.990 0.838 
 130   (0.082) 0.001 0.000 0.002 0.000 0.081 0.006 0.008 0.076 0.002 0.004 0.000 0.146 0.053 0.001 0.010 0.162 

Values of parameters used in structure:
DATAFILE=C:\Users\jmahg\OneDrive\Desktop\Transfers\TrkNbr-1524n1282n1083_AllPops_Structure_p18_r080_LDnHWEx\project_data,	OUTFILE=C:\Users\jmahg\OneDrive\Desktop\Transfers\TrkNbr-1524n1282n1083_AllPops_Structure_p18_r080_LDnHWEx\BI50000_MCMC100000\Results\BI50000_MCMC100000_run_156,	NUMINDS=178,	NUMLOCI=230,	MISSING=0,	LABEL=1,	POPDATA=1,	POPFLAG=0,	PHENOTYPE=0,	EXTRACOLS=0,	MAXPOPS=16,	BURNIN=50000,	NUMREPS=100000,	USEPOPINFO=0,	INFERALPHA=1,	INFERLAMBDA=0,	POPSPECIFICLAMBDA=0,	POPALPHAS=0,	COMPUTEPROB=1,	NOADMIX=0,	ADMBURNIN=2500,	UPDATEFREQ=1,	PRINTLIKES=0,	INTERMEDSAVE=0,	PRINTKLD=0,	PRINTNET=0,	PRINTLAMBDA=0,	ANCESTDIST=0,	NUMBOXES=1000,	ANCESTPINT=0.90000,	GENSBACK=2,	MIGRPRIOR=0.05000,	PRINTQHAT=0,	PRINTQSUM=0,	ALPHA=1.0000,	FREQSCORR=1,	FPRIORMEAN=0.0100,	FPRIORSD=0.0500,	ONEFST=0,	LAMBDA=1.0000,	UNIFPRIORALPHA=1,	ALPHAMAX=10.0000,	ALPHAPRIORA=1.0000,	ALPHAPRIORB=2.0000,	ALPHAPROPSD=0.0250,	STARTATPOPINFO=0,	RANDOMIZE=1,	LINKAGE=0,	METROFREQ=10,	REPORTHITRATE=0,	MARKOVPHASE=-1,	PHASED=0,	PLOIDY=2,	PHASEINFO=0	LOCPRIOR=0, 	LOCPRIORINIT=1.000000, 	LOCDATA=0, 	LOCISPOP=0, 	LOCPRIORSTEP=0.100000, 	MAXLOCPRIOR=20.000000, 	SEED=1603023911,	
[STRAT parameters]:    NUMSIMSTATS=1000,	PHENOTYPECOL=-9,	POOLFREQ=10,	LOCUSxONLY=0,	EMERROR=0.00100,	MISSINGPHENO=-9,	