

----------------------------------------------------
STRUCTURE by Pritchard, Stephens and Donnelly (2000)
     and Falush, Stephens and Pritchard (2003)
       Code by Pritchard, Falush and Hubisz
             Version 2.3.4 (Jul 2012)
----------------------------------------------------



Command line arguments:   bin\structure -m C:\Users\jmahg\OneDrive\Desktop\Transfers\TrkNbr-1524n1282n1083_AllPops_Structure_p18_r080_LDnHWEx\BI50000_MCMC100000\mainparams -e C:\Users\jmahg\OneDrive\Desktop\Transfers\TrkNbr-1524n1282n1083_AllPops_Structure_p18_r080_LDnHWEx\BI50000_MCMC100000\extraparams 
Input File:    C:\Users\jmahg\OneDrive\Desktop\Transfers\TrkNbr-1524n1282n1083_AllPops_Structure_p18_r080_LDnHWEx\project_data

Run parameters:
   178 individuals
   230 loci
   15 populations assumed
   50000 Burn-in period
   100000 Reps


--------------------------------------------
Proportion of membership of each pre-defined
 population in each of the 15 clusters

Given    Inferred Clusters                                                                                           Number of
 Pop       1      2      3      4      5      6      7      8      9     10     11     12     13     14     15      Individuals

  1:     0.061  0.007  0.004  0.012  0.138  0.032  0.007  0.011  0.008  0.002  0.014  0.008  0.631  0.037  0.028       10
  2:     0.070  0.007  0.018  0.007  0.110  0.067  0.004  0.013  0.037  0.002  0.477  0.029  0.026  0.067  0.064        8
  3:     0.074  0.008  0.004  0.007  0.022  0.118  0.004  0.518  0.017  0.002  0.015  0.020  0.009  0.103  0.078       10
  4:     0.098  0.011  0.008  0.022  0.025  0.111  0.016  0.023  0.008  0.003  0.069  0.408  0.020  0.104  0.073       10
  5:     0.017  0.011  0.003  0.004  0.008  0.015  0.003  0.009  0.003  0.881  0.008  0.005  0.006  0.015  0.012       10
  6:     0.100  0.011  0.004  0.007  0.026  0.161  0.004  0.360  0.003  0.002  0.018  0.008  0.016  0.148  0.133       10
  7:     0.277  0.006  0.003  0.004  0.523  0.032  0.003  0.011  0.003  0.002  0.009  0.005  0.026  0.055  0.040       10
  8:     0.084  0.009  0.019  0.053  0.093  0.061  0.034  0.036  0.052  0.003  0.249  0.042  0.126  0.069  0.069       10
  9:     0.209  0.011  0.003  0.006  0.109  0.216  0.004  0.021  0.003  0.002  0.017  0.007  0.027  0.218  0.149       10
 10:     0.128  0.012  0.004  0.006  0.031  0.260  0.005  0.028  0.004  0.003  0.020  0.009  0.011  0.168  0.310       10
 11:     0.055  0.007  0.008  0.562  0.024  0.086  0.010  0.012  0.032  0.002  0.034  0.012  0.031  0.069  0.055       10
 12:     0.062  0.010  0.006  0.484  0.022  0.053  0.106  0.016  0.005  0.002  0.066  0.012  0.054  0.054  0.046       10
 13:     0.027  0.007  0.007  0.009  0.015  0.026  0.817  0.011  0.008  0.002  0.010  0.008  0.011  0.022  0.020       10
 14:     0.045  0.724  0.003  0.005  0.015  0.061  0.004  0.016  0.004  0.010  0.010  0.007  0.008  0.046  0.041       10
 15:     0.035  0.768  0.003  0.005  0.014  0.040  0.004  0.032  0.004  0.007  0.010  0.006  0.008  0.036  0.029       10
 16:     0.058  0.008  0.014  0.010  0.052  0.053  0.007  0.033  0.024  0.002  0.035  0.472  0.020  0.113  0.099       10
 17:     0.048  0.008  0.516  0.051  0.025  0.059  0.016  0.016  0.007  0.003  0.067  0.024  0.046  0.066  0.049       10
 18:     0.024  0.009  0.003  0.005  0.010  0.029  0.003  0.012  0.004  0.834  0.009  0.006  0.007  0.024  0.020       10
--------------------------------------------

Allele-freq. divergence among pops (Net nucleotide distance),
computed using point estimates of P.

      1       2       3       4       5       6       7       8       9      10      11      12      13      14      15      
 1      -    0.0020  0.0085  0.0031  0.0005  0.0002  0.0052  0.0015  0.0027  0.0075  0.0035  0.0042  0.0017  0.0001  0.0002  
 2   0.0020     -    0.0101  0.0046  0.0030  0.0018  0.0067  0.0029  0.0034  0.0069  0.0053  0.0057  0.0042  0.0018  0.0019  
 3   0.0085  0.0101     -    0.0079  0.0090  0.0086  0.0104  0.0096  0.0069  0.0150  0.0067  0.0115  0.0096  0.0084  0.0085  
 4   0.0031  0.0046  0.0079     -    0.0038  0.0030  0.0050  0.0041  0.0029  0.0098  0.0051  0.0061  0.0036  0.0030  0.0029  
 5   0.0005  0.0030  0.0090  0.0038     -    0.0013  0.0059  0.0025  0.0028  0.0083  0.0042  0.0049  0.0013  0.0011  0.0011  
 6   0.0002  0.0018  0.0086  0.0030  0.0013     -    0.0051  0.0012  0.0029  0.0073  0.0035  0.0041  0.0025  0.0000  0.0001  
 7   0.0052  0.0067  0.0104  0.0050  0.0059  0.0051     -    0.0062  0.0046  0.0119  0.0080  0.0086  0.0062  0.0051  0.0051  
 8   0.0015  0.0029  0.0096  0.0041  0.0025  0.0012  0.0062     -    0.0033  0.0080  0.0048  0.0048  0.0036  0.0013  0.0013  
 9   0.0027  0.0034  0.0069  0.0029  0.0028  0.0029  0.0046  0.0033     -    0.0062  0.0046  0.0048  0.0032  0.0028  0.0027  
10   0.0075  0.0069  0.0150  0.0098  0.0083  0.0073  0.0119  0.0080  0.0062     -    0.0107  0.0111  0.0095  0.0073  0.0074  
11   0.0035  0.0053  0.0067  0.0051  0.0042  0.0035  0.0080  0.0048  0.0046  0.0107     -    0.0073  0.0055  0.0035  0.0035  
12   0.0042  0.0057  0.0115  0.0061  0.0049  0.0041  0.0086  0.0048  0.0048  0.0111  0.0073     -    0.0059  0.0040  0.0040  
13   0.0017  0.0042  0.0096  0.0036  0.0013  0.0025  0.0062  0.0036  0.0032  0.0095  0.0055  0.0059     -    0.0022  0.0022  
14   0.0001  0.0018  0.0084  0.0030  0.0011  0.0000  0.0051  0.0013  0.0028  0.0073  0.0035  0.0040  0.0022     -    0.0001  
15   0.0002  0.0019  0.0085  0.0029  0.0011  0.0001  0.0051  0.0013  0.0027  0.0074  0.0035  0.0040  0.0022  0.0001     -    

Average distances (expected heterozygosity) between individuals in same cluster:
cluster  1  : 0.0054 
cluster  2  : 0.0236 
cluster  3  : 0.0466 
cluster  4  : 0.0360 
cluster  5  : 0.0179 
cluster  6  : 0.0012 
cluster  7  : 0.0405 
cluster  8  : 0.0148 
cluster  9  : 0.0968 
cluster 10  : 0.0670 
cluster 11  : 0.0123 
cluster 12  : 0.0258 
cluster 13  : 0.0222 
cluster 14  : 0.0031 
cluster 15  : 0.0063 

--------------------------------------------
Estimated Ln Prob of Data   = -3659.2
Mean value of ln likelihood = -3225.6
Variance of ln likelihood   = 867.3
Mean value of alpha         = 0.0361

Mean value of Fst_1         = 0.8834
Mean value of Fst_2         = 0.5399
Mean value of Fst_3         = 0.4003
Mean value of Fst_4         = 0.4124
Mean value of Fst_5         = 0.7305
Mean value of Fst_6         = 0.9482
Mean value of Fst_7         = 0.4171
Mean value of Fst_8         = 0.6947
Mean value of Fst_9         = 0.0241
Mean value of Fst_10         = 0.2747
Mean value of Fst_11         = 0.7888
Mean value of Fst_12         = 0.5263
Mean value of Fst_13         = 0.6018
Mean value of Fst_14         = 0.9027
Mean value of Fst_15         = 0.8618


Inferred ancestry of individuals:
        Label (%Miss) Pop:  Inferred clusters
  1 TGCP_WM1    (0)    1 :  0.046 0.008 0.005 0.010 0.081 0.033 0.004 0.018 0.008 0.003 0.017 0.008 0.664 0.053 0.044 
  2 TGCP_WM10    (1)    1 :  0.147 0.008 0.005 0.012 0.110 0.098 0.004 0.017 0.002 0.002 0.031 0.006 0.401 0.087 0.069 
  3 TGCP_WM2    (0)    1 :  0.056 0.008 0.006 0.007 0.230 0.033 0.005 0.013 0.045 0.003 0.013 0.008 0.517 0.041 0.015 
  4 TGCP_WM3    (1)    1 :  0.036 0.006 0.003 0.012 0.122 0.033 0.003 0.010 0.002 0.002 0.009 0.005 0.699 0.029 0.028 
  5 TGCP_WM4    (0)    1 :  0.027 0.008 0.004 0.040 0.088 0.019 0.004 0.008 0.005 0.002 0.012 0.009 0.723 0.027 0.024 
  6 TGCP_WM5    (0)    1 :  0.029 0.006 0.003 0.006 0.038 0.020 0.008 0.011 0.006 0.002 0.014 0.004 0.820 0.018 0.015 
  7 TGCP_WM6    (0)    1 :  0.031 0.006 0.003 0.007 0.109 0.020 0.007 0.010 0.002 0.002 0.008 0.008 0.735 0.033 0.020 
  8 TGCP_WM7    (0)    1 :  0.204 0.010 0.007 0.007 0.423 0.033 0.018 0.012 0.005 0.002 0.025 0.024 0.134 0.055 0.041 
  9 TGCP_WM8    (0)    1 :  0.023 0.005 0.004 0.013 0.086 0.021 0.013 0.011 0.002 0.002 0.008 0.004 0.779 0.015 0.014 
 10 TGCP_WM9    (0)    1 :  0.010 0.005 0.002 0.004 0.092 0.009 0.002 0.004 0.002 0.002 0.006 0.005 0.837 0.010 0.010 
 11 MRLP_WM123    (3)    2 :  0.025 0.005 0.006 0.016 0.137 0.027 0.004 0.006 0.176 0.002 0.512 0.013 0.011 0.019 0.041 
 12 MRLP_WM124    (4)    2 :  0.029 0.011 0.004 0.008 0.013 0.037 0.004 0.013 0.002 0.002 0.800 0.009 0.007 0.030 0.030 
 13 MRLP_WM125    (1)    2 :  0.026 0.005 0.094 0.009 0.124 0.013 0.007 0.008 0.101 0.002 0.532 0.008 0.019 0.019 0.032 
 14 MRLP_WM126    (2)    2 :  0.174 0.009 0.003 0.005 0.027 0.324 0.003 0.031 0.002 0.002 0.012 0.006 0.011 0.220 0.171 
 15 MRLP_WM127    (3)    2 :  0.195 0.009 0.029 0.005 0.255 0.083 0.005 0.015 0.005 0.003 0.018 0.009 0.099 0.161 0.108 
 16 MRLP_WM128    (3)    2 :  0.014 0.003 0.003 0.004 0.004 0.011 0.003 0.006 0.002 0.002 0.924 0.003 0.005 0.008 0.008 
 17 MRLP_WM129    (7)    2 :  0.044 0.005 0.005 0.006 0.153 0.018 0.004 0.015 0.005 0.002 0.446 0.172 0.031 0.028 0.066 
 18 MRLP_WM130    (5)    2 :  0.056 0.007 0.003 0.004 0.169 0.028 0.004 0.009 0.002 0.002 0.573 0.009 0.022 0.053 0.060 
 19 STT_WM183    (2)    3 :  0.049 0.008 0.004 0.027 0.015 0.038 0.004 0.637 0.138 0.003 0.008 0.004 0.010 0.038 0.015 
 20 STT_WM184    (3)    3 :  0.067 0.008 0.007 0.007 0.015 0.048 0.007 0.624 0.011 0.002 0.017 0.055 0.008 0.057 0.066 
 21 STT_WM185   (15)    3 :  0.168 0.012 0.004 0.006 0.061 0.281 0.005 0.035 0.002 0.002 0.037 0.008 0.013 0.235 0.132 
 22 STT_WM186   (13)    3 :  0.152 0.008 0.003 0.007 0.035 0.282 0.005 0.031 0.002 0.002 0.029 0.008 0.016 0.252 0.168 
 23 STT_WM187   (13)    3 :  0.028 0.008 0.003 0.004 0.011 0.029 0.006 0.831 0.002 0.002 0.010 0.006 0.006 0.033 0.020 
 24 STT_WM188    (3)    3 :  0.010 0.005 0.002 0.003 0.006 0.015 0.002 0.906 0.002 0.002 0.006 0.005 0.005 0.015 0.016 
 25 STT_WM189    (0)    3 :  0.147 0.008 0.003 0.004 0.030 0.312 0.004 0.026 0.001 0.002 0.016 0.005 0.010 0.260 0.172 
 26 STT_WM190   (11)    3 :  0.015 0.007 0.003 0.004 0.011 0.016 0.003 0.872 0.002 0.002 0.006 0.004 0.006 0.021 0.029 
 27 STT_WM191    (7)    3 :  0.088 0.009 0.003 0.006 0.026 0.142 0.004 0.440 0.003 0.002 0.013 0.008 0.012 0.114 0.131 
 28 STT_WM192   (12)    3 :  0.016 0.007 0.003 0.004 0.009 0.013 0.004 0.781 0.010 0.002 0.004 0.100 0.006 0.008 0.032 
 29 FSSP_WM241    (3)    4 :  0.174 0.013 0.011 0.015 0.031 0.139 0.030 0.030 0.009 0.003 0.120 0.110 0.071 0.154 0.091 
 30 FSSP_WM242   (15)    4 :  0.172 0.012 0.003 0.007 0.027 0.280 0.005 0.027 0.002 0.003 0.014 0.007 0.008 0.245 0.188 
 31 FSSP_WM243    (6)    4 :  0.014 0.005 0.003 0.004 0.011 0.011 0.004 0.007 0.012 0.002 0.007 0.888 0.009 0.011 0.011 
 32 FSSP_WM244    (5)    4 :  0.199 0.009 0.018 0.021 0.042 0.095 0.074 0.017 0.008 0.002 0.289 0.025 0.047 0.116 0.038 
 33 FSSP_WM245   (10)    4 :  0.130 0.019 0.004 0.006 0.038 0.198 0.004 0.029 0.003 0.003 0.018 0.264 0.011 0.150 0.124 
 34 FSSP_WM246    (6)    4 :  0.147 0.016 0.006 0.015 0.040 0.226 0.008 0.064 0.006 0.002 0.033 0.059 0.013 0.223 0.142 
 35 FSSP_WM247    (3)    4 :  0.039 0.006 0.006 0.012 0.016 0.021 0.015 0.007 0.008 0.002 0.014 0.796 0.012 0.022 0.025 
 36 FSSP_WM248    (9)    4 :  0.017 0.007 0.004 0.014 0.011 0.014 0.014 0.010 0.004 0.003 0.011 0.856 0.005 0.012 0.019 
 37 FSSP_WM249    (6)    4 :  0.027 0.009 0.003 0.036 0.011 0.038 0.004 0.015 0.004 0.002 0.022 0.745 0.012 0.043 0.029 
 38 FSSP_WM250    (2)    4 :  0.065 0.014 0.026 0.094 0.022 0.092 0.005 0.019 0.021 0.003 0.164 0.330 0.012 0.066 0.066 
 39 HNL_WM301    (3)    5 :  0.013 0.008 0.003 0.004 0.008 0.013 0.004 0.007 0.002 0.894 0.006 0.005 0.004 0.015 0.013 
 40 HNL_WM302    (2)    5 :  0.009 0.006 0.002 0.003 0.006 0.007 0.003 0.004 0.002 0.935 0.004 0.003 0.004 0.007 0.005 
 41 HNL_WM303    (2)    5 :  0.017 0.009 0.002 0.005 0.006 0.015 0.004 0.010 0.003 0.875 0.009 0.006 0.006 0.019 0.012 
 42 HNL_WM304    (3)    5 :  0.029 0.017 0.004 0.006 0.010 0.029 0.005 0.016 0.004 0.803 0.012 0.009 0.009 0.024 0.024 
 43 HNL_WM305    (3)    5 :  0.009 0.006 0.003 0.004 0.004 0.007 0.003 0.006 0.004 0.923 0.005 0.004 0.004 0.010 0.007 
 44 HNL_WM306    (0)    5 :  0.011 0.009 0.003 0.004 0.005 0.010 0.003 0.005 0.004 0.916 0.005 0.004 0.005 0.010 0.007 
 45 HNL_WM307    (3)    5 :  0.013 0.007 0.002 0.004 0.008 0.012 0.004 0.006 0.002 0.897 0.006 0.006 0.007 0.014 0.012 
 46 HNL_WM308    (3)    5 :  0.018 0.020 0.003 0.003 0.007 0.014 0.002 0.008 0.002 0.884 0.009 0.005 0.006 0.013 0.007 
 47 HNL_WM309    (0)    5 :  0.027 0.014 0.004 0.005 0.010 0.023 0.004 0.013 0.007 0.825 0.011 0.007 0.007 0.023 0.019 
 48 HNL_WM310   (10)    5 :  0.021 0.010 0.003 0.004 0.012 0.024 0.004 0.010 0.003 0.857 0.008 0.005 0.006 0.018 0.014 
 49 MPO_WM482    (2)    6 :  0.020 0.006 0.002 0.004 0.007 0.026 0.004 0.861 0.002 0.003 0.008 0.005 0.005 0.031 0.018 
 50 MPO_WM483    (3)    6 :  0.115 0.011 0.003 0.007 0.031 0.135 0.004 0.263 0.004 0.002 0.018 0.011 0.010 0.194 0.191 
 51 MPO_WM484    (1)    6 :  0.085 0.012 0.003 0.006 0.019 0.137 0.004 0.493 0.002 0.002 0.017 0.006 0.010 0.127 0.076 
 52 MPO_WM485    (0)    6 :  0.040 0.007 0.003 0.003 0.019 0.026 0.003 0.645 0.004 0.002 0.007 0.010 0.008 0.101 0.121 
 53 MPO_WM486   (21)    6 :  0.171 0.012 0.004 0.008 0.055 0.257 0.007 0.029 0.002 0.003 0.027 0.012 0.019 0.233 0.162 
 54 MPO_WM487   (19)    6 :  0.075 0.016 0.004 0.006 0.033 0.136 0.005 0.421 0.003 0.002 0.015 0.011 0.012 0.132 0.128 
 55 MPO_WM488    (9)    6 :  0.162 0.011 0.003 0.005 0.030 0.264 0.003 0.043 0.002 0.002 0.012 0.005 0.009 0.217 0.232 
 56 MPO_WM489    (3)    6 :  0.022 0.007 0.007 0.022 0.012 0.020 0.003 0.779 0.003 0.003 0.017 0.004 0.066 0.022 0.012 
 57 MPO_WM490   (24)    6 :  0.153 0.012 0.005 0.008 0.028 0.308 0.005 0.043 0.002 0.003 0.028 0.008 0.014 0.218 0.166 
 58 MPO_WM491   (11)    6 :  0.153 0.012 0.003 0.007 0.024 0.300 0.004 0.025 0.002 0.002 0.031 0.007 0.009 0.201 0.220 
 59 OICP_WM541    (1)    7 :  0.290 0.005 0.003 0.003 0.613 0.020 0.004 0.009 0.002 0.002 0.006 0.004 0.006 0.019 0.014 
 60 OICP_WM542    (2)    7 :  0.267 0.008 0.003 0.004 0.631 0.016 0.003 0.007 0.002 0.001 0.008 0.004 0.010 0.021 0.016 
 61 OICP_WM543    (0)    7 :  0.274 0.006 0.003 0.004 0.625 0.011 0.003 0.008 0.001 0.002 0.007 0.006 0.015 0.017 0.016 
 62 OICP_WM544    (1)    7 :  0.237 0.006 0.004 0.007 0.422 0.016 0.003 0.020 0.018 0.002 0.007 0.005 0.108 0.038 0.106 
 63 OICP_WM545    (0)    7 :  0.283 0.006 0.003 0.004 0.570 0.026 0.004 0.011 0.002 0.002 0.008 0.007 0.012 0.040 0.023 
 64 OICP_WM546    (3)    7 :  0.299 0.007 0.003 0.006 0.273 0.065 0.003 0.013 0.002 0.002 0.016 0.005 0.024 0.181 0.100 
 65 OICP_WM547    (2)    7 :  0.289 0.009 0.003 0.004 0.210 0.105 0.003 0.017 0.002 0.002 0.020 0.007 0.042 0.199 0.088 
 66 OICP_WM548    (3)    7 :  0.273 0.006 0.003 0.004 0.634 0.018 0.003 0.009 0.002 0.002 0.005 0.004 0.018 0.013 0.009 
 67 OICP_WM549    (0)    7 :  0.272 0.004 0.002 0.003 0.645 0.016 0.003 0.008 0.002 0.002 0.004 0.003 0.015 0.008 0.014 
 68 OICP_WM550    (1)    7 :  0.287 0.007 0.002 0.004 0.610 0.025 0.003 0.012 0.001 0.002 0.006 0.004 0.007 0.015 0.014 
 69 IRO_WM601    (2)    8 :  0.093 0.007 0.005 0.082 0.121 0.047 0.026 0.018 0.007 0.003 0.030 0.023 0.398 0.063 0.077 
 70 IRO_WM602    (1)    8 :  0.208 0.009 0.007 0.008 0.241 0.075 0.008 0.026 0.010 0.003 0.054 0.011 0.079 0.163 0.099 
 71 IRO_WM603    (2)    8 :  0.032 0.007 0.005 0.200 0.126 0.031 0.188 0.015 0.020 0.002 0.016 0.014 0.245 0.033 0.064 
 72 IRO_WM604    (0)    8 :  0.034 0.006 0.014 0.007 0.041 0.014 0.006 0.008 0.224 0.002 0.597 0.004 0.011 0.017 0.014 
 73 IRO_WM605    (3)    8 :  0.027 0.006 0.014 0.026 0.030 0.011 0.003 0.013 0.002 0.002 0.684 0.003 0.150 0.016 0.012 
 74 IRO_WM606    (3)    8 :  0.062 0.009 0.031 0.011 0.022 0.049 0.006 0.025 0.006 0.002 0.652 0.012 0.013 0.042 0.059 
 75 IRO_WM607    (2)    8 :  0.127 0.009 0.018 0.098 0.055 0.116 0.005 0.020 0.014 0.003 0.237 0.074 0.036 0.087 0.100 
 76 IRO_WM608    (0)    8 :  0.079 0.008 0.011 0.064 0.224 0.072 0.017 0.016 0.093 0.003 0.020 0.022 0.252 0.053 0.067 
 77 IRO_WM609    (0)    8 :  0.118 0.009 0.027 0.027 0.052 0.130 0.034 0.031 0.135 0.003 0.149 0.011 0.059 0.124 0.091 
 78 IRO_WM610   (13)    8 :  0.063 0.016 0.058 0.008 0.022 0.068 0.049 0.192 0.013 0.003 0.055 0.242 0.014 0.093 0.107 
 79 HGRF_WM661    (5)    9 :  0.254 0.007 0.003 0.005 0.201 0.095 0.003 0.018 0.002 0.002 0.015 0.007 0.040 0.225 0.122 
 80 HGRF_WM662    (5)    9 :  0.161 0.015 0.002 0.005 0.026 0.326 0.004 0.023 0.002 0.002 0.015 0.007 0.007 0.251 0.154 
 81 HGRF_WM663    (4)    9 :  0.262 0.009 0.003 0.005 0.254 0.097 0.004 0.020 0.002 0.002 0.019 0.006 0.030 0.190 0.097 
 82 HGRF_WM664    (3)    9 :  0.180 0.009 0.003 0.004 0.059 0.253 0.004 0.019 0.002 0.002 0.015 0.006 0.012 0.268 0.164 
 83 HGRF_WM665    (1)    9 :  0.235 0.013 0.005 0.009 0.208 0.081 0.005 0.020 0.010 0.003 0.029 0.011 0.089 0.163 0.119 
 84 HGRF_WM666    (5)    9 :  0.168 0.015 0.003 0.005 0.024 0.310 0.004 0.024 0.001 0.002 0.013 0.005 0.011 0.238 0.174 
 85 HGRF_WM667    (0)    9 :  0.176 0.009 0.003 0.006 0.029 0.318 0.004 0.020 0.002 0.002 0.016 0.008 0.008 0.238 0.160 
 86 HGRF_WM668    (4)    9 :  0.293 0.009 0.003 0.005 0.211 0.099 0.004 0.015 0.002 0.003 0.017 0.007 0.036 0.171 0.125 
 87 HGRF_WM669    (5)    9 :  0.174 0.013 0.003 0.005 0.023 0.300 0.003 0.027 0.002 0.002 0.015 0.006 0.010 0.204 0.215 
 88 HGRF_WM670    (9)    9 :  0.185 0.008 0.003 0.007 0.058 0.278 0.005 0.021 0.002 0.003 0.018 0.007 0.022 0.230 0.155 
 89 PTP_WM721    (2)   10 :  0.158 0.022 0.007 0.010 0.047 0.208 0.007 0.057 0.013 0.003 0.029 0.021 0.014 0.213 0.191 
 90 PTP_WM722    (2)   10 :  0.081 0.010 0.005 0.008 0.019 0.185 0.006 0.015 0.014 0.003 0.007 0.008 0.014 0.035 0.590 
 91 PTP_WM723   (25)   10 :  0.137 0.014 0.004 0.007 0.049 0.286 0.004 0.034 0.002 0.003 0.027 0.007 0.011 0.203 0.212 
 92 PTP_WM724   (13)   10 :  0.155 0.012 0.004 0.007 0.030 0.316 0.004 0.032 0.002 0.002 0.018 0.008 0.013 0.222 0.175 
 93 PTP_WM725   (25)   10 :  0.152 0.021 0.004 0.007 0.036 0.321 0.006 0.039 0.002 0.002 0.017 0.013 0.015 0.201 0.161 
 94 PTP_WM726   (13)   10 :  0.153 0.008 0.003 0.005 0.036 0.301 0.005 0.032 0.002 0.003 0.025 0.009 0.013 0.248 0.156 
 95 PTP_WM727   (10)   10 :  0.150 0.011 0.003 0.005 0.027 0.283 0.004 0.029 0.002 0.003 0.047 0.006 0.009 0.212 0.211 
 96 PTP_WM728    (8)   10 :  0.139 0.012 0.003 0.005 0.031 0.334 0.003 0.022 0.002 0.002 0.018 0.007 0.009 0.256 0.157 
 97 PTP_WM729    (9)   10 :  0.092 0.007 0.003 0.005 0.020 0.181 0.004 0.014 0.002 0.002 0.008 0.006 0.006 0.051 0.599 
 98 PTP_WM730    (8)   10 :  0.068 0.004 0.003 0.004 0.016 0.190 0.004 0.009 0.002 0.002 0.008 0.007 0.006 0.036 0.643 
 99 RRL_WM782    (9)   11 :  0.160 0.009 0.003 0.006 0.029 0.310 0.004 0.027 0.002 0.002 0.019 0.005 0.010 0.236 0.177 
100 RRL_WM783    (8)   11 :  0.026 0.007 0.004 0.741 0.013 0.017 0.023 0.011 0.005 0.002 0.012 0.011 0.084 0.023 0.022 
101 RRL_WM784    (1)   11 :  0.031 0.011 0.008 0.730 0.017 0.041 0.022 0.017 0.005 0.002 0.034 0.006 0.006 0.041 0.027 
102 RRL_WM785    (1)   11 :  0.147 0.009 0.003 0.004 0.026 0.326 0.003 0.019 0.002 0.002 0.014 0.005 0.009 0.255 0.177 
103 RRL_WM786    (2)   11 :  0.015 0.004 0.020 0.789 0.014 0.012 0.006 0.006 0.004 0.002 0.066 0.022 0.011 0.016 0.015 
104 RRL_WM787    (3)   11 :  0.045 0.004 0.011 0.611 0.085 0.019 0.009 0.007 0.005 0.002 0.013 0.010 0.119 0.021 0.039 
105 RRL_WM788    (0)   11 :  0.011 0.005 0.004 0.751 0.011 0.016 0.011 0.005 0.141 0.002 0.006 0.012 0.006 0.007 0.013 
106 RRL_WM789    (2)   11 :  0.010 0.004 0.005 0.891 0.008 0.010 0.018 0.005 0.002 0.002 0.008 0.004 0.015 0.010 0.007 
107 RRL_WM790    (0)   11 :  0.048 0.007 0.021 0.488 0.020 0.029 0.005 0.012 0.151 0.003 0.151 0.006 0.011 0.029 0.020 
108 RRL_WM791    (0)   11 :  0.058 0.011 0.004 0.609 0.017 0.076 0.004 0.014 0.009 0.002 0.017 0.035 0.036 0.052 0.057 
109 RRO_WM842    (0)   12 :  0.059 0.007 0.011 0.716 0.014 0.018 0.007 0.010 0.003 0.002 0.070 0.014 0.019 0.032 0.019 
110 RRO_WM843    (7)   12 :  0.029 0.008 0.011 0.352 0.011 0.017 0.376 0.009 0.011 0.002 0.051 0.005 0.046 0.028 0.045 
111 RRO_WM844    (2)   12 :  0.058 0.008 0.006 0.033 0.037 0.049 0.335 0.023 0.004 0.002 0.313 0.007 0.012 0.060 0.054 
112 RRO_WM845    (4)   12 :  0.018 0.007 0.004 0.802 0.008 0.021 0.082 0.007 0.003 0.002 0.006 0.006 0.008 0.014 0.013 
113 RRO_WM846   (10)   12 :  0.050 0.014 0.004 0.659 0.022 0.061 0.020 0.024 0.003 0.002 0.016 0.015 0.015 0.046 0.049 
114 RRO_WM847    (6)   12 :  0.096 0.010 0.012 0.425 0.024 0.045 0.113 0.012 0.005 0.003 0.129 0.007 0.043 0.047 0.029 
115 RRO_WM848    (4)   12 :  0.087 0.014 0.004 0.334 0.037 0.122 0.019 0.035 0.012 0.003 0.021 0.046 0.051 0.105 0.110 
116 RRO_WM849    (5)   12 :  0.055 0.008 0.004 0.430 0.020 0.042 0.018 0.012 0.004 0.002 0.015 0.005 0.324 0.036 0.026 
117 RRO_WM850    (2)   12 :  0.055 0.007 0.003 0.758 0.017 0.034 0.005 0.012 0.004 0.002 0.021 0.008 0.007 0.041 0.025 
118 RRO_WM851    (1)   12 :  0.113 0.019 0.003 0.336 0.033 0.126 0.084 0.020 0.003 0.002 0.017 0.007 0.016 0.128 0.090 
119 CPS_WM901    (2)   13 :  0.021 0.005 0.005 0.017 0.009 0.016 0.866 0.007 0.002 0.002 0.016 0.005 0.008 0.010 0.011 
120 CPS_WM902    (2)   13 :  0.025 0.005 0.009 0.008 0.032 0.017 0.827 0.006 0.003 0.002 0.005 0.003 0.033 0.011 0.013 
121 CPS_WM903    (5)   13 :  0.010 0.004 0.008 0.015 0.006 0.010 0.896 0.004 0.002 0.002 0.012 0.004 0.007 0.012 0.008 
122 CPS_WM904    (1)   13 :  0.024 0.007 0.019 0.010 0.008 0.012 0.842 0.009 0.020 0.002 0.005 0.007 0.008 0.016 0.011 
123 CPS_WM905    (2)   13 :  0.011 0.005 0.004 0.005 0.012 0.009 0.854 0.014 0.024 0.002 0.006 0.024 0.009 0.008 0.011 
124 CPS_WM906    (3)   13 :  0.019 0.006 0.002 0.006 0.011 0.028 0.854 0.012 0.002 0.003 0.007 0.006 0.011 0.016 0.016 
125 CPS_WM907    (6)   13 :  0.049 0.009 0.004 0.006 0.024 0.063 0.710 0.018 0.003 0.002 0.011 0.006 0.007 0.045 0.044 
126 CPS_WM908    (3)   13 :  0.046 0.013 0.008 0.008 0.027 0.048 0.704 0.019 0.007 0.003 0.019 0.007 0.009 0.046 0.038 
127 CPS_WM909    (2)   13 :  0.049 0.009 0.005 0.010 0.013 0.040 0.754 0.010 0.002 0.002 0.013 0.007 0.012 0.044 0.030 
128 CPS_WM910    (1)   13 :  0.018 0.006 0.003 0.005 0.009 0.019 0.868 0.009 0.010 0.003 0.009 0.007 0.005 0.015 0.014 
129 PPNP_WM962    (1)   14 :  0.010 0.924 0.003 0.003 0.004 0.010 0.003 0.005 0.003 0.005 0.003 0.003 0.006 0.009 0.008 
130 PPNP_WM963    (0)   14 :  0.040 0.726 0.003 0.008 0.018 0.049 0.006 0.017 0.008 0.013 0.011 0.008 0.008 0.046 0.040 
131 PPNP_WM964    (0)   14 :  0.009 0.857 0.003 0.004 0.008 0.012 0.004 0.007 0.008 0.052 0.004 0.004 0.008 0.010 0.010 
132 PPNP_WM965    (4)   14 :  0.024 0.835 0.003 0.006 0.012 0.036 0.004 0.012 0.002 0.002 0.007 0.006 0.006 0.025 0.021 
133 PPNP_WM966    (4)   14 :  0.011 0.922 0.002 0.003 0.006 0.011 0.004 0.005 0.002 0.002 0.005 0.004 0.005 0.010 0.009 
134 PPNP_WM967    (4)   14 :  0.042 0.697 0.003 0.005 0.019 0.085 0.004 0.015 0.002 0.003 0.011 0.005 0.009 0.049 0.051 
135 PPNP_WM968    (5)   14 :  0.175 0.096 0.005 0.008 0.037 0.217 0.006 0.059 0.006 0.015 0.018 0.016 0.015 0.176 0.151 
136 PPNP_WM969    (2)   14 :  0.053 0.741 0.003 0.006 0.016 0.058 0.003 0.013 0.002 0.002 0.011 0.006 0.009 0.043 0.036 
137 PPNP_WM970    (2)   14 :  0.045 0.690 0.004 0.006 0.014 0.087 0.004 0.016 0.002 0.004 0.011 0.008 0.010 0.055 0.044 
138 PPNP_WM971    (2)   14 :  0.045 0.754 0.004 0.005 0.018 0.048 0.004 0.013 0.002 0.003 0.017 0.006 0.007 0.039 0.035 
139 FPPI_WM1021    (4)   15 :  0.024 0.818 0.004 0.007 0.013 0.034 0.003 0.010 0.008 0.004 0.011 0.007 0.007 0.025 0.024 
140 FPPI_WM1022    (4)   15 :  0.053 0.499 0.003 0.005 0.017 0.057 0.005 0.207 0.005 0.016 0.014 0.012 0.013 0.043 0.050 
141 FPPI_WM1023    (1)   15 :  0.030 0.820 0.003 0.004 0.016 0.034 0.004 0.008 0.002 0.005 0.011 0.006 0.006 0.030 0.018 
142 FPPI_WM1024    (5)   15 :  0.052 0.743 0.003 0.004 0.019 0.040 0.004 0.024 0.002 0.003 0.015 0.007 0.008 0.047 0.029 
143 FPPI_WM1025    (6)   15 :  0.047 0.722 0.002 0.006 0.022 0.053 0.004 0.013 0.003 0.004 0.011 0.007 0.014 0.053 0.039 
144 FPPI_WM1026    (1)   15 :  0.012 0.911 0.003 0.004 0.006 0.012 0.003 0.008 0.002 0.002 0.006 0.004 0.006 0.011 0.010 
145 FPPI_WM1027    (3)   15 :  0.012 0.925 0.003 0.003 0.005 0.008 0.003 0.005 0.002 0.002 0.005 0.003 0.005 0.009 0.008 
146 FPPI_WM1028    (2)   15 :  0.025 0.874 0.002 0.003 0.011 0.015 0.004 0.007 0.002 0.005 0.007 0.004 0.006 0.023 0.012 
147 FPPI_WM1029    (3)   15 :  0.077 0.477 0.004 0.005 0.022 0.134 0.005 0.025 0.002 0.022 0.014 0.009 0.012 0.103 0.087 
148 FPPI_WM1030    (1)   15 :  0.012 0.890 0.004 0.006 0.006 0.010 0.003 0.009 0.015 0.005 0.006 0.004 0.006 0.013 0.012 
149 CRWA_WM1082    (2)   16 :  0.010 0.004 0.003 0.003 0.006 0.009 0.003 0.007 0.002 0.002 0.007 0.920 0.004 0.006 0.014 
150 CRWA_WM1084    (5)   16 :  0.092 0.007 0.010 0.006 0.096 0.055 0.004 0.014 0.004 0.003 0.031 0.394 0.031 0.161 0.093 
151 CRWA_WM1085    (2)   16 :  0.053 0.008 0.006 0.009 0.047 0.056 0.004 0.017 0.003 0.002 0.028 0.446 0.014 0.181 0.126 
152 CRWA_WM1086    (9)   16 :  0.057 0.007 0.003 0.029 0.074 0.087 0.005 0.114 0.006 0.002 0.014 0.067 0.022 0.248 0.265 
153 CRWA_WM1087    (0)   16 :  0.030 0.007 0.026 0.006 0.023 0.022 0.029 0.015 0.056 0.004 0.010 0.708 0.008 0.024 0.032 
154 CRWA_WM1088    (1)   16 :  0.069 0.007 0.020 0.005 0.141 0.022 0.003 0.067 0.023 0.002 0.040 0.055 0.038 0.284 0.227 
155 CRWA_WM1089    (3)   16 :  0.060 0.012 0.004 0.004 0.022 0.106 0.005 0.037 0.002 0.002 0.016 0.596 0.023 0.063 0.048 
156 CRWA_WM1090    (0)   16 :  0.112 0.010 0.056 0.027 0.032 0.115 0.004 0.023 0.007 0.002 0.175 0.208 0.010 0.109 0.109 
157 CRWA_WM1092    (1)   16 :  0.040 0.008 0.011 0.006 0.014 0.039 0.004 0.013 0.096 0.003 0.011 0.670 0.014 0.031 0.041 
158 CRWA_WM1093    (1)   16 :  0.055 0.006 0.005 0.005 0.064 0.019 0.005 0.018 0.044 0.003 0.013 0.660 0.040 0.028 0.034 
159 PCRA_WM1141    (3)   17 :  0.030 0.009 0.510 0.011 0.018 0.046 0.004 0.015 0.005 0.002 0.236 0.038 0.012 0.040 0.024 
160 PCRA_WM1142    (3)   17 :  0.049 0.010 0.622 0.006 0.021 0.102 0.005 0.025 0.002 0.002 0.028 0.009 0.011 0.057 0.051 
161 PCRA_WM1143    (1)   17 :  0.097 0.015 0.423 0.011 0.025 0.115 0.005 0.028 0.002 0.002 0.092 0.008 0.011 0.095 0.072 
162 PCRA_WM1144    (2)   17 :  0.046 0.007 0.014 0.398 0.022 0.065 0.021 0.028 0.003 0.002 0.019 0.008 0.272 0.046 0.050 
163 PCRA_WM1145    (4)   17 :  0.121 0.011 0.318 0.009 0.059 0.132 0.017 0.018 0.005 0.003 0.056 0.014 0.017 0.133 0.088 
164 PCRA_WM1146    (2)   17 :  0.009 0.004 0.742 0.019 0.010 0.010 0.011 0.010 0.006 0.002 0.015 0.072 0.060 0.013 0.017 
165 PCRA_WM1147    (1)   17 :  0.079 0.010 0.099 0.008 0.058 0.086 0.004 0.016 0.003 0.003 0.166 0.067 0.009 0.236 0.157 
166 PCRA_WM1148    (0)   17 :  0.013 0.005 0.872 0.006 0.006 0.006 0.003 0.005 0.013 0.002 0.033 0.005 0.009 0.013 0.009 
167 PCRA_WM1149    (1)   17 :  0.018 0.007 0.740 0.026 0.014 0.016 0.085 0.009 0.012 0.003 0.009 0.009 0.026 0.016 0.010 
168 PCRA_WM1150    (0)   17 :  0.016 0.005 0.821 0.013 0.019 0.012 0.004 0.008 0.017 0.005 0.013 0.010 0.028 0.013 0.014 
169 DHFA_WM1202    (3)   18 :  0.050 0.014 0.003 0.006 0.018 0.077 0.004 0.028 0.003 0.669 0.016 0.009 0.012 0.052 0.040 
170 DHFA_WM1203    (1)   18 :  0.041 0.027 0.004 0.007 0.022 0.063 0.005 0.019 0.002 0.700 0.014 0.008 0.012 0.044 0.032 
171 DHFA_WM1204    (2)   18 :  0.045 0.014 0.003 0.006 0.011 0.042 0.004 0.021 0.003 0.743 0.015 0.008 0.011 0.038 0.037 
172 DHFA_WM1205    (5)   18 :  0.010 0.004 0.002 0.003 0.006 0.009 0.003 0.009 0.003 0.914 0.005 0.004 0.005 0.012 0.010 
173 DHFA_WM1206    (4)   18 :  0.014 0.007 0.002 0.004 0.007 0.017 0.003 0.009 0.003 0.884 0.008 0.004 0.004 0.019 0.015 
174 DHFA_WM1207    (2)   18 :  0.008 0.003 0.002 0.002 0.006 0.010 0.003 0.004 0.003 0.937 0.004 0.003 0.004 0.007 0.006 
175 DHFA_WM1208    (3)   18 :  0.015 0.005 0.003 0.005 0.009 0.014 0.004 0.008 0.003 0.897 0.006 0.005 0.005 0.011 0.010 
176 DHFA_WM1209    (1)   18 :  0.008 0.006 0.003 0.003 0.007 0.008 0.003 0.005 0.010 0.921 0.005 0.005 0.004 0.006 0.006 
177 DHFA_WM1210    (0)   18 :  0.005 0.002 0.002 0.002 0.003 0.004 0.002 0.003 0.006 0.959 0.002 0.002 0.002 0.003 0.003 
178 DHFA_WM1211    (2)   18 :  0.050 0.010 0.004 0.008 0.017 0.043 0.004 0.017 0.002 0.718 0.015 0.010 0.011 0.051 0.041 


Estimated Allele Frequencies in each cluster
First column gives estimated ancestral frequencies


Locus 1 : 953_21 
2 alleles
4.5% missing data
 120   (0.957) 1.000 0.897 0.995 0.997 0.997 1.000 0.997 0.999 0.960 0.997 0.999 0.998 0.998 1.000 0.999 
 100   (0.043) 0.000 0.103 0.005 0.003 0.003 0.000 0.003 0.001 0.040 0.003 0.001 0.002 0.002 0.000 0.001 

Locus 2 : 2370_26 
2 alleles
6.2% missing data
 110   (0.955) 1.000 0.787 0.994 0.997 0.997 1.000 0.997 0.999 0.958 0.997 0.999 0.998 0.998 1.000 0.999 
 130   (0.045) 0.000 0.213 0.006 0.003 0.003 0.000 0.003 0.001 0.042 0.003 0.001 0.002 0.002 0.000 0.001 

Locus 3 : 2692_87 
2 alleles
1.7% missing data
 130   (0.951) 1.000 0.999 0.994 0.997 0.997 1.000 0.997 0.999 0.954 0.763 0.999 0.998 0.998 1.000 0.999 
 120   (0.049) 0.000 0.001 0.006 0.003 0.003 0.000 0.003 0.001 0.046 0.237 0.001 0.002 0.002 0.000 0.001 

Locus 4 : 2828_58 
2 alleles
6.7% missing data
 100   (0.929) 0.995 0.998 0.818 0.994 0.975 0.999 0.994 0.998 0.925 0.995 0.998 0.995 0.976 0.996 0.992 
 120   (0.071) 0.005 0.002 0.182 0.006 0.025 0.001 0.006 0.002 0.075 0.005 0.002 0.005 0.024 0.004 0.008 

Locus 5 : 6398_73 
2 alleles
6.2% missing data
 130   (0.920) 0.999 0.790 0.990 0.995 0.995 1.000 0.995 0.998 0.925 0.640 0.999 0.996 0.997 0.999 0.999 
 100   (0.080) 0.001 0.210 0.010 0.005 0.005 0.000 0.005 0.002 0.075 0.360 0.001 0.004 0.003 0.001 0.001 

Locus 6 : 7469_71 
2 alleles
5.1% missing data
 130   (0.958) 0.998 0.998 0.992 0.996 0.996 0.997 0.995 0.998 0.957 0.996 0.999 0.997 0.997 0.999 0.984 
 110   (0.042) 0.002 0.002 0.008 0.004 0.004 0.003 0.005 0.002 0.043 0.004 0.001 0.003 0.003 0.001 0.016 

Locus 7 : 7615_47 
2 alleles
5.1% missing data
 130   (0.959) 0.997 0.998 0.992 0.996 0.995 0.997 0.996 0.996 0.958 0.996 0.998 0.996 0.997 0.996 0.995 
 100   (0.041) 0.003 0.002 0.008 0.004 0.005 0.003 0.004 0.004 0.042 0.004 0.002 0.004 0.003 0.004 0.005 

Locus 8 : 8211_10 
2 alleles
2.8% missing data
 120   (0.956) 1.000 0.999 0.995 0.997 0.997 1.000 0.997 0.999 0.959 0.935 0.999 0.998 0.998 1.000 1.000 
 100   (0.044) 0.000 0.001 0.005 0.003 0.003 0.000 0.003 0.001 0.041 0.065 0.001 0.002 0.002 0.000 0.000 

Locus 9 : 8394_14 
2 alleles
2.2% missing data
 110   (0.957) 1.000 0.860 0.995 0.997 0.997 1.000 0.997 0.998 0.960 0.997 0.999 0.998 0.998 1.000 1.000 
 130   (0.043) 0.000 0.140 0.005 0.003 0.003 0.000 0.003 0.002 0.040 0.003 0.001 0.002 0.002 0.000 0.000 

Locus 10 : 9621_63 
2 alleles
3.9% missing data
 130   (0.956) 1.000 0.999 0.995 0.997 0.997 1.000 0.997 0.999 0.959 0.939 0.999 0.998 0.998 1.000 1.000 
 110   (0.044) 0.000 0.001 0.005 0.003 0.003 0.000 0.003 0.001 0.041 0.061 0.001 0.002 0.002 0.000 0.000 

Locus 11 : 9880_35 
2 alleles
4.5% missing data
 120   (0.951) 1.000 0.999 0.994 0.997 0.997 1.000 0.996 0.999 0.954 0.703 0.999 0.998 0.998 1.000 0.999 
 100   (0.049) 0.000 0.001 0.006 0.003 0.003 0.000 0.004 0.001 0.046 0.297 0.001 0.002 0.002 0.000 0.001 

Locus 12 : 11163_16 
2 alleles
7.9% missing data
 130   (0.955) 1.000 0.999 0.995 0.997 0.997 1.000 0.997 0.999 0.958 0.913 0.999 0.998 0.998 1.000 0.999 
 110   (0.045) 0.000 0.001 0.005 0.003 0.003 0.000 0.003 0.001 0.042 0.087 0.001 0.002 0.002 0.000 0.001 

Locus 13 : 11991_31 
2 alleles
4.5% missing data
 120   (0.932) 0.996 0.997 0.987 0.961 0.980 0.998 0.994 0.998 0.922 0.995 0.993 0.992 0.981 0.998 0.991 
 100   (0.068) 0.004 0.003 0.013 0.039 0.020 0.002 0.006 0.002 0.078 0.005 0.007 0.008 0.019 0.002 0.009 

Locus 14 : 12766_17 
2 alleles
2.2% missing data
 120   (0.957) 1.000 0.999 0.926 0.997 0.997 1.000 0.995 0.999 0.960 0.997 0.999 0.998 0.998 1.000 0.999 
 100   (0.043) 0.000 0.001 0.074 0.003 0.003 0.000 0.005 0.001 0.040 0.003 0.001 0.002 0.002 0.000 0.001 

Locus 15 : 13496_14 
2 alleles
5.1% missing data
 110   (0.954) 1.000 0.999 0.994 0.997 0.997 1.000 0.690 0.999 0.957 0.997 0.999 0.998 0.998 1.000 0.999 
 100   (0.046) 0.000 0.001 0.006 0.003 0.003 0.000 0.310 0.001 0.043 0.003 0.001 0.002 0.002 0.000 0.001 

Locus 16 : 14394_41 
2 alleles
2.2% missing data
 130   (0.958) 1.000 0.999 0.924 0.997 0.997 1.000 0.997 0.999 0.960 0.997 0.999 0.998 0.998 1.000 1.000 
 110   (0.042) 0.000 0.001 0.076 0.003 0.003 0.000 0.003 0.001 0.040 0.003 0.001 0.002 0.002 0.000 0.000 

Locus 17 : 16285_24 
2 alleles
6.2% missing data
 130   (0.953) 1.000 0.999 0.994 0.997 0.997 1.000 0.997 0.999 0.957 0.874 0.999 0.998 0.998 1.000 0.999 
 100   (0.047) 0.000 0.001 0.006 0.003 0.003 0.000 0.003 0.001 0.043 0.126 0.001 0.002 0.002 0.000 0.001 

Locus 18 : 18821_69 
2 alleles
7.3% missing data
 120   (0.955) 1.000 0.999 0.994 0.997 0.997 1.000 0.997 0.702 0.958 0.997 0.999 0.998 0.998 0.998 0.999 
 110   (0.045) 0.000 0.001 0.006 0.003 0.003 0.000 0.003 0.298 0.042 0.003 0.001 0.002 0.002 0.002 0.001 

Locus 19 : 19006_32 
2 alleles
6.7% missing data
 120   (0.922) 0.999 0.793 0.990 0.995 0.995 1.000 0.994 0.998 0.927 0.659 0.999 0.996 0.997 0.999 0.999 
 110   (0.078) 0.001 0.207 0.010 0.005 0.005 0.000 0.006 0.002 0.073 0.341 0.001 0.004 0.003 0.001 0.001 

Locus 20 : 19602_58 
2 alleles
4.5% missing data
 120   (0.959) 1.000 0.999 0.995 0.997 0.997 1.000 0.997 0.999 0.962 0.972 0.999 0.998 0.998 1.000 1.000 
 100   (0.041) 0.000 0.001 0.005 0.003 0.003 0.000 0.003 0.001 0.038 0.028 0.001 0.002 0.002 0.000 0.000 

Locus 21 : 20143_24 
2 alleles
3.4% missing data
 120   (0.959) 1.000 0.999 0.995 0.997 0.996 1.000 0.960 0.999 0.959 0.997 0.999 0.997 0.998 1.000 0.999 
 100   (0.041) 0.000 0.001 0.005 0.003 0.004 0.000 0.040 0.001 0.041 0.003 0.001 0.003 0.002 0.000 0.001 

Locus 22 : 21661_29 
2 alleles
2.2% missing data
 120   (0.954) 1.000 0.999 0.995 0.997 0.997 1.000 0.997 0.999 0.957 0.891 0.999 0.998 0.998 1.000 0.999 
 100   (0.046) 0.000 0.001 0.005 0.003 0.003 0.000 0.003 0.001 0.043 0.109 0.001 0.002 0.002 0.000 0.001 

Locus 23 : 22603_12 
2 alleles
5.1% missing data
 130   (0.955) 1.000 0.999 0.994 0.997 0.997 1.000 0.997 0.999 0.958 0.944 0.999 0.998 0.998 1.000 1.000 
 110   (0.045) 0.000 0.001 0.006 0.003 0.003 0.000 0.003 0.001 0.042 0.056 0.001 0.002 0.002 0.000 0.000 

Locus 24 : 25109_23 
2 alleles
1.7% missing data
 120   (0.932) 0.997 0.998 0.942 0.995 0.994 0.999 0.993 0.998 0.936 0.995 0.988 0.831 0.993 0.997 0.999 
 100   (0.068) 0.003 0.002 0.058 0.005 0.006 0.001 0.007 0.002 0.064 0.005 0.012 0.169 0.007 0.003 0.001 

Locus 25 : 25511_77 
2 alleles
5.1% missing data
 130   (0.956) 1.000 0.935 0.995 0.997 0.997 1.000 0.997 0.999 0.959 0.996 0.999 0.998 0.998 1.000 0.999 
 110   (0.044) 0.000 0.065 0.005 0.003 0.003 0.000 0.003 0.001 0.041 0.004 0.001 0.002 0.002 0.000 0.001 

Locus 26 : 26816_9 
2 alleles
5.6% missing data
 110   (0.876) 0.997 0.997 0.982 0.794 0.923 0.999 0.982 0.995 0.865 0.991 0.978 0.695 0.931 0.990 0.964 
 130   (0.124) 0.003 0.003 0.018 0.206 0.077 0.001 0.018 0.005 0.135 0.009 0.022 0.305 0.069 0.010 0.036 

Locus 27 : 29455_86 
2 alleles
5.6% missing data
 120   (0.959) 1.000 0.999 0.981 0.997 0.992 1.000 0.996 0.999 0.953 0.997 0.993 0.998 0.997 1.000 0.999 
 110   (0.041) 0.000 0.001 0.019 0.003 0.008 0.000 0.004 0.001 0.047 0.003 0.007 0.002 0.003 0.000 0.001 

Locus 28 : 30970_30 
2 alleles
6.7% missing data
 120   (0.958) 1.000 0.999 0.993 0.997 0.997 1.000 0.955 0.999 0.960 0.997 0.999 0.998 0.998 1.000 0.999 
 110   (0.042) 0.000 0.001 0.007 0.003 0.003 0.000 0.045 0.001 0.040 0.003 0.001 0.002 0.002 0.000 0.001 

Locus 29 : 33052_5 
2 alleles
1.1% missing data
 130   (0.959) 1.000 0.999 0.995 0.997 0.997 1.000 0.997 0.967 0.960 0.997 0.999 0.993 0.998 1.000 0.999 
 110   (0.041) 0.000 0.001 0.005 0.003 0.003 0.000 0.003 0.033 0.040 0.003 0.001 0.007 0.002 0.000 0.001 

Locus 30 : 33744_32 
2 alleles
2.8% missing data
 130   (0.954) 1.000 0.999 0.994 0.997 0.997 1.000 0.997 0.872 0.954 0.997 0.999 0.998 0.998 1.000 0.999 
 110   (0.046) 0.000 0.001 0.006 0.003 0.003 0.000 0.003 0.128 0.046 0.003 0.001 0.002 0.002 0.000 0.001 

Locus 31 : 34805_8 
2 alleles
4.5% missing data
 110   (0.943) 1.000 0.998 0.738 0.996 0.994 1.000 0.996 0.999 0.940 0.996 0.993 0.997 0.997 1.000 0.999 
 120   (0.057) 0.000 0.002 0.262 0.004 0.006 0.000 0.004 0.001 0.060 0.004 0.007 0.003 0.003 0.000 0.001 

Locus 32 : 35345_10 
2 alleles
5.1% missing data
 130   (0.953) 0.994 0.998 0.994 0.997 0.994 0.999 0.997 0.948 0.955 0.997 0.998 0.997 0.997 0.990 0.987 
 110   (0.047) 0.006 0.002 0.006 0.003 0.006 0.001 0.003 0.052 0.045 0.003 0.002 0.003 0.003 0.010 0.013 

Locus 33 : 35769_30 
2 alleles
6.2% missing data
 110   (0.941) 0.999 0.998 0.923 0.996 0.995 1.000 0.957 0.999 0.944 0.996 0.999 0.995 0.997 1.000 0.999 
 100   (0.059) 0.001 0.002 0.077 0.004 0.005 0.000 0.043 0.001 0.056 0.004 0.001 0.005 0.003 0.000 0.001 

Locus 34 : 35965_89 
2 alleles
3.4% missing data
 130   (0.958) 1.000 0.999 0.994 0.997 0.996 1.000 0.997 0.999 0.958 0.997 0.999 0.969 0.997 1.000 0.999 
 100   (0.042) 0.000 0.001 0.006 0.003 0.004 0.000 0.003 0.001 0.042 0.003 0.001 0.031 0.003 0.000 0.001 

Locus 35 : 39654_13 
2 alleles
5.6% missing data
 120   (0.958) 1.000 0.999 0.995 0.976 0.997 1.000 0.997 0.999 0.955 0.997 0.999 0.998 0.998 1.000 0.999 
 100   (0.042) 0.000 0.001 0.005 0.024 0.003 0.000 0.003 0.001 0.045 0.003 0.001 0.002 0.002 0.000 0.001 

Locus 36 : 39700_65 
2 alleles
3.4% missing data
 110   (0.958) 0.999 0.999 0.992 0.997 0.996 1.000 0.996 0.998 0.948 0.997 0.997 0.998 0.995 1.000 0.998 
 120   (0.042) 0.001 0.001 0.008 0.003 0.004 0.000 0.004 0.002 0.052 0.003 0.003 0.002 0.005 0.000 0.002 

Locus 37 : 40824_7 
2 alleles
5.1% missing data
 130   (0.956) 0.999 0.999 0.995 0.916 0.997 1.000 0.996 0.999 0.960 0.997 0.999 0.998 0.998 1.000 0.999 
 110   (0.044) 0.001 0.001 0.005 0.084 0.003 0.000 0.004 0.001 0.040 0.003 0.001 0.002 0.002 0.000 0.001 

Locus 38 : 41554_43 
2 alleles
7.3% missing data
 120   (0.958) 1.000 0.999 0.994 0.997 0.997 1.000 0.956 0.999 0.960 0.997 0.999 0.998 0.998 0.999 0.999 
 100   (0.042) 0.000 0.001 0.006 0.003 0.003 0.000 0.044 0.001 0.040 0.003 0.001 0.002 0.002 0.001 0.001 

Locus 39 : 42501_5 
2 alleles
5.6% missing data
 120   (0.954) 1.000 0.999 0.995 0.997 0.997 1.000 0.996 0.999 0.957 0.917 0.999 0.998 0.998 1.000 0.999 
 110   (0.046) 0.000 0.001 0.005 0.003 0.003 0.000 0.004 0.001 0.043 0.083 0.001 0.002 0.002 0.000 0.001 

Locus 40 : 42989_15 
2 alleles
3.4% missing data
 130   (0.957) 0.999 0.999 0.995 0.917 0.997 1.000 0.997 0.999 0.960 0.997 0.999 0.998 0.998 1.000 0.999 
 110   (0.043) 0.001 0.001 0.005 0.083 0.003 0.000 0.003 0.001 0.040 0.003 0.001 0.002 0.002 0.000 0.001 

Locus 41 : 44631_16 
2 alleles
5.6% missing data
 120   (0.955) 1.000 0.999 0.994 0.997 0.997 1.000 0.849 0.999 0.958 0.997 0.999 0.998 0.998 1.000 0.999 
 110   (0.045) 0.000 0.001 0.006 0.003 0.003 0.000 0.151 0.001 0.042 0.003 0.001 0.002 0.002 0.000 0.001 

Locus 42 : 45332_74 
2 alleles
3.4% missing data
 130   (0.884) 0.994 0.996 0.834 0.776 0.969 1.000 0.991 0.982 0.890 0.992 0.953 0.994 0.615 0.998 0.994 
 110   (0.116) 0.006 0.004 0.166 0.224 0.031 0.000 0.009 0.018 0.110 0.008 0.047 0.006 0.385 0.002 0.006 

Locus 43 : 45964_12 
2 alleles
2.2% missing data
 100   (0.959) 1.000 0.976 0.995 0.997 0.997 1.000 0.997 0.999 0.961 0.994 0.999 0.998 0.998 1.000 0.999 
 130   (0.041) 0.000 0.024 0.005 0.003 0.003 0.000 0.003 0.001 0.039 0.006 0.001 0.002 0.002 0.000 0.001 

Locus 44 : 47772_18 
2 alleles
1.7% missing data
 120   (0.950) 1.000 0.999 0.994 0.997 0.997 1.000 0.997 0.999 0.954 0.812 0.999 0.998 0.998 1.000 0.999 
 100   (0.050) 0.000 0.001 0.006 0.003 0.003 0.000 0.003 0.001 0.046 0.188 0.001 0.002 0.002 0.000 0.001 

Locus 45 : 48505_7 
2 alleles
2.8% missing data
 130   (0.959) 0.999 0.999 0.994 0.997 0.995 1.000 0.997 0.999 0.957 0.997 0.999 0.998 0.975 1.000 0.999 
 110   (0.041) 0.001 0.001 0.006 0.003 0.005 0.000 0.003 0.001 0.043 0.003 0.001 0.002 0.025 0.000 0.001 

Locus 46 : 49838_13 
2 alleles
5.1% missing data
 120   (0.957) 1.000 0.999 0.995 0.997 0.989 1.000 0.997 0.999 0.961 0.997 0.999 0.998 0.870 1.000 0.999 
 100   (0.043) 0.000 0.001 0.005 0.003 0.011 0.000 0.003 0.001 0.039 0.003 0.001 0.002 0.130 0.000 0.001 

Locus 47 : 50793_47 
2 alleles
6.2% missing data
 120   (0.948) 0.986 0.998 0.993 0.870 0.995 1.000 0.984 0.998 0.952 0.996 0.998 0.997 0.997 0.999 0.999 
 100   (0.052) 0.014 0.002 0.007 0.130 0.005 0.000 0.016 0.002 0.048 0.004 0.002 0.003 0.003 0.001 0.001 

Locus 48 : 51471_5 
2 alleles
2.2% missing data
 110   (0.957) 1.000 0.939 0.995 0.997 0.997 1.000 0.997 0.999 0.960 0.997 0.999 0.998 0.998 1.000 1.000 
 120   (0.043) 0.000 0.061 0.005 0.003 0.003 0.000 0.003 0.001 0.040 0.003 0.001 0.002 0.002 0.000 0.000 

Locus 49 : 52408_45 
2 alleles
2.2% missing data
 130   (0.956) 1.000 0.999 0.995 0.997 0.997 1.000 0.815 0.999 0.959 0.997 0.999 0.998 0.998 1.000 0.999 
 110   (0.044) 0.000 0.001 0.005 0.003 0.003 0.000 0.185 0.001 0.041 0.003 0.001 0.002 0.002 0.000 0.001 

Locus 50 : 53046_18 
2 alleles
0.6% missing data
 120   (0.939) 1.000 0.998 0.992 0.916 0.995 1.000 0.995 0.991 0.932 0.995 0.999 0.997 0.997 1.000 0.999 
 100   (0.061) 0.000 0.002 0.008 0.084 0.005 0.000 0.005 0.009 0.068 0.005 0.001 0.003 0.003 0.000 0.001 

Locus 51 : 53230_50 
2 alleles
4.5% missing data
 120   (0.957) 1.000 0.895 0.995 0.997 0.998 1.000 0.997 0.999 0.960 0.997 0.999 0.998 0.998 1.000 1.000 
 110   (0.043) 0.000 0.105 0.005 0.003 0.002 0.000 0.003 0.001 0.040 0.003 0.001 0.002 0.002 0.000 0.000 

Locus 52 : 53957_5 
2 alleles
3.9% missing data
 130   (0.957) 1.000 0.999 0.993 0.984 0.996 1.000 0.997 0.999 0.951 0.997 0.998 0.998 0.998 1.000 0.999 
 110   (0.043) 0.000 0.001 0.007 0.016 0.004 0.000 0.003 0.001 0.049 0.003 0.002 0.002 0.002 0.000 0.001 

Locus 53 : 58003_89 
2 alleles
3.9% missing data
 120   (0.950) 0.995 0.998 0.988 0.990 0.994 0.992 0.995 0.996 0.949 0.996 0.992 0.974 0.997 0.991 0.994 
 100   (0.050) 0.005 0.002 0.012 0.010 0.006 0.008 0.005 0.004 0.051 0.004 0.008 0.026 0.003 0.009 0.006 

Locus 54 : 58412_58 
2 alleles
2.2% missing data
 110   (0.959) 1.000 0.999 0.995 0.998 0.997 1.000 0.997 0.999 0.961 0.973 0.999 0.998 0.998 1.000 0.999 
 100   (0.041) 0.000 0.001 0.005 0.002 0.003 0.000 0.003 0.001 0.039 0.027 0.001 0.002 0.002 0.000 0.001 

Locus 55 : 58452_11 
2 alleles
3.4% missing data
 120   (0.957) 1.000 0.999 0.994 0.997 0.997 1.000 0.997 0.999 0.955 0.997 0.999 0.975 0.998 1.000 0.999 
 130   (0.043) 0.000 0.001 0.006 0.003 0.003 0.000 0.003 0.001 0.045 0.003 0.001 0.025 0.002 0.000 0.001 

Locus 56 : 59409_85 
2 alleles
2.8% missing data
 130   (0.957) 1.000 0.999 0.994 0.997 0.993 1.000 0.997 0.999 0.942 0.997 0.996 0.998 0.998 1.000 0.999 
 100   (0.043) 0.000 0.001 0.006 0.003 0.007 0.000 0.003 0.001 0.058 0.003 0.004 0.002 0.002 0.000 0.001 

Locus 57 : 60620_10 
2 alleles
1.1% missing data
 120   (0.956) 1.000 0.999 0.995 0.997 0.997 1.000 0.997 0.999 0.959 0.891 0.999 0.998 0.998 1.000 0.999 
 130   (0.044) 0.000 0.001 0.005 0.003 0.003 0.000 0.003 0.001 0.041 0.109 0.001 0.002 0.002 0.000 0.001 

Locus 58 : 61541_77 
2 alleles
3.4% missing data
 120   (0.952) 1.000 0.999 0.994 0.997 0.997 1.000 0.997 0.999 0.956 0.839 0.999 0.998 0.998 1.000 0.999 
 100   (0.048) 0.000 0.001 0.006 0.003 0.003 0.000 0.003 0.001 0.044 0.161 0.001 0.002 0.002 0.000 0.001 

Locus 59 : 61756_42 
2 alleles
1.1% missing data
 130   (0.951) 1.000 0.999 0.994 0.997 0.997 1.000 0.997 0.999 0.955 0.820 0.999 0.998 0.998 1.000 0.999 
 110   (0.049) 0.000 0.001 0.006 0.003 0.003 0.000 0.003 0.001 0.045 0.180 0.001 0.002 0.002 0.000 0.001 

Locus 60 : 62497_19 
2 alleles
6.2% missing data
 130   (0.911) 0.976 0.997 0.944 0.993 0.980 0.996 0.880 0.997 0.914 0.993 0.983 0.960 0.987 0.988 0.996 
 110   (0.089) 0.024 0.003 0.056 0.007 0.020 0.004 0.120 0.003 0.086 0.007 0.017 0.040 0.013 0.012 0.004 

Locus 61 : 63024_50 
2 alleles
2.8% missing data
 120   (0.951) 1.000 0.999 0.992 0.997 0.996 1.000 0.996 0.999 0.950 0.996 0.999 0.926 0.998 1.000 0.999 
 100   (0.049) 0.000 0.001 0.008 0.003 0.004 0.000 0.004 0.001 0.050 0.004 0.001 0.074 0.002 0.000 0.001 

Locus 62 : 64492_50 
2 alleles
7.3% missing data
 120   (0.917) 0.998 0.998 0.988 0.918 0.994 1.000 0.887 0.998 0.922 0.994 0.998 0.952 0.996 0.999 0.999 
 100   (0.083) 0.002 0.002 0.012 0.082 0.006 0.000 0.113 0.002 0.078 0.006 0.002 0.048 0.004 0.001 0.001 

Locus 63 : 67984_34 
2 alleles
2.2% missing data
 120   (0.955) 1.000 0.999 0.995 0.997 0.997 1.000 0.997 0.999 0.958 0.864 0.999 0.998 0.998 1.000 1.000 
 100   (0.045) 0.000 0.001 0.005 0.003 0.003 0.000 0.003 0.001 0.042 0.136 0.001 0.002 0.002 0.000 0.000 

Locus 64 : 69199_10 
2 alleles
4.5% missing data
 120   (0.948) 0.999 0.999 0.992 0.997 0.996 1.000 0.996 0.999 0.950 0.996 0.999 0.333 0.998 0.998 0.996 
 100   (0.052) 0.001 0.001 0.008 0.003 0.004 0.000 0.004 0.001 0.050 0.004 0.001 0.667 0.002 0.002 0.004 

Locus 65 : 71368_77 
2 alleles
6.7% missing data
 100   (0.955) 1.000 0.766 0.995 0.997 0.997 1.000 0.996 0.999 0.959 0.996 0.999 0.998 0.998 1.000 0.999 
 110   (0.045) 0.000 0.234 0.005 0.003 0.003 0.000 0.004 0.001 0.041 0.004 0.001 0.002 0.002 0.000 0.001 

Locus 66 : 72276_35 
2 alleles
5.1% missing data
 130   (0.955) 1.000 0.999 0.994 0.883 0.997 1.000 0.997 0.999 0.958 0.997 0.999 0.998 0.997 1.000 0.999 
 120   (0.045) 0.000 0.001 0.006 0.117 0.003 0.000 0.003 0.001 0.042 0.003 0.001 0.002 0.003 0.000 0.001 

Locus 67 : 73554_16 
2 alleles
3.9% missing data
 100   (0.955) 1.000 0.999 0.841 0.997 0.997 1.000 0.997 0.999 0.958 0.997 0.999 0.998 0.998 1.000 0.999 
 130   (0.045) 0.000 0.001 0.159 0.003 0.003 0.000 0.003 0.001 0.042 0.003 0.001 0.002 0.002 0.000 0.001 

Locus 68 : 74575_32 
2 alleles
1.7% missing data
 120   (0.959) 1.000 0.999 0.995 0.979 0.997 1.000 0.997 0.999 0.955 0.997 0.999 0.998 0.998 1.000 0.999 
 100   (0.041) 0.000 0.001 0.005 0.021 0.003 0.000 0.003 0.001 0.045 0.003 0.001 0.002 0.002 0.000 0.001 

Locus 69 : 76504_10 
2 alleles
1.1% missing data
 110   (0.955) 1.000 0.999 0.995 0.997 0.997 1.000 0.997 0.781 0.956 0.997 0.999 0.998 0.998 1.000 0.999 
 100   (0.045) 0.000 0.001 0.005 0.003 0.003 0.000 0.003 0.219 0.044 0.003 0.001 0.002 0.002 0.000 0.001 

Locus 70 : 76561_35 
2 alleles
5.6% missing data
 120   (0.952) 1.000 0.999 0.994 0.997 0.997 1.000 0.561 0.999 0.955 0.996 0.999 0.998 0.998 1.000 0.999 
 100   (0.048) 0.000 0.001 0.006 0.003 0.003 0.000 0.439 0.001 0.045 0.004 0.001 0.002 0.002 0.000 0.001 

Locus 71 : 77346_16 
2 alleles
2.2% missing data
 130   (0.957) 1.000 0.999 0.995 0.997 0.997 1.000 0.997 0.914 0.961 0.997 0.999 0.998 0.998 0.999 0.998 
 110   (0.043) 0.000 0.001 0.005 0.003 0.003 0.000 0.003 0.086 0.039 0.003 0.001 0.002 0.002 0.001 0.002 

Locus 72 : 78631_40 
2 alleles
7.9% missing data
 120   (0.948) 0.999 0.999 0.994 0.800 0.997 1.000 0.989 0.999 0.951 0.996 0.999 0.997 0.997 1.000 0.998 
 110   (0.052) 0.001 0.001 0.006 0.200 0.003 0.000 0.011 0.001 0.049 0.004 0.001 0.003 0.003 0.000 0.002 

Locus 73 : 80366_12 
2 alleles
6.7% missing data
 130   (0.956) 0.999 0.999 0.991 0.996 0.996 0.999 0.996 0.998 0.946 0.997 0.997 0.997 0.995 0.999 0.998 
 110   (0.044) 0.001 0.001 0.009 0.004 0.004 0.001 0.004 0.002 0.054 0.003 0.003 0.003 0.005 0.001 0.002 

Locus 74 : 80499_10 
2 alleles
6.2% missing data
 130   (0.958) 1.000 0.900 0.995 0.997 0.998 1.000 0.997 0.999 0.961 0.997 0.999 0.998 0.998 1.000 0.999 
 100   (0.042) 0.000 0.100 0.005 0.003 0.002 0.000 0.003 0.001 0.039 0.003 0.001 0.002 0.002 0.000 0.001 

Locus 75 : 81141_31 
2 alleles
2.8% missing data
 120   (0.958) 0.999 0.999 0.994 0.997 0.995 1.000 0.997 0.999 0.955 0.997 0.999 0.998 0.975 0.999 0.999 
 100   (0.042) 0.001 0.001 0.006 0.003 0.005 0.000 0.003 0.001 0.045 0.003 0.001 0.002 0.025 0.001 0.001 

Locus 76 : 81662_33 
2 alleles
3.4% missing data
 120   (0.958) 1.000 0.999 0.995 0.997 0.989 1.000 0.997 0.999 0.947 0.997 0.994 0.998 0.998 1.000 0.999 
 110   (0.042) 0.000 0.001 0.005 0.003 0.011 0.000 0.003 0.001 0.053 0.003 0.006 0.002 0.002 0.000 0.001 

Locus 77 : 82002_8 
2 alleles
6.7% missing data
 100   (0.948) 1.000 0.999 0.994 0.997 0.997 1.000 0.997 0.999 0.952 0.674 0.999 0.998 0.998 1.000 0.999 
 110   (0.052) 0.000 0.001 0.006 0.003 0.003 0.000 0.003 0.001 0.048 0.326 0.001 0.002 0.002 0.000 0.001 

Locus 78 : 82631_34 
2 alleles
7.9% missing data
 120   (0.959) 0.999 0.999 0.994 0.994 0.986 1.000 0.995 0.999 0.954 0.997 0.999 0.997 0.985 1.000 0.996 
 100   (0.041) 0.001 0.001 0.006 0.006 0.014 0.000 0.005 0.001 0.046 0.003 0.001 0.003 0.015 0.000 0.004 

Locus 79 : 83247_84 
2 alleles
3.4% missing data
 110   (0.949) 1.000 0.999 0.994 0.750 0.996 1.000 0.997 0.999 0.949 0.996 0.999 0.998 0.998 1.000 0.999 
 100   (0.051) 0.000 0.001 0.006 0.250 0.004 0.000 0.003 0.001 0.051 0.004 0.001 0.002 0.002 0.000 0.001 

Locus 80 : 83916_5 
2 alleles
3.9% missing data
 130   (0.958) 0.947 0.999 0.995 0.997 0.858 1.000 0.997 0.999 0.961 0.997 0.999 0.998 0.998 1.000 1.000 
 110   (0.042) 0.053 0.001 0.005 0.003 0.142 0.000 0.003 0.001 0.039 0.003 0.001 0.002 0.002 0.000 0.000 

Locus 81 : 84971_7 
2 alleles
2.2% missing data
 120   (0.948) 0.998 0.998 0.991 0.996 0.983 0.999 0.996 0.965 0.949 0.996 0.998 0.991 0.997 0.970 0.963 
 110   (0.052) 0.002 0.002 0.009 0.004 0.017 0.001 0.004 0.035 0.051 0.004 0.002 0.009 0.003 0.030 0.037 

Locus 82 : 85247_77 
2 alleles
7.9% missing data
 120   (0.958) 0.994 0.998 0.993 0.996 0.990 0.999 0.996 0.998 0.958 0.997 0.998 0.997 0.993 0.996 0.996 
 110   (0.042) 0.006 0.002 0.007 0.004 0.010 0.001 0.004 0.002 0.042 0.003 0.002 0.003 0.007 0.004 0.004 

Locus 83 : 85248_24 
2 alleles
5.1% missing data
 100   (0.952) 1.000 0.999 0.994 0.997 0.997 1.000 0.997 0.999 0.956 0.858 0.999 0.998 0.998 1.000 0.999 
 120   (0.048) 0.000 0.001 0.006 0.003 0.003 0.000 0.003 0.001 0.044 0.142 0.001 0.002 0.002 0.000 0.001 

Locus 84 : 85402_12 
2 alleles
3.4% missing data
 120   (0.957) 1.000 0.999 0.994 0.997 0.993 1.000 0.997 0.999 0.943 0.997 0.996 0.998 0.998 1.000 0.999 
 100   (0.043) 0.000 0.001 0.006 0.003 0.007 0.000 0.003 0.001 0.057 0.003 0.004 0.002 0.002 0.000 0.001 

Locus 85 : 86588_18 
2 alleles
3.9% missing data
 120   (0.958) 1.000 0.999 0.992 0.997 0.997 1.000 0.996 0.999 0.958 0.997 0.999 0.966 0.998 1.000 0.999 
 100   (0.042) 0.000 0.001 0.008 0.003 0.003 0.000 0.004 0.001 0.042 0.003 0.001 0.034 0.002 0.000 0.001 

Locus 86 : 87070_60 
2 alleles
2.2% missing data
 100   (0.957) 1.000 0.999 0.852 0.997 0.997 1.000 0.997 0.999 0.960 0.997 0.999 0.998 0.998 1.000 0.999 
 130   (0.043) 0.000 0.001 0.148 0.003 0.003 0.000 0.003 0.001 0.040 0.003 0.001 0.002 0.002 0.000 0.001 

Locus 87 : 87747_31 
2 alleles
6.2% missing data
 120   (0.953) 1.000 0.999 0.994 0.997 0.997 1.000 0.997 0.999 0.956 0.913 0.999 0.998 0.998 1.000 0.999 
 110   (0.047) 0.000 0.001 0.006 0.003 0.003 0.000 0.003 0.001 0.044 0.087 0.001 0.002 0.002 0.000 0.001 

Locus 88 : 88455_10 
2 alleles
5.1% missing data
 130   (0.954) 1.000 0.999 0.994 0.996 0.997 1.000 0.789 0.999 0.957 0.997 0.999 0.998 0.998 1.000 0.999 
 100   (0.046) 0.000 0.001 0.006 0.004 0.003 0.000 0.211 0.001 0.043 0.003 0.001 0.002 0.002 0.000 0.001 

Locus 89 : 89005_12 
2 alleles
1.1% missing data
 120   (0.955) 1.000 0.999 0.995 0.997 0.997 1.000 0.997 0.999 0.958 0.891 0.999 0.998 0.998 1.000 1.000 
 130   (0.045) 0.000 0.001 0.005 0.003 0.003 0.000 0.003 0.001 0.042 0.109 0.001 0.002 0.002 0.000 0.000 

Locus 90 : 89213_8 
2 alleles
3.4% missing data
 130   (0.958) 1.000 0.999 0.995 0.997 0.997 1.000 0.997 0.999 0.961 0.971 0.999 0.998 0.998 1.000 1.000 
 110   (0.042) 0.000 0.001 0.005 0.003 0.003 0.000 0.003 0.001 0.039 0.029 0.001 0.002 0.002 0.000 0.000 

Locus 91 : 93475_13 
2 alleles
2.2% missing data
 130   (0.953) 1.000 0.999 0.994 0.997 0.997 1.000 0.997 0.999 0.957 0.865 0.999 0.998 0.998 1.000 0.999 
 110   (0.047) 0.000 0.001 0.006 0.003 0.003 0.000 0.003 0.001 0.043 0.135 0.001 0.002 0.002 0.000 0.001 

Locus 92 : 95749_27 
2 alleles
3.9% missing data
 120   (0.958) 1.000 0.999 0.995 0.997 0.997 1.000 0.997 0.999 0.960 0.969 0.999 0.998 0.998 1.000 1.000 
 100   (0.042) 0.000 0.001 0.005 0.003 0.003 0.000 0.003 0.001 0.040 0.031 0.001 0.002 0.002 0.000 0.000 

Locus 93 : 98167_26 
2 alleles
3.4% missing data
 120   (0.935) 0.998 0.998 0.891 0.994 0.994 0.999 0.993 0.993 0.937 0.995 0.968 0.986 0.996 0.996 0.997 
 110   (0.065) 0.002 0.002 0.109 0.006 0.006 0.001 0.007 0.007 0.063 0.005 0.032 0.014 0.004 0.004 0.003 

Locus 94 : 98988_58 
2 alleles
2.2% missing data
 130   (0.959) 1.000 0.999 0.994 0.997 0.997 1.000 0.997 0.999 0.961 0.973 0.999 0.998 0.998 1.000 0.999 
 110   (0.041) 0.000 0.001 0.006 0.003 0.003 0.000 0.003 0.001 0.039 0.027 0.001 0.002 0.002 0.000 0.001 

Locus 95 : 103824_15 
2 alleles
3.4% missing data
 130   (0.951) 1.000 0.999 0.994 0.997 0.997 1.000 0.997 0.999 0.955 0.809 0.999 0.998 0.998 1.000 0.999 
 110   (0.049) 0.000 0.001 0.006 0.003 0.003 0.000 0.003 0.001 0.045 0.191 0.001 0.002 0.002 0.000 0.001 

Locus 96 : 108043_8 
2 alleles
4.5% missing data
 130   (0.957) 1.000 0.999 0.995 0.997 0.998 1.000 0.997 0.907 0.960 0.997 0.999 0.998 0.998 0.999 0.999 
 110   (0.043) 0.000 0.001 0.005 0.003 0.002 0.000 0.003 0.093 0.040 0.003 0.001 0.002 0.002 0.001 0.001 

Locus 97 : 108049_79 
2 alleles
2.8% missing data
 120   (0.959) 1.000 0.999 0.995 0.997 0.989 1.000 0.997 0.999 0.947 0.997 0.994 0.998 0.998 1.000 0.999 
 100   (0.041) 0.000 0.001 0.005 0.003 0.011 0.000 0.003 0.001 0.053 0.003 0.006 0.002 0.002 0.000 0.001 

Locus 98 : 108366_5 
2 alleles
2.8% missing data
 130   (0.954) 1.000 0.999 0.995 0.997 0.997 1.000 0.997 0.999 0.958 0.918 0.999 0.998 0.998 1.000 0.999 
 100   (0.046) 0.000 0.001 0.005 0.003 0.003 0.000 0.003 0.001 0.042 0.082 0.001 0.002 0.002 0.000 0.001 

Locus 99 : 108403_10 
2 alleles
6.2% missing data
 130   (0.957) 1.000 0.999 0.994 0.996 0.997 1.000 0.997 0.989 0.948 0.996 0.999 0.998 0.998 1.000 0.999 
 110   (0.043) 0.000 0.001 0.006 0.004 0.003 0.000 0.003 0.011 0.052 0.004 0.001 0.002 0.002 0.000 0.001 

Locus 100 : 109283_38 
2 alleles
3.9% missing data
 120   (0.872) 0.794 0.996 0.980 0.984 0.538 0.987 0.991 0.995 0.870 0.991 0.933 0.962 0.539 0.925 0.919 
 100   (0.128) 0.206 0.004 0.020 0.016 0.462 0.013 0.009 0.005 0.130 0.009 0.067 0.038 0.461 0.075 0.081 

Locus 101 : 109527_54 
2 alleles
7.3% missing data
 110   (0.949) 1.000 0.999 0.993 0.786 0.996 1.000 0.997 0.999 0.949 0.996 0.997 0.997 0.998 1.000 0.999 
 130   (0.051) 0.000 0.001 0.007 0.214 0.004 0.000 0.003 0.001 0.051 0.004 0.003 0.003 0.002 0.000 0.001 

Locus 102 : 109804_31 
2 alleles
2.2% missing data
 130   (0.956) 1.000 0.999 0.995 0.997 0.997 1.000 0.997 0.999 0.959 0.945 0.999 0.998 0.998 1.000 0.999 
 100   (0.044) 0.000 0.001 0.005 0.003 0.003 0.000 0.003 0.001 0.041 0.055 0.001 0.002 0.002 0.000 0.001 

Locus 103 : 112614_46 
2 alleles
5.1% missing data
 120   (0.955) 1.000 0.999 0.994 0.997 0.997 1.000 0.997 0.999 0.959 0.885 0.999 0.998 0.998 1.000 0.999 
 100   (0.045) 0.000 0.001 0.006 0.003 0.003 0.000 0.003 0.001 0.041 0.115 0.001 0.002 0.002 0.000 0.001 

Locus 104 : 112906_14 
2 alleles
3.9% missing data
 110   (0.885) 0.996 0.997 0.948 0.755 0.980 1.000 0.677 0.997 0.890 0.992 0.998 0.994 0.829 0.999 0.988 
 120   (0.115) 0.004 0.003 0.052 0.245 0.020 0.000 0.323 0.003 0.110 0.008 0.002 0.006 0.171 0.001 0.012 

Locus 105 : 113735_32 
2 alleles
6.7% missing data
 120   (0.959) 1.000 0.999 0.995 0.997 0.996 1.000 0.959 0.999 0.959 0.997 0.999 0.998 0.997 1.000 0.999 
 100   (0.041) 0.000 0.001 0.005 0.003 0.004 0.000 0.041 0.001 0.041 0.003 0.001 0.002 0.003 0.000 0.001 

Locus 106 : 115028_7 
2 alleles
3.9% missing data
 120   (0.959) 1.000 0.999 0.995 0.997 0.997 1.000 0.956 0.999 0.961 0.997 0.999 0.998 0.998 1.000 0.999 
 100   (0.041) 0.000 0.001 0.005 0.003 0.003 0.000 0.044 0.001 0.039 0.003 0.001 0.002 0.002 0.000 0.001 

Locus 107 : 115179_16 
2 alleles
2.2% missing data
 120   (0.954) 1.000 0.999 0.995 0.997 0.997 1.000 0.997 0.999 0.957 0.909 0.999 0.998 0.998 1.000 0.999 
 110   (0.046) 0.000 0.001 0.005 0.003 0.003 0.000 0.003 0.001 0.043 0.091 0.001 0.002 0.002 0.000 0.001 

Locus 108 : 116753_51 
2 alleles
7.3% missing data
 120   (0.956) 1.000 0.999 0.994 0.997 0.996 1.000 0.997 0.999 0.959 0.997 0.999 0.998 0.886 1.000 0.999 
 100   (0.044) 0.000 0.001 0.006 0.003 0.004 0.000 0.003 0.001 0.041 0.003 0.001 0.002 0.114 0.000 0.001 

Locus 109 : 116931_31 
2 alleles
7.9% missing data
 120   (0.958) 1.000 0.999 0.994 0.997 0.997 1.000 0.997 0.999 0.955 0.997 0.999 0.973 0.998 1.000 0.999 
 110   (0.042) 0.000 0.001 0.006 0.003 0.003 0.000 0.003 0.001 0.045 0.003 0.001 0.027 0.002 0.000 0.001 

Locus 110 : 116938_8 
2 alleles
4.5% missing data
 130   (0.918) 0.999 0.998 0.943 0.857 0.986 1.000 0.994 0.998 0.923 0.994 0.999 0.995 0.840 0.999 0.999 
 110   (0.082) 0.001 0.002 0.057 0.143 0.014 0.000 0.006 0.002 0.077 0.006 0.001 0.005 0.160 0.001 0.001 

Locus 111 : 122302_80 
2 alleles
10.1% missing data
 110   (0.958) 1.000 0.999 0.995 0.997 0.997 1.000 0.996 0.999 0.960 0.997 0.999 0.954 0.998 1.000 0.999 
 100   (0.042) 0.000 0.001 0.005 0.003 0.003 0.000 0.004 0.001 0.040 0.003 0.001 0.046 0.002 0.000 0.001 

Locus 112 : 123190_14 
2 alleles
3.4% missing data
 120   (0.954) 1.000 0.999 0.993 0.997 0.996 1.000 0.997 0.999 0.955 0.997 0.999 0.919 0.998 1.000 0.999 
 130   (0.046) 0.000 0.001 0.007 0.003 0.004 0.000 0.003 0.001 0.045 0.003 0.001 0.081 0.002 0.000 0.001 

Locus 113 : 123271_36 
2 alleles
3.9% missing data
 100   (0.952) 1.000 0.999 0.994 0.997 0.997 1.000 0.997 0.999 0.956 0.857 0.999 0.998 0.998 1.000 0.999 
 110   (0.048) 0.000 0.001 0.006 0.003 0.003 0.000 0.003 0.001 0.044 0.143 0.001 0.002 0.002 0.000 0.001 

Locus 114 : 124147_18 
2 alleles
2.2% missing data
 130   (0.956) 1.000 0.999 0.756 0.997 0.997 1.000 0.997 0.999 0.959 0.997 0.999 0.998 0.998 1.000 1.000 
 110   (0.044) 0.000 0.001 0.244 0.003 0.003 0.000 0.003 0.001 0.041 0.003 0.001 0.002 0.002 0.000 0.000 

Locus 115 : 124184_33 
2 alleles
5.6% missing data
 110   (0.955) 1.000 0.999 0.995 0.997 0.997 1.000 0.997 0.999 0.959 0.909 0.999 0.998 0.998 1.000 0.999 
 100   (0.045) 0.000 0.001 0.005 0.003 0.003 0.000 0.003 0.001 0.041 0.091 0.001 0.002 0.002 0.000 0.001 

Locus 116 : 125404_24 
2 alleles
1.1% missing data
 130   (0.956) 1.000 0.999 0.995 0.997 0.997 1.000 0.765 0.999 0.959 0.997 0.999 0.998 0.998 1.000 1.000 
 110   (0.044) 0.000 0.001 0.005 0.003 0.003 0.000 0.235 0.001 0.041 0.003 0.001 0.002 0.002 0.000 0.000 

Locus 117 : 125436_43 
2 alleles
3.9% missing data
 130   (0.926) 0.998 0.998 0.991 0.842 0.995 1.000 0.688 0.998 0.931 0.995 0.998 0.997 0.994 0.999 0.996 
 100   (0.074) 0.002 0.002 0.009 0.158 0.005 0.000 0.312 0.002 0.069 0.005 0.002 0.003 0.006 0.001 0.004 

Locus 118 : 126013_18 
2 alleles
2.8% missing data
 130   (0.957) 1.000 0.878 0.995 0.997 0.997 1.000 0.997 0.999 0.960 0.997 0.999 0.998 0.998 1.000 0.999 
 110   (0.043) 0.000 0.122 0.005 0.003 0.003 0.000 0.003 0.001 0.040 0.003 0.001 0.002 0.002 0.000 0.001 

Locus 119 : 126137_19 
2 alleles
3.9% missing data
 120   (0.958) 1.000 0.999 0.994 0.984 0.997 1.000 0.978 0.999 0.960 0.997 0.998 0.998 0.994 1.000 0.997 
 110   (0.042) 0.000 0.001 0.006 0.016 0.003 0.000 0.022 0.001 0.040 0.003 0.002 0.002 0.006 0.000 0.003 

Locus 120 : 126845_22 
2 alleles
5.6% missing data
 130   (0.959) 1.000 0.999 0.992 0.997 0.997 1.000 0.957 0.999 0.960 0.997 0.999 0.998 0.998 1.000 0.999 
 110   (0.041) 0.000 0.001 0.008 0.003 0.003 0.000 0.043 0.001 0.040 0.003 0.001 0.002 0.002 0.000 0.001 

Locus 121 : 127512_8 
2 alleles
1.1% missing data
 130   (0.957) 1.000 0.908 0.995 0.997 0.997 1.000 0.997 0.999 0.960 0.997 0.999 0.998 0.998 1.000 1.000 
 100   (0.043) 0.000 0.092 0.005 0.003 0.003 0.000 0.003 0.001 0.040 0.003 0.001 0.002 0.002 0.000 0.000 

Locus 122 : 127692_13 
2 alleles
2.8% missing data
 100   (0.953) 1.000 0.999 0.994 0.928 0.997 1.000 0.996 0.999 0.954 0.997 0.999 0.998 0.998 1.000 0.999 
 120   (0.047) 0.000 0.001 0.006 0.072 0.003 0.000 0.004 0.001 0.046 0.003 0.001 0.002 0.002 0.000 0.001 

Locus 123 : 128195_18 
2 alleles
7.3% missing data
 130   (0.872) 0.976 0.996 0.434 0.915 0.965 0.991 0.987 0.997 0.864 0.990 0.329 0.974 0.991 0.987 0.989 
 110   (0.128) 0.024 0.004 0.566 0.085 0.035 0.009 0.013 0.003 0.136 0.010 0.671 0.026 0.009 0.013 0.011 

Locus 124 : 128198_14 
2 alleles
4.5% missing data
 130   (0.931) 0.999 0.904 0.992 0.996 0.996 1.000 0.995 0.998 0.936 0.917 0.999 0.997 0.997 0.999 0.999 
 120   (0.069) 0.001 0.096 0.008 0.004 0.004 0.000 0.005 0.002 0.064 0.083 0.001 0.003 0.003 0.001 0.001 

Locus 125 : 128423_39 
2 alleles
4.5% missing data
 130   (0.959) 1.000 0.999 0.981 0.997 0.992 1.000 0.997 0.999 0.953 0.997 0.992 0.998 0.998 1.000 0.999 
 100   (0.041) 0.000 0.001 0.019 0.003 0.008 0.000 0.003 0.001 0.047 0.003 0.008 0.002 0.002 0.000 0.001 

Locus 126 : 131572_48 
2 alleles
1.1% missing data
 120   (0.954) 0.999 0.999 0.994 0.997 0.993 1.000 0.997 0.999 0.953 0.997 0.999 0.998 0.921 1.000 0.999 
 100   (0.046) 0.001 0.001 0.006 0.003 0.007 0.000 0.003 0.001 0.047 0.003 0.001 0.002 0.079 0.000 0.001 

Locus 127 : 132199_62 
2 alleles
3.9% missing data
 100   (0.952) 1.000 0.999 0.994 0.997 0.997 1.000 0.997 0.999 0.955 0.750 0.999 0.998 0.998 1.000 0.999 
 120   (0.048) 0.000 0.001 0.006 0.003 0.003 0.000 0.003 0.001 0.045 0.250 0.001 0.002 0.002 0.000 0.001 

Locus 128 : 135566_64 
2 alleles
7.3% missing data
 130   (0.957) 1.000 0.999 0.994 0.997 0.993 1.000 0.997 0.999 0.942 0.997 0.995 0.998 0.998 1.000 0.999 
 110   (0.043) 0.000 0.001 0.006 0.003 0.007 0.000 0.003 0.001 0.058 0.003 0.005 0.002 0.002 0.000 0.001 

Locus 129 : 135761_5 
2 alleles
7.9% missing data
 130   (0.953) 1.000 0.998 0.994 0.997 0.997 1.000 0.997 0.999 0.957 0.904 0.999 0.998 0.998 1.000 0.999 
 100   (0.047) 0.000 0.002 0.006 0.003 0.003 0.000 0.003 0.001 0.043 0.096 0.001 0.002 0.002 0.000 0.001 

Locus 130 : 137219_35 
2 alleles
3.4% missing data
 120   (0.947) 1.000 0.998 0.993 0.997 0.982 1.000 0.996 0.999 0.921 0.996 0.980 0.998 0.998 1.000 0.999 
 100   (0.053) 0.000 0.002 0.007 0.003 0.018 0.000 0.004 0.001 0.079 0.004 0.020 0.002 0.002 0.000 0.001 

Locus 131 : 139081_20 
2 alleles
5.6% missing data
 120   (0.940) 0.999 0.998 0.924 0.967 0.994 1.000 0.995 0.998 0.943 0.996 0.999 0.997 0.991 1.000 0.998 
 110   (0.060) 0.001 0.002 0.076 0.033 0.006 0.000 0.005 0.002 0.057 0.004 0.001 0.003 0.009 0.000 0.002 

Locus 132 : 139084_52 
2 alleles
5.1% missing data
 120   (0.926) 0.999 0.998 0.815 0.994 0.994 0.998 0.994 0.998 0.926 0.995 0.997 0.898 0.997 0.999 0.998 
 110   (0.074) 0.001 0.002 0.185 0.006 0.006 0.002 0.006 0.002 0.074 0.005 0.003 0.102 0.003 0.001 0.002 

Locus 133 : 139433_54 
2 alleles
3.9% missing data
 120   (0.957) 1.000 0.999 0.995 0.997 0.998 1.000 0.997 0.999 0.960 0.945 0.999 0.998 0.998 1.000 0.999 
 100   (0.043) 0.000 0.001 0.005 0.003 0.002 0.000 0.003 0.001 0.040 0.055 0.001 0.002 0.002 0.000 0.001 

Locus 134 : 140063_88 
2 alleles
7.9% missing data
 110   (0.957) 1.000 0.999 0.992 0.982 0.996 1.000 0.997 0.999 0.952 0.997 0.998 0.998 0.998 1.000 0.999 
 100   (0.043) 0.000 0.001 0.008 0.018 0.004 0.000 0.003 0.001 0.048 0.003 0.002 0.002 0.002 0.000 0.001 

Locus 135 : 140194_73 
2 alleles
2.8% missing data
 120   (0.959) 1.000 0.974 0.992 0.997 0.997 1.000 0.997 0.999 0.960 0.997 0.999 0.998 0.998 1.000 0.999 
 110   (0.041) 0.000 0.026 0.008 0.003 0.003 0.000 0.003 0.001 0.040 0.003 0.001 0.002 0.002 0.000 0.001 

Locus 136 : 141313_8 
2 alleles
2.8% missing data
 120   (0.955) 1.000 0.999 0.995 0.997 0.997 1.000 0.997 0.999 0.958 0.918 0.999 0.998 0.998 1.000 0.999 
 100   (0.045) 0.000 0.001 0.005 0.003 0.003 0.000 0.003 0.001 0.042 0.082 0.001 0.002 0.002 0.000 0.001 

Locus 137 : 145284_28 
2 alleles
2.8% missing data
 130   (0.953) 1.000 0.999 0.616 0.997 0.997 1.000 0.997 0.999 0.956 0.997 0.999 0.998 0.998 1.000 0.999 
 110   (0.047) 0.000 0.001 0.384 0.003 0.003 0.000 0.003 0.001 0.044 0.003 0.001 0.002 0.002 0.000 0.001 

Locus 138 : 145957_11 
2 alleles
4.5% missing data
 130   (0.957) 0.952 0.999 0.994 0.997 0.879 1.000 0.997 0.999 0.960 0.997 0.999 0.998 0.998 1.000 0.999 
 110   (0.043) 0.048 0.001 0.006 0.003 0.121 0.000 0.003 0.001 0.040 0.003 0.001 0.002 0.002 0.000 0.001 

Locus 139 : 160306_34 
2 alleles
2.8% missing data
 120   (0.933) 0.999 0.998 0.991 0.974 0.984 1.000 0.774 0.998 0.936 0.995 0.998 0.996 0.953 0.999 0.988 
 100   (0.067) 0.001 0.002 0.009 0.026 0.016 0.000 0.226 0.002 0.064 0.005 0.002 0.004 0.047 0.001 0.012 

Locus 140 : 162107_37 
2 alleles
3.4% missing data
 120   (0.938) 0.999 0.998 0.992 0.978 0.995 1.000 0.903 0.999 0.936 0.995 0.999 0.997 0.997 1.000 0.999 
 100   (0.062) 0.001 0.002 0.008 0.022 0.005 0.000 0.097 0.001 0.064 0.005 0.001 0.003 0.003 0.000 0.001 

Locus 141 : 163290_36 
2 alleles
5.1% missing data
 130   (0.924) 0.993 0.998 0.765 0.995 0.980 1.000 0.995 0.997 0.927 0.994 0.986 0.928 0.996 0.945 0.960 
 110   (0.076) 0.007 0.002 0.235 0.005 0.020 0.000 0.005 0.003 0.073 0.006 0.014 0.072 0.004 0.055 0.040 

Locus 142 : 163453_13 
2 alleles
5.6% missing data
 120   (0.958) 1.000 0.999 0.993 0.997 0.997 1.000 0.997 0.999 0.955 0.997 0.999 0.975 0.998 1.000 0.999 
 110   (0.042) 0.000 0.001 0.007 0.003 0.003 0.000 0.003 0.001 0.045 0.003 0.001 0.025 0.002 0.000 0.001 

Locus 143 : 163580_14 
2 alleles
10.1% missing data
 120   (0.957) 0.989 0.999 0.994 0.997 0.994 0.969 0.997 0.999 0.960 0.997 0.999 0.998 0.998 0.996 0.863 
 100   (0.043) 0.011 0.001 0.006 0.003 0.006 0.031 0.003 0.001 0.040 0.003 0.001 0.002 0.002 0.004 0.137 

Locus 144 : 164461_13 
2 alleles
5.6% missing data
 100   (0.955) 1.000 0.999 0.995 0.997 0.997 1.000 0.997 0.999 0.959 0.997 0.999 0.853 0.998 1.000 0.999 
 120   (0.045) 0.000 0.001 0.005 0.003 0.003 0.000 0.003 0.001 0.041 0.003 0.001 0.147 0.002 0.000 0.001 

Locus 145 : 165413_43 
2 alleles
1.7% missing data
 110   (0.953) 0.999 0.999 0.994 0.931 0.997 0.999 0.997 0.999 0.953 0.997 0.999 0.997 0.997 1.000 0.999 
 130   (0.047) 0.001 0.001 0.006 0.069 0.003 0.001 0.003 0.001 0.047 0.003 0.001 0.003 0.003 0.000 0.001 

Locus 146 : 168629_44 
2 alleles
5.6% missing data
 130   (0.946) 0.999 0.998 0.988 0.952 0.994 0.999 0.996 0.998 0.947 0.996 0.993 0.980 0.997 0.999 0.998 
 110   (0.054) 0.001 0.002 0.012 0.048 0.006 0.001 0.004 0.002 0.053 0.004 0.007 0.020 0.003 0.001 0.002 

Locus 147 : 168991_77 
2 alleles
5.6% missing data
 110   (0.857) 0.978 0.996 0.975 0.925 0.948 0.998 0.644 0.996 0.834 0.990 0.958 0.986 0.826 0.992 0.981 
 100   (0.143) 0.022 0.004 0.025 0.075 0.052 0.002 0.356 0.004 0.166 0.010 0.042 0.014 0.174 0.008 0.019 

Locus 148 : 169478_88 
2 alleles
5.1% missing data
 130   (0.959) 1.000 0.975 0.994 0.997 0.997 1.000 0.997 0.999 0.960 0.997 0.999 0.998 0.998 1.000 0.999 
 100   (0.041) 0.000 0.025 0.006 0.003 0.003 0.000 0.003 0.001 0.040 0.003 0.001 0.002 0.002 0.000 0.001 

Locus 149 : 169898_8 
2 alleles
6.2% missing data
 120   (0.940) 0.999 0.998 0.992 0.909 0.996 1.000 0.995 0.998 0.944 0.995 0.998 0.965 0.995 0.999 0.998 
 100   (0.060) 0.001 0.002 0.008 0.091 0.004 0.000 0.005 0.002 0.056 0.005 0.002 0.035 0.005 0.001 0.002 

Locus 150 : 170224_42 
2 alleles
7.3% missing data
 100   (0.914) 0.993 0.997 0.977 0.919 0.990 0.991 0.993 0.997 0.913 0.993 0.986 0.796 0.994 0.994 0.985 
 120   (0.086) 0.007 0.003 0.023 0.081 0.010 0.009 0.007 0.003 0.087 0.007 0.014 0.204 0.006 0.006 0.015 

Locus 151 : 174083_22 
2 alleles
3.9% missing data
 120   (0.952) 1.000 0.999 0.994 0.997 0.997 1.000 0.997 0.999 0.955 0.784 0.999 0.998 0.998 1.000 0.999 
 100   (0.048) 0.000 0.001 0.006 0.003 0.003 0.000 0.003 0.001 0.045 0.216 0.001 0.002 0.002 0.000 0.001 

Locus 152 : 174223_24 
2 alleles
2.8% missing data
 120   (0.959) 1.000 0.999 0.995 0.996 0.997 1.000 0.997 0.988 0.950 0.997 0.999 0.998 0.998 1.000 0.999 
 100   (0.041) 0.000 0.001 0.005 0.004 0.003 0.000 0.003 0.012 0.050 0.003 0.001 0.002 0.002 0.000 0.001 

Locus 153 : 174263_44 
2 alleles
3.9% missing data
 130   (0.957) 1.000 0.838 0.995 0.997 0.998 1.000 0.997 0.999 0.960 0.997 0.999 0.998 0.998 1.000 1.000 
 110   (0.043) 0.000 0.162 0.005 0.003 0.002 0.000 0.003 0.001 0.040 0.003 0.001 0.002 0.002 0.000 0.000 

Locus 154 : 175657_6 
2 alleles
8.4% missing data
 100   (0.931) 1.000 0.998 0.991 0.918 0.996 1.000 0.761 0.999 0.937 0.994 0.999 0.997 0.997 1.000 0.999 
 130   (0.069) 0.000 0.002 0.009 0.082 0.004 0.000 0.239 0.001 0.063 0.006 0.001 0.003 0.003 0.000 0.001 

Locus 155 : 176570_23 
2 alleles
3.9% missing data
 130   (0.956) 0.986 0.999 0.994 0.997 0.958 1.000 0.997 0.997 0.955 0.997 0.999 0.998 0.988 0.998 0.984 
 110   (0.044) 0.014 0.001 0.006 0.003 0.042 0.000 0.003 0.003 0.045 0.003 0.001 0.002 0.012 0.002 0.016 

Locus 156 : 176775_13 
2 alleles
6.7% missing data
 130   (0.948) 1.000 0.999 0.993 0.996 0.997 1.000 0.997 0.999 0.952 0.704 0.999 0.997 0.998 1.000 0.999 
 110   (0.052) 0.000 0.001 0.007 0.004 0.003 0.000 0.003 0.001 0.048 0.296 0.001 0.003 0.002 0.000 0.001 

Locus 157 : 178448_19 
2 alleles
3.4% missing data
 120   (0.955) 1.000 0.999 0.995 0.997 0.997 1.000 0.997 0.999 0.958 0.881 0.999 0.998 0.998 1.000 0.999 
 100   (0.045) 0.000 0.001 0.005 0.003 0.003 0.000 0.003 0.001 0.042 0.119 0.001 0.002 0.002 0.000 0.001 

Locus 158 : 179162_16 
2 alleles
6.2% missing data
 120   (0.958) 1.000 0.999 0.995 0.997 0.997 1.000 0.997 0.999 0.961 0.970 0.999 0.998 0.998 1.000 1.000 
 100   (0.042) 0.000 0.001 0.005 0.003 0.003 0.000 0.003 0.001 0.039 0.030 0.001 0.002 0.002 0.000 0.000 

Locus 159 : 179286_31 
2 alleles
2.8% missing data
 120   (0.933) 0.992 0.998 0.991 0.925 0.994 1.000 0.884 0.998 0.937 0.995 0.998 0.997 0.986 0.999 0.998 
 100   (0.067) 0.008 0.002 0.009 0.075 0.006 0.000 0.116 0.002 0.063 0.005 0.002 0.003 0.014 0.001 0.002 

Locus 160 : 179594_17 
2 alleles
4.5% missing data
 120   (0.917) 0.999 0.997 0.916 0.994 0.993 1.000 0.738 0.993 0.919 0.993 0.998 0.958 0.996 0.999 0.998 
 100   (0.083) 0.001 0.003 0.084 0.006 0.007 0.000 0.262 0.007 0.081 0.007 0.002 0.042 0.004 0.001 0.002 

Locus 161 : 180413_54 
2 alleles
3.9% missing data
 100   (0.954) 1.000 0.999 0.994 0.997 0.997 1.000 0.997 0.999 0.957 0.880 0.999 0.998 0.998 1.000 0.999 
 110   (0.046) 0.000 0.001 0.006 0.003 0.003 0.000 0.003 0.001 0.043 0.120 0.001 0.002 0.002 0.000 0.001 

Locus 162 : 182862_79 
2 alleles
3.4% missing data
 130   (0.953) 1.000 0.999 0.994 0.997 0.997 1.000 0.997 0.999 0.956 0.867 0.999 0.998 0.998 1.000 0.999 
 110   (0.047) 0.000 0.001 0.006 0.003 0.003 0.000 0.003 0.001 0.044 0.133 0.001 0.002 0.002 0.000 0.001 

Locus 163 : 183288_63 
2 alleles
10.1% missing data
 100   (0.957) 1.000 0.999 0.994 0.997 0.997 1.000 0.997 0.999 0.959 0.970 0.999 0.998 0.998 1.000 0.999 
 120   (0.043) 0.000 0.001 0.006 0.003 0.003 0.000 0.003 0.001 0.041 0.030 0.001 0.002 0.002 0.000 0.001 

Locus 164 : 183906_55 
2 alleles
6.7% missing data
 130   (0.956) 1.000 0.999 0.994 0.997 0.997 1.000 0.997 0.999 0.959 0.945 0.999 0.998 0.998 1.000 0.999 
 100   (0.044) 0.000 0.001 0.006 0.003 0.003 0.000 0.003 0.001 0.041 0.055 0.001 0.002 0.002 0.000 0.001 

Locus 165 : 183990_7 
2 alleles
3.4% missing data
 120   (0.951) 1.000 0.999 0.994 0.997 0.959 1.000 0.997 0.999 0.949 0.997 0.842 0.997 0.998 0.999 0.992 
 100   (0.049) 0.000 0.001 0.006 0.003 0.041 0.000 0.003 0.001 0.051 0.003 0.158 0.003 0.002 0.001 0.008 

Locus 166 : 185904_60 
2 alleles
3.4% missing data
 120   (0.955) 1.000 0.999 0.994 0.997 0.997 1.000 0.997 0.999 0.958 0.997 0.999 0.911 0.998 1.000 0.999 
 100   (0.045) 0.000 0.001 0.006 0.003 0.003 0.000 0.003 0.001 0.042 0.003 0.001 0.089 0.002 0.000 0.001 

Locus 167 : 191703_64 
2 alleles
1.7% missing data
 130   (0.929) 1.000 0.998 0.674 0.996 0.995 1.000 0.863 0.998 0.934 0.995 0.999 0.997 0.997 1.000 0.999 
 110   (0.071) 0.000 0.002 0.326 0.004 0.005 0.000 0.137 0.002 0.066 0.005 0.001 0.003 0.003 0.000 0.001 

Locus 168 : 193854_7 
2 alleles
1.7% missing data
 130   (0.936) 0.999 0.979 0.992 0.996 0.995 1.000 0.995 0.998 0.939 0.881 0.999 0.996 0.997 0.999 0.999 
 110   (0.064) 0.001 0.021 0.008 0.004 0.005 0.000 0.005 0.002 0.061 0.119 0.001 0.004 0.003 0.001 0.001 

Locus 169 : 194868_38 
2 alleles
5.6% missing data
 120   (0.939) 0.999 0.998 0.990 0.895 0.996 1.000 0.957 0.998 0.938 0.996 0.994 0.997 0.987 1.000 0.994 
 100   (0.061) 0.001 0.002 0.010 0.105 0.004 0.000 0.043 0.002 0.062 0.004 0.006 0.003 0.013 0.000 0.006 

Locus 170 : 195463_36 
2 alleles
5.1% missing data
 120   (0.955) 1.000 0.999 0.995 0.997 0.997 1.000 0.860 0.999 0.958 0.997 0.999 0.998 0.998 1.000 0.999 
 100   (0.045) 0.000 0.001 0.005 0.003 0.003 0.000 0.140 0.001 0.042 0.003 0.001 0.002 0.002 0.000 0.001 

Locus 171 : 195727_20 
2 alleles
1.7% missing data
 130   (0.954) 1.000 0.999 0.994 0.997 0.997 1.000 0.997 0.999 0.957 0.914 0.999 0.998 0.998 1.000 1.000 
 110   (0.046) 0.000 0.001 0.006 0.003 0.003 0.000 0.003 0.001 0.043 0.086 0.001 0.002 0.002 0.000 0.000 

Locus 172 : 197508_5 
2 alleles
2.2% missing data
 120   (0.957) 1.000 0.999 0.993 0.984 0.996 1.000 0.997 0.999 0.952 0.997 0.998 0.998 0.998 1.000 0.999 
 100   (0.043) 0.000 0.001 0.007 0.016 0.004 0.000 0.003 0.001 0.048 0.003 0.002 0.002 0.002 0.000 0.001 

Locus 173 : 199140_10 
2 alleles
4.5% missing data
 130   (0.958) 1.000 0.999 0.994 0.997 0.993 1.000 0.997 0.999 0.943 0.997 0.996 0.998 0.998 1.000 0.999 
 110   (0.042) 0.000 0.001 0.006 0.003 0.007 0.000 0.003 0.001 0.057 0.003 0.004 0.002 0.002 0.000 0.001 

Locus 174 : 199429_51 
2 alleles
5.1% missing data
 130   (0.958) 1.000 0.999 0.992 0.997 0.997 1.000 0.995 0.999 0.957 0.997 0.999 0.968 0.998 1.000 0.999 
 100   (0.042) 0.000 0.001 0.008 0.003 0.003 0.000 0.005 0.001 0.043 0.003 0.001 0.032 0.002 0.000 0.001 

Locus 175 : 199635_9 
2 alleles
3.4% missing data
 120   (0.952) 1.000 0.999 0.994 0.997 0.997 1.000 0.997 0.999 0.956 0.829 0.999 0.998 0.998 1.000 0.999 
 100   (0.048) 0.000 0.001 0.006 0.003 0.003 0.000 0.003 0.001 0.044 0.171 0.001 0.002 0.002 0.000 0.001 

Locus 176 : 200923_8 
2 alleles
5.1% missing data
 100   (0.959) 1.000 0.999 0.929 0.997 0.997 1.000 0.995 0.999 0.961 0.997 0.999 0.998 0.998 1.000 1.000 
 110   (0.041) 0.000 0.001 0.071 0.003 0.003 0.000 0.005 0.001 0.039 0.003 0.001 0.002 0.002 0.000 0.000 

Locus 177 : 201090_64 
2 alleles
5.1% missing data
 130   (0.957) 1.000 0.999 0.994 0.997 0.997 1.000 0.996 0.999 0.958 0.997 0.999 0.955 0.998 1.000 0.999 
 100   (0.043) 0.000 0.001 0.006 0.003 0.003 0.000 0.004 0.001 0.042 0.003 0.001 0.045 0.002 0.000 0.001 

Locus 178 : 201549_57 
2 alleles
4.5% missing data
 120   (0.956) 1.000 0.999 0.995 0.997 0.997 1.000 0.906 0.999 0.959 0.997 0.999 0.998 0.998 1.000 0.999 
 110   (0.044) 0.000 0.001 0.005 0.003 0.003 0.000 0.094 0.001 0.041 0.003 0.001 0.002 0.002 0.000 0.001 

Locus 179 : 203565_40 
2 alleles
3.9% missing data
 120   (0.958) 1.000 0.999 0.928 0.997 0.997 1.000 0.997 0.999 0.960 0.997 0.999 0.998 0.998 1.000 0.999 
 100   (0.042) 0.000 0.001 0.072 0.003 0.003 0.000 0.003 0.001 0.040 0.003 0.001 0.002 0.002 0.000 0.001 

Locus 180 : 205184_19 
2 alleles
7.3% missing data
 110   (0.925) 0.999 0.862 0.991 0.995 0.995 1.000 0.995 0.998 0.930 0.759 0.999 0.997 0.997 1.000 0.999 
 120   (0.075) 0.001 0.138 0.009 0.005 0.005 0.000 0.005 0.002 0.070 0.241 0.001 0.003 0.003 0.000 0.001 

Locus 181 : 206551_17 
2 alleles
6.2% missing data
 120   (0.901) 0.998 0.997 0.936 0.993 0.984 1.000 0.961 0.872 0.902 0.993 0.993 0.614 0.994 0.999 0.989 
 100   (0.099) 0.002 0.003 0.064 0.007 0.016 0.000 0.039 0.128 0.098 0.007 0.007 0.386 0.006 0.001 0.011 

Locus 182 : 216246_19 
2 alleles
2.8% missing data
 110   (0.944) 0.999 0.998 0.983 0.989 0.976 1.000 0.989 0.998 0.938 0.996 0.990 0.996 0.980 0.999 0.994 
 130   (0.056) 0.001 0.002 0.017 0.011 0.024 0.000 0.011 0.002 0.062 0.004 0.010 0.004 0.020 0.001 0.006 

Locus 183 : 216776_13 
2 alleles
5.6% missing data
 120   (0.918) 0.999 0.991 0.990 0.995 0.994 1.000 0.994 0.820 0.923 0.728 0.999 0.996 0.996 0.997 0.999 
 110   (0.082) 0.001 0.009 0.010 0.005 0.006 0.000 0.006 0.180 0.077 0.272 0.001 0.004 0.004 0.003 0.001 

Locus 184 : 217291_37 
2 alleles
3.9% missing data
 120   (0.955) 1.000 0.999 0.994 0.997 0.996 1.000 0.906 0.999 0.955 0.997 0.999 0.997 0.997 1.000 0.999 
 100   (0.045) 0.000 0.001 0.006 0.003 0.004 0.000 0.094 0.001 0.045 0.003 0.001 0.003 0.003 0.000 0.001 

Locus 185 : 217570_13 
2 alleles
3.9% missing data
 130   (0.955) 1.000 0.999 0.995 0.997 0.997 1.000 0.997 0.999 0.958 0.866 0.999 0.998 0.998 1.000 0.999 
 110   (0.045) 0.000 0.001 0.005 0.003 0.003 0.000 0.003 0.001 0.042 0.134 0.001 0.002 0.002 0.000 0.001 

Locus 186 : 220422_65 
2 alleles
3.4% missing data
 120   (0.950) 0.999 0.999 0.993 0.987 0.971 1.000 0.989 0.999 0.945 0.996 0.999 0.997 0.964 1.000 0.990 
 110   (0.050) 0.001 0.001 0.007 0.013 0.029 0.000 0.011 0.001 0.055 0.004 0.001 0.003 0.036 0.000 0.010 

Locus 187 : 220502_40 
2 alleles
6.7% missing data
 120   (0.958) 0.999 0.999 0.994 0.996 0.995 1.000 0.997 0.998 0.959 0.997 0.999 0.997 0.966 0.999 0.998 
 110   (0.042) 0.001 0.001 0.006 0.004 0.005 0.000 0.003 0.002 0.041 0.003 0.001 0.003 0.034 0.001 0.002 

Locus 188 : 220519_81 
2 alleles
4.5% missing data
 130   (0.932) 1.000 0.998 0.928 0.996 0.996 1.000 0.995 0.998 0.936 0.857 0.999 0.997 0.997 1.000 0.999 
 110   (0.068) 0.000 0.002 0.072 0.004 0.004 0.000 0.005 0.002 0.064 0.143 0.001 0.003 0.003 0.000 0.001 

Locus 189 : 222347_17 
2 alleles
3.9% missing data
 120   (0.952) 1.000 0.999 0.994 0.997 0.997 1.000 0.997 0.999 0.956 0.891 0.999 0.998 0.998 1.000 0.999 
 100   (0.048) 0.000 0.001 0.006 0.003 0.003 0.000 0.003 0.001 0.044 0.109 0.001 0.002 0.002 0.000 0.001 

Locus 190 : 222896_46 
2 alleles
0.6% missing data
 110   (0.956) 1.000 0.999 0.995 0.997 0.997 1.000 0.997 0.999 0.959 0.944 0.999 0.998 0.998 1.000 0.999 
 130   (0.044) 0.000 0.001 0.005 0.003 0.003 0.000 0.003 0.001 0.041 0.056 0.001 0.002 0.002 0.000 0.001 

Locus 191 : 223181_12 
2 alleles
3.4% missing data
 120   (0.951) 1.000 0.999 0.994 0.997 0.997 1.000 0.997 0.999 0.954 0.722 0.999 0.998 0.998 1.000 0.999 
 100   (0.049) 0.000 0.001 0.006 0.003 0.003 0.000 0.003 0.001 0.046 0.278 0.001 0.002 0.002 0.000 0.001 

Locus 192 : 224649_57 
2 alleles
5.1% missing data
 100   (0.958) 1.000 0.973 0.993 0.997 0.997 1.000 0.997 0.999 0.959 0.997 0.999 0.998 0.998 1.000 0.999 
 110   (0.042) 0.000 0.027 0.007 0.003 0.003 0.000 0.003 0.001 0.041 0.003 0.001 0.002 0.002 0.000 0.001 

Locus 193 : 226245_11 
2 alleles
5.1% missing data
 130   (0.956) 1.000 0.999 0.994 0.997 0.992 1.000 0.997 0.999 0.959 0.997 0.999 0.998 0.918 1.000 0.998 
 110   (0.044) 0.000 0.001 0.006 0.003 0.008 0.000 0.003 0.001 0.041 0.003 0.001 0.002 0.082 0.000 0.002 

Locus 194 : 226342_59 
2 alleles
6.2% missing data
 120   (0.923) 0.995 0.966 0.988 0.994 0.994 0.997 0.993 0.995 0.926 0.911 0.998 0.995 0.994 0.997 0.996 
 100   (0.077) 0.005 0.034 0.012 0.006 0.006 0.003 0.007 0.005 0.074 0.089 0.002 0.005 0.006 0.003 0.004 

Locus 195 : 228970_13 
2 alleles
3.9% missing data
 120   (0.960) 1.000 0.999 0.995 0.997 0.998 1.000 0.956 0.999 0.962 0.997 0.999 0.998 0.998 1.000 0.999 
 100   (0.040) 0.000 0.001 0.005 0.003 0.002 0.000 0.044 0.001 0.038 0.003 0.001 0.002 0.002 0.000 0.001 

Locus 196 : 229097_27 
2 alleles
5.1% missing data
 130   (0.952) 1.000 0.999 0.994 0.997 0.997 1.000 0.996 0.999 0.955 0.791 0.999 0.998 0.998 1.000 0.999 
 110   (0.048) 0.000 0.001 0.006 0.003 0.003 0.000 0.004 0.001 0.045 0.209 0.001 0.002 0.002 0.000 0.001 

Locus 197 : 229177_29 
2 alleles
7.3% missing data
 130   (0.949) 0.997 0.998 0.993 0.996 0.996 0.997 0.996 0.801 0.951 0.996 0.999 0.995 0.997 0.996 0.987 
 110   (0.051) 0.003 0.002 0.007 0.004 0.004 0.003 0.004 0.199 0.049 0.004 0.001 0.005 0.003 0.004 0.013 

Locus 198 : 229612_7 
2 alleles
6.2% missing data
 100   (0.958) 1.000 0.999 0.993 0.982 0.996 1.000 0.997 0.999 0.952 0.997 0.998 0.998 0.998 1.000 0.999 
 120   (0.042) 0.000 0.001 0.007 0.018 0.004 0.000 0.003 0.001 0.048 0.003 0.002 0.002 0.002 0.000 0.001 

Locus 199 : 229936_67 
2 alleles
3.9% missing data
 120   (0.956) 0.984 0.999 0.994 0.997 0.956 1.000 0.997 0.998 0.955 0.997 0.999 0.998 0.989 0.998 0.983 
 100   (0.044) 0.016 0.001 0.006 0.003 0.044 0.000 0.003 0.002 0.045 0.003 0.001 0.002 0.011 0.002 0.017 

Locus 200 : 232937_62 
2 alleles
2.2% missing data
 100   (0.956) 1.000 0.999 0.994 0.996 0.997 1.000 0.997 0.988 0.947 0.997 0.999 0.998 0.998 1.000 0.999 
 120   (0.044) 0.000 0.001 0.006 0.004 0.003 0.000 0.003 0.012 0.053 0.003 0.001 0.002 0.002 0.000 0.001 

Locus 201 : 233194_6 
2 alleles
2.8% missing data
 120   (0.932) 1.000 0.962 0.992 0.996 0.995 1.000 0.995 0.998 0.936 0.662 0.999 0.997 0.997 1.000 0.999 
 100   (0.068) 0.000 0.038 0.008 0.004 0.005 0.000 0.005 0.002 0.064 0.338 0.001 0.003 0.003 0.000 0.001 

Locus 202 : 234346_33 
2 alleles
4.5% missing data
 110   (0.955) 1.000 0.814 0.995 0.997 0.997 1.000 0.997 0.999 0.959 0.996 0.999 0.998 0.998 1.000 0.999 
 130   (0.045) 0.000 0.186 0.005 0.003 0.003 0.000 0.003 0.001 0.041 0.004 0.001 0.002 0.002 0.000 0.001 

Locus 203 : 235241_77 
2 alleles
2.2% missing data
 130   (0.954) 1.000 0.999 0.995 0.997 0.997 1.000 0.997 0.999 0.957 0.838 0.999 0.998 0.998 1.000 1.000 
 100   (0.046) 0.000 0.001 0.005 0.003 0.003 0.000 0.003 0.001 0.043 0.162 0.001 0.002 0.002 0.000 0.000 

Locus 204 : 236207_44 
2 alleles
6.2% missing data
 120   (0.900) 0.932 0.997 0.859 0.993 0.789 1.000 0.962 0.998 0.905 0.993 0.998 0.995 0.777 0.999 0.999 
 100   (0.100) 0.068 0.003 0.141 0.007 0.211 0.000 0.038 0.002 0.095 0.007 0.002 0.005 0.223 0.001 0.001 

Locus 205 : 236307_12 
2 alleles
1.7% missing data
 130   (0.950) 0.999 0.999 0.992 0.997 0.967 1.000 0.993 0.999 0.953 0.996 0.586 0.998 0.998 1.000 0.992 
 110   (0.050) 0.001 0.001 0.008 0.003 0.033 0.000 0.007 0.001 0.047 0.004 0.414 0.002 0.002 0.000 0.008 

Locus 206 : 236931_45 
2 alleles
6.7% missing data
 120   (0.887) 0.999 0.997 0.459 0.682 0.992 1.000 0.710 0.997 0.893 0.992 0.996 0.995 0.990 0.999 0.998 
 100   (0.113) 0.001 0.003 0.541 0.318 0.008 0.000 0.290 0.003 0.107 0.008 0.004 0.005 0.010 0.001 0.002 

Locus 207 : 236999_38 
2 alleles
2.8% missing data
 120   (0.957) 1.000 0.999 0.995 0.997 0.997 1.000 0.997 0.999 0.960 0.944 0.999 0.998 0.998 1.000 0.999 
 100   (0.043) 0.000 0.001 0.005 0.003 0.003 0.000 0.003 0.001 0.040 0.056 0.001 0.002 0.002 0.000 0.001 

Locus 208 : 240398_42 
2 alleles
3.9% missing data
 110   (0.852) 0.998 0.996 0.448 0.808 0.983 0.999 0.878 0.996 0.845 0.989 0.591 0.993 0.989 0.999 0.996 
 130   (0.148) 0.002 0.004 0.552 0.192 0.017 0.001 0.122 0.004 0.155 0.011 0.409 0.007 0.011 0.001 0.004 

Locus 209 : 240825_22 
2 alleles
6.2% missing data
 130   (0.958) 0.999 0.999 0.990 0.997 0.992 1.000 0.997 0.996 0.958 0.997 0.998 0.993 0.996 0.992 0.990 
 110   (0.042) 0.001 0.001 0.010 0.003 0.008 0.000 0.003 0.004 0.042 0.003 0.002 0.007 0.004 0.008 0.010 

Locus 210 : 244435_48 
2 alleles
1.7% missing data
 110   (0.958) 1.000 0.999 0.995 0.997 0.992 1.000 0.997 0.999 0.962 0.997 0.999 0.998 0.917 1.000 0.999 
 130   (0.042) 0.000 0.001 0.005 0.003 0.008 0.000 0.003 0.001 0.038 0.003 0.001 0.002 0.083 0.000 0.001 

Locus 211 : 245971_21 
2 alleles
5.1% missing data
 130   (0.954) 1.000 0.999 0.994 0.997 0.997 1.000 0.997 0.999 0.957 0.913 0.999 0.998 0.998 1.000 0.999 
 120   (0.046) 0.000 0.001 0.006 0.003 0.003 0.000 0.003 0.001 0.043 0.087 0.001 0.002 0.002 0.000 0.001 

Locus 212 : 246895_22 
2 alleles
3.4% missing data
 120   (0.958) 1.000 0.999 0.995 0.997 0.989 1.000 0.997 0.999 0.947 0.997 0.994 0.998 0.998 1.000 0.999 
 110   (0.042) 0.000 0.001 0.005 0.003 0.011 0.000 0.003 0.001 0.053 0.003 0.006 0.002 0.002 0.000 0.001 

Locus 213 : 248131_26 
2 alleles
7.9% missing data
 130   (0.943) 0.996 0.998 0.991 0.976 0.995 0.998 0.994 0.998 0.945 0.996 0.998 0.955 0.994 0.998 0.997 
 110   (0.057) 0.004 0.002 0.009 0.024 0.005 0.002 0.006 0.002 0.055 0.004 0.002 0.045 0.006 0.002 0.003 

Locus 214 : 250844_49 
2 alleles
7.3% missing data
 130   (0.957) 1.000 0.999 0.995 0.977 0.997 1.000 0.996 0.999 0.954 0.997 0.999 0.998 0.998 1.000 0.999 
 100   (0.043) 0.000 0.001 0.005 0.023 0.003 0.000 0.004 0.001 0.046 0.003 0.001 0.002 0.002 0.000 0.001 

Locus 215 : 251283_19 
2 alleles
5.6% missing data
 120   (0.956) 1.000 0.999 0.826 0.997 0.997 1.000 0.997 0.999 0.959 0.997 0.999 0.998 0.998 1.000 1.000 
 100   (0.044) 0.000 0.001 0.174 0.003 0.003 0.000 0.003 0.001 0.041 0.003 0.001 0.002 0.002 0.000 0.000 

Locus 216 : 251358_15 
2 alleles
8.4% missing data
 110   (0.935) 0.999 0.998 0.990 0.792 0.995 1.000 0.995 0.999 0.938 0.995 0.999 0.997 0.954 0.999 0.999 
 120   (0.065) 0.001 0.002 0.010 0.208 0.005 0.000 0.005 0.001 0.062 0.005 0.001 0.003 0.046 0.001 0.001 

Locus 217 : 251901_42 
2 alleles
2.2% missing data
 120   (0.958) 0.999 0.999 0.994 0.997 0.996 1.000 0.997 0.999 0.958 0.997 0.999 0.970 0.997 1.000 0.999 
 100   (0.042) 0.001 0.001 0.006 0.003 0.004 0.000 0.003 0.001 0.042 0.003 0.001 0.030 0.003 0.000 0.001 

Locus 218 : 252158_43 
2 alleles
0.0% missing data
 120   (0.955) 1.000 0.999 0.995 0.997 0.997 1.000 0.997 0.999 0.958 0.918 0.999 0.998 0.998 1.000 0.999 
 100   (0.045) 0.000 0.001 0.005 0.003 0.003 0.000 0.003 0.001 0.042 0.082 0.001 0.002 0.002 0.000 0.001 

Locus 219 : 252988_16 
2 alleles
7.9% missing data
 110   (0.952) 1.000 0.998 0.993 0.995 0.997 0.999 0.997 0.999 0.954 0.996 0.999 0.722 0.998 0.999 0.999 
 100   (0.048) 0.000 0.002 0.007 0.005 0.003 0.001 0.003 0.001 0.046 0.004 0.001 0.278 0.002 0.001 0.001 

Locus 220 : 254425_88 
2 alleles
5.6% missing data
 130   (0.923) 0.999 0.880 0.990 0.995 0.996 1.000 0.995 0.997 0.928 0.772 0.999 0.996 0.997 0.999 0.999 
 110   (0.077) 0.001 0.120 0.010 0.005 0.004 0.000 0.005 0.003 0.072 0.228 0.001 0.004 0.003 0.001 0.001 

Locus 221 : 256337_57 
2 alleles
5.6% missing data
 110   (0.957) 1.000 0.999 0.923 0.997 0.997 1.000 0.997 0.999 0.960 0.997 0.999 0.998 0.998 1.000 0.999 
 130   (0.043) 0.000 0.001 0.077 0.003 0.003 0.000 0.003 0.001 0.040 0.003 0.001 0.002 0.002 0.000 0.001 

Locus 222 : 259058_15 
2 alleles
1.7% missing data
 120   (0.956) 1.000 0.871 0.995 0.997 0.997 1.000 0.997 0.999 0.960 0.997 0.999 0.998 0.998 1.000 0.999 
 100   (0.044) 0.000 0.129 0.005 0.003 0.003 0.000 0.003 0.001 0.040 0.003 0.001 0.002 0.002 0.000 0.001 

Locus 223 : 259869_81 
2 alleles
0.6% missing data
 120   (0.956) 1.000 0.939 0.995 0.997 0.998 1.000 0.997 0.999 0.959 0.997 0.999 0.998 0.998 1.000 1.000 
 130   (0.044) 0.000 0.061 0.005 0.003 0.002 0.000 0.003 0.001 0.041 0.003 0.001 0.002 0.002 0.000 0.000 

Locus 224 : 260700_55 
2 alleles
2.2% missing data
 130   (0.957) 0.999 0.998 0.993 0.997 0.997 1.000 0.996 0.976 0.958 0.997 0.998 0.993 0.998 0.999 0.998 
 110   (0.043) 0.001 0.002 0.007 0.003 0.003 0.000 0.004 0.024 0.042 0.003 0.002 0.007 0.002 0.001 0.002 

Locus 225 : 262223_11 
2 alleles
4.5% missing data
 130   (0.957) 1.000 0.999 0.995 0.997 0.997 1.000 0.997 0.850 0.960 0.997 0.999 0.998 0.998 1.000 0.999 
 100   (0.043) 0.000 0.001 0.005 0.003 0.003 0.000 0.003 0.150 0.040 0.003 0.001 0.002 0.002 0.000 0.001 

Locus 226 : 262346_48 
2 alleles
3.4% missing data
 130   (0.953) 1.000 0.999 0.411 0.997 0.997 1.000 0.997 0.999 0.957 0.997 0.999 0.998 0.998 1.000 0.999 
 110   (0.047) 0.000 0.001 0.589 0.003 0.003 0.000 0.003 0.001 0.043 0.003 0.001 0.002 0.002 0.000 0.001 

Locus 227 : 262620_18 
2 alleles
3.9% missing data
 110   (0.945) 0.994 0.998 0.989 0.995 0.987 0.998 0.994 0.996 0.937 0.995 0.992 0.996 0.989 0.995 0.993 
 130   (0.055) 0.006 0.002 0.011 0.005 0.013 0.002 0.006 0.004 0.063 0.005 0.008 0.004 0.011 0.005 0.007 

Locus 228 : 263002_42 
2 alleles
3.4% missing data
 120   (0.953) 1.000 0.999 0.994 0.837 0.997 1.000 0.995 0.999 0.956 0.997 0.999 0.998 0.998 1.000 0.999 
 100   (0.047) 0.000 0.001 0.006 0.163 0.003 0.000 0.005 0.001 0.044 0.003 0.001 0.002 0.002 0.000 0.001 

Locus 229 : 263813_70 
2 alleles
10.1% missing data
 130   (0.956) 1.000 0.934 0.994 0.997 0.997 1.000 0.997 0.999 0.959 0.996 0.999 0.998 0.998 1.000 0.999 
 110   (0.044) 0.000 0.066 0.006 0.003 0.003 0.000 0.003 0.001 0.041 0.004 0.001 0.002 0.002 0.000 0.001 

Locus 230 : 264184_13 
2 alleles
10.1% missing data
 110   (0.917) 0.999 0.998 0.943 0.995 0.986 1.000 0.994 0.998 0.921 0.993 0.999 0.825 0.861 0.999 0.998 
 130   (0.083) 0.001 0.002 0.057 0.005 0.014 0.000 0.006 0.002 0.079 0.007 0.001 0.175 0.139 0.001 0.002 

Values of parameters used in structure:
DATAFILE=C:\Users\jmahg\OneDrive\Desktop\Transfers\TrkNbr-1524n1282n1083_AllPops_Structure_p18_r080_LDnHWEx\project_data,	OUTFILE=C:\Users\jmahg\OneDrive\Desktop\Transfers\TrkNbr-1524n1282n1083_AllPops_Structure_p18_r080_LDnHWEx\BI50000_MCMC100000\Results\BI50000_MCMC100000_run_145,	NUMINDS=178,	NUMLOCI=230,	MISSING=0,	LABEL=1,	POPDATA=1,	POPFLAG=0,	PHENOTYPE=0,	EXTRACOLS=0,	MAXPOPS=15,	BURNIN=50000,	NUMREPS=100000,	USEPOPINFO=0,	INFERALPHA=1,	INFERLAMBDA=0,	POPSPECIFICLAMBDA=0,	POPALPHAS=0,	COMPUTEPROB=1,	NOADMIX=0,	ADMBURNIN=2500,	UPDATEFREQ=1,	PRINTLIKES=0,	INTERMEDSAVE=0,	PRINTKLD=0,	PRINTNET=0,	PRINTLAMBDA=0,	ANCESTDIST=0,	NUMBOXES=1000,	ANCESTPINT=0.90000,	GENSBACK=2,	MIGRPRIOR=0.05000,	PRINTQHAT=0,	PRINTQSUM=0,	ALPHA=1.0000,	FREQSCORR=1,	FPRIORMEAN=0.0100,	FPRIORSD=0.0500,	ONEFST=0,	LAMBDA=1.0000,	UNIFPRIORALPHA=1,	ALPHAMAX=10.0000,	ALPHAPRIORA=1.0000,	ALPHAPRIORB=2.0000,	ALPHAPROPSD=0.0250,	STARTATPOPINFO=0,	RANDOMIZE=1,	LINKAGE=0,	METROFREQ=10,	REPORTHITRATE=0,	MARKOVPHASE=-1,	PHASED=0,	PLOIDY=2,	PHASEINFO=0	LOCPRIOR=0, 	LOCPRIORINIT=1.000000, 	LOCDATA=0, 	LOCISPOP=0, 	LOCPRIORSTEP=0.100000, 	MAXLOCPRIOR=20.000000, 	SEED=1603006825,	
[STRAT parameters]:    NUMSIMSTATS=1000,	PHENOTYPECOL=-9,	POOLFREQ=10,	LOCUSxONLY=0,	EMERROR=0.00100,	MISSINGPHENO=-9,	