

----------------------------------------------------
STRUCTURE by Pritchard, Stephens and Donnelly (2000)
     and Falush, Stephens and Pritchard (2003)
       Code by Pritchard, Falush and Hubisz
             Version 2.3.4 (Jul 2012)
----------------------------------------------------



Command line arguments:   bin\structure -m C:\Users\jmahg\OneDrive\Desktop\Transfers\TrkNbr-1524n1282n1083_AllPops_Structure_p18_r080_LDnHWEx\BI50000_MCMC100000\mainparams -e C:\Users\jmahg\OneDrive\Desktop\Transfers\TrkNbr-1524n1282n1083_AllPops_Structure_p18_r080_LDnHWEx\BI50000_MCMC100000\extraparams 
Input File:    C:\Users\jmahg\OneDrive\Desktop\Transfers\TrkNbr-1524n1282n1083_AllPops_Structure_p18_r080_LDnHWEx\project_data

Run parameters:
   178 individuals
   230 loci
   16 populations assumed
   50000 Burn-in period
   100000 Reps


--------------------------------------------
Proportion of membership of each pre-defined
 population in each of the 16 clusters

Given    Inferred Clusters                                                                                                  Number of
 Pop       1      2      3      4      5      6      7      8      9     10     11     12     13     14     15     16      Individuals

  1:     0.010  0.011  0.008  0.027  0.029  0.004  0.002  0.041  0.007  0.116  0.012  0.030  0.030  0.014  0.007  0.651       10
  2:     0.039  0.482  0.004  0.050  0.058  0.015  0.002  0.076  0.036  0.080  0.013  0.061  0.050  0.007  0.008  0.021        8
  3:     0.021  0.011  0.005  0.044  0.069  0.003  0.002  0.075  0.026  0.023  0.505  0.109  0.084  0.007  0.008  0.010       10
  4:     0.010  0.058  0.017  0.071  0.076  0.008  0.003  0.080  0.397  0.031  0.021  0.098  0.083  0.018  0.010  0.020       10
  5:     0.004  0.007  0.003  0.010  0.013  0.003  0.871  0.014  0.005  0.009  0.008  0.016  0.014  0.004  0.011  0.006       10
  6:     0.004  0.013  0.005  0.065  0.098  0.004  0.003  0.104  0.007  0.031  0.349  0.157  0.124  0.007  0.009  0.019       10
  7:     0.003  0.009  0.003  0.054  0.038  0.003  0.002  0.095  0.005  0.683  0.010  0.032  0.030  0.004  0.006  0.024       10
  8:     0.051  0.232  0.035  0.086  0.091  0.019  0.003  0.083  0.044  0.059  0.034  0.054  0.051  0.053  0.010  0.097       10
  9:     0.003  0.012  0.004  0.109  0.133  0.003  0.002  0.209  0.008  0.133  0.018  0.186  0.138  0.006  0.009  0.027       10
 10:     0.005  0.015  0.005  0.088  0.117  0.004  0.003  0.118  0.009  0.040  0.024  0.189  0.355  0.006  0.010  0.012       10
 11:     0.040  0.032  0.008  0.039  0.067  0.009  0.002  0.056  0.012  0.022  0.013  0.075  0.052  0.540  0.007  0.027       10
 12:     0.007  0.051  0.082  0.035  0.052  0.006  0.002  0.045  0.011  0.019  0.018  0.057  0.046  0.510  0.009  0.049       10
 13:     0.011  0.010  0.804  0.016  0.021  0.008  0.002  0.020  0.008  0.015  0.011  0.024  0.023  0.010  0.006  0.010       10
 14:     0.006  0.010  0.004  0.028  0.037  0.003  0.010  0.038  0.007  0.020  0.018  0.059  0.047  0.005  0.699  0.009       10
 15:     0.006  0.009  0.004  0.022  0.027  0.003  0.007  0.037  0.006  0.015  0.032  0.046  0.037  0.005  0.734  0.009       10
 16:     0.037  0.027  0.006  0.101  0.066  0.015  0.002  0.086  0.422  0.042  0.031  0.069  0.054  0.010  0.009  0.022       10
 17:     0.008  0.047  0.017  0.050  0.039  0.521  0.003  0.047  0.021  0.023  0.016  0.061  0.046  0.047  0.007  0.048       10
 18:     0.005  0.008  0.004  0.014  0.018  0.003  0.827  0.020  0.006  0.013  0.011  0.029  0.022  0.005  0.008  0.007       10
--------------------------------------------

Allele-freq. divergence among pops (Net nucleotide distance),
computed using point estimates of P.

      1       2       3       4       5       6       7       8       9      10      11      12      13      14      15      16      
 1      -    0.0055  0.0046  0.0016  0.0017  0.0067  0.0059  0.0026  0.0051  0.0036  0.0032  0.0027  0.0028  0.0028  0.0032  0.0034  
 2   0.0055     -    0.0091  0.0043  0.0045  0.0070  0.0119  0.0047  0.0089  0.0062  0.0060  0.0047  0.0048  0.0062  0.0065  0.0069  
 3   0.0046  0.0091     -    0.0046  0.0044  0.0103  0.0121  0.0053  0.0091  0.0068  0.0063  0.0052  0.0053  0.0050  0.0069  0.0069  
 4   0.0016  0.0043  0.0046     -    0.0001  0.0075  0.0071  0.0002  0.0041  0.0015  0.0015  0.0004  0.0005  0.0026  0.0020  0.0021  
 5   0.0017  0.0045  0.0044  0.0001     -    0.0077  0.0071  0.0002  0.0042  0.0016  0.0014  0.0003  0.0004  0.0023  0.0020  0.0022  
 6   0.0067  0.0070  0.0103  0.0075  0.0077     -    0.0149  0.0083  0.0118  0.0097  0.0094  0.0083  0.0085  0.0078  0.0100  0.0097  
 7   0.0059  0.0119  0.0121  0.0071  0.0071  0.0149     -    0.0075  0.0116  0.0091  0.0081  0.0074  0.0075  0.0099  0.0070  0.0099  
 8   0.0026  0.0047  0.0053  0.0002  0.0002  0.0083  0.0075     -    0.0046  0.0011  0.0015  0.0002  0.0003  0.0031  0.0020  0.0021  
 9   0.0051  0.0089  0.0091  0.0041  0.0042  0.0118  0.0116  0.0046     -    0.0061  0.0053  0.0045  0.0046  0.0065  0.0063  0.0068  
10   0.0036  0.0062  0.0068  0.0015  0.0016  0.0097  0.0091  0.0011  0.0061     -    0.0030  0.0017  0.0019  0.0047  0.0036  0.0018  
11   0.0032  0.0060  0.0063  0.0015  0.0014  0.0094  0.0081  0.0015  0.0053  0.0030     -    0.0013  0.0014  0.0042  0.0031  0.0040  
12   0.0027  0.0047  0.0052  0.0004  0.0003  0.0083  0.0074  0.0002  0.0045  0.0017  0.0013     -    0.0001  0.0030  0.0019  0.0028  
13   0.0028  0.0048  0.0053  0.0005  0.0004  0.0085  0.0075  0.0003  0.0046  0.0019  0.0014  0.0001     -    0.0031  0.0020  0.0029  
14   0.0028  0.0062  0.0050  0.0026  0.0023  0.0078  0.0099  0.0031  0.0065  0.0047  0.0042  0.0030  0.0031     -    0.0047  0.0040  
15   0.0032  0.0065  0.0069  0.0020  0.0020  0.0100  0.0070  0.0020  0.0063  0.0036  0.0031  0.0019  0.0020  0.0047     -    0.0046  
16   0.0034  0.0069  0.0069  0.0021  0.0022  0.0097  0.0099  0.0021  0.0068  0.0018  0.0040  0.0028  0.0029  0.0040  0.0046     -    

Average distances (expected heterozygosity) between individuals in same cluster:
cluster  1  : 0.0938 
cluster  2  : 0.0127 
cluster  3  : 0.0406 
cluster  4  : 0.0243 
cluster  5  : 0.0198 
cluster  6  : 0.0458 
cluster  7  : 0.0672 
cluster  8  : 0.0053 
cluster  9  : 0.0247 
cluster 10  : 0.0082 
cluster 11  : 0.0150 
cluster 12  : 0.0010 
cluster 13  : 0.0026 
cluster 14  : 0.0356 
cluster 15  : 0.0243 
cluster 16  : 0.0200 

--------------------------------------------
Estimated Ln Prob of Data   = -3678.6
Mean value of ln likelihood = -3237.7
Variance of ln likelihood   = 881.7
Mean value of alpha         = 0.0367

Mean value of Fst_1         = 0.0010
Mean value of Fst_2         = 0.7826
Mean value of Fst_3         = 0.4058
Mean value of Fst_4         = 0.6978
Mean value of Fst_5         = 0.7586
Mean value of Fst_6         = 0.3900
Mean value of Fst_7         = 0.2653
Mean value of Fst_8         = 0.8885
Mean value of Fst_9         = 0.5473
Mean value of Fst_10         = 0.8424
Mean value of Fst_11         = 0.6844
Mean value of Fst_12         = 0.9557
Mean value of Fst_13         = 0.9170
Mean value of Fst_14         = 0.4098
Mean value of Fst_15         = 0.5248
Mean value of Fst_16         = 0.6179


Inferred ancestry of individuals:
        Label (%Miss) Pop:  Inferred clusters
  1 TGCP_WM1    (0)    1 :  0.009 0.008 0.005 0.016 0.025 0.004 0.002 0.062 0.005 0.057 0.021 0.046 0.029 0.011 0.007 0.693 
  2 TGCP_WM10    (1)    1 :  0.003 0.022 0.004 0.072 0.079 0.004 0.002 0.126 0.007 0.106 0.019 0.069 0.059 0.014 0.008 0.406 
  3 TGCP_WM2    (0)    1 :  0.055 0.011 0.007 0.039 0.032 0.005 0.002 0.043 0.008 0.239 0.014 0.020 0.043 0.008 0.007 0.465 
  4 TGCP_WM3    (1)    1 :  0.002 0.010 0.004 0.016 0.024 0.003 0.002 0.035 0.006 0.051 0.011 0.033 0.027 0.008 0.009 0.758 
  5 TGCP_WM4    (0)    1 :  0.005 0.009 0.003 0.019 0.015 0.004 0.002 0.031 0.009 0.018 0.010 0.028 0.019 0.052 0.005 0.771 
  6 TGCP_WM5    (0)    1 :  0.006 0.017 0.013 0.033 0.041 0.003 0.003 0.028 0.006 0.013 0.010 0.017 0.026 0.010 0.009 0.764 
  7 TGCP_WM6    (0)    1 :  0.003 0.008 0.007 0.013 0.019 0.003 0.003 0.023 0.008 0.034 0.010 0.018 0.019 0.009 0.008 0.816 
  8 TGCP_WM7    (0)    1 :  0.006 0.018 0.017 0.041 0.027 0.007 0.002 0.038 0.012 0.600 0.011 0.040 0.052 0.005 0.009 0.114 
  9 TGCP_WM8    (0)    1 :  0.004 0.005 0.017 0.016 0.023 0.005 0.002 0.014 0.005 0.033 0.011 0.019 0.019 0.015 0.005 0.806 
 10 TGCP_WM9    (0)    1 :  0.003 0.004 0.003 0.007 0.006 0.003 0.002 0.011 0.004 0.010 0.006 0.007 0.007 0.004 0.004 0.918 
 11 MRLP_WM123    (3)    2 :  0.170 0.582 0.004 0.047 0.037 0.006 0.002 0.012 0.020 0.035 0.008 0.022 0.027 0.010 0.008 0.011 
 12 MRLP_WM124    (4)    2 :  0.002 0.726 0.003 0.025 0.045 0.004 0.002 0.029 0.008 0.023 0.016 0.044 0.048 0.007 0.008 0.010 
 13 MRLP_WM125    (1)    2 :  0.117 0.555 0.006 0.045 0.036 0.067 0.002 0.041 0.008 0.042 0.007 0.013 0.017 0.008 0.008 0.027 
 14 MRLP_WM126    (2)    2 :  0.002 0.011 0.003 0.080 0.175 0.003 0.002 0.182 0.007 0.036 0.026 0.269 0.180 0.005 0.010 0.009 
 15 MRLP_WM127    (3)    2 :  0.007 0.019 0.005 0.134 0.108 0.031 0.002 0.218 0.007 0.267 0.014 0.060 0.058 0.007 0.009 0.053 
 16 MRLP_WM128    (3)    2 :  0.002 0.898 0.003 0.009 0.010 0.006 0.002 0.012 0.004 0.010 0.006 0.013 0.010 0.005 0.005 0.005 
 17 MRLP_WM129    (7)    2 :  0.006 0.479 0.004 0.025 0.016 0.004 0.002 0.052 0.226 0.095 0.013 0.022 0.022 0.007 0.006 0.023 
 18 MRLP_WM130    (5)    2 :  0.003 0.587 0.004 0.033 0.033 0.003 0.002 0.061 0.006 0.135 0.010 0.042 0.036 0.005 0.009 0.029 
 19 STT_WM183    (2)    3 :  0.162 0.008 0.004 0.033 0.038 0.003 0.003 0.024 0.005 0.011 0.559 0.067 0.051 0.017 0.010 0.005 
 20 STT_WM184    (3)    3 :  0.016 0.009 0.006 0.037 0.042 0.004 0.002 0.042 0.056 0.011 0.625 0.060 0.062 0.008 0.009 0.011 
 21 STT_WM185   (15)    3 :  0.002 0.028 0.004 0.093 0.136 0.004 0.002 0.180 0.009 0.077 0.033 0.226 0.171 0.004 0.013 0.016 
 22 STT_WM186   (13)    3 :  0.003 0.015 0.005 0.084 0.167 0.003 0.002 0.173 0.010 0.036 0.029 0.256 0.186 0.005 0.009 0.016 
 23 STT_WM187   (13)    3 :  0.003 0.007 0.007 0.014 0.026 0.003 0.002 0.027 0.007 0.013 0.813 0.034 0.025 0.006 0.007 0.007 
 24 STT_WM188    (3)    3 :  0.003 0.007 0.003 0.008 0.014 0.002 0.002 0.010 0.004 0.008 0.898 0.013 0.012 0.004 0.005 0.007 
 25 STT_WM189    (0)    3 :  0.002 0.010 0.003 0.095 0.163 0.003 0.002 0.168 0.006 0.029 0.015 0.277 0.202 0.005 0.008 0.011 
 26 STT_WM190   (11)    3 :  0.002 0.006 0.003 0.010 0.006 0.003 0.002 0.014 0.005 0.014 0.888 0.017 0.014 0.003 0.005 0.006 
 27 STT_WM191    (7)    3 :  0.003 0.014 0.005 0.061 0.078 0.003 0.002 0.098 0.010 0.021 0.444 0.129 0.102 0.008 0.009 0.012 
 28 STT_WM192   (12)    3 :  0.010 0.008 0.008 0.008 0.015 0.004 0.002 0.009 0.146 0.006 0.744 0.010 0.014 0.005 0.006 0.007 
 29 FSSP_WM241    (3)    4 :  0.009 0.110 0.030 0.091 0.106 0.012 0.003 0.118 0.128 0.037 0.022 0.153 0.100 0.017 0.013 0.049 
 30 FSSP_WM242   (15)    4 :  0.002 0.011 0.003 0.107 0.184 0.003 0.003 0.157 0.009 0.039 0.023 0.235 0.195 0.007 0.011 0.010 
 31 FSSP_WM243    (6)    4 :  0.015 0.005 0.004 0.011 0.012 0.004 0.002 0.010 0.882 0.007 0.010 0.013 0.013 0.005 0.004 0.004 
 32 FSSP_WM244    (5)    4 :  0.009 0.241 0.076 0.090 0.071 0.024 0.002 0.070 0.025 0.082 0.023 0.112 0.084 0.020 0.012 0.059 
 33 FSSP_WM245   (10)    4 :  0.003 0.011 0.004 0.064 0.127 0.004 0.002 0.138 0.234 0.039 0.025 0.172 0.143 0.006 0.013 0.015 
 34 FSSP_WM246    (6)    4 :  0.008 0.023 0.008 0.151 0.137 0.005 0.002 0.166 0.053 0.041 0.051 0.166 0.156 0.009 0.013 0.009 
 35 FSSP_WM247    (3)    4 :  0.012 0.007 0.020 0.024 0.015 0.008 0.002 0.012 0.783 0.014 0.011 0.026 0.023 0.011 0.007 0.026 
 36 FSSP_WM248    (9)    4 :  0.005 0.006 0.011 0.015 0.015 0.004 0.002 0.014 0.832 0.015 0.006 0.018 0.022 0.020 0.007 0.008 
 37 FSSP_WM249    (6)    4 :  0.006 0.009 0.004 0.023 0.027 0.005 0.003 0.050 0.712 0.015 0.019 0.045 0.033 0.028 0.010 0.011 
 38 FSSP_WM250    (2)    4 :  0.028 0.159 0.006 0.134 0.062 0.014 0.003 0.062 0.311 0.023 0.019 0.042 0.065 0.055 0.007 0.010 
 39 HNL_WM301    (3)    5 :  0.003 0.005 0.004 0.009 0.013 0.003 0.884 0.011 0.006 0.009 0.007 0.012 0.012 0.003 0.011 0.005 
 40 HNL_WM302    (2)    5 :  0.003 0.005 0.002 0.005 0.005 0.002 0.933 0.006 0.003 0.005 0.004 0.007 0.007 0.003 0.006 0.005 
 41 HNL_WM303    (2)    5 :  0.003 0.007 0.003 0.013 0.014 0.003 0.867 0.014 0.005 0.012 0.012 0.017 0.013 0.003 0.008 0.005 
 42 HNL_WM304    (3)    5 :  0.003 0.009 0.005 0.018 0.021 0.003 0.797 0.028 0.008 0.013 0.010 0.022 0.027 0.004 0.021 0.011 
 43 HNL_WM305    (3)    5 :  0.006 0.005 0.002 0.005 0.007 0.003 0.913 0.011 0.005 0.008 0.006 0.009 0.007 0.003 0.005 0.004 
 44 HNL_WM306    (0)    5 :  0.005 0.006 0.004 0.006 0.008 0.003 0.916 0.008 0.003 0.005 0.006 0.008 0.007 0.004 0.008 0.004 
 45 HNL_WM307    (3)    5 :  0.003 0.008 0.003 0.011 0.012 0.002 0.883 0.013 0.004 0.007 0.006 0.018 0.015 0.003 0.005 0.005 
 46 HNL_WM308    (3)    5 :  0.004 0.007 0.003 0.008 0.012 0.003 0.879 0.012 0.005 0.008 0.009 0.017 0.011 0.004 0.013 0.006 
 47 HNL_WM309    (0)    5 :  0.010 0.011 0.004 0.017 0.018 0.004 0.792 0.018 0.009 0.012 0.013 0.030 0.025 0.006 0.023 0.007 
 48 HNL_WM310   (10)    5 :  0.003 0.006 0.003 0.012 0.020 0.003 0.848 0.019 0.006 0.014 0.011 0.020 0.016 0.005 0.009 0.006 
 49 MPO_WM482    (2)    6 :  0.003 0.005 0.004 0.007 0.025 0.003 0.005 0.018 0.005 0.015 0.839 0.029 0.021 0.004 0.007 0.010 
 50 MPO_WM483    (3)    6 :  0.005 0.016 0.005 0.101 0.093 0.004 0.002 0.119 0.007 0.035 0.227 0.203 0.154 0.006 0.012 0.012 
 51 MPO_WM484    (1)    6 :  0.003 0.014 0.004 0.046 0.099 0.004 0.002 0.090 0.008 0.029 0.474 0.120 0.084 0.005 0.009 0.009 
 52 MPO_WM485    (0)    6 :  0.008 0.009 0.005 0.054 0.047 0.004 0.002 0.040 0.007 0.013 0.648 0.081 0.055 0.011 0.006 0.011 
 53 MPO_WM486   (21)    6 :  0.003 0.014 0.006 0.103 0.142 0.004 0.003 0.175 0.013 0.066 0.027 0.239 0.169 0.007 0.011 0.017 
 54 MPO_WM487   (19)    6 :  0.003 0.010 0.006 0.062 0.078 0.003 0.003 0.058 0.009 0.045 0.427 0.148 0.115 0.007 0.014 0.012 
 55 MPO_WM488    (9)    6 :  0.002 0.011 0.004 0.096 0.145 0.003 0.002 0.174 0.005 0.032 0.034 0.233 0.237 0.004 0.010 0.008 
 56 MPO_WM489    (3)    6 :  0.005 0.010 0.003 0.011 0.019 0.008 0.002 0.020 0.005 0.012 0.746 0.023 0.021 0.018 0.006 0.092 
 57 MPO_WM490   (24)    6 :  0.003 0.019 0.007 0.085 0.165 0.006 0.003 0.174 0.006 0.029 0.045 0.254 0.178 0.007 0.010 0.010 
 58 MPO_WM491   (11)    6 :  0.002 0.023 0.003 0.090 0.170 0.003 0.002 0.171 0.006 0.033 0.023 0.244 0.208 0.006 0.008 0.009 
 59 OICP_WM541    (1)    7 :  0.003 0.006 0.003 0.010 0.015 0.003 0.002 0.011 0.005 0.890 0.006 0.018 0.015 0.004 0.005 0.005 
 60 OICP_WM542    (2)    7 :  0.002 0.006 0.003 0.017 0.012 0.003 0.002 0.027 0.005 0.854 0.007 0.029 0.016 0.004 0.005 0.011 
 61 OICP_WM543    (0)    7 :  0.002 0.006 0.003 0.013 0.014 0.002 0.002 0.019 0.003 0.881 0.006 0.013 0.021 0.003 0.004 0.007 
 62 OICP_WM544    (1)    7 :  0.006 0.011 0.003 0.226 0.087 0.006 0.002 0.325 0.006 0.141 0.026 0.029 0.017 0.005 0.008 0.102 
 63 OICP_WM545    (0)    7 :  0.002 0.009 0.003 0.017 0.023 0.003 0.002 0.032 0.005 0.805 0.009 0.023 0.043 0.006 0.006 0.011 
 64 OICP_WM546    (3)    7 :  0.003 0.015 0.004 0.117 0.081 0.003 0.002 0.225 0.006 0.338 0.014 0.080 0.064 0.005 0.008 0.036 
 65 OICP_WM547    (2)    7 :  0.002 0.014 0.003 0.117 0.108 0.003 0.002 0.260 0.005 0.263 0.015 0.090 0.069 0.004 0.007 0.037 
 66 OICP_WM548    (3)    7 :  0.002 0.007 0.002 0.009 0.012 0.002 0.002 0.020 0.005 0.882 0.008 0.014 0.015 0.004 0.006 0.009 
 67 OICP_WM549    (0)    7 :  0.002 0.003 0.003 0.008 0.010 0.002 0.002 0.010 0.004 0.908 0.005 0.012 0.012 0.003 0.003 0.011 
 68 OICP_WM550    (1)    7 :  0.003 0.008 0.003 0.010 0.017 0.003 0.002 0.017 0.006 0.868 0.006 0.017 0.023 0.004 0.005 0.008 
 69 IRO_WM601    (2)    8 :  0.008 0.026 0.030 0.054 0.086 0.004 0.002 0.069 0.039 0.084 0.018 0.057 0.038 0.105 0.009 0.369 
 70 IRO_WM602    (1)    8 :  0.010 0.061 0.006 0.144 0.076 0.005 0.003 0.258 0.010 0.210 0.017 0.071 0.054 0.009 0.010 0.055 
 71 IRO_WM603    (2)    8 :  0.021 0.016 0.185 0.077 0.170 0.007 0.003 0.030 0.020 0.016 0.008 0.032 0.042 0.231 0.007 0.134 
 72 IRO_WM604    (0)    8 :  0.217 0.600 0.009 0.036 0.020 0.020 0.002 0.022 0.006 0.011 0.008 0.014 0.018 0.005 0.005 0.006 
 73 IRO_WM605    (3)    8 :  0.003 0.653 0.003 0.013 0.012 0.011 0.002 0.014 0.007 0.009 0.011 0.015 0.014 0.028 0.005 0.200 
 74 IRO_WM606    (3)    8 :  0.006 0.569 0.008 0.057 0.036 0.036 0.002 0.061 0.012 0.027 0.033 0.061 0.060 0.010 0.013 0.008 
 75 IRO_WM607    (2)    8 :  0.014 0.188 0.007 0.185 0.098 0.018 0.002 0.114 0.098 0.035 0.018 0.083 0.047 0.057 0.010 0.027 
 76 IRO_WM608    (0)    8 :  0.094 0.018 0.019 0.145 0.198 0.015 0.002 0.099 0.025 0.126 0.020 0.029 0.034 0.043 0.011 0.123 
 77 IRO_WM609    (0)    8 :  0.123 0.140 0.031 0.082 0.148 0.014 0.003 0.108 0.008 0.037 0.027 0.104 0.089 0.038 0.013 0.034 
 78 IRO_WM610   (13)    8 :  0.015 0.042 0.048 0.062 0.064 0.063 0.003 0.060 0.211 0.030 0.184 0.072 0.110 0.008 0.014 0.014 
 79 HGRF_WM661    (5)    9 :  0.002 0.012 0.003 0.125 0.102 0.003 0.002 0.259 0.007 0.260 0.014 0.095 0.060 0.005 0.008 0.041 
 80 HGRF_WM662    (5)    9 :  0.002 0.013 0.003 0.081 0.199 0.003 0.002 0.169 0.007 0.040 0.017 0.238 0.197 0.005 0.014 0.009 
 81 HGRF_WM663    (4)    9 :  0.003 0.012 0.003 0.112 0.091 0.003 0.002 0.278 0.007 0.261 0.012 0.096 0.069 0.004 0.008 0.039 
 82 HGRF_WM664    (3)    9 :  0.002 0.012 0.003 0.097 0.157 0.004 0.002 0.190 0.008 0.070 0.017 0.252 0.157 0.006 0.009 0.014 
 83 HGRF_WM665    (1)    9 :  0.013 0.016 0.005 0.151 0.062 0.006 0.002 0.252 0.011 0.230 0.021 0.082 0.059 0.011 0.008 0.070 
 84 HGRF_WM666    (5)    9 :  0.002 0.011 0.004 0.098 0.183 0.003 0.002 0.176 0.007 0.037 0.019 0.257 0.177 0.005 0.012 0.008 
 85 HGRF_WM667    (0)    9 :  0.002 0.010 0.003 0.096 0.160 0.003 0.002 0.172 0.007 0.047 0.021 0.240 0.214 0.005 0.010 0.010 
 86 HGRF_WM668    (4)    9 :  0.003 0.017 0.004 0.148 0.081 0.003 0.002 0.241 0.007 0.265 0.013 0.095 0.069 0.004 0.006 0.042 
 87 HGRF_WM669    (5)    9 :  0.002 0.009 0.004 0.099 0.135 0.003 0.002 0.157 0.007 0.036 0.029 0.268 0.228 0.004 0.009 0.008 
 88 HGRF_WM670    (9)    9 :  0.003 0.011 0.005 0.087 0.157 0.003 0.002 0.195 0.008 0.086 0.016 0.237 0.151 0.007 0.009 0.024 
 89 PTP_WM721    (2)   10 :  0.016 0.014 0.008 0.085 0.152 0.009 0.004 0.151 0.015 0.041 0.040 0.236 0.189 0.010 0.014 0.017 
 90 PTP_WM722    (2)   10 :  0.016 0.009 0.007 0.087 0.022 0.005 0.003 0.029 0.012 0.038 0.017 0.030 0.694 0.008 0.010 0.015 
 91 PTP_WM723   (25)   10 :  0.003 0.027 0.004 0.079 0.131 0.005 0.003 0.147 0.006 0.069 0.027 0.246 0.223 0.007 0.012 0.011 
 92 PTP_WM724   (13)   10 :  0.003 0.012 0.005 0.086 0.173 0.004 0.002 0.149 0.006 0.029 0.029 0.292 0.182 0.005 0.011 0.013 
 93 PTP_WM725   (25)   10 :  0.003 0.010 0.005 0.082 0.175 0.004 0.003 0.179 0.012 0.029 0.037 0.255 0.168 0.008 0.017 0.014 
 94 PTP_WM726   (13)   10 :  0.002 0.019 0.005 0.096 0.154 0.003 0.002 0.165 0.006 0.045 0.026 0.277 0.173 0.006 0.009 0.011 
 95 PTP_WM727   (10)   10 :  0.002 0.029 0.004 0.098 0.153 0.003 0.003 0.160 0.005 0.033 0.023 0.231 0.229 0.005 0.010 0.010 
 96 PTP_WM728    (8)   10 :  0.002 0.009 0.004 0.087 0.155 0.004 0.002 0.164 0.008 0.048 0.023 0.266 0.200 0.005 0.010 0.011 
 97 PTP_WM729    (9)   10 :  0.002 0.009 0.004 0.093 0.036 0.003 0.003 0.018 0.008 0.030 0.011 0.031 0.734 0.003 0.007 0.007 
 98 PTP_WM730    (8)   10 :  0.002 0.008 0.004 0.087 0.019 0.003 0.002 0.020 0.010 0.036 0.008 0.024 0.761 0.004 0.004 0.007 
 99 RRL_WM782    (9)   11 :  0.002 0.011 0.005 0.091 0.157 0.004 0.002 0.177 0.007 0.032 0.030 0.266 0.190 0.007 0.010 0.010 
100 RRL_WM783    (8)   11 :  0.005 0.007 0.020 0.013 0.056 0.006 0.002 0.021 0.011 0.014 0.014 0.015 0.019 0.724 0.006 0.068 
101 RRL_WM784    (1)   11 :  0.005 0.027 0.012 0.026 0.032 0.010 0.002 0.025 0.007 0.014 0.016 0.039 0.032 0.737 0.008 0.008 
102 RRL_WM785    (1)   11 :  0.002 0.011 0.004 0.073 0.156 0.003 0.002 0.190 0.006 0.039 0.018 0.284 0.190 0.004 0.009 0.010 
103 RRL_WM786    (2)   11 :  0.006 0.079 0.005 0.018 0.051 0.017 0.002 0.010 0.021 0.006 0.006 0.016 0.010 0.734 0.006 0.014 
104 RRL_WM787    (3)   11 :  0.010 0.010 0.007 0.039 0.064 0.010 0.003 0.047 0.010 0.064 0.007 0.014 0.016 0.622 0.004 0.072 
105 RRL_WM788    (0)   11 :  0.157 0.006 0.008 0.023 0.023 0.004 0.002 0.008 0.013 0.007 0.004 0.006 0.011 0.717 0.004 0.007 
106 RRL_WM789    (2)   11 :  0.004 0.007 0.010 0.007 0.024 0.007 0.002 0.012 0.004 0.009 0.005 0.009 0.009 0.866 0.006 0.021 
107 RRL_WM790    (0)   11 :  0.192 0.142 0.007 0.028 0.054 0.024 0.002 0.024 0.005 0.016 0.014 0.052 0.015 0.409 0.007 0.010 
108 RRL_WM791    (0)   11 :  0.014 0.018 0.005 0.068 0.052 0.006 0.003 0.050 0.030 0.021 0.015 0.043 0.033 0.585 0.006 0.051 
109 RRO_WM842    (0)   12 :  0.006 0.068 0.008 0.033 0.018 0.010 0.002 0.021 0.013 0.010 0.014 0.029 0.033 0.708 0.006 0.021 
110 RRO_WM843    (7)   12 :  0.016 0.030 0.252 0.025 0.102 0.006 0.002 0.021 0.006 0.012 0.013 0.020 0.017 0.448 0.009 0.022 
111 RRO_WM844    (2)   12 :  0.004 0.248 0.343 0.025 0.075 0.006 0.003 0.062 0.008 0.034 0.012 0.070 0.061 0.029 0.010 0.010 
112 RRO_WM845    (4)   12 :  0.003 0.006 0.024 0.011 0.016 0.003 0.002 0.011 0.004 0.008 0.008 0.019 0.016 0.854 0.006 0.008 
113 RRO_WM846   (10)   12 :  0.004 0.014 0.016 0.029 0.048 0.005 0.002 0.055 0.012 0.020 0.021 0.060 0.044 0.648 0.009 0.014 
114 RRO_WM847    (6)   12 :  0.006 0.109 0.089 0.045 0.038 0.011 0.002 0.045 0.008 0.016 0.013 0.033 0.032 0.513 0.007 0.031 
115 RRO_WM848    (4)   12 :  0.014 0.011 0.010 0.077 0.080 0.005 0.003 0.088 0.045 0.034 0.048 0.148 0.082 0.285 0.017 0.053 
116 RRO_WM849    (5)   12 :  0.004 0.008 0.019 0.022 0.031 0.006 0.002 0.023 0.005 0.014 0.012 0.036 0.031 0.469 0.006 0.309 
117 RRO_WM850    (2)   12 :  0.006 0.011 0.003 0.030 0.031 0.005 0.002 0.033 0.006 0.013 0.015 0.031 0.032 0.761 0.011 0.009 
118 RRO_WM851    (1)   12 :  0.005 0.010 0.060 0.050 0.083 0.003 0.003 0.086 0.008 0.026 0.022 0.121 0.116 0.386 0.011 0.012 
119 CPS_WM901    (2)   13 :  0.004 0.016 0.849 0.010 0.012 0.005 0.002 0.016 0.006 0.007 0.009 0.018 0.017 0.017 0.005 0.009 
120 CPS_WM902    (2)   13 :  0.003 0.005 0.831 0.011 0.012 0.009 0.002 0.011 0.005 0.040 0.006 0.012 0.011 0.010 0.005 0.027 
121 CPS_WM903    (5)   13 :  0.003 0.010 0.894 0.009 0.008 0.008 0.002 0.007 0.003 0.008 0.005 0.010 0.009 0.015 0.003 0.006 
122 CPS_WM904    (1)   13 :  0.026 0.005 0.841 0.013 0.011 0.019 0.002 0.012 0.005 0.009 0.008 0.016 0.010 0.010 0.006 0.006 
123 CPS_WM905    (2)   13 :  0.044 0.007 0.818 0.013 0.013 0.009 0.002 0.008 0.027 0.006 0.013 0.009 0.010 0.010 0.005 0.006 
124 CPS_WM906    (3)   13 :  0.003 0.011 0.836 0.013 0.016 0.004 0.003 0.022 0.006 0.014 0.007 0.027 0.018 0.006 0.007 0.008 
125 CPS_WM907    (6)   13 :  0.003 0.010 0.695 0.023 0.052 0.003 0.002 0.035 0.008 0.024 0.021 0.054 0.041 0.006 0.009 0.013 
126 CPS_WM908    (3)   13 :  0.008 0.019 0.678 0.033 0.044 0.010 0.003 0.046 0.008 0.018 0.021 0.040 0.046 0.009 0.009 0.010 
127 CPS_WM909    (2)   13 :  0.003 0.013 0.748 0.021 0.025 0.006 0.003 0.026 0.009 0.018 0.013 0.034 0.051 0.008 0.007 0.012 
128 CPS_WM910    (1)   13 :  0.009 0.007 0.850 0.013 0.014 0.004 0.003 0.019 0.007 0.010 0.010 0.021 0.017 0.006 0.006 0.006 
129 PPNP_WM962    (1)   14 :  0.004 0.005 0.003 0.006 0.007 0.002 0.004 0.006 0.003 0.007 0.004 0.008 0.010 0.003 0.922 0.004 
130 PPNP_WM963    (0)   14 :  0.017 0.010 0.007 0.028 0.043 0.004 0.015 0.050 0.006 0.023 0.021 0.044 0.039 0.005 0.675 0.013 
131 PPNP_WM964    (0)   14 :  0.012 0.006 0.003 0.012 0.012 0.003 0.054 0.013 0.005 0.010 0.007 0.016 0.012 0.004 0.823 0.006 
132 PPNP_WM965    (4)   14 :  0.002 0.008 0.004 0.017 0.024 0.003 0.002 0.018 0.005 0.012 0.012 0.030 0.033 0.005 0.818 0.007 
133 PPNP_WM966    (4)   14 :  0.002 0.005 0.003 0.008 0.008 0.002 0.001 0.009 0.004 0.008 0.007 0.014 0.010 0.004 0.909 0.007 
134 PPNP_WM967    (4)   14 :  0.003 0.012 0.004 0.038 0.039 0.003 0.002 0.038 0.007 0.019 0.014 0.060 0.051 0.005 0.693 0.010 
135 PPNP_WM968    (5)   14 :  0.008 0.015 0.005 0.083 0.118 0.004 0.014 0.132 0.017 0.045 0.062 0.220 0.166 0.010 0.085 0.016 
136 PPNP_WM969    (2)   14 :  0.002 0.009 0.005 0.023 0.036 0.003 0.002 0.030 0.009 0.026 0.020 0.047 0.052 0.006 0.720 0.008 
137 PPNP_WM970    (2)   14 :  0.004 0.016 0.004 0.026 0.042 0.004 0.004 0.037 0.007 0.021 0.019 0.083 0.047 0.007 0.668 0.011 
138 PPNP_WM971    (2)   14 :  0.002 0.014 0.003 0.033 0.037 0.003 0.003 0.047 0.008 0.026 0.013 0.068 0.050 0.004 0.680 0.010 
139 FPPI_WM1021    (4)   15 :  0.013 0.013 0.005 0.019 0.020 0.006 0.003 0.039 0.010 0.012 0.018 0.030 0.028 0.008 0.766 0.010 
140 FPPI_WM1022    (4)   15 :  0.008 0.008 0.004 0.030 0.051 0.004 0.021 0.047 0.009 0.018 0.204 0.060 0.058 0.005 0.466 0.008 
141 FPPI_WM1023    (1)   15 :  0.003 0.008 0.005 0.012 0.022 0.003 0.005 0.030 0.005 0.016 0.012 0.042 0.025 0.005 0.797 0.009 
142 FPPI_WM1024    (5)   15 :  0.003 0.009 0.003 0.031 0.032 0.003 0.002 0.053 0.007 0.021 0.014 0.060 0.050 0.005 0.701 0.009 
143 FPPI_WM1025    (6)   15 :  0.002 0.012 0.006 0.023 0.041 0.003 0.005 0.035 0.008 0.022 0.017 0.063 0.052 0.005 0.694 0.014 
144 FPPI_WM1026    (1)   15 :  0.003 0.006 0.003 0.010 0.010 0.003 0.003 0.011 0.004 0.007 0.010 0.014 0.011 0.005 0.894 0.005 
145 FPPI_WM1027    (3)   15 :  0.002 0.004 0.003 0.007 0.008 0.003 0.002 0.008 0.003 0.008 0.005 0.010 0.008 0.003 0.922 0.004 
146 FPPI_WM1028    (2)   15 :  0.003 0.006 0.004 0.013 0.013 0.003 0.005 0.020 0.005 0.010 0.010 0.020 0.019 0.004 0.858 0.009 
147 FPPI_WM1029    (3)   15 :  0.003 0.013 0.005 0.059 0.063 0.004 0.025 0.107 0.009 0.031 0.022 0.149 0.112 0.006 0.383 0.010 
148 FPPI_WM1030    (1)   15 :  0.023 0.006 0.004 0.014 0.008 0.003 0.005 0.016 0.005 0.009 0.010 0.011 0.009 0.004 0.864 0.009 
149 CRWA_WM1082    (2)   16 :  0.002 0.004 0.002 0.019 0.009 0.003 0.002 0.008 0.913 0.005 0.006 0.007 0.007 0.004 0.004 0.004 
150 CRWA_WM1084    (5)   16 :  0.005 0.021 0.003 0.175 0.079 0.007 0.002 0.167 0.313 0.083 0.012 0.066 0.023 0.006 0.006 0.031 
151 CRWA_WM1085    (2)   16 :  0.003 0.013 0.004 0.139 0.081 0.007 0.002 0.110 0.430 0.028 0.016 0.089 0.047 0.007 0.012 0.011 
152 CRWA_WM1086    (9)   16 :  0.007 0.016 0.005 0.143 0.124 0.006 0.003 0.109 0.091 0.027 0.115 0.151 0.136 0.035 0.010 0.021 
153 CRWA_WM1087    (0)   16 :  0.124 0.011 0.019 0.074 0.047 0.022 0.002 0.029 0.521 0.026 0.014 0.042 0.042 0.008 0.009 0.009 
154 CRWA_WM1088    (1)   16 :  0.032 0.013 0.005 0.172 0.139 0.018 0.003 0.215 0.024 0.116 0.051 0.096 0.062 0.006 0.016 0.032 
155 CRWA_WM1089    (3)   16 :  0.003 0.009 0.004 0.042 0.033 0.004 0.002 0.050 0.597 0.030 0.034 0.067 0.083 0.005 0.011 0.026 
156 CRWA_WM1090    (0)   16 :  0.010 0.164 0.006 0.160 0.086 0.061 0.002 0.061 0.174 0.033 0.027 0.120 0.064 0.015 0.007 0.011 
157 CRWA_WM1092    (1)   16 :  0.126 0.010 0.006 0.054 0.037 0.018 0.003 0.047 0.555 0.010 0.017 0.035 0.043 0.008 0.011 0.021 
158 CRWA_WM1093    (1)   16 :  0.054 0.012 0.004 0.035 0.027 0.005 0.003 0.067 0.598 0.067 0.014 0.022 0.031 0.007 0.007 0.050 
159 PCRA_WM1141    (3)   17 :  0.004 0.163 0.005 0.038 0.030 0.522 0.002 0.033 0.050 0.018 0.014 0.049 0.041 0.012 0.008 0.010 
160 PCRA_WM1142    (3)   17 :  0.002 0.022 0.004 0.035 0.033 0.632 0.002 0.053 0.012 0.031 0.024 0.074 0.053 0.005 0.008 0.011 
161 PCRA_WM1143    (1)   17 :  0.003 0.071 0.007 0.048 0.042 0.439 0.002 0.092 0.010 0.027 0.029 0.114 0.091 0.008 0.008 0.009 
162 PCRA_WM1144    (2)   17 :  0.003 0.008 0.023 0.030 0.045 0.016 0.002 0.044 0.005 0.027 0.017 0.054 0.043 0.383 0.007 0.292 
163 PCRA_WM1145    (4)   17 :  0.009 0.039 0.026 0.093 0.090 0.321 0.002 0.069 0.012 0.034 0.019 0.120 0.128 0.008 0.010 0.020 
164 PCRA_WM1146    (2)   17 :  0.013 0.017 0.010 0.010 0.009 0.753 0.002 0.009 0.061 0.007 0.014 0.015 0.009 0.013 0.004 0.054 
165 PCRA_WM1147    (1)   17 :  0.003 0.112 0.004 0.203 0.105 0.093 0.002 0.141 0.041 0.037 0.020 0.142 0.066 0.008 0.010 0.012 
166 PCRA_WM1148    (0)   17 :  0.011 0.020 0.004 0.011 0.008 0.878 0.002 0.009 0.004 0.006 0.006 0.011 0.009 0.006 0.005 0.010 
167 PCRA_WM1149    (1)   17 :  0.015 0.008 0.085 0.011 0.013 0.733 0.002 0.011 0.009 0.018 0.010 0.015 0.008 0.019 0.006 0.035 
168 PCRA_WM1150    (0)   17 :  0.018 0.009 0.004 0.017 0.013 0.819 0.006 0.010 0.005 0.021 0.007 0.016 0.009 0.011 0.007 0.029 
169 DHFA_WM1202    (3)   18 :  0.004 0.015 0.005 0.026 0.028 0.005 0.655 0.058 0.012 0.021 0.021 0.069 0.051 0.007 0.013 0.011 
170 DHFA_WM1203    (1)   18 :  0.004 0.011 0.008 0.024 0.040 0.003 0.692 0.042 0.011 0.023 0.012 0.046 0.048 0.009 0.018 0.008 
171 DHFA_WM1204    (2)   18 :  0.003 0.009 0.004 0.024 0.039 0.003 0.721 0.022 0.006 0.023 0.023 0.057 0.036 0.006 0.012 0.011 
172 DHFA_WM1205    (5)   18 :  0.003 0.005 0.003 0.010 0.008 0.003 0.907 0.007 0.003 0.008 0.009 0.010 0.008 0.004 0.006 0.005 
173 DHFA_WM1206    (4)   18 :  0.003 0.006 0.004 0.011 0.012 0.003 0.884 0.014 0.005 0.008 0.008 0.013 0.015 0.004 0.006 0.006 
174 DHFA_WM1207    (2)   18 :  0.004 0.003 0.002 0.006 0.005 0.002 0.937 0.007 0.003 0.003 0.005 0.007 0.006 0.003 0.004 0.003 
175 DHFA_WM1208    (3)   18 :  0.004 0.007 0.003 0.008 0.008 0.003 0.887 0.011 0.007 0.010 0.008 0.017 0.013 0.004 0.006 0.006 
176 DHFA_WM1209    (1)   18 :  0.012 0.006 0.002 0.007 0.005 0.003 0.919 0.007 0.004 0.005 0.005 0.006 0.008 0.003 0.005 0.004 
177 DHFA_WM1210    (0)   18 :  0.008 0.002 0.002 0.004 0.003 0.002 0.951 0.005 0.003 0.003 0.003 0.004 0.004 0.002 0.002 0.003 
178 DHFA_WM1211    (2)   18 :  0.005 0.011 0.003 0.022 0.036 0.004 0.714 0.032 0.008 0.024 0.018 0.057 0.035 0.006 0.013 0.011 


Estimated Allele Frequencies in each cluster
First column gives estimated ancestral frequencies


Locus 1 : 953_21 
2 alleles
4.5% missing data
 120   (0.958) 0.958 0.999 0.997 0.993 0.996 0.995 0.997 0.999 0.998 1.000 0.999 1.000 1.000 0.997 0.893 0.999 
 100   (0.042) 0.042 0.001 0.003 0.007 0.004 0.005 0.003 0.001 0.002 0.000 0.001 0.000 0.000 0.003 0.107 0.001 

Locus 2 : 2370_26 
2 alleles
6.2% missing data
 110   (0.956) 0.956 0.999 0.997 0.994 0.995 0.995 0.997 0.999 0.998 1.000 0.999 1.000 1.000 0.997 0.779 0.999 
 130   (0.044) 0.044 0.001 0.003 0.006 0.005 0.005 0.003 0.001 0.002 0.000 0.001 0.000 0.000 0.003 0.221 0.001 

Locus 3 : 2692_87 
2 alleles
1.7% missing data
 130   (0.953) 0.954 0.999 0.997 0.994 0.994 0.995 0.762 0.999 0.998 1.000 0.999 1.000 1.000 0.997 0.999 0.999 
 120   (0.047) 0.046 0.001 0.003 0.006 0.006 0.005 0.238 0.001 0.002 0.000 0.001 0.000 0.000 0.003 0.001 0.001 

Locus 4 : 2828_58 
2 alleles
6.7% missing data
 100   (0.933) 0.933 0.998 0.994 0.960 0.966 0.822 0.995 0.991 0.996 0.993 0.998 0.999 0.999 0.994 0.998 0.991 
 120   (0.067) 0.067 0.002 0.006 0.040 0.034 0.178 0.005 0.009 0.004 0.007 0.002 0.001 0.001 0.006 0.002 0.009 

Locus 5 : 6398_73 
2 alleles
6.2% missing data
 130   (0.922) 0.922 0.999 0.994 0.989 0.991 0.990 0.637 0.999 0.996 0.999 0.998 1.000 1.000 0.995 0.784 0.997 
 100   (0.078) 0.078 0.001 0.006 0.011 0.009 0.010 0.363 0.001 0.004 0.001 0.002 0.000 0.000 0.005 0.216 0.003 

Locus 6 : 7469_71 
2 alleles
5.1% missing data
 130   (0.961) 0.961 0.999 0.996 0.988 0.993 0.993 0.997 0.998 0.997 0.999 0.998 0.999 0.983 0.996 0.998 0.998 
 110   (0.039) 0.039 0.001 0.004 0.012 0.007 0.007 0.003 0.002 0.003 0.001 0.002 0.001 0.017 0.004 0.002 0.002 

Locus 7 : 7615_47 
2 alleles
5.1% missing data
 130   (0.962) 0.962 0.999 0.995 0.988 0.992 0.992 0.996 0.996 0.996 0.999 0.997 0.998 0.996 0.996 0.998 0.997 
 100   (0.038) 0.038 0.001 0.005 0.012 0.008 0.008 0.004 0.004 0.004 0.001 0.003 0.002 0.004 0.004 0.002 0.003 

Locus 8 : 8211_10 
2 alleles
2.8% missing data
 120   (0.961) 0.961 0.999 0.997 0.994 0.996 0.995 0.935 0.999 0.998 1.000 0.999 1.000 1.000 0.998 0.999 0.999 
 100   (0.039) 0.039 0.001 0.003 0.006 0.004 0.005 0.065 0.001 0.002 0.000 0.001 0.000 0.000 0.002 0.001 0.001 

Locus 9 : 8394_14 
2 alleles
2.2% missing data
 110   (0.958) 0.958 0.999 0.997 0.994 0.994 0.995 0.996 0.999 0.998 1.000 0.998 1.000 1.000 0.997 0.855 0.999 
 130   (0.042) 0.042 0.001 0.003 0.006 0.006 0.005 0.004 0.001 0.002 0.000 0.002 0.000 0.000 0.003 0.145 0.001 

Locus 10 : 9621_63 
2 alleles
3.9% missing data
 130   (0.956) 0.956 0.999 0.997 0.994 0.995 0.995 0.938 0.999 0.998 1.000 0.999 1.000 1.000 0.997 0.999 0.999 
 110   (0.044) 0.044 0.001 0.003 0.006 0.005 0.005 0.062 0.001 0.002 0.000 0.001 0.000 0.000 0.003 0.001 0.001 

Locus 11 : 9880_35 
2 alleles
4.5% missing data
 120   (0.955) 0.955 0.999 0.996 0.994 0.995 0.995 0.702 0.999 0.998 1.000 0.999 1.000 1.000 0.997 0.999 0.999 
 100   (0.045) 0.045 0.001 0.004 0.006 0.005 0.005 0.298 0.001 0.002 0.000 0.001 0.000 0.000 0.003 0.001 0.001 

Locus 12 : 11163_16 
2 alleles
7.9% missing data
 130   (0.954) 0.955 0.999 0.996 0.993 0.995 0.994 0.912 1.000 0.998 1.000 0.999 1.000 1.000 0.997 0.998 0.999 
 110   (0.046) 0.045 0.001 0.004 0.007 0.005 0.006 0.088 0.000 0.002 0.000 0.001 0.000 0.000 0.003 0.002 0.001 

Locus 13 : 11991_31 
2 alleles
4.5% missing data
 120   (0.932) 0.932 0.993 0.994 0.942 0.965 0.986 0.995 0.996 0.990 0.998 0.998 1.000 0.999 0.971 0.997 0.993 
 100   (0.068) 0.068 0.007 0.006 0.058 0.035 0.014 0.005 0.004 0.010 0.002 0.002 0.000 0.001 0.029 0.003 0.007 

Locus 14 : 12766_17 
2 alleles
2.2% missing data
 120   (0.961) 0.961 0.999 0.995 0.994 0.995 0.930 0.997 1.000 0.998 1.000 0.999 1.000 1.000 0.997 0.999 0.998 
 100   (0.039) 0.039 0.001 0.005 0.006 0.005 0.070 0.003 0.000 0.002 0.000 0.001 0.000 0.000 0.003 0.001 0.002 

Locus 15 : 13496_14 
2 alleles
5.1% missing data
 110   (0.956) 0.956 0.999 0.681 0.994 0.995 0.994 0.997 1.000 0.998 1.000 0.999 1.000 1.000 0.997 0.999 0.999 
 100   (0.044) 0.044 0.001 0.319 0.006 0.005 0.006 0.003 0.000 0.002 0.000 0.001 0.000 0.000 0.003 0.001 0.001 

Locus 16 : 14394_41 
2 alleles
2.2% missing data
 130   (0.962) 0.962 0.999 0.997 0.995 0.995 0.927 0.997 0.999 0.998 1.000 0.999 1.000 1.000 0.998 0.999 0.999 
 110   (0.038) 0.038 0.001 0.003 0.005 0.005 0.073 0.003 0.001 0.002 0.000 0.001 0.000 0.000 0.002 0.001 0.001 

Locus 17 : 16285_24 
2 alleles
6.2% missing data
 130   (0.954) 0.954 0.999 0.997 0.994 0.994 0.994 0.873 0.999 0.998 1.000 0.999 1.000 1.000 0.997 0.999 0.999 
 100   (0.046) 0.046 0.001 0.003 0.006 0.006 0.006 0.127 0.001 0.002 0.000 0.001 0.000 0.000 0.003 0.001 0.001 

Locus 18 : 18821_69 
2 alleles
7.3% missing data
 120   (0.959) 0.960 0.999 0.997 0.994 0.995 0.995 0.997 0.999 0.998 1.000 0.692 1.000 1.000 0.997 0.999 0.999 
 110   (0.041) 0.040 0.001 0.003 0.006 0.005 0.005 0.003 0.001 0.002 0.000 0.308 0.000 0.000 0.003 0.001 0.001 

Locus 19 : 19006_32 
2 alleles
6.7% missing data
 120   (0.926) 0.926 0.999 0.994 0.990 0.991 0.991 0.657 0.999 0.997 0.999 0.998 1.000 1.000 0.995 0.785 0.998 
 110   (0.074) 0.074 0.001 0.006 0.010 0.009 0.009 0.343 0.001 0.003 0.001 0.002 0.000 0.000 0.005 0.215 0.002 

Locus 20 : 19602_58 
2 alleles
4.5% missing data
 120   (0.961) 0.962 0.999 0.997 0.995 0.995 0.995 0.973 0.999 0.998 1.000 0.999 1.000 1.000 0.997 0.999 0.999 
 100   (0.039) 0.038 0.001 0.003 0.005 0.005 0.005 0.027 0.001 0.002 0.000 0.001 0.000 0.000 0.003 0.001 0.001 

Locus 21 : 20143_24 
2 alleles
3.4% missing data
 120   (0.960) 0.960 0.999 0.963 0.992 0.995 0.994 0.997 0.999 0.998 1.000 0.999 1.000 1.000 0.997 0.999 0.999 
 100   (0.040) 0.040 0.001 0.037 0.008 0.005 0.006 0.003 0.001 0.002 0.000 0.001 0.000 0.000 0.003 0.001 0.001 

Locus 22 : 21661_29 
2 alleles
2.2% missing data
 120   (0.956) 0.956 0.999 0.997 0.993 0.995 0.995 0.891 0.999 0.998 1.000 0.999 1.000 1.000 0.997 0.999 0.999 
 100   (0.044) 0.044 0.001 0.003 0.007 0.005 0.005 0.109 0.001 0.002 0.000 0.001 0.000 0.000 0.003 0.001 0.001 

Locus 23 : 22603_12 
2 alleles
5.1% missing data
 130   (0.955) 0.955 0.999 0.997 0.994 0.995 0.994 0.944 0.999 0.998 1.000 0.999 1.000 1.000 0.997 0.999 0.999 
 110   (0.045) 0.045 0.001 0.003 0.006 0.005 0.006 0.056 0.001 0.002 0.000 0.001 0.000 0.000 0.003 0.001 0.001 

Locus 24 : 25109_23 
2 alleles
1.7% missing data
 120   (0.938) 0.938 0.990 0.994 0.985 0.989 0.945 0.995 0.997 0.816 0.999 0.998 0.999 0.999 0.995 0.998 0.996 
 100   (0.062) 0.062 0.010 0.006 0.015 0.011 0.055 0.005 0.003 0.184 0.001 0.002 0.001 0.001 0.005 0.002 0.004 

Locus 25 : 25511_77 
2 alleles
5.1% missing data
 130   (0.957) 0.957 0.999 0.997 0.994 0.995 0.995 0.996 0.999 0.998 1.000 0.999 1.000 1.000 0.997 0.935 0.999 
 110   (0.043) 0.043 0.001 0.003 0.006 0.005 0.005 0.004 0.001 0.002 0.000 0.001 0.000 0.000 0.003 0.065 0.001 

Locus 26 : 26816_9 
2 alleles
5.6% missing data
 110   (0.875) 0.875 0.975 0.980 0.920 0.896 0.982 0.991 0.992 0.657 0.998 0.995 0.999 0.998 0.795 0.996 0.971 
 130   (0.125) 0.125 0.025 0.020 0.080 0.104 0.018 0.009 0.008 0.343 0.002 0.005 0.001 0.002 0.205 0.004 0.029 

Locus 27 : 29455_86 
2 alleles
5.6% missing data
 120   (0.959) 0.959 0.993 0.996 0.984 0.991 0.987 0.997 0.999 0.998 1.000 0.999 1.000 1.000 0.997 0.999 0.998 
 110   (0.041) 0.041 0.007 0.004 0.016 0.009 0.013 0.003 0.001 0.002 0.000 0.001 0.000 0.000 0.003 0.001 0.002 

Locus 28 : 30970_30 
2 alleles
6.7% missing data
 120   (0.959) 0.959 0.999 0.956 0.993 0.995 0.993 0.997 0.999 0.998 1.000 0.999 1.000 1.000 0.997 0.999 0.999 
 110   (0.041) 0.041 0.001 0.044 0.007 0.005 0.007 0.003 0.001 0.002 0.000 0.001 0.000 0.000 0.003 0.001 0.001 

Locus 29 : 33052_5 
2 alleles
1.1% missing data
 130   (0.960) 0.961 0.999 0.996 0.994 0.995 0.994 0.997 0.999 0.990 1.000 0.969 1.000 1.000 0.997 0.999 0.998 
 110   (0.040) 0.039 0.001 0.004 0.006 0.005 0.006 0.003 0.001 0.010 0.000 0.031 0.000 0.000 0.003 0.001 0.002 

Locus 30 : 33744_32 
2 alleles
2.8% missing data
 130   (0.955) 0.955 0.999 0.997 0.994 0.995 0.995 0.997 0.999 0.998 1.000 0.874 0.999 1.000 0.997 0.999 0.999 
 110   (0.045) 0.045 0.001 0.003 0.006 0.005 0.005 0.003 0.001 0.002 0.000 0.126 0.001 0.000 0.003 0.001 0.001 

Locus 31 : 34805_8 
2 alleles
4.5% missing data
 110   (0.945) 0.945 0.993 0.996 0.984 0.990 0.749 0.996 0.999 0.997 1.000 0.999 1.000 1.000 0.997 0.998 0.998 
 120   (0.055) 0.055 0.007 0.004 0.016 0.010 0.251 0.004 0.001 0.003 0.000 0.001 0.000 0.000 0.003 0.002 0.002 

Locus 32 : 35345_10 
2 alleles
5.1% missing data
 130   (0.957) 0.957 0.999 0.996 0.984 0.989 0.993 0.997 0.993 0.997 0.999 0.949 0.991 0.993 0.996 0.998 0.997 
 110   (0.043) 0.043 0.001 0.004 0.016 0.011 0.007 0.003 0.007 0.003 0.001 0.051 0.009 0.007 0.004 0.002 0.003 

Locus 33 : 35769_30 
2 alleles
6.2% missing data
 110   (0.945) 0.945 0.999 0.957 0.991 0.992 0.926 0.996 0.999 0.996 1.000 0.998 1.000 1.000 0.996 0.998 0.997 
 100   (0.055) 0.055 0.001 0.043 0.009 0.008 0.074 0.004 0.001 0.004 0.000 0.002 0.000 0.000 0.004 0.002 0.003 

Locus 34 : 35965_89 
2 alleles
3.4% missing data
 130   (0.961) 0.961 0.999 0.997 0.990 0.994 0.995 0.997 0.999 0.974 0.999 0.999 1.000 1.000 0.997 0.999 0.997 
 100   (0.039) 0.039 0.001 0.003 0.010 0.006 0.005 0.003 0.001 0.026 0.001 0.001 0.000 0.000 0.003 0.001 0.003 

Locus 35 : 39654_13 
2 alleles
5.6% missing data
 120   (0.959) 0.959 0.999 0.997 0.992 0.993 0.995 0.997 0.999 0.998 1.000 0.999 1.000 1.000 0.980 0.999 0.999 
 100   (0.041) 0.041 0.001 0.003 0.008 0.007 0.005 0.003 0.001 0.002 0.000 0.001 0.000 0.000 0.020 0.001 0.001 

Locus 36 : 39700_65 
2 alleles
3.4% missing data
 110   (0.962) 0.962 0.996 0.996 0.987 0.987 0.994 0.997 0.998 0.998 1.000 0.999 1.000 1.000 0.996 0.999 0.998 
 120   (0.038) 0.038 0.004 0.004 0.013 0.013 0.006 0.003 0.002 0.002 0.000 0.001 0.000 0.000 0.004 0.001 0.002 

Locus 37 : 40824_7 
2 alleles
5.1% missing data
 130   (0.960) 0.960 0.999 0.996 0.993 0.996 0.995 0.997 0.999 0.998 1.000 0.999 1.000 1.000 0.918 0.999 0.999 
 110   (0.040) 0.040 0.001 0.004 0.007 0.004 0.005 0.003 0.001 0.002 0.000 0.001 0.000 0.000 0.082 0.001 0.001 

Locus 38 : 41554_43 
2 alleles
7.3% missing data
 120   (0.959) 0.959 0.999 0.956 0.994 0.995 0.994 0.997 0.999 0.998 1.000 0.999 1.000 1.000 0.997 0.998 0.998 
 100   (0.041) 0.041 0.001 0.044 0.006 0.005 0.006 0.003 0.001 0.002 0.000 0.001 0.000 0.000 0.003 0.002 0.002 

Locus 39 : 42501_5 
2 alleles
5.6% missing data
 120   (0.957) 0.957 0.999 0.996 0.994 0.995 0.995 0.917 0.999 0.998 1.000 0.999 1.000 1.000 0.997 0.999 0.999 
 110   (0.043) 0.043 0.001 0.004 0.006 0.005 0.005 0.083 0.001 0.002 0.000 0.001 0.000 0.000 0.003 0.001 0.001 

Locus 40 : 42989_15 
2 alleles
3.4% missing data
 130   (0.958) 0.959 0.999 0.997 0.993 0.995 0.994 0.997 0.997 0.998 1.000 0.999 1.000 1.000 0.917 0.998 0.999 
 110   (0.042) 0.041 0.001 0.003 0.007 0.005 0.006 0.003 0.003 0.002 0.000 0.001 0.000 0.000 0.083 0.002 0.001 

Locus 41 : 44631_16 
2 alleles
5.6% missing data
 120   (0.958) 0.958 0.999 0.845 0.994 0.995 0.994 0.997 0.999 0.998 1.000 0.999 1.000 1.000 0.997 0.999 0.999 
 110   (0.042) 0.042 0.001 0.155 0.006 0.005 0.006 0.003 0.001 0.002 0.000 0.001 0.000 0.000 0.003 0.001 0.001 

Locus 42 : 45332_74 
2 alleles
3.4% missing data
 130   (0.892) 0.892 0.954 0.991 0.976 0.969 0.841 0.992 0.995 0.995 0.998 0.983 1.000 0.999 0.782 0.996 0.570 
 110   (0.108) 0.108 0.046 0.009 0.024 0.031 0.159 0.008 0.005 0.005 0.002 0.017 0.000 0.001 0.218 0.004 0.430 

Locus 43 : 45964_12 
2 alleles
2.2% missing data
 100   (0.959) 0.960 0.999 0.997 0.994 0.994 0.994 0.994 0.999 0.998 1.000 0.999 1.000 1.000 0.997 0.977 0.998 
 130   (0.041) 0.040 0.001 0.003 0.006 0.006 0.006 0.006 0.001 0.002 0.000 0.001 0.000 0.000 0.003 0.023 0.002 

Locus 44 : 47772_18 
2 alleles
1.7% missing data
 120   (0.957) 0.957 0.999 0.997 0.994 0.995 0.995 0.811 0.999 0.998 1.000 0.999 1.000 1.000 0.997 0.999 0.999 
 100   (0.043) 0.043 0.001 0.003 0.006 0.005 0.005 0.189 0.001 0.002 0.000 0.001 0.000 0.000 0.003 0.001 0.001 

Locus 45 : 48505_7 
2 alleles
2.8% missing data
 130   (0.961) 0.961 0.999 0.997 0.990 0.993 0.995 0.997 0.999 0.998 0.998 0.999 1.000 1.000 0.997 0.999 0.979 
 110   (0.039) 0.039 0.001 0.003 0.010 0.007 0.005 0.003 0.001 0.002 0.002 0.001 0.000 0.000 0.003 0.001 0.021 

Locus 46 : 49838_13 
2 alleles
5.1% missing data
 120   (0.961) 0.961 0.999 0.997 0.995 0.995 0.995 0.997 1.000 0.998 1.000 0.999 1.000 1.000 0.998 0.999 0.850 
 100   (0.039) 0.039 0.001 0.003 0.005 0.005 0.005 0.003 0.000 0.002 0.000 0.001 0.000 0.000 0.002 0.001 0.150 

Locus 47 : 50793_47 
2 alleles
6.2% missing data
 120   (0.951) 0.951 0.999 0.988 0.992 0.993 0.993 0.996 0.998 0.998 1.000 0.999 1.000 0.999 0.850 0.998 0.998 
 100   (0.049) 0.049 0.001 0.012 0.008 0.007 0.007 0.004 0.002 0.002 0.000 0.001 0.000 0.001 0.150 0.002 0.002 

Locus 48 : 51471_5 
2 alleles
2.2% missing data
 110   (0.958) 0.958 0.999 0.997 0.994 0.995 0.995 0.997 0.999 0.998 1.000 0.999 1.000 1.000 0.997 0.938 0.998 
 120   (0.042) 0.042 0.001 0.003 0.006 0.005 0.005 0.003 0.001 0.002 0.000 0.001 0.000 0.000 0.003 0.062 0.002 

Locus 49 : 52408_45 
2 alleles
2.2% missing data
 130   (0.959) 0.959 0.999 0.810 0.994 0.995 0.995 0.997 0.999 0.998 1.000 0.999 1.000 1.000 0.997 0.999 0.999 
 110   (0.041) 0.041 0.001 0.190 0.006 0.005 0.005 0.003 0.001 0.002 0.000 0.001 0.000 0.000 0.003 0.001 0.001 

Locus 50 : 53046_18 
2 alleles
0.6% missing data
 120   (0.941) 0.941 0.999 0.996 0.991 0.991 0.992 0.995 0.999 0.997 0.999 0.992 1.000 1.000 0.917 0.998 0.998 
 100   (0.059) 0.059 0.001 0.004 0.009 0.009 0.008 0.005 0.001 0.003 0.001 0.008 0.000 0.000 0.083 0.002 0.002 

Locus 51 : 53230_50 
2 alleles
4.5% missing data
 120   (0.960) 0.961 0.999 0.997 0.995 0.995 0.995 0.997 1.000 0.998 1.000 0.999 1.000 1.000 0.998 0.890 0.999 
 110   (0.040) 0.039 0.001 0.003 0.005 0.005 0.005 0.003 0.000 0.002 0.000 0.001 0.000 0.000 0.002 0.110 0.001 

Locus 52 : 53957_5 
2 alleles
3.9% missing data
 130   (0.960) 0.960 0.999 0.997 0.993 0.992 0.993 0.997 1.000 0.998 1.000 0.999 1.000 1.000 0.989 0.999 0.999 
 110   (0.040) 0.040 0.001 0.003 0.007 0.008 0.007 0.003 0.000 0.002 0.000 0.001 0.000 0.000 0.011 0.001 0.001 

Locus 53 : 58003_89 
2 alleles
3.9% missing data
 120   (0.954) 0.954 0.994 0.995 0.974 0.988 0.990 0.996 0.987 0.975 0.998 0.996 0.998 0.994 0.994 0.998 0.998 
 100   (0.046) 0.046 0.006 0.005 0.026 0.012 0.010 0.004 0.013 0.025 0.002 0.004 0.002 0.006 0.006 0.002 0.002 

Locus 54 : 58412_58 
2 alleles
2.2% missing data
 110   (0.960) 0.960 0.999 0.997 0.994 0.995 0.995 0.973 0.999 0.998 1.000 0.999 1.000 1.000 0.998 0.999 0.999 
 100   (0.040) 0.040 0.001 0.003 0.006 0.005 0.005 0.027 0.001 0.002 0.000 0.001 0.000 0.000 0.002 0.001 0.001 

Locus 55 : 58452_11 
2 alleles
3.4% missing data
 120   (0.960) 0.960 0.999 0.997 0.991 0.995 0.993 0.997 0.999 0.981 1.000 0.999 1.000 1.000 0.997 0.999 0.998 
 130   (0.040) 0.040 0.001 0.003 0.009 0.005 0.007 0.003 0.001 0.019 0.000 0.001 0.000 0.000 0.003 0.001 0.002 

Locus 56 : 59409_85 
2 alleles
2.8% missing data
 130   (0.961) 0.960 0.995 0.997 0.991 0.994 0.994 0.997 1.000 0.998 1.000 0.999 1.000 1.000 0.998 0.999 0.999 
 100   (0.039) 0.040 0.005 0.003 0.009 0.006 0.006 0.003 0.000 0.002 0.000 0.001 0.000 0.000 0.002 0.001 0.001 

Locus 57 : 60620_10 
2 alleles
1.1% missing data
 120   (0.956) 0.956 0.999 0.997 0.994 0.995 0.995 0.890 0.999 0.998 1.000 0.999 1.000 1.000 0.997 0.999 0.999 
 130   (0.044) 0.044 0.001 0.003 0.006 0.005 0.005 0.110 0.001 0.002 0.000 0.001 0.000 0.000 0.003 0.001 0.001 

Locus 58 : 61541_77 
2 alleles
3.4% missing data
 120   (0.954) 0.954 0.999 0.997 0.994 0.994 0.994 0.837 1.000 0.998 1.000 0.999 1.000 1.000 0.997 0.999 0.998 
 100   (0.046) 0.046 0.001 0.003 0.006 0.006 0.006 0.163 0.000 0.002 0.000 0.001 0.000 0.000 0.003 0.001 0.002 

Locus 59 : 61756_42 
2 alleles
1.1% missing data
 130   (0.955) 0.955 0.999 0.997 0.994 0.995 0.995 0.820 1.000 0.998 1.000 0.999 1.000 1.000 0.997 0.999 0.999 
 110   (0.045) 0.045 0.001 0.003 0.006 0.005 0.005 0.180 0.000 0.002 0.000 0.001 0.000 0.000 0.003 0.001 0.001 

Locus 60 : 62497_19 
2 alleles
6.2% missing data
 130   (0.914) 0.914 0.987 0.873 0.967 0.980 0.942 0.993 0.993 0.964 0.983 0.997 0.996 0.987 0.993 0.996 0.986 
 110   (0.086) 0.086 0.013 0.127 0.033 0.020 0.058 0.007 0.007 0.036 0.017 0.003 0.004 0.013 0.007 0.004 0.014 

Locus 61 : 63024_50 
2 alleles
2.8% missing data
 120   (0.951) 0.950 0.999 0.996 0.984 0.993 0.991 0.996 0.999 0.943 1.000 0.999 1.000 1.000 0.997 0.998 0.998 
 100   (0.049) 0.050 0.001 0.004 0.016 0.007 0.009 0.004 0.001 0.057 0.000 0.001 0.000 0.000 0.003 0.002 0.002 

Locus 62 : 64492_50 
2 alleles
7.3% missing data
 120   (0.923) 0.923 0.998 0.886 0.985 0.989 0.988 0.994 0.998 0.952 0.999 0.998 1.000 0.999 0.918 0.998 0.997 
 100   (0.077) 0.077 0.002 0.114 0.015 0.011 0.012 0.006 0.002 0.048 0.001 0.002 0.000 0.001 0.082 0.002 0.003 

Locus 63 : 67984_34 
2 alleles
2.2% missing data
 120   (0.956) 0.956 0.999 0.997 0.994 0.995 0.995 0.864 1.000 0.998 1.000 0.999 1.000 1.000 0.997 0.999 0.999 
 100   (0.044) 0.044 0.001 0.003 0.006 0.005 0.005 0.136 0.000 0.002 0.000 0.001 0.000 0.000 0.003 0.001 0.001 

Locus 64 : 69199_10 
2 alleles
4.5% missing data
 120   (0.947) 0.947 0.999 0.996 0.980 0.991 0.993 0.996 0.998 0.306 0.999 0.998 1.000 0.999 0.997 0.998 0.998 
 100   (0.053) 0.053 0.001 0.004 0.020 0.009 0.007 0.004 0.002 0.694 0.001 0.002 0.000 0.001 0.003 0.002 0.002 

Locus 65 : 71368_77 
2 alleles
6.7% missing data
 100   (0.958) 0.958 0.999 0.996 0.994 0.995 0.995 0.996 1.000 0.998 1.000 0.999 1.000 1.000 0.997 0.758 0.999 
 110   (0.042) 0.042 0.001 0.004 0.006 0.005 0.005 0.004 0.000 0.002 0.000 0.001 0.000 0.000 0.003 0.242 0.001 

Locus 66 : 72276_35 
2 alleles
5.1% missing data
 130   (0.956) 0.957 0.999 0.997 0.993 0.992 0.994 0.997 0.999 0.998 1.000 0.999 1.000 1.000 0.887 0.999 0.997 
 120   (0.044) 0.043 0.001 0.003 0.007 0.008 0.006 0.003 0.001 0.002 0.000 0.001 0.000 0.000 0.113 0.001 0.003 

Locus 67 : 73554_16 
2 alleles
3.9% missing data
 100   (0.958) 0.959 0.999 0.997 0.993 0.995 0.845 0.997 0.999 0.998 1.000 0.999 1.000 1.000 0.997 0.999 0.999 
 130   (0.042) 0.041 0.001 0.003 0.007 0.005 0.155 0.003 0.001 0.002 0.000 0.001 0.000 0.000 0.003 0.001 0.001 

Locus 68 : 74575_32 
2 alleles
1.7% missing data
 120   (0.960) 0.959 0.999 0.997 0.991 0.994 0.995 0.997 0.999 0.998 1.000 0.999 1.000 1.000 0.982 0.999 0.999 
 100   (0.040) 0.041 0.001 0.003 0.009 0.006 0.005 0.003 0.001 0.002 0.000 0.001 0.000 0.000 0.018 0.001 0.001 

Locus 69 : 76504_10 
2 alleles
1.1% missing data
 110   (0.954) 0.954 0.999 0.997 0.994 0.995 0.994 0.996 0.999 0.997 1.000 0.780 1.000 1.000 0.997 0.999 0.999 
 100   (0.046) 0.046 0.001 0.003 0.006 0.005 0.006 0.004 0.001 0.003 0.000 0.220 0.000 0.000 0.003 0.001 0.001 

Locus 70 : 76561_35 
2 alleles
5.6% missing data
 120   (0.956) 0.956 0.999 0.547 0.994 0.995 0.995 0.997 1.000 0.998 1.000 0.999 1.000 1.000 0.997 0.999 0.999 
 100   (0.044) 0.044 0.001 0.453 0.006 0.005 0.005 0.003 0.000 0.002 0.000 0.001 0.000 0.000 0.003 0.001 0.001 

Locus 71 : 77346_16 
2 alleles
2.2% missing data
 130   (0.960) 0.960 0.999 0.997 0.993 0.995 0.995 0.997 0.999 0.998 1.000 0.912 1.000 1.000 0.997 0.999 0.999 
 110   (0.040) 0.040 0.001 0.003 0.007 0.005 0.005 0.003 0.001 0.002 0.000 0.088 0.000 0.000 0.003 0.001 0.001 

Locus 72 : 78631_40 
2 alleles
7.9% missing data
 120   (0.952) 0.952 0.999 0.995 0.992 0.992 0.994 0.996 0.999 0.997 1.000 0.999 1.000 0.999 0.791 0.998 0.997 
 110   (0.048) 0.048 0.001 0.005 0.008 0.008 0.006 0.004 0.001 0.003 0.000 0.001 0.000 0.001 0.209 0.002 0.003 

Locus 73 : 80366_12 
2 alleles
6.7% missing data
 130   (0.961) 0.960 0.996 0.996 0.987 0.987 0.994 0.997 0.999 0.998 1.000 0.999 1.000 1.000 0.997 0.999 0.998 
 110   (0.039) 0.040 0.004 0.004 0.013 0.013 0.006 0.003 0.001 0.002 0.000 0.001 0.000 0.000 0.003 0.001 0.002 

Locus 74 : 80499_10 
2 alleles
6.2% missing data
 130   (0.957) 0.957 0.999 0.997 0.994 0.995 0.995 0.996 0.999 0.998 1.000 0.999 1.000 1.000 0.997 0.897 0.999 
 100   (0.043) 0.043 0.001 0.003 0.006 0.005 0.005 0.004 0.001 0.002 0.000 0.001 0.000 0.000 0.003 0.103 0.001 

Locus 75 : 81141_31 
2 alleles
2.8% missing data
 120   (0.961) 0.961 0.999 0.997 0.989 0.994 0.995 0.997 0.999 0.998 0.998 0.999 1.000 1.000 0.997 0.999 0.979 
 100   (0.039) 0.039 0.001 0.003 0.011 0.006 0.005 0.003 0.001 0.002 0.002 0.001 0.000 0.000 0.003 0.001 0.021 

Locus 76 : 81662_33 
2 alleles
3.4% missing data
 120   (0.961) 0.960 0.993 0.997 0.989 0.992 0.995 0.997 0.999 0.998 1.000 0.999 1.000 1.000 0.997 0.999 0.999 
 110   (0.039) 0.040 0.007 0.003 0.011 0.008 0.005 0.003 0.001 0.002 0.000 0.001 0.000 0.000 0.003 0.001 0.001 

Locus 77 : 82002_8 
2 alleles
6.7% missing data
 100   (0.951) 0.952 0.999 0.997 0.993 0.995 0.994 0.674 1.000 0.998 1.000 0.999 1.000 1.000 0.997 0.998 0.998 
 110   (0.049) 0.048 0.001 0.003 0.007 0.005 0.006 0.326 0.000 0.002 0.000 0.001 0.000 0.000 0.003 0.002 0.002 

Locus 78 : 82631_34 
2 alleles
7.9% missing data
 120   (0.960) 0.960 0.999 0.995 0.973 0.973 0.994 0.997 0.999 0.997 0.999 0.999 1.000 1.000 0.995 0.999 0.996 
 100   (0.040) 0.040 0.001 0.005 0.027 0.027 0.006 0.003 0.001 0.003 0.001 0.001 0.000 0.000 0.005 0.001 0.004 

Locus 79 : 83247_84 
2 alleles
3.4% missing data
 110   (0.948) 0.948 0.999 0.996 0.992 0.988 0.993 0.996 0.999 0.998 1.000 0.999 1.000 1.000 0.756 0.998 0.998 
 100   (0.052) 0.052 0.001 0.004 0.008 0.012 0.007 0.004 0.001 0.002 0.000 0.001 0.000 0.000 0.244 0.002 0.002 

Locus 80 : 83916_5 
2 alleles
3.9% missing data
 130   (0.962) 0.962 0.999 0.997 0.995 0.995 0.995 0.997 0.999 0.998 0.795 0.999 1.000 1.000 0.998 0.999 0.999 
 110   (0.038) 0.038 0.001 0.003 0.005 0.005 0.005 0.003 0.001 0.002 0.205 0.001 0.000 0.000 0.002 0.001 0.001 

Locus 81 : 84971_7 
2 alleles
2.2% missing data
 120   (0.947) 0.947 0.999 0.996 0.964 0.966 0.990 0.996 0.983 0.993 0.998 0.962 0.988 0.993 0.994 0.998 0.996 
 110   (0.053) 0.053 0.001 0.004 0.036 0.034 0.010 0.004 0.017 0.007 0.002 0.038 0.012 0.007 0.006 0.002 0.004 

Locus 82 : 85247_77 
2 alleles
7.9% missing data
 120   (0.961) 0.961 0.998 0.996 0.987 0.992 0.993 0.997 0.993 0.997 0.995 0.998 0.999 0.999 0.996 0.998 0.994 
 110   (0.039) 0.039 0.002 0.004 0.013 0.008 0.007 0.003 0.007 0.003 0.005 0.002 0.001 0.001 0.004 0.002 0.006 

Locus 83 : 85248_24 
2 alleles
5.1% missing data
 100   (0.955) 0.956 0.999 0.997 0.994 0.995 0.994 0.857 0.999 0.998 1.000 0.999 1.000 1.000 0.997 0.999 0.999 
 120   (0.045) 0.044 0.001 0.003 0.006 0.005 0.006 0.143 0.001 0.002 0.000 0.001 0.000 0.000 0.003 0.001 0.001 

Locus 84 : 85402_12 
2 alleles
3.4% missing data
 120   (0.960) 0.960 0.995 0.997 0.991 0.993 0.994 0.997 1.000 0.998 1.000 0.999 1.000 1.000 0.998 0.999 0.999 
 100   (0.040) 0.040 0.005 0.003 0.009 0.007 0.006 0.003 0.000 0.002 0.000 0.001 0.000 0.000 0.002 0.001 0.001 

Locus 85 : 86588_18 
2 alleles
3.9% missing data
 120   (0.960) 0.960 0.999 0.996 0.989 0.994 0.993 0.997 0.999 0.979 1.000 0.999 1.000 1.000 0.997 0.999 0.999 
 100   (0.040) 0.040 0.001 0.004 0.011 0.006 0.007 0.003 0.001 0.021 0.000 0.001 0.000 0.000 0.003 0.001 0.001 

Locus 86 : 87070_60 
2 alleles
2.2% missing data
 100   (0.960) 0.960 0.999 0.997 0.994 0.995 0.855 0.997 0.999 0.998 1.000 0.999 1.000 1.000 0.998 0.999 0.999 
 130   (0.040) 0.040 0.001 0.003 0.006 0.005 0.145 0.003 0.001 0.002 0.000 0.001 0.000 0.000 0.002 0.001 0.001 

Locus 87 : 87747_31 
2 alleles
6.2% missing data
 120   (0.955) 0.956 0.999 0.997 0.994 0.995 0.994 0.913 0.999 0.998 1.000 0.999 1.000 1.000 0.997 0.999 0.999 
 110   (0.045) 0.044 0.001 0.003 0.006 0.005 0.006 0.087 0.001 0.002 0.000 0.001 0.000 0.000 0.003 0.001 0.001 

Locus 88 : 88455_10 
2 alleles
5.1% missing data
 130   (0.956) 0.956 0.999 0.782 0.994 0.995 0.995 0.997 0.999 0.998 1.000 0.999 1.000 1.000 0.996 0.999 0.998 
 100   (0.044) 0.044 0.001 0.218 0.006 0.005 0.005 0.003 0.001 0.002 0.000 0.001 0.000 0.000 0.004 0.001 0.002 

Locus 89 : 89005_12 
2 alleles
1.1% missing data
 120   (0.958) 0.958 0.999 0.997 0.995 0.995 0.995 0.891 1.000 0.998 1.000 0.999 1.000 1.000 0.997 0.999 0.999 
 130   (0.042) 0.042 0.001 0.003 0.005 0.005 0.005 0.109 0.000 0.002 0.000 0.001 0.000 0.000 0.003 0.001 0.001 

Locus 90 : 89213_8 
2 alleles
3.4% missing data
 130   (0.960) 0.960 0.999 0.997 0.994 0.995 0.995 0.971 1.000 0.998 1.000 0.999 1.000 1.000 0.997 0.999 0.999 
 110   (0.040) 0.040 0.001 0.003 0.006 0.005 0.005 0.029 0.000 0.002 0.000 0.001 0.000 0.000 0.003 0.001 0.001 

Locus 91 : 93475_13 
2 alleles
2.2% missing data
 130   (0.955) 0.955 0.999 0.997 0.994 0.995 0.995 0.864 0.999 0.998 1.000 0.999 1.000 1.000 0.997 0.999 0.999 
 110   (0.045) 0.045 0.001 0.003 0.006 0.005 0.005 0.136 0.001 0.002 0.000 0.001 0.000 0.000 0.003 0.001 0.001 

Locus 92 : 95749_27 
2 alleles
3.9% missing data
 120   (0.960) 0.960 0.999 0.997 0.994 0.996 0.995 0.970 0.999 0.998 1.000 0.999 1.000 1.000 0.997 0.999 0.999 
 100   (0.040) 0.040 0.001 0.003 0.006 0.004 0.005 0.030 0.001 0.002 0.000 0.001 0.000 0.000 0.003 0.001 0.001 

Locus 93 : 98167_26 
2 alleles
3.4% missing data
 120   (0.942) 0.942 0.972 0.992 0.985 0.990 0.887 0.995 0.996 0.988 0.999 0.992 0.999 0.996 0.995 0.998 0.997 
 110   (0.058) 0.058 0.028 0.008 0.015 0.010 0.113 0.005 0.004 0.012 0.001 0.008 0.001 0.004 0.005 0.002 0.003 

Locus 94 : 98988_58 
2 alleles
2.2% missing data
 130   (0.963) 0.963 0.999 0.997 0.995 0.995 0.994 0.975 0.999 0.998 1.000 0.999 1.000 1.000 0.998 0.998 0.999 
 110   (0.037) 0.037 0.001 0.003 0.005 0.005 0.006 0.025 0.001 0.002 0.000 0.001 0.000 0.000 0.002 0.002 0.001 

Locus 95 : 103824_15 
2 alleles
3.4% missing data
 130   (0.955) 0.955 0.999 0.997 0.993 0.995 0.995 0.808 0.999 0.998 1.000 0.999 1.000 1.000 0.997 0.999 0.999 
 110   (0.045) 0.045 0.001 0.003 0.007 0.005 0.005 0.192 0.001 0.002 0.000 0.001 0.000 0.000 0.003 0.001 0.001 

Locus 96 : 108043_8 
2 alleles
4.5% missing data
 130   (0.959) 0.959 0.999 0.997 0.995 0.995 0.995 0.997 0.999 0.998 1.000 0.906 1.000 1.000 0.997 0.999 0.998 
 110   (0.041) 0.041 0.001 0.003 0.005 0.005 0.005 0.003 0.001 0.002 0.000 0.094 0.000 0.000 0.003 0.001 0.002 

Locus 97 : 108049_79 
2 alleles
2.8% missing data
 120   (0.962) 0.962 0.992 0.997 0.989 0.992 0.995 0.997 1.000 0.998 1.000 0.999 1.000 1.000 0.997 0.999 0.999 
 100   (0.038) 0.038 0.008 0.003 0.011 0.008 0.005 0.003 0.000 0.002 0.000 0.001 0.000 0.000 0.003 0.001 0.001 

Locus 98 : 108366_5 
2 alleles
2.8% missing data
 130   (0.958) 0.958 0.999 0.997 0.994 0.996 0.995 0.918 1.000 0.998 1.000 0.999 1.000 1.000 0.997 0.999 0.999 
 100   (0.042) 0.042 0.001 0.003 0.006 0.004 0.005 0.082 0.000 0.002 0.000 0.001 0.000 0.000 0.003 0.001 0.001 

Locus 99 : 108403_10 
2 alleles
6.2% missing data
 130   (0.961) 0.961 0.999 0.997 0.993 0.994 0.995 0.997 1.000 0.998 1.000 0.991 1.000 1.000 0.997 0.999 0.999 
 110   (0.039) 0.039 0.001 0.003 0.007 0.006 0.005 0.003 0.000 0.002 0.000 0.009 0.000 0.000 0.003 0.001 0.001 

Locus 100 : 109283_38 
2 alleles
3.9% missing data
 120   (0.871) 0.871 0.928 0.990 0.854 0.899 0.979 0.990 0.806 0.971 0.494 0.995 0.990 0.994 0.982 0.996 0.508 
 100   (0.129) 0.129 0.072 0.010 0.146 0.101 0.021 0.010 0.194 0.029 0.506 0.005 0.010 0.006 0.018 0.004 0.492 

Locus 101 : 109527_54 
2 alleles
7.3% missing data
 110   (0.948) 0.948 0.998 0.996 0.992 0.980 0.993 0.996 0.999 0.997 1.000 0.999 1.000 1.000 0.800 0.998 0.998 
 130   (0.052) 0.052 0.002 0.004 0.008 0.020 0.007 0.004 0.001 0.003 0.000 0.001 0.000 0.000 0.200 0.002 0.002 

Locus 102 : 109804_31 
2 alleles
2.2% missing data
 130   (0.955) 0.955 0.999 0.997 0.994 0.995 0.994 0.945 0.999 0.998 1.000 0.999 1.000 1.000 0.997 0.999 0.998 
 100   (0.045) 0.045 0.001 0.003 0.006 0.005 0.006 0.055 0.001 0.002 0.000 0.001 0.000 0.000 0.003 0.001 0.002 

Locus 103 : 112614_46 
2 alleles
5.1% missing data
 120   (0.955) 0.955 0.999 0.997 0.994 0.995 0.994 0.884 0.999 0.998 1.000 0.999 1.000 1.000 0.997 0.999 0.999 
 100   (0.045) 0.045 0.001 0.003 0.006 0.005 0.006 0.116 0.001 0.002 0.000 0.001 0.000 0.000 0.003 0.001 0.001 

Locus 104 : 112906_14 
2 alleles
3.9% missing data
 110   (0.891) 0.891 0.998 0.690 0.959 0.930 0.950 0.992 0.998 0.995 0.999 0.997 1.000 0.999 0.734 0.996 0.856 
 120   (0.109) 0.109 0.002 0.310 0.041 0.070 0.050 0.008 0.002 0.005 0.001 0.003 0.000 0.001 0.266 0.004 0.144 

Locus 105 : 113735_32 
2 alleles
6.7% missing data
 120   (0.962) 0.962 0.999 0.963 0.993 0.995 0.995 0.997 0.999 0.998 1.000 0.999 1.000 1.000 0.997 0.999 0.999 
 100   (0.038) 0.038 0.001 0.037 0.007 0.005 0.005 0.003 0.001 0.002 0.000 0.001 0.000 0.000 0.003 0.001 0.001 

Locus 106 : 115028_7 
2 alleles
3.9% missing data
 120   (0.961) 0.961 0.999 0.956 0.994 0.995 0.995 0.997 0.999 0.998 1.000 0.999 1.000 1.000 0.997 0.999 0.999 
 100   (0.039) 0.039 0.001 0.044 0.006 0.005 0.005 0.003 0.001 0.002 0.000 0.001 0.000 0.000 0.003 0.001 0.001 

Locus 107 : 115179_16 
2 alleles
2.2% missing data
 120   (0.959) 0.959 0.999 0.997 0.995 0.995 0.995 0.908 1.000 0.998 1.000 0.999 1.000 1.000 0.998 0.999 0.999 
 110   (0.041) 0.041 0.001 0.003 0.005 0.005 0.005 0.092 0.000 0.002 0.000 0.001 0.000 0.000 0.002 0.001 0.001 

Locus 108 : 116753_51 
2 alleles
7.3% missing data
 120   (0.958) 0.958 0.999 0.996 0.979 0.990 0.994 0.997 0.998 0.998 1.000 0.998 1.000 0.999 0.997 0.999 0.901 
 100   (0.042) 0.042 0.001 0.004 0.021 0.010 0.006 0.003 0.002 0.002 0.000 0.002 0.000 0.001 0.003 0.001 0.099 

Locus 109 : 116931_31 
2 alleles
7.9% missing data
 120   (0.959) 0.959 0.999 0.997 0.990 0.994 0.993 0.997 0.999 0.979 1.000 0.999 1.000 1.000 0.997 0.999 0.998 
 110   (0.041) 0.041 0.001 0.003 0.010 0.006 0.007 0.003 0.001 0.021 0.000 0.001 0.000 0.000 0.003 0.001 0.002 

Locus 110 : 116938_8 
2 alleles
4.5% missing data
 130   (0.921) 0.921 0.998 0.994 0.987 0.988 0.943 0.994 0.999 0.996 0.999 0.998 1.000 1.000 0.864 0.998 0.814 
 110   (0.079) 0.079 0.002 0.006 0.013 0.012 0.057 0.006 0.001 0.004 0.001 0.002 0.000 0.000 0.136 0.002 0.186 

Locus 111 : 122302_80 
2 alleles
10.1% missing data
 110   (0.959) 0.959 0.999 0.996 0.992 0.995 0.994 0.996 0.999 0.954 1.000 0.999 1.000 1.000 0.997 0.999 0.998 
 100   (0.041) 0.041 0.001 0.004 0.008 0.005 0.006 0.004 0.001 0.046 0.000 0.001 0.000 0.000 0.003 0.001 0.002 

Locus 112 : 123190_14 
2 alleles
3.4% missing data
 120   (0.953) 0.953 0.999 0.996 0.983 0.992 0.993 0.996 0.998 0.934 0.999 0.999 1.000 1.000 0.997 0.999 0.998 
 130   (0.047) 0.047 0.001 0.004 0.017 0.008 0.007 0.004 0.002 0.066 0.001 0.001 0.000 0.000 0.003 0.001 0.002 

Locus 113 : 123271_36 
2 alleles
3.9% missing data
 100   (0.954) 0.955 0.999 0.997 0.994 0.995 0.994 0.856 0.999 0.998 1.000 0.999 1.000 1.000 0.997 0.999 0.998 
 110   (0.046) 0.045 0.001 0.003 0.006 0.005 0.006 0.144 0.001 0.002 0.000 0.001 0.000 0.000 0.003 0.001 0.002 

Locus 114 : 124147_18 
2 alleles
2.2% missing data
 130   (0.958) 0.958 0.999 0.997 0.994 0.995 0.761 0.997 0.999 0.998 1.000 0.999 1.000 1.000 0.997 0.999 0.999 
 110   (0.042) 0.042 0.001 0.003 0.006 0.005 0.239 0.003 0.001 0.002 0.000 0.001 0.000 0.000 0.003 0.001 0.001 

Locus 115 : 124184_33 
2 alleles
5.6% missing data
 110   (0.957) 0.957 0.999 0.997 0.994 0.994 0.995 0.909 0.999 0.998 1.000 0.999 1.000 1.000 0.997 0.999 0.999 
 100   (0.043) 0.043 0.001 0.003 0.006 0.006 0.005 0.091 0.001 0.002 0.000 0.001 0.000 0.000 0.003 0.001 0.001 

Locus 116 : 125404_24 
2 alleles
1.1% missing data
 130   (0.959) 0.960 0.999 0.757 0.995 0.995 0.995 0.997 0.999 0.998 1.000 0.999 1.000 1.000 0.998 0.999 0.999 
 110   (0.041) 0.040 0.001 0.243 0.005 0.005 0.005 0.003 0.001 0.002 0.000 0.001 0.000 0.000 0.002 0.001 0.001 

Locus 117 : 125436_43 
2 alleles
3.9% missing data
 130   (0.930) 0.930 0.998 0.699 0.990 0.982 0.991 0.995 0.999 0.997 0.999 0.998 1.000 1.000 0.825 0.998 0.997 
 100   (0.070) 0.070 0.002 0.301 0.010 0.018 0.009 0.005 0.001 0.003 0.001 0.002 0.000 0.000 0.175 0.002 0.003 

Locus 118 : 126013_18 
2 alleles
2.8% missing data
 130   (0.960) 0.960 0.999 0.997 0.995 0.995 0.995 0.997 1.000 0.998 1.000 0.999 1.000 1.000 0.997 0.874 0.999 
 110   (0.040) 0.040 0.001 0.003 0.005 0.005 0.005 0.003 0.000 0.002 0.000 0.001 0.000 0.000 0.003 0.126 0.001 

Locus 119 : 126137_19 
2 alleles
3.9% missing data
 120   (0.961) 0.961 0.999 0.985 0.993 0.985 0.995 0.997 0.999 0.998 1.000 0.999 1.000 1.000 0.982 0.999 0.998 
 110   (0.039) 0.039 0.001 0.015 0.007 0.015 0.005 0.003 0.001 0.002 0.000 0.001 0.000 0.000 0.018 0.001 0.002 

Locus 120 : 126845_22 
2 alleles
5.6% missing data
 130   (0.959) 0.959 0.999 0.957 0.993 0.995 0.993 0.997 0.999 0.998 1.000 0.999 1.000 1.000 0.997 0.999 0.999 
 110   (0.041) 0.041 0.001 0.043 0.007 0.005 0.007 0.003 0.001 0.002 0.000 0.001 0.000 0.000 0.003 0.001 0.001 

Locus 121 : 127512_8 
2 alleles
1.1% missing data
 130   (0.959) 0.959 0.999 0.997 0.994 0.995 0.995 0.997 0.999 0.998 1.000 0.999 1.000 1.000 0.998 0.905 0.999 
 100   (0.041) 0.041 0.001 0.003 0.006 0.005 0.005 0.003 0.001 0.002 0.000 0.001 0.000 0.000 0.002 0.095 0.001 

Locus 122 : 127692_13 
2 alleles
2.8% missing data
 100   (0.954) 0.954 0.999 0.997 0.992 0.994 0.994 0.997 0.999 0.998 1.000 0.999 1.000 1.000 0.929 0.999 0.998 
 120   (0.046) 0.046 0.001 0.003 0.008 0.006 0.006 0.003 0.001 0.002 0.000 0.001 0.000 0.000 0.071 0.001 0.002 

Locus 123 : 128195_18 
2 alleles
7.3% missing data
 130   (0.880) 0.880 0.258 0.987 0.927 0.972 0.436 0.990 0.988 0.974 0.999 0.997 0.996 0.998 0.918 0.996 0.994 
 110   (0.120) 0.120 0.742 0.013 0.073 0.028 0.564 0.010 0.012 0.026 0.001 0.003 0.004 0.002 0.082 0.004 0.006 

Locus 124 : 128198_14 
2 alleles
4.5% missing data
 130   (0.934) 0.934 0.999 0.995 0.990 0.992 0.992 0.917 0.999 0.997 0.999 0.998 0.999 1.000 0.995 0.902 0.998 
 120   (0.066) 0.066 0.001 0.005 0.010 0.008 0.008 0.083 0.001 0.003 0.001 0.002 0.001 0.000 0.005 0.098 0.002 

Locus 125 : 128423_39 
2 alleles
4.5% missing data
 130   (0.961) 0.960 0.993 0.997 0.983 0.991 0.987 0.997 0.999 0.998 1.000 0.999 1.000 1.000 0.997 0.999 0.998 
 100   (0.039) 0.040 0.007 0.003 0.017 0.009 0.013 0.003 0.001 0.002 0.000 0.001 0.000 0.000 0.003 0.001 0.002 

Locus 126 : 131572_48 
2 alleles
1.1% missing data
 120   (0.952) 0.952 0.999 0.995 0.982 0.990 0.993 0.996 0.999 0.998 0.999 0.999 1.000 1.000 0.997 0.998 0.930 
 100   (0.048) 0.048 0.001 0.005 0.018 0.010 0.007 0.004 0.001 0.002 0.001 0.001 0.000 0.000 0.003 0.002 0.070 

Locus 127 : 132199_62 
2 alleles
3.9% missing data
 100   (0.953) 0.954 0.999 0.997 0.993 0.995 0.994 0.750 1.000 0.998 1.000 0.999 1.000 1.000 0.997 0.999 0.999 
 120   (0.047) 0.046 0.001 0.003 0.007 0.005 0.006 0.250 0.000 0.002 0.000 0.001 0.000 0.000 0.003 0.001 0.001 

Locus 128 : 135566_64 
2 alleles
7.3% missing data
 130   (0.959) 0.959 0.994 0.997 0.990 0.994 0.994 0.997 0.999 0.998 1.000 0.999 1.000 1.000 0.997 0.999 0.999 
 110   (0.041) 0.041 0.006 0.003 0.010 0.006 0.006 0.003 0.001 0.002 0.000 0.001 0.000 0.000 0.003 0.001 0.001 

Locus 129 : 135761_5 
2 alleles
7.9% missing data
 130   (0.956) 0.957 0.999 0.997 0.994 0.995 0.995 0.904 1.000 0.998 1.000 0.999 1.000 1.000 0.997 0.998 0.999 
 100   (0.044) 0.043 0.001 0.003 0.006 0.005 0.005 0.096 0.000 0.002 0.000 0.001 0.000 0.000 0.003 0.002 0.001 

Locus 130 : 137219_35 
2 alleles
3.4% missing data
 120   (0.946) 0.946 0.968 0.996 0.983 0.989 0.992 0.996 0.999 0.997 1.000 0.999 1.000 1.000 0.997 0.998 0.998 
 100   (0.054) 0.054 0.032 0.004 0.017 0.011 0.008 0.004 0.001 0.003 0.000 0.001 0.000 0.000 0.003 0.002 0.002 

Locus 131 : 139081_20 
2 alleles
5.6% missing data
 120   (0.942) 0.943 0.999 0.995 0.988 0.989 0.927 0.996 0.999 0.997 0.999 0.998 1.000 1.000 0.969 0.998 0.994 
 110   (0.058) 0.057 0.001 0.005 0.012 0.011 0.073 0.004 0.001 0.003 0.001 0.002 0.000 0.000 0.031 0.002 0.006 

Locus 132 : 139084_52 
2 alleles
5.1% missing data
 120   (0.922) 0.921 0.996 0.993 0.971 0.988 0.818 0.994 0.998 0.921 0.999 0.998 1.000 0.999 0.995 0.997 0.997 
 110   (0.078) 0.079 0.004 0.007 0.029 0.012 0.182 0.006 0.002 0.079 0.001 0.002 0.000 0.001 0.005 0.003 0.003 

Locus 133 : 139433_54 
2 alleles
3.9% missing data
 120   (0.957) 0.957 0.999 0.997 0.994 0.995 0.995 0.945 0.999 0.998 1.000 0.999 1.000 1.000 0.997 0.999 0.999 
 100   (0.043) 0.043 0.001 0.003 0.006 0.005 0.005 0.055 0.001 0.002 0.000 0.001 0.000 0.000 0.003 0.001 0.001 

Locus 134 : 140063_88 
2 alleles
7.9% missing data
 110   (0.957) 0.956 0.999 0.996 0.992 0.992 0.992 0.997 0.999 0.998 1.000 0.999 1.000 1.000 0.988 0.999 0.999 
 100   (0.043) 0.044 0.001 0.004 0.008 0.008 0.008 0.003 0.001 0.002 0.000 0.001 0.000 0.000 0.012 0.001 0.001 

Locus 135 : 140194_73 
2 alleles
2.8% missing data
 120   (0.960) 0.960 0.999 0.997 0.993 0.994 0.992 0.997 0.999 0.998 1.000 0.998 1.000 1.000 0.997 0.975 0.998 
 110   (0.040) 0.040 0.001 0.003 0.007 0.006 0.008 0.003 0.001 0.002 0.000 0.002 0.000 0.000 0.003 0.025 0.002 

Locus 136 : 141313_8 
2 alleles
2.8% missing data
 120   (0.957) 0.957 0.999 0.997 0.994 0.995 0.995 0.919 0.999 0.998 1.000 0.999 1.000 1.000 0.997 0.999 0.999 
 100   (0.043) 0.043 0.001 0.003 0.006 0.005 0.005 0.081 0.001 0.002 0.000 0.001 0.000 0.000 0.003 0.001 0.001 

Locus 137 : 145284_28 
2 alleles
2.8% missing data
 130   (0.955) 0.955 0.999 0.997 0.993 0.995 0.622 0.996 0.999 0.998 1.000 0.999 1.000 1.000 0.997 0.999 0.999 
 110   (0.045) 0.045 0.001 0.003 0.007 0.005 0.378 0.004 0.001 0.002 0.000 0.001 0.000 0.000 0.003 0.001 0.001 

Locus 138 : 145957_11 
2 alleles
4.5% missing data
 130   (0.961) 0.961 0.999 0.997 0.994 0.995 0.995 0.997 0.999 0.998 0.824 0.999 1.000 1.000 0.998 0.999 0.999 
 110   (0.039) 0.039 0.001 0.003 0.006 0.005 0.005 0.003 0.001 0.002 0.176 0.001 0.000 0.000 0.002 0.001 0.001 

Locus 139 : 160306_34 
2 alleles
2.8% missing data
 120   (0.936) 0.936 0.999 0.777 0.976 0.951 0.991 0.995 0.999 0.996 0.999 0.998 1.000 0.999 0.966 0.998 0.979 
 100   (0.064) 0.064 0.001 0.223 0.024 0.049 0.009 0.005 0.001 0.004 0.001 0.002 0.000 0.001 0.034 0.002 0.021 

Locus 140 : 162107_37 
2 alleles
3.4% missing data
 120   (0.940) 0.940 0.999 0.901 0.988 0.991 0.992 0.995 0.999 0.997 0.999 0.998 1.000 1.000 0.981 0.998 0.998 
 100   (0.060) 0.060 0.001 0.099 0.012 0.009 0.008 0.005 0.001 0.003 0.001 0.002 0.000 0.000 0.019 0.002 0.002 

Locus 141 : 163290_36 
2 alleles
5.1% missing data
 130   (0.927) 0.927 0.993 0.994 0.934 0.962 0.772 0.994 0.952 0.950 0.995 0.997 0.982 0.995 0.995 0.997 0.996 
 110   (0.073) 0.073 0.007 0.006 0.066 0.038 0.228 0.006 0.048 0.050 0.005 0.003 0.018 0.005 0.005 0.003 0.004 

Locus 142 : 163453_13 
2 alleles
5.6% missing data
 120   (0.960) 0.960 0.999 0.997 0.991 0.994 0.993 0.997 0.999 0.981 1.000 0.999 1.000 1.000 0.997 0.998 0.998 
 110   (0.040) 0.040 0.001 0.003 0.009 0.006 0.007 0.003 0.001 0.019 0.000 0.001 0.000 0.000 0.003 0.002 0.002 

Locus 143 : 163580_14 
2 alleles
10.1% missing data
 120   (0.959) 0.959 0.999 0.997 0.967 0.995 0.995 0.997 1.000 0.997 0.995 0.999 1.000 0.826 0.997 0.999 0.999 
 100   (0.041) 0.041 0.001 0.003 0.033 0.005 0.005 0.003 0.000 0.003 0.005 0.001 0.000 0.174 0.003 0.001 0.001 

Locus 144 : 164461_13 
2 alleles
5.6% missing data
 100   (0.960) 0.960 0.999 0.997 0.994 0.995 0.995 0.997 0.999 0.840 1.000 0.999 1.000 1.000 0.997 0.999 0.999 
 120   (0.040) 0.040 0.001 0.003 0.006 0.005 0.005 0.003 0.001 0.160 0.000 0.001 0.000 0.000 0.003 0.001 0.001 

Locus 145 : 165413_43 
2 alleles
1.7% missing data
 110   (0.954) 0.954 0.999 0.997 0.988 0.993 0.994 0.996 0.999 0.997 1.000 0.999 1.000 1.000 0.935 0.999 0.998 
 130   (0.046) 0.046 0.001 0.003 0.012 0.007 0.006 0.004 0.001 0.003 0.000 0.001 0.000 0.000 0.065 0.001 0.002 

Locus 146 : 168629_44 
2 alleles
5.6% missing data
 130   (0.950) 0.950 0.988 0.996 0.985 0.989 0.990 0.996 0.996 0.980 0.999 0.998 0.999 0.999 0.961 0.998 0.998 
 110   (0.050) 0.050 0.012 0.004 0.015 0.011 0.010 0.004 0.004 0.020 0.001 0.002 0.001 0.001 0.039 0.002 0.002 

Locus 147 : 168991_77 
2 alleles
5.6% missing data
 110   (0.859) 0.858 0.955 0.645 0.902 0.887 0.975 0.989 0.989 0.986 0.998 0.996 0.998 0.996 0.907 0.995 0.884 
 100   (0.141) 0.142 0.045 0.355 0.098 0.113 0.025 0.011 0.011 0.014 0.002 0.004 0.002 0.004 0.093 0.005 0.116 

Locus 148 : 169478_88 
2 alleles
5.1% missing data
 130   (0.960) 0.960 0.999 0.997 0.993 0.995 0.995 0.997 0.999 0.998 1.000 0.999 1.000 1.000 0.997 0.976 0.998 
 100   (0.040) 0.040 0.001 0.003 0.007 0.005 0.005 0.003 0.001 0.002 0.000 0.001 0.000 0.000 0.003 0.024 0.002 

Locus 149 : 169898_8 
2 alleles
6.2% missing data
 120   (0.942) 0.942 0.999 0.995 0.991 0.988 0.992 0.995 0.999 0.963 0.999 0.998 1.000 0.999 0.910 0.998 0.996 
 100   (0.058) 0.058 0.001 0.005 0.009 0.012 0.008 0.005 0.001 0.037 0.001 0.002 0.000 0.001 0.090 0.002 0.004 

Locus 150 : 170224_42 
2 alleles
7.3% missing data
 100   (0.917) 0.917 0.983 0.993 0.934 0.981 0.977 0.993 0.995 0.788 0.999 0.997 0.999 0.999 0.932 0.997 0.996 
 120   (0.083) 0.083 0.017 0.007 0.066 0.019 0.023 0.007 0.005 0.212 0.001 0.003 0.001 0.001 0.068 0.003 0.004 

Locus 151 : 174083_22 
2 alleles
3.9% missing data
 120   (0.953) 0.954 0.999 0.997 0.993 0.994 0.994 0.783 0.999 0.998 1.000 0.999 1.000 1.000 0.997 0.999 0.999 
 100   (0.047) 0.046 0.001 0.003 0.007 0.006 0.006 0.217 0.001 0.002 0.000 0.001 0.000 0.000 0.003 0.001 0.001 

Locus 152 : 174223_24 
2 alleles
2.8% missing data
 120   (0.958) 0.958 0.999 0.997 0.994 0.993 0.995 0.997 0.999 0.998 1.000 0.990 1.000 1.000 0.997 0.999 0.999 
 100   (0.042) 0.042 0.001 0.003 0.006 0.007 0.005 0.003 0.001 0.002 0.000 0.010 0.000 0.000 0.003 0.001 0.001 

Locus 153 : 174263_44 
2 alleles
3.9% missing data
 130   (0.960) 0.960 0.999 0.997 0.994 0.995 0.995 0.997 0.999 0.998 1.000 0.999 1.000 1.000 0.998 0.831 0.999 
 110   (0.040) 0.040 0.001 0.003 0.006 0.005 0.005 0.003 0.001 0.002 0.000 0.001 0.000 0.000 0.002 0.169 0.001 

Locus 154 : 175657_6 
2 alleles
8.4% missing data
 100   (0.934) 0.935 0.999 0.757 0.991 0.992 0.992 0.994 0.999 0.997 0.999 0.998 1.000 1.000 0.912 0.998 0.998 
 130   (0.066) 0.065 0.001 0.243 0.009 0.008 0.008 0.006 0.001 0.003 0.001 0.002 0.000 0.000 0.088 0.002 0.002 

Locus 155 : 176570_23 
2 alleles
3.9% missing data
 130   (0.959) 0.959 0.998 0.997 0.950 0.980 0.994 0.997 0.950 0.998 0.992 0.995 1.000 1.000 0.997 0.999 0.987 
 110   (0.041) 0.041 0.002 0.003 0.050 0.020 0.006 0.003 0.050 0.002 0.008 0.005 0.000 0.000 0.003 0.001 0.013 

Locus 156 : 176775_13 
2 alleles
6.7% missing data
 130   (0.954) 0.954 0.999 0.997 0.994 0.995 0.994 0.702 0.999 0.998 1.000 0.999 1.000 1.000 0.997 0.999 0.998 
 110   (0.046) 0.046 0.001 0.003 0.006 0.005 0.006 0.298 0.001 0.002 0.000 0.001 0.000 0.000 0.003 0.001 0.002 

Locus 157 : 178448_19 
2 alleles
3.4% missing data
 120   (0.955) 0.956 0.999 0.997 0.993 0.995 0.994 0.880 0.999 0.998 1.000 0.999 1.000 1.000 0.997 0.999 0.999 
 100   (0.045) 0.044 0.001 0.003 0.007 0.005 0.006 0.120 0.001 0.002 0.000 0.001 0.000 0.000 0.003 0.001 0.001 

Locus 158 : 179162_16 
2 alleles
6.2% missing data
 120   (0.958) 0.959 0.999 0.997 0.994 0.996 0.995 0.970 1.000 0.998 1.000 0.999 1.000 1.000 0.997 0.999 0.999 
 100   (0.042) 0.041 0.001 0.003 0.006 0.004 0.005 0.030 0.000 0.002 0.000 0.001 0.000 0.000 0.003 0.001 0.001 

Locus 159 : 179286_31 
2 alleles
2.8% missing data
 120   (0.932) 0.932 0.998 0.888 0.988 0.988 0.991 0.995 0.998 0.997 0.999 0.998 1.000 0.999 0.910 0.998 0.988 
 100   (0.068) 0.068 0.002 0.112 0.012 0.012 0.009 0.005 0.002 0.003 0.001 0.002 0.000 0.001 0.090 0.002 0.012 

Locus 160 : 179594_17 
2 alleles
4.5% missing data
 120   (0.920) 0.919 0.998 0.732 0.980 0.988 0.915 0.993 0.998 0.967 0.999 0.994 1.000 0.999 0.995 0.997 0.997 
 100   (0.080) 0.081 0.002 0.268 0.020 0.012 0.085 0.007 0.002 0.033 0.001 0.006 0.000 0.001 0.005 0.003 0.003 

Locus 161 : 180413_54 
2 alleles
3.9% missing data
 100   (0.956) 0.956 0.999 0.997 0.994 0.995 0.995 0.879 0.999 0.998 1.000 0.999 1.000 1.000 0.997 0.999 0.999 
 110   (0.044) 0.044 0.001 0.003 0.006 0.005 0.005 0.121 0.001 0.002 0.000 0.001 0.000 0.000 0.003 0.001 0.001 

Locus 162 : 182862_79 
2 alleles
3.4% missing data
 130   (0.956) 0.956 0.999 0.997 0.994 0.995 0.994 0.866 0.999 0.998 1.000 0.999 1.000 1.000 0.997 0.999 0.999 
 110   (0.044) 0.044 0.001 0.003 0.006 0.005 0.006 0.134 0.001 0.002 0.000 0.001 0.000 0.000 0.003 0.001 0.001 

Locus 163 : 183288_63 
2 alleles
10.1% missing data
 100   (0.958) 0.959 0.999 0.997 0.994 0.995 0.994 0.971 0.999 0.998 1.000 0.999 1.000 1.000 0.997 0.999 0.999 
 120   (0.042) 0.041 0.001 0.003 0.006 0.005 0.006 0.029 0.001 0.002 0.000 0.001 0.000 0.000 0.003 0.001 0.001 

Locus 164 : 183906_55 
2 alleles
6.7% missing data
 130   (0.959) 0.959 0.999 0.997 0.994 0.995 0.995 0.945 0.999 0.998 1.000 0.999 1.000 1.000 0.998 0.999 0.999 
 100   (0.041) 0.041 0.001 0.003 0.006 0.005 0.005 0.055 0.001 0.002 0.000 0.001 0.000 0.000 0.002 0.001 0.001 

Locus 165 : 183990_7 
2 alleles
3.4% missing data
 120   (0.954) 0.954 0.783 0.997 0.986 0.994 0.994 0.997 0.999 0.997 0.993 0.999 1.000 1.000 0.997 0.999 0.998 
 100   (0.046) 0.046 0.217 0.003 0.014 0.006 0.006 0.003 0.001 0.003 0.007 0.001 0.000 0.000 0.003 0.001 0.002 

Locus 166 : 185904_60 
2 alleles
3.4% missing data
 120   (0.958) 0.958 0.999 0.997 0.992 0.995 0.995 0.997 0.999 0.905 1.000 0.999 1.000 1.000 0.997 0.999 0.999 
 100   (0.042) 0.042 0.001 0.003 0.008 0.005 0.005 0.003 0.001 0.095 0.000 0.001 0.000 0.000 0.003 0.001 0.001 

Locus 167 : 191703_64 
2 alleles
1.7% missing data
 130   (0.933) 0.933 0.999 0.861 0.990 0.992 0.679 0.995 0.999 0.997 0.999 0.998 1.000 1.000 0.996 0.998 0.998 
 110   (0.067) 0.067 0.001 0.139 0.010 0.008 0.321 0.005 0.001 0.003 0.001 0.002 0.000 0.000 0.004 0.002 0.002 

Locus 168 : 193854_7 
2 alleles
1.7% missing data
 130   (0.937) 0.937 0.999 0.995 0.990 0.992 0.991 0.881 0.999 0.997 0.999 0.998 1.000 0.999 0.996 0.980 0.998 
 110   (0.063) 0.063 0.001 0.005 0.010 0.008 0.009 0.119 0.001 0.003 0.001 0.002 0.000 0.001 0.004 0.020 0.002 

Locus 169 : 194868_38 
2 alleles
5.6% missing data
 120   (0.944) 0.943 0.998 0.971 0.991 0.964 0.992 0.996 0.997 0.997 1.000 0.998 1.000 1.000 0.892 0.998 0.997 
 100   (0.056) 0.057 0.002 0.029 0.009 0.036 0.008 0.004 0.003 0.003 0.000 0.002 0.000 0.000 0.108 0.002 0.003 

Locus 170 : 195463_36 
2 alleles
5.1% missing data
 120   (0.959) 0.959 0.999 0.856 0.994 0.994 0.995 0.997 1.000 0.998 1.000 0.999 1.000 1.000 0.997 0.999 0.999 
 100   (0.041) 0.041 0.001 0.144 0.006 0.006 0.005 0.003 0.000 0.002 0.000 0.001 0.000 0.000 0.003 0.001 0.001 

Locus 171 : 195727_20 
2 alleles
1.7% missing data
 130   (0.958) 0.958 0.999 0.997 0.995 0.996 0.995 0.913 1.000 0.998 1.000 0.999 1.000 1.000 0.997 0.999 0.999 
 110   (0.042) 0.042 0.001 0.003 0.005 0.004 0.005 0.087 0.000 0.002 0.000 0.001 0.000 0.000 0.003 0.001 0.001 

Locus 172 : 197508_5 
2 alleles
2.2% missing data
 120   (0.960) 0.960 0.999 0.997 0.993 0.992 0.994 0.997 0.999 0.998 1.000 0.999 1.000 1.000 0.989 0.999 0.999 
 100   (0.040) 0.040 0.001 0.003 0.007 0.008 0.006 0.003 0.001 0.002 0.000 0.001 0.000 0.000 0.011 0.001 0.001 

Locus 173 : 199140_10 
2 alleles
4.5% missing data
 130   (0.960) 0.959 0.995 0.997 0.990 0.993 0.994 0.997 1.000 0.998 1.000 0.999 1.000 1.000 0.998 0.999 0.999 
 110   (0.040) 0.041 0.005 0.003 0.010 0.007 0.006 0.003 0.000 0.002 0.000 0.001 0.000 0.000 0.002 0.001 0.001 

Locus 174 : 199429_51 
2 alleles
5.1% missing data
 130   (0.960) 0.960 0.999 0.996 0.989 0.994 0.993 0.997 0.999 0.980 1.000 0.999 1.000 1.000 0.997 0.999 0.999 
 100   (0.040) 0.040 0.001 0.004 0.011 0.006 0.007 0.003 0.001 0.020 0.000 0.001 0.000 0.000 0.003 0.001 0.001 

Locus 175 : 199635_9 
2 alleles
3.4% missing data
 120   (0.954) 0.955 0.999 0.997 0.994 0.995 0.995 0.828 0.999 0.998 1.000 0.999 1.000 1.000 0.997 0.999 0.999 
 100   (0.046) 0.045 0.001 0.003 0.006 0.005 0.005 0.172 0.001 0.002 0.000 0.001 0.000 0.000 0.003 0.001 0.001 

Locus 176 : 200923_8 
2 alleles
5.1% missing data
 100   (0.962) 0.962 0.999 0.994 0.994 0.995 0.933 0.997 0.999 0.998 1.000 0.999 1.000 1.000 0.997 0.999 0.998 
 110   (0.038) 0.038 0.001 0.006 0.006 0.005 0.067 0.003 0.001 0.002 0.000 0.001 0.000 0.000 0.003 0.001 0.002 

Locus 177 : 201090_64 
2 alleles
5.1% missing data
 130   (0.959) 0.960 0.999 0.996 0.993 0.994 0.994 0.997 0.999 0.954 1.000 0.999 1.000 1.000 0.997 0.999 0.999 
 100   (0.041) 0.040 0.001 0.004 0.007 0.006 0.006 0.003 0.001 0.046 0.000 0.001 0.000 0.000 0.003 0.001 0.001 

Locus 178 : 201549_57 
2 alleles
4.5% missing data
 120   (0.958) 0.958 0.999 0.902 0.994 0.995 0.995 0.997 0.999 0.998 1.000 0.999 1.000 1.000 0.997 0.999 0.999 
 110   (0.042) 0.042 0.001 0.098 0.006 0.005 0.005 0.003 0.001 0.002 0.000 0.001 0.000 0.000 0.003 0.001 0.001 

Locus 179 : 203565_40 
2 alleles
3.9% missing data
 120   (0.959) 0.959 0.999 0.997 0.993 0.995 0.931 0.997 0.999 0.998 1.000 0.999 1.000 1.000 0.997 0.999 0.998 
 100   (0.041) 0.041 0.001 0.003 0.007 0.005 0.069 0.003 0.001 0.002 0.000 0.001 0.000 0.000 0.003 0.001 0.002 

Locus 180 : 205184_19 
2 alleles
7.3% missing data
 110   (0.926) 0.926 0.999 0.994 0.990 0.992 0.991 0.758 0.999 0.997 0.999 0.998 1.000 1.000 0.995 0.858 0.997 
 120   (0.074) 0.074 0.001 0.006 0.010 0.008 0.009 0.242 0.001 0.003 0.001 0.002 0.000 0.000 0.005 0.142 0.003 

Locus 181 : 206551_17 
2 alleles
6.2% missing data
 120   (0.907) 0.907 0.993 0.964 0.979 0.987 0.936 0.993 0.997 0.580 0.999 0.875 0.999 0.998 0.994 0.997 0.996 
 100   (0.093) 0.093 0.007 0.036 0.021 0.013 0.064 0.007 0.003 0.420 0.001 0.125 0.001 0.002 0.006 0.003 0.004 

Locus 182 : 216246_19 
2 alleles
2.8% missing data
 110   (0.948) 0.947 0.991 0.989 0.962 0.967 0.986 0.996 0.999 0.997 0.999 0.999 1.000 0.999 0.989 0.998 0.993 
 130   (0.052) 0.053 0.009 0.011 0.038 0.033 0.014 0.004 0.001 0.003 0.001 0.001 0.000 0.001 0.011 0.002 0.007 

Locus 183 : 216776_13 
2 alleles
5.6% missing data
 120   (0.924) 0.924 0.999 0.994 0.989 0.990 0.990 0.725 0.999 0.996 0.999 0.819 0.999 0.999 0.995 0.991 0.997 
 110   (0.076) 0.076 0.001 0.006 0.011 0.010 0.010 0.275 0.001 0.004 0.001 0.181 0.001 0.001 0.005 0.009 0.003 

Locus 184 : 217291_37 
2 alleles
3.9% missing data
 120   (0.959) 0.959 0.999 0.908 0.990 0.995 0.994 0.997 0.999 0.998 1.000 0.999 1.000 1.000 0.997 0.999 0.999 
 100   (0.041) 0.041 0.001 0.092 0.010 0.005 0.006 0.003 0.001 0.002 0.000 0.001 0.000 0.000 0.003 0.001 0.001 

Locus 185 : 217570_13 
2 alleles
3.9% missing data
 130   (0.957) 0.958 0.999 0.997 0.995 0.995 0.995 0.865 1.000 0.998 1.000 0.999 1.000 1.000 0.997 0.999 0.999 
 110   (0.043) 0.042 0.001 0.003 0.005 0.005 0.005 0.135 0.000 0.002 0.000 0.001 0.000 0.000 0.003 0.001 0.001 

Locus 186 : 220422_65 
2 alleles
3.4% missing data
 120   (0.950) 0.950 0.999 0.989 0.950 0.945 0.993 0.996 0.998 0.997 0.999 0.999 1.000 1.000 0.987 0.998 0.988 
 110   (0.050) 0.050 0.001 0.011 0.050 0.055 0.007 0.004 0.002 0.003 0.001 0.001 0.000 0.000 0.013 0.002 0.012 

Locus 187 : 220502_40 
2 alleles
6.7% missing data
 120   (0.959) 0.960 0.999 0.996 0.993 0.993 0.994 0.997 0.998 0.998 0.999 0.998 1.000 0.999 0.997 0.999 0.963 
 110   (0.041) 0.040 0.001 0.004 0.007 0.007 0.006 0.003 0.002 0.002 0.001 0.002 0.000 0.001 0.003 0.001 0.037 

Locus 188 : 220519_81 
2 alleles
4.5% missing data
 130   (0.937) 0.937 0.999 0.995 0.989 0.992 0.931 0.857 0.999 0.997 0.999 0.998 1.000 1.000 0.996 0.998 0.997 
 110   (0.063) 0.063 0.001 0.005 0.011 0.008 0.069 0.143 0.001 0.003 0.001 0.002 0.000 0.000 0.004 0.002 0.003 

Locus 189 : 222347_17 
2 alleles
3.9% missing data
 120   (0.957) 0.957 0.999 0.997 0.994 0.995 0.995 0.891 1.000 0.998 1.000 0.999 1.000 1.000 0.997 0.999 0.999 
 100   (0.043) 0.043 0.001 0.003 0.006 0.005 0.005 0.109 0.000 0.002 0.000 0.001 0.000 0.000 0.003 0.001 0.001 

Locus 190 : 222896_46 
2 alleles
0.6% missing data
 110   (0.958) 0.958 0.999 0.997 0.994 0.995 0.995 0.944 0.999 0.998 1.000 0.999 1.000 1.000 0.997 0.999 0.999 
 130   (0.042) 0.042 0.001 0.003 0.006 0.005 0.005 0.056 0.001 0.002 0.000 0.001 0.000 0.000 0.003 0.001 0.001 

Locus 191 : 223181_12 
2 alleles
3.4% missing data
 120   (0.953) 0.953 0.999 0.997 0.994 0.994 0.994 0.721 0.999 0.998 1.000 0.999 1.000 1.000 0.997 0.999 0.998 
 100   (0.047) 0.047 0.001 0.003 0.006 0.006 0.006 0.279 0.001 0.002 0.000 0.001 0.000 0.000 0.003 0.001 0.002 

Locus 192 : 224649_57 
2 alleles
5.1% missing data
 100   (0.961) 0.961 0.999 0.997 0.993 0.995 0.994 0.997 0.999 0.998 1.000 0.999 1.000 1.000 0.997 0.974 0.998 
 110   (0.039) 0.039 0.001 0.003 0.007 0.005 0.006 0.003 0.001 0.002 0.000 0.001 0.000 0.000 0.003 0.026 0.002 

Locus 193 : 226245_11 
2 alleles
5.1% missing data
 130   (0.959) 0.959 0.999 0.997 0.995 0.994 0.994 0.997 0.998 0.998 0.999 0.999 1.000 1.000 0.997 0.999 0.905 
 110   (0.041) 0.041 0.001 0.003 0.005 0.006 0.006 0.003 0.002 0.002 0.001 0.001 0.000 0.000 0.003 0.001 0.095 

Locus 194 : 226342_59 
2 alleles
6.2% missing data
 120   (0.928) 0.928 0.998 0.993 0.985 0.986 0.989 0.911 0.997 0.995 0.999 0.995 0.997 0.996 0.994 0.964 0.996 
 100   (0.072) 0.072 0.002 0.007 0.015 0.014 0.011 0.089 0.003 0.005 0.001 0.005 0.003 0.004 0.006 0.036 0.004 

Locus 195 : 228970_13 
2 alleles
3.9% missing data
 120   (0.961) 0.961 0.999 0.955 0.994 0.995 0.995 0.997 0.999 0.998 1.000 0.999 1.000 1.000 0.997 0.999 0.999 
 100   (0.039) 0.039 0.001 0.045 0.006 0.005 0.005 0.003 0.001 0.002 0.000 0.001 0.000 0.000 0.003 0.001 0.001 

Locus 196 : 229097_27 
2 alleles
5.1% missing data
 130   (0.953) 0.953 0.999 0.996 0.994 0.995 0.994 0.789 0.999 0.998 1.000 0.999 1.000 1.000 0.997 0.999 0.998 
 110   (0.047) 0.047 0.001 0.004 0.006 0.005 0.006 0.211 0.001 0.002 0.000 0.001 0.000 0.000 0.003 0.001 0.002 

Locus 197 : 229177_29 
2 alleles
7.3% missing data
 130   (0.953) 0.953 0.999 0.996 0.987 0.993 0.994 0.996 0.999 0.995 0.999 0.787 0.995 0.995 0.996 0.998 0.998 
 110   (0.047) 0.047 0.001 0.004 0.013 0.007 0.006 0.004 0.001 0.005 0.001 0.213 0.005 0.005 0.004 0.002 0.002 

Locus 198 : 229612_7 
2 alleles
6.2% missing data
 100   (0.959) 0.959 0.998 0.997 0.993 0.993 0.993 0.997 0.999 0.998 1.000 0.999 1.000 1.000 0.988 0.999 0.998 
 120   (0.041) 0.041 0.002 0.003 0.007 0.007 0.007 0.003 0.001 0.002 0.000 0.001 0.000 0.000 0.012 0.001 0.002 

Locus 199 : 229936_67 
2 alleles
3.9% missing data
 120   (0.959) 0.959 0.999 0.997 0.948 0.979 0.993 0.997 0.949 0.998 0.991 0.995 0.999 1.000 0.997 0.999 0.988 
 100   (0.041) 0.041 0.001 0.003 0.052 0.021 0.007 0.003 0.051 0.002 0.009 0.005 0.001 0.000 0.003 0.001 0.012 

Locus 200 : 232937_62 
2 alleles
2.2% missing data
 100   (0.961) 0.961 0.999 0.997 0.994 0.994 0.995 0.997 1.000 0.998 1.000 0.991 1.000 1.000 0.997 0.999 0.999 
 120   (0.039) 0.039 0.001 0.003 0.006 0.006 0.005 0.003 0.000 0.002 0.000 0.009 0.000 0.000 0.003 0.001 0.001 

Locus 201 : 233194_6 
2 alleles
2.8% missing data
 120   (0.940) 0.940 0.999 0.996 0.990 0.992 0.992 0.661 0.999 0.997 0.999 0.999 1.000 1.000 0.996 0.963 0.998 
 100   (0.060) 0.060 0.001 0.004 0.010 0.008 0.008 0.339 0.001 0.003 0.001 0.001 0.000 0.000 0.004 0.037 0.002 

Locus 202 : 234346_33 
2 alleles
4.5% missing data
 110   (0.958) 0.958 0.999 0.997 0.995 0.995 0.995 0.996 1.000 0.998 1.000 0.999 1.000 1.000 0.997 0.807 0.999 
 130   (0.042) 0.042 0.001 0.003 0.005 0.005 0.005 0.004 0.000 0.002 0.000 0.001 0.000 0.000 0.003 0.193 0.001 

Locus 203 : 235241_77 
2 alleles
2.2% missing data
 130   (0.953) 0.953 0.999 0.996 0.994 0.995 0.994 0.837 0.999 0.998 1.000 0.999 1.000 1.000 0.997 0.999 0.998 
 100   (0.047) 0.047 0.001 0.004 0.006 0.005 0.006 0.163 0.001 0.002 0.000 0.001 0.000 0.000 0.003 0.001 0.002 

Locus 204 : 236207_44 
2 alleles
6.2% missing data
 120   (0.904) 0.904 0.998 0.960 0.985 0.987 0.867 0.992 0.998 0.996 0.714 0.998 1.000 0.999 0.993 0.997 0.747 
 100   (0.096) 0.096 0.002 0.040 0.015 0.013 0.133 0.008 0.002 0.004 0.286 0.002 0.000 0.001 0.007 0.003 0.253 

Locus 205 : 236307_12 
2 alleles
1.7% missing data
 130   (0.954) 0.954 0.501 0.991 0.992 0.995 0.993 0.997 0.999 0.997 0.997 0.999 1.000 1.000 0.997 0.999 0.998 
 110   (0.046) 0.046 0.499 0.009 0.008 0.005 0.007 0.003 0.001 0.003 0.003 0.001 0.000 0.000 0.003 0.001 0.002 

Locus 206 : 236931_45 
2 alleles
6.7% missing data
 120   (0.892) 0.892 0.997 0.704 0.984 0.980 0.465 0.992 0.998 0.995 0.999 0.997 1.000 0.999 0.680 0.997 0.991 
 100   (0.108) 0.108 0.003 0.296 0.016 0.020 0.535 0.008 0.002 0.005 0.001 0.003 0.000 0.001 0.320 0.003 0.009 

Locus 207 : 236999_38 
2 alleles
2.8% missing data
 120   (0.959) 0.959 0.999 0.997 0.995 0.995 0.995 0.944 0.999 0.998 1.000 0.999 1.000 1.000 0.997 0.999 0.999 
 100   (0.041) 0.041 0.001 0.003 0.005 0.005 0.005 0.056 0.001 0.002 0.000 0.001 0.000 0.000 0.003 0.001 0.001 

Locus 208 : 240398_42 
2 alleles
3.9% missing data
 110   (0.854) 0.854 0.518 0.881 0.969 0.959 0.456 0.989 0.997 0.993 0.999 0.996 0.999 0.999 0.817 0.995 0.994 
 130   (0.146) 0.146 0.482 0.119 0.031 0.041 0.544 0.011 0.003 0.007 0.001 0.004 0.001 0.001 0.183 0.005 0.006 

Locus 209 : 240825_22 
2 alleles
6.2% missing data
 130   (0.958) 0.958 0.999 0.997 0.983 0.986 0.990 0.997 0.992 0.996 0.998 0.997 0.998 0.999 0.997 0.998 0.997 
 110   (0.042) 0.042 0.001 0.003 0.017 0.014 0.010 0.003 0.008 0.004 0.002 0.003 0.002 0.001 0.003 0.002 0.003 

Locus 210 : 244435_48 
2 alleles
1.7% missing data
 110   (0.961) 0.961 0.999 0.997 0.995 0.996 0.995 0.997 0.999 0.998 1.000 0.999 1.000 1.000 0.997 0.999 0.902 
 130   (0.039) 0.039 0.001 0.003 0.005 0.004 0.005 0.003 0.001 0.002 0.000 0.001 0.000 0.000 0.003 0.001 0.098 

Locus 211 : 245971_21 
2 alleles
5.1% missing data
 130   (0.957) 0.957 0.999 0.997 0.994 0.994 0.995 0.913 0.999 0.998 1.000 0.999 1.000 1.000 0.997 0.998 0.999 
 120   (0.043) 0.043 0.001 0.003 0.006 0.006 0.005 0.087 0.001 0.002 0.000 0.001 0.000 0.000 0.003 0.002 0.001 

Locus 212 : 246895_22 
2 alleles
3.4% missing data
 120   (0.961) 0.961 0.992 0.997 0.988 0.992 0.995 0.997 1.000 0.998 1.000 0.999 1.000 1.000 0.997 0.999 0.998 
 110   (0.039) 0.039 0.008 0.003 0.012 0.008 0.005 0.003 0.000 0.002 0.000 0.001 0.000 0.000 0.003 0.001 0.002 

Locus 213 : 248131_26 
2 alleles
7.9% missing data
 130   (0.947) 0.947 0.999 0.993 0.984 0.987 0.990 0.996 0.996 0.956 0.999 0.997 0.999 0.999 0.977 0.998 0.994 
 110   (0.053) 0.053 0.001 0.007 0.016 0.013 0.010 0.004 0.004 0.044 0.001 0.003 0.001 0.001 0.023 0.002 0.006 

Locus 214 : 250844_49 
2 alleles
7.3% missing data
 130   (0.960) 0.959 0.999 0.996 0.991 0.993 0.995 0.997 0.999 0.998 1.000 0.999 1.000 1.000 0.981 0.999 0.998 
 100   (0.040) 0.041 0.001 0.004 0.009 0.007 0.005 0.003 0.001 0.002 0.000 0.001 0.000 0.000 0.019 0.001 0.002 

Locus 215 : 251283_19 
2 alleles
5.6% missing data
 120   (0.958) 0.959 0.999 0.997 0.994 0.995 0.828 0.997 1.000 0.998 1.000 0.999 1.000 1.000 0.997 0.999 0.999 
 100   (0.042) 0.041 0.001 0.003 0.006 0.005 0.172 0.003 0.000 0.002 0.000 0.001 0.000 0.000 0.003 0.001 0.001 

Locus 216 : 251358_15 
2 alleles
8.4% missing data
 110   (0.938) 0.938 0.999 0.994 0.987 0.992 0.990 0.995 0.999 0.997 0.999 0.998 1.000 0.999 0.790 0.998 0.953 
 120   (0.062) 0.062 0.001 0.006 0.013 0.008 0.010 0.005 0.001 0.003 0.001 0.002 0.000 0.001 0.210 0.002 0.047 

Locus 217 : 251901_42 
2 alleles
2.2% missing data
 120   (0.962) 0.962 0.999 0.997 0.990 0.993 0.995 0.997 0.999 0.974 0.999 0.999 1.000 1.000 0.997 0.999 0.997 
 100   (0.038) 0.038 0.001 0.003 0.010 0.007 0.005 0.003 0.001 0.026 0.001 0.001 0.000 0.000 0.003 0.001 0.003 

Locus 218 : 252158_43 
2 alleles
0.0% missing data
 120   (0.957) 0.957 0.999 0.997 0.994 0.995 0.995 0.918 1.000 0.998 1.000 0.999 1.000 1.000 0.997 0.999 0.999 
 100   (0.043) 0.043 0.001 0.003 0.006 0.005 0.005 0.082 0.000 0.002 0.000 0.001 0.000 0.000 0.003 0.001 0.001 

Locus 219 : 252988_16 
2 alleles
7.9% missing data
 110   (0.956) 0.956 0.999 0.997 0.991 0.994 0.993 0.996 0.999 0.703 1.000 0.999 1.000 1.000 0.997 0.999 0.998 
 100   (0.044) 0.044 0.001 0.003 0.009 0.006 0.007 0.004 0.001 0.297 0.000 0.001 0.000 0.000 0.003 0.001 0.002 

Locus 220 : 254425_88 
2 alleles
5.6% missing data
 130   (0.926) 0.927 0.999 0.995 0.990 0.991 0.990 0.770 0.999 0.997 0.999 0.997 1.000 1.000 0.995 0.877 0.998 
 110   (0.074) 0.073 0.001 0.005 0.010 0.009 0.010 0.230 0.001 0.003 0.001 0.003 0.000 0.000 0.005 0.123 0.002 

Locus 221 : 256337_57 
2 alleles
5.6% missing data
 110   (0.962) 0.962 0.999 0.997 0.994 0.995 0.926 0.997 0.999 0.998 1.000 0.999 1.000 1.000 0.997 0.999 0.999 
 130   (0.038) 0.038 0.001 0.003 0.006 0.005 0.074 0.003 0.001 0.002 0.000 0.001 0.000 0.000 0.003 0.001 0.001 

Locus 222 : 259058_15 
2 alleles
1.7% missing data
 120   (0.960) 0.960 0.999 0.997 0.994 0.995 0.995 0.997 0.999 0.998 1.000 0.999 1.000 1.000 0.997 0.867 0.999 
 100   (0.040) 0.040 0.001 0.003 0.006 0.005 0.005 0.003 0.001 0.002 0.000 0.001 0.000 0.000 0.003 0.133 0.001 

Locus 223 : 259869_81 
2 alleles
0.6% missing data
 120   (0.959) 0.959 0.999 0.997 0.994 0.995 0.995 0.997 0.999 0.998 1.000 0.999 1.000 1.000 0.997 0.937 0.999 
 130   (0.041) 0.041 0.001 0.003 0.006 0.005 0.005 0.003 0.001 0.002 0.000 0.001 0.000 0.000 0.003 0.063 0.001 

Locus 224 : 260700_55 
2 alleles
2.2% missing data
 130   (0.961) 0.961 0.999 0.997 0.993 0.994 0.994 0.997 0.999 0.994 1.000 0.975 1.000 0.999 0.997 0.998 0.998 
 110   (0.039) 0.039 0.001 0.003 0.007 0.006 0.006 0.003 0.001 0.006 0.000 0.025 0.000 0.001 0.003 0.002 0.002 

Locus 225 : 262223_11 
2 alleles
4.5% missing data
 130   (0.959) 0.959 0.999 0.996 0.995 0.995 0.995 0.997 1.000 0.998 1.000 0.848 1.000 1.000 0.997 0.999 0.998 
 100   (0.041) 0.041 0.001 0.004 0.005 0.005 0.005 0.003 0.000 0.002 0.000 0.152 0.000 0.000 0.003 0.001 0.002 

Locus 226 : 262346_48 
2 alleles
3.4% missing data
 130   (0.955) 0.955 0.999 0.997 0.994 0.995 0.417 0.997 1.000 0.998 1.000 0.999 1.000 1.000 0.997 0.999 0.999 
 110   (0.045) 0.045 0.001 0.003 0.006 0.005 0.583 0.003 0.000 0.002 0.000 0.001 0.000 0.000 0.003 0.001 0.001 

Locus 227 : 262620_18 
2 alleles
3.9% missing data
 110   (0.948) 0.948 0.990 0.994 0.974 0.981 0.990 0.995 0.987 0.996 0.994 0.997 0.998 0.998 0.995 0.998 0.994 
 130   (0.052) 0.052 0.010 0.006 0.026 0.019 0.010 0.005 0.013 0.004 0.006 0.003 0.002 0.002 0.005 0.002 0.006 

Locus 228 : 263002_42 
2 alleles
3.4% missing data
 120   (0.956) 0.956 0.999 0.997 0.993 0.994 0.994 0.997 0.999 0.998 1.000 0.999 1.000 1.000 0.834 0.999 0.998 
 100   (0.044) 0.044 0.001 0.003 0.007 0.006 0.006 0.003 0.001 0.002 0.000 0.001 0.000 0.000 0.166 0.001 0.002 

Locus 229 : 263813_70 
2 alleles
10.1% missing data
 130   (0.958) 0.958 0.999 0.997 0.995 0.995 0.994 0.997 0.999 0.998 1.000 0.998 1.000 1.000 0.997 0.932 0.999 
 110   (0.042) 0.042 0.001 0.003 0.005 0.005 0.006 0.003 0.001 0.002 0.000 0.002 0.000 0.000 0.003 0.068 0.001 

Locus 230 : 264184_13 
2 alleles
10.1% missing data
 110   (0.919) 0.919 0.998 0.993 0.985 0.990 0.941 0.993 0.999 0.828 0.999 0.998 1.000 0.999 0.995 0.997 0.835 
 130   (0.081) 0.081 0.002 0.007 0.015 0.010 0.059 0.007 0.001 0.172 0.001 0.002 0.000 0.001 0.005 0.003 0.165 

Values of parameters used in structure:
DATAFILE=C:\Users\jmahg\OneDrive\Desktop\Transfers\TrkNbr-1524n1282n1083_AllPops_Structure_p18_r080_LDnHWEx\project_data,	OUTFILE=C:\Users\jmahg\OneDrive\Desktop\Transfers\TrkNbr-1524n1282n1083_AllPops_Structure_p18_r080_LDnHWEx\BI50000_MCMC100000\Results\BI50000_MCMC100000_run_152,	NUMINDS=178,	NUMLOCI=230,	MISSING=0,	LABEL=1,	POPDATA=1,	POPFLAG=0,	PHENOTYPE=0,	EXTRACOLS=0,	MAXPOPS=16,	BURNIN=50000,	NUMREPS=100000,	USEPOPINFO=0,	INFERALPHA=1,	INFERLAMBDA=0,	POPSPECIFICLAMBDA=0,	POPALPHAS=0,	COMPUTEPROB=1,	NOADMIX=0,	ADMBURNIN=2500,	UPDATEFREQ=1,	PRINTLIKES=0,	INTERMEDSAVE=0,	PRINTKLD=0,	PRINTNET=0,	PRINTLAMBDA=0,	ANCESTDIST=0,	NUMBOXES=1000,	ANCESTPINT=0.90000,	GENSBACK=2,	MIGRPRIOR=0.05000,	PRINTQHAT=0,	PRINTQSUM=0,	ALPHA=1.0000,	FREQSCORR=1,	FPRIORMEAN=0.0100,	FPRIORSD=0.0500,	ONEFST=0,	LAMBDA=1.0000,	UNIFPRIORALPHA=1,	ALPHAMAX=10.0000,	ALPHAPRIORA=1.0000,	ALPHAPRIORB=2.0000,	ALPHAPROPSD=0.0250,	STARTATPOPINFO=0,	RANDOMIZE=1,	LINKAGE=0,	METROFREQ=10,	REPORTHITRATE=0,	MARKOVPHASE=-1,	PHASED=0,	PLOIDY=2,	PHASEINFO=0	LOCPRIOR=0, 	LOCPRIORINIT=1.000000, 	LOCDATA=0, 	LOCISPOP=0, 	LOCPRIORSTEP=0.100000, 	MAXLOCPRIOR=20.000000, 	SEED=1603017596,	
[STRAT parameters]:    NUMSIMSTATS=1000,	PHENOTYPECOL=-9,	POOLFREQ=10,	LOCUSxONLY=0,	EMERROR=0.00100,	MISSINGPHENO=-9,	