

----------------------------------------------------
STRUCTURE by Pritchard, Stephens and Donnelly (2000)
     and Falush, Stephens and Pritchard (2003)
       Code by Pritchard, Falush and Hubisz
             Version 2.3.4 (Jul 2012)
----------------------------------------------------



Command line arguments:   bin\structure -m C:\Users\jmahg\OneDrive\Desktop\Transfers\TrkNbr-1524n1282n1083_AllPops_Structure_p18_r080_LDnHWEx\BI50000_MCMC100000\mainparams -e C:\Users\jmahg\OneDrive\Desktop\Transfers\TrkNbr-1524n1282n1083_AllPops_Structure_p18_r080_LDnHWEx\BI50000_MCMC100000\extraparams 
Input File:    C:\Users\jmahg\OneDrive\Desktop\Transfers\TrkNbr-1524n1282n1083_AllPops_Structure_p18_r080_LDnHWEx\project_data

Run parameters:
   178 individuals
   230 loci
   15 populations assumed
   50000 Burn-in period
   100000 Reps


--------------------------------------------
Proportion of membership of each pre-defined
 population in each of the 15 clusters

Given    Inferred Clusters                                                                                           Number of
 Pop       1      2      3      4      5      6      7      8      9     10     11     12     13     14     15      Individuals

  1:     0.007  0.002  0.033  0.007  0.008  0.008  0.020  0.011  0.007  0.695  0.002  0.030  0.140  0.014  0.014       10
  2:     0.134  0.002  0.082  0.008  0.030  0.040  0.055  0.015  0.004  0.124  0.002  0.088  0.084  0.009  0.321        8
  3:     0.005  0.002  0.108  0.009  0.014  0.021  0.069  0.567  0.004  0.010  0.002  0.127  0.031  0.007  0.023       10
  4:     0.023  0.002  0.116  0.011  0.006  0.455  0.072  0.027  0.018  0.025  0.003  0.114  0.037  0.028  0.063       10
  5:     0.005  0.031  0.013  0.009  0.003  0.005  0.009  0.010  0.004  0.006  0.870  0.016  0.009  0.004  0.006       10
  6:     0.007  0.003  0.158  0.010  0.003  0.011  0.107  0.415  0.004  0.018  0.002  0.178  0.042  0.008  0.033       10
  7:     0.004  0.002  0.068  0.007  0.003  0.005  0.026  0.011  0.003  0.042  0.002  0.038  0.756  0.004  0.028       10
  8:     0.097  0.002  0.094  0.011  0.037  0.057  0.051  0.044  0.039  0.125  0.003  0.065  0.074  0.118  0.183       10
  9:     0.005  0.002  0.253  0.011  0.002  0.008  0.135  0.025  0.004  0.034  0.002  0.243  0.220  0.006  0.049       10
 10:     0.006  0.002  0.305  0.013  0.004  0.011  0.159  0.035  0.004  0.012  0.003  0.326  0.047  0.006  0.068       10
 11:     0.017  0.002  0.076  0.007  0.028  0.015  0.057  0.015  0.009  0.028  0.002  0.087  0.025  0.593  0.038       10
 12:     0.014  0.002  0.050  0.010  0.004  0.013  0.034  0.018  0.091  0.060  0.002  0.059  0.022  0.575  0.044       10
 13:     0.010  0.002  0.020  0.008  0.008  0.008  0.017  0.013  0.840  0.012  0.002  0.024  0.017  0.009  0.011       10
 14:     0.005  0.005  0.049  0.758  0.004  0.008  0.028  0.019  0.004  0.009  0.011  0.061  0.019  0.005  0.013       10
 15:     0.005  0.004  0.033  0.789  0.005  0.007  0.029  0.032  0.004  0.009  0.009  0.042  0.016  0.005  0.012       10
 16:     0.023  0.002  0.104  0.009  0.031  0.499  0.041  0.040  0.006  0.026  0.002  0.069  0.069  0.014  0.066       10
 17:     0.605  0.002  0.054  0.008  0.012  0.031  0.038  0.015  0.016  0.047  0.002  0.045  0.025  0.055  0.043       10
 18:     0.005  0.810  0.028  0.025  0.003  0.008  0.020  0.014  0.004  0.008  0.008  0.035  0.016  0.005  0.010       10
--------------------------------------------

Allele-freq. divergence among pops (Net nucleotide distance),
computed using point estimates of P.

      1       2       3       4       5       6       7       8       9      10      11      12      13      14      15      
 1      -    0.0149  0.0062  0.0077  0.0057  0.0089  0.0052  0.0071  0.0086  0.0075  0.0168  0.0062  0.0075  0.0058  0.0037  
 2   0.0149     -    0.0095  0.0100  0.0075  0.0126  0.0080  0.0098  0.0137  0.0115  0.0130  0.0095  0.0109  0.0115  0.0099  
 3   0.0062  0.0095     -    0.0016  0.0032  0.0035  0.0006  0.0011  0.0049  0.0020  0.0112  0.0000  0.0012  0.0025  0.0014  
 4   0.0077  0.0100  0.0016     -    0.0034  0.0050  0.0016  0.0026  0.0063  0.0038  0.0098  0.0016  0.0031  0.0040  0.0028  
 5   0.0057  0.0075  0.0032  0.0034     -    0.0047  0.0010  0.0035  0.0047  0.0036  0.0094  0.0033  0.0039  0.0029  0.0023  
 6   0.0089  0.0126  0.0035  0.0050  0.0047     -    0.0032  0.0041  0.0079  0.0052  0.0144  0.0035  0.0048  0.0050  0.0042  
 7   0.0052  0.0080  0.0006  0.0016  0.0010  0.0032     -    0.0013  0.0040  0.0019  0.0097  0.0006  0.0017  0.0019  0.0009  
 8   0.0071  0.0098  0.0011  0.0026  0.0035  0.0041  0.0013     -    0.0058  0.0032  0.0120  0.0010  0.0025  0.0034  0.0023  
 9   0.0086  0.0137  0.0049  0.0063  0.0047  0.0079  0.0040  0.0058     -    0.0062  0.0155  0.0049  0.0062  0.0045  0.0053  
10   0.0075  0.0115  0.0020  0.0038  0.0036  0.0052  0.0019  0.0032  0.0062     -    0.0132  0.0022  0.0013  0.0033  0.0027  
11   0.0168  0.0130  0.0112  0.0098  0.0094  0.0144  0.0097  0.0120  0.0155  0.0132     -    0.0112  0.0126  0.0133  0.0117  
12   0.0062  0.0095  0.0000  0.0016  0.0033  0.0035  0.0006  0.0010  0.0049  0.0022  0.0112     -    0.0014  0.0025  0.0015  
13   0.0075  0.0109  0.0012  0.0031  0.0039  0.0048  0.0017  0.0025  0.0062  0.0013  0.0126  0.0014     -    0.0039  0.0024  
14   0.0058  0.0115  0.0025  0.0040  0.0029  0.0050  0.0019  0.0034  0.0045  0.0033  0.0133  0.0025  0.0039     -    0.0026  
15   0.0037  0.0099  0.0014  0.0028  0.0023  0.0042  0.0009  0.0023  0.0053  0.0027  0.0117  0.0015  0.0024  0.0026     -    

Average distances (expected heterozygosity) between individuals in same cluster:
cluster  1  : 0.0369 
cluster  2  : 0.0680 
cluster  3  : 0.0031 
cluster  4  : 0.0223 
cluster  5  : 0.1023 
cluster  6  : 0.0232 
cluster  7  : 0.0466 
cluster  8  : 0.0137 
cluster  9  : 0.0393 
cluster 10  : 0.0191 
cluster 11  : 0.0556 
cluster 12  : 0.0012 
cluster 13  : 0.0077 
cluster 14  : 0.0337 
cluster 15  : 0.0323 

--------------------------------------------
Estimated Ln Prob of Data   = -3957.2
Mean value of ln likelihood = -3163.7
Variance of ln likelihood   = 1587.0
Mean value of alpha         = 0.0342

Mean value of Fst_1         = 0.4738
Mean value of Fst_2         = 0.3264
Mean value of Fst_3         = 0.9038
Mean value of Fst_4         = 0.5674
Mean value of Fst_5         = 0.0005
Mean value of Fst_6         = 0.5793
Mean value of Fst_7         = 0.5468
Mean value of Fst_8         = 0.7058
Mean value of Fst_9         = 0.4419
Mean value of Fst_10         = 0.6296
Mean value of Fst_11         = 0.4160
Mean value of Fst_12         = 0.9442
Mean value of Fst_13         = 0.8550
Mean value of Fst_14         = 0.4285
Mean value of Fst_15         = 0.6554


Inferred ancestry of individuals:
        Label (%Miss) Pop:  Inferred clusters
  1 TGCP_WM1    (0)    1 :  0.006 0.002 0.030 0.012 0.005 0.006 0.021 0.019 0.004 0.802 0.002 0.042 0.026 0.008 0.012 
  2 TGCP_WM10    (1)    1 :  0.007 0.002 0.111 0.011 0.002 0.009 0.047 0.023 0.004 0.513 0.002 0.083 0.133 0.014 0.038 
  3 TGCP_WM2    (0)    1 :  0.008 0.003 0.034 0.009 0.048 0.009 0.036 0.015 0.005 0.424 0.003 0.030 0.353 0.008 0.018 
  4 TGCP_WM3    (1)    1 :  0.005 0.002 0.025 0.007 0.002 0.006 0.017 0.009 0.003 0.792 0.002 0.029 0.078 0.013 0.010 
  5 TGCP_WM4    (0)    1 :  0.006 0.002 0.017 0.005 0.003 0.008 0.015 0.011 0.003 0.826 0.002 0.020 0.023 0.054 0.007 
  6 TGCP_WM5    (0)    1 :  0.004 0.002 0.030 0.004 0.010 0.006 0.016 0.006 0.009 0.827 0.002 0.020 0.031 0.006 0.027 
  7 TGCP_WM6    (0)    1 :  0.005 0.002 0.015 0.005 0.002 0.009 0.013 0.008 0.006 0.865 0.002 0.019 0.032 0.008 0.007 
  8 TGCP_WM7    (0)    1 :  0.015 0.002 0.041 0.007 0.004 0.021 0.026 0.011 0.026 0.098 0.002 0.038 0.690 0.005 0.013 
  9 TGCP_WM8    (0)    1 :  0.006 0.002 0.019 0.004 0.002 0.005 0.008 0.006 0.012 0.866 0.002 0.015 0.027 0.020 0.006 
 10 TGCP_WM9    (0)    1 :  0.003 0.002 0.008 0.004 0.003 0.006 0.004 0.003 0.003 0.939 0.001 0.006 0.009 0.003 0.006 
 11 MRLP_WM123    (3)    2 :  0.037 0.003 0.028 0.007 0.146 0.030 0.082 0.012 0.007 0.195 0.002 0.019 0.016 0.018 0.398 
 12 MRLP_WM124    (4)    2 :  0.251 0.002 0.065 0.016 0.002 0.011 0.033 0.019 0.004 0.014 0.002 0.078 0.027 0.009 0.466 
 13 MRLP_WM125    (1)    2 :  0.304 0.002 0.017 0.004 0.081 0.006 0.026 0.008 0.006 0.067 0.002 0.033 0.074 0.013 0.358 
 14 MRLP_WM126    (2)    2 :  0.005 0.002 0.280 0.011 0.001 0.008 0.184 0.029 0.003 0.009 0.002 0.379 0.043 0.006 0.037 
 15 MRLP_WM127    (3)    2 :  0.039 0.003 0.183 0.010 0.005 0.012 0.058 0.013 0.005 0.123 0.003 0.106 0.387 0.011 0.042 
 16 MRLP_WM128    (3)    2 :  0.383 0.002 0.015 0.005 0.001 0.006 0.006 0.008 0.003 0.007 0.002 0.022 0.015 0.005 0.520 
 17 MRLP_WM129    (7)    2 :  0.024 0.003 0.025 0.004 0.004 0.238 0.028 0.019 0.004 0.245 0.002 0.030 0.038 0.007 0.330 
 18 MRLP_WM130    (5)    2 :  0.029 0.002 0.047 0.008 0.002 0.009 0.022 0.012 0.003 0.334 0.002 0.034 0.070 0.005 0.421 
 19 STT_WM183    (2)    3 :  0.006 0.002 0.042 0.009 0.118 0.006 0.053 0.654 0.004 0.009 0.003 0.040 0.014 0.018 0.022 
 20 STT_WM184    (3)    3 :  0.009 0.002 0.032 0.011 0.007 0.052 0.021 0.778 0.006 0.014 0.002 0.032 0.015 0.007 0.012 
 21 STT_WM185   (15)    3 :  0.007 0.002 0.246 0.012 0.002 0.012 0.158 0.045 0.004 0.017 0.003 0.323 0.111 0.006 0.053 
 22 STT_WM186   (13)    3 :  0.004 0.002 0.313 0.012 0.002 0.011 0.198 0.039 0.005 0.017 0.002 0.296 0.043 0.008 0.048 
 23 STT_WM187   (13)    3 :  0.005 0.002 0.018 0.007 0.002 0.007 0.019 0.876 0.006 0.008 0.002 0.021 0.012 0.004 0.012 
 24 STT_WM188    (3)    3 :  0.003 0.002 0.012 0.005 0.002 0.005 0.008 0.926 0.003 0.005 0.002 0.011 0.005 0.004 0.007 
 25 STT_WM189    (0)    3 :  0.005 0.002 0.308 0.009 0.001 0.008 0.142 0.028 0.004 0.011 0.002 0.380 0.060 0.004 0.036 
 26 STT_WM190   (11)    3 :  0.004 0.002 0.016 0.005 0.002 0.005 0.010 0.912 0.003 0.005 0.002 0.013 0.009 0.005 0.006 
 27 STT_WM191    (7)    3 :  0.005 0.002 0.084 0.011 0.002 0.009 0.077 0.583 0.005 0.014 0.002 0.143 0.027 0.007 0.028 
 28 STT_WM192   (12)    3 :  0.005 0.001 0.009 0.004 0.005 0.092 0.009 0.831 0.003 0.005 0.003 0.010 0.011 0.005 0.008 
 29 FSSP_WM241    (3)    4 :  0.032 0.003 0.177 0.014 0.007 0.203 0.093 0.029 0.034 0.075 0.003 0.162 0.042 0.026 0.100 
 30 FSSP_WM242   (15)    4 :  0.005 0.002 0.272 0.013 0.001 0.010 0.193 0.042 0.005 0.013 0.002 0.345 0.047 0.005 0.046 
 31 FSSP_WM243    (6)    4 :  0.005 0.002 0.011 0.005 0.010 0.910 0.009 0.007 0.004 0.005 0.002 0.012 0.006 0.004 0.007 
 32 FSSP_WM244    (5)    4 :  0.101 0.002 0.148 0.011 0.008 0.040 0.066 0.026 0.082 0.070 0.002 0.106 0.080 0.048 0.212 
 33 FSSP_WM245   (10)    4 :  0.006 0.002 0.198 0.017 0.002 0.340 0.123 0.032 0.005 0.017 0.003 0.148 0.056 0.006 0.045 
 34 FSSP_WM246    (6)    4 :  0.009 0.002 0.220 0.013 0.006 0.100 0.142 0.079 0.008 0.018 0.002 0.251 0.066 0.016 0.071 
 35 FSSP_WM247    (3)    4 :  0.012 0.002 0.017 0.006 0.007 0.849 0.010 0.011 0.016 0.016 0.002 0.014 0.015 0.011 0.010 
 36 FSSP_WM248    (9)    4 :  0.006 0.002 0.012 0.005 0.003 0.888 0.008 0.008 0.016 0.006 0.002 0.012 0.008 0.017 0.007 
 37 FSSP_WM249    (6)    4 :  0.006 0.003 0.031 0.010 0.004 0.790 0.025 0.014 0.003 0.012 0.003 0.039 0.018 0.035 0.007 
 38 FSSP_WM250    (2)    4 :  0.045 0.002 0.072 0.015 0.016 0.423 0.053 0.024 0.005 0.014 0.003 0.055 0.035 0.114 0.124 
 39 HNL_WM301    (3)    5 :  0.005 0.048 0.009 0.009 0.003 0.004 0.011 0.006 0.003 0.006 0.870 0.009 0.008 0.004 0.005 
 40 HNL_WM302    (2)    5 :  0.003 0.053 0.005 0.003 0.002 0.003 0.003 0.004 0.002 0.004 0.901 0.005 0.005 0.003 0.003 
 41 HNL_WM303    (2)    5 :  0.004 0.109 0.014 0.006 0.003 0.006 0.010 0.022 0.003 0.006 0.781 0.019 0.009 0.003 0.005 
 42 HNL_WM304    (3)    5 :  0.007 0.003 0.030 0.009 0.002 0.007 0.012 0.015 0.005 0.007 0.837 0.036 0.017 0.005 0.009 
 43 HNL_WM305    (3)    5 :  0.003 0.004 0.008 0.006 0.003 0.004 0.004 0.005 0.003 0.004 0.934 0.008 0.005 0.003 0.005 
 44 HNL_WM306    (0)    5 :  0.004 0.002 0.007 0.006 0.003 0.004 0.005 0.003 0.002 0.003 0.938 0.009 0.006 0.004 0.004 
 45 HNL_WM307    (3)    5 :  0.004 0.018 0.013 0.007 0.003 0.007 0.006 0.007 0.004 0.006 0.888 0.017 0.010 0.004 0.007 
 46 HNL_WM308    (3)    5 :  0.005 0.070 0.012 0.020 0.004 0.006 0.009 0.022 0.004 0.007 0.809 0.013 0.008 0.005 0.006 
 47 HNL_WM309    (0)    5 :  0.006 0.003 0.019 0.021 0.006 0.007 0.020 0.010 0.005 0.011 0.840 0.025 0.011 0.005 0.013 
 48 HNL_WM310   (10)    5 :  0.004 0.002 0.010 0.008 0.002 0.006 0.010 0.010 0.004 0.007 0.898 0.016 0.010 0.005 0.008 
 49 MPO_WM482    (2)    6 :  0.005 0.005 0.027 0.007 0.002 0.006 0.011 0.885 0.003 0.006 0.002 0.012 0.019 0.004 0.007 
 50 MPO_WM483    (3)    6 :  0.007 0.002 0.156 0.012 0.004 0.014 0.112 0.402 0.005 0.013 0.002 0.184 0.039 0.005 0.043 
 51 MPO_WM484    (1)    6 :  0.006 0.002 0.101 0.009 0.002 0.008 0.078 0.569 0.004 0.013 0.002 0.118 0.045 0.007 0.037 
 52 MPO_WM485    (0)    6 :  0.006 0.002 0.058 0.007 0.005 0.019 0.019 0.770 0.003 0.008 0.002 0.045 0.017 0.005 0.031 
 53 MPO_WM486   (21)    6 :  0.008 0.002 0.286 0.014 0.002 0.019 0.183 0.039 0.007 0.022 0.002 0.279 0.087 0.008 0.041 
 54 MPO_WM487   (19)    6 :  0.006 0.002 0.107 0.015 0.003 0.013 0.069 0.567 0.005 0.014 0.002 0.128 0.041 0.007 0.019 
 55 MPO_WM488    (9)    6 :  0.005 0.002 0.294 0.012 0.002 0.005 0.210 0.048 0.004 0.012 0.003 0.320 0.046 0.006 0.031 
 56 MPO_WM489    (3)    6 :  0.011 0.004 0.022 0.006 0.003 0.004 0.014 0.779 0.004 0.070 0.002 0.023 0.018 0.024 0.015 
 57 MPO_WM490   (24)    6 :  0.009 0.003 0.262 0.012 0.002 0.009 0.193 0.054 0.006 0.015 0.002 0.330 0.050 0.008 0.045 
 58 MPO_WM491   (11)    6 :  0.005 0.002 0.270 0.011 0.002 0.009 0.178 0.033 0.003 0.012 0.002 0.345 0.057 0.006 0.065 
 59 OICP_WM541    (1)    7 :  0.004 0.002 0.014 0.004 0.001 0.005 0.013 0.010 0.003 0.008 0.002 0.014 0.910 0.005 0.006 
 60 OICP_WM542    (2)    7 :  0.004 0.001 0.017 0.008 0.002 0.004 0.014 0.006 0.003 0.011 0.002 0.015 0.905 0.003 0.006 
 61 OICP_WM543    (0)    7 :  0.004 0.001 0.014 0.005 0.002 0.005 0.011 0.006 0.002 0.008 0.002 0.018 0.912 0.003 0.007 
 62 OICP_WM544    (1)    7 :  0.006 0.003 0.163 0.015 0.011 0.006 0.045 0.025 0.003 0.250 0.003 0.023 0.330 0.004 0.113 
 63 OICP_WM545    (0)    7 :  0.005 0.001 0.035 0.005 0.002 0.006 0.018 0.014 0.003 0.012 0.002 0.039 0.844 0.003 0.012 
 64 OICP_WM546    (3)    7 :  0.005 0.002 0.186 0.008 0.002 0.006 0.067 0.015 0.005 0.044 0.002 0.099 0.500 0.006 0.054 
 65 OICP_WM547    (2)    7 :  0.004 0.002 0.219 0.008 0.001 0.009 0.071 0.016 0.003 0.056 0.002 0.129 0.415 0.005 0.059 
 66 OICP_WM548    (3)    7 :  0.004 0.002 0.011 0.004 0.001 0.004 0.009 0.010 0.002 0.011 0.003 0.009 0.917 0.004 0.011 
 67 OICP_WM549    (0)    7 :  0.004 0.002 0.009 0.005 0.001 0.004 0.011 0.006 0.002 0.012 0.002 0.015 0.919 0.004 0.005 
 68 OICP_WM550    (1)    7 :  0.004 0.001 0.014 0.006 0.002 0.004 0.007 0.006 0.003 0.007 0.002 0.021 0.911 0.005 0.007 
 69 IRO_WM601    (2)    8 :  0.006 0.003 0.070 0.006 0.005 0.036 0.021 0.022 0.033 0.449 0.003 0.044 0.100 0.171 0.033 
 70 IRO_WM602    (1)    8 :  0.013 0.003 0.172 0.011 0.007 0.009 0.042 0.020 0.009 0.119 0.003 0.099 0.325 0.012 0.157 
 71 IRO_WM603    (2)    8 :  0.009 0.003 0.018 0.005 0.013 0.020 0.035 0.020 0.183 0.142 0.002 0.027 0.009 0.487 0.026 
 72 IRO_WM604    (0)    8 :  0.241 0.003 0.039 0.008 0.165 0.010 0.079 0.011 0.012 0.010 0.002 0.026 0.015 0.017 0.361 
 73 IRO_WM605    (3)    8 :  0.276 0.002 0.024 0.006 0.002 0.008 0.011 0.010 0.004 0.190 0.002 0.032 0.014 0.034 0.386 
 74 IRO_WM606    (3)    8 :  0.240 0.002 0.095 0.010 0.004 0.019 0.043 0.040 0.007 0.016 0.002 0.075 0.026 0.008 0.414 
 75 IRO_WM607    (2)    8 :  0.043 0.002 0.150 0.011 0.008 0.164 0.053 0.033 0.005 0.041 0.003 0.097 0.051 0.175 0.164 
 76 IRO_WM608    (0)    8 :  0.022 0.002 0.095 0.013 0.068 0.052 0.088 0.020 0.021 0.211 0.002 0.037 0.118 0.200 0.052 
 77 IRO_WM609    (0)    8 :  0.042 0.003 0.188 0.019 0.090 0.020 0.094 0.031 0.045 0.062 0.003 0.114 0.050 0.063 0.177 
 78 IRO_WM610   (13)    8 :  0.080 0.003 0.088 0.022 0.012 0.233 0.045 0.236 0.070 0.013 0.003 0.098 0.028 0.009 0.060 
 79 HGRF_WM661    (5)    9 :  0.005 0.002 0.220 0.007 0.002 0.010 0.070 0.022 0.004 0.054 0.002 0.106 0.439 0.005 0.052 
 80 HGRF_WM662    (5)    9 :  0.004 0.002 0.290 0.015 0.002 0.008 0.207 0.025 0.004 0.011 0.003 0.326 0.058 0.005 0.040 
 81 HGRF_WM663    (4)    9 :  0.006 0.002 0.206 0.007 0.002 0.006 0.059 0.017 0.004 0.043 0.003 0.125 0.455 0.005 0.061 
 82 HGRF_WM664    (3)    9 :  0.004 0.002 0.251 0.009 0.001 0.013 0.172 0.030 0.004 0.021 0.002 0.334 0.113 0.006 0.037 
 83 HGRF_WM665    (1)    9 :  0.008 0.003 0.164 0.012 0.008 0.009 0.035 0.016 0.006 0.111 0.003 0.083 0.441 0.011 0.091 
 84 HGRF_WM666    (5)    9 :  0.004 0.002 0.284 0.017 0.001 0.007 0.183 0.025 0.004 0.014 0.002 0.364 0.046 0.006 0.040 
 85 HGRF_WM667    (0)    9 :  0.005 0.002 0.316 0.011 0.001 0.007 0.194 0.024 0.004 0.010 0.002 0.319 0.062 0.004 0.039 
 86 HGRF_WM668    (4)    9 :  0.006 0.002 0.219 0.007 0.002 0.008 0.072 0.013 0.004 0.039 0.002 0.123 0.444 0.004 0.055 
 87 HGRF_WM669    (5)    9 :  0.005 0.002 0.272 0.011 0.002 0.006 0.202 0.050 0.005 0.013 0.002 0.343 0.045 0.005 0.036 
 88 HGRF_WM670    (9)    9 :  0.005 0.002 0.306 0.009 0.002 0.008 0.158 0.024 0.004 0.028 0.002 0.307 0.096 0.006 0.042 
 89 PTP_WM721    (2)   10 :  0.013 0.004 0.283 0.020 0.013 0.020 0.192 0.058 0.006 0.021 0.004 0.253 0.049 0.007 0.060 
 90 PTP_WM722    (2)   10 :  0.008 0.003 0.382 0.007 0.010 0.011 0.092 0.020 0.005 0.008 0.004 0.306 0.026 0.006 0.111 
 91 PTP_WM723   (25)   10 :  0.007 0.003 0.248 0.017 0.002 0.011 0.180 0.047 0.005 0.013 0.003 0.312 0.092 0.007 0.054 
 92 PTP_WM724   (13)   10 :  0.004 0.003 0.289 0.011 0.002 0.008 0.187 0.042 0.004 0.013 0.002 0.330 0.057 0.009 0.041 
 93 PTP_WM725   (25)   10 :  0.005 0.002 0.268 0.018 0.002 0.020 0.183 0.050 0.005 0.016 0.003 0.335 0.047 0.009 0.038 
 94 PTP_WM726   (13)   10 :  0.005 0.002 0.262 0.012 0.002 0.008 0.202 0.048 0.005 0.016 0.002 0.331 0.063 0.006 0.037 
 95 PTP_WM727   (10)   10 :  0.006 0.002 0.254 0.019 0.002 0.007 0.186 0.030 0.004 0.011 0.003 0.363 0.048 0.006 0.061 
 96 PTP_WM728    (8)   10 :  0.004 0.002 0.298 0.009 0.001 0.009 0.181 0.034 0.003 0.010 0.002 0.351 0.055 0.005 0.035 
 97 PTP_WM729    (9)   10 :  0.004 0.002 0.371 0.009 0.002 0.008 0.102 0.011 0.004 0.007 0.002 0.337 0.022 0.004 0.114 
 98 PTP_WM730    (8)   10 :  0.005 0.001 0.395 0.004 0.001 0.006 0.089 0.009 0.003 0.005 0.002 0.342 0.010 0.003 0.124 
 99 RRL_WM782    (9)   11 :  0.006 0.002 0.267 0.012 0.001 0.009 0.195 0.037 0.005 0.014 0.002 0.346 0.046 0.007 0.051 
100 RRL_WM783    (8)   11 :  0.008 0.002 0.013 0.006 0.003 0.012 0.013 0.011 0.022 0.064 0.002 0.016 0.014 0.800 0.013 
101 RRL_WM784    (1)   11 :  0.018 0.002 0.037 0.010 0.005 0.007 0.018 0.019 0.015 0.009 0.002 0.033 0.022 0.786 0.015 
102 RRL_WM785    (1)   11 :  0.004 0.002 0.287 0.010 0.001 0.007 0.202 0.031 0.004 0.010 0.002 0.337 0.053 0.005 0.044 
103 RRL_WM786    (2)   11 :  0.064 0.002 0.009 0.005 0.003 0.029 0.007 0.004 0.004 0.011 0.002 0.009 0.007 0.791 0.055 
104 RRL_WM787    (3)   11 :  0.011 0.002 0.032 0.005 0.007 0.011 0.016 0.012 0.009 0.101 0.003 0.018 0.065 0.693 0.017 
105 RRL_WM788    (0)   11 :  0.005 0.002 0.014 0.004 0.105 0.012 0.042 0.006 0.009 0.004 0.002 0.007 0.004 0.768 0.017 
106 RRL_WM789    (2)   11 :  0.010 0.002 0.010 0.004 0.003 0.004 0.005 0.005 0.012 0.019 0.002 0.010 0.006 0.902 0.007 
107 RRL_WM790    (0)   11 :  0.040 0.002 0.033 0.008 0.150 0.013 0.035 0.017 0.006 0.008 0.003 0.039 0.015 0.492 0.139 
108 RRL_WM791    (0)   11 :  0.006 0.002 0.056 0.009 0.006 0.045 0.039 0.013 0.004 0.040 0.003 0.054 0.019 0.685 0.019 
109 RRO_WM842    (0)   12 :  0.020 0.002 0.025 0.007 0.003 0.018 0.027 0.013 0.010 0.017 0.002 0.023 0.013 0.776 0.045 
110 RRO_WM843    (7)   12 :  0.011 0.002 0.021 0.008 0.007 0.005 0.020 0.011 0.268 0.014 0.003 0.017 0.008 0.581 0.023 
111 RRO_WM844    (2)   12 :  0.058 0.002 0.072 0.016 0.004 0.008 0.033 0.029 0.360 0.059 0.003 0.101 0.031 0.032 0.195 
112 RRO_WM845    (4)   12 :  0.004 0.002 0.012 0.005 0.002 0.005 0.007 0.007 0.024 0.009 0.002 0.013 0.014 0.890 0.004 
113 RRO_WM846   (10)   12 :  0.008 0.002 0.051 0.009 0.004 0.016 0.044 0.023 0.023 0.013 0.002 0.062 0.023 0.702 0.017 
114 RRO_WM847    (6)   12 :  0.015 0.002 0.043 0.007 0.004 0.008 0.035 0.010 0.095 0.045 0.002 0.033 0.024 0.611 0.067 
115 RRO_WM848    (4)   12 :  0.008 0.002 0.122 0.019 0.010 0.053 0.073 0.032 0.016 0.051 0.004 0.127 0.034 0.419 0.032 
116 RRO_WM849    (5)   12 :  0.007 0.002 0.025 0.007 0.002 0.007 0.020 0.012 0.021 0.356 0.002 0.032 0.016 0.478 0.012 
117 RRO_WM850    (2)   12 :  0.008 0.002 0.031 0.008 0.003 0.006 0.018 0.016 0.005 0.011 0.002 0.034 0.016 0.824 0.016 
118 RRO_WM851    (1)   12 :  0.005 0.003 0.099 0.015 0.004 0.009 0.063 0.026 0.089 0.024 0.003 0.148 0.043 0.442 0.029 
119 CPS_WM901    (2)   13 :  0.010 0.002 0.013 0.005 0.002 0.005 0.009 0.007 0.890 0.009 0.003 0.012 0.006 0.013 0.014 
120 CPS_WM902    (2)   13 :  0.014 0.002 0.008 0.008 0.004 0.004 0.008 0.007 0.841 0.039 0.002 0.010 0.044 0.006 0.006 
121 CPS_WM903    (5)   13 :  0.014 0.002 0.008 0.004 0.002 0.004 0.006 0.007 0.914 0.005 0.002 0.010 0.004 0.014 0.005 
122 CPS_WM904    (1)   13 :  0.016 0.003 0.015 0.006 0.021 0.009 0.014 0.009 0.859 0.008 0.002 0.013 0.009 0.010 0.007 
123 CPS_WM905    (2)   13 :  0.008 0.002 0.009 0.005 0.028 0.022 0.021 0.022 0.844 0.006 0.002 0.008 0.004 0.008 0.011 
124 CPS_WM906    (3)   13 :  0.005 0.002 0.021 0.006 0.002 0.007 0.012 0.010 0.879 0.008 0.003 0.019 0.010 0.008 0.009 
125 CPS_WM907    (6)   13 :  0.007 0.002 0.055 0.014 0.002 0.008 0.028 0.016 0.750 0.010 0.002 0.057 0.024 0.007 0.017 
126 CPS_WM908    (3)   13 :  0.010 0.002 0.029 0.014 0.005 0.012 0.034 0.026 0.730 0.015 0.003 0.055 0.041 0.009 0.014 
127 CPS_WM909    (2)   13 :  0.010 0.002 0.029 0.008 0.003 0.007 0.023 0.016 0.809 0.009 0.002 0.043 0.016 0.009 0.013 
128 CPS_WM910    (1)   13 :  0.005 0.002 0.013 0.007 0.011 0.006 0.014 0.009 0.881 0.007 0.002 0.018 0.009 0.008 0.009 
129 PPNP_WM962    (1)   14 :  0.003 0.008 0.007 0.934 0.003 0.003 0.005 0.007 0.003 0.003 0.002 0.010 0.004 0.003 0.003 
130 PPNP_WM963    (0)   14 :  0.007 0.002 0.034 0.782 0.006 0.008 0.020 0.025 0.004 0.014 0.025 0.038 0.022 0.005 0.009 
131 PPNP_WM964    (0)   14 :  0.005 0.010 0.013 0.829 0.015 0.005 0.010 0.006 0.003 0.006 0.067 0.010 0.007 0.005 0.008 
132 PPNP_WM965    (4)   14 :  0.004 0.002 0.022 0.883 0.002 0.006 0.015 0.010 0.003 0.008 0.002 0.018 0.011 0.005 0.010 
133 PPNP_WM966    (4)   14 :  0.005 0.002 0.006 0.929 0.001 0.004 0.005 0.005 0.003 0.006 0.002 0.012 0.009 0.004 0.007 
134 PPNP_WM967    (4)   14 :  0.005 0.002 0.050 0.767 0.002 0.007 0.028 0.012 0.005 0.011 0.003 0.064 0.028 0.007 0.012 
135 PPNP_WM968    (5)   14 :  0.007 0.023 0.232 0.093 0.006 0.023 0.126 0.086 0.005 0.013 0.003 0.286 0.052 0.006 0.039 
136 PPNP_WM969    (2)   14 :  0.006 0.002 0.032 0.811 0.002 0.007 0.025 0.012 0.004 0.010 0.002 0.053 0.016 0.005 0.012 
137 PPNP_WM970    (2)   14 :  0.006 0.002 0.046 0.787 0.003 0.007 0.021 0.013 0.005 0.010 0.005 0.052 0.021 0.005 0.018 
138 PPNP_WM971    (2)   14 :  0.006 0.002 0.051 0.762 0.002 0.007 0.029 0.014 0.004 0.009 0.004 0.063 0.022 0.005 0.017 
139 FPPI_WM1021    (4)   15 :  0.007 0.003 0.019 0.843 0.007 0.008 0.015 0.012 0.004 0.009 0.003 0.043 0.010 0.006 0.011 
140 FPPI_WM1022    (4)   15 :  0.006 0.011 0.039 0.574 0.005 0.012 0.028 0.203 0.004 0.014 0.012 0.048 0.021 0.005 0.017 
141 FPPI_WM1023    (1)   15 :  0.005 0.002 0.025 0.861 0.002 0.004 0.017 0.012 0.004 0.006 0.005 0.031 0.013 0.005 0.006 
142 FPPI_WM1024    (5)   15 :  0.005 0.002 0.040 0.788 0.002 0.005 0.045 0.018 0.004 0.009 0.002 0.040 0.018 0.005 0.016 
143 FPPI_WM1025    (6)   15 :  0.005 0.003 0.045 0.775 0.002 0.007 0.031 0.014 0.003 0.012 0.005 0.046 0.028 0.004 0.018 
144 FPPI_WM1026    (1)   15 :  0.004 0.002 0.011 0.923 0.002 0.005 0.009 0.007 0.003 0.006 0.003 0.010 0.006 0.003 0.006 
145 FPPI_WM1027    (3)   15 :  0.004 0.002 0.009 0.938 0.002 0.004 0.008 0.005 0.003 0.005 0.002 0.008 0.005 0.003 0.003 
146 FPPI_WM1028    (2)   15 :  0.004 0.002 0.016 0.882 0.002 0.004 0.014 0.012 0.003 0.006 0.015 0.019 0.013 0.005 0.005 
147 FPPI_WM1029    (3)   15 :  0.005 0.007 0.118 0.440 0.003 0.011 0.103 0.025 0.005 0.011 0.034 0.166 0.037 0.006 0.031 
148 FPPI_WM1030    (1)   15 :  0.006 0.003 0.013 0.872 0.021 0.007 0.014 0.008 0.005 0.007 0.007 0.012 0.010 0.007 0.009 
149 CRWA_WM1082    (2)   16 :  0.003 0.002 0.005 0.003 0.002 0.950 0.004 0.005 0.002 0.004 0.002 0.007 0.005 0.003 0.004 
150 CRWA_WM1084    (5)   16 :  0.011 0.002 0.150 0.006 0.002 0.461 0.025 0.010 0.004 0.036 0.002 0.014 0.189 0.007 0.080 
151 CRWA_WM1085    (2)   16 :  0.016 0.002 0.128 0.009 0.002 0.575 0.056 0.020 0.004 0.011 0.002 0.060 0.044 0.009 0.062 
152 CRWA_WM1086    (9)   16 :  0.007 0.003 0.190 0.011 0.007 0.192 0.063 0.177 0.005 0.027 0.003 0.139 0.041 0.046 0.089 
153 CRWA_WM1087    (0)   16 :  0.020 0.003 0.056 0.017 0.103 0.533 0.043 0.020 0.021 0.009 0.003 0.098 0.023 0.006 0.047 
154 CRWA_WM1088    (1)   16 :  0.028 0.003 0.225 0.008 0.028 0.116 0.043 0.082 0.006 0.059 0.003 0.083 0.200 0.013 0.104 
155 CRWA_WM1089    (3)   16 :  0.006 0.002 0.060 0.010 0.002 0.669 0.041 0.036 0.006 0.028 0.003 0.089 0.027 0.006 0.017 
156 CRWA_WM1090    (0)   16 :  0.122 0.002 0.114 0.012 0.007 0.273 0.053 0.021 0.005 0.021 0.002 0.112 0.035 0.035 0.186 
157 CRWA_WM1092    (1)   16 :  0.011 0.002 0.059 0.005 0.105 0.604 0.045 0.016 0.004 0.026 0.003 0.051 0.028 0.010 0.032 
158 CRWA_WM1093    (1)   16 :  0.006 0.002 0.054 0.008 0.049 0.615 0.035 0.012 0.005 0.036 0.002 0.039 0.096 0.004 0.036 
159 PCRA_WM1141    (3)   17 :  0.715 0.002 0.035 0.009 0.004 0.056 0.022 0.010 0.005 0.007 0.003 0.033 0.013 0.009 0.077 
160 PCRA_WM1142    (3)   17 :  0.771 0.002 0.033 0.008 0.002 0.010 0.041 0.020 0.005 0.008 0.002 0.046 0.025 0.006 0.022 
161 PCRA_WM1143    (1)   17 :  0.605 0.002 0.082 0.015 0.002 0.011 0.057 0.012 0.004 0.015 0.003 0.089 0.032 0.010 0.062 
162 PCRA_WM1144    (2)   17 :  0.021 0.002 0.039 0.008 0.003 0.011 0.030 0.018 0.016 0.298 0.002 0.052 0.023 0.464 0.013 
163 PCRA_WM1145    (4)   17 :  0.491 0.002 0.099 0.013 0.006 0.018 0.073 0.024 0.019 0.015 0.003 0.108 0.086 0.009 0.034 
164 PCRA_WM1146    (2)   17 :  0.773 0.002 0.006 0.003 0.020 0.064 0.012 0.009 0.009 0.054 0.002 0.009 0.005 0.012 0.019 
165 PCRA_WM1147    (1)   17 :  0.226 0.002 0.216 0.014 0.002 0.114 0.083 0.033 0.004 0.015 0.002 0.094 0.041 0.006 0.150 
166 PCRA_WM1148    (0)   17 :  0.895 0.002 0.008 0.003 0.013 0.007 0.017 0.005 0.004 0.008 0.002 0.008 0.004 0.005 0.020 
167 PCRA_WM1149    (1)   17 :  0.741 0.002 0.010 0.006 0.028 0.011 0.025 0.009 0.084 0.026 0.002 0.009 0.014 0.015 0.018 
168 PCRA_WM1150    (0)   17 :  0.812 0.006 0.011 0.005 0.043 0.008 0.025 0.007 0.005 0.028 0.002 0.006 0.011 0.011 0.020 
169 DHFA_WM1202    (3)   18 :  0.007 0.625 0.084 0.027 0.002 0.016 0.043 0.036 0.005 0.011 0.005 0.085 0.029 0.008 0.016 
170 DHFA_WM1203    (1)   18 :  0.006 0.613 0.045 0.101 0.004 0.014 0.047 0.022 0.005 0.011 0.017 0.064 0.025 0.007 0.019 
171 DHFA_WM1204    (2)   18 :  0.006 0.654 0.041 0.072 0.003 0.011 0.036 0.023 0.006 0.010 0.026 0.073 0.022 0.008 0.008 
172 DHFA_WM1205    (5)   18 :  0.003 0.905 0.010 0.007 0.002 0.005 0.008 0.009 0.003 0.008 0.006 0.016 0.009 0.003 0.004 
173 DHFA_WM1206    (4)   18 :  0.006 0.888 0.019 0.007 0.002 0.005 0.009 0.010 0.003 0.005 0.003 0.015 0.015 0.005 0.007 
174 DHFA_WM1207    (2)   18 :  0.004 0.937 0.008 0.003 0.002 0.003 0.004 0.005 0.002 0.004 0.005 0.008 0.005 0.004 0.004 
175 DHFA_WM1208    (3)   18 :  0.004 0.899 0.013 0.007 0.002 0.005 0.009 0.008 0.003 0.006 0.005 0.016 0.010 0.004 0.008 
176 DHFA_WM1209    (1)   18 :  0.005 0.916 0.008 0.006 0.006 0.004 0.007 0.007 0.004 0.006 0.010 0.009 0.004 0.003 0.005 
177 DHFA_WM1210    (0)   18 :  0.002 0.961 0.002 0.004 0.003 0.002 0.002 0.003 0.002 0.002 0.004 0.004 0.003 0.002 0.003 
178 DHFA_WM1211    (2)   18 :  0.007 0.706 0.053 0.019 0.003 0.011 0.033 0.019 0.004 0.018 0.004 0.064 0.032 0.008 0.020 


Estimated Allele Frequencies in each cluster
First column gives estimated ancestral frequencies


Locus 1 : 953_21 
2 alleles
4.5% missing data
 120   (0.957) 0.997 0.995 1.000 0.902 0.957 0.999 0.981 0.999 0.997 0.999 0.997 1.000 1.000 0.998 0.993 
 100   (0.043) 0.003 0.005 0.000 0.098 0.043 0.001 0.019 0.001 0.003 0.001 0.003 0.000 0.000 0.002 0.007 

Locus 2 : 2370_26 
2 alleles
6.2% missing data
 110   (0.955) 0.997 0.995 1.000 0.794 0.955 0.998 0.983 0.999 0.997 0.999 0.997 1.000 1.000 0.997 0.992 
 130   (0.045) 0.003 0.005 0.000 0.206 0.045 0.002 0.017 0.001 0.003 0.001 0.003 0.000 0.000 0.003 0.008 

Locus 3 : 2692_87 
2 alleles
1.7% missing data
 130   (0.926) 0.995 0.690 1.000 0.998 0.926 0.997 0.971 0.999 0.996 0.998 0.851 1.000 1.000 0.996 0.987 
 120   (0.074) 0.005 0.310 0.000 0.002 0.074 0.003 0.029 0.001 0.004 0.002 0.149 0.000 0.000 0.004 0.013 

Locus 4 : 2828_58 
2 alleles
6.7% missing data
 100   (0.926) 0.873 0.991 0.996 0.998 0.926 0.996 0.959 0.998 0.994 0.985 0.994 0.999 0.993 0.990 0.975 
 120   (0.074) 0.127 0.009 0.004 0.002 0.074 0.004 0.041 0.002 0.006 0.015 0.006 0.001 0.007 0.010 0.025 

Locus 5 : 6398_73 
2 alleles
6.2% missing data
 130   (0.896) 0.992 0.780 0.999 0.804 0.896 0.996 0.959 0.998 0.994 0.997 0.493 1.000 0.999 0.995 0.981 
 100   (0.104) 0.008 0.220 0.001 0.196 0.104 0.004 0.041 0.002 0.006 0.003 0.507 0.000 0.001 0.005 0.019 

Locus 6 : 7469_71 
2 alleles
5.1% missing data
 130   (0.955) 0.995 0.994 0.990 0.998 0.955 0.998 0.979 0.998 0.996 0.998 0.996 0.997 0.999 0.997 0.986 
 110   (0.045) 0.005 0.006 0.010 0.002 0.045 0.002 0.021 0.002 0.004 0.002 0.004 0.003 0.001 0.003 0.014 

Locus 7 : 7615_47 
2 alleles
5.1% missing data
 130   (0.959) 0.994 0.993 0.996 0.998 0.959 0.997 0.980 0.997 0.996 0.998 0.996 0.997 0.999 0.997 0.990 
 100   (0.041) 0.006 0.007 0.004 0.002 0.041 0.003 0.020 0.003 0.004 0.002 0.004 0.003 0.001 0.003 0.010 

Locus 8 : 8211_10 
2 alleles
2.8% missing data
 120   (0.957) 0.997 0.994 1.000 0.999 0.957 0.999 0.981 0.999 0.997 0.999 0.875 1.000 1.000 0.998 0.992 
 100   (0.043) 0.003 0.006 0.000 0.001 0.043 0.001 0.019 0.001 0.003 0.001 0.125 0.000 0.000 0.002 0.008 

Locus 9 : 8394_14 
2 alleles
2.2% missing data
 110   (0.953) 0.997 0.995 1.000 0.867 0.953 0.998 0.980 0.998 0.997 0.999 0.996 1.000 1.000 0.998 0.992 
 130   (0.047) 0.003 0.005 0.000 0.133 0.047 0.002 0.020 0.002 0.003 0.001 0.004 0.000 0.000 0.002 0.008 

Locus 10 : 9621_63 
2 alleles
3.9% missing data
 130   (0.956) 0.997 0.995 1.000 0.999 0.956 0.999 0.984 0.999 0.997 0.999 0.872 1.000 1.000 0.998 0.993 
 110   (0.044) 0.003 0.005 0.000 0.001 0.044 0.001 0.016 0.001 0.003 0.001 0.128 0.000 0.000 0.002 0.007 

Locus 11 : 9880_35 
2 alleles
4.5% missing data
 120   (0.924) 0.995 0.679 1.000 0.998 0.924 0.998 0.968 0.999 0.995 0.998 0.740 1.000 1.000 0.996 0.985 
 100   (0.076) 0.005 0.321 0.000 0.002 0.076 0.002 0.032 0.001 0.005 0.002 0.260 0.000 0.000 0.004 0.015 

Locus 12 : 11163_16 
2 alleles
7.9% missing data
 130   (0.953) 0.997 0.820 1.000 0.999 0.953 0.998 0.980 0.999 0.997 0.999 0.997 1.000 1.000 0.998 0.991 
 110   (0.047) 0.003 0.180 0.000 0.001 0.047 0.002 0.020 0.001 0.003 0.001 0.003 0.000 0.000 0.002 0.009 

Locus 13 : 11991_31 
2 alleles
4.5% missing data
 120   (0.931) 0.992 0.992 0.997 0.998 0.931 0.990 0.960 0.998 0.995 0.994 0.995 0.999 0.999 0.955 0.972 
 100   (0.069) 0.008 0.008 0.003 0.002 0.069 0.010 0.040 0.002 0.005 0.006 0.005 0.001 0.001 0.045 0.028 

Locus 14 : 12766_17 
2 alleles
2.2% missing data
 120   (0.958) 0.957 0.995 1.000 0.999 0.958 0.998 0.982 0.999 0.995 0.998 0.997 1.000 1.000 0.998 0.988 
 100   (0.042) 0.043 0.005 0.000 0.001 0.042 0.002 0.018 0.001 0.005 0.002 0.003 0.000 0.000 0.002 0.012 

Locus 15 : 13496_14 
2 alleles
5.1% missing data
 110   (0.958) 0.997 0.995 1.000 0.999 0.958 0.999 0.981 0.999 0.692 0.999 0.997 1.000 1.000 0.998 0.992 
 100   (0.042) 0.003 0.005 0.000 0.001 0.042 0.001 0.019 0.001 0.308 0.001 0.003 0.000 0.000 0.002 0.008 

Locus 16 : 14394_41 
2 alleles
2.2% missing data
 130   (0.956) 0.952 0.995 1.000 0.999 0.956 0.998 0.982 0.999 0.997 0.999 0.997 1.000 1.000 0.998 0.989 
 110   (0.044) 0.048 0.005 0.000 0.001 0.044 0.002 0.018 0.001 0.003 0.001 0.003 0.000 0.000 0.002 0.011 

Locus 17 : 16285_24 
2 alleles
6.2% missing data
 130   (0.953) 0.997 0.764 1.000 0.999 0.953 0.998 0.979 0.999 0.997 0.999 0.996 1.000 1.000 0.998 0.991 
 100   (0.047) 0.003 0.236 0.000 0.001 0.047 0.002 0.021 0.001 0.003 0.001 0.004 0.000 0.000 0.002 0.009 

Locus 18 : 18821_69 
2 alleles
7.3% missing data
 120   (0.954) 0.997 0.995 1.000 0.999 0.954 0.998 0.980 0.734 0.997 0.999 0.997 1.000 1.000 0.997 0.991 
 110   (0.046) 0.003 0.005 0.000 0.001 0.046 0.002 0.020 0.266 0.003 0.001 0.003 0.000 0.000 0.003 0.009 

Locus 19 : 19006_32 
2 alleles
6.7% missing data
 120   (0.901) 0.993 0.804 0.999 0.807 0.901 0.997 0.961 0.998 0.994 0.998 0.539 1.000 0.999 0.995 0.983 
 110   (0.099) 0.007 0.196 0.001 0.193 0.099 0.003 0.039 0.002 0.006 0.002 0.461 0.000 0.001 0.005 0.017 

Locus 20 : 19602_58 
2 alleles
4.5% missing data
 120   (0.958) 0.997 0.945 1.000 0.999 0.958 0.999 0.983 0.999 0.997 0.999 0.997 1.000 1.000 0.998 0.993 
 100   (0.042) 0.003 0.055 0.000 0.001 0.042 0.001 0.017 0.001 0.003 0.001 0.003 0.000 0.000 0.002 0.007 

Locus 21 : 20143_24 
2 alleles
3.4% missing data
 120   (0.957) 0.997 0.995 1.000 0.999 0.957 0.998 0.981 0.999 0.963 0.999 0.997 1.000 1.000 0.998 0.990 
 100   (0.043) 0.003 0.005 0.000 0.001 0.043 0.002 0.019 0.001 0.037 0.001 0.003 0.000 0.000 0.002 0.010 

Locus 22 : 21661_29 
2 alleles
2.2% missing data
 120   (0.953) 0.997 0.788 1.000 0.999 0.953 0.998 0.981 0.999 0.997 0.999 0.997 1.000 1.000 0.998 0.991 
 100   (0.047) 0.003 0.212 0.000 0.001 0.047 0.002 0.019 0.001 0.003 0.001 0.003 0.000 0.000 0.002 0.009 

Locus 23 : 22603_12 
2 alleles
5.1% missing data
 130   (0.953) 0.997 0.890 1.000 0.999 0.953 0.998 0.981 0.999 0.997 0.999 0.997 1.000 1.000 0.998 0.992 
 110   (0.047) 0.003 0.110 0.000 0.001 0.047 0.002 0.019 0.001 0.003 0.001 0.003 0.000 0.000 0.002 0.008 

Locus 24 : 25109_23 
2 alleles
1.7% missing data
 120   (0.937) 0.957 0.993 0.998 0.998 0.937 0.836 0.973 0.998 0.994 0.997 0.995 0.999 0.999 0.996 0.984 
 100   (0.063) 0.043 0.007 0.002 0.002 0.063 0.164 0.027 0.002 0.006 0.003 0.005 0.001 0.001 0.004 0.016 

Locus 25 : 25511_77 
2 alleles
5.1% missing data
 130   (0.954) 0.997 0.995 1.000 0.940 0.954 0.998 0.981 0.999 0.997 0.999 0.994 1.000 1.000 0.998 0.991 
 110   (0.046) 0.003 0.005 0.000 0.060 0.046 0.002 0.019 0.001 0.003 0.001 0.006 0.000 0.000 0.002 0.009 

Locus 26 : 26816_9 
2 alleles
5.6% missing data
 110   (0.882) 0.988 0.987 0.997 0.997 0.882 0.694 0.930 0.995 0.982 0.958 0.991 0.999 0.999 0.790 0.952 
 130   (0.118) 0.012 0.013 0.003 0.003 0.118 0.306 0.070 0.005 0.018 0.042 0.009 0.001 0.001 0.210 0.048 

Locus 27 : 29455_86 
2 alleles
5.6% missing data
 120   (0.960) 0.985 0.995 1.000 0.999 0.960 0.999 0.982 0.999 0.997 0.998 0.997 1.000 1.000 0.998 0.986 
 110   (0.040) 0.015 0.005 0.000 0.001 0.040 0.001 0.018 0.001 0.003 0.002 0.003 0.000 0.000 0.002 0.014 

Locus 28 : 30970_30 
2 alleles
6.7% missing data
 120   (0.956) 0.996 0.995 1.000 0.999 0.956 0.998 0.982 0.999 0.958 0.999 0.997 1.000 1.000 0.998 0.992 
 110   (0.044) 0.004 0.005 0.000 0.001 0.044 0.002 0.018 0.001 0.042 0.001 0.003 0.000 0.000 0.002 0.008 

Locus 29 : 33052_5 
2 alleles
1.1% missing data
 130   (0.960) 0.996 0.995 1.000 0.999 0.960 0.994 0.983 0.970 0.997 0.999 0.997 1.000 1.000 0.998 0.991 
 110   (0.040) 0.004 0.005 0.000 0.001 0.040 0.006 0.017 0.030 0.003 0.001 0.003 0.000 0.000 0.002 0.009 

Locus 30 : 33744_32 
2 alleles
2.8% missing data
 130   (0.952) 0.997 0.995 1.000 0.999 0.952 0.998 0.980 0.888 0.997 0.999 0.997 1.000 1.000 0.998 0.991 
 110   (0.048) 0.003 0.005 0.000 0.001 0.048 0.002 0.020 0.112 0.003 0.001 0.003 0.000 0.000 0.002 0.009 

Locus 31 : 34805_8 
2 alleles
4.5% missing data
 110   (0.945) 0.791 0.994 1.000 0.999 0.945 0.998 0.979 0.999 0.997 0.998 0.996 1.000 1.000 0.997 0.987 
 120   (0.055) 0.209 0.006 0.000 0.001 0.055 0.002 0.021 0.001 0.003 0.002 0.004 0.000 0.000 0.003 0.013 

Locus 32 : 35345_10 
2 alleles
5.1% missing data
 130   (0.953) 0.996 0.994 0.996 0.999 0.953 0.997 0.976 0.939 0.997 0.998 0.996 0.997 0.999 0.997 0.987 
 110   (0.047) 0.004 0.006 0.004 0.001 0.047 0.003 0.024 0.061 0.003 0.002 0.004 0.003 0.001 0.003 0.013 

Locus 33 : 35769_30 
2 alleles
6.2% missing data
 110   (0.941) 0.952 0.993 1.000 0.999 0.941 0.996 0.974 0.999 0.958 0.998 0.996 1.000 1.000 0.997 0.985 
 100   (0.059) 0.048 0.007 0.000 0.001 0.059 0.004 0.026 0.001 0.042 0.002 0.004 0.000 0.000 0.003 0.015 

Locus 34 : 35965_89 
2 alleles
3.4% missing data
 130   (0.957) 0.996 0.995 0.999 0.999 0.957 0.979 0.981 0.999 0.997 0.998 0.997 1.000 0.999 0.998 0.988 
 100   (0.043) 0.004 0.005 0.001 0.001 0.043 0.021 0.019 0.001 0.003 0.002 0.003 0.000 0.001 0.002 0.012 

Locus 35 : 39654_13 
2 alleles
5.6% missing data
 120   (0.958) 0.997 0.995 1.000 0.999 0.958 0.999 0.982 0.999 0.997 0.999 0.997 1.000 1.000 0.982 0.991 
 100   (0.042) 0.003 0.005 0.000 0.001 0.042 0.001 0.018 0.001 0.003 0.001 0.003 0.000 0.000 0.018 0.009 

Locus 36 : 39700_65 
2 alleles
3.4% missing data
 110   (0.957) 0.995 0.995 0.999 0.999 0.956 0.998 0.981 0.999 0.995 0.998 0.997 1.000 0.999 0.996 0.987 
 120   (0.043) 0.005 0.005 0.001 0.001 0.044 0.002 0.019 0.001 0.005 0.002 0.003 0.000 0.001 0.004 0.013 

Locus 37 : 40824_7 
2 alleles
5.1% missing data
 130   (0.954) 0.996 0.995 1.000 0.999 0.954 0.998 0.981 0.999 0.996 0.999 0.997 1.000 1.000 0.929 0.991 
 110   (0.046) 0.004 0.005 0.000 0.001 0.046 0.002 0.019 0.001 0.004 0.001 0.003 0.000 0.000 0.071 0.009 

Locus 38 : 41554_43 
2 alleles
7.3% missing data
 120   (0.959) 0.996 0.995 1.000 0.999 0.959 0.998 0.984 0.999 0.957 0.999 0.997 1.000 1.000 0.998 0.993 
 100   (0.041) 0.004 0.005 0.000 0.001 0.041 0.002 0.016 0.001 0.043 0.001 0.003 0.000 0.000 0.002 0.007 

Locus 39 : 42501_5 
2 alleles
5.6% missing data
 120   (0.942) 0.996 0.876 1.000 0.999 0.942 0.998 0.976 0.999 0.996 0.998 0.962 1.000 1.000 0.997 0.989 
 110   (0.058) 0.004 0.124 0.000 0.001 0.058 0.002 0.024 0.001 0.004 0.002 0.038 0.000 0.000 0.003 0.011 

Locus 40 : 42989_15 
2 alleles
3.4% missing data
 130   (0.954) 0.997 0.995 1.000 0.999 0.954 0.998 0.979 0.999 0.997 0.999 0.997 1.000 1.000 0.927 0.990 
 110   (0.046) 0.003 0.005 0.000 0.001 0.046 0.002 0.021 0.001 0.003 0.001 0.003 0.000 0.000 0.073 0.010 

Locus 41 : 44631_16 
2 alleles
5.6% missing data
 120   (0.958) 0.997 0.995 1.000 0.999 0.958 0.999 0.982 0.999 0.850 0.999 0.997 1.000 1.000 0.998 0.991 
 110   (0.042) 0.003 0.005 0.000 0.001 0.042 0.001 0.018 0.001 0.150 0.001 0.003 0.000 0.000 0.002 0.009 

Locus 42 : 45332_74 
2 alleles
3.4% missing data
 130   (0.888) 0.857 0.987 0.999 0.997 0.888 0.996 0.953 0.986 0.993 0.634 0.992 0.999 0.998 0.803 0.948 
 110   (0.112) 0.143 0.013 0.001 0.003 0.112 0.004 0.047 0.014 0.007 0.366 0.008 0.001 0.002 0.197 0.052 

Locus 43 : 45964_12 
2 alleles
2.2% missing data
 100   (0.958) 0.996 0.994 1.000 0.981 0.958 0.998 0.982 0.999 0.997 0.999 0.990 1.000 1.000 0.998 0.991 
 130   (0.042) 0.004 0.006 0.000 0.019 0.042 0.002 0.018 0.001 0.003 0.001 0.010 0.000 0.000 0.002 0.009 

Locus 44 : 47772_18 
2 alleles
1.7% missing data
 120   (0.955) 0.997 0.633 1.000 0.999 0.955 0.998 0.982 0.999 0.997 0.999 0.997 1.000 1.000 0.998 0.992 
 100   (0.045) 0.003 0.367 0.000 0.001 0.045 0.002 0.018 0.001 0.003 0.001 0.003 0.000 0.000 0.002 0.008 

Locus 45 : 48505_7 
2 alleles
2.8% missing data
 130   (0.958) 0.996 0.995 1.000 0.999 0.958 0.998 0.981 0.999 0.997 0.985 0.997 1.000 0.998 0.998 0.990 
 110   (0.042) 0.004 0.005 0.000 0.001 0.042 0.002 0.019 0.001 0.003 0.015 0.003 0.000 0.002 0.002 0.010 

Locus 46 : 49838_13 
2 alleles
5.1% missing data
 120   (0.955) 0.997 0.995 1.000 0.999 0.955 0.998 0.981 0.999 0.997 0.874 0.997 1.000 1.000 0.998 0.992 
 100   (0.045) 0.003 0.005 0.000 0.001 0.045 0.002 0.019 0.001 0.003 0.126 0.003 0.000 0.000 0.002 0.008 

Locus 47 : 50793_47 
2 alleles
6.2% missing data
 120   (0.947) 0.996 0.994 1.000 0.999 0.947 0.998 0.979 0.999 0.985 0.997 0.996 1.000 1.000 0.873 0.990 
 100   (0.053) 0.004 0.006 0.000 0.001 0.053 0.002 0.021 0.001 0.015 0.003 0.004 0.000 0.000 0.127 0.010 

Locus 48 : 51471_5 
2 alleles
2.2% missing data
 110   (0.957) 0.997 0.995 1.000 0.942 0.957 0.999 0.982 0.999 0.997 0.999 0.996 1.000 1.000 0.998 0.992 
 120   (0.043) 0.003 0.005 0.000 0.058 0.043 0.001 0.018 0.001 0.003 0.001 0.004 0.000 0.000 0.002 0.008 

Locus 49 : 52408_45 
2 alleles
2.2% missing data
 130   (0.953) 0.997 0.994 1.000 0.999 0.953 0.998 0.982 0.999 0.817 0.999 0.997 1.000 1.000 0.998 0.992 
 110   (0.047) 0.003 0.006 0.000 0.001 0.047 0.002 0.018 0.001 0.183 0.001 0.003 0.000 0.000 0.002 0.008 

Locus 50 : 53046_18 
2 alleles
0.6% missing data
 120   (0.933) 0.995 0.992 1.000 0.998 0.932 0.998 0.971 0.994 0.996 0.998 0.995 1.000 1.000 0.929 0.984 
 100   (0.067) 0.005 0.008 0.000 0.002 0.068 0.002 0.029 0.006 0.004 0.002 0.005 0.000 0.000 0.071 0.016 

Locus 51 : 53230_50 
2 alleles
4.5% missing data
 120   (0.955) 0.997 0.995 1.000 0.900 0.955 0.998 0.981 0.999 0.997 0.999 0.997 1.000 1.000 0.998 0.992 
 110   (0.045) 0.003 0.005 0.000 0.100 0.045 0.002 0.019 0.001 0.003 0.001 0.003 0.000 0.000 0.002 0.008 

Locus 52 : 53957_5 
2 alleles
3.9% missing data
 130   (0.959) 0.996 0.995 1.000 0.999 0.959 0.999 0.982 0.999 0.998 0.999 0.997 1.000 1.000 0.990 0.989 
 110   (0.041) 0.004 0.005 0.000 0.001 0.041 0.001 0.018 0.001 0.002 0.001 0.003 0.000 0.000 0.010 0.011 

Locus 53 : 58003_89 
2 alleles
3.9% missing data
 120   (0.949) 0.992 0.994 0.995 0.998 0.949 0.970 0.975 0.996 0.996 0.997 0.995 0.997 0.998 0.991 0.980 
 100   (0.051) 0.008 0.006 0.005 0.002 0.051 0.030 0.025 0.004 0.004 0.003 0.005 0.003 0.002 0.009 0.020 

Locus 54 : 58412_58 
2 alleles
2.2% missing data
 110   (0.959) 0.997 0.947 1.000 0.999 0.959 0.999 0.982 0.999 0.998 0.999 0.997 1.000 1.000 0.998 0.992 
 100   (0.041) 0.003 0.053 0.000 0.001 0.041 0.001 0.018 0.001 0.002 0.001 0.003 0.000 0.000 0.002 0.008 

Locus 55 : 58452_11 
2 alleles
3.4% missing data
 120   (0.960) 0.997 0.995 1.000 0.999 0.959 0.985 0.982 0.999 0.997 0.999 0.997 1.000 1.000 0.998 0.987 
 130   (0.040) 0.003 0.005 0.000 0.001 0.041 0.015 0.018 0.001 0.003 0.001 0.003 0.000 0.000 0.002 0.013 

Locus 56 : 59409_85 
2 alleles
2.8% missing data
 130   (0.960) 0.994 0.996 1.000 0.999 0.960 0.999 0.979 0.999 0.997 0.999 0.997 1.000 1.000 0.998 0.986 
 100   (0.040) 0.006 0.004 0.000 0.001 0.040 0.001 0.021 0.001 0.003 0.001 0.003 0.000 0.000 0.002 0.014 

Locus 57 : 60620_10 
2 alleles
1.1% missing data
 120   (0.957) 0.997 0.995 1.000 0.999 0.957 0.999 0.981 0.999 0.997 0.999 0.794 1.000 1.000 0.998 0.991 
 130   (0.043) 0.003 0.005 0.000 0.001 0.043 0.001 0.019 0.001 0.003 0.001 0.206 0.000 0.000 0.002 0.009 

Locus 58 : 61541_77 
2 alleles
3.4% missing data
 120   (0.953) 0.997 0.686 1.000 0.999 0.953 0.999 0.979 0.999 0.997 0.999 0.996 1.000 1.000 0.998 0.990 
 100   (0.047) 0.003 0.314 0.000 0.001 0.047 0.001 0.021 0.001 0.003 0.001 0.004 0.000 0.000 0.002 0.010 

Locus 59 : 61756_42 
2 alleles
1.1% missing data
 130   (0.951) 0.997 0.994 1.000 0.999 0.951 0.998 0.979 0.999 0.997 0.999 0.621 1.000 1.000 0.998 0.991 
 110   (0.049) 0.003 0.006 0.000 0.001 0.049 0.002 0.021 0.001 0.003 0.001 0.379 0.000 0.000 0.002 0.009 

Locus 60 : 62497_19 
2 alleles
6.2% missing data
 130   (0.907) 0.942 0.988 0.994 0.997 0.907 0.962 0.958 0.997 0.871 0.991 0.993 0.997 0.985 0.993 0.973 
 110   (0.093) 0.058 0.012 0.006 0.003 0.093 0.038 0.042 0.003 0.129 0.009 0.007 0.003 0.015 0.007 0.027 

Locus 61 : 63024_50 
2 alleles
2.8% missing data
 120   (0.946) 0.996 0.994 1.000 0.999 0.946 0.954 0.976 0.999 0.996 0.998 0.996 1.000 1.000 0.997 0.978 
 100   (0.054) 0.004 0.006 0.000 0.001 0.054 0.046 0.024 0.001 0.004 0.002 0.004 0.000 0.000 0.003 0.022 

Locus 62 : 64492_50 
2 alleles
7.3% missing data
 120   (0.913) 0.992 0.990 0.999 0.998 0.913 0.958 0.965 0.998 0.885 0.997 0.993 0.999 0.999 0.931 0.984 
 100   (0.087) 0.008 0.010 0.001 0.002 0.087 0.042 0.035 0.002 0.115 0.003 0.007 0.001 0.001 0.069 0.016 

Locus 63 : 67984_34 
2 alleles
2.2% missing data
 120   (0.926) 0.995 0.886 1.000 0.998 0.926 0.997 0.969 0.999 0.995 0.998 0.847 1.000 1.000 0.996 0.986 
 100   (0.074) 0.005 0.114 0.000 0.002 0.074 0.003 0.031 0.001 0.005 0.002 0.153 0.000 0.000 0.004 0.014 

Locus 64 : 69199_10 
2 alleles
4.5% missing data
 120   (0.940) 0.996 0.993 0.999 0.999 0.940 0.387 0.972 0.999 0.996 0.998 0.996 0.999 0.999 0.997 0.980 
 100   (0.060) 0.004 0.007 0.001 0.001 0.060 0.613 0.028 0.001 0.004 0.002 0.004 0.001 0.001 0.003 0.020 

Locus 65 : 71368_77 
2 alleles
6.7% missing data
 100   (0.955) 0.997 0.995 1.000 0.775 0.955 0.999 0.982 0.999 0.997 0.999 0.996 1.000 1.000 0.998 0.992 
 110   (0.045) 0.003 0.005 0.000 0.225 0.045 0.001 0.018 0.001 0.003 0.001 0.004 0.000 0.000 0.002 0.008 

Locus 66 : 72276_35 
2 alleles
5.1% missing data
 130   (0.952) 0.996 0.995 1.000 0.999 0.952 0.998 0.980 0.999 0.997 0.998 0.996 1.000 1.000 0.899 0.992 
 120   (0.048) 0.004 0.005 0.000 0.001 0.048 0.002 0.020 0.001 0.003 0.002 0.004 0.000 0.000 0.101 0.008 

Locus 67 : 73554_16 
2 alleles
3.9% missing data
 100   (0.955) 0.894 0.995 1.000 0.999 0.955 0.998 0.979 0.999 0.997 0.999 0.997 1.000 1.000 0.998 0.986 
 130   (0.045) 0.106 0.005 0.000 0.001 0.045 0.002 0.021 0.001 0.003 0.001 0.003 0.000 0.000 0.002 0.014 

Locus 68 : 74575_32 
2 alleles
1.7% missing data
 120   (0.959) 0.997 0.995 1.000 0.999 0.959 0.998 0.983 0.999 0.997 0.999 0.997 1.000 1.000 0.984 0.991 
 100   (0.041) 0.003 0.005 0.000 0.001 0.041 0.002 0.017 0.001 0.003 0.001 0.003 0.000 0.000 0.016 0.009 

Locus 69 : 76504_10 
2 alleles
1.1% missing data
 110   (0.956) 0.997 0.995 1.000 0.999 0.956 0.998 0.981 0.807 0.997 0.999 0.996 1.000 1.000 0.998 0.992 
 100   (0.044) 0.003 0.005 0.000 0.001 0.044 0.002 0.019 0.193 0.003 0.001 0.004 0.000 0.000 0.002 0.008 

Locus 70 : 76561_35 
2 alleles
5.6% missing data
 120   (0.952) 0.996 0.995 1.000 0.999 0.952 0.998 0.981 0.999 0.558 0.999 0.996 1.000 1.000 0.998 0.991 
 100   (0.048) 0.004 0.005 0.000 0.001 0.048 0.002 0.019 0.001 0.442 0.001 0.004 0.000 0.000 0.002 0.009 

Locus 71 : 77346_16 
2 alleles
2.2% missing data
 130   (0.958) 0.997 0.995 1.000 0.999 0.958 0.998 0.981 0.923 0.998 0.999 0.997 1.000 1.000 0.998 0.991 
 110   (0.042) 0.003 0.005 0.000 0.001 0.042 0.002 0.019 0.077 0.002 0.001 0.003 0.000 0.000 0.002 0.009 

Locus 72 : 78631_40 
2 alleles
7.9% missing data
 120   (0.951) 0.996 0.995 0.998 0.999 0.951 0.998 0.981 0.999 0.996 0.998 0.996 1.000 1.000 0.820 0.991 
 110   (0.049) 0.004 0.005 0.002 0.001 0.049 0.002 0.019 0.001 0.004 0.002 0.004 0.000 0.000 0.180 0.009 

Locus 73 : 80366_12 
2 alleles
6.7% missing data
 130   (0.960) 0.995 0.995 0.999 0.999 0.960 0.998 0.983 0.999 0.995 0.998 0.997 1.000 0.999 0.996 0.988 
 110   (0.040) 0.005 0.005 0.001 0.001 0.040 0.002 0.017 0.001 0.005 0.002 0.003 0.000 0.001 0.004 0.012 

Locus 74 : 80499_10 
2 alleles
6.2% missing data
 130   (0.954) 0.997 0.995 1.000 0.903 0.954 0.999 0.981 0.999 0.997 0.999 0.996 1.000 1.000 0.998 0.992 
 100   (0.046) 0.003 0.005 0.000 0.097 0.046 0.001 0.019 0.001 0.003 0.001 0.004 0.000 0.000 0.002 0.008 

Locus 75 : 81141_31 
2 alleles
2.8% missing data
 120   (0.955) 0.996 0.995 0.999 0.999 0.955 0.998 0.981 0.999 0.997 0.985 0.997 1.000 0.998 0.997 0.990 
 100   (0.045) 0.004 0.005 0.001 0.001 0.045 0.002 0.019 0.001 0.003 0.015 0.003 0.000 0.002 0.003 0.010 

Locus 76 : 81662_33 
2 alleles
3.4% missing data
 120   (0.955) 0.996 0.995 1.000 0.999 0.955 0.998 0.978 0.999 0.997 0.998 0.997 1.000 1.000 0.998 0.986 
 110   (0.045) 0.004 0.005 0.000 0.001 0.045 0.002 0.022 0.001 0.003 0.002 0.003 0.000 0.000 0.002 0.014 

Locus 77 : 82002_8 
2 alleles
6.7% missing data
 100   (0.925) 0.995 0.606 1.000 0.998 0.925 0.998 0.969 0.998 0.996 0.998 0.747 1.000 1.000 0.996 0.986 
 110   (0.075) 0.005 0.394 0.000 0.002 0.075 0.002 0.031 0.002 0.004 0.002 0.253 0.000 0.000 0.004 0.014 

Locus 78 : 82631_34 
2 alleles
7.9% missing data
 120   (0.956) 0.995 0.995 0.999 0.999 0.956 0.997 0.977 0.999 0.996 0.995 0.996 1.000 0.999 0.988 0.987 
 100   (0.044) 0.005 0.005 0.001 0.001 0.044 0.003 0.023 0.001 0.004 0.005 0.004 0.000 0.001 0.012 0.013 

Locus 79 : 83247_84 
2 alleles
3.4% missing data
 110   (0.946) 0.996 0.994 1.000 0.999 0.946 0.998 0.979 0.999 0.997 0.998 0.996 1.000 1.000 0.784 0.989 
 100   (0.054) 0.004 0.006 0.000 0.001 0.054 0.002 0.021 0.001 0.003 0.002 0.004 0.000 0.000 0.216 0.011 

Locus 80 : 83916_5 
2 alleles
3.9% missing data
 130   (0.958) 0.997 0.995 1.000 0.999 0.958 0.998 0.984 0.999 0.997 0.999 0.997 1.000 0.827 0.998 0.993 
 110   (0.042) 0.003 0.005 0.000 0.001 0.042 0.002 0.016 0.001 0.003 0.001 0.003 0.000 0.173 0.002 0.007 

Locus 81 : 84971_7 
2 alleles
2.2% missing data
 120   (0.939) 0.992 0.993 0.989 0.998 0.939 0.981 0.971 0.959 0.996 0.996 0.995 0.997 0.997 0.994 0.978 
 110   (0.061) 0.008 0.007 0.011 0.002 0.061 0.019 0.029 0.041 0.004 0.004 0.005 0.003 0.003 0.006 0.022 

Locus 82 : 85247_77 
2 alleles
7.9% missing data
 120   (0.958) 0.995 0.995 0.996 0.998 0.958 0.998 0.983 0.998 0.996 0.993 0.996 0.999 0.991 0.997 0.988 
 110   (0.042) 0.005 0.005 0.004 0.002 0.042 0.002 0.017 0.002 0.004 0.007 0.004 0.001 0.009 0.003 0.012 

Locus 83 : 85248_24 
2 alleles
5.1% missing data
 100   (0.957) 0.997 0.995 1.000 0.999 0.957 0.999 0.982 0.999 0.997 0.999 0.718 1.000 1.000 0.998 0.992 
 120   (0.043) 0.003 0.005 0.000 0.001 0.043 0.001 0.018 0.001 0.003 0.001 0.282 0.000 0.000 0.002 0.008 

Locus 84 : 85402_12 
2 alleles
3.4% missing data
 120   (0.957) 0.994 0.995 1.000 0.999 0.957 0.998 0.979 0.999 0.997 0.999 0.996 1.000 1.000 0.998 0.986 
 100   (0.043) 0.006 0.005 0.000 0.001 0.043 0.002 0.021 0.001 0.003 0.001 0.004 0.000 0.000 0.002 0.014 

Locus 85 : 86588_18 
2 alleles
3.9% missing data
 120   (0.957) 0.996 0.995 1.000 0.999 0.957 0.983 0.980 0.999 0.997 0.999 0.997 1.000 1.000 0.998 0.986 
 100   (0.043) 0.004 0.005 0.000 0.001 0.043 0.017 0.020 0.001 0.003 0.001 0.003 0.000 0.000 0.002 0.014 

Locus 86 : 87070_60 
2 alleles
2.2% missing data
 100   (0.959) 0.894 0.995 1.000 0.999 0.959 0.998 0.983 0.999 0.997 0.999 0.997 1.000 1.000 0.998 0.991 
 130   (0.041) 0.106 0.005 0.000 0.001 0.041 0.002 0.017 0.001 0.003 0.001 0.003 0.000 0.000 0.002 0.009 

Locus 87 : 87747_31 
2 alleles
6.2% missing data
 120   (0.955) 0.997 0.995 1.000 0.999 0.955 0.998 0.982 0.999 0.997 0.999 0.829 1.000 1.000 0.997 0.992 
 110   (0.045) 0.003 0.005 0.000 0.001 0.045 0.002 0.018 0.001 0.003 0.001 0.171 0.000 0.000 0.003 0.008 

Locus 88 : 88455_10 
2 alleles
5.1% missing data
 130   (0.955) 0.996 0.995 1.000 0.999 0.955 0.998 0.981 0.999 0.789 0.999 0.996 1.000 1.000 0.997 0.991 
 100   (0.045) 0.004 0.005 0.000 0.001 0.045 0.002 0.019 0.001 0.211 0.001 0.004 0.000 0.000 0.003 0.009 

Locus 89 : 89005_12 
2 alleles
1.1% missing data
 120   (0.954) 0.997 0.787 1.000 0.999 0.954 0.998 0.981 0.999 0.997 0.999 0.997 1.000 1.000 0.998 0.992 
 130   (0.046) 0.003 0.213 0.000 0.001 0.046 0.002 0.019 0.001 0.003 0.001 0.003 0.000 0.000 0.002 0.008 

Locus 90 : 89213_8 
2 alleles
3.4% missing data
 130   (0.960) 0.997 0.995 1.000 0.999 0.960 0.998 0.983 0.999 0.998 0.999 0.944 1.000 1.000 0.998 0.992 
 110   (0.040) 0.003 0.005 0.000 0.001 0.040 0.002 0.017 0.001 0.002 0.001 0.056 0.000 0.000 0.002 0.008 

Locus 91 : 93475_13 
2 alleles
2.2% missing data
 130   (0.955) 0.997 0.995 1.000 0.999 0.955 0.998 0.980 0.999 0.997 0.999 0.741 1.000 1.000 0.998 0.991 
 110   (0.045) 0.003 0.005 0.000 0.001 0.045 0.002 0.020 0.001 0.003 0.001 0.259 0.000 0.000 0.002 0.009 

Locus 92 : 95749_27 
2 alleles
3.9% missing data
 120   (0.958) 0.997 0.942 1.000 0.999 0.958 0.999 0.983 0.999 0.997 0.999 0.996 1.000 1.000 0.998 0.993 
 100   (0.042) 0.003 0.058 0.000 0.001 0.042 0.001 0.017 0.001 0.003 0.001 0.004 0.000 0.000 0.002 0.007 

Locus 93 : 98167_26 
2 alleles
3.4% missing data
 120   (0.937) 0.907 0.993 0.999 0.998 0.937 0.989 0.976 0.993 0.992 0.998 0.995 1.000 0.999 0.996 0.968 
 110   (0.063) 0.093 0.007 0.001 0.002 0.063 0.011 0.024 0.007 0.008 0.002 0.005 0.000 0.001 0.004 0.032 

Locus 94 : 98988_58 
2 alleles
2.2% missing data
 130   (0.958) 0.997 0.995 1.000 0.999 0.959 0.999 0.982 0.999 0.997 0.999 0.952 1.000 1.000 0.998 0.991 
 110   (0.042) 0.003 0.005 0.000 0.001 0.041 0.001 0.018 0.001 0.003 0.001 0.048 0.000 0.000 0.002 0.009 

Locus 95 : 103824_15 
2 alleles
3.4% missing data
 130   (0.929) 0.995 0.756 1.000 0.998 0.929 0.998 0.971 0.999 0.996 0.998 0.875 1.000 1.000 0.997 0.987 
 110   (0.071) 0.005 0.244 0.000 0.002 0.071 0.002 0.029 0.001 0.004 0.002 0.125 0.000 0.000 0.003 0.013 

Locus 96 : 108043_8 
2 alleles
4.5% missing data
 130   (0.953) 0.997 0.995 1.000 0.999 0.953 0.998 0.981 0.918 0.997 0.999 0.996 1.000 0.999 0.998 0.992 
 110   (0.047) 0.003 0.005 0.000 0.001 0.047 0.002 0.019 0.082 0.003 0.001 0.004 0.000 0.001 0.002 0.008 

Locus 97 : 108049_79 
2 alleles
2.8% missing data
 120   (0.960) 0.997 0.996 1.000 0.999 0.960 0.998 0.980 0.999 0.997 0.998 0.997 1.000 1.000 0.998 0.987 
 100   (0.040) 0.003 0.004 0.000 0.001 0.040 0.002 0.020 0.001 0.003 0.002 0.003 0.000 0.000 0.002 0.013 

Locus 98 : 108366_5 
2 alleles
2.8% missing data
 130   (0.955) 0.997 0.840 1.000 0.999 0.955 0.999 0.982 0.999 0.997 0.999 0.997 1.000 1.000 0.998 0.993 
 100   (0.045) 0.003 0.160 0.000 0.001 0.045 0.001 0.018 0.001 0.003 0.001 0.003 0.000 0.000 0.002 0.007 

Locus 99 : 108403_10 
2 alleles
6.2% missing data
 130   (0.954) 0.997 0.994 1.000 0.999 0.954 0.998 0.979 0.993 0.997 0.999 0.996 1.000 1.000 0.997 0.988 
 110   (0.046) 0.003 0.006 0.000 0.001 0.046 0.002 0.021 0.007 0.003 0.001 0.004 0.000 0.000 0.003 0.012 

Locus 100 : 109283_38 
2 alleles
3.9% missing data
 120   (0.877) 0.985 0.986 0.917 0.997 0.877 0.965 0.925 0.996 0.992 0.520 0.991 0.981 0.515 0.978 0.887 
 100   (0.123) 0.015 0.014 0.083 0.003 0.123 0.035 0.075 0.004 0.008 0.480 0.009 0.019 0.485 0.022 0.113 

Locus 101 : 109527_54 
2 alleles
7.3% missing data
 110   (0.946) 0.991 0.993 1.000 0.999 0.946 0.997 0.979 0.999 0.997 0.999 0.996 1.000 1.000 0.824 0.987 
 130   (0.054) 0.009 0.007 0.000 0.001 0.054 0.003 0.021 0.001 0.003 0.001 0.004 0.000 0.000 0.176 0.013 

Locus 102 : 109804_31 
2 alleles
2.2% missing data
 130   (0.955) 0.997 0.894 1.000 0.999 0.955 0.999 0.982 0.999 0.997 0.999 0.997 1.000 1.000 0.998 0.992 
 100   (0.045) 0.003 0.106 0.000 0.001 0.045 0.001 0.018 0.001 0.003 0.001 0.003 0.000 0.000 0.002 0.008 

Locus 103 : 112614_46 
2 alleles
5.1% missing data
 120   (0.951) 0.996 0.760 1.000 0.999 0.951 0.998 0.981 0.999 0.997 0.999 0.997 1.000 1.000 0.998 0.991 
 100   (0.049) 0.004 0.240 0.000 0.001 0.049 0.002 0.019 0.001 0.003 0.001 0.003 0.000 0.000 0.002 0.009 

Locus 104 : 112906_14 
2 alleles
3.9% missing data
 110   (0.883) 0.970 0.987 0.999 0.997 0.883 0.995 0.949 0.998 0.704 0.874 0.991 1.000 0.999 0.742 0.974 
 120   (0.117) 0.030 0.013 0.001 0.003 0.117 0.005 0.051 0.002 0.296 0.126 0.009 0.000 0.001 0.258 0.026 

Locus 105 : 113735_32 
2 alleles
6.7% missing data
 120   (0.957) 0.997 0.995 1.000 0.999 0.957 0.998 0.982 0.999 0.964 0.999 0.996 1.000 1.000 0.998 0.991 
 100   (0.043) 0.003 0.005 0.000 0.001 0.043 0.002 0.018 0.001 0.036 0.001 0.004 0.000 0.000 0.002 0.009 

Locus 106 : 115028_7 
2 alleles
3.9% missing data
 120   (0.959) 0.997 0.995 1.000 0.999 0.959 0.998 0.984 0.999 0.958 0.999 0.997 1.000 1.000 0.998 0.994 
 100   (0.041) 0.003 0.005 0.000 0.001 0.041 0.002 0.016 0.001 0.042 0.001 0.003 0.000 0.000 0.002 0.006 

Locus 107 : 115179_16 
2 alleles
2.2% missing data
 120   (0.934) 0.995 0.850 1.000 0.998 0.935 0.998 0.974 0.999 0.996 0.998 0.959 1.000 1.000 0.997 0.988 
 110   (0.066) 0.005 0.150 0.000 0.002 0.065 0.002 0.026 0.001 0.004 0.002 0.041 0.000 0.000 0.003 0.012 

Locus 108 : 116753_51 
2 alleles
7.3% missing data
 120   (0.955) 0.997 0.994 0.999 0.999 0.955 0.998 0.982 0.999 0.997 0.915 0.996 1.000 0.999 0.997 0.981 
 100   (0.045) 0.003 0.006 0.001 0.001 0.045 0.002 0.018 0.001 0.003 0.085 0.004 0.000 0.001 0.003 0.019 

Locus 109 : 116931_31 
2 alleles
7.9% missing data
 120   (0.958) 0.997 0.995 1.000 0.999 0.958 0.983 0.982 0.999 0.997 0.999 0.997 1.000 1.000 0.998 0.987 
 110   (0.042) 0.003 0.005 0.000 0.001 0.042 0.017 0.018 0.001 0.003 0.001 0.003 0.000 0.000 0.002 0.013 

Locus 110 : 116938_8 
2 alleles
4.5% missing data
 130   (0.919) 0.964 0.991 1.000 0.998 0.920 0.996 0.964 0.998 0.995 0.847 0.994 1.000 0.999 0.880 0.983 
 110   (0.081) 0.036 0.009 0.000 0.002 0.080 0.004 0.036 0.002 0.005 0.153 0.006 0.000 0.001 0.120 0.017 

Locus 111 : 122302_80 
2 alleles
10.1% missing data
 110   (0.956) 0.997 0.994 1.000 0.999 0.956 0.960 0.982 0.999 0.996 0.999 0.996 1.000 1.000 0.998 0.990 
 100   (0.044) 0.003 0.006 0.000 0.001 0.044 0.040 0.018 0.001 0.004 0.001 0.004 0.000 0.000 0.002 0.010 

Locus 112 : 123190_14 
2 alleles
3.4% missing data
 120   (0.945) 0.996 0.994 1.000 0.999 0.945 0.947 0.973 0.999 0.996 0.998 0.996 1.000 1.000 0.997 0.980 
 130   (0.055) 0.004 0.006 0.000 0.001 0.055 0.053 0.027 0.001 0.004 0.002 0.004 0.000 0.000 0.003 0.020 

Locus 113 : 123271_36 
2 alleles
3.9% missing data
 100   (0.932) 0.995 0.879 1.000 0.998 0.932 0.998 0.972 0.999 0.996 0.998 0.840 1.000 1.000 0.997 0.988 
 110   (0.068) 0.005 0.121 0.000 0.002 0.068 0.002 0.028 0.001 0.004 0.002 0.160 0.000 0.000 0.003 0.012 

Locus 114 : 124147_18 
2 alleles
2.2% missing data
 130   (0.956) 0.824 0.995 1.000 0.999 0.957 0.999 0.981 0.999 0.997 0.999 0.997 1.000 1.000 0.998 0.991 
 110   (0.044) 0.176 0.005 0.000 0.001 0.043 0.001 0.019 0.001 0.003 0.001 0.003 0.000 0.000 0.002 0.009 

Locus 115 : 124184_33 
2 alleles
5.6% missing data
 110   (0.956) 0.997 0.803 1.000 0.999 0.957 0.998 0.981 0.999 0.997 0.999 0.997 1.000 1.000 0.998 0.992 
 100   (0.044) 0.003 0.197 0.000 0.001 0.043 0.002 0.019 0.001 0.003 0.001 0.003 0.000 0.000 0.002 0.008 

Locus 116 : 125404_24 
2 alleles
1.1% missing data
 130   (0.954) 0.997 0.995 1.000 0.999 0.954 0.999 0.981 0.999 0.767 0.999 0.997 1.000 1.000 0.998 0.991 
 110   (0.046) 0.003 0.005 0.000 0.001 0.046 0.001 0.019 0.001 0.233 0.001 0.003 0.000 0.000 0.002 0.009 

Locus 117 : 125436_43 
2 alleles
3.9% missing data
 130   (0.924) 0.994 0.992 1.000 0.998 0.924 0.997 0.968 0.999 0.707 0.998 0.994 1.000 0.999 0.846 0.986 
 100   (0.076) 0.006 0.008 0.000 0.002 0.076 0.003 0.032 0.001 0.293 0.002 0.006 0.000 0.001 0.154 0.014 

Locus 118 : 126013_18 
2 alleles
2.8% missing data
 130   (0.957) 0.997 0.994 1.000 0.883 0.957 0.999 0.981 0.999 0.997 0.999 0.997 1.000 1.000 0.998 0.992 
 110   (0.043) 0.003 0.006 0.000 0.117 0.043 0.001 0.019 0.001 0.003 0.001 0.003 0.000 0.000 0.002 0.008 

Locus 119 : 126137_19 
2 alleles
3.9% missing data
 120   (0.955) 0.996 0.995 1.000 0.999 0.955 0.998 0.981 0.999 0.985 0.999 0.996 1.000 1.000 0.980 0.991 
 110   (0.045) 0.004 0.005 0.000 0.001 0.045 0.002 0.019 0.001 0.015 0.001 0.004 0.000 0.000 0.020 0.009 

Locus 120 : 126845_22 
2 alleles
5.6% missing data
 130   (0.958) 0.996 0.995 1.000 0.999 0.958 0.998 0.983 0.999 0.959 0.999 0.997 1.000 1.000 0.998 0.992 
 110   (0.042) 0.004 0.005 0.000 0.001 0.042 0.002 0.017 0.001 0.041 0.001 0.003 0.000 0.000 0.002 0.008 

Locus 121 : 127512_8 
2 alleles
1.1% missing data
 130   (0.957) 0.997 0.995 1.000 0.912 0.957 0.999 0.982 0.999 0.997 0.999 0.997 1.000 1.000 0.998 0.991 
 100   (0.043) 0.003 0.005 0.000 0.088 0.043 0.001 0.018 0.001 0.003 0.001 0.003 0.000 0.000 0.002 0.009 

Locus 122 : 127692_13 
2 alleles
2.8% missing data
 100   (0.951) 0.996 0.994 1.000 0.999 0.951 0.998 0.979 0.999 0.997 0.999 0.996 1.000 1.000 0.940 0.990 
 120   (0.049) 0.004 0.006 0.000 0.001 0.049 0.002 0.021 0.001 0.003 0.001 0.004 0.000 0.000 0.060 0.010 

Locus 123 : 128195_18 
2 alleles
7.3% missing data
 130   (0.874) 0.393 0.985 0.988 0.997 0.874 0.963 0.930 0.997 0.988 0.993 0.991 0.999 0.999 0.902 0.617 
 110   (0.126) 0.607 0.015 0.012 0.003 0.126 0.037 0.070 0.003 0.012 0.007 0.009 0.001 0.001 0.098 0.383 

Locus 124 : 128198_14 
2 alleles
4.5% missing data
 130   (0.920) 0.994 0.957 1.000 0.904 0.921 0.997 0.967 0.998 0.995 0.998 0.893 1.000 0.999 0.996 0.984 
 120   (0.080) 0.006 0.043 0.000 0.096 0.079 0.003 0.033 0.002 0.005 0.002 0.107 0.000 0.001 0.004 0.016 

Locus 125 : 128423_39 
2 alleles
4.5% missing data
 130   (0.957) 0.985 0.995 1.000 0.999 0.957 0.998 0.980 0.999 0.997 0.998 0.997 1.000 1.000 0.998 0.985 
 100   (0.043) 0.015 0.005 0.000 0.001 0.043 0.002 0.020 0.001 0.003 0.002 0.003 0.000 0.000 0.002 0.015 

Locus 126 : 131572_48 
2 alleles
1.1% missing data
 120   (0.948) 0.996 0.994 0.999 0.999 0.948 0.998 0.977 0.999 0.997 0.945 0.996 1.000 0.998 0.997 0.984 
 100   (0.052) 0.004 0.006 0.001 0.001 0.052 0.002 0.023 0.001 0.003 0.055 0.004 0.000 0.002 0.003 0.016 

Locus 127 : 132199_62 
2 alleles
3.9% missing data
 100   (0.955) 0.997 0.540 1.000 0.999 0.955 0.998 0.983 0.999 0.997 0.999 0.996 1.000 1.000 0.998 0.992 
 120   (0.045) 0.003 0.460 0.000 0.001 0.045 0.002 0.017 0.001 0.003 0.001 0.004 0.000 0.000 0.002 0.008 

Locus 128 : 135566_64 
2 alleles
7.3% missing data
 130   (0.959) 0.994 0.995 1.000 0.999 0.959 0.998 0.979 0.999 0.997 0.999 0.997 1.000 1.000 0.998 0.987 
 110   (0.041) 0.006 0.005 0.000 0.001 0.041 0.002 0.021 0.001 0.003 0.001 0.003 0.000 0.000 0.002 0.013 

Locus 129 : 135761_5 
2 alleles
7.9% missing data
 130   (0.936) 0.995 0.860 1.000 0.998 0.937 0.998 0.973 0.999 0.996 0.998 0.950 1.000 1.000 0.997 0.988 
 100   (0.064) 0.005 0.140 0.000 0.002 0.063 0.002 0.027 0.001 0.004 0.002 0.050 0.000 0.000 0.003 0.012 

Locus 130 : 137219_35 
2 alleles
3.4% missing data
 120   (0.937) 0.992 0.993 1.000 0.998 0.937 0.998 0.964 0.999 0.996 0.997 0.995 1.000 1.000 0.997 0.967 
 100   (0.063) 0.008 0.007 0.000 0.002 0.063 0.002 0.036 0.001 0.004 0.003 0.005 0.000 0.000 0.003 0.033 

Locus 131 : 139081_20 
2 alleles
5.6% missing data
 120   (0.941) 0.956 0.993 0.999 0.999 0.940 0.997 0.974 0.999 0.996 0.994 0.995 1.000 0.999 0.972 0.983 
 110   (0.059) 0.044 0.007 0.001 0.001 0.060 0.003 0.026 0.001 0.004 0.006 0.005 0.000 0.001 0.028 0.017 

Locus 132 : 139084_52 
2 alleles
5.1% missing data
 120   (0.915) 0.877 0.990 0.999 0.998 0.915 0.929 0.959 0.998 0.994 0.997 0.994 0.999 0.999 0.995 0.963 
 110   (0.085) 0.123 0.010 0.001 0.002 0.085 0.071 0.041 0.002 0.006 0.003 0.006 0.001 0.001 0.005 0.037 

Locus 133 : 139433_54 
2 alleles
3.9% missing data
 120   (0.956) 0.997 0.995 1.000 0.999 0.956 0.999 0.982 0.999 0.997 0.999 0.897 1.000 1.000 0.998 0.992 
 100   (0.044) 0.003 0.005 0.000 0.001 0.044 0.001 0.018 0.001 0.003 0.001 0.103 0.000 0.000 0.002 0.008 

Locus 134 : 140063_88 
2 alleles
7.9% missing data
 110   (0.958) 0.995 0.995 1.000 0.999 0.958 0.998 0.983 0.999 0.997 0.999 0.997 1.000 1.000 0.989 0.989 
 100   (0.042) 0.005 0.005 0.000 0.001 0.042 0.002 0.017 0.001 0.003 0.001 0.003 0.000 0.000 0.011 0.011 

Locus 135 : 140194_73 
2 alleles
2.8% missing data
 120   (0.958) 0.996 0.995 1.000 0.976 0.958 0.998 0.982 0.999 0.997 0.999 0.997 1.000 1.000 0.998 0.992 
 110   (0.042) 0.004 0.005 0.000 0.024 0.042 0.002 0.018 0.001 0.003 0.001 0.003 0.000 0.000 0.002 0.008 

Locus 136 : 141313_8 
2 alleles
2.8% missing data
 120   (0.955) 0.997 0.845 1.000 0.999 0.955 0.999 0.981 0.999 0.997 0.999 0.997 1.000 1.000 0.998 0.991 
 100   (0.045) 0.003 0.155 0.000 0.001 0.045 0.001 0.019 0.001 0.003 0.001 0.003 0.000 0.000 0.002 0.009 

Locus 137 : 145284_28 
2 alleles
2.8% missing data
 130   (0.954) 0.718 0.995 1.000 0.999 0.954 0.998 0.980 0.999 0.997 0.999 0.996 1.000 1.000 0.998 0.990 
 110   (0.046) 0.282 0.005 0.000 0.001 0.046 0.002 0.020 0.001 0.003 0.001 0.004 0.000 0.000 0.002 0.010 

Locus 138 : 145957_11 
2 alleles
4.5% missing data
 130   (0.959) 0.997 0.996 1.000 0.999 0.959 0.999 0.983 0.999 0.998 0.999 0.997 1.000 0.853 0.998 0.992 
 110   (0.041) 0.003 0.004 0.000 0.001 0.041 0.001 0.017 0.001 0.002 0.001 0.003 0.000 0.147 0.002 0.008 

Locus 139 : 160306_34 
2 alleles
2.8% missing data
 120   (0.931) 0.995 0.992 0.999 0.998 0.931 0.997 0.971 0.999 0.785 0.983 0.995 1.000 0.999 0.951 0.987 
 100   (0.069) 0.005 0.008 0.001 0.002 0.069 0.003 0.029 0.001 0.215 0.017 0.005 0.000 0.001 0.049 0.013 

Locus 140 : 162107_37 
2 alleles
3.4% missing data
 120   (0.935) 0.995 0.992 1.000 0.998 0.935 0.998 0.975 0.999 0.904 0.998 0.995 1.000 1.000 0.983 0.985 
 100   (0.065) 0.005 0.008 0.000 0.002 0.065 0.002 0.025 0.001 0.096 0.002 0.005 0.000 0.000 0.017 0.015 

Locus 141 : 163290_36 
2 alleles
5.1% missing data
 130   (0.920) 0.805 0.990 0.974 0.998 0.920 0.916 0.964 0.997 0.995 0.996 0.994 0.999 0.995 0.995 0.959 
 110   (0.080) 0.195 0.010 0.026 0.002 0.080 0.084 0.036 0.003 0.005 0.004 0.006 0.001 0.005 0.005 0.041 

Locus 142 : 163453_13 
2 alleles
5.6% missing data
 120   (0.956) 0.996 0.995 1.000 0.999 0.956 0.985 0.980 0.999 0.997 0.999 0.996 1.000 1.000 0.998 0.986 
 110   (0.044) 0.004 0.005 0.000 0.001 0.044 0.015 0.020 0.001 0.003 0.001 0.004 0.000 0.000 0.002 0.014 

Locus 143 : 163580_14 
2 alleles
10.1% missing data
 120   (0.956) 0.997 0.994 0.928 0.999 0.956 0.998 0.967 0.999 0.997 0.999 0.997 0.951 1.000 0.998 0.970 
 100   (0.044) 0.003 0.006 0.072 0.001 0.044 0.002 0.033 0.001 0.003 0.001 0.003 0.049 0.000 0.002 0.030 

Locus 144 : 164461_13 
2 alleles
5.6% missing data
 100   (0.956) 0.997 0.995 1.000 0.999 0.956 0.861 0.982 0.999 0.997 0.999 0.997 1.000 1.000 0.997 0.992 
 120   (0.044) 0.003 0.005 0.000 0.001 0.044 0.139 0.018 0.001 0.003 0.001 0.003 0.000 0.000 0.003 0.008 

Locus 145 : 165413_43 
2 alleles
1.7% missing data
 110   (0.954) 0.996 0.995 1.000 0.999 0.954 0.998 0.980 0.999 0.997 0.998 0.997 1.000 1.000 0.942 0.989 
 130   (0.046) 0.004 0.005 0.000 0.001 0.046 0.002 0.020 0.001 0.003 0.002 0.003 0.000 0.000 0.058 0.011 

Locus 146 : 168629_44 
2 alleles
5.6% missing data
 130   (0.942) 0.988 0.993 0.999 0.998 0.942 0.981 0.974 0.999 0.996 0.998 0.996 1.000 0.999 0.962 0.981 
 110   (0.058) 0.012 0.007 0.001 0.002 0.058 0.019 0.026 0.001 0.004 0.002 0.004 0.000 0.001 0.038 0.019 

Locus 147 : 168991_77 
2 alleles
5.6% missing data
 110   (0.850) 0.974 0.983 0.991 0.996 0.850 0.985 0.914 0.996 0.655 0.887 0.988 0.998 0.997 0.885 0.933 
 100   (0.150) 0.026 0.017 0.009 0.004 0.150 0.015 0.086 0.004 0.345 0.113 0.012 0.002 0.003 0.115 0.067 

Locus 148 : 169478_88 
2 alleles
5.1% missing data
 130   (0.958) 0.997 0.995 1.000 0.980 0.958 0.998 0.982 0.999 0.997 0.999 0.996 1.000 1.000 0.998 0.991 
 100   (0.042) 0.003 0.005 0.000 0.020 0.042 0.002 0.018 0.001 0.003 0.001 0.004 0.000 0.000 0.002 0.009 

Locus 149 : 169898_8 
2 alleles
6.2% missing data
 120   (0.939) 0.995 0.993 1.000 0.998 0.940 0.968 0.975 0.999 0.996 0.997 0.995 1.000 1.000 0.918 0.988 
 100   (0.061) 0.005 0.007 0.000 0.002 0.060 0.032 0.025 0.001 0.004 0.003 0.005 0.000 0.000 0.082 0.012 

Locus 150 : 170224_42 
2 alleles
7.3% missing data
 100   (0.915) 0.985 0.990 0.994 0.998 0.915 0.794 0.962 0.998 0.994 0.997 0.992 0.998 0.999 0.926 0.968 
 120   (0.085) 0.015 0.010 0.006 0.002 0.085 0.206 0.038 0.002 0.006 0.003 0.008 0.002 0.001 0.074 0.032 

Locus 151 : 174083_22 
2 alleles
3.9% missing data
 120   (0.956) 0.997 0.995 1.000 0.999 0.956 0.998 0.982 0.999 0.997 0.999 0.587 1.000 1.000 0.998 0.993 
 100   (0.044) 0.003 0.005 0.000 0.001 0.044 0.002 0.018 0.001 0.003 0.001 0.413 0.000 0.000 0.002 0.007 

Locus 152 : 174223_24 
2 alleles
2.8% missing data
 120   (0.957) 0.997 0.995 1.000 0.999 0.957 0.998 0.983 0.992 0.997 0.999 0.997 1.000 1.000 0.997 0.990 
 100   (0.043) 0.003 0.005 0.000 0.001 0.043 0.002 0.017 0.008 0.003 0.001 0.003 0.000 0.000 0.003 0.010 

Locus 153 : 174263_44 
2 alleles
3.9% missing data
 130   (0.956) 0.997 0.995 1.000 0.845 0.956 0.999 0.981 0.999 0.997 0.999 0.997 1.000 1.000 0.998 0.992 
 110   (0.044) 0.003 0.005 0.000 0.155 0.044 0.001 0.019 0.001 0.003 0.001 0.003 0.000 0.000 0.002 0.008 

Locus 154 : 175657_6 
2 alleles
8.4% missing data
 100   (0.928) 0.995 0.990 1.000 0.998 0.928 0.998 0.968 0.999 0.766 0.998 0.994 1.000 1.000 0.926 0.985 
 130   (0.072) 0.005 0.010 0.000 0.002 0.072 0.002 0.032 0.001 0.234 0.002 0.006 0.000 0.000 0.074 0.015 

Locus 155 : 176570_23 
2 alleles
3.9% missing data
 130   (0.957) 0.995 0.995 0.988 0.998 0.957 0.998 0.977 0.997 0.997 0.977 0.996 1.000 0.982 0.998 0.972 
 110   (0.043) 0.005 0.005 0.012 0.002 0.043 0.002 0.023 0.003 0.003 0.023 0.004 0.000 0.018 0.002 0.028 

Locus 156 : 176775_13 
2 alleles
6.7% missing data
 130   (0.924) 0.994 0.834 1.000 0.998 0.924 0.997 0.970 0.999 0.995 0.998 0.589 1.000 1.000 0.996 0.987 
 110   (0.076) 0.006 0.166 0.000 0.002 0.076 0.003 0.030 0.001 0.005 0.002 0.411 0.000 0.000 0.004 0.013 

Locus 157 : 178448_19 
2 alleles
3.4% missing data
 120   (0.956) 0.997 0.792 1.000 0.999 0.956 0.998 0.982 0.999 0.997 0.999 0.996 1.000 1.000 0.998 0.992 
 100   (0.044) 0.003 0.208 0.000 0.001 0.044 0.002 0.018 0.001 0.003 0.001 0.004 0.000 0.000 0.002 0.008 

Locus 158 : 179162_16 
2 alleles
6.2% missing data
 120   (0.956) 0.997 0.947 1.000 0.999 0.956 0.998 0.980 0.999 0.997 0.999 0.996 1.000 1.000 0.998 0.990 
 100   (0.044) 0.003 0.053 0.000 0.001 0.044 0.002 0.020 0.001 0.003 0.001 0.004 0.000 0.000 0.002 0.010 

Locus 159 : 179286_31 
2 alleles
2.8% missing data
 120   (0.933) 0.995 0.993 0.999 0.998 0.933 0.998 0.971 0.999 0.889 0.987 0.995 1.000 1.000 0.926 0.986 
 100   (0.067) 0.005 0.007 0.001 0.002 0.067 0.002 0.029 0.001 0.111 0.013 0.005 0.000 0.000 0.074 0.014 

Locus 160 : 179594_17 
2 alleles
4.5% missing data
 120   (0.920) 0.951 0.991 0.999 0.998 0.920 0.975 0.964 0.994 0.738 0.998 0.992 1.000 0.999 0.996 0.974 
 100   (0.080) 0.049 0.009 0.001 0.002 0.080 0.025 0.036 0.006 0.262 0.002 0.008 0.000 0.001 0.004 0.026 

Locus 161 : 180413_54 
2 alleles
3.9% missing data
 100   (0.953) 0.997 0.739 1.000 0.999 0.953 0.998 0.980 0.999 0.997 0.999 0.997 1.000 1.000 0.998 0.991 
 110   (0.047) 0.003 0.261 0.000 0.001 0.047 0.002 0.020 0.001 0.003 0.001 0.003 0.000 0.000 0.002 0.009 

Locus 162 : 182862_79 
2 alleles
3.4% missing data
 130   (0.954) 0.997 0.743 1.000 0.999 0.954 0.998 0.979 0.999 0.997 0.999 0.997 1.000 1.000 0.998 0.991 
 110   (0.046) 0.003 0.257 0.000 0.001 0.046 0.002 0.021 0.001 0.003 0.001 0.003 0.000 0.000 0.002 0.009 

Locus 163 : 183288_63 
2 alleles
10.1% missing data
 100   (0.954) 0.996 0.995 1.000 0.999 0.954 0.998 0.980 0.999 0.997 0.999 0.943 1.000 1.000 0.998 0.991 
 120   (0.046) 0.004 0.005 0.000 0.001 0.046 0.002 0.020 0.001 0.003 0.001 0.057 0.000 0.000 0.002 0.009 

Locus 164 : 183906_55 
2 alleles
6.7% missing data
 130   (0.956) 0.996 0.995 1.000 0.999 0.956 0.998 0.983 0.999 0.997 0.999 0.896 1.000 1.000 0.998 0.992 
 100   (0.044) 0.004 0.005 0.000 0.001 0.044 0.002 0.017 0.001 0.003 0.001 0.104 0.000 0.000 0.002 0.008 

Locus 165 : 183990_7 
2 alleles
3.4% missing data
 120   (0.945) 0.993 0.994 1.000 0.999 0.945 0.997 0.961 0.999 0.997 0.956 0.996 1.000 1.000 0.997 0.877 
 100   (0.055) 0.007 0.006 0.000 0.001 0.055 0.003 0.039 0.001 0.003 0.044 0.004 0.000 0.000 0.003 0.123 

Locus 166 : 185904_60 
2 alleles
3.4% missing data
 120   (0.951) 0.996 0.995 1.000 0.999 0.951 0.921 0.980 0.999 0.997 0.999 0.996 1.000 1.000 0.997 0.988 
 100   (0.049) 0.004 0.005 0.000 0.001 0.049 0.079 0.020 0.001 0.003 0.001 0.004 0.000 0.000 0.003 0.012 

Locus 167 : 191703_64 
2 alleles
1.7% missing data
 130   (0.926) 0.768 0.992 1.000 0.998 0.926 0.998 0.967 0.999 0.865 0.998 0.995 1.000 1.000 0.996 0.983 
 110   (0.074) 0.232 0.008 0.000 0.002 0.074 0.002 0.033 0.001 0.135 0.002 0.005 0.000 0.000 0.004 0.017 

Locus 168 : 193854_7 
2 alleles
1.7% missing data
 130   (0.938) 0.995 0.993 1.000 0.984 0.938 0.997 0.975 0.998 0.996 0.998 0.763 1.000 1.000 0.997 0.988 
 110   (0.062) 0.005 0.007 0.000 0.016 0.062 0.003 0.025 0.002 0.004 0.002 0.237 0.000 0.000 0.003 0.012 

Locus 169 : 194868_38 
2 alleles
5.6% missing data
 120   (0.944) 0.995 0.994 0.999 0.999 0.944 0.998 0.977 0.999 0.973 0.998 0.996 1.000 1.000 0.891 0.987 
 100   (0.056) 0.005 0.006 0.001 0.001 0.056 0.002 0.023 0.001 0.027 0.002 0.004 0.000 0.000 0.109 0.013 

Locus 170 : 195463_36 
2 alleles
5.1% missing data
 120   (0.952) 0.997 0.995 1.000 0.999 0.952 0.998 0.981 0.999 0.861 0.999 0.997 1.000 1.000 0.998 0.991 
 100   (0.048) 0.003 0.005 0.000 0.001 0.048 0.002 0.019 0.001 0.139 0.001 0.003 0.000 0.000 0.002 0.009 

Locus 171 : 195727_20 
2 alleles
1.7% missing data
 130   (0.955) 0.997 0.995 1.000 0.999 0.955 0.998 0.982 0.999 0.997 0.999 0.830 1.000 1.000 0.998 0.992 
 110   (0.045) 0.003 0.005 0.000 0.001 0.045 0.002 0.018 0.001 0.003 0.001 0.170 0.000 0.000 0.002 0.008 

Locus 172 : 197508_5 
2 alleles
2.2% missing data
 120   (0.957) 0.996 0.995 1.000 0.999 0.957 0.998 0.982 0.999 0.997 0.999 0.997 1.000 1.000 0.989 0.990 
 100   (0.043) 0.004 0.005 0.000 0.001 0.043 0.002 0.018 0.001 0.003 0.001 0.003 0.000 0.000 0.011 0.010 

Locus 173 : 199140_10 
2 alleles
4.5% missing data
 130   (0.959) 0.994 0.995 1.000 0.999 0.958 0.999 0.978 0.999 0.997 0.999 0.997 1.000 1.000 0.998 0.987 
 110   (0.041) 0.006 0.005 0.000 0.001 0.042 0.001 0.022 0.001 0.003 0.001 0.003 0.000 0.000 0.002 0.013 

Locus 174 : 199429_51 
2 alleles
5.1% missing data
 130   (0.955) 0.996 0.995 1.000 0.999 0.955 0.983 0.981 0.999 0.996 0.999 0.996 1.000 1.000 0.997 0.986 
 100   (0.045) 0.004 0.005 0.000 0.001 0.045 0.017 0.019 0.001 0.004 0.001 0.004 0.000 0.000 0.003 0.014 

Locus 175 : 199635_9 
2 alleles
3.4% missing data
 120   (0.931) 0.995 0.812 1.000 0.998 0.931 0.998 0.970 0.999 0.996 0.998 0.859 1.000 1.000 0.996 0.987 
 100   (0.069) 0.005 0.188 0.000 0.002 0.069 0.002 0.030 0.001 0.004 0.002 0.141 0.000 0.000 0.004 0.013 

Locus 176 : 200923_8 
2 alleles
5.1% missing data
 100   (0.958) 0.959 0.995 1.000 0.999 0.958 0.998 0.981 0.999 0.994 0.998 0.997 1.000 1.000 0.998 0.988 
 110   (0.042) 0.041 0.005 0.000 0.001 0.042 0.002 0.019 0.001 0.006 0.002 0.003 0.000 0.000 0.002 0.012 

Locus 177 : 201090_64 
2 alleles
5.1% missing data
 130   (0.952) 0.996 0.995 1.000 0.999 0.952 0.961 0.979 0.999 0.996 0.999 0.996 1.000 1.000 0.997 0.989 
 100   (0.048) 0.004 0.005 0.000 0.001 0.048 0.039 0.021 0.001 0.004 0.001 0.004 0.000 0.000 0.003 0.011 

Locus 178 : 201549_57 
2 alleles
4.5% missing data
 120   (0.956) 0.997 0.995 1.000 0.999 0.956 0.999 0.983 0.999 0.907 0.999 0.997 1.000 1.000 0.998 0.992 
 110   (0.044) 0.003 0.005 0.000 0.001 0.044 0.001 0.017 0.001 0.093 0.001 0.003 0.000 0.000 0.002 0.008 

Locus 179 : 203565_40 
2 alleles
3.9% missing data
 120   (0.957) 0.958 0.995 1.000 0.999 0.957 0.998 0.981 0.999 0.997 0.998 0.997 1.000 1.000 0.998 0.989 
 100   (0.043) 0.042 0.005 0.000 0.001 0.043 0.002 0.019 0.001 0.003 0.002 0.003 0.000 0.000 0.002 0.011 

Locus 180 : 205184_19 
2 alleles
7.3% missing data
 110   (0.915) 0.994 0.962 0.999 0.865 0.915 0.997 0.964 0.998 0.995 0.998 0.545 1.000 0.999 0.995 0.983 
 120   (0.085) 0.006 0.038 0.001 0.135 0.085 0.003 0.036 0.002 0.005 0.002 0.455 0.000 0.001 0.005 0.017 

Locus 181 : 206551_17 
2 alleles
6.2% missing data
 120   (0.899) 0.959 0.989 0.999 0.997 0.899 0.658 0.952 0.870 0.965 0.994 0.992 1.000 0.999 0.995 0.968 
 100   (0.101) 0.041 0.011 0.001 0.003 0.101 0.342 0.048 0.130 0.035 0.006 0.008 0.000 0.001 0.005 0.032 

Locus 182 : 216246_19 
2 alleles
2.8% missing data
 110   (0.943) 0.984 0.993 1.000 0.998 0.943 0.997 0.971 0.999 0.989 0.990 0.996 1.000 0.999 0.980 0.979 
 130   (0.057) 0.016 0.007 0.000 0.002 0.057 0.003 0.029 0.001 0.011 0.010 0.004 0.000 0.001 0.020 0.021 

Locus 183 : 216776_13 
2 alleles
5.6% missing data
 120   (0.901) 0.993 0.534 0.998 0.990 0.901 0.996 0.958 0.842 0.994 0.997 0.935 1.000 0.999 0.995 0.980 
 110   (0.099) 0.007 0.466 0.002 0.010 0.099 0.004 0.042 0.158 0.006 0.003 0.065 0.000 0.001 0.005 0.020 

Locus 184 : 217291_37 
2 alleles
3.9% missing data
 120   (0.955) 0.997 0.995 1.000 0.999 0.955 0.998 0.979 0.999 0.910 0.999 0.997 1.000 1.000 0.998 0.988 
 100   (0.045) 0.003 0.005 0.000 0.001 0.045 0.002 0.021 0.001 0.090 0.001 0.003 0.000 0.000 0.002 0.012 

Locus 185 : 217570_13 
2 alleles
3.9% missing data
 130   (0.945) 0.996 0.773 1.000 0.999 0.945 0.998 0.978 0.999 0.997 0.999 0.967 1.000 1.000 0.997 0.990 
 110   (0.055) 0.004 0.227 0.000 0.001 0.055 0.002 0.022 0.001 0.003 0.001 0.033 0.000 0.000 0.003 0.010 

Locus 186 : 220422_65 
2 alleles
3.4% missing data
 120   (0.945) 0.995 0.994 0.999 0.999 0.945 0.997 0.970 0.999 0.989 0.989 0.996 1.000 1.000 0.968 0.985 
 110   (0.055) 0.005 0.006 0.001 0.001 0.055 0.003 0.030 0.001 0.011 0.011 0.004 0.000 0.000 0.032 0.015 

Locus 187 : 220502_40 
2 alleles
6.7% missing data
 120   (0.957) 0.996 0.995 1.000 0.999 0.957 0.998 0.981 0.999 0.997 0.966 0.997 1.000 0.999 0.997 0.991 
 110   (0.043) 0.004 0.005 0.000 0.001 0.043 0.002 0.019 0.001 0.003 0.034 0.003 0.000 0.001 0.003 0.009 

Locus 188 : 220519_81 
2 alleles
4.5% missing data
 130   (0.930) 0.959 0.737 1.000 0.998 0.930 0.998 0.969 0.999 0.996 0.998 0.994 1.000 1.000 0.996 0.983 
 110   (0.070) 0.041 0.263 0.000 0.002 0.070 0.002 0.031 0.001 0.004 0.002 0.006 0.000 0.000 0.004 0.017 

Locus 189 : 222347_17 
2 alleles
3.9% missing data
 120   (0.939) 0.995 0.826 1.000 0.998 0.939 0.998 0.975 0.999 0.996 0.998 0.964 1.000 1.000 0.997 0.989 
 100   (0.061) 0.005 0.174 0.000 0.002 0.061 0.002 0.025 0.001 0.004 0.002 0.036 0.000 0.000 0.003 0.011 

Locus 190 : 222896_46 
2 alleles
0.6% missing data
 110   (0.955) 0.997 0.891 1.000 0.999 0.955 0.998 0.983 0.999 0.997 0.999 0.997 1.000 1.000 0.998 0.992 
 130   (0.045) 0.003 0.109 0.000 0.001 0.045 0.002 0.017 0.001 0.003 0.001 0.003 0.000 0.000 0.002 0.008 

Locus 191 : 223181_12 
2 alleles
3.4% missing data
 120   (0.924) 0.995 0.784 1.000 0.998 0.924 0.997 0.968 0.999 0.996 0.998 0.671 1.000 1.000 0.996 0.987 
 100   (0.076) 0.005 0.216 0.000 0.002 0.076 0.003 0.032 0.001 0.004 0.002 0.329 0.000 0.000 0.004 0.013 

Locus 192 : 224649_57 
2 alleles
5.1% missing data
 100   (0.958) 0.996 0.994 1.000 0.979 0.958 0.998 0.983 0.999 0.997 0.999 0.996 1.000 1.000 0.998 0.991 
 110   (0.042) 0.004 0.006 0.000 0.021 0.042 0.002 0.017 0.001 0.003 0.001 0.004 0.000 0.000 0.002 0.009 

Locus 193 : 226245_11 
2 alleles
5.1% missing data
 130   (0.957) 0.997 0.995 1.000 0.999 0.957 0.999 0.980 0.999 0.997 0.918 0.997 1.000 1.000 0.998 0.991 
 110   (0.043) 0.003 0.005 0.000 0.001 0.043 0.001 0.020 0.001 0.003 0.082 0.003 0.000 0.000 0.002 0.009 

Locus 194 : 226342_59 
2 alleles
6.2% missing data
 120   (0.925) 0.993 0.818 0.998 0.969 0.925 0.996 0.967 0.996 0.995 0.998 0.994 0.998 0.999 0.995 0.984 
 100   (0.075) 0.007 0.182 0.002 0.031 0.075 0.004 0.033 0.004 0.005 0.002 0.006 0.002 0.001 0.005 0.016 

Locus 195 : 228970_13 
2 alleles
3.9% missing data
 120   (0.960) 0.997 0.995 1.000 0.999 0.960 0.998 0.985 0.999 0.958 0.999 0.997 1.000 1.000 0.998 0.993 
 100   (0.040) 0.003 0.005 0.000 0.001 0.040 0.002 0.015 0.001 0.042 0.001 0.003 0.000 0.000 0.002 0.007 

Locus 196 : 229097_27 
2 alleles
5.1% missing data
 130   (0.953) 0.997 0.994 1.000 0.999 0.953 0.998 0.983 0.999 0.997 0.999 0.603 1.000 1.000 0.998 0.993 
 110   (0.047) 0.003 0.006 0.000 0.001 0.047 0.002 0.017 0.001 0.003 0.001 0.397 0.000 0.000 0.002 0.007 

Locus 197 : 229177_29 
2 alleles
7.3% missing data
 130   (0.955) 0.996 0.995 0.998 0.999 0.955 0.997 0.981 0.801 0.997 0.999 0.997 0.998 0.999 0.997 0.992 
 110   (0.045) 0.004 0.005 0.002 0.001 0.045 0.003 0.019 0.199 0.003 0.001 0.003 0.002 0.001 0.003 0.008 

Locus 198 : 229612_7 
2 alleles
6.2% missing data
 100   (0.958) 0.996 0.995 1.000 0.999 0.957 0.998 0.981 0.999 0.997 0.999 0.997 1.000 1.000 0.989 0.988 
 120   (0.042) 0.004 0.005 0.000 0.001 0.043 0.002 0.019 0.001 0.003 0.001 0.003 0.000 0.000 0.011 0.012 

Locus 199 : 229936_67 
2 alleles
3.9% missing data
 120   (0.951) 0.996 0.994 0.988 0.998 0.951 0.998 0.975 0.997 0.997 0.978 0.996 1.000 0.980 0.997 0.969 
 100   (0.049) 0.004 0.006 0.012 0.002 0.049 0.002 0.025 0.003 0.003 0.022 0.004 0.000 0.020 0.003 0.031 

Locus 200 : 232937_62 
2 alleles
2.2% missing data
 100   (0.960) 0.997 0.996 1.000 0.999 0.960 0.999 0.983 0.993 0.998 0.999 0.997 1.000 1.000 0.998 0.990 
 120   (0.040) 0.003 0.004 0.000 0.001 0.040 0.001 0.017 0.007 0.002 0.001 0.003 0.000 0.000 0.002 0.010 

Locus 201 : 233194_6 
2 alleles
2.8% missing data
 120   (0.915) 0.994 0.807 1.000 0.973 0.915 0.997 0.965 0.999 0.995 0.998 0.537 1.000 0.999 0.996 0.982 
 100   (0.085) 0.006 0.193 0.000 0.027 0.085 0.003 0.035 0.001 0.005 0.002 0.463 0.000 0.001 0.004 0.018 

Locus 202 : 234346_33 
2 alleles
4.5% missing data
 110   (0.953) 0.997 0.994 1.000 0.823 0.953 0.998 0.981 0.999 0.997 0.999 0.996 1.000 1.000 0.998 0.991 
 130   (0.047) 0.003 0.006 0.000 0.177 0.047 0.002 0.019 0.001 0.003 0.001 0.004 0.000 0.000 0.002 0.009 

Locus 203 : 235241_77 
2 alleles
2.2% missing data
 130   (0.956) 0.997 0.995 1.000 0.999 0.956 0.998 0.982 0.999 0.997 0.999 0.692 1.000 1.000 0.998 0.992 
 100   (0.044) 0.003 0.005 0.000 0.001 0.044 0.002 0.018 0.001 0.003 0.001 0.308 0.000 0.000 0.002 0.008 

Locus 204 : 236207_44 
2 alleles
6.2% missing data
 120   (0.897) 0.912 0.987 0.999 0.998 0.897 0.996 0.952 0.998 0.962 0.794 0.992 1.000 0.760 0.994 0.974 
 100   (0.103) 0.088 0.013 0.001 0.002 0.103 0.004 0.048 0.002 0.038 0.206 0.008 0.000 0.240 0.006 0.026 

Locus 205 : 236307_12 
2 alleles
1.7% missing data
 130   (0.942) 0.905 0.994 1.000 0.999 0.942 0.997 0.961 0.999 0.991 0.954 0.996 0.998 0.999 0.997 0.747 
 110   (0.058) 0.095 0.006 0.000 0.001 0.058 0.003 0.039 0.001 0.009 0.046 0.004 0.002 0.001 0.003 0.253 

Locus 206 : 236931_45 
2 alleles
6.7% missing data
 120   (0.888) 0.585 0.988 0.999 0.997 0.888 0.996 0.955 0.998 0.718 0.992 0.992 1.000 0.999 0.725 0.977 
 100   (0.112) 0.415 0.012 0.001 0.003 0.112 0.004 0.045 0.002 0.282 0.008 0.008 0.000 0.001 0.275 0.023 

Locus 207 : 236999_38 
2 alleles
2.8% missing data
 120   (0.959) 0.997 0.892 1.000 0.999 0.959 0.999 0.982 0.999 0.998 0.999 0.997 1.000 1.000 0.998 0.992 
 100   (0.041) 0.003 0.108 0.000 0.001 0.041 0.001 0.018 0.001 0.002 0.001 0.003 0.000 0.000 0.002 0.008 

Locus 208 : 240398_42 
2 alleles
3.9% missing data
 110   (0.867) 0.453 0.985 0.999 0.997 0.867 0.995 0.946 0.997 0.886 0.995 0.990 1.000 0.999 0.830 0.763 
 130   (0.133) 0.547 0.015 0.001 0.003 0.133 0.005 0.054 0.003 0.114 0.005 0.010 0.000 0.001 0.170 0.237 

Locus 209 : 240825_22 
2 alleles
6.2% missing data
 130   (0.957) 0.993 0.995 0.996 0.999 0.957 0.992 0.980 0.997 0.997 0.997 0.997 0.999 0.998 0.997 0.989 
 110   (0.043) 0.007 0.005 0.004 0.001 0.043 0.008 0.020 0.003 0.003 0.003 0.003 0.001 0.002 0.003 0.011 

Locus 210 : 244435_48 
2 alleles
1.7% missing data
 110   (0.958) 0.997 0.995 1.000 0.999 0.958 0.999 0.982 0.999 0.997 0.918 0.997 1.000 1.000 0.998 0.992 
 130   (0.042) 0.003 0.005 0.000 0.001 0.042 0.001 0.018 0.001 0.003 0.082 0.003 0.000 0.000 0.002 0.008 

Locus 211 : 245971_21 
2 alleles
5.1% missing data
 130   (0.942) 0.996 0.875 1.000 0.998 0.942 0.998 0.977 0.999 0.996 0.998 0.961 1.000 1.000 0.997 0.989 
 120   (0.058) 0.004 0.125 0.000 0.002 0.058 0.002 0.023 0.001 0.004 0.002 0.039 0.000 0.000 0.003 0.011 

Locus 212 : 246895_22 
2 alleles
3.4% missing data
 120   (0.957) 0.996 0.995 1.000 0.999 0.957 0.998 0.977 0.999 0.997 0.998 0.997 1.000 1.000 0.998 0.985 
 110   (0.043) 0.004 0.005 0.000 0.001 0.043 0.002 0.023 0.001 0.003 0.002 0.003 0.000 0.000 0.002 0.015 

Locus 213 : 248131_26 
2 alleles
7.9% missing data
 130   (0.939) 0.993 0.993 0.999 0.998 0.939 0.958 0.972 0.998 0.994 0.996 0.994 0.999 0.999 0.975 0.985 
 110   (0.061) 0.007 0.007 0.001 0.002 0.061 0.042 0.028 0.002 0.006 0.004 0.006 0.001 0.001 0.025 0.015 

Locus 214 : 250844_49 
2 alleles
7.3% missing data
 130   (0.957) 0.997 0.995 1.000 0.999 0.957 0.998 0.983 0.999 0.997 0.999 0.996 1.000 1.000 0.983 0.990 
 100   (0.043) 0.003 0.005 0.000 0.001 0.043 0.002 0.017 0.001 0.003 0.001 0.004 0.000 0.000 0.017 0.010 

Locus 215 : 251283_19 
2 alleles
5.6% missing data
 120   (0.952) 0.878 0.994 1.000 0.999 0.953 0.998 0.981 0.999 0.997 0.999 0.996 1.000 1.000 0.998 0.989 
 100   (0.048) 0.122 0.006 0.000 0.001 0.047 0.002 0.019 0.001 0.003 0.001 0.004 0.000 0.000 0.002 0.011 

Locus 216 : 251358_15 
2 alleles
8.4% missing data
 110   (0.935) 0.994 0.993 1.000 0.998 0.935 0.998 0.974 0.999 0.995 0.956 0.995 1.000 0.999 0.821 0.987 
 120   (0.065) 0.006 0.007 0.000 0.002 0.065 0.002 0.026 0.001 0.005 0.044 0.005 0.000 0.001 0.179 0.013 

Locus 217 : 251901_42 
2 alleles
2.2% missing data
 120   (0.959) 0.997 0.995 1.000 0.999 0.959 0.979 0.981 0.999 0.997 0.998 0.997 1.000 0.999 0.998 0.988 
 100   (0.041) 0.003 0.005 0.000 0.001 0.041 0.021 0.019 0.001 0.003 0.002 0.003 0.000 0.001 0.002 0.012 

Locus 218 : 252158_43 
2 alleles
0.0% missing data
 120   (0.954) 0.997 0.841 1.000 0.999 0.954 0.999 0.981 0.999 0.997 0.999 0.997 1.000 1.000 0.998 0.991 
 100   (0.046) 0.003 0.159 0.000 0.001 0.046 0.001 0.019 0.001 0.003 0.001 0.003 0.000 0.000 0.002 0.009 

Locus 219 : 252988_16 
2 alleles
7.9% missing data
 110   (0.954) 0.996 0.994 1.000 0.999 0.954 0.739 0.980 0.999 0.997 0.999 0.997 1.000 1.000 0.996 0.992 
 100   (0.046) 0.004 0.006 0.000 0.001 0.046 0.261 0.020 0.001 0.003 0.001 0.003 0.000 0.000 0.004 0.008 

Locus 220 : 254425_88 
2 alleles
5.6% missing data
 130   (0.926) 0.994 0.991 1.000 0.889 0.926 0.997 0.969 0.998 0.996 0.998 0.546 1.000 1.000 0.996 0.987 
 110   (0.074) 0.006 0.009 0.000 0.111 0.074 0.003 0.031 0.002 0.004 0.002 0.454 0.000 0.000 0.004 0.013 

Locus 221 : 256337_57 
2 alleles
5.6% missing data
 110   (0.960) 0.951 0.995 1.000 0.999 0.960 0.998 0.982 0.999 0.998 0.999 0.997 1.000 1.000 0.998 0.990 
 130   (0.040) 0.049 0.005 0.000 0.001 0.040 0.002 0.018 0.001 0.002 0.001 0.003 0.000 0.000 0.002 0.010 

Locus 222 : 259058_15 
2 alleles
1.7% missing data
 120   (0.957) 0.997 0.995 1.000 0.877 0.957 0.999 0.983 0.999 0.997 0.999 0.997 1.000 1.000 0.998 0.992 
 100   (0.043) 0.003 0.005 0.000 0.123 0.043 0.001 0.017 0.001 0.003 0.001 0.003 0.000 0.000 0.002 0.008 

Locus 223 : 259869_81 
2 alleles
0.6% missing data
 120   (0.959) 0.997 0.995 1.000 0.942 0.959 0.999 0.982 0.999 0.997 0.999 0.997 1.000 1.000 0.998 0.992 
 130   (0.041) 0.003 0.005 0.000 0.058 0.041 0.001 0.018 0.001 0.003 0.001 0.003 0.000 0.000 0.002 0.008 

Locus 224 : 260700_55 
2 alleles
2.2% missing data
 130   (0.958) 0.996 0.995 1.000 0.999 0.958 0.996 0.982 0.973 0.997 0.998 0.997 1.000 1.000 0.998 0.991 
 110   (0.042) 0.004 0.005 0.000 0.001 0.042 0.004 0.018 0.027 0.003 0.002 0.003 0.000 0.000 0.002 0.009 

Locus 225 : 262223_11 
2 alleles
4.5% missing data
 130   (0.960) 0.997 0.996 1.000 0.999 0.960 0.999 0.984 0.869 0.997 0.999 0.997 1.000 1.000 0.998 0.992 
 100   (0.040) 0.003 0.004 0.000 0.001 0.040 0.001 0.016 0.131 0.003 0.001 0.003 0.000 0.000 0.002 0.008 

Locus 226 : 262346_48 
2 alleles
3.4% missing data
 130   (0.955) 0.547 0.995 1.000 0.999 0.955 0.998 0.980 0.999 0.997 0.999 0.997 1.000 1.000 0.998 0.990 
 110   (0.045) 0.453 0.005 0.000 0.001 0.045 0.002 0.020 0.001 0.003 0.001 0.003 0.000 0.000 0.002 0.010 

Locus 227 : 262620_18 
2 alleles
3.9% missing data
 110   (0.944) 0.993 0.992 0.993 0.998 0.944 0.997 0.975 0.998 0.994 0.991 0.995 0.999 0.993 0.995 0.971 
 130   (0.056) 0.007 0.008 0.007 0.002 0.056 0.003 0.025 0.002 0.006 0.009 0.005 0.001 0.007 0.005 0.029 

Locus 228 : 263002_42 
2 alleles
3.4% missing data
 120   (0.953) 0.996 0.994 1.000 0.999 0.953 0.998 0.979 0.999 0.997 0.999 0.997 1.000 1.000 0.857 0.990 
 100   (0.047) 0.004 0.006 0.000 0.001 0.047 0.002 0.021 0.001 0.003 0.001 0.003 0.000 0.000 0.143 0.010 

Locus 229 : 263813_70 
2 alleles
10.1% missing data
 130   (0.955) 0.996 0.995 1.000 0.937 0.955 0.998 0.982 0.999 0.997 0.999 0.996 1.000 1.000 0.998 0.991 
 110   (0.045) 0.004 0.005 0.000 0.063 0.045 0.002 0.018 0.001 0.003 0.001 0.004 0.000 0.000 0.002 0.009 

Locus 230 : 264184_13 
2 alleles
10.1% missing data
 110   (0.916) 0.963 0.990 1.000 0.998 0.916 0.849 0.964 0.998 0.994 0.865 0.992 1.000 0.999 0.996 0.978 
 130   (0.084) 0.037 0.010 0.000 0.002 0.084 0.151 0.036 0.002 0.006 0.135 0.008 0.000 0.001 0.004 0.022 

Values of parameters used in structure:
DATAFILE=C:\Users\jmahg\OneDrive\Desktop\Transfers\TrkNbr-1524n1282n1083_AllPops_Structure_p18_r080_LDnHWEx\project_data,	OUTFILE=C:\Users\jmahg\OneDrive\Desktop\Transfers\TrkNbr-1524n1282n1083_AllPops_Structure_p18_r080_LDnHWEx\BI50000_MCMC100000\Results\BI50000_MCMC100000_run_141,	NUMINDS=178,	NUMLOCI=230,	MISSING=0,	LABEL=1,	POPDATA=1,	POPFLAG=0,	PHENOTYPE=0,	EXTRACOLS=0,	MAXPOPS=15,	BURNIN=50000,	NUMREPS=100000,	USEPOPINFO=0,	INFERALPHA=1,	INFERLAMBDA=0,	POPSPECIFICLAMBDA=0,	POPALPHAS=0,	COMPUTEPROB=1,	NOADMIX=0,	ADMBURNIN=2500,	UPDATEFREQ=1,	PRINTLIKES=0,	INTERMEDSAVE=0,	PRINTKLD=0,	PRINTNET=0,	PRINTLAMBDA=0,	ANCESTDIST=0,	NUMBOXES=1000,	ANCESTPINT=0.90000,	GENSBACK=2,	MIGRPRIOR=0.05000,	PRINTQHAT=0,	PRINTQSUM=0,	ALPHA=1.0000,	FREQSCORR=1,	FPRIORMEAN=0.0100,	FPRIORSD=0.0500,	ONEFST=0,	LAMBDA=1.0000,	UNIFPRIORALPHA=1,	ALPHAMAX=10.0000,	ALPHAPRIORA=1.0000,	ALPHAPRIORB=2.0000,	ALPHAPROPSD=0.0250,	STARTATPOPINFO=0,	RANDOMIZE=1,	LINKAGE=0,	METROFREQ=10,	REPORTHITRATE=0,	MARKOVPHASE=-1,	PHASED=0,	PLOIDY=2,	PHASEINFO=0	LOCPRIOR=0, 	LOCPRIORINIT=1.000000, 	LOCDATA=0, 	LOCISPOP=0, 	LOCPRIORSTEP=0.100000, 	MAXLOCPRIOR=20.000000, 	SEED=1603000666,	
[STRAT parameters]:    NUMSIMSTATS=1000,	PHENOTYPECOL=-9,	POOLFREQ=10,	LOCUSxONLY=0,	EMERROR=0.00100,	MISSINGPHENO=-9,	