

----------------------------------------------------
STRUCTURE by Pritchard, Stephens and Donnelly (2000)
     and Falush, Stephens and Pritchard (2003)
       Code by Pritchard, Falush and Hubisz
             Version 2.3.4 (Jul 2012)
----------------------------------------------------



Command line arguments:   bin\structure -m C:\Users\jmahg\OneDrive\Desktop\Transfers\TrkNbr-1524n1282n1083_AllPops_Structure_p18_r080_LDnHWEx\BI50000_MCMC100000\mainparams -e C:\Users\jmahg\OneDrive\Desktop\Transfers\TrkNbr-1524n1282n1083_AllPops_Structure_p18_r080_LDnHWEx\BI50000_MCMC100000\extraparams 
Input File:    C:\Users\jmahg\OneDrive\Desktop\Transfers\TrkNbr-1524n1282n1083_AllPops_Structure_p18_r080_LDnHWEx\project_data

Run parameters:
   178 individuals
   230 loci
   16 populations assumed
   50000 Burn-in period
   100000 Reps


--------------------------------------------
Proportion of membership of each pre-defined
 population in each of the 16 clusters

Given    Inferred Clusters                                                                                                  Number of
 Pop       1      2      3      4      5      6      7      8      9     10     11     12     13     14     15     16      Individuals

  1:     0.006  0.007  0.027  0.007  0.030  0.035  0.011  0.033  0.006  0.673  0.012  0.009  0.002  0.007  0.014  0.121       10
  2:     0.019  0.030  0.059  0.004  0.061  0.076  0.013  0.072  0.007  0.024  0.513  0.020  0.002  0.029  0.014  0.056        8
  3:     0.004  0.013  0.091  0.005  0.115  0.099  0.532  0.053  0.008  0.009  0.013  0.010  0.002  0.013  0.007  0.026       10
  4:     0.011  0.400  0.097  0.015  0.095  0.106  0.020  0.075  0.010  0.019  0.076  0.012  0.002  0.009  0.023  0.028       10
  5:     0.004  0.005  0.014  0.003  0.014  0.014  0.008  0.013  0.011  0.006  0.007  0.004  0.881  0.003  0.004  0.009       10
  6:     0.005  0.008  0.143  0.005  0.155  0.151  0.349  0.087  0.010  0.020  0.017  0.005  0.003  0.003  0.007  0.033       10
  7:     0.003  0.005  0.031  0.003  0.037  0.057  0.010  0.078  0.006  0.041  0.009  0.004  0.002  0.004  0.006  0.702       10
  8:     0.025  0.037  0.063  0.036  0.058  0.072  0.035  0.095  0.009  0.087  0.253  0.044  0.002  0.042  0.085  0.059       10
  9:     0.004  0.007  0.173  0.004  0.196  0.229  0.020  0.153  0.009  0.026  0.018  0.004  0.002  0.003  0.005  0.145       10
 10:     0.005  0.008  0.263  0.004  0.243  0.181  0.025  0.176  0.012  0.012  0.019  0.005  0.003  0.004  0.006  0.035       10
 11:     0.012  0.012  0.076  0.008  0.072  0.074  0.013  0.045  0.007  0.028  0.037  0.196  0.002  0.026  0.371  0.021       10
 12:     0.009  0.014  0.050  0.091  0.053  0.054  0.015  0.035  0.008  0.060  0.060  0.144  0.002  0.005  0.381  0.018       10
 13:     0.010  0.008  0.023  0.801  0.023  0.025  0.012  0.018  0.006  0.012  0.011  0.009  0.002  0.008  0.012  0.018       10
 14:     0.004  0.006  0.050  0.004  0.056  0.053  0.015  0.036  0.715  0.009  0.011  0.004  0.009  0.005  0.005  0.016       10
 15:     0.005  0.006  0.039  0.004  0.039  0.039  0.032  0.024  0.756  0.008  0.011  0.005  0.007  0.005  0.005  0.017       10
 16:     0.016  0.410  0.059  0.006  0.073  0.082  0.031  0.136  0.008  0.022  0.043  0.019  0.002  0.039  0.012  0.042       10
 17:     0.546  0.022  0.051  0.014  0.052  0.055  0.013  0.054  0.009  0.054  0.047  0.019  0.002  0.008  0.034  0.020       10
 18:     0.004  0.006  0.025  0.004  0.026  0.024  0.010  0.014  0.010  0.007  0.008  0.004  0.836  0.004  0.005  0.013       10
--------------------------------------------

Allele-freq. divergence among pops (Net nucleotide distance),
computed using point estimates of P.

      1       2       3       4       5       6       7       8       9      10      11      12      13      14      15      16      
 1      -    0.0113  0.0077  0.0099  0.0078  0.0078  0.0089  0.0075  0.0094  0.0091  0.0061  0.0061  0.0143  0.0063  0.0069  0.0091  
 2   0.0113     -    0.0045  0.0092  0.0046  0.0046  0.0053  0.0044  0.0062  0.0066  0.0077  0.0049  0.0115  0.0049  0.0056  0.0062  
 3   0.0077  0.0045     -    0.0052  0.0000  0.0000  0.0013  0.0002  0.0018  0.0025  0.0034  0.0021  0.0072  0.0025  0.0021  0.0017  
 4   0.0099  0.0092  0.0052     -    0.0052  0.0052  0.0064  0.0052  0.0068  0.0068  0.0080  0.0043  0.0120  0.0046  0.0041  0.0068  
 5   0.0078  0.0046  0.0000  0.0052     -    0.0000  0.0013  0.0002  0.0018  0.0025  0.0035  0.0022  0.0073  0.0026  0.0022  0.0017  
 6   0.0078  0.0046  0.0000  0.0052  0.0000     -    0.0013  0.0001  0.0018  0.0024  0.0034  0.0022  0.0073  0.0026  0.0022  0.0015  
 7   0.0089  0.0053  0.0013  0.0064  0.0013  0.0013     -    0.0015  0.0031  0.0038  0.0047  0.0030  0.0080  0.0031  0.0033  0.0031  
 8   0.0075  0.0044  0.0002  0.0052  0.0002  0.0001  0.0015     -    0.0020  0.0020  0.0032  0.0019  0.0073  0.0022  0.0020  0.0012  
 9   0.0094  0.0062  0.0018  0.0068  0.0018  0.0018  0.0031  0.0020     -    0.0043  0.0052  0.0032  0.0069  0.0032  0.0037  0.0035  
10   0.0091  0.0066  0.0025  0.0068  0.0025  0.0024  0.0038  0.0020  0.0043     -    0.0055  0.0030  0.0096  0.0033  0.0030  0.0017  
11   0.0061  0.0077  0.0034  0.0080  0.0035  0.0034  0.0047  0.0032  0.0052  0.0055     -    0.0041  0.0105  0.0043  0.0043  0.0048  
12   0.0061  0.0049  0.0021  0.0043  0.0022  0.0022  0.0030  0.0019  0.0032  0.0030  0.0041     -    0.0069  0.0004  0.0005  0.0033  
13   0.0143  0.0115  0.0072  0.0120  0.0073  0.0073  0.0080  0.0073  0.0069  0.0096  0.0105  0.0069     -    0.0061  0.0086  0.0089  
14   0.0063  0.0049  0.0025  0.0046  0.0026  0.0026  0.0031  0.0022  0.0032  0.0033  0.0043  0.0004  0.0061     -    0.0017  0.0035  
15   0.0069  0.0056  0.0021  0.0041  0.0022  0.0022  0.0033  0.0020  0.0037  0.0030  0.0043  0.0005  0.0086  0.0017     -    0.0037  
16   0.0091  0.0062  0.0017  0.0068  0.0017  0.0015  0.0031  0.0012  0.0035  0.0017  0.0048  0.0033  0.0089  0.0035  0.0037     -    

Average distances (expected heterozygosity) between individuals in same cluster:
cluster  1  : 0.0434 
cluster  2  : 0.0244 
cluster  3  : 0.0035 
cluster  4  : 0.0403 
cluster  5  : 0.0016 
cluster  6  : 0.0015 
cluster  7  : 0.0154 
cluster  8  : 0.0102 
cluster  9  : 0.0238 
cluster 10  : 0.0195 
cluster 11  : 0.0131 
cluster 12  : 0.0727 
cluster 13  : 0.0667 
cluster 14  : 0.0917 
cluster 15  : 0.0434 
cluster 16  : 0.0080 

--------------------------------------------
Estimated Ln Prob of Data   = -3769.7
Mean value of ln likelihood = -3238.9
Variance of ln likelihood   = 1061.7
Mean value of alpha         = 0.0354

Mean value of Fst_1         = 0.4055
Mean value of Fst_2         = 0.5623
Mean value of Fst_3         = 0.9111
Mean value of Fst_4         = 0.4164
Mean value of Fst_5         = 0.9469
Mean value of Fst_6         = 0.9479
Mean value of Fst_7         = 0.6712
Mean value of Fst_8         = 0.8127
Mean value of Fst_9         = 0.5310
Mean value of Fst_10         = 0.6193
Mean value of Fst_11         = 0.7707
Mean value of Fst_12         = 0.1896
Mean value of Fst_13         = 0.2688
Mean value of Fst_14         = 0.0381
Mean value of Fst_15         = 0.3996
Mean value of Fst_16         = 0.8541


Inferred ancestry of individuals:
        Label (%Miss) Pop:  Inferred clusters
  1 TGCP_WM1    (0)    1 :  0.006 0.007 0.032 0.004 0.030 0.042 0.013 0.030 0.011 0.761 0.011 0.007 0.003 0.006 0.006 0.030 
  2 TGCP_WM10    (1)    1 :  0.006 0.007 0.069 0.003 0.070 0.110 0.019 0.094 0.008 0.443 0.030 0.005 0.003 0.002 0.017 0.113 
  3 TGCP_WM2    (0)    1 :  0.007 0.010 0.032 0.003 0.032 0.038 0.013 0.042 0.005 0.440 0.012 0.033 0.002 0.037 0.019 0.274 
  4 TGCP_WM3    (1)    1 :  0.005 0.004 0.024 0.004 0.027 0.031 0.011 0.017 0.005 0.781 0.011 0.005 0.002 0.002 0.008 0.062 
  5 TGCP_WM4    (0)    1 :  0.005 0.007 0.014 0.003 0.028 0.023 0.011 0.020 0.008 0.809 0.007 0.017 0.002 0.003 0.027 0.016 
  6 TGCP_WM5    (0)    1 :  0.006 0.006 0.017 0.006 0.019 0.016 0.008 0.033 0.007 0.813 0.012 0.006 0.002 0.005 0.025 0.021 
  7 TGCP_WM6    (0)    1 :  0.004 0.005 0.021 0.006 0.024 0.020 0.011 0.017 0.005 0.816 0.008 0.004 0.002 0.002 0.009 0.045 
  8 TGCP_WM7    (0)    1 :  0.013 0.015 0.039 0.020 0.045 0.047 0.011 0.052 0.008 0.100 0.017 0.004 0.002 0.004 0.007 0.616 
  9 TGCP_WM8    (0)    1 :  0.004 0.005 0.017 0.015 0.015 0.012 0.009 0.013 0.004 0.838 0.009 0.007 0.002 0.003 0.020 0.026 
 10 TGCP_WM9    (0)    1 :  0.004 0.004 0.007 0.002 0.007 0.008 0.005 0.006 0.003 0.930 0.004 0.002 0.001 0.002 0.004 0.012 
 11 MRLP_WM123    (3)    2 :  0.008 0.017 0.014 0.004 0.015 0.017 0.007 0.059 0.005 0.013 0.597 0.074 0.002 0.121 0.032 0.014 
 12 MRLP_WM124    (4)    2 :  0.012 0.008 0.033 0.004 0.045 0.046 0.014 0.026 0.008 0.008 0.768 0.003 0.002 0.002 0.007 0.015 
 13 MRLP_WM125    (1)    2 :  0.066 0.005 0.020 0.005 0.016 0.030 0.010 0.027 0.006 0.023 0.587 0.058 0.002 0.081 0.035 0.029 
 14 MRLP_WM126    (2)    2 :  0.004 0.007 0.236 0.003 0.276 0.277 0.022 0.104 0.008 0.008 0.013 0.003 0.002 0.002 0.004 0.031 
 15 MRLP_WM127    (3)    2 :  0.035 0.009 0.111 0.004 0.090 0.154 0.014 0.207 0.008 0.078 0.029 0.010 0.003 0.006 0.014 0.230 
 16 MRLP_WM128    (3)    2 :  0.023 0.003 0.012 0.003 0.007 0.008 0.005 0.011 0.005 0.004 0.904 0.003 0.002 0.002 0.004 0.006 
 17 MRLP_WM129    (7)    2 :  0.005 0.182 0.015 0.004 0.020 0.023 0.027 0.073 0.007 0.031 0.537 0.008 0.002 0.014 0.009 0.042 
 18 MRLP_WM130    (5)    2 :  0.003 0.008 0.027 0.004 0.022 0.057 0.007 0.067 0.007 0.028 0.671 0.004 0.003 0.002 0.004 0.086 
 19 STT_WM183    (2)    3 :  0.006 0.005 0.030 0.005 0.023 0.047 0.636 0.015 0.010 0.011 0.008 0.062 0.002 0.097 0.018 0.024 
 20 STT_WM184    (3)    3 :  0.006 0.026 0.045 0.006 0.053 0.041 0.711 0.032 0.011 0.009 0.014 0.007 0.003 0.010 0.009 0.018 
 21 STT_WM185   (15)    3 :  0.004 0.006 0.199 0.005 0.249 0.242 0.030 0.126 0.009 0.014 0.025 0.004 0.002 0.002 0.005 0.078 
 22 STT_WM186   (13)    3 :  0.004 0.009 0.225 0.004 0.285 0.232 0.023 0.118 0.010 0.016 0.020 0.003 0.002 0.002 0.008 0.039 
 23 STT_WM187   (13)    3 :  0.004 0.004 0.028 0.006 0.025 0.028 0.835 0.017 0.005 0.009 0.010 0.004 0.002 0.002 0.007 0.012 
 24 STT_WM188    (3)    3 :  0.004 0.004 0.012 0.002 0.023 0.010 0.904 0.009 0.005 0.004 0.006 0.002 0.002 0.002 0.003 0.007 
 25 STT_WM189    (0)    3 :  0.003 0.006 0.230 0.003 0.305 0.246 0.020 0.111 0.009 0.008 0.014 0.002 0.002 0.002 0.004 0.035 
 26 STT_WM190   (11)    3 :  0.004 0.005 0.015 0.003 0.025 0.018 0.880 0.012 0.006 0.005 0.007 0.002 0.002 0.002 0.004 0.011 
 27 STT_WM191    (7)    3 :  0.005 0.012 0.118 0.006 0.150 0.115 0.435 0.077 0.009 0.012 0.014 0.004 0.002 0.003 0.006 0.032 
 28 STT_WM192   (12)    3 :  0.004 0.057 0.012 0.006 0.015 0.010 0.841 0.011 0.004 0.005 0.009 0.005 0.002 0.007 0.005 0.007 
 29 FSSP_WM241    (3)    4 :  0.013 0.110 0.122 0.026 0.160 0.182 0.022 0.120 0.014 0.053 0.078 0.014 0.002 0.010 0.037 0.038 
 30 FSSP_WM242   (15)    4 :  0.003 0.007 0.232 0.005 0.246 0.262 0.025 0.128 0.011 0.011 0.016 0.004 0.002 0.002 0.005 0.040 
 31 FSSP_WM243    (6)    4 :  0.004 0.889 0.013 0.003 0.012 0.011 0.008 0.010 0.006 0.004 0.007 0.006 0.003 0.012 0.005 0.008 
 32 FSSP_WM244    (5)    4 :  0.032 0.024 0.093 0.065 0.104 0.103 0.021 0.103 0.011 0.051 0.278 0.011 0.002 0.012 0.045 0.042 
 33 FSSP_WM245   (10)    4 :  0.005 0.255 0.175 0.004 0.158 0.173 0.034 0.101 0.010 0.013 0.017 0.004 0.002 0.004 0.006 0.039 
 34 FSSP_WM246    (6)    4 :  0.007 0.048 0.209 0.008 0.166 0.198 0.038 0.141 0.017 0.016 0.061 0.009 0.003 0.008 0.012 0.058 
 35 FSSP_WM247    (3)    4 :  0.010 0.798 0.025 0.016 0.019 0.021 0.010 0.017 0.008 0.016 0.012 0.006 0.002 0.009 0.022 0.010 
 36 FSSP_WM248    (9)    4 :  0.004 0.852 0.016 0.011 0.015 0.015 0.007 0.014 0.008 0.008 0.010 0.010 0.002 0.004 0.014 0.009 
 37 FSSP_WM249    (6)    4 :  0.007 0.740 0.029 0.004 0.033 0.055 0.016 0.025 0.008 0.007 0.014 0.008 0.003 0.005 0.029 0.018 
 38 FSSP_WM250    (2)    4 :  0.024 0.278 0.057 0.004 0.039 0.039 0.023 0.095 0.010 0.015 0.272 0.046 0.002 0.021 0.053 0.021 
 39 HNL_WM301    (3)    5 :  0.003 0.005 0.012 0.003 0.013 0.010 0.006 0.012 0.009 0.006 0.008 0.003 0.895 0.002 0.004 0.009 
 40 HNL_WM302    (2)    5 :  0.003 0.003 0.007 0.003 0.007 0.006 0.004 0.005 0.006 0.003 0.004 0.002 0.936 0.002 0.003 0.004 
 41 HNL_WM303    (2)    5 :  0.004 0.006 0.016 0.003 0.012 0.011 0.010 0.015 0.009 0.007 0.008 0.003 0.881 0.003 0.004 0.009 
 42 HNL_WM304    (3)    5 :  0.005 0.007 0.028 0.004 0.028 0.026 0.011 0.021 0.017 0.007 0.007 0.005 0.812 0.003 0.005 0.013 
 43 HNL_WM305    (3)    5 :  0.004 0.004 0.006 0.002 0.008 0.011 0.005 0.006 0.007 0.004 0.004 0.004 0.922 0.004 0.003 0.005 
 44 HNL_WM306    (0)    5 :  0.004 0.004 0.008 0.003 0.008 0.010 0.006 0.007 0.007 0.005 0.003 0.003 0.918 0.004 0.004 0.005 
 45 HNL_WM307    (3)    5 :  0.004 0.004 0.010 0.003 0.010 0.012 0.009 0.010 0.005 0.004 0.007 0.003 0.904 0.003 0.004 0.007 
 46 HNL_WM308    (3)    5 :  0.004 0.004 0.014 0.003 0.016 0.015 0.008 0.011 0.017 0.005 0.008 0.003 0.874 0.003 0.004 0.011 
 47 HNL_WM309    (0)    5 :  0.005 0.007 0.019 0.004 0.020 0.026 0.013 0.024 0.020 0.009 0.011 0.008 0.810 0.008 0.005 0.014 
 48 HNL_WM310   (10)    5 :  0.004 0.005 0.018 0.004 0.018 0.018 0.010 0.016 0.009 0.008 0.009 0.002 0.858 0.002 0.005 0.014 
 49 MPO_WM482    (2)    6 :  0.003 0.004 0.014 0.003 0.025 0.022 0.865 0.016 0.007 0.009 0.007 0.003 0.003 0.002 0.003 0.014 
 50 MPO_WM483    (3)    6 :  0.005 0.008 0.157 0.006 0.190 0.195 0.242 0.101 0.013 0.010 0.015 0.008 0.003 0.005 0.008 0.033 
 51 MPO_WM484    (1)    6 :  0.004 0.006 0.121 0.003 0.129 0.132 0.450 0.074 0.013 0.011 0.013 0.003 0.002 0.003 0.005 0.032 
 52 MPO_WM485    (0)    6 :  0.004 0.010 0.033 0.005 0.066 0.039 0.683 0.100 0.006 0.007 0.012 0.006 0.002 0.008 0.006 0.012 
 53 MPO_WM486   (21)    6 :  0.006 0.011 0.231 0.007 0.251 0.218 0.023 0.110 0.011 0.019 0.023 0.004 0.002 0.002 0.008 0.074 
 54 MPO_WM487   (19)    6 :  0.005 0.012 0.132 0.005 0.128 0.133 0.400 0.084 0.011 0.012 0.019 0.004 0.003 0.004 0.007 0.044 
 55 MPO_WM488    (9)    6 :  0.004 0.006 0.212 0.003 0.258 0.270 0.034 0.131 0.011 0.011 0.016 0.003 0.002 0.002 0.004 0.033 
 56 MPO_WM489    (3)    6 :  0.010 0.004 0.018 0.004 0.023 0.019 0.725 0.019 0.009 0.101 0.014 0.009 0.003 0.004 0.021 0.016 
 57 MPO_WM490   (24)    6 :  0.006 0.007 0.267 0.006 0.231 0.223 0.041 0.110 0.009 0.015 0.032 0.004 0.002 0.002 0.008 0.037 
 58 MPO_WM491   (11)    6 :  0.005 0.007 0.240 0.004 0.252 0.255 0.024 0.124 0.009 0.010 0.022 0.004 0.003 0.002 0.004 0.034 
 59 OICP_WM541    (1)    7 :  0.004 0.007 0.014 0.004 0.010 0.024 0.006 0.013 0.005 0.006 0.005 0.003 0.002 0.002 0.005 0.891 
 60 OICP_WM542    (2)    7 :  0.004 0.004 0.009 0.003 0.014 0.017 0.006 0.012 0.006 0.011 0.006 0.003 0.002 0.001 0.004 0.899 
 61 OICP_WM543    (0)    7 :  0.003 0.004 0.014 0.003 0.017 0.019 0.008 0.018 0.006 0.013 0.007 0.003 0.002 0.001 0.003 0.879 
 62 OICP_WM544    (1)    7 :  0.004 0.007 0.017 0.004 0.023 0.091 0.019 0.287 0.010 0.276 0.014 0.019 0.002 0.023 0.025 0.181 
 63 OICP_WM545    (0)    7 :  0.003 0.004 0.022 0.003 0.020 0.038 0.011 0.054 0.008 0.015 0.009 0.003 0.002 0.002 0.004 0.800 
 64 OICP_WM546    (3)    7 :  0.003 0.007 0.093 0.003 0.118 0.137 0.012 0.183 0.008 0.034 0.017 0.002 0.002 0.002 0.004 0.375 
 65 OICP_WM547    (2)    7 :  0.004 0.006 0.102 0.003 0.115 0.192 0.016 0.183 0.009 0.034 0.020 0.003 0.002 0.002 0.006 0.302 
 66 OICP_WM548    (3)    7 :  0.003 0.005 0.014 0.003 0.014 0.014 0.008 0.011 0.004 0.011 0.005 0.003 0.002 0.002 0.005 0.896 
 67 OICP_WM549    (0)    7 :  0.003 0.003 0.010 0.002 0.012 0.012 0.006 0.009 0.004 0.008 0.005 0.002 0.002 0.002 0.003 0.916 
 68 OICP_WM550    (1)    7 :  0.003 0.004 0.014 0.004 0.029 0.022 0.010 0.010 0.004 0.006 0.006 0.003 0.002 0.002 0.004 0.876 
 69 IRO_WM601    (2)    8 :  0.006 0.027 0.059 0.035 0.049 0.063 0.016 0.115 0.006 0.318 0.045 0.035 0.002 0.006 0.125 0.091 
 70 IRO_WM602    (1)    8 :  0.010 0.009 0.070 0.007 0.088 0.129 0.025 0.212 0.010 0.076 0.099 0.009 0.003 0.008 0.012 0.232 
 71 IRO_WM603    (2)    8 :  0.004 0.020 0.050 0.210 0.027 0.025 0.012 0.047 0.010 0.071 0.037 0.068 0.002 0.022 0.376 0.019 
 72 IRO_WM604    (0)    8 :  0.045 0.005 0.022 0.008 0.031 0.023 0.009 0.023 0.007 0.009 0.516 0.096 0.002 0.152 0.042 0.009 
 73 IRO_WM605    (3)    8 :  0.027 0.004 0.018 0.003 0.020 0.021 0.007 0.015 0.005 0.191 0.649 0.014 0.002 0.002 0.015 0.006 
 74 IRO_WM606    (3)    8 :  0.043 0.011 0.057 0.008 0.068 0.072 0.020 0.024 0.009 0.017 0.629 0.007 0.003 0.006 0.008 0.017 
 75 IRO_WM607    (2)    8 :  0.018 0.077 0.101 0.006 0.078 0.085 0.016 0.153 0.010 0.022 0.277 0.039 0.002 0.014 0.058 0.045 
 76 IRO_WM608    (0)    8 :  0.015 0.018 0.053 0.010 0.044 0.085 0.014 0.169 0.011 0.099 0.044 0.097 0.003 0.088 0.146 0.106 
 77 IRO_WM609    (0)    8 :  0.019 0.010 0.089 0.023 0.089 0.124 0.022 0.130 0.008 0.052 0.177 0.062 0.003 0.097 0.056 0.041 
 78 IRO_WM610   (13)    8 :  0.066 0.189 0.109 0.053 0.085 0.089 0.206 0.057 0.013 0.015 0.051 0.011 0.003 0.023 0.008 0.022 
 79 HGRF_WM661    (5)    9 :  0.004 0.007 0.089 0.004 0.114 0.185 0.017 0.205 0.007 0.044 0.025 0.003 0.003 0.002 0.004 0.287 
 80 HGRF_WM662    (5)    9 :  0.003 0.007 0.229 0.004 0.250 0.280 0.022 0.121 0.013 0.009 0.014 0.003 0.002 0.002 0.004 0.035 
 81 HGRF_WM663    (4)    9 :  0.004 0.006 0.101 0.004 0.128 0.174 0.016 0.189 0.008 0.029 0.023 0.003 0.002 0.002 0.005 0.306 
 82 HGRF_WM664    (3)    9 :  0.004 0.006 0.210 0.004 0.230 0.247 0.021 0.152 0.009 0.014 0.012 0.003 0.002 0.002 0.005 0.080 
 83 HGRF_WM665    (1)    9 :  0.007 0.014 0.103 0.006 0.090 0.178 0.019 0.177 0.009 0.079 0.028 0.010 0.002 0.010 0.011 0.256 
 84 HGRF_WM666    (5)    9 :  0.004 0.007 0.220 0.004 0.266 0.281 0.023 0.114 0.011 0.010 0.016 0.003 0.002 0.002 0.004 0.032 
 85 HGRF_WM667    (0)    9 :  0.003 0.006 0.221 0.003 0.286 0.259 0.021 0.114 0.007 0.009 0.012 0.002 0.002 0.002 0.004 0.048 
 86 HGRF_WM668    (4)    9 :  0.003 0.005 0.100 0.003 0.107 0.195 0.013 0.200 0.008 0.035 0.024 0.003 0.002 0.002 0.005 0.295 
 87 HGRF_WM669    (5)    9 :  0.003 0.007 0.244 0.004 0.250 0.251 0.025 0.140 0.009 0.009 0.014 0.004 0.002 0.002 0.004 0.033 
 88 HGRF_WM670    (9)    9 :  0.004 0.006 0.213 0.004 0.241 0.244 0.018 0.122 0.010 0.027 0.016 0.003 0.002 0.002 0.005 0.082 
 89 PTP_WM721    (2)   10 :  0.010 0.010 0.230 0.007 0.178 0.219 0.064 0.143 0.023 0.020 0.019 0.013 0.004 0.012 0.008 0.041 
 90 PTP_WM722    (2)   10 :  0.006 0.007 0.321 0.004 0.251 0.026 0.012 0.287 0.008 0.011 0.014 0.009 0.003 0.011 0.006 0.022 
 91 PTP_WM723   (25)   10 :  0.004 0.007 0.208 0.004 0.244 0.231 0.032 0.133 0.011 0.011 0.032 0.004 0.003 0.002 0.006 0.067 
 92 PTP_WM724   (13)   10 :  0.004 0.006 0.249 0.004 0.264 0.234 0.030 0.121 0.012 0.011 0.014 0.004 0.003 0.002 0.006 0.036 
 93 PTP_WM725   (25)   10 :  0.005 0.015 0.254 0.006 0.234 0.242 0.029 0.116 0.017 0.016 0.017 0.005 0.003 0.003 0.008 0.031 
 94 PTP_WM726   (13)   10 :  0.004 0.006 0.212 0.005 0.230 0.298 0.025 0.116 0.008 0.015 0.020 0.003 0.003 0.002 0.005 0.047 
 95 PTP_WM727   (10)   10 :  0.004 0.005 0.247 0.004 0.231 0.244 0.023 0.126 0.013 0.010 0.043 0.004 0.002 0.002 0.005 0.037 
 96 PTP_WM728    (8)   10 :  0.004 0.008 0.250 0.003 0.252 0.258 0.017 0.118 0.010 0.011 0.015 0.003 0.002 0.002 0.005 0.043 
 97 PTP_WM729    (9)   10 :  0.004 0.005 0.333 0.003 0.276 0.036 0.012 0.283 0.008 0.006 0.010 0.002 0.002 0.002 0.004 0.014 
 98 PTP_WM730    (8)   10 :  0.003 0.006 0.331 0.004 0.273 0.018 0.009 0.312 0.005 0.005 0.008 0.003 0.002 0.002 0.006 0.012 
 99 RRL_WM782    (9)   11 :  0.004 0.007 0.230 0.004 0.240 0.266 0.024 0.127 0.009 0.011 0.025 0.003 0.002 0.002 0.006 0.039 
100 RRL_WM783    (8)   11 :  0.010 0.019 0.018 0.017 0.017 0.019 0.014 0.022 0.006 0.052 0.011 0.216 0.003 0.005 0.563 0.010 
101 RRL_WM784    (1)   11 :  0.014 0.007 0.050 0.010 0.036 0.043 0.017 0.022 0.008 0.011 0.031 0.234 0.003 0.005 0.491 0.019 
102 RRL_WM785    (1)   11 :  0.003 0.006 0.249 0.003 0.264 0.259 0.022 0.116 0.010 0.011 0.013 0.002 0.002 0.002 0.004 0.034 
103 RRL_WM786    (2)   11 :  0.029 0.016 0.037 0.004 0.013 0.010 0.009 0.018 0.006 0.017 0.088 0.269 0.002 0.004 0.472 0.008 
104 RRL_WM787    (3)   11 :  0.011 0.010 0.032 0.008 0.028 0.028 0.011 0.051 0.005 0.090 0.014 0.210 0.002 0.010 0.436 0.055 
105 RRL_WM788    (0)   11 :  0.006 0.007 0.009 0.008 0.007 0.007 0.005 0.021 0.004 0.005 0.011 0.328 0.003 0.092 0.483 0.005 
106 RRL_WM789    (2)   11 :  0.012 0.004 0.019 0.010 0.010 0.011 0.005 0.007 0.003 0.025 0.008 0.299 0.002 0.003 0.575 0.006 
107 RRL_WM790    (0)   11 :  0.031 0.007 0.043 0.007 0.031 0.041 0.016 0.024 0.008 0.009 0.149 0.201 0.003 0.134 0.285 0.013 
108 RRL_WM791    (0)   11 :  0.005 0.034 0.073 0.004 0.074 0.054 0.012 0.047 0.010 0.046 0.021 0.198 0.003 0.006 0.394 0.018 
109 RRO_WM842    (0)   12 :  0.013 0.017 0.027 0.006 0.027 0.023 0.010 0.026 0.006 0.018 0.068 0.217 0.002 0.006 0.516 0.016 
110 RRO_WM843    (7)   12 :  0.014 0.007 0.028 0.310 0.022 0.027 0.009 0.024 0.006 0.015 0.040 0.092 0.003 0.014 0.381 0.009 
111 RRO_WM844    (2)   12 :  0.011 0.009 0.051 0.342 0.054 0.067 0.021 0.059 0.008 0.011 0.293 0.014 0.002 0.004 0.023 0.032 
112 RRO_WM845    (4)   12 :  0.005 0.005 0.020 0.038 0.017 0.019 0.006 0.014 0.005 0.007 0.006 0.258 0.002 0.002 0.588 0.010 
113 RRO_WM846   (10)   12 :  0.009 0.013 0.062 0.026 0.060 0.048 0.020 0.032 0.009 0.017 0.009 0.208 0.002 0.005 0.462 0.017 
114 RRO_WM847    (6)   12 :  0.012 0.006 0.033 0.093 0.034 0.028 0.009 0.036 0.009 0.057 0.133 0.104 0.002 0.006 0.423 0.014 
115 RRO_WM848    (4)   12 :  0.006 0.059 0.119 0.012 0.127 0.109 0.035 0.052 0.012 0.058 0.014 0.106 0.003 0.009 0.250 0.029 
116 RRO_WM849    (5)   12 :  0.005 0.009 0.027 0.020 0.029 0.034 0.011 0.023 0.006 0.370 0.011 0.095 0.002 0.003 0.342 0.014 
117 RRO_WM850    (2)   12 :  0.006 0.009 0.028 0.005 0.042 0.032 0.013 0.028 0.007 0.019 0.013 0.245 0.002 0.003 0.532 0.016 
118 RRO_WM851    (1)   12 :  0.005 0.008 0.108 0.061 0.121 0.152 0.020 0.052 0.010 0.024 0.017 0.096 0.002 0.004 0.295 0.026 
119 CPS_WM901    (2)   13 :  0.006 0.004 0.014 0.850 0.012 0.016 0.008 0.015 0.006 0.007 0.021 0.009 0.002 0.002 0.016 0.009 
120 CPS_WM902    (2)   13 :  0.018 0.004 0.012 0.806 0.011 0.012 0.007 0.009 0.004 0.038 0.008 0.005 0.002 0.003 0.007 0.055 
121 CPS_WM903    (5)   13 :  0.014 0.004 0.012 0.885 0.011 0.009 0.006 0.008 0.004 0.006 0.013 0.007 0.002 0.002 0.011 0.007 
122 CPS_WM904    (1)   13 :  0.022 0.008 0.017 0.828 0.009 0.016 0.008 0.015 0.006 0.006 0.006 0.016 0.002 0.020 0.012 0.009 
123 CPS_WM905    (2)   13 :  0.008 0.022 0.007 0.801 0.008 0.010 0.021 0.009 0.005 0.007 0.005 0.031 0.001 0.034 0.025 0.006 
124 CPS_WM906    (3)   13 :  0.004 0.005 0.021 0.831 0.024 0.022 0.010 0.015 0.007 0.010 0.010 0.003 0.002 0.002 0.019 0.014 
125 CPS_WM907    (6)   13 :  0.005 0.007 0.045 0.694 0.070 0.052 0.016 0.043 0.009 0.010 0.013 0.004 0.002 0.002 0.007 0.023 
126 CPS_WM908    (3)   13 :  0.008 0.010 0.047 0.712 0.033 0.044 0.021 0.032 0.009 0.016 0.016 0.008 0.003 0.004 0.009 0.027 
127 CPS_WM909    (2)   13 :  0.007 0.007 0.040 0.756 0.040 0.046 0.016 0.022 0.007 0.010 0.011 0.004 0.003 0.003 0.007 0.021 
128 CPS_WM910    (1)   13 :  0.006 0.009 0.016 0.850 0.017 0.018 0.009 0.014 0.009 0.007 0.008 0.006 0.002 0.010 0.006 0.012 
129 PPNP_WM962    (1)   14 :  0.003 0.004 0.008 0.002 0.005 0.009 0.006 0.009 0.924 0.004 0.006 0.003 0.005 0.004 0.003 0.005 
130 PPNP_WM963    (0)   14 :  0.005 0.007 0.054 0.006 0.060 0.049 0.013 0.031 0.700 0.010 0.008 0.007 0.012 0.011 0.008 0.019 
131 PPNP_WM964    (0)   14 :  0.005 0.006 0.013 0.003 0.009 0.016 0.008 0.010 0.838 0.004 0.007 0.008 0.040 0.020 0.006 0.008 
132 PPNP_WM965    (4)   14 :  0.005 0.006 0.029 0.004 0.025 0.030 0.009 0.020 0.830 0.009 0.008 0.003 0.002 0.001 0.003 0.015 
133 PPNP_WM966    (4)   14 :  0.003 0.003 0.013 0.003 0.013 0.008 0.006 0.008 0.921 0.004 0.005 0.002 0.001 0.002 0.003 0.005 
134 PPNP_WM967    (4)   14 :  0.004 0.007 0.050 0.005 0.049 0.069 0.014 0.040 0.708 0.009 0.013 0.004 0.003 0.002 0.007 0.017 
135 PPNP_WM968    (5)   14 :  0.005 0.013 0.184 0.006 0.236 0.173 0.048 0.126 0.099 0.017 0.019 0.008 0.016 0.007 0.008 0.033 
136 PPNP_WM969    (2)   14 :  0.004 0.004 0.051 0.004 0.050 0.055 0.011 0.030 0.736 0.011 0.015 0.003 0.002 0.002 0.005 0.017 
137 PPNP_WM970    (2)   14 :  0.005 0.006 0.058 0.005 0.066 0.064 0.021 0.049 0.669 0.007 0.016 0.003 0.004 0.003 0.006 0.021 
138 PPNP_WM971    (2)   14 :  0.004 0.006 0.044 0.003 0.052 0.056 0.014 0.041 0.725 0.013 0.012 0.003 0.003 0.002 0.006 0.018 
139 FPPI_WM1021    (4)   15 :  0.007 0.005 0.028 0.005 0.021 0.027 0.010 0.021 0.811 0.009 0.016 0.007 0.003 0.007 0.007 0.016 
140 FPPI_WM1022    (4)   15 :  0.004 0.009 0.048 0.006 0.073 0.054 0.216 0.043 0.468 0.011 0.014 0.006 0.019 0.006 0.005 0.017 
141 FPPI_WM1023    (1)   15 :  0.005 0.006 0.036 0.004 0.024 0.029 0.010 0.019 0.813 0.009 0.012 0.003 0.003 0.002 0.005 0.019 
142 FPPI_WM1024    (5)   15 :  0.004 0.007 0.061 0.003 0.056 0.068 0.016 0.033 0.697 0.007 0.013 0.005 0.003 0.003 0.006 0.019 
143 FPPI_WM1025    (6)   15 :  0.005 0.008 0.053 0.003 0.051 0.048 0.012 0.033 0.727 0.011 0.012 0.003 0.005 0.002 0.005 0.021 
144 FPPI_WM1026    (1)   15 :  0.004 0.003 0.011 0.002 0.011 0.012 0.005 0.009 0.914 0.005 0.007 0.002 0.003 0.002 0.003 0.007 
145 FPPI_WM1027    (3)   15 :  0.003 0.004 0.009 0.002 0.007 0.010 0.006 0.008 0.927 0.005 0.004 0.002 0.002 0.002 0.004 0.006 
146 FPPI_WM1028    (2)   15 :  0.004 0.006 0.020 0.003 0.018 0.023 0.006 0.014 0.864 0.007 0.008 0.003 0.005 0.002 0.005 0.012 
147 FPPI_WM1029    (3)   15 :  0.005 0.009 0.112 0.004 0.119 0.104 0.031 0.052 0.461 0.011 0.015 0.004 0.023 0.002 0.006 0.041 
148 FPPI_WM1030    (1)   15 :  0.005 0.004 0.013 0.005 0.012 0.011 0.005 0.011 0.874 0.005 0.005 0.013 0.004 0.018 0.006 0.008 
149 CRWA_WM1082    (2)   16 :  0.003 0.901 0.010 0.002 0.011 0.008 0.006 0.016 0.006 0.007 0.007 0.003 0.002 0.006 0.004 0.006 
150 CRWA_WM1084    (5)   16 :  0.011 0.346 0.035 0.003 0.076 0.104 0.009 0.227 0.006 0.023 0.035 0.004 0.002 0.004 0.005 0.111 
151 CRWA_WM1085    (2)   16 :  0.012 0.437 0.085 0.003 0.084 0.118 0.015 0.180 0.007 0.012 0.011 0.005 0.002 0.003 0.007 0.019 
152 CRWA_WM1086    (9)   16 :  0.005 0.102 0.103 0.005 0.137 0.128 0.113 0.272 0.011 0.014 0.024 0.015 0.003 0.009 0.032 0.028 
153 CRWA_WM1087    (0)   16 :  0.023 0.485 0.041 0.024 0.071 0.060 0.017 0.026 0.008 0.013 0.018 0.039 0.003 0.136 0.012 0.024 
154 CRWA_WM1088    (1)   16 :  0.021 0.050 0.060 0.004 0.087 0.130 0.060 0.367 0.007 0.049 0.032 0.022 0.003 0.025 0.006 0.078 
155 CRWA_WM1089    (3)   16 :  0.005 0.575 0.087 0.005 0.066 0.106 0.028 0.041 0.012 0.027 0.015 0.003 0.002 0.003 0.006 0.020 
156 CRWA_WM1090    (0)   16 :  0.061 0.145 0.091 0.005 0.108 0.080 0.019 0.130 0.011 0.016 0.250 0.012 0.003 0.010 0.028 0.029 
157 CRWA_WM1092    (1)   16 :  0.012 0.468 0.049 0.005 0.065 0.051 0.025 0.045 0.009 0.027 0.016 0.061 0.003 0.131 0.012 0.022 
158 CRWA_WM1093    (1)   16 :  0.006 0.587 0.025 0.005 0.022 0.034 0.016 0.057 0.008 0.035 0.019 0.027 0.003 0.063 0.011 0.083 
159 PCRA_WM1141    (3)   17 :  0.596 0.049 0.032 0.005 0.044 0.052 0.010 0.038 0.009 0.011 0.116 0.007 0.002 0.003 0.009 0.017 
160 PCRA_WM1142    (3)   17 :  0.676 0.010 0.064 0.005 0.050 0.057 0.014 0.034 0.012 0.012 0.028 0.004 0.003 0.002 0.005 0.024 
161 PCRA_WM1143    (1)   17 :  0.470 0.012 0.129 0.005 0.093 0.073 0.019 0.051 0.012 0.015 0.076 0.004 0.002 0.002 0.008 0.029 
162 PCRA_WM1144    (2)   17 :  0.023 0.007 0.053 0.019 0.061 0.056 0.015 0.033 0.009 0.327 0.012 0.111 0.002 0.004 0.251 0.020 
163 PCRA_WM1145    (4)   17 :  0.350 0.022 0.115 0.018 0.118 0.116 0.021 0.066 0.015 0.017 0.070 0.008 0.003 0.008 0.013 0.041 
164 PCRA_WM1146    (2)   17 :  0.765 0.060 0.009 0.006 0.008 0.011 0.014 0.013 0.006 0.062 0.010 0.011 0.002 0.009 0.011 0.004 
165 PCRA_WM1147    (1)   17 :  0.137 0.039 0.074 0.004 0.116 0.156 0.014 0.272 0.009 0.009 0.133 0.004 0.002 0.003 0.008 0.019 
166 PCRA_WM1148    (0)   17 :  0.882 0.005 0.006 0.004 0.009 0.007 0.007 0.008 0.004 0.009 0.016 0.011 0.002 0.015 0.008 0.008 
167 PCRA_WM1149    (1)   17 :  0.747 0.007 0.012 0.075 0.013 0.013 0.006 0.010 0.006 0.039 0.007 0.013 0.002 0.015 0.017 0.018 
168 PCRA_WM1150    (0)   17 :  0.817 0.006 0.013 0.004 0.008 0.012 0.006 0.020 0.005 0.035 0.008 0.014 0.004 0.017 0.012 0.019 
169 DHFA_WM1202    (3)   18 :  0.004 0.009 0.077 0.004 0.053 0.059 0.020 0.024 0.013 0.009 0.013 0.004 0.675 0.004 0.008 0.024 
170 DHFA_WM1203    (1)   18 :  0.005 0.007 0.045 0.004 0.063 0.034 0.016 0.025 0.032 0.014 0.014 0.005 0.702 0.002 0.007 0.024 
171 DHFA_WM1204    (2)   18 :  0.004 0.009 0.036 0.006 0.051 0.048 0.017 0.026 0.014 0.012 0.011 0.004 0.735 0.003 0.008 0.016 
172 DHFA_WM1205    (5)   18 :  0.003 0.004 0.011 0.003 0.014 0.009 0.007 0.006 0.005 0.006 0.006 0.003 0.909 0.003 0.004 0.008 
173 DHFA_WM1206    (4)   18 :  0.003 0.004 0.016 0.003 0.017 0.018 0.006 0.011 0.005 0.003 0.007 0.003 0.885 0.003 0.004 0.010 
174 DHFA_WM1207    (2)   18 :  0.003 0.004 0.007 0.003 0.006 0.005 0.005 0.004 0.005 0.004 0.003 0.002 0.939 0.003 0.003 0.005 
175 DHFA_WM1208    (3)   18 :  0.003 0.006 0.008 0.004 0.010 0.016 0.009 0.008 0.005 0.005 0.007 0.005 0.899 0.003 0.005 0.007 
176 DHFA_WM1209    (1)   18 :  0.004 0.004 0.005 0.002 0.006 0.007 0.005 0.006 0.005 0.003 0.006 0.006 0.923 0.008 0.004 0.005 
177 DHFA_WM1210    (0)   18 :  0.003 0.002 0.003 0.002 0.003 0.004 0.003 0.003 0.002 0.002 0.002 0.004 0.957 0.005 0.002 0.003 
178 DHFA_WM1211    (2)   18 :  0.006 0.008 0.042 0.005 0.041 0.043 0.015 0.028 0.010 0.011 0.015 0.006 0.735 0.003 0.007 0.024 


Estimated Allele Frequencies in each cluster
First column gives estimated ancestral frequencies


Locus 1 : 953_21 
2 alleles
4.5% missing data
 120   (0.960) 0.996 0.998 1.000 0.997 1.000 1.000 0.999 0.998 0.895 0.999 0.999 0.977 0.997 0.963 0.992 1.000 
 100   (0.040) 0.004 0.002 0.000 0.003 0.000 0.000 0.001 0.002 0.105 0.001 0.001 0.023 0.003 0.037 0.008 0.000 

Locus 2 : 2370_26 
2 alleles
6.2% missing data
 110   (0.957) 0.995 0.998 1.000 0.997 1.000 1.000 0.999 0.998 0.783 0.999 0.999 0.975 0.997 0.960 0.992 1.000 
 130   (0.043) 0.005 0.002 0.000 0.003 0.000 0.000 0.001 0.002 0.217 0.001 0.001 0.025 0.003 0.040 0.008 0.000 

Locus 3 : 2692_87 
2 alleles
1.7% missing data
 130   (0.952) 0.995 0.998 1.000 0.997 1.000 1.000 0.999 0.999 0.999 0.999 0.999 0.973 0.764 0.956 0.992 1.000 
 120   (0.048) 0.005 0.002 0.000 0.003 0.000 0.000 0.001 0.001 0.001 0.001 0.001 0.027 0.236 0.044 0.008 0.000 

Locus 4 : 2828_58 
2 alleles
6.7% missing data
 100   (0.934) 0.834 0.996 0.997 0.994 0.999 0.996 0.998 0.979 0.998 0.991 0.997 0.947 0.995 0.928 0.974 0.996 
 120   (0.066) 0.166 0.004 0.003 0.006 0.001 0.004 0.002 0.021 0.002 0.009 0.003 0.053 0.005 0.072 0.026 0.004 

Locus 5 : 6398_73 
2 alleles
6.2% missing data
 130   (0.921) 0.991 0.996 0.999 0.994 1.000 1.000 0.998 0.997 0.788 0.998 0.999 0.954 0.641 0.928 0.987 0.999 
 100   (0.079) 0.009 0.004 0.001 0.006 0.000 0.000 0.002 0.003 0.212 0.002 0.001 0.046 0.359 0.072 0.013 0.001 

Locus 6 : 7469_71 
2 alleles
5.1% missing data
 130   (0.960) 0.994 0.997 0.990 0.996 0.996 1.000 0.998 0.989 0.998 0.998 0.998 0.975 0.997 0.962 0.991 0.999 
 110   (0.040) 0.006 0.003 0.010 0.004 0.004 0.000 0.002 0.011 0.002 0.002 0.002 0.025 0.003 0.038 0.009 0.001 

Locus 7 : 7615_47 
2 alleles
5.1% missing data
 130   (0.961) 0.992 0.997 0.995 0.996 0.998 0.998 0.996 0.995 0.997 0.998 0.998 0.973 0.996 0.962 0.992 0.999 
 100   (0.039) 0.008 0.003 0.005 0.004 0.002 0.002 0.004 0.005 0.003 0.002 0.002 0.027 0.004 0.038 0.008 0.001 

Locus 8 : 8211_10 
2 alleles
2.8% missing data
 120   (0.956) 0.995 0.998 1.000 0.997 1.000 1.000 0.999 0.998 0.999 0.999 0.999 0.975 0.935 0.960 0.992 1.000 
 100   (0.044) 0.005 0.002 0.000 0.003 0.000 0.000 0.001 0.002 0.001 0.001 0.001 0.025 0.065 0.040 0.008 0.000 

Locus 9 : 8394_14 
2 alleles
2.2% missing data
 110   (0.958) 0.995 0.998 1.000 0.997 1.000 1.000 0.998 0.998 0.859 0.999 0.999 0.975 0.997 0.961 0.992 1.000 
 130   (0.042) 0.005 0.002 0.000 0.003 0.000 0.000 0.002 0.002 0.141 0.001 0.001 0.025 0.003 0.039 0.008 0.000 

Locus 10 : 9621_63 
2 alleles
3.9% missing data
 130   (0.958) 0.995 0.998 1.000 0.997 1.000 1.000 0.999 0.998 0.999 0.999 0.999 0.975 0.939 0.962 0.992 1.000 
 110   (0.042) 0.005 0.002 0.000 0.003 0.000 0.000 0.001 0.002 0.001 0.001 0.001 0.025 0.061 0.038 0.008 0.000 

Locus 11 : 9880_35 
2 alleles
4.5% missing data
 120   (0.953) 0.995 0.998 1.000 0.996 1.000 1.000 0.999 0.998 0.999 0.999 0.999 0.973 0.705 0.957 0.992 1.000 
 100   (0.047) 0.005 0.002 0.000 0.004 0.000 0.000 0.001 0.002 0.001 0.001 0.001 0.027 0.295 0.043 0.008 0.000 

Locus 12 : 11163_16 
2 alleles
7.9% missing data
 130   (0.956) 0.995 0.998 1.000 0.997 1.000 1.000 0.999 0.998 0.999 0.999 0.999 0.974 0.913 0.960 0.992 1.000 
 110   (0.044) 0.005 0.002 0.000 0.003 0.000 0.000 0.001 0.002 0.001 0.001 0.001 0.026 0.087 0.040 0.008 0.000 

Locus 13 : 11991_31 
2 alleles
4.5% missing data
 120   (0.933) 0.988 0.993 0.998 0.995 0.999 0.999 0.998 0.974 0.998 0.995 0.990 0.926 0.995 0.921 0.953 0.999 
 100   (0.067) 0.012 0.007 0.002 0.005 0.001 0.001 0.002 0.026 0.002 0.005 0.010 0.074 0.005 0.079 0.047 0.001 

Locus 14 : 12766_17 
2 alleles
2.2% missing data
 120   (0.960) 0.935 0.998 1.000 0.995 1.000 1.000 0.999 0.999 0.999 0.998 0.999 0.976 0.997 0.963 0.993 1.000 
 100   (0.040) 0.065 0.002 0.000 0.005 0.000 0.000 0.001 0.001 0.001 0.002 0.001 0.024 0.003 0.037 0.007 0.000 

Locus 15 : 13496_14 
2 alleles
5.1% missing data
 110   (0.955) 0.995 0.998 1.000 0.682 1.000 1.000 0.999 0.998 0.999 0.999 0.999 0.974 0.997 0.960 0.992 1.000 
 100   (0.045) 0.005 0.002 0.000 0.318 0.000 0.000 0.001 0.002 0.001 0.001 0.001 0.026 0.003 0.040 0.008 0.000 

Locus 16 : 14394_41 
2 alleles
2.2% missing data
 130   (0.961) 0.935 0.998 1.000 0.997 1.000 1.000 0.999 0.999 0.999 0.999 0.999 0.977 0.997 0.964 0.993 1.000 
 110   (0.039) 0.065 0.002 0.000 0.003 0.000 0.000 0.001 0.001 0.001 0.001 0.001 0.023 0.003 0.036 0.007 0.000 

Locus 17 : 16285_24 
2 alleles
6.2% missing data
 130   (0.955) 0.995 0.998 1.000 0.997 1.000 1.000 0.999 0.999 0.999 0.999 0.999 0.972 0.874 0.959 0.993 1.000 
 100   (0.045) 0.005 0.002 0.000 0.003 0.000 0.000 0.001 0.001 0.001 0.001 0.001 0.028 0.126 0.041 0.007 0.000 

Locus 18 : 18821_69 
2 alleles
7.3% missing data
 120   (0.958) 0.995 0.998 0.999 0.997 1.000 1.000 0.698 0.998 0.999 0.999 0.999 0.975 0.997 0.961 0.992 1.000 
 110   (0.042) 0.005 0.002 0.001 0.003 0.000 0.000 0.302 0.002 0.001 0.001 0.001 0.025 0.003 0.039 0.008 0.000 

Locus 19 : 19006_32 
2 alleles
6.7% missing data
 120   (0.925) 0.992 0.997 0.999 0.994 1.000 1.000 0.998 0.997 0.790 0.998 0.999 0.956 0.659 0.932 0.987 0.999 
 110   (0.075) 0.008 0.003 0.001 0.006 0.000 0.000 0.002 0.003 0.210 0.002 0.001 0.044 0.341 0.068 0.013 0.001 

Locus 20 : 19602_58 
2 alleles
4.5% missing data
 120   (0.960) 0.995 0.998 1.000 0.997 1.000 1.000 0.999 0.999 0.999 0.999 0.999 0.976 0.973 0.963 0.993 1.000 
 100   (0.040) 0.005 0.002 0.000 0.003 0.000 0.000 0.001 0.001 0.001 0.001 0.001 0.024 0.027 0.037 0.007 0.000 

Locus 21 : 20143_24 
2 alleles
3.4% missing data
 120   (0.958) 0.995 0.998 1.000 0.964 1.000 1.000 0.999 0.998 0.999 0.999 0.999 0.974 0.997 0.959 0.989 1.000 
 100   (0.042) 0.005 0.002 0.000 0.036 0.000 0.000 0.001 0.002 0.001 0.001 0.001 0.026 0.003 0.041 0.011 0.000 

Locus 22 : 21661_29 
2 alleles
2.2% missing data
 120   (0.955) 0.995 0.998 1.000 0.997 1.000 1.000 0.999 0.999 0.999 0.999 0.999 0.974 0.892 0.960 0.992 1.000 
 100   (0.045) 0.005 0.002 0.000 0.003 0.000 0.000 0.001 0.001 0.001 0.001 0.001 0.026 0.108 0.040 0.008 0.000 

Locus 23 : 22603_12 
2 alleles
5.1% missing data
 130   (0.960) 0.996 0.998 1.000 0.997 1.000 1.000 0.999 0.999 0.999 0.999 0.999 0.976 0.944 0.964 0.993 1.000 
 110   (0.040) 0.004 0.002 0.000 0.003 0.000 0.000 0.001 0.001 0.001 0.001 0.001 0.024 0.056 0.036 0.007 0.000 

Locus 24 : 25109_23 
2 alleles
1.7% missing data
 120   (0.936) 0.946 0.812 0.998 0.994 0.999 0.999 0.998 0.995 0.998 0.996 0.994 0.960 0.995 0.940 0.985 0.999 
 100   (0.064) 0.054 0.188 0.002 0.006 0.001 0.001 0.002 0.005 0.002 0.004 0.006 0.040 0.005 0.060 0.015 0.001 

Locus 25 : 25511_77 
2 alleles
5.1% missing data
 130   (0.958) 0.995 0.998 1.000 0.997 1.000 0.999 0.999 0.998 0.937 0.999 0.999 0.975 0.997 0.960 0.992 1.000 
 110   (0.042) 0.005 0.002 0.000 0.003 0.000 0.001 0.001 0.002 0.063 0.001 0.001 0.025 0.003 0.040 0.008 0.000 

Locus 26 : 26816_9 
2 alleles
5.6% missing data
 110   (0.877) 0.984 0.657 0.977 0.981 0.998 0.999 0.994 0.938 0.996 0.980 0.968 0.808 0.991 0.859 0.786 0.998 
 130   (0.123) 0.016 0.343 0.023 0.019 0.002 0.001 0.006 0.062 0.004 0.020 0.032 0.192 0.009 0.141 0.214 0.002 

Locus 27 : 29455_86 
2 alleles
5.6% missing data
 120   (0.960) 0.989 0.998 1.000 0.996 1.000 1.000 0.999 0.997 0.999 0.998 0.993 0.970 0.997 0.959 0.988 1.000 
 110   (0.040) 0.011 0.002 0.000 0.004 0.000 0.000 0.001 0.003 0.001 0.002 0.007 0.030 0.003 0.041 0.012 0.000 

Locus 28 : 30970_30 
2 alleles
6.7% missing data
 120   (0.961) 0.994 0.998 1.000 0.957 1.000 1.000 0.999 0.998 0.999 0.999 0.999 0.976 0.997 0.964 0.993 1.000 
 110   (0.039) 0.006 0.002 0.000 0.043 0.000 0.000 0.001 0.002 0.001 0.001 0.001 0.024 0.003 0.036 0.007 0.000 

Locus 29 : 33052_5 
2 alleles
1.1% missing data
 130   (0.962) 0.995 0.995 0.999 0.997 1.000 1.000 0.964 0.998 0.999 0.999 0.999 0.978 0.997 0.963 0.992 1.000 
 110   (0.038) 0.005 0.005 0.001 0.003 0.000 0.000 0.036 0.002 0.001 0.001 0.001 0.022 0.003 0.037 0.008 0.000 

Locus 30 : 33744_32 
2 alleles
2.8% missing data
 130   (0.955) 0.995 0.998 1.000 0.997 1.000 1.000 0.873 0.999 0.999 0.999 0.999 0.972 0.997 0.958 0.993 1.000 
 110   (0.045) 0.005 0.002 0.000 0.003 0.000 0.000 0.127 0.001 0.001 0.001 0.001 0.028 0.003 0.042 0.007 0.000 

Locus 31 : 34805_8 
2 alleles
4.5% missing data
 110   (0.945) 0.763 0.997 0.999 0.996 1.000 1.000 0.998 0.998 0.998 0.998 0.994 0.963 0.996 0.947 0.988 1.000 
 120   (0.055) 0.237 0.003 0.001 0.004 0.000 0.000 0.002 0.002 0.002 0.002 0.006 0.037 0.004 0.053 0.012 0.000 

Locus 32 : 35345_10 
2 alleles
5.1% missing data
 130   (0.953) 0.993 0.997 0.995 0.996 0.994 0.997 0.943 0.991 0.998 0.998 0.999 0.970 0.996 0.954 0.990 0.999 
 110   (0.047) 0.007 0.003 0.005 0.004 0.006 0.003 0.057 0.009 0.002 0.002 0.001 0.030 0.004 0.046 0.010 0.001 

Locus 33 : 35769_30 
2 alleles
6.2% missing data
 110   (0.944) 0.930 0.995 0.999 0.959 1.000 1.000 0.998 0.998 0.998 0.997 0.999 0.965 0.996 0.948 0.989 1.000 
 100   (0.056) 0.070 0.005 0.001 0.041 0.000 0.000 0.002 0.002 0.002 0.003 0.001 0.035 0.004 0.052 0.011 0.000 

Locus 34 : 35965_89 
2 alleles
3.4% missing data
 130   (0.959) 0.995 0.974 1.000 0.997 1.000 1.000 0.999 0.997 0.999 0.998 0.999 0.974 0.997 0.956 0.991 0.999 
 100   (0.041) 0.005 0.026 0.000 0.003 0.000 0.000 0.001 0.003 0.001 0.002 0.001 0.026 0.003 0.044 0.009 0.001 

Locus 35 : 39654_13 
2 alleles
5.6% missing data
 120   (0.959) 0.996 0.998 0.999 0.997 1.000 1.000 0.999 0.995 0.999 0.999 0.999 0.964 0.997 0.958 0.979 1.000 
 100   (0.041) 0.004 0.002 0.001 0.003 0.000 0.000 0.001 0.005 0.001 0.001 0.001 0.036 0.003 0.042 0.021 0.000 

Locus 36 : 39700_65 
2 alleles
3.4% missing data
 110   (0.961) 0.994 0.998 0.999 0.996 1.000 1.000 0.999 0.997 0.999 0.998 0.997 0.970 0.997 0.958 0.990 1.000 
 120   (0.039) 0.006 0.002 0.001 0.004 0.000 0.000 0.001 0.003 0.001 0.002 0.003 0.030 0.003 0.042 0.010 0.000 

Locus 37 : 40824_7 
2 alleles
5.1% missing data
 130   (0.958) 0.995 0.998 0.999 0.996 1.000 1.000 0.999 0.998 0.999 0.998 0.999 0.948 0.997 0.962 0.939 1.000 
 110   (0.042) 0.005 0.002 0.001 0.004 0.000 0.000 0.001 0.002 0.001 0.002 0.001 0.052 0.003 0.038 0.061 0.000 

Locus 38 : 41554_43 
2 alleles
7.3% missing data
 120   (0.960) 0.995 0.997 0.999 0.956 1.000 1.000 0.999 0.999 0.999 0.998 0.999 0.976 0.997 0.964 0.992 1.000 
 100   (0.040) 0.005 0.003 0.001 0.044 0.000 0.000 0.001 0.001 0.001 0.002 0.001 0.024 0.003 0.036 0.008 0.000 

Locus 39 : 42501_5 
2 alleles
5.6% missing data
 120   (0.958) 0.995 0.998 1.000 0.996 1.000 1.000 0.999 0.999 0.999 0.999 0.999 0.976 0.918 0.962 0.993 1.000 
 110   (0.042) 0.005 0.002 0.000 0.004 0.000 0.000 0.001 0.001 0.001 0.001 0.001 0.024 0.082 0.038 0.007 0.000 

Locus 40 : 42989_15 
2 alleles
3.4% missing data
 130   (0.958) 0.995 0.998 0.999 0.997 1.000 1.000 0.999 0.998 0.999 0.998 0.999 0.945 0.997 0.962 0.938 1.000 
 110   (0.042) 0.005 0.002 0.001 0.003 0.000 0.000 0.001 0.002 0.001 0.002 0.001 0.055 0.003 0.038 0.062 0.000 

Locus 41 : 44631_16 
2 alleles
5.6% missing data
 120   (0.957) 0.995 0.998 1.000 0.845 1.000 1.000 0.999 0.999 0.999 0.999 0.999 0.974 0.997 0.961 0.992 1.000 
 110   (0.043) 0.005 0.002 0.000 0.155 0.000 0.000 0.001 0.001 0.001 0.001 0.001 0.026 0.003 0.039 0.008 0.000 

Locus 42 : 45332_74 
2 alleles
3.4% missing data
 130   (0.892) 0.847 0.995 0.991 0.992 0.999 0.999 0.987 0.989 0.996 0.584 0.963 0.863 0.992 0.899 0.816 0.998 
 110   (0.108) 0.153 0.005 0.009 0.008 0.001 0.001 0.013 0.011 0.004 0.416 0.037 0.137 0.008 0.101 0.184 0.002 

Locus 43 : 45964_12 
2 alleles
2.2% missing data
 100   (0.959) 0.995 0.998 1.000 0.997 1.000 1.000 0.999 0.999 0.978 0.999 0.999 0.976 0.995 0.961 0.992 1.000 
 130   (0.041) 0.005 0.002 0.000 0.003 0.000 0.000 0.001 0.001 0.022 0.001 0.001 0.024 0.005 0.039 0.008 0.000 

Locus 44 : 47772_18 
2 alleles
1.7% missing data
 120   (0.955) 0.995 0.998 1.000 0.997 1.000 1.000 0.999 0.999 0.999 0.999 0.999 0.973 0.813 0.959 0.992 1.000 
 100   (0.045) 0.005 0.002 0.000 0.003 0.000 0.000 0.001 0.001 0.001 0.001 0.001 0.027 0.187 0.041 0.008 0.000 

Locus 45 : 48505_7 
2 alleles
2.8% missing data
 130   (0.960) 0.995 0.998 0.999 0.997 1.000 1.000 0.999 0.998 0.999 0.983 0.999 0.972 0.997 0.960 0.990 0.998 
 110   (0.040) 0.005 0.002 0.001 0.003 0.000 0.000 0.001 0.002 0.001 0.017 0.001 0.028 0.003 0.040 0.010 0.002 

Locus 46 : 49838_13 
2 alleles
5.1% missing data
 120   (0.958) 0.995 0.998 1.000 0.997 1.000 1.000 0.999 0.999 0.999 0.857 0.999 0.976 0.997 0.962 0.993 1.000 
 100   (0.042) 0.005 0.002 0.000 0.003 0.000 0.000 0.001 0.001 0.001 0.143 0.001 0.024 0.003 0.038 0.007 0.000 

Locus 47 : 50793_47 
2 alleles
6.2% missing data
 120   (0.950) 0.994 0.998 0.999 0.987 1.000 1.000 0.998 0.998 0.998 0.996 0.998 0.926 0.996 0.954 0.878 1.000 
 100   (0.050) 0.006 0.002 0.001 0.013 0.000 0.000 0.002 0.002 0.002 0.004 0.002 0.074 0.004 0.046 0.122 0.000 

Locus 48 : 51471_5 
2 alleles
2.2% missing data
 110   (0.959) 0.995 0.998 1.000 0.997 1.000 1.000 0.999 0.999 0.938 0.999 0.999 0.976 0.997 0.963 0.993 1.000 
 120   (0.041) 0.005 0.002 0.000 0.003 0.000 0.000 0.001 0.001 0.062 0.001 0.001 0.024 0.003 0.037 0.007 0.000 

Locus 49 : 52408_45 
2 alleles
2.2% missing data
 130   (0.958) 0.995 0.998 1.000 0.810 1.000 1.000 0.999 0.999 0.999 0.999 0.999 0.976 0.997 0.962 0.993 1.000 
 110   (0.042) 0.005 0.002 0.000 0.190 0.000 0.000 0.001 0.001 0.001 0.001 0.001 0.024 0.003 0.038 0.007 0.000 

Locus 50 : 53046_18 
2 alleles
0.6% missing data
 120   (0.940) 0.992 0.997 0.998 0.996 1.000 1.000 0.990 0.998 0.998 0.998 0.999 0.929 0.995 0.941 0.938 1.000 
 100   (0.060) 0.008 0.003 0.002 0.004 0.000 0.000 0.010 0.002 0.002 0.002 0.001 0.071 0.005 0.059 0.062 0.000 

Locus 51 : 53230_50 
2 alleles
4.5% missing data
 120   (0.958) 0.995 0.998 1.000 0.997 1.000 1.000 0.999 0.999 0.893 0.999 0.999 0.976 0.997 0.962 0.993 1.000 
 110   (0.042) 0.005 0.002 0.000 0.003 0.000 0.000 0.001 0.001 0.107 0.001 0.001 0.024 0.003 0.038 0.007 0.000 

Locus 52 : 53957_5 
2 alleles
3.9% missing data
 130   (0.958) 0.994 0.998 0.999 0.997 1.000 1.000 0.999 0.998 0.999 0.999 0.999 0.967 0.997 0.958 0.986 1.000 
 110   (0.042) 0.006 0.002 0.001 0.003 0.000 0.000 0.001 0.002 0.001 0.001 0.001 0.033 0.003 0.042 0.014 0.000 

Locus 53 : 58003_89 
2 alleles
3.9% missing data
 120   (0.952) 0.990 0.976 0.993 0.995 0.998 0.997 0.996 0.988 0.998 0.997 0.984 0.964 0.996 0.952 0.986 0.998 
 100   (0.048) 0.010 0.024 0.007 0.005 0.002 0.003 0.004 0.012 0.002 0.003 0.016 0.036 0.004 0.048 0.014 0.002 

Locus 54 : 58412_58 
2 alleles
2.2% missing data
 110   (0.960) 0.995 0.998 1.000 0.997 1.000 1.000 0.999 0.999 0.999 0.999 0.999 0.977 0.973 0.964 0.994 1.000 
 100   (0.040) 0.005 0.002 0.000 0.003 0.000 0.000 0.001 0.001 0.001 0.001 0.001 0.023 0.027 0.036 0.006 0.000 

Locus 55 : 58452_11 
2 alleles
3.4% missing data
 120   (0.960) 0.995 0.985 1.000 0.997 1.000 1.000 0.999 0.999 0.999 0.998 0.999 0.974 0.997 0.956 0.990 1.000 
 130   (0.040) 0.005 0.015 0.000 0.003 0.000 0.000 0.001 0.001 0.001 0.002 0.001 0.026 0.003 0.044 0.010 0.000 

Locus 56 : 59409_85 
2 alleles
2.8% missing data
 130   (0.958) 0.994 0.998 1.000 0.997 1.000 1.000 0.999 0.998 0.999 0.999 0.996 0.969 0.997 0.953 0.988 1.000 
 100   (0.042) 0.006 0.002 0.000 0.003 0.000 0.000 0.001 0.002 0.001 0.001 0.004 0.031 0.003 0.047 0.012 0.000 

Locus 57 : 60620_10 
2 alleles
1.1% missing data
 120   (0.957) 0.995 0.998 1.000 0.997 1.000 1.000 0.999 0.999 0.999 0.999 0.999 0.974 0.892 0.961 0.993 1.000 
 130   (0.043) 0.005 0.002 0.000 0.003 0.000 0.000 0.001 0.001 0.001 0.001 0.001 0.026 0.108 0.039 0.007 0.000 

Locus 58 : 61541_77 
2 alleles
3.4% missing data
 120   (0.954) 0.995 0.998 1.000 0.997 1.000 1.000 0.999 0.999 0.999 0.999 0.999 0.973 0.839 0.958 0.992 1.000 
 100   (0.046) 0.005 0.002 0.000 0.003 0.000 0.000 0.001 0.001 0.001 0.001 0.001 0.027 0.161 0.042 0.008 0.000 

Locus 59 : 61756_42 
2 alleles
1.1% missing data
 130   (0.955) 0.995 0.998 1.000 0.997 1.000 1.000 0.999 0.999 0.999 0.999 0.999 0.974 0.821 0.960 0.993 1.000 
 110   (0.045) 0.005 0.002 0.000 0.003 0.000 0.000 0.001 0.001 0.001 0.001 0.001 0.026 0.179 0.040 0.007 0.000 

Locus 60 : 62497_19 
2 alleles
6.2% missing data
 130   (0.912) 0.940 0.957 0.992 0.874 0.995 0.994 0.996 0.990 0.996 0.990 0.984 0.945 0.993 0.916 0.977 0.986 
 110   (0.088) 0.060 0.043 0.008 0.126 0.005 0.006 0.004 0.010 0.004 0.010 0.016 0.055 0.007 0.084 0.023 0.014 

Locus 61 : 63024_50 
2 alleles
2.8% missing data
 120   (0.949) 0.993 0.953 0.999 0.996 1.000 1.000 0.999 0.998 0.999 0.998 0.999 0.965 0.996 0.936 0.990 1.000 
 100   (0.051) 0.007 0.047 0.001 0.004 0.000 0.000 0.001 0.002 0.001 0.002 0.001 0.035 0.004 0.064 0.010 0.000 

Locus 62 : 64492_50 
2 alleles
7.3% missing data
 120   (0.920) 0.988 0.948 0.999 0.885 1.000 1.000 0.998 0.997 0.998 0.997 0.998 0.925 0.994 0.926 0.933 0.999 
 100   (0.080) 0.012 0.052 0.001 0.115 0.000 0.000 0.002 0.003 0.002 0.003 0.002 0.075 0.006 0.074 0.067 0.001 

Locus 63 : 67984_34 
2 alleles
2.2% missing data
 120   (0.955) 0.995 0.998 1.000 0.997 1.000 1.000 0.999 0.999 0.999 0.999 0.999 0.973 0.865 0.959 0.992 1.000 
 100   (0.045) 0.005 0.002 0.000 0.003 0.000 0.000 0.001 0.001 0.001 0.001 0.001 0.027 0.135 0.041 0.008 0.000 

Locus 64 : 69199_10 
2 alleles
4.5% missing data
 120   (0.944) 0.993 0.290 0.999 0.996 0.999 1.000 0.998 0.996 0.998 0.998 0.999 0.962 0.996 0.932 0.991 0.999 
 100   (0.056) 0.007 0.710 0.001 0.004 0.001 0.000 0.002 0.004 0.002 0.002 0.001 0.038 0.004 0.068 0.009 0.001 

Locus 65 : 71368_77 
2 alleles
6.7% missing data
 100   (0.955) 0.995 0.998 1.000 0.996 1.000 1.000 0.999 0.999 0.764 0.999 0.999 0.974 0.996 0.959 0.992 1.000 
 110   (0.045) 0.005 0.002 0.000 0.004 0.000 0.000 0.001 0.001 0.236 0.001 0.001 0.026 0.004 0.041 0.008 0.000 

Locus 66 : 72276_35 
2 alleles
5.1% missing data
 130   (0.958) 0.995 0.998 0.994 0.997 1.000 1.000 0.999 0.998 0.999 0.998 0.999 0.920 0.997 0.961 0.923 1.000 
 120   (0.042) 0.005 0.002 0.006 0.003 0.000 0.000 0.001 0.002 0.001 0.002 0.001 0.080 0.003 0.039 0.077 0.000 

Locus 67 : 73554_16 
2 alleles
3.9% missing data
 100   (0.958) 0.860 0.998 1.000 0.997 1.000 1.000 0.999 0.999 0.999 0.999 0.999 0.975 0.997 0.961 0.992 1.000 
 130   (0.042) 0.140 0.002 0.000 0.003 0.000 0.000 0.001 0.001 0.001 0.001 0.001 0.025 0.003 0.039 0.008 0.000 

Locus 68 : 74575_32 
2 alleles
1.7% missing data
 120   (0.960) 0.995 0.998 0.999 0.997 1.000 1.000 0.999 0.996 0.999 0.999 0.999 0.964 0.997 0.960 0.982 1.000 
 100   (0.040) 0.005 0.002 0.001 0.003 0.000 0.000 0.001 0.004 0.001 0.001 0.001 0.036 0.003 0.040 0.018 0.000 

Locus 69 : 76504_10 
2 alleles
1.1% missing data
 110   (0.954) 0.995 0.998 1.000 0.997 1.000 1.000 0.779 0.999 0.999 0.999 0.999 0.973 0.997 0.958 0.992 1.000 
 100   (0.046) 0.005 0.002 0.000 0.003 0.000 0.000 0.221 0.001 0.001 0.001 0.001 0.027 0.003 0.042 0.008 0.000 

Locus 70 : 76561_35 
2 alleles
5.6% missing data
 120   (0.958) 0.995 0.998 1.000 0.546 1.000 1.000 0.999 0.999 0.999 0.999 0.999 0.975 0.997 0.962 0.993 1.000 
 100   (0.042) 0.005 0.002 0.000 0.454 0.000 0.000 0.001 0.001 0.001 0.001 0.001 0.025 0.003 0.038 0.007 0.000 

Locus 71 : 77346_16 
2 alleles
2.2% missing data
 130   (0.961) 0.996 0.998 1.000 0.997 1.000 1.000 0.913 0.998 0.999 0.999 0.999 0.976 0.997 0.965 0.994 1.000 
 110   (0.039) 0.004 0.002 0.000 0.003 0.000 0.000 0.087 0.002 0.001 0.001 0.001 0.024 0.003 0.035 0.006 0.000 

Locus 72 : 78631_40 
2 alleles
7.9% missing data
 120   (0.951) 0.994 0.997 0.999 0.995 1.000 1.000 0.999 0.998 0.999 0.998 0.999 0.892 0.996 0.954 0.850 1.000 
 110   (0.049) 0.006 0.003 0.001 0.005 0.000 0.000 0.001 0.002 0.001 0.002 0.001 0.108 0.004 0.046 0.150 0.000 

Locus 73 : 80366_12 
2 alleles
6.7% missing data
 130   (0.960) 0.993 0.998 0.999 0.996 1.000 1.000 0.999 0.997 0.999 0.998 0.997 0.971 0.997 0.957 0.989 1.000 
 110   (0.040) 0.007 0.002 0.001 0.004 0.000 0.000 0.001 0.003 0.001 0.002 0.003 0.029 0.003 0.043 0.011 0.000 

Locus 74 : 80499_10 
2 alleles
6.2% missing data
 130   (0.957) 0.995 0.998 0.999 0.997 1.000 0.999 0.999 0.998 0.901 0.999 0.999 0.975 0.996 0.960 0.992 1.000 
 100   (0.043) 0.005 0.002 0.001 0.003 0.000 0.001 0.001 0.002 0.099 0.001 0.001 0.025 0.004 0.040 0.008 0.000 

Locus 75 : 81141_31 
2 alleles
2.8% missing data
 120   (0.961) 0.995 0.998 1.000 0.997 1.000 1.000 0.999 0.998 0.999 0.983 0.999 0.973 0.997 0.961 0.990 0.998 
 100   (0.039) 0.005 0.002 0.000 0.003 0.000 0.000 0.001 0.002 0.001 0.017 0.001 0.027 0.003 0.039 0.010 0.002 

Locus 76 : 81662_33 
2 alleles
3.4% missing data
 120   (0.960) 0.995 0.998 0.999 0.997 1.000 1.000 0.999 0.995 0.999 0.999 0.994 0.970 0.997 0.955 0.988 1.000 
 110   (0.040) 0.005 0.002 0.001 0.003 0.000 0.000 0.001 0.005 0.001 0.001 0.006 0.030 0.003 0.045 0.012 0.000 

Locus 77 : 82002_8 
2 alleles
6.7% missing data
 100   (0.952) 0.995 0.998 1.000 0.997 1.000 1.000 0.999 0.998 0.999 0.999 0.999 0.972 0.677 0.956 0.991 1.000 
 110   (0.048) 0.005 0.002 0.000 0.003 0.000 0.000 0.001 0.002 0.001 0.001 0.001 0.028 0.323 0.044 0.009 0.000 

Locus 78 : 82631_34 
2 alleles
7.9% missing data
 120   (0.958) 0.994 0.997 0.999 0.996 1.000 1.000 0.999 0.990 0.999 0.997 0.998 0.963 0.997 0.951 0.978 0.999 
 100   (0.042) 0.006 0.003 0.001 0.004 0.000 0.000 0.001 0.010 0.001 0.003 0.002 0.037 0.003 0.049 0.022 0.001 

Locus 79 : 83247_84 
2 alleles
3.4% missing data
 110   (0.946) 0.994 0.998 0.994 0.996 1.000 1.000 0.999 0.997 0.998 0.998 0.999 0.870 0.996 0.948 0.832 1.000 
 100   (0.054) 0.006 0.002 0.006 0.004 0.000 0.000 0.001 0.003 0.002 0.002 0.001 0.130 0.004 0.052 0.168 0.000 

Locus 80 : 83916_5 
2 alleles
3.9% missing data
 130   (0.960) 0.996 0.998 1.000 0.997 1.000 1.000 0.999 0.999 0.999 0.999 0.999 0.976 0.997 0.964 0.993 0.795 
 110   (0.040) 0.004 0.002 0.000 0.003 0.000 0.000 0.001 0.001 0.001 0.001 0.001 0.024 0.003 0.036 0.007 0.205 

Locus 81 : 84971_7 
2 alleles
2.2% missing data
 120   (0.945) 0.992 0.989 0.996 0.995 0.992 0.996 0.963 0.955 0.998 0.996 0.997 0.963 0.996 0.941 0.987 0.998 
 110   (0.055) 0.008 0.011 0.004 0.005 0.008 0.004 0.037 0.045 0.002 0.004 0.003 0.037 0.004 0.059 0.013 0.002 

Locus 82 : 85247_77 
2 alleles
7.9% missing data
 120   (0.960) 0.993 0.997 0.998 0.996 0.999 0.997 0.997 0.992 0.998 0.994 0.997 0.974 0.997 0.962 0.991 0.995 
 110   (0.040) 0.007 0.003 0.002 0.004 0.001 0.003 0.003 0.008 0.002 0.006 0.003 0.026 0.003 0.038 0.009 0.005 

Locus 83 : 85248_24 
2 alleles
5.1% missing data
 100   (0.954) 0.995 0.998 1.000 0.997 1.000 1.000 0.999 0.999 0.999 0.999 0.999 0.973 0.858 0.959 0.992 1.000 
 120   (0.046) 0.005 0.002 0.000 0.003 0.000 0.000 0.001 0.001 0.001 0.001 0.001 0.027 0.142 0.041 0.008 0.000 

Locus 84 : 85402_12 
2 alleles
3.4% missing data
 120   (0.959) 0.995 0.998 1.000 0.997 1.000 1.000 0.999 0.999 0.999 0.999 0.997 0.969 0.997 0.954 0.988 1.000 
 100   (0.041) 0.005 0.002 0.000 0.003 0.000 0.000 0.001 0.001 0.001 0.001 0.003 0.031 0.003 0.046 0.012 0.000 

Locus 85 : 86588_18 
2 alleles
3.9% missing data
 120   (0.960) 0.993 0.981 0.999 0.996 1.000 1.000 0.999 0.998 0.999 0.999 0.999 0.973 0.997 0.953 0.991 1.000 
 100   (0.040) 0.007 0.019 0.001 0.004 0.000 0.000 0.001 0.002 0.001 0.001 0.001 0.027 0.003 0.047 0.009 0.000 

Locus 86 : 87070_60 
2 alleles
2.2% missing data
 100   (0.958) 0.868 0.998 0.999 0.997 1.000 1.000 0.999 0.999 0.999 0.999 0.999 0.975 0.997 0.962 0.993 1.000 
 130   (0.042) 0.132 0.002 0.001 0.003 0.000 0.000 0.001 0.001 0.001 0.001 0.001 0.025 0.003 0.038 0.007 0.000 

Locus 87 : 87747_31 
2 alleles
6.2% missing data
 120   (0.956) 0.995 0.998 1.000 0.997 1.000 1.000 0.999 0.998 0.999 0.999 0.999 0.974 0.914 0.960 0.992 1.000 
 110   (0.044) 0.005 0.002 0.000 0.003 0.000 0.000 0.001 0.002 0.001 0.001 0.001 0.026 0.086 0.040 0.008 0.000 

Locus 88 : 88455_10 
2 alleles
5.1% missing data
 130   (0.956) 0.995 0.998 1.000 0.781 1.000 1.000 0.999 0.999 0.999 0.999 0.999 0.974 0.997 0.960 0.991 1.000 
 100   (0.044) 0.005 0.002 0.000 0.219 0.000 0.000 0.001 0.001 0.001 0.001 0.001 0.026 0.003 0.040 0.009 0.000 

Locus 89 : 89005_12 
2 alleles
1.1% missing data
 120   (0.957) 0.995 0.998 1.000 0.997 1.000 1.000 0.999 0.999 0.999 0.999 0.999 0.975 0.892 0.961 0.993 1.000 
 130   (0.043) 0.005 0.002 0.000 0.003 0.000 0.000 0.001 0.001 0.001 0.001 0.001 0.025 0.108 0.039 0.007 0.000 

Locus 90 : 89213_8 
2 alleles
3.4% missing data
 130   (0.962) 0.996 0.998 1.000 0.997 1.000 1.000 0.999 0.999 0.999 0.999 0.999 0.978 0.971 0.965 0.993 1.000 
 110   (0.038) 0.004 0.002 0.000 0.003 0.000 0.000 0.001 0.001 0.001 0.001 0.001 0.022 0.029 0.035 0.007 0.000 

Locus 91 : 93475_13 
2 alleles
2.2% missing data
 130   (0.955) 0.995 0.998 1.000 0.997 1.000 1.000 0.999 0.999 0.999 0.999 0.999 0.974 0.865 0.960 0.993 1.000 
 110   (0.045) 0.005 0.002 0.000 0.003 0.000 0.000 0.001 0.001 0.001 0.001 0.001 0.026 0.135 0.040 0.007 0.000 

Locus 92 : 95749_27 
2 alleles
3.9% missing data
 120   (0.960) 0.995 0.998 1.000 0.997 1.000 1.000 0.999 0.999 0.999 0.999 0.999 0.976 0.970 0.963 0.993 1.000 
 100   (0.040) 0.005 0.002 0.000 0.003 0.000 0.000 0.001 0.001 0.001 0.001 0.001 0.024 0.030 0.037 0.007 0.000 

Locus 93 : 98167_26 
2 alleles
3.4% missing data
 120   (0.937) 0.897 0.989 0.999 0.990 0.998 0.999 0.992 0.997 0.998 0.997 0.972 0.961 0.995 0.937 0.988 0.999 
 110   (0.063) 0.103 0.011 0.001 0.010 0.002 0.001 0.008 0.003 0.002 0.003 0.028 0.039 0.005 0.063 0.012 0.001 

Locus 94 : 98988_58 
2 alleles
2.2% missing data
 130   (0.961) 0.995 0.998 1.000 0.997 1.000 1.000 0.999 0.999 0.999 0.999 0.999 0.977 0.974 0.964 0.994 1.000 
 110   (0.039) 0.005 0.002 0.000 0.003 0.000 0.000 0.001 0.001 0.001 0.001 0.001 0.023 0.026 0.036 0.006 0.000 

Locus 95 : 103824_15 
2 alleles
3.4% missing data
 130   (0.952) 0.995 0.998 1.000 0.997 1.000 1.000 0.999 0.998 0.998 0.999 0.999 0.972 0.810 0.957 0.992 1.000 
 110   (0.048) 0.005 0.002 0.000 0.003 0.000 0.000 0.001 0.002 0.002 0.001 0.001 0.028 0.190 0.043 0.008 0.000 

Locus 96 : 108043_8 
2 alleles
4.5% missing data
 130   (0.960) 0.996 0.998 1.000 0.997 1.000 1.000 0.908 0.999 0.999 0.998 0.999 0.976 0.997 0.964 0.994 1.000 
 110   (0.040) 0.004 0.002 0.000 0.003 0.000 0.000 0.092 0.001 0.001 0.002 0.001 0.024 0.003 0.036 0.006 0.000 

Locus 97 : 108049_79 
2 alleles
2.8% missing data
 120   (0.961) 0.995 0.998 0.999 0.997 1.000 1.000 0.999 0.995 0.999 0.999 0.994 0.970 0.997 0.955 0.988 1.000 
 100   (0.039) 0.005 0.002 0.001 0.003 0.000 0.000 0.001 0.005 0.001 0.001 0.006 0.030 0.003 0.045 0.012 0.000 

Locus 98 : 108366_5 
2 alleles
2.8% missing data
 130   (0.955) 0.995 0.998 1.000 0.997 1.000 1.000 0.999 0.998 0.999 0.999 0.999 0.975 0.918 0.959 0.992 1.000 
 100   (0.045) 0.005 0.002 0.000 0.003 0.000 0.000 0.001 0.002 0.001 0.001 0.001 0.025 0.082 0.041 0.008 0.000 

Locus 99 : 108403_10 
2 alleles
6.2% missing data
 130   (0.959) 0.995 0.998 0.999 0.997 1.000 1.000 0.989 0.999 0.999 0.999 0.999 0.972 0.996 0.957 0.991 1.000 
 110   (0.041) 0.005 0.002 0.001 0.003 0.000 0.000 0.011 0.001 0.001 0.001 0.001 0.028 0.004 0.043 0.009 0.000 

Locus 100 : 109283_38 
2 alleles
3.9% missing data
 120   (0.869) 0.982 0.967 0.977 0.990 0.969 0.929 0.995 0.821 0.996 0.522 0.906 0.899 0.990 0.863 0.946 0.498 
 100   (0.131) 0.018 0.033 0.023 0.010 0.031 0.071 0.005 0.179 0.004 0.478 0.094 0.101 0.010 0.137 0.054 0.502 

Locus 101 : 109527_54 
2 alleles
7.3% missing data
 110   (0.947) 0.993 0.997 0.980 0.996 1.000 1.000 0.999 0.998 0.999 0.998 0.998 0.867 0.996 0.950 0.869 1.000 
 130   (0.053) 0.007 0.003 0.020 0.004 0.000 0.000 0.001 0.002 0.001 0.002 0.002 0.133 0.004 0.050 0.131 0.000 

Locus 102 : 109804_31 
2 alleles
2.2% missing data
 130   (0.958) 0.995 0.998 1.000 0.997 1.000 1.000 0.999 0.999 0.999 0.999 0.999 0.976 0.945 0.962 0.993 1.000 
 100   (0.042) 0.005 0.002 0.000 0.003 0.000 0.000 0.001 0.001 0.001 0.001 0.001 0.024 0.055 0.038 0.007 0.000 

Locus 103 : 112614_46 
2 alleles
5.1% missing data
 120   (0.956) 0.995 0.998 1.000 0.997 1.000 1.000 0.999 0.998 0.999 0.999 0.999 0.975 0.885 0.960 0.992 1.000 
 100   (0.044) 0.005 0.002 0.000 0.003 0.000 0.000 0.001 0.002 0.001 0.001 0.001 0.025 0.115 0.040 0.008 0.000 

Locus 104 : 112906_14 
2 alleles
3.9% missing data
 110   (0.889) 0.953 0.994 0.994 0.683 1.000 1.000 0.997 0.992 0.997 0.860 0.997 0.850 0.992 0.894 0.723 0.999 
 120   (0.111) 0.047 0.006 0.006 0.317 0.000 0.000 0.003 0.008 0.003 0.140 0.003 0.150 0.008 0.106 0.277 0.001 

Locus 105 : 113735_32 
2 alleles
6.7% missing data
 120   (0.960) 0.995 0.998 1.000 0.965 1.000 1.000 0.999 0.999 0.999 0.999 0.999 0.974 0.997 0.961 0.991 1.000 
 100   (0.040) 0.005 0.002 0.000 0.035 0.000 0.000 0.001 0.001 0.001 0.001 0.001 0.026 0.003 0.039 0.009 0.000 

Locus 106 : 115028_7 
2 alleles
3.9% missing data
 120   (0.961) 0.995 0.998 1.000 0.957 1.000 1.000 0.999 0.999 0.999 0.999 0.999 0.976 0.997 0.964 0.993 1.000 
 100   (0.039) 0.005 0.002 0.000 0.043 0.000 0.000 0.001 0.001 0.001 0.001 0.001 0.024 0.003 0.036 0.007 0.000 

Locus 107 : 115179_16 
2 alleles
2.2% missing data
 120   (0.956) 0.995 0.998 1.000 0.997 1.000 1.000 0.999 0.999 0.999 0.999 0.999 0.975 0.909 0.960 0.993 1.000 
 110   (0.044) 0.005 0.002 0.000 0.003 0.000 0.000 0.001 0.001 0.001 0.001 0.001 0.025 0.091 0.040 0.007 0.000 

Locus 108 : 116753_51 
2 alleles
7.3% missing data
 120   (0.958) 0.995 0.998 1.000 0.997 1.000 1.000 0.999 0.996 0.999 0.901 0.999 0.975 0.997 0.962 0.986 0.999 
 100   (0.042) 0.005 0.002 0.000 0.003 0.000 0.000 0.001 0.004 0.001 0.099 0.001 0.025 0.003 0.038 0.014 0.001 

Locus 109 : 116931_31 
2 alleles
7.9% missing data
 120   (0.960) 0.995 0.984 1.000 0.997 1.000 1.000 0.999 0.998 0.999 0.998 0.999 0.973 0.997 0.955 0.991 1.000 
 110   (0.040) 0.005 0.016 0.000 0.003 0.000 0.000 0.001 0.002 0.001 0.002 0.001 0.027 0.003 0.045 0.009 0.000 

Locus 110 : 116938_8 
2 alleles
4.5% missing data
 130   (0.922) 0.948 0.996 0.994 0.994 1.000 1.000 0.998 0.997 0.998 0.819 0.999 0.899 0.994 0.929 0.903 0.999 
 110   (0.078) 0.052 0.004 0.006 0.006 0.000 0.000 0.002 0.003 0.002 0.181 0.001 0.101 0.006 0.071 0.097 0.001 

Locus 111 : 122302_80 
2 alleles
10.1% missing data
 110   (0.960) 0.995 0.952 1.000 0.996 1.000 1.000 0.999 0.998 0.999 0.998 0.999 0.976 0.997 0.962 0.992 1.000 
 100   (0.040) 0.005 0.048 0.000 0.004 0.000 0.000 0.001 0.002 0.001 0.002 0.001 0.024 0.003 0.038 0.008 0.000 

Locus 112 : 123190_14 
2 alleles
3.4% missing data
 120   (0.952) 0.994 0.937 1.000 0.996 1.000 1.000 0.998 0.997 0.999 0.998 0.999 0.967 0.996 0.940 0.991 1.000 
 130   (0.048) 0.006 0.063 0.000 0.004 0.000 0.000 0.002 0.003 0.001 0.002 0.001 0.033 0.004 0.060 0.009 0.000 

Locus 113 : 123271_36 
2 alleles
3.9% missing data
 100   (0.956) 0.995 0.998 1.000 0.997 1.000 1.000 0.999 0.999 0.999 0.999 0.999 0.975 0.858 0.961 0.993 1.000 
 110   (0.044) 0.005 0.002 0.000 0.003 0.000 0.000 0.001 0.001 0.001 0.001 0.001 0.025 0.142 0.039 0.007 0.000 

Locus 114 : 124147_18 
2 alleles
2.2% missing data
 130   (0.956) 0.779 0.998 0.999 0.997 1.000 1.000 0.999 0.998 0.999 0.999 0.999 0.974 0.997 0.960 0.992 1.000 
 110   (0.044) 0.221 0.002 0.001 0.003 0.000 0.000 0.001 0.002 0.001 0.001 0.001 0.026 0.003 0.040 0.008 0.000 

Locus 115 : 124184_33 
2 alleles
5.6% missing data
 110   (0.957) 0.995 0.998 1.000 0.997 1.000 1.000 0.999 0.999 0.999 0.999 0.999 0.974 0.910 0.961 0.993 1.000 
 100   (0.043) 0.005 0.002 0.000 0.003 0.000 0.000 0.001 0.001 0.001 0.001 0.001 0.026 0.090 0.039 0.007 0.000 

Locus 116 : 125404_24 
2 alleles
1.1% missing data
 130   (0.957) 0.995 0.998 1.000 0.758 1.000 1.000 0.999 0.999 0.999 0.999 0.999 0.975 0.997 0.961 0.993 1.000 
 110   (0.043) 0.005 0.002 0.000 0.242 0.000 0.000 0.001 0.001 0.001 0.001 0.001 0.025 0.003 0.039 0.007 0.000 

Locus 117 : 125436_43 
2 alleles
3.9% missing data
 130   (0.928) 0.992 0.997 0.999 0.693 1.000 1.000 0.998 0.997 0.998 0.997 0.998 0.905 0.995 0.934 0.856 0.999 
 100   (0.072) 0.008 0.003 0.001 0.307 0.000 0.000 0.002 0.003 0.002 0.003 0.002 0.095 0.005 0.066 0.144 0.001 

Locus 118 : 126013_18 
2 alleles
2.8% missing data
 130   (0.958) 0.996 0.998 1.000 0.997 1.000 1.000 0.999 0.999 0.876 0.999 0.999 0.975 0.997 0.962 0.993 1.000 
 110   (0.042) 0.004 0.002 0.000 0.003 0.000 0.000 0.001 0.001 0.124 0.001 0.001 0.025 0.003 0.038 0.007 0.000 

Locus 119 : 126137_19 
2 alleles
3.9% missing data
 120   (0.959) 0.994 0.998 1.000 0.981 1.000 1.000 0.999 0.998 0.999 0.998 0.999 0.972 0.997 0.962 0.974 1.000 
 110   (0.041) 0.006 0.002 0.000 0.019 0.000 0.000 0.001 0.002 0.001 0.002 0.001 0.028 0.003 0.038 0.026 0.000 

Locus 120 : 126845_22 
2 alleles
5.6% missing data
 130   (0.961) 0.993 0.998 1.000 0.958 1.000 1.000 0.999 0.998 0.999 0.999 0.999 0.977 0.997 0.964 0.992 1.000 
 110   (0.039) 0.007 0.002 0.000 0.042 0.000 0.000 0.001 0.002 0.001 0.001 0.001 0.023 0.003 0.036 0.008 0.000 

Locus 121 : 127512_8 
2 alleles
1.1% missing data
 130   (0.959) 0.996 0.998 1.000 0.997 1.000 1.000 0.999 0.999 0.907 0.999 0.999 0.976 0.997 0.963 0.993 1.000 
 100   (0.041) 0.004 0.002 0.000 0.003 0.000 0.000 0.001 0.001 0.093 0.001 0.001 0.024 0.003 0.037 0.007 0.000 

Locus 122 : 127692_13 
2 alleles
2.8% missing data
 100   (0.954) 0.995 0.998 0.999 0.997 1.000 1.000 0.999 0.996 0.999 0.999 0.999 0.945 0.997 0.957 0.946 1.000 
 120   (0.046) 0.005 0.002 0.001 0.003 0.000 0.000 0.001 0.004 0.001 0.001 0.001 0.055 0.003 0.043 0.054 0.000 

Locus 123 : 128195_18 
2 alleles
7.3% missing data
 130   (0.875) 0.434 0.981 0.993 0.988 0.996 0.999 0.997 0.964 0.996 0.994 0.360 0.894 0.990 0.873 0.903 0.999 
 110   (0.125) 0.566 0.019 0.007 0.012 0.004 0.001 0.003 0.036 0.004 0.006 0.640 0.106 0.010 0.127 0.097 0.001 

Locus 124 : 128198_14 
2 alleles
4.5% missing data
 130   (0.934) 0.993 0.997 0.999 0.995 1.000 1.000 0.998 0.998 0.902 0.998 0.999 0.961 0.919 0.940 0.988 1.000 
 120   (0.066) 0.007 0.003 0.001 0.005 0.000 0.000 0.002 0.002 0.098 0.002 0.001 0.039 0.081 0.060 0.012 0.000 

Locus 125 : 128423_39 
2 alleles
4.5% missing data
 130   (0.960) 0.989 0.998 1.000 0.997 1.000 1.000 0.999 0.998 0.999 0.998 0.992 0.971 0.997 0.959 0.990 1.000 
 100   (0.040) 0.011 0.002 0.000 0.003 0.000 0.000 0.001 0.002 0.001 0.002 0.008 0.029 0.003 0.041 0.010 0.000 

Locus 126 : 131572_48 
2 alleles
1.1% missing data
 120   (0.952) 0.994 0.998 1.000 0.996 1.000 1.000 0.999 0.998 0.999 0.935 0.999 0.968 0.996 0.953 0.987 0.998 
 100   (0.048) 0.006 0.002 0.000 0.004 0.000 0.000 0.001 0.002 0.001 0.065 0.001 0.032 0.004 0.047 0.013 0.002 

Locus 127 : 132199_62 
2 alleles
3.9% missing data
 100   (0.952) 0.995 0.998 1.000 0.997 1.000 1.000 0.999 0.998 0.999 0.999 0.999 0.973 0.751 0.957 0.991 1.000 
 120   (0.048) 0.005 0.002 0.000 0.003 0.000 0.000 0.001 0.002 0.001 0.001 0.001 0.027 0.249 0.043 0.009 0.000 

Locus 128 : 135566_64 
2 alleles
7.3% missing data
 130   (0.961) 0.995 0.998 1.000 0.997 1.000 1.000 0.999 0.999 0.999 0.999 0.996 0.970 0.997 0.956 0.989 1.000 
 110   (0.039) 0.005 0.002 0.000 0.003 0.000 0.000 0.001 0.001 0.001 0.001 0.004 0.030 0.003 0.044 0.011 0.000 

Locus 129 : 135761_5 
2 alleles
7.9% missing data
 130   (0.957) 0.995 0.998 1.000 0.997 1.000 1.000 0.999 0.999 0.999 0.999 0.999 0.974 0.905 0.962 0.993 1.000 
 100   (0.043) 0.005 0.002 0.000 0.003 0.000 0.000 0.001 0.001 0.001 0.001 0.001 0.026 0.095 0.038 0.007 0.000 

Locus 130 : 137219_35 
2 alleles
3.4% missing data
 120   (0.947) 0.993 0.997 0.999 0.996 1.000 1.000 0.999 0.995 0.998 0.998 0.975 0.956 0.996 0.937 0.982 1.000 
 100   (0.053) 0.007 0.003 0.001 0.004 0.000 0.000 0.001 0.005 0.002 0.002 0.025 0.044 0.004 0.063 0.018 0.000 

Locus 131 : 139081_20 
2 alleles
5.6% missing data
 120   (0.944) 0.934 0.997 0.997 0.996 1.000 1.000 0.998 0.996 0.998 0.995 0.999 0.950 0.996 0.947 0.968 0.999 
 110   (0.056) 0.066 0.003 0.003 0.004 0.000 0.000 0.002 0.004 0.002 0.005 0.001 0.050 0.004 0.053 0.032 0.001 

Locus 132 : 139084_52 
2 alleles
5.1% missing data
 120   (0.921) 0.832 0.933 0.999 0.994 0.999 1.000 0.997 0.994 0.997 0.997 0.994 0.948 0.994 0.910 0.981 0.999 
 110   (0.079) 0.168 0.067 0.001 0.006 0.001 0.000 0.003 0.006 0.003 0.003 0.006 0.052 0.006 0.090 0.019 0.001 

Locus 133 : 139433_54 
2 alleles
3.9% missing data
 120   (0.956) 0.995 0.998 1.000 0.997 1.000 1.000 0.999 0.999 0.999 0.999 0.999 0.975 0.945 0.960 0.992 1.000 
 100   (0.044) 0.005 0.002 0.000 0.003 0.000 0.000 0.001 0.001 0.001 0.001 0.001 0.025 0.055 0.040 0.008 0.000 

Locus 134 : 140063_88 
2 alleles
7.9% missing data
 110   (0.959) 0.992 0.998 0.999 0.996 1.000 1.000 0.999 0.998 0.999 0.999 0.999 0.967 0.997 0.958 0.985 1.000 
 100   (0.041) 0.008 0.002 0.001 0.004 0.000 0.000 0.001 0.002 0.001 0.001 0.001 0.033 0.003 0.042 0.015 0.000 

Locus 135 : 140194_73 
2 alleles
2.8% missing data
 120   (0.959) 0.993 0.998 0.999 0.997 1.000 1.000 0.999 0.998 0.975 0.998 0.999 0.975 0.997 0.962 0.992 0.999 
 110   (0.041) 0.007 0.002 0.001 0.003 0.000 0.000 0.001 0.002 0.025 0.002 0.001 0.025 0.003 0.038 0.008 0.001 

Locus 136 : 141313_8 
2 alleles
2.8% missing data
 120   (0.956) 0.995 0.998 1.000 0.997 1.000 1.000 0.999 0.999 0.999 0.999 0.999 0.974 0.919 0.961 0.993 1.000 
 100   (0.044) 0.005 0.002 0.000 0.003 0.000 0.000 0.001 0.001 0.001 0.001 0.001 0.026 0.081 0.039 0.007 0.000 

Locus 137 : 145284_28 
2 alleles
2.8% missing data
 130   (0.957) 0.644 0.998 1.000 0.997 1.000 1.000 0.999 0.999 0.999 0.999 0.999 0.975 0.997 0.960 0.993 1.000 
 110   (0.043) 0.356 0.002 0.000 0.003 0.000 0.000 0.001 0.001 0.001 0.001 0.001 0.025 0.003 0.040 0.007 0.000 

Locus 138 : 145957_11 
2 alleles
4.5% missing data
 130   (0.960) 0.995 0.998 1.000 0.997 1.000 1.000 0.999 0.999 0.999 0.999 0.999 0.977 0.997 0.964 0.993 0.825 
 110   (0.040) 0.005 0.002 0.000 0.003 0.000 0.000 0.001 0.001 0.001 0.001 0.001 0.023 0.003 0.036 0.007 0.175 

Locus 139 : 160306_34 
2 alleles
2.8% missing data
 120   (0.935) 0.992 0.996 0.995 0.769 1.000 1.000 0.998 0.991 0.998 0.989 0.996 0.950 0.995 0.938 0.914 0.999 
 100   (0.065) 0.008 0.004 0.005 0.231 0.000 0.000 0.002 0.009 0.002 0.011 0.004 0.050 0.005 0.062 0.086 0.001 

Locus 140 : 162107_37 
2 alleles
3.4% missing data
 120   (0.939) 0.993 0.997 0.999 0.901 1.000 1.000 0.998 0.995 0.998 0.998 0.999 0.953 0.995 0.941 0.978 0.999 
 100   (0.061) 0.007 0.003 0.001 0.099 0.000 0.000 0.002 0.005 0.002 0.002 0.001 0.047 0.005 0.059 0.022 0.001 

Locus 141 : 163290_36 
2 alleles
5.1% missing data
 130   (0.926) 0.770 0.937 0.994 0.995 0.990 0.983 0.996 0.926 0.998 0.997 0.992 0.954 0.994 0.931 0.987 0.999 
 110   (0.074) 0.230 0.063 0.006 0.005 0.010 0.017 0.004 0.074 0.002 0.003 0.008 0.046 0.006 0.069 0.013 0.001 

Locus 142 : 163453_13 
2 alleles
5.6% missing data
 120   (0.960) 0.995 0.985 1.000 0.997 1.000 1.000 0.999 0.998 0.999 0.998 0.999 0.973 0.997 0.955 0.991 1.000 
 110   (0.040) 0.005 0.015 0.000 0.003 0.000 0.000 0.001 0.002 0.001 0.002 0.001 0.027 0.003 0.045 0.009 0.000 

Locus 143 : 163580_14 
2 alleles
10.1% missing data
 120   (0.958) 0.995 0.998 0.929 0.997 0.949 1.000 0.998 0.930 0.999 0.999 0.999 0.976 0.997 0.961 0.992 0.999 
 100   (0.042) 0.005 0.002 0.071 0.003 0.051 0.000 0.002 0.070 0.001 0.001 0.001 0.024 0.003 0.039 0.008 0.001 

Locus 144 : 164461_13 
2 alleles
5.6% missing data
 100   (0.959) 0.996 0.833 1.000 0.997 1.000 1.000 0.999 0.999 0.999 0.999 0.999 0.976 0.997 0.963 0.992 1.000 
 120   (0.041) 0.004 0.167 0.000 0.003 0.000 0.000 0.001 0.001 0.001 0.001 0.001 0.024 0.003 0.037 0.008 0.000 

Locus 145 : 165413_43 
2 alleles
1.7% missing data
 110   (0.954) 0.994 0.997 0.998 0.997 1.000 1.000 0.999 0.995 0.999 0.998 0.999 0.940 0.997 0.955 0.952 1.000 
 130   (0.046) 0.006 0.003 0.002 0.003 0.000 0.000 0.001 0.005 0.001 0.002 0.001 0.060 0.003 0.045 0.048 0.000 

Locus 146 : 168629_44 
2 alleles
5.6% missing data
 130   (0.949) 0.990 0.985 0.993 0.996 1.000 1.000 0.998 0.994 0.998 0.998 0.986 0.945 0.996 0.951 0.968 1.000 
 110   (0.051) 0.010 0.015 0.007 0.004 0.000 0.000 0.002 0.006 0.002 0.002 0.014 0.055 0.004 0.049 0.032 0.000 

Locus 147 : 168991_77 
2 alleles
5.6% missing data
 110   (0.856) 0.977 0.985 0.991 0.646 0.997 0.996 0.995 0.970 0.996 0.886 0.958 0.858 0.989 0.840 0.814 0.998 
 100   (0.144) 0.023 0.015 0.009 0.354 0.003 0.004 0.005 0.030 0.004 0.114 0.042 0.142 0.011 0.160 0.186 0.002 

Locus 148 : 169478_88 
2 alleles
5.1% missing data
 130   (0.960) 0.995 0.998 1.000 0.997 1.000 1.000 0.999 0.998 0.978 0.999 0.999 0.975 0.997 0.961 0.992 1.000 
 100   (0.040) 0.005 0.002 0.000 0.003 0.000 0.000 0.001 0.002 0.022 0.001 0.001 0.025 0.003 0.039 0.008 0.000 

Locus 149 : 169898_8 
2 alleles
6.2% missing data
 120   (0.942) 0.992 0.961 0.998 0.995 1.000 1.000 0.998 0.996 0.998 0.998 0.999 0.940 0.995 0.946 0.923 0.999 
 100   (0.058) 0.008 0.039 0.002 0.005 0.000 0.000 0.002 0.004 0.002 0.002 0.001 0.060 0.005 0.054 0.077 0.001 

Locus 150 : 170224_42 
2 alleles
7.3% missing data
 100   (0.917) 0.980 0.790 0.995 0.993 0.997 0.999 0.998 0.966 0.997 0.996 0.972 0.908 0.993 0.916 0.938 0.999 
 120   (0.083) 0.020 0.210 0.005 0.007 0.003 0.001 0.002 0.034 0.003 0.004 0.028 0.092 0.007 0.084 0.062 0.001 

Locus 151 : 174083_22 
2 alleles
3.9% missing data
 120   (0.953) 0.995 0.998 1.000 0.997 1.000 1.000 0.999 0.998 0.999 0.999 0.999 0.973 0.785 0.957 0.992 1.000 
 100   (0.047) 0.005 0.002 0.000 0.003 0.000 0.000 0.001 0.002 0.001 0.001 0.001 0.027 0.215 0.043 0.008 0.000 

Locus 152 : 174223_24 
2 alleles
2.8% missing data
 120   (0.959) 0.995 0.998 1.000 0.997 1.000 1.000 0.987 0.999 0.999 0.999 0.999 0.973 0.997 0.958 0.991 1.000 
 100   (0.041) 0.005 0.002 0.000 0.003 0.000 0.000 0.013 0.001 0.001 0.001 0.001 0.027 0.003 0.042 0.009 0.000 

Locus 153 : 174263_44 
2 alleles
3.9% missing data
 130   (0.959) 0.996 0.998 1.000 0.997 1.000 1.000 0.999 0.999 0.835 0.999 0.999 0.976 0.997 0.963 0.993 1.000 
 110   (0.041) 0.004 0.002 0.000 0.003 0.000 0.000 0.001 0.001 0.165 0.001 0.001 0.024 0.003 0.037 0.007 0.000 

Locus 154 : 175657_6 
2 alleles
8.4% missing data
 100   (0.936) 0.993 0.997 0.999 0.757 1.000 1.000 0.998 0.998 0.998 0.998 0.999 0.928 0.995 0.942 0.935 1.000 
 130   (0.064) 0.007 0.003 0.001 0.243 0.000 0.000 0.002 0.002 0.002 0.002 0.001 0.072 0.005 0.058 0.065 0.000 

Locus 155 : 176570_23 
2 alleles
3.9% missing data
 130   (0.957) 0.995 0.997 0.997 0.997 1.000 0.995 0.998 0.971 0.998 0.971 0.999 0.969 0.997 0.952 0.984 0.988 
 110   (0.043) 0.005 0.003 0.003 0.003 0.000 0.005 0.002 0.029 0.002 0.029 0.001 0.031 0.003 0.048 0.016 0.012 

Locus 156 : 176775_13 
2 alleles
6.7% missing data
 130   (0.952) 0.994 0.998 1.000 0.997 1.000 1.000 0.999 0.999 0.999 0.999 0.999 0.972 0.705 0.957 0.992 1.000 
 110   (0.048) 0.006 0.002 0.000 0.003 0.000 0.000 0.001 0.001 0.001 0.001 0.001 0.028 0.295 0.043 0.008 0.000 

Locus 157 : 178448_19 
2 alleles
3.4% missing data
 120   (0.957) 0.995 0.998 1.000 0.997 1.000 1.000 0.999 0.999 0.999 0.999 0.999 0.975 0.881 0.961 0.992 1.000 
 100   (0.043) 0.005 0.002 0.000 0.003 0.000 0.000 0.001 0.001 0.001 0.001 0.001 0.025 0.119 0.039 0.008 0.000 

Locus 158 : 179162_16 
2 alleles
6.2% missing data
 120   (0.959) 0.995 0.998 1.000 0.997 1.000 1.000 0.999 0.999 0.999 0.999 0.999 0.977 0.970 0.962 0.992 1.000 
 100   (0.041) 0.005 0.002 0.000 0.003 0.000 0.000 0.001 0.001 0.001 0.001 0.001 0.023 0.030 0.038 0.008 0.000 

Locus 159 : 179286_31 
2 alleles
2.8% missing data
 120   (0.933) 0.992 0.997 0.999 0.891 0.999 1.000 0.998 0.998 0.998 0.984 0.998 0.940 0.995 0.938 0.910 0.999 
 100   (0.067) 0.008 0.003 0.001 0.109 0.001 0.000 0.002 0.002 0.002 0.016 0.002 0.060 0.005 0.062 0.090 0.001 

Locus 160 : 179594_17 
2 alleles
4.5% missing data
 120   (0.917) 0.921 0.972 0.999 0.733 0.999 1.000 0.993 0.996 0.997 0.997 0.998 0.948 0.993 0.910 0.983 0.999 
 100   (0.083) 0.079 0.028 0.001 0.267 0.001 0.000 0.007 0.004 0.003 0.003 0.002 0.052 0.007 0.090 0.017 0.001 

Locus 161 : 180413_54 
2 alleles
3.9% missing data
 100   (0.956) 0.995 0.998 1.000 0.997 1.000 1.000 0.999 0.999 0.999 0.999 0.999 0.974 0.880 0.961 0.993 1.000 
 110   (0.044) 0.005 0.002 0.000 0.003 0.000 0.000 0.001 0.001 0.001 0.001 0.001 0.026 0.120 0.039 0.007 0.000 

Locus 162 : 182862_79 
2 alleles
3.4% missing data
 130   (0.956) 0.995 0.998 1.000 0.997 1.000 1.000 0.999 0.999 0.999 0.999 0.999 0.973 0.867 0.960 0.993 1.000 
 110   (0.044) 0.005 0.002 0.000 0.003 0.000 0.000 0.001 0.001 0.001 0.001 0.001 0.027 0.133 0.040 0.007 0.000 

Locus 163 : 183288_63 
2 alleles
10.1% missing data
 100   (0.960) 0.995 0.998 1.000 0.997 1.000 1.000 0.999 0.998 0.999 0.999 0.999 0.976 0.971 0.964 0.993 1.000 
 120   (0.040) 0.005 0.002 0.000 0.003 0.000 0.000 0.001 0.002 0.001 0.001 0.001 0.024 0.029 0.036 0.007 0.000 

Locus 164 : 183906_55 
2 alleles
6.7% missing data
 130   (0.957) 0.995 0.998 1.000 0.997 1.000 1.000 0.999 0.999 0.999 0.999 0.999 0.975 0.945 0.961 0.993 1.000 
 100   (0.043) 0.005 0.002 0.000 0.003 0.000 0.000 0.001 0.001 0.001 0.001 0.001 0.025 0.055 0.039 0.007 0.000 

Locus 165 : 183990_7 
2 alleles
3.4% missing data
 120   (0.954) 0.995 0.997 0.999 0.997 1.000 1.000 0.999 0.975 0.999 0.998 0.807 0.969 0.997 0.953 0.991 1.000 
 100   (0.046) 0.005 0.003 0.001 0.003 0.000 0.000 0.001 0.025 0.001 0.002 0.193 0.031 0.003 0.047 0.009 0.000 

Locus 166 : 185904_60 
2 alleles
3.4% missing data
 120   (0.958) 0.995 0.907 1.000 0.997 1.000 1.000 0.999 0.998 0.999 0.999 0.999 0.974 0.997 0.956 0.992 1.000 
 100   (0.042) 0.005 0.093 0.000 0.003 0.000 0.000 0.001 0.002 0.001 0.001 0.001 0.026 0.003 0.044 0.008 0.000 

Locus 167 : 191703_64 
2 alleles
1.7% missing data
 130   (0.931) 0.702 0.997 1.000 0.861 1.000 1.000 0.998 0.998 0.998 0.998 0.999 0.958 0.995 0.937 0.988 0.999 
 110   (0.069) 0.298 0.003 0.000 0.139 0.000 0.000 0.002 0.002 0.002 0.002 0.001 0.042 0.005 0.063 0.012 0.001 

Locus 168 : 193854_7 
2 alleles
1.7% missing data
 130   (0.937) 0.992 0.997 0.999 0.995 1.000 1.000 0.998 0.998 0.980 0.998 0.999 0.962 0.882 0.941 0.988 0.999 
 110   (0.063) 0.008 0.003 0.001 0.005 0.000 0.000 0.002 0.002 0.020 0.002 0.001 0.038 0.118 0.059 0.012 0.001 

Locus 169 : 194868_38 
2 alleles
5.6% missing data
 120   (0.941) 0.990 0.997 0.998 0.966 1.000 1.000 0.998 0.996 0.998 0.997 0.997 0.931 0.996 0.941 0.895 1.000 
 100   (0.059) 0.010 0.003 0.002 0.034 0.000 0.000 0.002 0.004 0.002 0.003 0.003 0.069 0.004 0.059 0.105 0.000 

Locus 170 : 195463_36 
2 alleles
5.1% missing data
 120   (0.956) 0.995 0.998 1.000 0.855 1.000 1.000 0.999 0.999 0.999 0.999 0.999 0.974 0.997 0.960 0.992 1.000 
 100   (0.044) 0.005 0.002 0.000 0.145 0.000 0.000 0.001 0.001 0.001 0.001 0.001 0.026 0.003 0.040 0.008 0.000 

Locus 171 : 195727_20 
2 alleles
1.7% missing data
 130   (0.956) 0.995 0.998 1.000 0.997 1.000 1.000 0.999 0.999 0.999 0.999 0.999 0.974 0.914 0.961 0.993 1.000 
 110   (0.044) 0.005 0.002 0.000 0.003 0.000 0.000 0.001 0.001 0.001 0.001 0.001 0.026 0.086 0.039 0.007 0.000 

Locus 172 : 197508_5 
2 alleles
2.2% missing data
 120   (0.960) 0.994 0.998 0.999 0.997 1.000 1.000 0.999 0.999 0.999 0.999 0.999 0.967 0.997 0.960 0.987 1.000 
 100   (0.040) 0.006 0.002 0.001 0.003 0.000 0.000 0.001 0.001 0.001 0.001 0.001 0.033 0.003 0.040 0.013 0.000 

Locus 173 : 199140_10 
2 alleles
4.5% missing data
 130   (0.960) 0.995 0.998 1.000 0.997 1.000 1.000 0.999 0.999 0.999 0.999 0.996 0.970 0.997 0.955 0.989 1.000 
 110   (0.040) 0.005 0.002 0.000 0.003 0.000 0.000 0.001 0.001 0.001 0.001 0.004 0.030 0.003 0.045 0.011 0.000 

Locus 174 : 199429_51 
2 alleles
5.1% missing data
 130   (0.960) 0.993 0.982 1.000 0.996 1.000 1.000 0.999 0.998 0.999 0.999 0.999 0.973 0.997 0.952 0.992 1.000 
 100   (0.040) 0.007 0.018 0.000 0.004 0.000 0.000 0.001 0.002 0.001 0.001 0.001 0.027 0.003 0.048 0.008 0.000 

Locus 175 : 199635_9 
2 alleles
3.4% missing data
 120   (0.952) 0.995 0.998 1.000 0.997 1.000 1.000 0.999 0.999 0.999 0.998 0.999 0.972 0.829 0.957 0.992 1.000 
 100   (0.048) 0.005 0.002 0.000 0.003 0.000 0.000 0.001 0.001 0.001 0.002 0.001 0.028 0.171 0.043 0.008 0.000 

Locus 176 : 200923_8 
2 alleles
5.1% missing data
 100   (0.959) 0.937 0.998 0.999 0.995 1.000 1.000 0.999 0.999 0.999 0.998 0.999 0.975 0.997 0.962 0.992 1.000 
 110   (0.041) 0.063 0.002 0.001 0.005 0.000 0.000 0.001 0.001 0.001 0.002 0.001 0.025 0.003 0.038 0.008 0.000 

Locus 177 : 201090_64 
2 alleles
5.1% missing data
 130   (0.961) 0.995 0.952 1.000 0.997 1.000 1.000 0.999 0.999 0.999 0.999 0.999 0.977 0.997 0.963 0.993 1.000 
 100   (0.039) 0.005 0.048 0.000 0.003 0.000 0.000 0.001 0.001 0.001 0.001 0.001 0.023 0.003 0.037 0.007 0.000 

Locus 178 : 201549_57 
2 alleles
4.5% missing data
 120   (0.958) 0.995 0.998 1.000 0.903 1.000 1.000 0.999 0.999 0.999 0.999 0.999 0.976 0.997 0.962 0.992 1.000 
 110   (0.042) 0.005 0.002 0.000 0.097 0.000 0.000 0.001 0.001 0.001 0.001 0.001 0.024 0.003 0.038 0.008 0.000 

Locus 179 : 203565_40 
2 alleles
3.9% missing data
 120   (0.959) 0.938 0.998 1.000 0.997 1.000 1.000 0.999 0.998 0.999 0.998 0.999 0.975 0.997 0.962 0.992 1.000 
 100   (0.041) 0.062 0.002 0.000 0.003 0.000 0.000 0.001 0.002 0.001 0.002 0.001 0.025 0.003 0.038 0.008 0.000 

Locus 180 : 205184_19 
2 alleles
7.3% missing data
 110   (0.926) 0.992 0.997 0.999 0.995 1.000 1.000 0.998 0.997 0.861 0.998 0.999 0.957 0.761 0.932 0.986 0.999 
 120   (0.074) 0.008 0.003 0.001 0.005 0.000 0.000 0.002 0.003 0.139 0.002 0.001 0.043 0.239 0.068 0.014 0.001 

Locus 181 : 206551_17 
2 alleles
6.2% missing data
 120   (0.902) 0.942 0.603 0.998 0.966 0.999 0.999 0.845 0.992 0.997 0.996 0.991 0.936 0.993 0.896 0.980 0.999 
 100   (0.098) 0.058 0.397 0.002 0.034 0.001 0.001 0.155 0.008 0.003 0.004 0.009 0.064 0.007 0.104 0.020 0.001 

Locus 182 : 216246_19 
2 alleles
2.8% missing data
 110   (0.946) 0.990 0.997 0.997 0.988 1.000 1.000 0.998 0.993 0.998 0.995 0.991 0.951 0.996 0.944 0.956 0.999 
 130   (0.054) 0.010 0.003 0.003 0.012 0.000 0.000 0.002 0.007 0.002 0.005 0.009 0.049 0.004 0.056 0.044 0.001 

Locus 183 : 216776_13 
2 alleles
5.6% missing data
 120   (0.923) 0.991 0.997 0.999 0.994 1.000 0.999 0.819 0.996 0.991 0.997 0.999 0.954 0.727 0.929 0.986 0.999 
 110   (0.077) 0.009 0.003 0.001 0.006 0.000 0.001 0.181 0.004 0.009 0.003 0.001 0.046 0.273 0.071 0.014 0.001 

Locus 184 : 217291_37 
2 alleles
3.9% missing data
 120   (0.957) 0.995 0.998 1.000 0.913 1.000 1.000 0.999 0.998 0.999 0.999 0.999 0.972 0.997 0.957 0.987 1.000 
 100   (0.043) 0.005 0.002 0.000 0.087 0.000 0.000 0.001 0.002 0.001 0.001 0.001 0.028 0.003 0.043 0.013 0.000 

Locus 185 : 217570_13 
2 alleles
3.9% missing data
 130   (0.953) 0.995 0.998 1.000 0.997 1.000 1.000 0.999 0.999 0.999 0.999 0.999 0.973 0.866 0.957 0.991 1.000 
 110   (0.047) 0.005 0.002 0.000 0.003 0.000 0.000 0.001 0.001 0.001 0.001 0.001 0.027 0.134 0.043 0.009 0.000 

Locus 186 : 220422_65 
2 alleles
3.4% missing data
 120   (0.948) 0.994 0.997 0.996 0.988 1.000 1.000 0.998 0.986 0.998 0.994 0.997 0.947 0.996 0.940 0.942 0.999 
 110   (0.052) 0.006 0.003 0.004 0.012 0.000 0.000 0.002 0.014 0.002 0.006 0.003 0.053 0.004 0.060 0.058 0.001 

Locus 187 : 220502_40 
2 alleles
6.7% missing data
 120   (0.959) 0.994 0.998 0.999 0.997 1.000 1.000 0.999 0.998 0.998 0.962 0.999 0.975 0.997 0.962 0.992 0.999 
 110   (0.041) 0.006 0.002 0.001 0.003 0.000 0.000 0.001 0.002 0.002 0.038 0.001 0.025 0.003 0.038 0.008 0.001 

Locus 188 : 220519_81 
2 alleles
4.5% missing data
 130   (0.935) 0.937 0.997 0.999 0.995 1.000 1.000 0.998 0.998 0.998 0.998 0.999 0.961 0.858 0.940 0.988 0.999 
 110   (0.065) 0.063 0.003 0.001 0.005 0.000 0.000 0.002 0.002 0.002 0.002 0.001 0.039 0.142 0.060 0.012 0.001 

Locus 189 : 222347_17 
2 alleles
3.9% missing data
 120   (0.955) 0.995 0.998 1.000 0.997 1.000 1.000 0.999 0.998 0.999 0.999 0.999 0.973 0.892 0.959 0.992 1.000 
 100   (0.045) 0.005 0.002 0.000 0.003 0.000 0.000 0.001 0.002 0.001 0.001 0.001 0.027 0.108 0.041 0.008 0.000 

Locus 190 : 222896_46 
2 alleles
0.6% missing data
 110   (0.959) 0.995 0.998 1.000 0.997 1.000 1.000 0.999 0.999 0.999 0.999 0.999 0.976 0.944 0.962 0.993 1.000 
 130   (0.041) 0.005 0.002 0.000 0.003 0.000 0.000 0.001 0.001 0.001 0.001 0.001 0.024 0.056 0.038 0.007 0.000 

Locus 191 : 223181_12 
2 alleles
3.4% missing data
 120   (0.952) 0.995 0.998 1.000 0.997 1.000 1.000 0.999 0.999 0.999 0.999 0.999 0.971 0.723 0.957 0.992 1.000 
 100   (0.048) 0.005 0.002 0.000 0.003 0.000 0.000 0.001 0.001 0.001 0.001 0.001 0.029 0.277 0.043 0.008 0.000 

Locus 192 : 224649_57 
2 alleles
5.1% missing data
 100   (0.960) 0.994 0.998 1.000 0.997 1.000 1.000 0.999 0.998 0.976 0.999 0.999 0.976 0.997 0.961 0.992 1.000 
 110   (0.040) 0.006 0.002 0.000 0.003 0.000 0.000 0.001 0.002 0.024 0.001 0.001 0.024 0.003 0.039 0.008 0.000 

Locus 193 : 226245_11 
2 alleles
5.1% missing data
 130   (0.959) 0.994 0.998 1.000 0.997 1.000 1.000 0.999 0.999 0.999 0.907 0.999 0.975 0.997 0.963 0.994 1.000 
 110   (0.041) 0.006 0.002 0.000 0.003 0.000 0.000 0.001 0.001 0.001 0.093 0.001 0.025 0.003 0.037 0.006 0.000 

Locus 194 : 226342_59 
2 alleles
6.2% missing data
 120   (0.927) 0.990 0.996 0.996 0.994 0.998 0.998 0.996 0.993 0.965 0.997 0.998 0.953 0.911 0.931 0.985 0.999 
 100   (0.073) 0.010 0.004 0.004 0.006 0.002 0.002 0.004 0.007 0.035 0.003 0.002 0.047 0.089 0.069 0.015 0.001 

Locus 195 : 228970_13 
2 alleles
3.9% missing data
 120   (0.961) 0.995 0.998 1.000 0.957 1.000 1.000 0.999 0.999 0.999 0.999 0.999 0.977 0.997 0.964 0.993 1.000 
 100   (0.039) 0.005 0.002 0.000 0.043 0.000 0.000 0.001 0.001 0.001 0.001 0.001 0.023 0.003 0.036 0.007 0.000 

Locus 196 : 229097_27 
2 alleles
5.1% missing data
 130   (0.952) 0.995 0.998 1.000 0.996 1.000 1.000 0.999 0.999 0.999 0.999 0.999 0.972 0.791 0.957 0.992 1.000 
 110   (0.048) 0.005 0.002 0.000 0.004 0.000 0.000 0.001 0.001 0.001 0.001 0.001 0.028 0.209 0.043 0.008 0.000 

Locus 197 : 229177_29 
2 alleles
7.3% missing data
 130   (0.953) 0.994 0.996 0.996 0.996 0.994 0.996 0.789 0.995 0.998 0.998 0.999 0.972 0.996 0.957 0.991 0.999 
 110   (0.047) 0.006 0.004 0.004 0.004 0.006 0.004 0.211 0.005 0.002 0.002 0.001 0.028 0.004 0.043 0.009 0.001 

Locus 198 : 229612_7 
2 alleles
6.2% missing data
 100   (0.959) 0.994 0.998 0.998 0.997 1.000 1.000 0.999 0.998 0.999 0.999 0.999 0.968 0.997 0.959 0.985 1.000 
 120   (0.041) 0.006 0.002 0.002 0.003 0.000 0.000 0.001 0.002 0.001 0.001 0.001 0.032 0.003 0.041 0.015 0.000 

Locus 199 : 229936_67 
2 alleles
3.9% missing data
 120   (0.956) 0.995 0.997 0.997 0.997 1.000 0.995 0.998 0.970 0.998 0.972 0.999 0.968 0.997 0.951 0.984 0.986 
 100   (0.044) 0.005 0.003 0.003 0.003 0.000 0.005 0.002 0.030 0.002 0.028 0.001 0.032 0.003 0.049 0.016 0.014 

Locus 200 : 232937_62 
2 alleles
2.2% missing data
 100   (0.962) 0.995 0.998 1.000 0.997 1.000 1.000 0.988 0.999 0.999 0.999 0.999 0.974 0.997 0.960 0.992 1.000 
 120   (0.038) 0.005 0.002 0.000 0.003 0.000 0.000 0.012 0.001 0.001 0.001 0.001 0.026 0.003 0.040 0.008 0.000 

Locus 201 : 233194_6 
2 alleles
2.8% missing data
 120   (0.933) 0.992 0.996 0.999 0.995 1.000 1.000 0.998 0.997 0.961 0.998 0.999 0.960 0.666 0.937 0.985 0.999 
 100   (0.067) 0.008 0.004 0.001 0.005 0.000 0.000 0.002 0.003 0.039 0.002 0.001 0.040 0.334 0.063 0.015 0.001 

Locus 202 : 234346_33 
2 alleles
4.5% missing data
 110   (0.958) 0.996 0.998 1.000 0.997 1.000 1.000 0.999 0.999 0.811 0.999 0.999 0.976 0.997 0.962 0.993 1.000 
 130   (0.042) 0.004 0.002 0.000 0.003 0.000 0.000 0.001 0.001 0.189 0.001 0.001 0.024 0.003 0.038 0.007 0.000 

Locus 203 : 235241_77 
2 alleles
2.2% missing data
 130   (0.953) 0.995 0.998 1.000 0.996 1.000 1.000 0.999 0.998 0.999 0.999 0.999 0.973 0.838 0.957 0.992 1.000 
 100   (0.047) 0.005 0.002 0.000 0.004 0.000 0.000 0.001 0.002 0.001 0.001 0.001 0.027 0.162 0.043 0.008 0.000 

Locus 204 : 236207_44 
2 alleles
6.2% missing data
 120   (0.904) 0.875 0.996 0.999 0.965 1.000 1.000 0.997 0.997 0.997 0.762 0.998 0.941 0.993 0.912 0.982 0.712 
 100   (0.096) 0.125 0.004 0.001 0.035 0.000 0.000 0.003 0.003 0.003 0.238 0.002 0.059 0.007 0.088 0.018 0.288 

Locus 205 : 236307_12 
2 alleles
1.7% missing data
 130   (0.953) 0.989 0.997 0.999 0.991 1.000 1.000 0.999 0.995 0.999 0.998 0.566 0.972 0.997 0.957 0.991 1.000 
 110   (0.047) 0.011 0.003 0.001 0.009 0.000 0.000 0.001 0.005 0.001 0.002 0.434 0.028 0.003 0.043 0.009 0.000 

Locus 206 : 236931_45 
2 alleles
6.7% missing data
 120   (0.892) 0.478 0.995 0.996 0.708 1.000 1.000 0.997 0.995 0.997 0.992 0.997 0.816 0.992 0.901 0.775 0.999 
 100   (0.108) 0.522 0.005 0.004 0.292 0.000 0.000 0.003 0.005 0.003 0.008 0.003 0.184 0.008 0.099 0.225 0.001 

Locus 207 : 236999_38 
2 alleles
2.8% missing data
 120   (0.958) 0.995 0.998 1.000 0.997 1.000 1.000 0.999 0.998 0.999 0.999 0.999 0.976 0.945 0.962 0.993 1.000 
 100   (0.042) 0.005 0.002 0.000 0.003 0.000 0.000 0.001 0.002 0.001 0.001 0.001 0.024 0.055 0.038 0.007 0.000 

Locus 208 : 240398_42 
2 alleles
3.9% missing data
 110   (0.857) 0.462 0.994 0.983 0.883 0.999 0.999 0.996 0.994 0.996 0.995 0.611 0.831 0.989 0.860 0.856 0.999 
 130   (0.143) 0.538 0.006 0.017 0.117 0.001 0.001 0.004 0.006 0.004 0.005 0.389 0.169 0.011 0.140 0.144 0.001 

Locus 209 : 240825_22 
2 alleles
6.2% missing data
 130   (0.959) 0.991 0.994 0.999 0.997 0.999 0.999 0.996 0.986 0.999 0.997 0.998 0.974 0.997 0.958 0.992 0.999 
 110   (0.041) 0.009 0.006 0.001 0.003 0.001 0.001 0.004 0.014 0.001 0.003 0.002 0.026 0.003 0.042 0.008 0.001 

Locus 210 : 244435_48 
2 alleles
1.7% missing data
 110   (0.960) 0.996 0.998 1.000 0.997 1.000 1.000 0.999 0.999 0.999 0.907 0.999 0.976 0.997 0.964 0.993 1.000 
 130   (0.040) 0.004 0.002 0.000 0.003 0.000 0.000 0.001 0.001 0.001 0.093 0.001 0.024 0.003 0.036 0.007 0.000 

Locus 211 : 245971_21 
2 alleles
5.1% missing data
 130   (0.959) 0.996 0.998 1.000 0.997 1.000 1.000 0.999 0.999 0.999 0.999 0.999 0.975 0.914 0.963 0.993 1.000 
 120   (0.041) 0.004 0.002 0.000 0.003 0.000 0.000 0.001 0.001 0.001 0.001 0.001 0.025 0.086 0.037 0.007 0.000 

Locus 212 : 246895_22 
2 alleles
3.4% missing data
 120   (0.961) 0.995 0.998 0.999 0.997 1.000 1.000 0.999 0.995 0.999 0.999 0.993 0.970 0.997 0.955 0.988 1.000 
 110   (0.039) 0.005 0.002 0.001 0.003 0.000 0.000 0.001 0.005 0.001 0.001 0.007 0.030 0.003 0.045 0.012 0.000 

Locus 213 : 248131_26 
2 alleles
7.9% missing data
 130   (0.948) 0.991 0.952 0.998 0.994 0.999 0.999 0.997 0.997 0.998 0.995 0.998 0.961 0.996 0.951 0.967 0.999 
 110   (0.052) 0.009 0.048 0.002 0.006 0.001 0.001 0.003 0.003 0.002 0.005 0.002 0.039 0.004 0.049 0.033 0.001 

Locus 214 : 250844_49 
2 alleles
7.3% missing data
 130   (0.960) 0.996 0.998 1.000 0.996 1.000 1.000 0.999 0.995 0.999 0.999 0.999 0.964 0.997 0.959 0.980 1.000 
 100   (0.040) 0.004 0.002 0.000 0.004 0.000 0.000 0.001 0.005 0.001 0.001 0.001 0.036 0.003 0.041 0.020 0.000 

Locus 215 : 251283_19 
2 alleles
5.6% missing data
 120   (0.957) 0.841 0.998 1.000 0.997 1.000 1.000 0.999 0.999 0.999 0.999 0.999 0.974 0.997 0.961 0.993 1.000 
 100   (0.043) 0.159 0.002 0.000 0.003 0.000 0.000 0.001 0.001 0.001 0.001 0.001 0.026 0.003 0.039 0.007 0.000 

Locus 216 : 251358_15 
2 alleles
8.4% missing data
 110   (0.936) 0.990 0.997 0.998 0.994 1.000 1.000 0.998 0.995 0.998 0.947 0.999 0.886 0.995 0.940 0.853 0.999 
 120   (0.064) 0.010 0.003 0.002 0.006 0.000 0.000 0.002 0.005 0.002 0.053 0.001 0.114 0.005 0.060 0.147 0.001 

Locus 217 : 251901_42 
2 alleles
2.2% missing data
 120   (0.962) 0.995 0.974 1.000 0.997 1.000 1.000 0.999 0.997 0.999 0.998 0.999 0.976 0.997 0.958 0.992 0.999 
 100   (0.038) 0.005 0.026 0.000 0.003 0.000 0.000 0.001 0.003 0.001 0.002 0.001 0.024 0.003 0.042 0.008 0.001 

Locus 218 : 252158_43 
2 alleles
0.0% missing data
 120   (0.957) 0.995 0.998 1.000 0.997 1.000 1.000 0.999 0.999 0.999 0.999 0.999 0.975 0.918 0.961 0.993 1.000 
 100   (0.043) 0.005 0.002 0.000 0.003 0.000 0.000 0.001 0.001 0.001 0.001 0.001 0.025 0.082 0.039 0.007 0.000 

Locus 219 : 252988_16 
2 alleles
7.9% missing data
 110   (0.952) 0.994 0.692 0.999 0.997 1.000 1.000 0.999 0.997 0.998 0.998 0.998 0.970 0.996 0.956 0.990 1.000 
 100   (0.048) 0.006 0.308 0.001 0.003 0.000 0.000 0.001 0.003 0.002 0.002 0.002 0.030 0.004 0.044 0.010 0.000 

Locus 220 : 254425_88 
2 alleles
5.6% missing data
 130   (0.928) 0.991 0.997 0.999 0.995 1.000 1.000 0.997 0.998 0.879 0.998 0.999 0.956 0.772 0.935 0.988 0.999 
 110   (0.072) 0.009 0.003 0.001 0.005 0.000 0.000 0.003 0.002 0.121 0.002 0.001 0.044 0.228 0.065 0.012 0.001 

Locus 221 : 256337_57 
2 alleles
5.6% missing data
 110   (0.960) 0.935 0.998 1.000 0.997 1.000 1.000 0.999 0.999 0.999 0.999 0.999 0.977 0.997 0.963 0.992 1.000 
 130   (0.040) 0.065 0.002 0.000 0.003 0.000 0.000 0.001 0.001 0.001 0.001 0.001 0.023 0.003 0.037 0.008 0.000 

Locus 222 : 259058_15 
2 alleles
1.7% missing data
 120   (0.960) 0.996 0.998 1.000 0.997 1.000 1.000 0.999 0.999 0.869 0.999 0.999 0.977 0.997 0.964 0.993 1.000 
 100   (0.040) 0.004 0.002 0.000 0.003 0.000 0.000 0.001 0.001 0.131 0.001 0.001 0.023 0.003 0.036 0.007 0.000 

Locus 223 : 259869_81 
2 alleles
0.6% missing data
 120   (0.959) 0.995 0.998 1.000 0.997 1.000 1.000 0.999 0.999 0.938 0.999 0.999 0.976 0.997 0.963 0.993 1.000 
 130   (0.041) 0.005 0.002 0.000 0.003 0.000 0.000 0.001 0.001 0.062 0.001 0.001 0.024 0.003 0.037 0.007 0.000 

Locus 224 : 260700_55 
2 alleles
2.2% missing data
 130   (0.961) 0.995 0.997 0.999 0.997 1.000 1.000 0.970 0.998 0.998 0.998 0.999 0.975 0.997 0.963 0.992 1.000 
 110   (0.039) 0.005 0.003 0.001 0.003 0.000 0.000 0.030 0.002 0.002 0.002 0.001 0.025 0.003 0.037 0.008 0.000 

Locus 225 : 262223_11 
2 alleles
4.5% missing data
 130   (0.960) 0.996 0.998 1.000 0.997 1.000 1.000 0.848 0.999 0.999 0.999 0.999 0.976 0.997 0.964 0.994 1.000 
 100   (0.040) 0.004 0.002 0.000 0.003 0.000 0.000 0.152 0.001 0.001 0.001 0.001 0.024 0.003 0.036 0.006 0.000 

Locus 226 : 262346_48 
2 alleles
3.4% missing data
 130   (0.956) 0.441 0.998 1.000 0.997 1.000 1.000 0.999 0.999 0.999 0.999 0.999 0.975 0.997 0.960 0.993 1.000 
 110   (0.044) 0.559 0.002 0.000 0.003 0.000 0.000 0.001 0.001 0.001 0.001 0.001 0.025 0.003 0.040 0.007 0.000 

Locus 227 : 262620_18 
2 alleles
3.9% missing data
 110   (0.945) 0.989 0.996 0.998 0.994 0.998 0.998 0.997 0.990 0.998 0.992 0.989 0.960 0.995 0.942 0.985 0.994 
 130   (0.055) 0.011 0.004 0.002 0.006 0.002 0.002 0.003 0.010 0.002 0.008 0.011 0.040 0.005 0.058 0.015 0.006 

Locus 228 : 263002_42 
2 alleles
3.4% missing data
 120   (0.954) 0.994 0.998 0.998 0.997 1.000 1.000 0.999 0.997 0.999 0.998 0.999 0.905 0.997 0.958 0.887 1.000 
 100   (0.046) 0.006 0.002 0.002 0.003 0.000 0.000 0.001 0.003 0.001 0.002 0.001 0.095 0.003 0.042 0.113 0.000 

Locus 229 : 263813_70 
2 alleles
10.1% missing data
 130   (0.958) 0.995 0.998 1.000 0.997 1.000 1.000 0.999 0.999 0.934 0.999 0.999 0.975 0.997 0.963 0.993 1.000 
 110   (0.042) 0.005 0.002 0.000 0.003 0.000 0.000 0.001 0.001 0.066 0.001 0.001 0.025 0.003 0.037 0.007 0.000 

Locus 230 : 264184_13 
2 alleles
10.1% missing data
 110   (0.919) 0.948 0.827 0.999 0.994 1.000 1.000 0.998 0.997 0.997 0.843 0.998 0.950 0.993 0.920 0.985 0.999 
 130   (0.081) 0.052 0.173 0.001 0.006 0.000 0.000 0.002 0.003 0.003 0.157 0.002 0.050 0.007 0.080 0.015 0.001 

Values of parameters used in structure:
DATAFILE=C:\Users\jmahg\OneDrive\Desktop\Transfers\TrkNbr-1524n1282n1083_AllPops_Structure_p18_r080_LDnHWEx\project_data,	OUTFILE=C:\Users\jmahg\OneDrive\Desktop\Transfers\TrkNbr-1524n1282n1083_AllPops_Structure_p18_r080_LDnHWEx\BI50000_MCMC100000\Results\BI50000_MCMC100000_run_158,	NUMINDS=178,	NUMLOCI=230,	MISSING=0,	LABEL=1,	POPDATA=1,	POPFLAG=0,	PHENOTYPE=0,	EXTRACOLS=0,	MAXPOPS=16,	BURNIN=50000,	NUMREPS=100000,	USEPOPINFO=0,	INFERALPHA=1,	INFERLAMBDA=0,	POPSPECIFICLAMBDA=0,	POPALPHAS=0,	COMPUTEPROB=1,	NOADMIX=0,	ADMBURNIN=2500,	UPDATEFREQ=1,	PRINTLIKES=0,	INTERMEDSAVE=0,	PRINTKLD=0,	PRINTNET=0,	PRINTLAMBDA=0,	ANCESTDIST=0,	NUMBOXES=1000,	ANCESTPINT=0.90000,	GENSBACK=2,	MIGRPRIOR=0.05000,	PRINTQHAT=0,	PRINTQSUM=0,	ALPHA=1.0000,	FREQSCORR=1,	FPRIORMEAN=0.0100,	FPRIORSD=0.0500,	ONEFST=0,	LAMBDA=1.0000,	UNIFPRIORALPHA=1,	ALPHAMAX=10.0000,	ALPHAPRIORA=1.0000,	ALPHAPRIORB=2.0000,	ALPHAPROPSD=0.0250,	STARTATPOPINFO=0,	RANDOMIZE=1,	LINKAGE=0,	METROFREQ=10,	REPORTHITRATE=0,	MARKOVPHASE=-1,	PHASED=0,	PLOIDY=2,	PHASEINFO=0	LOCPRIOR=0, 	LOCPRIORINIT=1.000000, 	LOCDATA=0, 	LOCISPOP=0, 	LOCPRIORSTEP=0.100000, 	MAXLOCPRIOR=20.000000, 	SEED=1603027071,	
[STRAT parameters]:    NUMSIMSTATS=1000,	PHENOTYPECOL=-9,	POOLFREQ=10,	LOCUSxONLY=0,	EMERROR=0.00100,	MISSINGPHENO=-9,	