

----------------------------------------------------
STRUCTURE by Pritchard, Stephens and Donnelly (2000)
     and Falush, Stephens and Pritchard (2003)
       Code by Pritchard, Falush and Hubisz
             Version 2.3.4 (Jul 2012)
----------------------------------------------------



Command line arguments:   bin\structure -m C:\Users\jmahg\OneDrive\Desktop\Transfers\TrkNbr-1524n1282n1083_AllPops_Structure_p18_r080_LDnHWEx\BI50000_MCMC100000\mainparams -e C:\Users\jmahg\OneDrive\Desktop\Transfers\TrkNbr-1524n1282n1083_AllPops_Structure_p18_r080_LDnHWEx\BI50000_MCMC100000\extraparams 
Input File:    C:\Users\jmahg\OneDrive\Desktop\Transfers\TrkNbr-1524n1282n1083_AllPops_Structure_p18_r080_LDnHWEx\project_data

Run parameters:
   178 individuals
   230 loci
   14 populations assumed
   50000 Burn-in period
   100000 Reps


--------------------------------------------
Proportion of membership of each pre-defined
 population in each of the 14 clusters

Given    Inferred Clusters                                                                                    Number of
 Pop       1      2      3      4      5      6      7      8      9     10     11     12     13     14      Individuals

  1:     0.007  0.004  0.017  0.002  0.032  0.009  0.011  0.794  0.046  0.023  0.011  0.009  0.007  0.028       10
  2:     0.009  0.011  0.562  0.002  0.080  0.023  0.015  0.040  0.119  0.007  0.004  0.035  0.022  0.072        8
  3:     0.009  0.003  0.016  0.002  0.108  0.010  0.575  0.013  0.098  0.007  0.004  0.019  0.010  0.124       10
  4:     0.013  0.007  0.101  0.002  0.119  0.007  0.035  0.026  0.096  0.022  0.019  0.433  0.007  0.114       10
  5:     0.015  0.003  0.008  0.895  0.015  0.003  0.009  0.008  0.014  0.004  0.003  0.005  0.003  0.015       10
  6:     0.013  0.004  0.021  0.003  0.176  0.003  0.409  0.025  0.136  0.009  0.005  0.009  0.003  0.186       10
  7:     0.009  0.003  0.021  0.002  0.075  0.004  0.014  0.642  0.157  0.005  0.004  0.009  0.003  0.052       10
  8:     0.012  0.014  0.300  0.003  0.087  0.030  0.047  0.080  0.120  0.119  0.036  0.049  0.034  0.069       10
  9:     0.013  0.003  0.019  0.002  0.265  0.002  0.025  0.066  0.349  0.006  0.004  0.007  0.002  0.236       10
 10:     0.015  0.004  0.023  0.002  0.288  0.003  0.056  0.020  0.217  0.007  0.005  0.009  0.003  0.348       10
 11:     0.009  0.006  0.042  0.002  0.074  0.022  0.015  0.020  0.071  0.606  0.006  0.016  0.022  0.088       10
 12:     0.011  0.005  0.064  0.002  0.052  0.003  0.016  0.021  0.041  0.655  0.066  0.015  0.004  0.046       10
 13:     0.009  0.007  0.011  0.002  0.023  0.007  0.012  0.015  0.022  0.011  0.841  0.009  0.008  0.022       10
 14:     0.758  0.003  0.012  0.010  0.052  0.004  0.019  0.011  0.043  0.005  0.004  0.008  0.004  0.066       10
 15:     0.801  0.003  0.010  0.007  0.038  0.004  0.032  0.010  0.031  0.006  0.004  0.006  0.004  0.043       10
 16:     0.010  0.015  0.045  0.002  0.119  0.026  0.038  0.031  0.135  0.014  0.006  0.464  0.025  0.070       10
 17:     0.012  0.533  0.060  0.003  0.072  0.006  0.021  0.029  0.063  0.079  0.018  0.030  0.006  0.068       10
 18:     0.011  0.003  0.010  0.852  0.027  0.003  0.014  0.010  0.027  0.006  0.004  0.006  0.003  0.024       10
--------------------------------------------

Allele-freq. divergence among pops (Net nucleotide distance),
computed using point estimates of P.

      1       2       3       4       5       6       7       8       9      10      11      12      13      14      
 1      -    0.0101  0.0044  0.0067  0.0016  0.0038  0.0025  0.0037  0.0017  0.0039  0.0065  0.0054  0.0038  0.0016  
 2   0.0101     -    0.0068  0.0152  0.0087  0.0073  0.0096  0.0100  0.0089  0.0080  0.0107  0.0116  0.0073  0.0088  
 3   0.0044  0.0068     -    0.0099  0.0028  0.0047  0.0038  0.0045  0.0029  0.0042  0.0073  0.0064  0.0047  0.0029  
 4   0.0067  0.0152  0.0099     -    0.0072  0.0061  0.0077  0.0092  0.0073  0.0093  0.0117  0.0108  0.0061  0.0072  
 5   0.0016  0.0087  0.0028  0.0072     -    0.0036  0.0010  0.0018  0.0001  0.0025  0.0051  0.0038  0.0036  0.0000  
 6   0.0038  0.0073  0.0047  0.0061  0.0036     -    0.0038  0.0042  0.0036  0.0031  0.0050  0.0051  0.0000  0.0037  
 7   0.0025  0.0096  0.0038  0.0077  0.0010  0.0038     -    0.0031  0.0012  0.0034  0.0059  0.0044  0.0038  0.0010  
 8   0.0037  0.0100  0.0045  0.0092  0.0018  0.0042  0.0031     -    0.0014  0.0038  0.0067  0.0057  0.0042  0.0021  
 9   0.0017  0.0089  0.0029  0.0073  0.0001  0.0036  0.0012  0.0014     -    0.0026  0.0052  0.0039  0.0036  0.0002  
10   0.0039  0.0080  0.0042  0.0093  0.0025  0.0031  0.0034  0.0038  0.0026     -    0.0046  0.0055  0.0031  0.0025  
11   0.0065  0.0107  0.0073  0.0117  0.0051  0.0050  0.0059  0.0067  0.0052  0.0046     -    0.0084  0.0050  0.0051  
12   0.0054  0.0116  0.0064  0.0108  0.0038  0.0051  0.0044  0.0057  0.0039  0.0055  0.0084     -    0.0051  0.0039  
13   0.0038  0.0073  0.0047  0.0061  0.0036  0.0000  0.0038  0.0042  0.0036  0.0031  0.0050  0.0051     -    0.0037  
14   0.0016  0.0088  0.0029  0.0072  0.0000  0.0037  0.0010  0.0021  0.0002  0.0025  0.0051  0.0039  0.0037     -    

Average distances (expected heterozygosity) between individuals in same cluster:
cluster  1  : 0.0221 
cluster  2  : 0.0452 
cluster  3  : 0.0129 
cluster  4  : 0.0663 
cluster  5  : 0.0026 
cluster  6  : 0.1081 
cluster  7  : 0.0134 
cluster  8  : 0.0142 
cluster  9  : 0.0034 
cluster 10  : 0.0312 
cluster 11  : 0.0390 
cluster 12  : 0.0231 
cluster 13  : 0.1082 
cluster 14  : 0.0016 

--------------------------------------------
Estimated Ln Prob of Data   = -3648.5
Mean value of ln likelihood = -3283.2
Variance of ln likelihood   = 730.7
Mean value of alpha         = 0.0347

Mean value of Fst_1         = 0.5850
Mean value of Fst_2         = 0.4438
Mean value of Fst_3         = 0.7834
Mean value of Fst_4         = 0.3017
Mean value of Fst_5         = 0.9270
Mean value of Fst_6         = 0.0040
Mean value of Fst_7         = 0.7246
Mean value of Fst_8         = 0.7069
Mean value of Fst_9         = 0.9172
Mean value of Fst_10         = 0.4761
Mean value of Fst_11         = 0.4681
Mean value of Fst_12         = 0.6069
Mean value of Fst_13         = 0.0021
Mean value of Fst_14         = 0.9376


Inferred ancestry of individuals:
        Label (%Miss) Pop:  Inferred clusters
  1 TGCP_WM1    (0)    1 :  0.009 0.004 0.020 0.002 0.020 0.009 0.012 0.795 0.064 0.007 0.005 0.008 0.010 0.035 
  2 TGCP_WM10    (1)    1 :  0.009 0.004 0.042 0.002 0.103 0.002 0.029 0.590 0.133 0.013 0.003 0.008 0.002 0.061 
  3 TGCP_WM2    (0)    1 :  0.009 0.004 0.011 0.002 0.040 0.043 0.010 0.709 0.074 0.006 0.004 0.011 0.028 0.046 
  4 TGCP_WM3    (1)    1 :  0.008 0.003 0.006 0.002 0.018 0.002 0.007 0.893 0.018 0.008 0.003 0.007 0.002 0.025 
  5 TGCP_WM4    (0)    1 :  0.007 0.004 0.007 0.002 0.016 0.004 0.008 0.812 0.019 0.084 0.004 0.012 0.004 0.016 
  6 TGCP_WM5    (0)    1 :  0.005 0.003 0.025 0.002 0.017 0.015 0.010 0.805 0.038 0.021 0.015 0.008 0.014 0.022 
  7 TGCP_WM6    (0)    1 :  0.005 0.005 0.007 0.002 0.016 0.002 0.010 0.875 0.017 0.024 0.013 0.009 0.002 0.011 
  8 TGCP_WM7    (0)    1 :  0.012 0.009 0.031 0.002 0.076 0.004 0.017 0.681 0.076 0.005 0.023 0.016 0.004 0.045 
  9 TGCP_WM8    (0)    1 :  0.005 0.003 0.012 0.002 0.011 0.003 0.008 0.829 0.015 0.054 0.034 0.005 0.003 0.016 
 10 TGCP_WM9    (0)    1 :  0.004 0.003 0.004 0.002 0.006 0.003 0.004 0.950 0.007 0.004 0.002 0.005 0.002 0.006 
 11 MRLP_WM123    (3)    2 :  0.010 0.005 0.667 0.003 0.014 0.098 0.010 0.011 0.035 0.012 0.005 0.020 0.086 0.024 
 12 MRLP_WM124    (4)    2 :  0.010 0.004 0.850 0.002 0.029 0.002 0.016 0.008 0.031 0.006 0.004 0.008 0.001 0.030 
 13 MRLP_WM125    (1)    2 :  0.007 0.035 0.669 0.002 0.017 0.073 0.008 0.039 0.034 0.013 0.004 0.006 0.076 0.016 
 14 MRLP_WM126    (2)    2 :  0.012 0.002 0.016 0.002 0.301 0.002 0.036 0.016 0.233 0.005 0.003 0.008 0.001 0.362 
 15 MRLP_WM127    (3)    2 :  0.013 0.027 0.031 0.003 0.201 0.005 0.018 0.141 0.449 0.008 0.005 0.007 0.005 0.086 
 16 MRLP_WM128    (3)    2 :  0.005 0.004 0.933 0.001 0.011 0.001 0.007 0.006 0.011 0.003 0.003 0.004 0.002 0.010 
 17 MRLP_WM129    (7)    2 :  0.006 0.003 0.588 0.002 0.036 0.004 0.012 0.028 0.066 0.006 0.003 0.222 0.004 0.019 
 18 MRLP_WM130    (5)    2 :  0.010 0.003 0.738 0.002 0.032 0.002 0.012 0.067 0.090 0.005 0.003 0.008 0.002 0.026 
 19 STT_WM183    (2)    3 :  0.010 0.005 0.010 0.003 0.037 0.080 0.673 0.011 0.031 0.020 0.004 0.007 0.073 0.038 
 20 STT_WM184    (3)    3 :  0.010 0.005 0.013 0.003 0.045 0.007 0.762 0.009 0.026 0.007 0.006 0.049 0.007 0.049 
 21 STT_WM185   (15)    3 :  0.013 0.004 0.034 0.002 0.276 0.002 0.055 0.031 0.276 0.006 0.004 0.008 0.002 0.288 
 22 STT_WM186   (13)    3 :  0.011 0.003 0.031 0.002 0.268 0.002 0.046 0.018 0.257 0.008 0.006 0.013 0.002 0.333 
 23 STT_WM187   (13)    3 :  0.008 0.003 0.011 0.002 0.021 0.002 0.892 0.009 0.012 0.005 0.006 0.004 0.002 0.023 
 24 STT_WM188    (3)    3 :  0.005 0.002 0.006 0.001 0.009 0.002 0.941 0.004 0.009 0.004 0.002 0.003 0.002 0.011 
 25 STT_WM189    (0)    3 :  0.012 0.002 0.020 0.002 0.298 0.001 0.036 0.016 0.245 0.004 0.004 0.007 0.001 0.350 
 26 STT_WM190   (11)    3 :  0.007 0.002 0.007 0.002 0.016 0.001 0.915 0.009 0.016 0.005 0.003 0.005 0.002 0.010 
 27 STT_WM191    (7)    3 :  0.010 0.003 0.016 0.003 0.098 0.002 0.604 0.018 0.089 0.010 0.004 0.010 0.002 0.132 
 28 STT_WM192   (12)    3 :  0.006 0.005 0.007 0.002 0.014 0.006 0.824 0.006 0.017 0.005 0.004 0.088 0.006 0.010 
 29 FSSP_WM241    (3)    4 :  0.016 0.012 0.194 0.003 0.169 0.006 0.037 0.060 0.132 0.029 0.030 0.138 0.008 0.165 
 30 FSSP_WM242   (15)    4 :  0.015 0.003 0.019 0.002 0.313 0.002 0.053 0.018 0.244 0.009 0.005 0.009 0.002 0.306 
 31 FSSP_WM243    (6)    4 :  0.006 0.003 0.004 0.002 0.009 0.010 0.007 0.006 0.011 0.005 0.004 0.910 0.009 0.014 
 32 FSSP_WM244    (5)    4 :  0.014 0.020 0.398 0.002 0.119 0.006 0.028 0.086 0.099 0.034 0.099 0.021 0.005 0.069 
 33 FSSP_WM245   (10)    4 :  0.015 0.003 0.024 0.003 0.164 0.002 0.048 0.022 0.166 0.009 0.005 0.308 0.002 0.228 
 34 FSSP_WM246    (6)    4 :  0.026 0.005 0.055 0.002 0.259 0.006 0.103 0.026 0.191 0.012 0.008 0.079 0.006 0.224 
 35 FSSP_WM247    (3)    4 :  0.009 0.007 0.013 0.002 0.016 0.009 0.010 0.013 0.014 0.014 0.021 0.852 0.008 0.013 
 36 FSSP_WM248    (9)    4 :  0.008 0.003 0.011 0.002 0.010 0.003 0.008 0.006 0.009 0.018 0.011 0.887 0.003 0.020 
 37 FSSP_WM249    (6)    4 :  0.010 0.003 0.010 0.002 0.043 0.004 0.031 0.013 0.029 0.037 0.004 0.773 0.005 0.037 
 38 FSSP_WM250    (2)    4 :  0.009 0.015 0.278 0.003 0.090 0.018 0.022 0.012 0.065 0.049 0.005 0.352 0.018 0.064 
 39 HNL_WM301    (3)    5 :  0.016 0.002 0.007 0.913 0.011 0.001 0.008 0.005 0.013 0.004 0.003 0.005 0.002 0.009 
 40 HNL_WM302    (2)    5 :  0.006 0.002 0.004 0.946 0.006 0.002 0.004 0.005 0.006 0.004 0.003 0.004 0.002 0.007 
 41 HNL_WM303    (2)    5 :  0.008 0.002 0.009 0.893 0.020 0.002 0.009 0.008 0.017 0.005 0.004 0.005 0.002 0.015 
 42 HNL_WM304    (3)    5 :  0.031 0.002 0.013 0.823 0.032 0.002 0.010 0.010 0.027 0.004 0.004 0.007 0.002 0.032 
 43 HNL_WM305    (3)    5 :  0.008 0.003 0.006 0.925 0.008 0.004 0.007 0.006 0.009 0.003 0.003 0.005 0.004 0.008 
 44 HNL_WM306    (0)    5 :  0.011 0.003 0.006 0.926 0.006 0.003 0.006 0.005 0.009 0.003 0.004 0.005 0.005 0.007 
 45 HNL_WM307    (3)    5 :  0.009 0.003 0.008 0.912 0.014 0.002 0.007 0.008 0.009 0.003 0.003 0.005 0.002 0.014 
 46 HNL_WM308    (3)    5 :  0.021 0.003 0.008 0.889 0.016 0.002 0.010 0.007 0.013 0.004 0.003 0.005 0.003 0.017 
 47 HNL_WM309    (0)    5 :  0.024 0.003 0.011 0.847 0.023 0.006 0.013 0.011 0.018 0.007 0.005 0.007 0.005 0.019 
 48 HNL_WM310   (10)    5 :  0.015 0.003 0.010 0.873 0.016 0.002 0.015 0.010 0.019 0.004 0.004 0.006 0.002 0.020 
 49 MPO_WM482    (2)    6 :  0.010 0.003 0.006 0.003 0.021 0.002 0.901 0.007 0.018 0.003 0.003 0.005 0.002 0.016 
 50 MPO_WM483    (3)    6 :  0.020 0.004 0.015 0.003 0.247 0.004 0.328 0.019 0.142 0.007 0.004 0.009 0.003 0.194 
 51 MPO_WM484    (1)    6 :  0.009 0.003 0.021 0.002 0.120 0.002 0.595 0.013 0.098 0.005 0.004 0.008 0.002 0.118 
 52 MPO_WM485    (0)    6 :  0.009 0.005 0.008 0.003 0.086 0.005 0.738 0.013 0.061 0.005 0.005 0.018 0.006 0.040 
 53 MPO_WM486   (21)    6 :  0.017 0.004 0.026 0.002 0.250 0.002 0.035 0.046 0.248 0.008 0.006 0.014 0.002 0.338 
 54 MPO_WM487   (19)    6 :  0.018 0.004 0.027 0.002 0.106 0.003 0.550 0.024 0.087 0.012 0.006 0.010 0.003 0.148 
 55 MPO_WM488    (9)    6 :  0.012 0.002 0.017 0.002 0.316 0.001 0.055 0.015 0.218 0.005 0.004 0.007 0.002 0.343 
 56 MPO_WM489    (3)    6 :  0.009 0.007 0.021 0.003 0.020 0.003 0.800 0.072 0.016 0.025 0.003 0.003 0.003 0.015 
 57 MPO_WM490   (24)    6 :  0.014 0.005 0.032 0.002 0.298 0.002 0.052 0.024 0.232 0.009 0.007 0.007 0.002 0.314 
 58 MPO_WM491   (11)    6 :  0.012 0.003 0.034 0.002 0.292 0.002 0.035 0.019 0.242 0.007 0.003 0.007 0.002 0.338 
 59 OICP_WM541    (1)    7 :  0.009 0.003 0.009 0.002 0.031 0.001 0.010 0.847 0.041 0.005 0.004 0.009 0.002 0.030 
 60 OICP_WM542    (2)    7 :  0.010 0.003 0.010 0.002 0.037 0.001 0.010 0.843 0.042 0.006 0.004 0.005 0.002 0.026 
 61 OICP_WM543    (0)    7 :  0.009 0.003 0.012 0.002 0.025 0.002 0.009 0.871 0.024 0.005 0.003 0.006 0.001 0.027 
 62 OICP_WM544    (1)    7 :  0.011 0.008 0.089 0.002 0.071 0.024 0.043 0.297 0.302 0.004 0.006 0.035 0.012 0.095 
 63 OICP_WM545    (0)    7 :  0.008 0.003 0.018 0.002 0.061 0.002 0.013 0.723 0.103 0.007 0.004 0.006 0.001 0.048 
 64 OICP_WM546    (3)    7 :  0.008 0.003 0.020 0.002 0.221 0.001 0.011 0.110 0.504 0.006 0.002 0.006 0.002 0.104 
 65 OICP_WM547    (2)    7 :  0.009 0.003 0.021 0.002 0.236 0.001 0.016 0.100 0.485 0.005 0.004 0.006 0.001 0.110 
 66 OICP_WM548    (3)    7 :  0.010 0.002 0.010 0.002 0.023 0.001 0.008 0.873 0.027 0.005 0.003 0.006 0.002 0.027 
 67 OICP_WM549    (0)    7 :  0.007 0.003 0.010 0.002 0.012 0.001 0.009 0.911 0.013 0.003 0.003 0.006 0.002 0.018 
 68 OICP_WM550    (1)    7 :  0.010 0.002 0.010 0.002 0.035 0.001 0.011 0.848 0.027 0.005 0.004 0.006 0.002 0.036 
 69 IRO_WM601    (2)    8 :  0.011 0.004 0.067 0.003 0.072 0.007 0.018 0.326 0.154 0.216 0.029 0.035 0.006 0.053 
 70 IRO_WM602    (1)    8 :  0.011 0.005 0.090 0.003 0.179 0.008 0.020 0.150 0.405 0.012 0.006 0.011 0.009 0.090 
 71 IRO_WM603    (2)    8 :  0.009 0.004 0.019 0.003 0.040 0.017 0.014 0.010 0.026 0.592 0.194 0.030 0.015 0.030 
 72 IRO_WM604    (0)    8 :  0.011 0.011 0.668 0.002 0.020 0.092 0.013 0.005 0.011 0.017 0.004 0.005 0.118 0.022 
 73 IRO_WM605    (3)    8 :  0.007 0.015 0.729 0.002 0.021 0.002 0.006 0.104 0.020 0.069 0.003 0.005 0.003 0.014 
 74 IRO_WM606    (3)    8 :  0.012 0.022 0.717 0.003 0.047 0.004 0.047 0.011 0.038 0.010 0.005 0.010 0.005 0.069 
 75 IRO_WM607    (2)    8 :  0.015 0.015 0.361 0.003 0.124 0.013 0.022 0.023 0.115 0.079 0.005 0.121 0.011 0.092 
 76 IRO_WM608    (0)    8 :  0.008 0.010 0.058 0.002 0.119 0.085 0.019 0.111 0.241 0.132 0.018 0.046 0.078 0.075 
 77 IRO_WM609    (0)    8 :  0.018 0.013 0.235 0.003 0.148 0.058 0.036 0.042 0.121 0.050 0.038 0.015 0.080 0.143 
 78 IRO_WM610   (13)    8 :  0.017 0.043 0.055 0.003 0.103 0.016 0.271 0.019 0.073 0.010 0.063 0.213 0.014 0.100 
 79 HGRF_WM661    (5)    9 :  0.010 0.003 0.018 0.002 0.219 0.002 0.020 0.113 0.480 0.004 0.003 0.006 0.002 0.117 
 80 HGRF_WM662    (5)    9 :  0.014 0.002 0.022 0.002 0.286 0.001 0.031 0.020 0.280 0.006 0.004 0.006 0.002 0.324 
 81 HGRF_WM663    (4)    9 :  0.009 0.004 0.026 0.002 0.246 0.002 0.014 0.126 0.461 0.006 0.003 0.006 0.002 0.094 
 82 HGRF_WM664    (3)    9 :  0.012 0.003 0.019 0.002 0.284 0.002 0.021 0.032 0.295 0.006 0.003 0.009 0.002 0.311 
 83 HGRF_WM665    (1)    9 :  0.018 0.007 0.022 0.003 0.220 0.008 0.029 0.161 0.428 0.008 0.007 0.007 0.009 0.075 
 84 HGRF_WM666    (5)    9 :  0.018 0.003 0.020 0.002 0.298 0.001 0.031 0.017 0.242 0.005 0.004 0.006 0.001 0.352 
 85 HGRF_WM667    (0)    9 :  0.013 0.003 0.016 0.002 0.286 0.001 0.025 0.021 0.275 0.005 0.004 0.007 0.001 0.341 
 86 HGRF_WM668    (4)    9 :  0.011 0.003 0.019 0.002 0.256 0.002 0.013 0.106 0.486 0.004 0.004 0.007 0.001 0.087 
 87 HGRF_WM669    (5)    9 :  0.016 0.002 0.016 0.002 0.292 0.001 0.041 0.014 0.248 0.005 0.004 0.005 0.001 0.352 
 88 HGRF_WM670    (9)    9 :  0.009 0.003 0.014 0.002 0.265 0.002 0.026 0.046 0.300 0.009 0.005 0.007 0.001 0.311 
 89 PTP_WM721    (2)   10 :  0.029 0.006 0.030 0.004 0.221 0.010 0.048 0.030 0.189 0.010 0.008 0.015 0.010 0.391 
 90 PTP_WM722    (2)   10 :  0.011 0.004 0.019 0.003 0.283 0.009 0.074 0.018 0.194 0.007 0.006 0.009 0.009 0.354 
 91 PTP_WM723   (25)   10 :  0.019 0.004 0.034 0.002 0.293 0.002 0.048 0.033 0.209 0.006 0.005 0.007 0.002 0.336 
 92 PTP_WM724   (13)   10 :  0.020 0.003 0.019 0.002 0.323 0.002 0.051 0.020 0.230 0.009 0.005 0.011 0.002 0.303 
 93 PTP_WM725   (25)   10 :  0.019 0.003 0.018 0.003 0.261 0.002 0.055 0.023 0.238 0.011 0.005 0.015 0.002 0.344 
 94 PTP_WM726   (13)   10 :  0.008 0.003 0.024 0.002 0.306 0.002 0.033 0.022 0.258 0.008 0.005 0.008 0.001 0.320 
 95 PTP_WM727   (10)   10 :  0.016 0.003 0.052 0.003 0.285 0.001 0.045 0.019 0.228 0.007 0.004 0.007 0.001 0.329 
 96 PTP_WM728    (8)   10 :  0.013 0.003 0.013 0.002 0.316 0.001 0.037 0.020 0.239 0.005 0.005 0.007 0.002 0.338 
 97 PTP_WM729    (9)   10 :  0.010 0.003 0.011 0.002 0.298 0.002 0.072 0.008 0.188 0.005 0.004 0.004 0.002 0.392 
 98 PTP_WM730    (8)   10 :  0.006 0.003 0.011 0.002 0.289 0.001 0.100 0.007 0.193 0.004 0.003 0.007 0.001 0.372 
 99 RRL_WM782    (9)   11 :  0.011 0.003 0.023 0.002 0.293 0.002 0.042 0.021 0.234 0.007 0.004 0.008 0.002 0.347 
100 RRL_WM783    (8)   11 :  0.008 0.004 0.010 0.002 0.016 0.003 0.010 0.016 0.017 0.878 0.007 0.016 0.003 0.010 
101 RRL_WM784    (1)   11 :  0.011 0.008 0.018 0.002 0.024 0.005 0.017 0.011 0.034 0.821 0.009 0.008 0.003 0.029 
102 RRL_WM785    (1)   11 :  0.014 0.003 0.021 0.002 0.279 0.002 0.029 0.021 0.253 0.005 0.004 0.008 0.002 0.359 
103 RRL_WM786    (2)   11 :  0.007 0.014 0.107 0.002 0.009 0.004 0.007 0.009 0.007 0.790 0.004 0.025 0.004 0.010 
104 RRL_WM787    (3)   11 :  0.008 0.006 0.026 0.002 0.023 0.005 0.007 0.079 0.074 0.720 0.008 0.017 0.007 0.016 
105 RRL_WM788    (0)   11 :  0.005 0.003 0.007 0.002 0.007 0.093 0.006 0.006 0.008 0.728 0.008 0.013 0.107 0.008 
106 RRL_WM789    (2)   11 :  0.005 0.006 0.009 0.002 0.008 0.002 0.005 0.009 0.007 0.926 0.009 0.004 0.002 0.009 
107 RRL_WM790    (0)   11 :  0.013 0.012 0.176 0.002 0.022 0.100 0.011 0.011 0.026 0.487 0.005 0.008 0.085 0.042 
108 RRL_WM791    (0)   11 :  0.010 0.004 0.020 0.002 0.058 0.007 0.018 0.023 0.046 0.696 0.004 0.053 0.006 0.054 
109 RRO_WM842    (0)   12 :  0.009 0.008 0.072 0.002 0.028 0.003 0.011 0.007 0.018 0.805 0.007 0.013 0.004 0.013 
110 RRO_WM843    (7)   12 :  0.009 0.005 0.033 0.002 0.018 0.008 0.006 0.012 0.009 0.717 0.150 0.005 0.007 0.018 
111 RRO_WM844    (2)   12 :  0.009 0.006 0.348 0.002 0.073 0.002 0.017 0.011 0.043 0.040 0.350 0.012 0.003 0.084 
112 RRO_WM845    (4)   12 :  0.006 0.003 0.006 0.002 0.010 0.002 0.008 0.006 0.010 0.904 0.025 0.004 0.002 0.013 
113 RRO_WM846   (10)   12 :  0.016 0.004 0.018 0.002 0.055 0.003 0.013 0.009 0.047 0.746 0.021 0.014 0.002 0.050 
114 RRO_WM847    (6)   12 :  0.009 0.010 0.100 0.002 0.035 0.002 0.011 0.018 0.029 0.703 0.040 0.009 0.003 0.029 
115 RRO_WM848    (4)   12 :  0.018 0.004 0.018 0.002 0.136 0.006 0.048 0.032 0.102 0.457 0.015 0.067 0.007 0.086 
116 RRO_WM849    (5)   12 :  0.010 0.003 0.011 0.002 0.024 0.002 0.013 0.084 0.024 0.778 0.008 0.006 0.002 0.034 
117 RRO_WM850    (2)   12 :  0.009 0.005 0.014 0.002 0.035 0.003 0.009 0.012 0.025 0.840 0.005 0.006 0.003 0.032 
118 RRO_WM851    (1)   12 :  0.012 0.003 0.021 0.002 0.111 0.003 0.024 0.019 0.101 0.556 0.035 0.010 0.003 0.099 
119 CPS_WM901    (2)   13 :  0.006 0.005 0.020 0.002 0.014 0.003 0.008 0.008 0.011 0.019 0.884 0.008 0.003 0.011 
120 CPS_WM902    (2)   13 :  0.008 0.011 0.006 0.002 0.014 0.003 0.006 0.060 0.016 0.009 0.848 0.004 0.003 0.010 
121 CPS_WM903    (5)   13 :  0.005 0.012 0.009 0.002 0.010 0.002 0.006 0.006 0.009 0.015 0.908 0.004 0.002 0.011 
122 CPS_WM904    (1)   13 :  0.009 0.014 0.008 0.002 0.011 0.021 0.010 0.009 0.011 0.007 0.855 0.008 0.020 0.014 
123 CPS_WM905    (2)   13 :  0.005 0.006 0.006 0.002 0.008 0.026 0.015 0.005 0.006 0.008 0.851 0.028 0.027 0.006 
124 CPS_WM906    (3)   13 :  0.011 0.003 0.016 0.002 0.020 0.002 0.014 0.009 0.016 0.010 0.875 0.005 0.003 0.015 
125 CPS_WM907    (6)   13 :  0.010 0.003 0.011 0.003 0.052 0.002 0.016 0.015 0.057 0.009 0.763 0.009 0.002 0.048 
126 CPS_WM908    (3)   13 :  0.017 0.009 0.018 0.002 0.035 0.005 0.023 0.016 0.048 0.012 0.741 0.010 0.004 0.061 
127 CPS_WM909    (2)   13 :  0.013 0.004 0.013 0.002 0.046 0.002 0.015 0.016 0.035 0.009 0.807 0.008 0.002 0.028 
128 CPS_WM910    (1)   13 :  0.009 0.003 0.008 0.002 0.018 0.009 0.012 0.008 0.014 0.007 0.877 0.005 0.010 0.018 
129 PPNP_WM962    (1)   14 :  0.941 0.002 0.003 0.005 0.008 0.003 0.005 0.006 0.007 0.003 0.002 0.003 0.003 0.008 
130 PPNP_WM963    (0)   14 :  0.754 0.004 0.018 0.014 0.043 0.009 0.026 0.011 0.031 0.006 0.005 0.009 0.006 0.063 
131 PPNP_WM964    (0)   14 :  0.832 0.004 0.007 0.053 0.021 0.015 0.012 0.006 0.008 0.005 0.003 0.005 0.014 0.013 
132 PPNP_WM965    (4)   14 :  0.877 0.002 0.011 0.002 0.021 0.001 0.012 0.008 0.024 0.004 0.003 0.005 0.002 0.027 
133 PPNP_WM966    (4)   14 :  0.940 0.002 0.005 0.001 0.010 0.002 0.004 0.005 0.010 0.003 0.003 0.004 0.001 0.010 
134 PPNP_WM967    (4)   14 :  0.754 0.004 0.012 0.002 0.043 0.002 0.016 0.011 0.046 0.006 0.003 0.008 0.002 0.090 
135 PPNP_WM968    (5)   14 :  0.125 0.004 0.026 0.016 0.226 0.006 0.075 0.024 0.183 0.009 0.006 0.024 0.006 0.272 
136 PPNP_WM969    (2)   14 :  0.805 0.004 0.012 0.002 0.038 0.001 0.016 0.010 0.037 0.006 0.004 0.008 0.002 0.055 
137 PPNP_WM970    (2)   14 :  0.752 0.004 0.015 0.003 0.060 0.002 0.013 0.014 0.053 0.005 0.003 0.007 0.002 0.066 
138 PPNP_WM971    (2)   14 :  0.800 0.003 0.012 0.002 0.051 0.002 0.014 0.015 0.027 0.005 0.004 0.007 0.002 0.055 
139 FPPI_WM1021    (4)   15 :  0.854 0.004 0.011 0.003 0.024 0.007 0.016 0.016 0.019 0.006 0.004 0.007 0.006 0.023 
140 FPPI_WM1022    (4)   15 :  0.564 0.003 0.015 0.020 0.052 0.005 0.217 0.013 0.035 0.007 0.004 0.006 0.004 0.055 
141 FPPI_WM1023    (1)   15 :  0.851 0.002 0.008 0.004 0.022 0.001 0.016 0.010 0.028 0.008 0.004 0.006 0.002 0.039 
142 FPPI_WM1024    (5)   15 :  0.799 0.004 0.009 0.002 0.043 0.002 0.014 0.010 0.043 0.006 0.004 0.007 0.002 0.054 
143 FPPI_WM1025    (6)   15 :  0.777 0.003 0.014 0.004 0.064 0.002 0.013 0.016 0.053 0.006 0.004 0.006 0.002 0.037 
144 FPPI_WM1026    (1)   15 :  0.923 0.003 0.007 0.003 0.012 0.002 0.006 0.007 0.007 0.003 0.002 0.004 0.002 0.018 
145 FPPI_WM1027    (3)   15 :  0.942 0.002 0.005 0.002 0.009 0.002 0.006 0.006 0.007 0.003 0.003 0.003 0.002 0.008 
146 FPPI_WM1028    (2)   15 :  0.903 0.002 0.009 0.005 0.014 0.002 0.008 0.006 0.018 0.004 0.003 0.005 0.002 0.020 
147 FPPI_WM1029    (3)   15 :  0.517 0.003 0.020 0.022 0.127 0.003 0.019 0.016 0.093 0.008 0.004 0.012 0.002 0.156 
148 FPPI_WM1030    (1)   15 :  0.882 0.004 0.007 0.004 0.018 0.017 0.006 0.006 0.011 0.004 0.004 0.005 0.016 0.016 
149 CRWA_WM1082    (2)   16 :  0.005 0.003 0.007 0.002 0.011 0.002 0.006 0.004 0.005 0.003 0.003 0.942 0.002 0.006 
150 CRWA_WM1084    (5)   16 :  0.009 0.006 0.017 0.002 0.185 0.003 0.018 0.044 0.217 0.006 0.003 0.445 0.003 0.042 
151 CRWA_WM1085    (2)   16 :  0.011 0.007 0.013 0.002 0.148 0.002 0.023 0.009 0.160 0.007 0.004 0.545 0.002 0.067 
152 CRWA_WM1086    (9)   16 :  0.011 0.005 0.035 0.003 0.205 0.007 0.151 0.019 0.221 0.053 0.005 0.162 0.007 0.117 
153 CRWA_WM1087    (0)   16 :  0.013 0.019 0.023 0.002 0.089 0.080 0.023 0.021 0.073 0.007 0.018 0.445 0.094 0.092 
154 CRWA_WM1088    (1)   16 :  0.009 0.017 0.018 0.002 0.231 0.020 0.062 0.082 0.336 0.007 0.006 0.134 0.024 0.051 
155 CRWA_WM1089    (3)   16 :  0.012 0.005 0.016 0.002 0.064 0.002 0.034 0.029 0.084 0.008 0.004 0.641 0.002 0.097 
156 CRWA_WM1090    (0)   16 :  0.011 0.067 0.281 0.003 0.152 0.007 0.023 0.014 0.091 0.027 0.006 0.186 0.007 0.126 
157 CRWA_WM1092    (1)   16 :  0.014 0.015 0.014 0.003 0.066 0.096 0.022 0.024 0.077 0.008 0.005 0.519 0.070 0.068 
158 CRWA_WM1093    (1)   16 :  0.009 0.005 0.020 0.003 0.035 0.042 0.018 0.070 0.080 0.010 0.006 0.624 0.042 0.036 
159 PCRA_WM1141    (3)   17 :  0.008 0.544 0.198 0.002 0.052 0.002 0.018 0.014 0.044 0.009 0.004 0.049 0.003 0.053 
160 PCRA_WM1142    (3)   17 :  0.018 0.640 0.039 0.003 0.073 0.002 0.020 0.016 0.069 0.010 0.006 0.013 0.002 0.090 
161 PCRA_WM1143    (1)   17 :  0.018 0.440 0.084 0.003 0.100 0.001 0.029 0.018 0.111 0.013 0.005 0.008 0.002 0.169 
162 PCRA_WM1144    (2)   17 :  0.010 0.010 0.011 0.002 0.044 0.002 0.020 0.104 0.039 0.674 0.012 0.007 0.002 0.061 
163 PCRA_WM1145    (4)   17 :  0.018 0.333 0.067 0.002 0.182 0.007 0.051 0.032 0.104 0.013 0.028 0.029 0.007 0.126 
164 PCRA_WM1146    (2)   17 :  0.006 0.768 0.016 0.002 0.011 0.008 0.012 0.036 0.017 0.014 0.005 0.086 0.008 0.010 
165 PCRA_WM1147    (1)   17 :  0.011 0.129 0.140 0.002 0.220 0.003 0.032 0.012 0.215 0.009 0.003 0.085 0.002 0.136 
166 PCRA_WM1148    (0)   17 :  0.006 0.896 0.021 0.002 0.008 0.008 0.007 0.009 0.007 0.007 0.004 0.005 0.011 0.009 
167 PCRA_WM1149    (1)   17 :  0.010 0.745 0.009 0.002 0.014 0.011 0.016 0.023 0.011 0.024 0.103 0.007 0.012 0.012 
168 PCRA_WM1150    (0)   17 :  0.009 0.823 0.015 0.005 0.019 0.018 0.008 0.029 0.015 0.015 0.006 0.009 0.015 0.014 
169 DHFA_WM1202    (3)   18 :  0.021 0.004 0.025 0.695 0.071 0.002 0.030 0.015 0.063 0.006 0.005 0.015 0.002 0.045 
170 DHFA_WM1203    (1)   18 :  0.025 0.003 0.022 0.733 0.048 0.003 0.021 0.018 0.054 0.008 0.004 0.008 0.003 0.050 
171 DHFA_WM1204    (2)   18 :  0.014 0.003 0.010 0.761 0.033 0.003 0.026 0.017 0.051 0.009 0.005 0.008 0.003 0.056 
172 DHFA_WM1205    (5)   18 :  0.008 0.002 0.005 0.925 0.010 0.002 0.012 0.007 0.008 0.004 0.003 0.004 0.002 0.008 
173 DHFA_WM1206    (4)   18 :  0.007 0.002 0.007 0.902 0.015 0.002 0.008 0.007 0.016 0.006 0.003 0.006 0.003 0.014 
174 DHFA_WM1207    (2)   18 :  0.005 0.002 0.003 0.951 0.006 0.002 0.005 0.004 0.005 0.003 0.003 0.004 0.003 0.005 
175 DHFA_WM1208    (3)   18 :  0.007 0.002 0.006 0.917 0.014 0.002 0.007 0.007 0.011 0.005 0.004 0.004 0.002 0.011 
176 DHFA_WM1209    (1)   18 :  0.008 0.002 0.005 0.931 0.007 0.007 0.007 0.005 0.005 0.004 0.003 0.003 0.008 0.006 
177 DHFA_WM1210    (0)   18 :  0.003 0.001 0.003 0.961 0.003 0.007 0.003 0.003 0.003 0.002 0.002 0.002 0.005 0.003 
178 DHFA_WM1211    (2)   18 :  0.016 0.004 0.013 0.748 0.066 0.003 0.018 0.016 0.050 0.007 0.004 0.011 0.003 0.040 


Estimated Allele Frequencies in each cluster
First column gives estimated ancestral frequencies


Locus 1 : 953_21 
2 alleles
4.5% missing data
 120   (0.951) 0.903 0.995 0.999 0.997 1.000 0.951 0.999 0.999 1.000 0.998 0.997 0.998 0.951 1.000 
 100   (0.049) 0.097 0.005 0.001 0.003 0.000 0.049 0.001 0.001 0.000 0.002 0.003 0.002 0.049 0.000 

Locus 2 : 2370_26 
2 alleles
6.2% missing data
 110   (0.953) 0.797 0.995 0.999 0.997 1.000 0.953 0.999 0.999 1.000 0.998 0.997 0.999 0.953 1.000 
 130   (0.047) 0.203 0.005 0.001 0.003 0.000 0.047 0.001 0.001 0.000 0.002 0.003 0.001 0.047 0.000 

Locus 3 : 2692_87 
2 alleles
1.7% missing data
 130   (0.946) 0.999 0.995 0.999 0.765 1.000 0.947 0.999 0.999 1.000 0.998 0.997 0.998 0.947 1.000 
 120   (0.054) 0.001 0.005 0.001 0.235 0.000 0.053 0.001 0.001 0.000 0.002 0.003 0.002 0.053 0.000 

Locus 4 : 2828_58 
2 alleles
6.7% missing data
 100   (0.918) 0.998 0.820 0.997 0.995 0.994 0.918 0.998 0.995 0.987 0.995 0.994 0.996 0.918 0.998 
 120   (0.082) 0.002 0.180 0.003 0.005 0.006 0.082 0.002 0.005 0.013 0.005 0.006 0.004 0.082 0.002 

Locus 5 : 6398_73 
2 alleles
6.2% missing data
 130   (0.910) 0.801 0.991 0.999 0.644 1.000 0.911 0.999 0.999 1.000 0.997 0.995 0.997 0.911 1.000 
 100   (0.090) 0.199 0.009 0.001 0.356 0.000 0.089 0.001 0.001 0.000 0.003 0.005 0.003 0.089 0.000 

Locus 6 : 7469_71 
2 alleles
5.1% missing data
 130   (0.952) 0.998 0.993 0.998 0.997 0.994 0.952 0.997 0.999 0.996 0.997 0.996 0.998 0.952 0.994 
 110   (0.048) 0.002 0.007 0.002 0.003 0.006 0.048 0.003 0.001 0.004 0.003 0.004 0.002 0.048 0.006 

Locus 7 : 7615_47 
2 alleles
5.1% missing data
 130   (0.953) 0.998 0.993 0.998 0.996 0.998 0.953 0.998 0.999 0.998 0.997 0.996 0.997 0.953 0.995 
 100   (0.047) 0.002 0.007 0.002 0.004 0.002 0.047 0.002 0.001 0.002 0.003 0.004 0.003 0.047 0.005 

Locus 8 : 8211_10 
2 alleles
2.8% missing data
 120   (0.953) 0.999 0.995 0.999 0.936 1.000 0.954 0.999 0.999 1.000 0.998 0.997 0.999 0.954 1.000 
 100   (0.047) 0.001 0.005 0.001 0.064 0.000 0.046 0.001 0.001 0.000 0.002 0.003 0.001 0.046 0.000 

Locus 9 : 8394_14 
2 alleles
2.2% missing data
 110   (0.953) 0.868 0.995 0.999 0.997 1.000 0.954 0.999 0.999 1.000 0.998 0.997 0.999 0.954 1.000 
 130   (0.047) 0.132 0.005 0.001 0.003 0.000 0.046 0.001 0.001 0.000 0.002 0.003 0.001 0.046 0.000 

Locus 10 : 9621_63 
2 alleles
3.9% missing data
 130   (0.949) 0.999 0.995 0.999 0.939 1.000 0.950 0.999 0.999 1.000 0.998 0.997 0.998 0.950 1.000 
 110   (0.051) 0.001 0.005 0.001 0.061 0.000 0.050 0.001 0.001 0.000 0.002 0.003 0.002 0.050 0.000 

Locus 11 : 9880_35 
2 alleles
4.5% missing data
 120   (0.942) 0.999 0.994 0.999 0.706 1.000 0.943 0.999 0.999 1.000 0.998 0.996 0.998 0.942 1.000 
 100   (0.058) 0.001 0.006 0.001 0.294 0.000 0.057 0.001 0.001 0.000 0.002 0.004 0.002 0.058 0.000 

Locus 12 : 11163_16 
2 alleles
7.9% missing data
 130   (0.950) 0.999 0.995 0.999 0.914 1.000 0.950 0.999 0.999 1.000 0.998 0.997 0.998 0.950 1.000 
 110   (0.050) 0.001 0.005 0.001 0.086 0.000 0.050 0.001 0.001 0.000 0.002 0.003 0.002 0.050 0.000 

Locus 13 : 11991_31 
2 alleles
4.5% missing data
 120   (0.920) 0.998 0.988 0.988 0.995 0.998 0.919 0.998 0.998 0.998 0.977 0.995 0.989 0.919 0.999 
 100   (0.080) 0.002 0.012 0.012 0.005 0.002 0.081 0.002 0.002 0.002 0.023 0.005 0.011 0.081 0.001 

Locus 14 : 12766_17 
2 alleles
2.2% missing data
 120   (0.953) 0.999 0.929 0.999 0.997 1.000 0.953 0.999 0.999 1.000 0.998 0.994 0.998 0.953 1.000 
 100   (0.047) 0.001 0.071 0.001 0.003 0.000 0.047 0.001 0.001 0.000 0.002 0.006 0.002 0.047 0.000 

Locus 15 : 13496_14 
2 alleles
5.1% missing data
 110   (0.949) 0.999 0.995 0.999 0.997 1.000 0.950 0.999 0.999 1.000 0.998 0.683 0.998 0.950 1.000 
 100   (0.051) 0.001 0.005 0.001 0.003 0.000 0.050 0.001 0.001 0.000 0.002 0.317 0.002 0.050 0.000 

Locus 16 : 14394_41 
2 alleles
2.2% missing data
 130   (0.954) 0.999 0.927 0.999 0.997 1.000 0.954 0.999 0.999 1.000 0.998 0.997 0.999 0.954 1.000 
 110   (0.046) 0.001 0.073 0.001 0.003 0.000 0.046 0.001 0.001 0.000 0.002 0.003 0.001 0.046 0.000 

Locus 17 : 16285_24 
2 alleles
6.2% missing data
 130   (0.949) 0.999 0.995 0.999 0.875 1.000 0.949 0.999 0.999 1.000 0.998 0.997 0.998 0.949 1.000 
 100   (0.051) 0.001 0.005 0.001 0.125 0.000 0.051 0.001 0.001 0.000 0.002 0.003 0.002 0.051 0.000 

Locus 18 : 18821_69 
2 alleles
7.3% missing data
 120   (0.953) 0.999 0.995 0.999 0.997 1.000 0.954 0.738 0.999 1.000 0.998 0.997 0.998 0.953 1.000 
 110   (0.047) 0.001 0.005 0.001 0.003 0.000 0.046 0.262 0.001 0.000 0.002 0.003 0.002 0.047 0.000 

Locus 19 : 19006_32 
2 alleles
6.7% missing data
 120   (0.913) 0.802 0.991 0.999 0.662 1.000 0.914 0.999 0.999 1.000 0.997 0.995 0.997 0.914 1.000 
 110   (0.087) 0.198 0.009 0.001 0.338 0.000 0.086 0.001 0.001 0.000 0.003 0.005 0.003 0.086 0.000 

Locus 20 : 19602_58 
2 alleles
4.5% missing data
 120   (0.955) 0.999 0.995 0.999 0.974 1.000 0.955 0.999 0.999 1.000 0.998 0.997 0.999 0.955 1.000 
 100   (0.045) 0.001 0.005 0.001 0.026 0.000 0.045 0.001 0.001 0.000 0.002 0.003 0.001 0.045 0.000 

Locus 21 : 20143_24 
2 alleles
3.4% missing data
 120   (0.956) 0.999 0.995 0.999 0.997 1.000 0.956 0.999 0.999 1.000 0.998 0.965 0.998 0.956 1.000 
 100   (0.044) 0.001 0.005 0.001 0.003 0.000 0.044 0.001 0.001 0.000 0.002 0.035 0.002 0.044 0.000 

Locus 22 : 21661_29 
2 alleles
2.2% missing data
 120   (0.951) 0.999 0.995 0.999 0.893 1.000 0.951 0.999 0.999 1.000 0.998 0.997 0.999 0.951 1.000 
 100   (0.049) 0.001 0.005 0.001 0.107 0.000 0.049 0.001 0.001 0.000 0.002 0.003 0.001 0.049 0.000 

Locus 23 : 22603_12 
2 alleles
5.1% missing data
 130   (0.953) 0.999 0.995 0.999 0.945 1.000 0.953 0.999 0.999 1.000 0.998 0.997 0.998 0.953 1.000 
 110   (0.047) 0.001 0.005 0.001 0.055 0.000 0.047 0.001 0.001 0.000 0.002 0.003 0.002 0.047 0.000 

Locus 24 : 25109_23 
2 alleles
1.7% missing data
 120   (0.926) 0.998 0.944 0.988 0.995 0.998 0.927 0.998 0.999 1.000 0.997 0.994 0.830 0.927 0.999 
 100   (0.074) 0.002 0.056 0.012 0.005 0.002 0.073 0.002 0.001 0.000 0.003 0.006 0.170 0.073 0.001 

Locus 25 : 25511_77 
2 alleles
5.1% missing data
 130   (0.953) 0.942 0.995 0.999 0.997 1.000 0.954 0.999 0.999 1.000 0.998 0.997 0.998 0.953 1.000 
 110   (0.047) 0.058 0.005 0.001 0.003 0.000 0.046 0.001 0.001 0.000 0.002 0.003 0.002 0.047 0.000 

Locus 26 : 26816_9 
2 alleles
5.6% missing data
 110   (0.861) 0.997 0.984 0.965 0.991 0.996 0.860 0.996 0.995 0.991 0.806 0.983 0.676 0.861 0.998 
 130   (0.139) 0.003 0.016 0.035 0.009 0.004 0.140 0.004 0.005 0.009 0.194 0.017 0.324 0.139 0.002 

Locus 27 : 29455_86 
2 alleles
5.6% missing data
 120   (0.955) 0.999 0.992 0.995 0.997 1.000 0.954 0.999 0.999 1.000 0.998 0.997 0.998 0.954 1.000 
 110   (0.045) 0.001 0.008 0.005 0.003 0.000 0.046 0.001 0.001 0.000 0.002 0.003 0.002 0.046 0.000 

Locus 28 : 30970_30 
2 alleles
6.7% missing data
 120   (0.953) 0.999 0.994 0.999 0.997 1.000 0.953 0.999 0.999 1.000 0.998 0.961 0.998 0.953 1.000 
 110   (0.047) 0.001 0.006 0.001 0.003 0.000 0.047 0.001 0.001 0.000 0.002 0.039 0.002 0.047 0.000 

Locus 29 : 33052_5 
2 alleles
1.1% missing data
 130   (0.953) 0.999 0.994 0.999 0.997 1.000 0.953 0.972 0.999 1.000 0.998 0.997 0.994 0.953 1.000 
 110   (0.047) 0.001 0.006 0.001 0.003 0.000 0.047 0.028 0.001 0.000 0.002 0.003 0.006 0.047 0.000 

Locus 30 : 33744_32 
2 alleles
2.8% missing data
 130   (0.948) 0.999 0.995 0.999 0.997 1.000 0.948 0.891 0.999 1.000 0.998 0.997 0.998 0.948 1.000 
 110   (0.052) 0.001 0.005 0.001 0.003 0.000 0.052 0.109 0.001 0.000 0.002 0.003 0.002 0.052 0.000 

Locus 31 : 34805_8 
2 alleles
4.5% missing data
 110   (0.930) 0.998 0.751 0.995 0.996 1.000 0.930 0.999 0.999 1.000 0.997 0.996 0.997 0.930 1.000 
 120   (0.070) 0.002 0.249 0.005 0.004 0.000 0.070 0.001 0.001 0.000 0.003 0.004 0.003 0.070 0.000 

Locus 32 : 35345_10 
2 alleles
5.1% missing data
 130   (0.948) 0.998 0.994 0.999 0.997 0.992 0.949 0.949 0.999 0.997 0.998 0.997 0.997 0.949 0.995 
 110   (0.052) 0.002 0.006 0.001 0.003 0.008 0.051 0.051 0.001 0.003 0.002 0.003 0.003 0.051 0.005 

Locus 33 : 35769_30 
2 alleles
6.2% missing data
 110   (0.933) 0.998 0.923 0.999 0.996 1.000 0.933 0.999 0.999 1.000 0.997 0.961 0.995 0.933 1.000 
 100   (0.067) 0.002 0.077 0.001 0.004 0.000 0.067 0.001 0.001 0.000 0.003 0.039 0.005 0.067 0.000 

Locus 34 : 35965_89 
2 alleles
3.4% missing data
 130   (0.954) 0.999 0.995 0.999 0.997 1.000 0.954 0.999 0.999 1.000 0.998 0.997 0.980 0.954 1.000 
 100   (0.046) 0.001 0.005 0.001 0.003 0.000 0.046 0.001 0.001 0.000 0.002 0.003 0.020 0.046 0.000 

Locus 35 : 39654_13 
2 alleles
5.6% missing data
 120   (0.956) 0.999 0.995 0.999 0.997 1.000 0.956 0.999 0.999 1.000 0.991 0.997 0.998 0.955 1.000 
 100   (0.044) 0.001 0.005 0.001 0.003 0.000 0.044 0.001 0.001 0.000 0.009 0.003 0.002 0.045 0.000 

Locus 36 : 39700_65 
2 alleles
3.4% missing data
 110   (0.954) 0.999 0.994 0.997 0.997 1.000 0.953 0.999 0.999 1.000 0.998 0.996 0.998 0.953 1.000 
 120   (0.046) 0.001 0.006 0.003 0.003 0.000 0.047 0.001 0.001 0.000 0.002 0.004 0.002 0.047 0.000 

Locus 37 : 40824_7 
2 alleles
5.1% missing data
 130   (0.952) 0.999 0.995 0.999 0.997 1.000 0.952 0.999 0.999 1.000 0.935 0.997 0.998 0.952 1.000 
 110   (0.048) 0.001 0.005 0.001 0.003 0.000 0.048 0.001 0.001 0.000 0.065 0.003 0.002 0.048 0.000 

Locus 38 : 41554_43 
2 alleles
7.3% missing data
 120   (0.952) 0.999 0.994 0.999 0.997 1.000 0.952 0.999 0.999 1.000 0.998 0.957 0.998 0.952 1.000 
 100   (0.048) 0.001 0.006 0.001 0.003 0.000 0.048 0.001 0.001 0.000 0.002 0.043 0.002 0.048 0.000 

Locus 39 : 42501_5 
2 alleles
5.6% missing data
 120   (0.948) 0.999 0.995 0.999 0.918 1.000 0.949 0.999 0.999 1.000 0.998 0.997 0.998 0.948 1.000 
 110   (0.052) 0.001 0.005 0.001 0.082 0.000 0.051 0.001 0.001 0.000 0.002 0.003 0.002 0.052 0.000 

Locus 40 : 42989_15 
2 alleles
3.4% missing data
 130   (0.951) 0.999 0.995 0.999 0.997 0.999 0.951 0.999 0.999 1.000 0.933 0.997 0.998 0.951 1.000 
 110   (0.049) 0.001 0.005 0.001 0.003 0.001 0.049 0.001 0.001 0.000 0.067 0.003 0.002 0.049 0.000 

Locus 41 : 44631_16 
2 alleles
5.6% missing data
 120   (0.951) 0.999 0.995 0.999 0.997 1.000 0.952 0.999 0.999 1.000 0.998 0.845 0.999 0.952 1.000 
 110   (0.049) 0.001 0.005 0.001 0.003 0.000 0.048 0.001 0.001 0.000 0.002 0.155 0.001 0.048 0.000 

Locus 42 : 45332_74 
2 alleles
3.4% missing data
 130   (0.869) 0.997 0.834 0.948 0.992 0.998 0.870 0.985 0.799 0.997 0.759 0.992 0.995 0.869 0.999 
 110   (0.131) 0.003 0.166 0.052 0.008 0.002 0.130 0.015 0.201 0.003 0.241 0.008 0.005 0.131 0.001 

Locus 43 : 45964_12 
2 alleles
2.2% missing data
 100   (0.952) 0.981 0.995 0.999 0.994 1.000 0.953 0.999 0.999 1.000 0.998 0.997 0.998 0.953 1.000 
 130   (0.048) 0.019 0.005 0.001 0.006 0.000 0.047 0.001 0.001 0.000 0.002 0.003 0.002 0.047 0.000 

Locus 44 : 47772_18 
2 alleles
1.7% missing data
 120   (0.950) 0.999 0.995 0.999 0.814 1.000 0.950 0.999 0.999 1.000 0.998 0.997 0.998 0.950 1.000 
 100   (0.050) 0.001 0.005 0.001 0.186 0.000 0.050 0.001 0.001 0.000 0.002 0.003 0.002 0.050 0.000 

Locus 45 : 48505_7 
2 alleles
2.8% missing data
 130   (0.956) 0.999 0.995 0.999 0.997 1.000 0.955 0.999 0.991 1.000 0.998 0.997 0.998 0.955 1.000 
 110   (0.044) 0.001 0.005 0.001 0.003 0.000 0.045 0.001 0.009 0.000 0.002 0.003 0.002 0.045 0.000 

Locus 46 : 49838_13 
2 alleles
5.1% missing data
 120   (0.954) 0.999 0.995 0.999 0.997 1.000 0.954 0.999 0.917 1.000 0.998 0.997 0.998 0.954 1.000 
 100   (0.046) 0.001 0.005 0.001 0.003 0.000 0.046 0.001 0.083 0.000 0.002 0.003 0.002 0.046 0.000 

Locus 47 : 50793_47 
2 alleles
6.2% missing data
 120   (0.948) 0.999 0.994 0.999 0.996 1.000 0.948 0.999 0.999 1.000 0.874 0.994 0.998 0.948 1.000 
 100   (0.052) 0.001 0.006 0.001 0.004 0.000 0.052 0.001 0.001 0.000 0.126 0.006 0.002 0.052 0.000 

Locus 48 : 51471_5 
2 alleles
2.2% missing data
 110   (0.952) 0.943 0.995 0.999 0.997 1.000 0.952 0.999 0.999 1.000 0.998 0.997 0.999 0.952 1.000 
 120   (0.048) 0.057 0.005 0.001 0.003 0.000 0.048 0.001 0.001 0.000 0.002 0.003 0.001 0.048 0.000 

Locus 49 : 52408_45 
2 alleles
2.2% missing data
 130   (0.951) 0.999 0.995 0.999 0.997 1.000 0.951 0.999 0.999 1.000 0.998 0.812 0.999 0.951 1.000 
 110   (0.049) 0.001 0.005 0.001 0.003 0.000 0.049 0.001 0.001 0.000 0.002 0.188 0.001 0.049 0.000 

Locus 50 : 53046_18 
2 alleles
0.6% missing data
 120   (0.929) 0.998 0.992 0.999 0.995 1.000 0.929 0.994 0.999 1.000 0.935 0.996 0.998 0.929 1.000 
 100   (0.071) 0.002 0.008 0.001 0.005 0.000 0.071 0.006 0.001 0.000 0.065 0.004 0.002 0.071 0.000 

Locus 51 : 53230_50 
2 alleles
4.5% missing data
 120   (0.950) 0.902 0.995 0.999 0.997 1.000 0.951 0.999 0.999 1.000 0.998 0.997 0.998 0.950 1.000 
 110   (0.050) 0.098 0.005 0.001 0.003 0.000 0.049 0.001 0.001 0.000 0.002 0.003 0.002 0.050 0.000 

Locus 52 : 53957_5 
2 alleles
3.9% missing data
 130   (0.953) 0.999 0.995 0.999 0.997 1.000 0.952 0.999 0.999 1.000 0.993 0.997 0.998 0.953 1.000 
 110   (0.047) 0.001 0.005 0.001 0.003 0.000 0.048 0.001 0.001 0.000 0.007 0.003 0.002 0.047 0.000 

Locus 53 : 58003_89 
2 alleles
3.9% missing data
 120   (0.942) 0.998 0.989 0.990 0.996 0.994 0.942 0.995 0.999 0.997 0.996 0.996 0.971 0.942 0.996 
 100   (0.058) 0.002 0.011 0.010 0.004 0.006 0.058 0.005 0.001 0.003 0.004 0.004 0.029 0.058 0.004 

Locus 54 : 58412_58 
2 alleles
2.2% missing data
 110   (0.954) 0.999 0.995 0.999 0.974 1.000 0.954 0.999 0.999 1.000 0.998 0.997 0.998 0.954 1.000 
 100   (0.046) 0.001 0.005 0.001 0.026 0.000 0.046 0.001 0.001 0.000 0.002 0.003 0.002 0.046 0.000 

Locus 55 : 58452_11 
2 alleles
3.4% missing data
 120   (0.956) 0.999 0.994 0.999 0.997 1.000 0.955 0.999 0.999 1.000 0.998 0.997 0.989 0.956 1.000 
 130   (0.044) 0.001 0.006 0.001 0.003 0.000 0.045 0.001 0.001 0.000 0.002 0.003 0.011 0.044 0.000 

Locus 56 : 59409_85 
2 alleles
2.8% missing data
 130   (0.955) 0.999 0.995 0.997 0.997 1.000 0.955 0.999 0.999 1.000 0.998 0.997 0.999 0.954 1.000 
 100   (0.045) 0.001 0.005 0.003 0.003 0.000 0.045 0.001 0.001 0.000 0.002 0.003 0.001 0.046 0.000 

Locus 57 : 60620_10 
2 alleles
1.1% missing data
 120   (0.948) 0.999 0.995 0.999 0.892 1.000 0.948 0.999 0.999 1.000 0.998 0.997 0.998 0.948 1.000 
 130   (0.052) 0.001 0.005 0.001 0.108 0.000 0.052 0.001 0.001 0.000 0.002 0.003 0.002 0.052 0.000 

Locus 58 : 61541_77 
2 alleles
3.4% missing data
 120   (0.949) 0.999 0.995 0.999 0.840 1.000 0.950 0.999 0.999 1.000 0.998 0.997 0.998 0.950 1.000 
 100   (0.051) 0.001 0.005 0.001 0.160 0.000 0.050 0.001 0.001 0.000 0.002 0.003 0.002 0.050 0.000 

Locus 59 : 61756_42 
2 alleles
1.1% missing data
 130   (0.951) 0.999 0.995 0.999 0.822 1.000 0.952 0.999 0.999 1.000 0.998 0.997 0.999 0.952 1.000 
 110   (0.049) 0.001 0.005 0.001 0.178 0.000 0.048 0.001 0.001 0.000 0.002 0.003 0.001 0.048 0.000 

Locus 60 : 62497_19 
2 alleles
6.2% missing data
 130   (0.899) 0.997 0.944 0.984 0.993 0.991 0.899 0.997 0.984 0.996 0.995 0.867 0.963 0.899 0.997 
 110   (0.101) 0.003 0.056 0.016 0.007 0.009 0.101 0.003 0.016 0.004 0.005 0.133 0.037 0.101 0.003 

Locus 61 : 63024_50 
2 alleles
2.8% missing data
 120   (0.937) 0.999 0.992 0.999 0.996 1.000 0.935 0.999 0.999 1.000 0.998 0.996 0.965 0.936 1.000 
 100   (0.063) 0.001 0.008 0.001 0.004 0.000 0.065 0.001 0.001 0.000 0.002 0.004 0.035 0.064 0.000 

Locus 62 : 64492_50 
2 alleles
7.3% missing data
 120   (0.905) 0.998 0.988 0.998 0.994 1.000 0.905 0.998 0.999 1.000 0.936 0.887 0.953 0.905 1.000 
 100   (0.095) 0.002 0.012 0.002 0.006 0.000 0.095 0.002 0.001 0.000 0.064 0.113 0.047 0.095 0.000 

Locus 63 : 67984_34 
2 alleles
2.2% missing data
 120   (0.950) 0.999 0.995 0.999 0.866 1.000 0.951 0.999 0.999 1.000 0.998 0.997 0.998 0.950 1.000 
 100   (0.050) 0.001 0.005 0.001 0.134 0.000 0.049 0.001 0.001 0.000 0.002 0.003 0.002 0.050 0.000 

Locus 64 : 69199_10 
2 alleles
4.5% missing data
 120   (0.929) 0.998 0.992 0.999 0.995 0.999 0.929 0.998 0.999 0.999 0.997 0.996 0.350 0.929 0.999 
 100   (0.071) 0.002 0.008 0.001 0.005 0.001 0.071 0.002 0.001 0.001 0.003 0.004 0.650 0.071 0.001 

Locus 65 : 71368_77 
2 alleles
6.7% missing data
 100   (0.951) 0.778 0.995 0.999 0.997 1.000 0.952 0.999 0.999 1.000 0.998 0.997 0.999 0.952 1.000 
 110   (0.049) 0.222 0.005 0.001 0.003 0.000 0.048 0.001 0.001 0.000 0.002 0.003 0.001 0.048 0.000 

Locus 66 : 72276_35 
2 alleles
5.1% missing data
 130   (0.954) 0.999 0.995 0.999 0.997 1.000 0.955 0.999 0.999 1.000 0.907 0.997 0.998 0.954 1.000 
 120   (0.046) 0.001 0.005 0.001 0.003 0.000 0.045 0.001 0.001 0.000 0.093 0.003 0.002 0.046 0.000 

Locus 67 : 73554_16 
2 alleles
3.9% missing data
 100   (0.948) 0.999 0.840 0.999 0.997 1.000 0.949 0.999 0.999 1.000 0.998 0.997 0.998 0.948 1.000 
 130   (0.052) 0.001 0.160 0.001 0.003 0.000 0.051 0.001 0.001 0.000 0.002 0.003 0.002 0.052 0.000 

Locus 68 : 74575_32 
2 alleles
1.7% missing data
 120   (0.952) 0.999 0.995 0.999 0.997 1.000 0.952 0.999 0.999 1.000 0.992 0.997 0.998 0.952 1.000 
 100   (0.048) 0.001 0.005 0.001 0.003 0.000 0.048 0.001 0.001 0.000 0.008 0.003 0.002 0.048 0.000 

Locus 69 : 76504_10 
2 alleles
1.1% missing data
 110   (0.949) 0.999 0.995 0.999 0.997 1.000 0.950 0.813 0.999 1.000 0.998 0.997 0.998 0.949 1.000 
 100   (0.051) 0.001 0.005 0.001 0.003 0.000 0.050 0.187 0.001 0.000 0.002 0.003 0.002 0.051 0.000 

Locus 70 : 76561_35 
2 alleles
5.6% missing data
 120   (0.950) 0.999 0.995 0.999 0.997 1.000 0.951 0.999 0.999 1.000 0.998 0.544 0.998 0.950 1.000 
 100   (0.050) 0.001 0.005 0.001 0.003 0.000 0.049 0.001 0.001 0.000 0.002 0.456 0.002 0.050 0.000 

Locus 71 : 77346_16 
2 alleles
2.2% missing data
 130   (0.954) 0.999 0.995 0.999 0.997 1.000 0.955 0.925 0.999 1.000 0.998 0.997 0.999 0.955 1.000 
 110   (0.046) 0.001 0.005 0.001 0.003 0.000 0.045 0.075 0.001 0.000 0.002 0.003 0.001 0.045 0.000 

Locus 72 : 78631_40 
2 alleles
7.9% missing data
 120   (0.947) 0.999 0.995 0.999 0.997 1.000 0.947 0.999 0.999 1.000 0.833 0.995 0.998 0.947 1.000 
 110   (0.053) 0.001 0.005 0.001 0.003 0.000 0.053 0.001 0.001 0.000 0.167 0.005 0.002 0.053 0.000 

Locus 73 : 80366_12 
2 alleles
6.7% missing data
 130   (0.950) 0.999 0.993 0.997 0.997 1.000 0.949 0.999 0.999 1.000 0.997 0.996 0.998 0.950 1.000 
 110   (0.050) 0.001 0.007 0.003 0.003 0.000 0.051 0.001 0.001 0.000 0.003 0.004 0.002 0.050 0.000 

Locus 74 : 80499_10 
2 alleles
6.2% missing data
 130   (0.952) 0.907 0.995 0.999 0.997 1.000 0.952 0.999 0.999 1.000 0.998 0.997 0.998 0.952 1.000 
 100   (0.048) 0.093 0.005 0.001 0.003 0.000 0.048 0.001 0.001 0.000 0.002 0.003 0.002 0.048 0.000 

Locus 75 : 81141_31 
2 alleles
2.8% missing data
 120   (0.954) 0.999 0.995 0.999 0.997 1.000 0.953 0.999 0.991 1.000 0.998 0.997 0.998 0.953 1.000 
 100   (0.046) 0.001 0.005 0.001 0.003 0.000 0.047 0.001 0.009 0.000 0.002 0.003 0.002 0.047 0.000 

Locus 76 : 81662_33 
2 alleles
3.4% missing data
 120   (0.955) 0.999 0.995 0.995 0.997 1.000 0.954 0.999 0.999 1.000 0.998 0.997 0.998 0.954 1.000 
 110   (0.045) 0.001 0.005 0.005 0.003 0.000 0.046 0.001 0.001 0.000 0.002 0.003 0.002 0.046 0.000 

Locus 77 : 82002_8 
2 alleles
6.7% missing data
 100   (0.944) 0.999 0.994 0.999 0.678 1.000 0.944 0.999 0.999 1.000 0.998 0.997 0.998 0.944 1.000 
 110   (0.056) 0.001 0.006 0.001 0.322 0.000 0.056 0.001 0.001 0.000 0.002 0.003 0.002 0.056 0.000 

Locus 78 : 82631_34 
2 alleles
7.9% missing data
 120   (0.951) 0.999 0.994 0.999 0.997 1.000 0.950 0.999 0.999 0.999 0.994 0.996 0.997 0.950 1.000 
 100   (0.049) 0.001 0.006 0.001 0.003 0.000 0.050 0.001 0.001 0.001 0.006 0.004 0.003 0.050 0.000 

Locus 79 : 83247_84 
2 alleles
3.4% missing data
 110   (0.943) 0.999 0.994 0.999 0.996 1.000 0.943 0.999 0.999 1.000 0.797 0.997 0.998 0.943 1.000 
 100   (0.057) 0.001 0.006 0.001 0.004 0.000 0.057 0.001 0.001 0.000 0.203 0.003 0.002 0.057 0.000 

Locus 80 : 83916_5 
2 alleles
3.9% missing data
 130   (0.956) 0.999 0.996 0.999 0.997 1.000 0.956 0.999 0.863 1.000 0.998 0.998 0.998 0.956 1.000 
 110   (0.044) 0.001 0.004 0.001 0.003 0.000 0.044 0.001 0.137 0.000 0.002 0.002 0.002 0.044 0.000 

Locus 81 : 84971_7 
2 alleles
2.2% missing data
 120   (0.936) 0.998 0.990 0.998 0.996 0.987 0.936 0.967 0.998 0.986 0.996 0.996 0.981 0.936 0.998 
 110   (0.064) 0.002 0.010 0.002 0.004 0.013 0.064 0.033 0.002 0.014 0.004 0.004 0.019 0.064 0.002 

Locus 82 : 85247_77 
2 alleles
7.9% missing data
 120   (0.952) 0.998 0.993 0.998 0.997 0.996 0.952 0.998 0.996 0.992 0.998 0.996 0.998 0.952 0.999 
 110   (0.048) 0.002 0.007 0.002 0.003 0.004 0.048 0.002 0.004 0.008 0.002 0.004 0.002 0.048 0.001 

Locus 83 : 85248_24 
2 alleles
5.1% missing data
 100   (0.946) 0.999 0.995 0.999 0.859 1.000 0.947 0.999 0.999 1.000 0.998 0.997 0.998 0.947 1.000 
 120   (0.054) 0.001 0.005 0.001 0.141 0.000 0.053 0.001 0.001 0.000 0.002 0.003 0.002 0.053 0.000 

Locus 84 : 85402_12 
2 alleles
3.4% missing data
 120   (0.953) 0.999 0.995 0.997 0.997 1.000 0.952 0.999 0.999 1.000 0.998 0.997 0.999 0.952 1.000 
 100   (0.047) 0.001 0.005 0.003 0.003 0.000 0.048 0.001 0.001 0.000 0.002 0.003 0.001 0.048 0.000 

Locus 85 : 86588_18 
2 alleles
3.9% missing data
 120   (0.956) 0.999 0.994 0.999 0.997 1.000 0.955 0.999 0.999 1.000 0.998 0.997 0.988 0.955 1.000 
 100   (0.044) 0.001 0.006 0.001 0.003 0.000 0.045 0.001 0.001 0.000 0.002 0.003 0.012 0.045 0.000 

Locus 86 : 87070_60 
2 alleles
2.2% missing data
 100   (0.951) 0.999 0.854 0.999 0.997 1.000 0.952 0.999 0.999 1.000 0.998 0.997 0.998 0.951 1.000 
 130   (0.049) 0.001 0.146 0.001 0.003 0.000 0.048 0.001 0.001 0.000 0.002 0.003 0.002 0.049 0.000 

Locus 87 : 87747_31 
2 alleles
6.2% missing data
 120   (0.949) 0.999 0.995 0.999 0.915 1.000 0.949 0.999 0.999 1.000 0.998 0.997 0.998 0.949 1.000 
 110   (0.051) 0.001 0.005 0.001 0.085 0.000 0.051 0.001 0.001 0.000 0.002 0.003 0.002 0.051 0.000 

Locus 88 : 88455_10 
2 alleles
5.1% missing data
 130   (0.948) 0.999 0.995 0.999 0.997 1.000 0.948 0.999 0.999 1.000 0.997 0.782 0.998 0.948 1.000 
 100   (0.052) 0.001 0.005 0.001 0.003 0.000 0.052 0.001 0.001 0.000 0.003 0.218 0.002 0.052 0.000 

Locus 89 : 89005_12 
2 alleles
1.1% missing data
 120   (0.950) 0.999 0.995 0.999 0.893 1.000 0.950 0.999 0.999 1.000 0.998 0.997 0.998 0.950 1.000 
 130   (0.050) 0.001 0.005 0.001 0.107 0.000 0.050 0.001 0.001 0.000 0.002 0.003 0.002 0.050 0.000 

Locus 90 : 89213_8 
2 alleles
3.4% missing data
 130   (0.952) 0.999 0.995 0.999 0.972 1.000 0.953 0.999 0.999 1.000 0.998 0.997 0.998 0.952 1.000 
 110   (0.048) 0.001 0.005 0.001 0.028 0.000 0.047 0.001 0.001 0.000 0.002 0.003 0.002 0.048 0.000 

Locus 91 : 93475_13 
2 alleles
2.2% missing data
 130   (0.950) 0.999 0.995 0.999 0.866 1.000 0.951 0.999 0.999 1.000 0.998 0.997 0.998 0.951 1.000 
 110   (0.050) 0.001 0.005 0.001 0.134 0.000 0.049 0.001 0.001 0.000 0.002 0.003 0.002 0.049 0.000 

Locus 92 : 95749_27 
2 alleles
3.9% missing data
 120   (0.953) 0.999 0.995 0.999 0.971 1.000 0.953 0.999 0.999 1.000 0.998 0.997 0.999 0.953 1.000 
 100   (0.047) 0.001 0.005 0.001 0.029 0.000 0.047 0.001 0.001 0.000 0.002 0.003 0.001 0.047 0.000 

Locus 93 : 98167_26 
2 alleles
3.4% missing data
 120   (0.925) 0.998 0.896 0.973 0.995 0.999 0.925 0.990 0.999 0.999 0.996 0.992 0.990 0.925 0.998 
 110   (0.075) 0.002 0.104 0.027 0.005 0.001 0.075 0.010 0.001 0.001 0.004 0.008 0.010 0.075 0.002 

Locus 94 : 98988_58 
2 alleles
2.2% missing data
 130   (0.955) 0.999 0.995 0.999 0.974 1.000 0.955 0.999 0.999 1.000 0.998 0.997 0.998 0.955 1.000 
 110   (0.045) 0.001 0.005 0.001 0.026 0.000 0.045 0.001 0.001 0.000 0.002 0.003 0.002 0.045 0.000 

Locus 95 : 103824_15 
2 alleles
3.4% missing data
 130   (0.950) 0.999 0.995 0.999 0.811 1.000 0.950 0.999 0.999 1.000 0.998 0.997 0.998 0.950 1.000 
 110   (0.050) 0.001 0.005 0.001 0.189 0.000 0.050 0.001 0.001 0.000 0.002 0.003 0.002 0.050 0.000 

Locus 96 : 108043_8 
2 alleles
4.5% missing data
 130   (0.952) 0.999 0.995 0.999 0.997 1.000 0.952 0.919 0.999 1.000 0.998 0.997 0.999 0.952 1.000 
 110   (0.048) 0.001 0.005 0.001 0.003 0.000 0.048 0.081 0.001 0.000 0.002 0.003 0.001 0.048 0.000 

Locus 97 : 108049_79 
2 alleles
2.8% missing data
 120   (0.953) 0.999 0.995 0.995 0.997 1.000 0.952 0.999 0.999 1.000 0.998 0.997 0.998 0.953 1.000 
 100   (0.047) 0.001 0.005 0.005 0.003 0.000 0.048 0.001 0.001 0.000 0.002 0.003 0.002 0.047 0.000 

Locus 98 : 108366_5 
2 alleles
2.8% missing data
 130   (0.952) 0.999 0.995 0.999 0.919 1.000 0.953 0.999 0.999 1.000 0.998 0.997 0.999 0.952 1.000 
 100   (0.048) 0.001 0.005 0.001 0.081 0.000 0.047 0.001 0.001 0.000 0.002 0.003 0.001 0.048 0.000 

Locus 99 : 108403_10 
2 alleles
6.2% missing data
 130   (0.955) 0.999 0.995 0.999 0.997 1.000 0.954 0.994 0.999 1.000 0.998 0.997 0.999 0.954 1.000 
 110   (0.045) 0.001 0.005 0.001 0.003 0.000 0.046 0.006 0.001 0.000 0.002 0.003 0.001 0.046 0.000 

Locus 100 : 109283_38 
2 alleles
3.9% missing data
 120   (0.864) 0.997 0.984 0.904 0.992 0.914 0.864 0.996 0.470 0.790 0.983 0.992 0.954 0.864 0.974 
 100   (0.136) 0.003 0.016 0.096 0.008 0.086 0.136 0.004 0.530 0.210 0.017 0.008 0.046 0.136 0.026 

Locus 101 : 109527_54 
2 alleles
7.3% missing data
 110   (0.943) 0.999 0.994 0.992 0.996 1.000 0.943 0.999 0.999 1.000 0.841 0.997 0.998 0.943 1.000 
 130   (0.057) 0.001 0.006 0.008 0.004 0.000 0.057 0.001 0.001 0.000 0.159 0.003 0.002 0.057 0.000 

Locus 102 : 109804_31 
2 alleles
2.2% missing data
 130   (0.955) 0.999 0.995 0.999 0.946 1.000 0.955 0.999 0.999 1.000 0.998 0.997 0.999 0.955 1.000 
 100   (0.045) 0.001 0.005 0.001 0.054 0.000 0.045 0.001 0.001 0.000 0.002 0.003 0.001 0.045 0.000 

Locus 103 : 112614_46 
2 alleles
5.1% missing data
 120   (0.949) 0.999 0.994 0.999 0.886 1.000 0.949 0.999 0.999 1.000 0.998 0.997 0.998 0.949 1.000 
 100   (0.051) 0.001 0.006 0.001 0.114 0.000 0.051 0.001 0.001 0.000 0.002 0.003 0.002 0.051 0.000 

Locus 104 : 112906_14 
2 alleles
3.9% missing data
 110   (0.886) 0.997 0.953 0.998 0.993 1.000 0.887 0.998 0.960 1.000 0.712 0.697 0.996 0.887 1.000 
 120   (0.114) 0.003 0.047 0.002 0.007 0.000 0.113 0.002 0.040 0.000 0.288 0.303 0.004 0.113 0.000 

Locus 105 : 113735_32 
2 alleles
6.7% missing data
 120   (0.953) 0.999 0.995 0.999 0.997 1.000 0.953 0.999 0.999 1.000 0.998 0.965 0.998 0.953 1.000 
 100   (0.047) 0.001 0.005 0.001 0.003 0.000 0.047 0.001 0.001 0.000 0.002 0.035 0.002 0.047 0.000 

Locus 106 : 115028_7 
2 alleles
3.9% missing data
 120   (0.956) 0.999 0.995 0.999 0.997 1.000 0.956 0.999 0.999 1.000 0.998 0.959 0.999 0.956 1.000 
 100   (0.044) 0.001 0.005 0.001 0.003 0.000 0.044 0.001 0.001 0.000 0.002 0.041 0.001 0.044 0.000 

Locus 107 : 115179_16 
2 alleles
2.2% missing data
 120   (0.953) 0.999 0.995 0.999 0.910 1.000 0.954 0.999 0.999 1.000 0.998 0.997 0.999 0.954 1.000 
 110   (0.047) 0.001 0.005 0.001 0.090 0.000 0.046 0.001 0.001 0.000 0.002 0.003 0.001 0.046 0.000 

Locus 108 : 116753_51 
2 alleles
7.3% missing data
 120   (0.951) 0.999 0.995 0.998 0.997 0.999 0.951 0.999 0.950 0.999 0.997 0.996 0.998 0.951 1.000 
 100   (0.049) 0.001 0.005 0.002 0.003 0.001 0.049 0.001 0.050 0.001 0.003 0.004 0.002 0.049 0.000 

Locus 109 : 116931_31 
2 alleles
7.9% missing data
 120   (0.956) 0.999 0.994 0.999 0.997 1.000 0.955 0.999 0.999 1.000 0.998 0.997 0.988 0.956 1.000 
 110   (0.044) 0.001 0.006 0.001 0.003 0.000 0.045 0.001 0.001 0.000 0.002 0.003 0.012 0.044 0.000 

Locus 110 : 116938_8 
2 alleles
4.5% missing data
 130   (0.907) 0.998 0.937 0.999 0.994 1.000 0.908 0.999 0.905 1.000 0.874 0.994 0.996 0.907 1.000 
 110   (0.093) 0.002 0.063 0.001 0.006 0.000 0.092 0.001 0.095 0.000 0.126 0.006 0.004 0.093 0.000 

Locus 111 : 122302_80 
2 alleles
10.1% missing data
 110   (0.953) 0.999 0.995 0.999 0.997 1.000 0.953 0.999 0.999 1.000 0.998 0.997 0.958 0.953 1.000 
 100   (0.047) 0.001 0.005 0.001 0.003 0.000 0.047 0.001 0.001 0.000 0.002 0.003 0.042 0.047 0.000 

Locus 112 : 123190_14 
2 alleles
3.4% missing data
 120   (0.937) 0.999 0.993 0.999 0.996 1.000 0.937 0.999 0.999 1.000 0.998 0.996 0.953 0.937 1.000 
 130   (0.063) 0.001 0.007 0.001 0.004 0.000 0.063 0.001 0.001 0.000 0.002 0.004 0.047 0.063 0.000 

Locus 113 : 123271_36 
2 alleles
3.9% missing data
 100   (0.946) 0.999 0.995 0.999 0.858 1.000 0.947 0.999 0.999 1.000 0.998 0.997 0.998 0.947 1.000 
 110   (0.054) 0.001 0.005 0.001 0.142 0.000 0.053 0.001 0.001 0.000 0.002 0.003 0.002 0.053 0.000 

Locus 114 : 124147_18 
2 alleles
2.2% missing data
 130   (0.951) 0.999 0.756 0.999 0.997 1.000 0.951 0.999 0.999 1.000 0.998 0.997 0.998 0.951 1.000 
 110   (0.049) 0.001 0.244 0.001 0.003 0.000 0.049 0.001 0.001 0.000 0.002 0.003 0.002 0.049 0.000 

Locus 115 : 124184_33 
2 alleles
5.6% missing data
 110   (0.948) 0.999 0.995 0.999 0.910 1.000 0.948 0.999 0.999 1.000 0.998 0.997 0.998 0.948 1.000 
 100   (0.052) 0.001 0.005 0.001 0.090 0.000 0.052 0.001 0.001 0.000 0.002 0.003 0.002 0.052 0.000 

Locus 116 : 125404_24 
2 alleles
1.1% missing data
 130   (0.953) 0.999 0.995 0.999 0.997 1.000 0.954 0.999 0.999 1.000 0.998 0.760 0.999 0.953 1.000 
 110   (0.047) 0.001 0.005 0.001 0.003 0.000 0.046 0.001 0.001 0.000 0.002 0.240 0.001 0.047 0.000 

Locus 117 : 125436_43 
2 alleles
3.9% missing data
 130   (0.920) 0.998 0.992 0.999 0.995 1.000 0.921 0.999 0.999 1.000 0.846 0.713 0.997 0.920 1.000 
 100   (0.080) 0.002 0.008 0.001 0.005 0.000 0.079 0.001 0.001 0.000 0.154 0.287 0.003 0.080 0.000 

Locus 118 : 126013_18 
2 alleles
2.8% missing data
 130   (0.950) 0.885 0.995 0.999 0.997 1.000 0.951 0.999 0.999 1.000 0.998 0.997 0.998 0.950 1.000 
 110   (0.050) 0.115 0.005 0.001 0.003 0.000 0.049 0.001 0.001 0.000 0.002 0.003 0.002 0.050 0.000 

Locus 119 : 126137_19 
2 alleles
3.9% missing data
 120   (0.955) 0.999 0.995 0.999 0.997 1.000 0.955 0.999 0.999 1.000 0.978 0.991 0.998 0.955 1.000 
 110   (0.045) 0.001 0.005 0.001 0.003 0.000 0.045 0.001 0.001 0.000 0.022 0.009 0.002 0.045 0.000 

Locus 120 : 126845_22 
2 alleles
5.6% missing data
 130   (0.953) 0.999 0.994 0.999 0.997 1.000 0.953 0.999 0.999 1.000 0.998 0.961 0.998 0.953 1.000 
 110   (0.047) 0.001 0.006 0.001 0.003 0.000 0.047 0.001 0.001 0.000 0.002 0.039 0.002 0.047 0.000 

Locus 121 : 127512_8 
2 alleles
1.1% missing data
 130   (0.952) 0.914 0.995 0.999 0.997 1.000 0.952 0.999 0.999 1.000 0.998 0.997 0.999 0.952 1.000 
 100   (0.048) 0.086 0.005 0.001 0.003 0.000 0.048 0.001 0.001 0.000 0.002 0.003 0.001 0.048 0.000 

Locus 122 : 127692_13 
2 alleles
2.8% missing data
 100   (0.946) 0.999 0.994 0.999 0.997 1.000 0.946 0.999 0.999 1.000 0.948 0.997 0.998 0.946 1.000 
 120   (0.054) 0.001 0.006 0.001 0.003 0.000 0.054 0.001 0.001 0.000 0.052 0.003 0.002 0.054 0.000 

Locus 123 : 128195_18 
2 alleles
7.3% missing data
 130   (0.863) 0.997 0.421 0.401 0.991 0.990 0.862 0.997 0.998 0.997 0.928 0.990 0.977 0.863 0.999 
 110   (0.137) 0.003 0.579 0.599 0.009 0.010 0.138 0.003 0.002 0.003 0.072 0.010 0.023 0.137 0.001 

Locus 124 : 128198_14 
2 alleles
4.5% missing data
 130   (0.922) 0.910 0.992 0.999 0.919 1.000 0.923 0.999 0.999 1.000 0.997 0.996 0.997 0.922 1.000 
 120   (0.078) 0.090 0.008 0.001 0.081 0.000 0.077 0.001 0.001 0.000 0.003 0.004 0.003 0.078 0.000 

Locus 125 : 128423_39 
2 alleles
4.5% missing data
 130   (0.953) 0.999 0.992 0.995 0.997 1.000 0.953 0.999 0.999 1.000 0.998 0.997 0.998 0.953 1.000 
 100   (0.047) 0.001 0.008 0.005 0.003 0.000 0.047 0.001 0.001 0.000 0.002 0.003 0.002 0.047 0.000 

Locus 126 : 131572_48 
2 alleles
1.1% missing data
 120   (0.947) 0.999 0.994 0.999 0.997 1.000 0.946 0.999 0.960 0.999 0.998 0.996 0.998 0.946 1.000 
 100   (0.053) 0.001 0.006 0.001 0.003 0.000 0.054 0.001 0.040 0.001 0.002 0.004 0.002 0.054 0.000 

Locus 127 : 132199_62 
2 alleles
3.9% missing data
 100   (0.946) 0.999 0.995 0.999 0.752 1.000 0.946 0.999 0.999 1.000 0.998 0.997 0.998 0.946 1.000 
 120   (0.054) 0.001 0.005 0.001 0.248 0.000 0.054 0.001 0.001 0.000 0.002 0.003 0.002 0.054 0.000 

Locus 128 : 135566_64 
2 alleles
7.3% missing data
 130   (0.953) 0.999 0.995 0.996 0.997 1.000 0.953 0.999 0.999 1.000 0.998 0.997 0.998 0.952 1.000 
 110   (0.047) 0.001 0.005 0.004 0.003 0.000 0.047 0.001 0.001 0.000 0.002 0.003 0.002 0.048 0.000 

Locus 129 : 135761_5 
2 alleles
7.9% missing data
 130   (0.951) 0.999 0.995 0.999 0.905 1.000 0.952 0.999 0.999 1.000 0.998 0.997 0.998 0.951 1.000 
 100   (0.049) 0.001 0.005 0.001 0.095 0.000 0.048 0.001 0.001 0.000 0.002 0.003 0.002 0.049 0.000 

Locus 130 : 137219_35 
2 alleles
3.4% missing data
 120   (0.932) 0.998 0.993 0.980 0.996 1.000 0.931 0.999 0.999 1.000 0.997 0.996 0.998 0.931 1.000 
 100   (0.068) 0.002 0.007 0.020 0.004 0.000 0.069 0.001 0.001 0.000 0.003 0.004 0.002 0.069 0.000 

Locus 131 : 139081_20 
2 alleles
5.6% missing data
 120   (0.933) 0.998 0.929 0.999 0.996 1.000 0.933 0.999 0.998 0.999 0.974 0.996 0.997 0.933 1.000 
 110   (0.067) 0.002 0.071 0.001 0.004 0.000 0.067 0.001 0.002 0.001 0.026 0.004 0.003 0.067 0.000 

Locus 132 : 139084_52 
2 alleles
5.1% missing data
 120   (0.902) 0.998 0.812 0.994 0.994 0.999 0.901 0.998 0.999 0.999 0.996 0.994 0.945 0.902 1.000 
 110   (0.098) 0.002 0.188 0.006 0.006 0.001 0.099 0.002 0.001 0.001 0.004 0.006 0.055 0.098 0.000 

Locus 133 : 139433_54 
2 alleles
3.9% missing data
 120   (0.953) 0.999 0.995 0.999 0.945 1.000 0.954 0.999 0.999 1.000 0.998 0.997 0.999 0.954 1.000 
 100   (0.047) 0.001 0.005 0.001 0.055 0.000 0.046 0.001 0.001 0.000 0.002 0.003 0.001 0.046 0.000 

Locus 134 : 140063_88 
2 alleles
7.9% missing data
 110   (0.953) 0.999 0.993 0.999 0.997 1.000 0.952 0.999 0.999 1.000 0.992 0.997 0.998 0.953 1.000 
 100   (0.047) 0.001 0.007 0.001 0.003 0.000 0.048 0.001 0.001 0.000 0.008 0.003 0.002 0.047 0.000 

Locus 135 : 140194_73 
2 alleles
2.8% missing data
 120   (0.954) 0.977 0.993 0.999 0.997 1.000 0.955 0.999 0.999 1.000 0.998 0.997 0.998 0.955 1.000 
 110   (0.046) 0.023 0.007 0.001 0.003 0.000 0.045 0.001 0.001 0.000 0.002 0.003 0.002 0.045 0.000 

Locus 136 : 141313_8 
2 alleles
2.8% missing data
 120   (0.948) 0.999 0.995 0.999 0.919 1.000 0.949 0.999 0.999 1.000 0.998 0.997 0.998 0.948 1.000 
 100   (0.052) 0.001 0.005 0.001 0.081 0.000 0.051 0.001 0.001 0.000 0.002 0.003 0.002 0.052 0.000 

Locus 137 : 145284_28 
2 alleles
2.8% missing data
 130   (0.949) 0.999 0.611 0.999 0.997 1.000 0.949 0.999 0.999 1.000 0.998 0.997 0.998 0.949 1.000 
 110   (0.051) 0.001 0.389 0.001 0.003 0.000 0.051 0.001 0.001 0.000 0.002 0.003 0.002 0.051 0.000 

Locus 138 : 145957_11 
2 alleles
4.5% missing data
 130   (0.953) 0.999 0.995 0.999 0.997 1.000 0.953 0.999 0.883 0.999 0.998 0.997 0.998 0.953 1.000 
 110   (0.047) 0.001 0.005 0.001 0.003 0.000 0.047 0.001 0.117 0.001 0.002 0.003 0.002 0.047 0.000 

Locus 139 : 160306_34 
2 alleles
2.8% missing data
 120   (0.924) 0.998 0.992 0.998 0.995 1.000 0.924 0.999 0.997 0.999 0.943 0.788 0.997 0.924 1.000 
 100   (0.076) 0.002 0.008 0.002 0.005 0.000 0.076 0.001 0.003 0.001 0.057 0.212 0.003 0.076 0.000 

Locus 140 : 162107_37 
2 alleles
3.4% missing data
 120   (0.929) 0.998 0.993 0.999 0.995 1.000 0.929 0.999 0.999 1.000 0.991 0.902 0.998 0.928 1.000 
 100   (0.071) 0.002 0.007 0.001 0.005 0.000 0.071 0.001 0.001 0.000 0.009 0.098 0.002 0.072 0.000 

Locus 141 : 163290_36 
2 alleles
5.1% missing data
 130   (0.915) 0.998 0.746 0.994 0.994 0.972 0.916 0.997 0.998 0.973 0.997 0.995 0.917 0.915 0.997 
 110   (0.085) 0.002 0.254 0.006 0.006 0.028 0.084 0.003 0.002 0.027 0.003 0.005 0.083 0.085 0.003 

Locus 142 : 163453_13 
2 alleles
5.6% missing data
 120   (0.952) 0.999 0.994 0.999 0.997 1.000 0.951 0.999 0.999 1.000 0.998 0.997 0.989 0.951 1.000 
 110   (0.048) 0.001 0.006 0.001 0.003 0.000 0.049 0.001 0.001 0.000 0.002 0.003 0.011 0.049 0.000 

Locus 143 : 163580_14 
2 alleles
10.1% missing data
 120   (0.952) 0.999 0.995 0.999 0.997 0.953 0.952 0.982 0.999 0.973 0.998 0.997 0.998 0.952 0.939 
 100   (0.048) 0.001 0.005 0.001 0.003 0.047 0.048 0.018 0.001 0.027 0.002 0.003 0.002 0.048 0.061 

Locus 144 : 164461_13 
2 alleles
5.6% missing data
 100   (0.948) 0.999 0.995 0.999 0.997 1.000 0.948 0.999 0.999 1.000 0.998 0.997 0.851 0.948 1.000 
 120   (0.052) 0.001 0.005 0.001 0.003 0.000 0.052 0.001 0.001 0.000 0.002 0.003 0.149 0.052 0.000 

Locus 145 : 165413_43 
2 alleles
1.7% missing data
 110   (0.948) 0.999 0.994 0.999 0.997 1.000 0.948 0.999 0.999 1.000 0.951 0.997 0.997 0.948 1.000 
 130   (0.052) 0.001 0.006 0.001 0.003 0.000 0.052 0.001 0.001 0.000 0.049 0.003 0.003 0.052 0.000 

Locus 146 : 168629_44 
2 alleles
5.6% missing data
 130   (0.941) 0.998 0.990 0.986 0.996 0.999 0.941 0.999 0.999 1.000 0.972 0.996 0.981 0.941 1.000 
 110   (0.059) 0.002 0.010 0.014 0.004 0.001 0.059 0.001 0.001 0.000 0.028 0.004 0.019 0.059 0.000 

Locus 147 : 168991_77 
2 alleles
5.6% missing data
 110   (0.837) 0.996 0.978 0.943 0.990 0.994 0.835 0.996 0.955 0.997 0.879 0.649 0.986 0.836 0.997 
 100   (0.163) 0.004 0.022 0.057 0.010 0.006 0.165 0.004 0.045 0.003 0.121 0.351 0.014 0.164 0.003 

Locus 148 : 169478_88 
2 alleles
5.1% missing data
 130   (0.956) 0.981 0.995 0.999 0.997 1.000 0.956 0.999 0.999 1.000 0.998 0.997 0.999 0.956 1.000 
 100   (0.044) 0.019 0.005 0.001 0.003 0.000 0.044 0.001 0.001 0.000 0.002 0.003 0.001 0.044 0.000 

Locus 149 : 169898_8 
2 alleles
6.2% missing data
 120   (0.935) 0.998 0.993 0.999 0.995 1.000 0.936 0.998 0.999 1.000 0.924 0.996 0.966 0.936 1.000 
 100   (0.065) 0.002 0.007 0.001 0.005 0.000 0.064 0.002 0.001 0.000 0.076 0.004 0.034 0.064 0.000 

Locus 150 : 170224_42 
2 alleles
7.3% missing data
 100   (0.901) 0.998 0.975 0.975 0.993 0.993 0.901 0.998 0.999 0.998 0.951 0.993 0.792 0.900 0.998 
 120   (0.099) 0.002 0.025 0.025 0.007 0.007 0.099 0.002 0.001 0.002 0.049 0.007 0.208 0.100 0.002 

Locus 151 : 174083_22 
2 alleles
3.9% missing data
 120   (0.948) 0.999 0.995 0.999 0.786 1.000 0.948 0.999 0.999 1.000 0.998 0.997 0.998 0.948 1.000 
 100   (0.052) 0.001 0.005 0.001 0.214 0.000 0.052 0.001 0.001 0.000 0.002 0.003 0.002 0.052 0.000 

Locus 152 : 174223_24 
2 alleles
2.8% missing data
 120   (0.952) 0.999 0.995 0.999 0.997 1.000 0.952 0.993 0.999 1.000 0.998 0.997 0.998 0.952 1.000 
 100   (0.048) 0.001 0.005 0.001 0.003 0.000 0.048 0.007 0.001 0.000 0.002 0.003 0.002 0.048 0.000 

Locus 153 : 174263_44 
2 alleles
3.9% missing data
 130   (0.952) 0.847 0.995 0.999 0.997 1.000 0.952 0.999 0.999 1.000 0.998 0.997 0.999 0.952 1.000 
 110   (0.048) 0.153 0.005 0.001 0.003 0.000 0.048 0.001 0.001 0.000 0.002 0.003 0.001 0.048 0.000 

Locus 154 : 175657_6 
2 alleles
8.4% missing data
 100   (0.925) 0.998 0.992 0.999 0.995 1.000 0.926 0.999 0.999 1.000 0.932 0.759 0.998 0.926 1.000 
 130   (0.075) 0.002 0.008 0.001 0.005 0.000 0.074 0.001 0.001 0.000 0.068 0.241 0.002 0.074 0.000 

Locus 155 : 176570_23 
2 alleles
3.9% missing data
 130   (0.948) 0.998 0.992 0.992 0.997 0.998 0.948 0.995 0.984 0.985 0.998 0.996 0.995 0.948 0.996 
 110   (0.052) 0.002 0.008 0.008 0.003 0.002 0.052 0.005 0.016 0.015 0.002 0.004 0.005 0.052 0.004 

Locus 156 : 176775_13 
2 alleles
6.7% missing data
 130   (0.943) 0.999 0.993 0.999 0.707 1.000 0.944 0.999 0.999 1.000 0.998 0.997 0.998 0.943 1.000 
 110   (0.057) 0.001 0.007 0.001 0.293 0.000 0.056 0.001 0.001 0.000 0.002 0.003 0.002 0.057 0.000 

Locus 157 : 178448_19 
2 alleles
3.4% missing data
 120   (0.947) 0.999 0.995 0.999 0.882 1.000 0.947 0.999 0.999 1.000 0.998 0.997 0.998 0.947 1.000 
 100   (0.053) 0.001 0.005 0.001 0.118 0.000 0.053 0.001 0.001 0.000 0.002 0.003 0.002 0.053 0.000 

Locus 158 : 179162_16 
2 alleles
6.2% missing data
 120   (0.953) 0.999 0.995 0.999 0.971 1.000 0.953 0.999 0.999 1.000 0.998 0.997 0.998 0.953 1.000 
 100   (0.047) 0.001 0.005 0.001 0.029 0.000 0.047 0.001 0.001 0.000 0.002 0.003 0.002 0.047 0.000 

Locus 159 : 179286_31 
2 alleles
2.8% missing data
 120   (0.924) 0.998 0.992 0.999 0.995 1.000 0.925 0.999 0.999 1.000 0.907 0.902 0.997 0.925 1.000 
 100   (0.076) 0.002 0.008 0.001 0.005 0.000 0.075 0.001 0.001 0.000 0.093 0.098 0.003 0.075 0.000 

Locus 160 : 179594_17 
2 alleles
4.5% missing data
 120   (0.900) 0.997 0.926 0.998 0.993 1.000 0.899 0.992 0.999 1.000 0.996 0.732 0.979 0.900 1.000 
 100   (0.100) 0.003 0.074 0.002 0.007 0.000 0.101 0.008 0.001 0.000 0.004 0.268 0.021 0.100 0.000 

Locus 161 : 180413_54 
2 alleles
3.9% missing data
 100   (0.949) 0.999 0.995 0.999 0.881 1.000 0.949 0.999 0.999 1.000 0.998 0.997 0.998 0.949 1.000 
 110   (0.051) 0.001 0.005 0.001 0.119 0.000 0.051 0.001 0.001 0.000 0.002 0.003 0.002 0.051 0.000 

Locus 162 : 182862_79 
2 alleles
3.4% missing data
 130   (0.950) 0.999 0.995 0.999 0.868 1.000 0.950 0.999 0.999 1.000 0.998 0.997 0.998 0.950 1.000 
 110   (0.050) 0.001 0.005 0.001 0.132 0.000 0.050 0.001 0.001 0.000 0.002 0.003 0.002 0.050 0.000 

Locus 163 : 183288_63 
2 alleles
10.1% missing data
 100   (0.951) 0.999 0.994 0.999 0.971 1.000 0.951 0.999 0.999 1.000 0.998 0.997 0.998 0.951 1.000 
 120   (0.049) 0.001 0.006 0.001 0.029 0.000 0.049 0.001 0.001 0.000 0.002 0.003 0.002 0.049 0.000 

Locus 164 : 183906_55 
2 alleles
6.7% missing data
 130   (0.950) 0.999 0.995 0.999 0.946 1.000 0.951 0.999 0.999 1.000 0.998 0.997 0.998 0.950 1.000 
 100   (0.050) 0.001 0.005 0.001 0.054 0.000 0.049 0.001 0.001 0.000 0.002 0.003 0.002 0.050 0.000 

Locus 165 : 183990_7 
2 alleles
3.4% missing data
 120   (0.946) 0.999 0.994 0.831 0.997 1.000 0.946 0.999 0.999 0.998 0.998 0.997 0.996 0.946 1.000 
 100   (0.054) 0.001 0.006 0.169 0.003 0.000 0.054 0.001 0.001 0.002 0.002 0.003 0.004 0.054 0.000 

Locus 166 : 185904_60 
2 alleles
3.4% missing data
 120   (0.949) 0.999 0.994 0.999 0.997 1.000 0.949 0.999 0.999 1.000 0.998 0.997 0.916 0.949 1.000 
 100   (0.051) 0.001 0.006 0.001 0.003 0.000 0.051 0.001 0.001 0.000 0.002 0.003 0.084 0.051 0.000 

Locus 167 : 191703_64 
2 alleles
1.7% missing data
 130   (0.919) 0.998 0.670 0.999 0.995 1.000 0.920 0.999 0.999 1.000 0.997 0.863 0.998 0.920 1.000 
 110   (0.081) 0.002 0.330 0.001 0.005 0.000 0.080 0.001 0.001 0.000 0.003 0.137 0.002 0.080 0.000 

Locus 168 : 193854_7 
2 alleles
1.7% missing data
 130   (0.930) 0.981 0.992 0.999 0.883 1.000 0.930 0.998 0.999 1.000 0.997 0.996 0.997 0.930 1.000 
 110   (0.070) 0.019 0.008 0.001 0.117 0.000 0.070 0.002 0.001 0.000 0.003 0.004 0.003 0.070 0.000 

Locus 169 : 194868_38 
2 alleles
5.6% missing data
 120   (0.938) 0.999 0.993 0.998 0.996 1.000 0.938 0.999 0.999 1.000 0.889 0.985 0.998 0.938 1.000 
 100   (0.062) 0.001 0.007 0.002 0.004 0.000 0.062 0.001 0.001 0.000 0.111 0.015 0.002 0.062 0.000 

Locus 170 : 195463_36 
2 alleles
5.1% missing data
 120   (0.953) 0.999 0.995 0.999 0.997 1.000 0.953 0.999 0.999 1.000 0.998 0.858 0.999 0.953 1.000 
 100   (0.047) 0.001 0.005 0.001 0.003 0.000 0.047 0.001 0.001 0.000 0.002 0.142 0.001 0.047 0.000 

Locus 171 : 195727_20 
2 alleles
1.7% missing data
 130   (0.953) 0.999 0.995 0.999 0.915 1.000 0.953 0.999 0.999 1.000 0.998 0.997 0.999 0.953 1.000 
 110   (0.047) 0.001 0.005 0.001 0.085 0.000 0.047 0.001 0.001 0.000 0.002 0.003 0.001 0.047 0.000 

Locus 172 : 197508_5 
2 alleles
2.2% missing data
 120   (0.953) 0.999 0.995 0.999 0.997 1.000 0.952 0.999 0.999 1.000 0.993 0.997 0.998 0.953 1.000 
 100   (0.047) 0.001 0.005 0.001 0.003 0.000 0.048 0.001 0.001 0.000 0.007 0.003 0.002 0.047 0.000 

Locus 173 : 199140_10 
2 alleles
4.5% missing data
 130   (0.953) 0.999 0.995 0.997 0.997 1.000 0.952 0.999 0.999 1.000 0.998 0.997 0.998 0.952 1.000 
 110   (0.047) 0.001 0.005 0.003 0.003 0.000 0.048 0.001 0.001 0.000 0.002 0.003 0.002 0.048 0.000 

Locus 174 : 199429_51 
2 alleles
5.1% missing data
 130   (0.954) 0.999 0.994 0.999 0.997 1.000 0.953 0.999 0.999 1.000 0.998 0.997 0.988 0.954 1.000 
 100   (0.046) 0.001 0.006 0.001 0.003 0.000 0.047 0.001 0.001 0.000 0.002 0.003 0.012 0.046 0.000 

Locus 175 : 199635_9 
2 alleles
3.4% missing data
 120   (0.948) 0.999 0.995 0.999 0.830 1.000 0.949 0.999 0.999 1.000 0.998 0.997 0.998 0.948 1.000 
 100   (0.052) 0.001 0.005 0.001 0.170 0.000 0.051 0.001 0.001 0.000 0.002 0.003 0.002 0.052 0.000 

Locus 176 : 200923_8 
2 alleles
5.1% missing data
 100   (0.954) 0.999 0.932 0.999 0.997 1.000 0.954 0.999 0.999 1.000 0.998 0.995 0.998 0.954 1.000 
 110   (0.046) 0.001 0.068 0.001 0.003 0.000 0.046 0.001 0.001 0.000 0.002 0.005 0.002 0.046 0.000 

Locus 177 : 201090_64 
2 alleles
5.1% missing data
 130   (0.956) 0.999 0.995 0.999 0.997 1.000 0.956 0.999 0.999 1.000 0.998 0.997 0.959 0.956 1.000 
 100   (0.044) 0.001 0.005 0.001 0.003 0.000 0.044 0.001 0.001 0.000 0.002 0.003 0.041 0.044 0.000 

Locus 178 : 201549_57 
2 alleles
4.5% missing data
 120   (0.950) 0.999 0.995 0.999 0.997 1.000 0.950 0.999 0.999 1.000 0.998 0.904 0.999 0.950 1.000 
 110   (0.050) 0.001 0.005 0.001 0.003 0.000 0.050 0.001 0.001 0.000 0.002 0.096 0.001 0.050 0.000 

Locus 179 : 203565_40 
2 alleles
3.9% missing data
 120   (0.954) 0.999 0.933 0.999 0.997 1.000 0.954 0.999 0.999 1.000 0.998 0.997 0.998 0.954 1.000 
 100   (0.046) 0.001 0.067 0.001 0.003 0.000 0.046 0.001 0.001 0.000 0.002 0.003 0.002 0.046 0.000 

Locus 180 : 205184_19 
2 alleles
7.3% missing data
 110   (0.918) 0.871 0.991 0.999 0.762 1.000 0.919 0.999 0.999 1.000 0.997 0.995 0.997 0.919 1.000 
 120   (0.082) 0.129 0.009 0.001 0.238 0.000 0.081 0.001 0.001 0.000 0.003 0.005 0.003 0.081 0.000 

Locus 181 : 206551_17 
2 alleles
6.2% missing data
 120   (0.883) 0.997 0.940 0.991 0.993 0.999 0.883 0.875 0.998 0.999 0.995 0.966 0.634 0.883 0.999 
 100   (0.117) 0.003 0.060 0.009 0.007 0.001 0.117 0.125 0.002 0.001 0.005 0.034 0.366 0.117 0.001 

Locus 182 : 216246_19 
2 alleles
2.8% missing data
 110   (0.931) 0.998 0.989 0.994 0.996 1.000 0.930 0.999 0.999 1.000 0.981 0.987 0.997 0.931 1.000 
 130   (0.069) 0.002 0.011 0.006 0.004 0.000 0.070 0.001 0.001 0.000 0.019 0.013 0.003 0.069 0.000 

Locus 183 : 216776_13 
2 alleles
5.6% missing data
 120   (0.909) 0.991 0.990 0.999 0.729 1.000 0.910 0.846 0.999 1.000 0.997 0.995 0.997 0.910 1.000 
 110   (0.091) 0.009 0.010 0.001 0.271 0.000 0.090 0.154 0.001 0.000 0.003 0.005 0.003 0.090 0.000 

Locus 184 : 217291_37 
2 alleles
3.9% missing data
 120   (0.951) 0.999 0.995 0.999 0.997 1.000 0.951 0.999 0.999 1.000 0.998 0.910 0.998 0.951 1.000 
 100   (0.049) 0.001 0.005 0.001 0.003 0.000 0.049 0.001 0.001 0.000 0.002 0.090 0.002 0.049 0.000 

Locus 185 : 217570_13 
2 alleles
3.9% missing data
 130   (0.949) 0.999 0.995 0.999 0.867 1.000 0.950 0.999 0.999 1.000 0.998 0.997 0.998 0.949 1.000 
 110   (0.051) 0.001 0.005 0.001 0.133 0.000 0.050 0.001 0.001 0.000 0.002 0.003 0.002 0.051 0.000 

Locus 186 : 220422_65 
2 alleles
3.4% missing data
 120   (0.935) 0.999 0.993 0.999 0.996 1.000 0.934 0.999 0.999 0.999 0.973 0.987 0.996 0.934 1.000 
 110   (0.065) 0.001 0.007 0.001 0.004 0.000 0.066 0.001 0.001 0.001 0.027 0.013 0.004 0.066 0.000 

Locus 187 : 220502_40 
2 alleles
6.7% missing data
 120   (0.952) 0.999 0.994 0.999 0.997 1.000 0.952 0.999 0.982 0.999 0.998 0.997 0.998 0.952 1.000 
 110   (0.048) 0.001 0.006 0.001 0.003 0.000 0.048 0.001 0.018 0.001 0.002 0.003 0.002 0.048 0.000 

Locus 188 : 220519_81 
2 alleles
4.5% missing data
 130   (0.923) 0.998 0.933 0.999 0.859 1.000 0.923 0.999 0.999 1.000 0.997 0.996 0.997 0.923 1.000 
 110   (0.077) 0.002 0.067 0.001 0.141 0.000 0.077 0.001 0.001 0.000 0.003 0.004 0.003 0.077 0.000 

Locus 189 : 222347_17 
2 alleles
3.9% missing data
 120   (0.948) 0.999 0.995 0.999 0.892 1.000 0.948 0.999 0.999 1.000 0.998 0.997 0.998 0.948 1.000 
 100   (0.052) 0.001 0.005 0.001 0.108 0.000 0.052 0.001 0.001 0.000 0.002 0.003 0.002 0.052 0.000 

Locus 190 : 222896_46 
2 alleles
0.6% missing data
 110   (0.949) 0.999 0.995 0.999 0.945 1.000 0.950 0.999 0.999 1.000 0.998 0.997 0.998 0.950 1.000 
 130   (0.051) 0.001 0.005 0.001 0.055 0.000 0.050 0.001 0.001 0.000 0.002 0.003 0.002 0.050 0.000 

Locus 191 : 223181_12 
2 alleles
3.4% missing data
 120   (0.944) 0.999 0.994 0.999 0.724 1.000 0.945 0.999 0.999 1.000 0.998 0.997 0.998 0.944 1.000 
 100   (0.056) 0.001 0.006 0.001 0.276 0.000 0.055 0.001 0.001 0.000 0.002 0.003 0.002 0.056 0.000 

Locus 192 : 224649_57 
2 alleles
5.1% missing data
 100   (0.956) 0.980 0.994 0.999 0.997 1.000 0.956 0.999 0.999 1.000 0.998 0.997 0.998 0.956 1.000 
 110   (0.044) 0.020 0.006 0.001 0.003 0.000 0.044 0.001 0.001 0.000 0.002 0.003 0.002 0.044 0.000 

Locus 193 : 226245_11 
2 alleles
5.1% missing data
 130   (0.953) 0.999 0.994 0.999 0.997 1.000 0.953 0.999 0.948 0.999 0.998 0.997 0.998 0.953 1.000 
 110   (0.047) 0.001 0.006 0.001 0.003 0.000 0.047 0.001 0.052 0.001 0.002 0.003 0.002 0.047 0.000 

Locus 194 : 226342_59 
2 alleles
6.2% missing data
 120   (0.916) 0.966 0.989 0.998 0.911 0.997 0.916 0.996 0.998 0.999 0.996 0.994 0.996 0.916 0.997 
 100   (0.084) 0.034 0.011 0.002 0.089 0.003 0.084 0.004 0.002 0.001 0.004 0.006 0.004 0.084 0.003 

Locus 195 : 228970_13 
2 alleles
3.9% missing data
 120   (0.954) 0.999 0.995 0.999 0.997 1.000 0.955 0.999 0.999 1.000 0.998 0.959 0.998 0.955 1.000 
 100   (0.046) 0.001 0.005 0.001 0.003 0.000 0.045 0.001 0.001 0.000 0.002 0.041 0.002 0.045 0.000 

Locus 196 : 229097_27 
2 alleles
5.1% missing data
 130   (0.949) 0.999 0.995 0.999 0.792 1.000 0.949 0.999 0.999 1.000 0.998 0.997 0.998 0.949 1.000 
 110   (0.051) 0.001 0.005 0.001 0.208 0.000 0.051 0.001 0.001 0.000 0.002 0.003 0.002 0.051 0.000 

Locus 197 : 229177_29 
2 alleles
7.3% missing data
 130   (0.947) 0.999 0.994 0.999 0.997 0.999 0.947 0.809 0.999 0.999 0.998 0.997 0.996 0.947 0.998 
 110   (0.053) 0.001 0.006 0.001 0.003 0.001 0.053 0.191 0.001 0.001 0.002 0.003 0.004 0.053 0.002 

Locus 198 : 229612_7 
2 alleles
6.2% missing data
 100   (0.955) 0.999 0.995 0.999 0.997 1.000 0.954 0.999 0.999 1.000 0.992 0.998 0.998 0.955 1.000 
 120   (0.045) 0.001 0.005 0.001 0.003 0.000 0.046 0.001 0.001 0.000 0.008 0.002 0.002 0.045 0.000 

Locus 199 : 229936_67 
2 alleles
3.9% missing data
 120   (0.951) 0.999 0.992 0.992 0.997 0.998 0.950 0.995 0.983 0.984 0.998 0.997 0.995 0.951 0.996 
 100   (0.049) 0.001 0.008 0.008 0.003 0.002 0.050 0.005 0.017 0.016 0.002 0.003 0.005 0.049 0.004 

Locus 200 : 232937_62 
2 alleles
2.2% missing data
 100   (0.951) 0.999 0.995 0.999 0.997 1.000 0.951 0.994 0.999 1.000 0.998 0.997 0.998 0.951 1.000 
 120   (0.049) 0.001 0.005 0.001 0.003 0.000 0.049 0.006 0.001 0.000 0.002 0.003 0.002 0.049 0.000 

Locus 201 : 233194_6 
2 alleles
2.8% missing data
 120   (0.923) 0.969 0.992 0.999 0.664 1.000 0.924 0.999 0.999 1.000 0.997 0.996 0.997 0.924 1.000 
 100   (0.077) 0.031 0.008 0.001 0.336 0.000 0.076 0.001 0.001 0.000 0.003 0.004 0.003 0.076 0.000 

Locus 202 : 234346_33 
2 alleles
4.5% missing data
 110   (0.954) 0.825 0.995 0.999 0.997 1.000 0.955 0.999 0.999 1.000 0.998 0.997 0.999 0.954 1.000 
 130   (0.046) 0.175 0.005 0.001 0.003 0.000 0.045 0.001 0.001 0.000 0.002 0.003 0.001 0.046 0.000 

Locus 203 : 235241_77 
2 alleles
2.2% missing data
 130   (0.949) 0.999 0.995 0.999 0.839 1.000 0.950 0.999 0.999 1.000 0.998 0.997 0.998 0.949 1.000 
 100   (0.051) 0.001 0.005 0.001 0.161 0.000 0.050 0.001 0.001 0.000 0.002 0.003 0.002 0.051 0.000 

Locus 204 : 236207_44 
2 alleles
6.2% missing data
 120   (0.904) 0.998 0.857 0.999 0.994 1.000 0.904 0.998 0.669 0.999 0.996 0.960 0.997 0.904 1.000 
 100   (0.096) 0.002 0.143 0.001 0.006 0.000 0.096 0.002 0.331 0.001 0.004 0.040 0.003 0.096 0.000 

Locus 205 : 236307_12 
2 alleles
1.7% missing data
 130   (0.949) 0.999 0.994 0.619 0.997 1.000 0.950 0.999 0.999 1.000 0.998 0.993 0.998 0.949 1.000 
 110   (0.051) 0.001 0.006 0.381 0.003 0.000 0.050 0.001 0.001 0.000 0.002 0.007 0.002 0.051 0.000 

Locus 206 : 236931_45 
2 alleles
6.7% missing data
 120   (0.876) 0.997 0.448 0.996 0.992 1.000 0.877 0.998 0.998 1.000 0.731 0.713 0.996 0.876 1.000 
 100   (0.124) 0.003 0.552 0.004 0.008 0.000 0.123 0.002 0.002 0.000 0.269 0.287 0.004 0.124 0.000 

Locus 207 : 236999_38 
2 alleles
2.8% missing data
 120   (0.952) 0.999 0.995 0.999 0.945 1.000 0.953 0.999 0.999 1.000 0.998 0.997 0.998 0.952 1.000 
 100   (0.048) 0.001 0.005 0.001 0.055 0.000 0.047 0.001 0.001 0.000 0.002 0.003 0.002 0.048 0.000 

Locus 208 : 240398_42 
2 alleles
3.9% missing data
 110   (0.835) 0.996 0.446 0.658 0.990 0.999 0.834 0.997 0.998 0.999 0.840 0.892 0.994 0.835 0.999 
 130   (0.165) 0.004 0.554 0.342 0.010 0.001 0.166 0.003 0.002 0.001 0.160 0.108 0.006 0.165 0.001 

Locus 209 : 240825_22 
2 alleles
6.2% missing data
 130   (0.955) 0.999 0.991 0.999 0.997 0.997 0.955 0.998 0.999 0.996 0.998 0.997 0.992 0.955 1.000 
 110   (0.045) 0.001 0.009 0.001 0.003 0.003 0.045 0.002 0.001 0.004 0.002 0.003 0.008 0.045 0.000 

Locus 210 : 244435_48 
2 alleles
1.7% missing data
 110   (0.955) 0.999 0.995 0.999 0.997 1.000 0.956 0.999 0.946 1.000 0.998 0.997 0.999 0.955 1.000 
 130   (0.045) 0.001 0.005 0.001 0.003 0.000 0.044 0.001 0.054 0.000 0.002 0.003 0.001 0.045 0.000 

Locus 211 : 245971_21 
2 alleles
5.1% missing data
 130   (0.951) 0.999 0.995 0.999 0.915 1.000 0.952 0.999 0.999 1.000 0.998 0.997 0.999 0.951 1.000 
 120   (0.049) 0.001 0.005 0.001 0.085 0.000 0.048 0.001 0.001 0.000 0.002 0.003 0.001 0.049 0.000 

Locus 212 : 246895_22 
2 alleles
3.4% missing data
 120   (0.954) 0.999 0.995 0.995 0.997 1.000 0.953 0.999 0.999 1.000 0.998 0.997 0.998 0.953 1.000 
 110   (0.046) 0.001 0.005 0.005 0.003 0.000 0.047 0.001 0.001 0.000 0.002 0.003 0.002 0.047 0.000 

Locus 213 : 248131_26 
2 alleles
7.9% missing data
 130   (0.939) 0.998 0.991 0.998 0.996 0.999 0.939 0.998 0.999 0.999 0.978 0.994 0.955 0.939 1.000 
 110   (0.061) 0.002 0.009 0.002 0.004 0.001 0.061 0.002 0.001 0.001 0.022 0.006 0.045 0.061 0.000 

Locus 214 : 250844_49 
2 alleles
7.3% missing data
 130   (0.951) 0.999 0.995 0.999 0.997 1.000 0.951 0.999 0.999 1.000 0.991 0.997 0.998 0.950 1.000 
 100   (0.049) 0.001 0.005 0.001 0.003 0.000 0.049 0.001 0.001 0.000 0.009 0.003 0.002 0.050 0.000 

Locus 215 : 251283_19 
2 alleles
5.6% missing data
 120   (0.949) 0.999 0.823 0.999 0.997 1.000 0.949 0.999 0.999 1.000 0.998 0.997 0.998 0.949 1.000 
 100   (0.051) 0.001 0.177 0.001 0.003 0.000 0.051 0.001 0.001 0.000 0.002 0.003 0.002 0.051 0.000 

Locus 216 : 251358_15 
2 alleles
8.4% missing data
 110   (0.933) 0.998 0.990 0.999 0.996 1.000 0.934 0.999 0.988 1.000 0.815 0.996 0.997 0.933 1.000 
 120   (0.067) 0.002 0.010 0.001 0.004 0.000 0.066 0.001 0.012 0.000 0.185 0.004 0.003 0.067 0.000 

Locus 217 : 251901_42 
2 alleles
2.2% missing data
 120   (0.954) 0.999 0.995 0.999 0.997 1.000 0.954 0.999 0.999 1.000 0.998 0.997 0.980 0.954 1.000 
 100   (0.046) 0.001 0.005 0.001 0.003 0.000 0.046 0.001 0.001 0.000 0.002 0.003 0.020 0.046 0.000 

Locus 218 : 252158_43 
2 alleles
0.0% missing data
 120   (0.951) 0.999 0.995 0.999 0.919 1.000 0.951 0.999 0.999 1.000 0.998 0.997 0.998 0.951 1.000 
 100   (0.049) 0.001 0.005 0.001 0.081 0.000 0.049 0.001 0.001 0.000 0.002 0.003 0.002 0.049 0.000 

Locus 219 : 252988_16 
2 alleles
7.9% missing data
 110   (0.947) 0.999 0.993 0.998 0.997 1.000 0.948 0.999 0.999 1.000 0.998 0.997 0.723 0.948 1.000 
 100   (0.053) 0.001 0.007 0.002 0.003 0.000 0.052 0.001 0.001 0.000 0.002 0.003 0.277 0.052 0.000 

Locus 220 : 254425_88 
2 alleles
5.6% missing data
 130   (0.918) 0.887 0.991 0.999 0.775 1.000 0.919 0.998 0.999 1.000 0.997 0.995 0.997 0.919 1.000 
 110   (0.082) 0.113 0.009 0.001 0.225 0.000 0.081 0.002 0.001 0.000 0.003 0.005 0.003 0.081 0.000 

Locus 221 : 256337_57 
2 alleles
5.6% missing data
 110   (0.956) 0.999 0.926 0.999 0.997 1.000 0.956 0.999 0.999 1.000 0.998 0.998 0.998 0.956 1.000 
 130   (0.044) 0.001 0.074 0.001 0.003 0.000 0.044 0.001 0.001 0.000 0.002 0.002 0.002 0.044 0.000 

Locus 222 : 259058_15 
2 alleles
1.7% missing data
 120   (0.954) 0.878 0.995 0.999 0.997 1.000 0.954 0.999 0.999 1.000 0.998 0.997 0.999 0.954 1.000 
 100   (0.046) 0.122 0.005 0.001 0.003 0.000 0.046 0.001 0.001 0.000 0.002 0.003 0.001 0.046 0.000 

Locus 223 : 259869_81 
2 alleles
0.6% missing data
 120   (0.951) 0.943 0.995 0.999 0.997 1.000 0.951 0.999 0.999 1.000 0.998 0.997 0.999 0.951 1.000 
 130   (0.049) 0.057 0.005 0.001 0.003 0.000 0.049 0.001 0.001 0.000 0.002 0.003 0.001 0.049 0.000 

Locus 224 : 260700_55 
2 alleles
2.2% missing data
 130   (0.957) 0.999 0.994 0.999 0.997 1.000 0.957 0.976 0.999 1.000 0.998 0.997 0.996 0.956 1.000 
 110   (0.043) 0.001 0.006 0.001 0.003 0.000 0.043 0.024 0.001 0.000 0.002 0.003 0.004 0.044 0.000 

Locus 225 : 262223_11 
2 alleles
4.5% missing data
 130   (0.952) 0.999 0.995 0.999 0.997 1.000 0.952 0.871 0.999 1.000 0.998 0.997 0.998 0.952 1.000 
 100   (0.048) 0.001 0.005 0.001 0.003 0.000 0.048 0.129 0.001 0.000 0.002 0.003 0.002 0.048 0.000 

Locus 226 : 262346_48 
2 alleles
3.4% missing data
 130   (0.949) 0.999 0.399 0.999 0.997 1.000 0.949 0.999 0.999 1.000 0.998 0.997 0.998 0.949 1.000 
 110   (0.051) 0.001 0.601 0.001 0.003 0.000 0.051 0.001 0.001 0.000 0.002 0.003 0.002 0.051 0.000 

Locus 227 : 262620_18 
2 alleles
3.9% missing data
 110   (0.938) 0.998 0.990 0.990 0.995 0.996 0.937 0.997 0.996 0.993 0.996 0.994 0.996 0.937 0.997 
 130   (0.062) 0.002 0.010 0.010 0.005 0.004 0.063 0.003 0.004 0.007 0.004 0.006 0.004 0.063 0.003 

Locus 228 : 263002_42 
2 alleles
3.4% missing data
 120   (0.949) 0.999 0.994 0.999 0.997 1.000 0.950 0.999 0.999 1.000 0.866 0.997 0.998 0.950 1.000 
 100   (0.051) 0.001 0.006 0.001 0.003 0.000 0.050 0.001 0.001 0.000 0.134 0.003 0.002 0.050 0.000 

Locus 229 : 263813_70 
2 alleles
10.1% missing data
 130   (0.952) 0.939 0.995 0.999 0.997 1.000 0.953 0.999 0.999 1.000 0.998 0.997 0.998 0.953 1.000 
 110   (0.048) 0.061 0.005 0.001 0.003 0.000 0.047 0.001 0.001 0.000 0.002 0.003 0.002 0.047 0.000 

Locus 230 : 264184_13 
2 alleles
10.1% missing data
 110   (0.903) 0.998 0.937 0.999 0.993 1.000 0.904 0.998 0.915 1.000 0.996 0.994 0.835 0.904 1.000 
 130   (0.097) 0.002 0.063 0.001 0.007 0.000 0.096 0.002 0.085 0.000 0.004 0.006 0.165 0.096 0.000 

Values of parameters used in structure:
DATAFILE=C:\Users\jmahg\OneDrive\Desktop\Transfers\TrkNbr-1524n1282n1083_AllPops_Structure_p18_r080_LDnHWEx\project_data,	OUTFILE=C:\Users\jmahg\OneDrive\Desktop\Transfers\TrkNbr-1524n1282n1083_AllPops_Structure_p18_r080_LDnHWEx\BI50000_MCMC100000\Results\BI50000_MCMC100000_run_135,	NUMINDS=178,	NUMLOCI=230,	MISSING=0,	LABEL=1,	POPDATA=1,	POPFLAG=0,	PHENOTYPE=0,	EXTRACOLS=0,	MAXPOPS=14,	BURNIN=50000,	NUMREPS=100000,	USEPOPINFO=0,	INFERALPHA=1,	INFERLAMBDA=0,	POPSPECIFICLAMBDA=0,	POPALPHAS=0,	COMPUTEPROB=1,	NOADMIX=0,	ADMBURNIN=2500,	UPDATEFREQ=1,	PRINTLIKES=0,	INTERMEDSAVE=0,	PRINTKLD=0,	PRINTNET=0,	PRINTLAMBDA=0,	ANCESTDIST=0,	NUMBOXES=1000,	ANCESTPINT=0.90000,	GENSBACK=2,	MIGRPRIOR=0.05000,	PRINTQHAT=0,	PRINTQSUM=0,	ALPHA=1.0000,	FREQSCORR=1,	FPRIORMEAN=0.0100,	FPRIORSD=0.0500,	ONEFST=0,	LAMBDA=1.0000,	UNIFPRIORALPHA=1,	ALPHAMAX=10.0000,	ALPHAPRIORA=1.0000,	ALPHAPRIORB=2.0000,	ALPHAPROPSD=0.0250,	STARTATPOPINFO=0,	RANDOMIZE=1,	LINKAGE=0,	METROFREQ=10,	REPORTHITRATE=0,	MARKOVPHASE=-1,	PHASED=0,	PLOIDY=2,	PHASEINFO=0	LOCPRIOR=0, 	LOCPRIORINIT=1.000000, 	LOCDATA=0, 	LOCISPOP=0, 	LOCPRIORSTEP=0.100000, 	MAXLOCPRIOR=20.000000, 	SEED=1602991882,	
[STRAT parameters]:    NUMSIMSTATS=1000,	PHENOTYPECOL=-9,	POOLFREQ=10,	LOCUSxONLY=0,	EMERROR=0.00100,	MISSINGPHENO=-9,	