Obs_____	TGCP_____	STT_____	MPO_____	PTP_____
STT_WM183	0.170785	0.000000	0.063753	0.202628
STT_WM184	0.169667	0.000000	0.064333	0.202668
STT_WM183	0.167592	0.000000	0.064236	0.202743
STT_WM183	0.168812	0.000000	0.064576	0.203364
STT_WM183	0.169366	0.000000	0.064310	0.201714
STT_WM183	0.168909	0.000000	0.063992	0.201285
STT_WM183	0.169737	0.000000	0.064833	0.204196
STT_WM183	0.169322	0.000000	0.063692	0.204120
STT_WM183	0.169614	0.000000	0.064283	0.202183
STT_WM183	0.170329	0.000000	0.062533	0.202217
STT_WM183	0.170862	0.000000	0.063560	0.203156
STT_WM184	0.170369	0.000000	0.064659	0.205208
STT_WM183	0.168455	0.000000	0.064088	0.201999
STT_WM183	0.167934	0.000000	0.064860	0.203168
STT_WM183	0.169151	0.000000	0.063431	0.201265
STT_WM183	0.168846	0.000000	0.064527	0.203432
STT_WM183	0.168855	0.000000	0.064460	0.202301
STT_WM183	0.170347	0.000000	0.064571	0.204805
STT_WM183	0.169394	0.000000	0.064497	0.202493
STT_WM183	0.169952	0.000000	0.065024	0.201941
STT_WM183	0.170999	0.000000	0.064987	0.205655
STT_WM183	0.169566	0.000000	0.064026	0.202262
STT_WM183	0.171502	0.000000	0.065172	0.202935
STT_WM183	0.170952	0.000000	0.064252	0.202409
STT_WM183	0.169379	0.000000	0.063758	0.201539
STT_WM183	0.169125	0.000000	0.063199	0.203580
STT_WM183	0.170166	0.000000	0.064605	0.204744
STT_WM183	0.169129	0.000000	0.065078	0.203182
STT_WM183	0.168655	0.000000	0.065821	0.201179
STT_WM183	0.171606	0.000000	0.064431	0.203068
STT_WM183	0.170224	0.000000	0.065311	0.203768
STT_WM184	0.168694	0.000000	0.063862	0.201736
STT_WM183	0.170552	0.000000	0.064301	0.204878
STT_WM183	0.169643	0.000000	0.064817	0.204074
STT_WM183	0.171074	0.000000	0.063555	0.201647
STT_WM183	0.170006	0.000000	0.064303	0.203409
STT_WM184	0.171051	0.000000	0.065601	0.202968
STT_WM183	0.168288	0.000000	0.065927	0.203487
STT_WM183	0.168196	0.000000	0.062849	0.201604
STT_WM183	0.168962	0.000000	0.064114	0.202297
STT_WM183	0.169380	0.000000	0.065154	0.202787
STT_WM183	0.170277	0.000000	0.065113	0.200895
STT_WM183	0.167232	0.000000	0.063455	0.202853
STT_WM183	0.168600	0.000000	0.064125	0.201326
STT_WM183	0.167669	0.000000	0.066140	0.201955
STT_WM183	0.169912	0.000000	0.063523	0.204196
STT_WM183	0.170795	0.000000	0.066470	0.203592
STT_WM183	0.168167	0.000000	0.064884	0.201695
STT_WM184	0.170275	0.000000	0.065841	0.202506
STT_WM184	0.170602	0.000000	0.065346	0.204503
STT_WM183	0.170103	0.000000	0.065225	0.203382
STT_WM183	0.169335	0.000000	0.063348	0.202516
STT_WM183	0.169849	0.000000	0.064893	0.202708
STT_WM183	0.170292	0.000000	0.065455	0.203690
STT_WM183	0.169609	0.000000	0.064580	0.202653
STT_WM183	0.168795	0.000000	0.063422	0.203700
STT_WM183	0.169697	0.000000	0.065055	0.201230
STT_WM183	0.169960	0.000000	0.064196	0.203064
STT_WM183	0.169880	0.000000	0.063519	0.203873
STT_WM183	0.170572	0.000000	0.063689	0.202294
STT_WM183	0.169116	0.000000	0.064908	0.202690
STT_WM185	0.170603	0.000000	0.064986	0.202648
STT_WM183	0.169970	0.000000	0.065123	0.203509
STT_WM183	0.168525	0.000000	0.064425	0.203156
STT_WM183	0.169122	0.000000	0.064581	0.202301
STT_WM183	0.169393	0.000000	0.064935	0.202220
STT_WM183	0.169124	0.000000	0.063508	0.202817
STT_WM183	0.169087	0.000000	0.063381	0.201353
STT_WM183	0.168801	0.000000	0.064601	0.202736
STT_WM183	0.170672	0.000000	0.065216	0.203393
STT_WM183	0.170592	0.000000	0.064531	0.202692
STT_WM183	0.169970	0.000000	0.062706	0.201126
STT_WM183	0.169183	0.000000	0.063749	0.201429
STT_WM183	0.169628	0.000000	0.064623	0.203236
STT_WM184	0.169872	0.000000	0.065296	0.202414
STT_WM183	0.167535	0.000000	0.064475	0.201455
STT_WM183	0.169510	0.000000	0.065789	0.201972
STT_WM183	0.168764	0.000000	0.063878	0.202662
STT_WM183	0.169207	0.000000	0.063609	0.201559
STT_WM183	0.170055	0.000000	0.064254	0.203232
STT_WM183	0.169594	0.000000	0.064545	0.202165
STT_WM183	0.168972	0.000000	0.063700	0.203848
STT_WM183	0.167783	0.000000	0.064562	0.203401
STT_WM183	0.169747	0.000000	0.065632	0.203320
STT_WM183	0.169849	0.000000	0.064400	0.201822
STT_WM183	0.169003	0.000000	0.064476	0.202827
STT_WM183	0.169167	0.000000	0.064697	0.203014
STT_WM183	0.169381	0.000000	0.064641	0.202224
STT_WM183	0.169280	0.000000	0.064554	0.202809
STT_WM184	0.169177	0.000000	0.065114	0.202796
STT_WM183	0.170513	0.000000	0.064174	0.202235
STT_WM183	0.168981	0.000000	0.065120	0.202172
STT_WM183	0.170034	0.000000	0.064241	0.200879
STT_WM183	0.168751	0.000000	0.064415	0.202194
STT_WM183	0.168647	0.000000	0.063761	0.202207
STT_WM183	0.168570	0.000000	0.064329	0.201971
STT_WM184	0.169057	0.000000	0.065968	0.202677
STT_WM183	0.170575	0.000000	0.064551	0.203260
STT_WM183	0.169090	0.000000	0.065409	0.201595
STT_WM183	0.171703	0.000000	0.063644	0.200694
