Obs_____	TGCP_____	STT_____	MPO_____	PTP_____
TGCP_WM10	0.000000	0.168652	0.168444	0.185951
TGCP_WM1	0.000000	0.170754	0.165203	0.189382
TGCP_WM1	0.000000	0.168365	0.165285	0.186530
TGCP_WM1	0.000000	0.169162	0.167222	0.187124
TGCP_WM1	0.000000	0.172026	0.166257	0.187735
TGCP_WM1	0.000000	0.171923	0.165913	0.186355
TGCP_WM1	0.000000	0.168193	0.167687	0.184838
TGCP_WM1	0.000000	0.170667	0.164656	0.185141
TGCP_WM1	0.000000	0.169841	0.170313	0.185762
TGCP_WM1	0.000000	0.168174	0.165234	0.185635
TGCP_WM10	0.000000	0.170146	0.166010	0.185121
TGCP_WM1	0.000000	0.171395	0.165513	0.182956
TGCP_WM1	0.000000	0.171625	0.166429	0.190269
TGCP_WM11	0.000000	0.169452	0.166136	0.187835
TGCP_WM1	0.000000	0.174488	0.168411	0.191156
TGCP_WM1	0.000000	0.167764	0.167212	0.184054
TGCP_WM1	0.000000	0.171418	0.168010	0.190406
TGCP_WM1	0.000000	0.167292	0.165579	0.179570
TGCP_WM10	0.000000	0.168058	0.168154	0.190855
TGCP_WM1	0.000000	0.167862	0.166142	0.187925
TGCP_WM1	0.000000	0.170306	0.167083	0.188318
TGCP_WM10	0.000000	0.168154	0.169830	0.189019
TGCP_WM1	0.000000	0.170329	0.165445	0.181983
TGCP_WM1	0.000000	0.168779	0.167507	0.187726
TGCP_WM1	0.000000	0.170933	0.166664	0.188569
TGCP_WM1	0.000000	0.175489	0.171916	0.192696
TGCP_WM11	0.000000	0.169524	0.170160	0.185677
TGCP_WM11	0.000000	0.170700	0.167145	0.188668
TGCP_WM1	0.000000	0.166740	0.165579	0.181620
TGCP_WM10	0.000000	0.168669	0.166321	0.187618
TGCP_WM1	0.000000	0.170940	0.163273	0.186706
TGCP_WM1	0.000000	0.169811	0.169085	0.188766
TGCP_WM10	0.000000	0.169103	0.165262	0.186102
TGCP_WM1	0.000000	0.169628	0.166168	0.186319
TGCP_WM11	0.000000	0.166002	0.166168	0.185033
TGCP_WM10	0.000000	0.169300	0.166302	0.191968
TGCP_WM10	0.000000	0.168664	0.166725	0.188867
TGCP_WM10	0.000000	0.171455	0.169859	0.192215
TGCP_WM1	0.000000	0.170053	0.169979	0.193974
TGCP_WM1	0.000000	0.167736	0.166318	0.181766
TGCP_WM1	0.000000	0.170015	0.166785	0.185406
TGCP_WM1	0.000000	0.167027	0.166446	0.189289
TGCP_WM1	0.000000	0.168811	0.167379	0.187443
TGCP_WM1	0.000000	0.167725	0.164202	0.185670
TGCP_WM1	0.000000	0.167190	0.165563	0.184562
TGCP_WM1	0.000000	0.172879	0.167687	0.187687
TGCP_WM1	0.000000	0.169921	0.166622	0.187445
TGCP_WM1	0.000000	0.169049	0.166186	0.181699
TGCP_WM1	0.000000	0.167712	0.166806	0.189105
TGCP_WM1	0.000000	0.165498	0.163785	0.184285
TGCP_WM11	0.000000	0.167657	0.165259	0.186931
TGCP_WM1	0.000000	0.169395	0.170893	0.188137
TGCP_WM1	0.000000	0.168387	0.165601	0.186672
TGCP_WM10	0.000000	0.169605	0.166854	0.186485
TGCP_WM1	0.000000	0.168631	0.165898	0.184465
TGCP_WM1	0.000000	0.167692	0.165185	0.189702
TGCP_WM1	0.000000	0.168797	0.168725	0.190340
TGCP_WM10	0.000000	0.172073	0.167700	0.192232
TGCP_WM1	0.000000	0.171990	0.166011	0.189360
TGCP_WM1	0.000000	0.169158	0.169344	0.184196
TGCP_WM10	0.000000	0.167862	0.166760	0.189047
TGCP_WM1	0.000000	0.171306	0.169189	0.187264
TGCP_WM1	0.000000	0.169590	0.167472	0.187195
TGCP_WM1	0.000000	0.171221	0.170340	0.187250
TGCP_WM10	0.000000	0.171744	0.165434	0.184900
TGCP_WM10	0.000000	0.172666	0.168346	0.189570
TGCP_WM1	0.000000	0.169894	0.169125	0.189225
TGCP_WM10	0.000000	0.172095	0.170208	0.188774
TGCP_WM1	0.000000	0.167024	0.165012	0.188941
TGCP_WM1	0.000000	0.170112	0.166469	0.186599
TGCP_WM1	0.000000	0.169553	0.166746	0.190336
TGCP_WM11	0.000000	0.171714	0.168800	0.188411
TGCP_WM1	0.000000	0.171067	0.168098	0.188931
TGCP_WM10	0.000000	0.166970	0.168312	0.187993
TGCP_WM1	0.000000	0.167464	0.164211	0.185095
TGCP_WM1	0.000000	0.169206	0.169667	0.188757
TGCP_WM1	0.000000	0.167402	0.165995	0.185541
TGCP_WM1	0.000000	0.171288	0.168422	0.184939
TGCP_WM10	0.000000	0.170064	0.167184	0.184330
TGCP_WM1	0.000000	0.170787	0.165796	0.186169
TGCP_WM1	0.000000	0.169936	0.170009	0.189302
TGCP_WM1	0.000000	0.169580	0.169680	0.185910
TGCP_WM10	0.000000	0.171130	0.169789	0.190015
TGCP_WM1	0.000000	0.168828	0.168095	0.190933
TGCP_WM1	0.000000	0.171473	0.165780	0.187528
TGCP_WM11	0.000000	0.171829	0.169088	0.188596
TGCP_WM1	0.000000	0.170078	0.167763	0.189008
TGCP_WM10	0.000000	0.166520	0.163738	0.186607
TGCP_WM10	0.000000	0.170563	0.167724	0.186992
TGCP_WM10	0.000000	0.171617	0.166618	0.189251
TGCP_WM1	0.000000	0.171684	0.166880	0.187798
TGCP_WM1	0.000000	0.170287	0.170523	0.190967
TGCP_WM1	0.000000	0.169284	0.163527	0.183535
TGCP_WM10	0.000000	0.171999	0.169989	0.193294
TGCP_WM1	0.000000	0.166597	0.165387	0.184895
TGCP_WM10	0.000000	0.172411	0.171321	0.193906
TGCP_WM1	0.000000	0.168320	0.165312	0.185192
TGCP_WM10	0.000000	0.169088	0.165028	0.187620
TGCP_WM1	0.000000	0.165403	0.162571	0.187651
TGCP_WM1	0.000000	0.168615	0.166656	0.184040
