Obs_____	TGCP_____	STT_____	MPO_____	PTP_____
MPO_WM482	0.168444	0.062502	0.000000	0.188413
MPO_WM482	0.165203	0.062021	0.000000	0.186181
MPO_WM484	0.165285	0.063522	0.000000	0.191486
MPO_WM483	0.167222	0.065459	0.000000	0.189500
MPO_WM482	0.166257	0.064130	0.000000	0.187609
MPO_WM482	0.165913	0.067717	0.000000	0.188959
MPO_WM482	0.167687	0.063097	0.000000	0.190874
MPO_WM482	0.164656	0.062542	0.000000	0.186952
MPO_WM483	0.170313	0.067169	0.000000	0.192829
MPO_WM482	0.165234	0.066943	0.000000	0.190819
MPO_WM482	0.166010	0.065557	0.000000	0.188088
MPO_WM482	0.165513	0.065152	0.000000	0.188253
MPO_WM482	0.166429	0.063863	0.000000	0.191493
MPO_WM482	0.166136	0.064482	0.000000	0.188933
MPO_WM483	0.168411	0.064806	0.000000	0.188674
MPO_WM482	0.167212	0.063098	0.000000	0.191323
MPO_WM482	0.168010	0.065343	0.000000	0.189064
MPO_WM482	0.165579	0.064086	0.000000	0.186352
MPO_WM482	0.168154	0.064114	0.000000	0.190106
MPO_WM483	0.166142	0.063458	0.000000	0.185349
MPO_WM483	0.167083	0.067784	0.000000	0.193985
MPO_WM482	0.169830	0.062661	0.000000	0.191967
MPO_WM482	0.165445	0.066034	0.000000	0.187727
MPO_WM483	0.167507	0.065557	0.000000	0.190748
MPO_WM482	0.166664	0.065942	0.000000	0.192847
MPO_WM482	0.171916	0.065905	0.000000	0.189622
MPO_WM483	0.170160	0.061359	0.000000	0.188312
MPO_WM482	0.167145	0.065136	0.000000	0.189643
MPO_WM484	0.165579	0.062161	0.000000	0.188997
MPO_WM482	0.166321	0.067629	0.000000	0.187643
MPO_WM482	0.163273	0.064065	0.000000	0.188442
MPO_WM482	0.169085	0.066749	0.000000	0.189276
MPO_WM482	0.165262	0.062902	0.000000	0.188600
MPO_WM482	0.166168	0.066522	0.000000	0.189445
MPO_WM483	0.166168	0.062948	0.000000	0.187405
MPO_WM482	0.166302	0.062308	0.000000	0.189246
MPO_WM482	0.166725	0.064762	0.000000	0.190708
MPO_WM482	0.169859	0.066053	0.000000	0.192206
MPO_WM482	0.169979	0.065425	0.000000	0.191864
MPO_WM482	0.166318	0.066381	0.000000	0.188705
MPO_WM483	0.166785	0.065894	0.000000	0.188169
MPO_WM482	0.166446	0.064576	0.000000	0.189743
MPO_WM482	0.167379	0.064676	0.000000	0.192787
MPO_WM482	0.164202	0.064147	0.000000	0.189795
MPO_WM482	0.165563	0.064946	0.000000	0.189647
MPO_WM482	0.167687	0.067675	0.000000	0.188695
MPO_WM483	0.166622	0.063211	0.000000	0.187918
MPO_WM482	0.166186	0.063767	0.000000	0.188808
MPO_WM482	0.166806	0.067098	0.000000	0.188435
MPO_WM482	0.163785	0.065327	0.000000	0.189579
MPO_WM484	0.165259	0.064617	0.000000	0.189963
MPO_WM482	0.170893	0.065877	0.000000	0.190545
MPO_WM482	0.165601	0.062499	0.000000	0.193722
MPO_WM482	0.166854	0.063444	0.000000	0.191273
MPO_WM482	0.165898	0.064764	0.000000	0.187994
MPO_WM482	0.165185	0.066191	0.000000	0.190085
MPO_WM482	0.168725	0.061521	0.000000	0.187261
MPO_WM483	0.167700	0.065742	0.000000	0.191038
MPO_WM482	0.166011	0.064771	0.000000	0.188435
MPO_WM482	0.169344	0.064139	0.000000	0.188985
MPO_WM484	0.166760	0.063124	0.000000	0.189693
MPO_WM482	0.169189	0.063021	0.000000	0.189982
MPO_WM482	0.167472	0.064941	0.000000	0.194810
MPO_WM482	0.170340	0.065196	0.000000	0.188156
MPO_WM483	0.165434	0.065205	0.000000	0.187270
MPO_WM483	0.168346	0.063802	0.000000	0.186079
MPO_WM482	0.169125	0.065682	0.000000	0.191801
MPO_WM482	0.170208	0.065105	0.000000	0.192642
MPO_WM482	0.165012	0.065818	0.000000	0.188465
MPO_WM482	0.166469	0.063421	0.000000	0.188023
MPO_WM483	0.166746	0.067121	0.000000	0.190301
MPO_WM482	0.168800	0.065130	0.000000	0.191888
MPO_WM482	0.168098	0.064475	0.000000	0.192389
MPO_WM482	0.168312	0.065201	0.000000	0.193087
MPO_WM483	0.164211	0.063932	0.000000	0.191268
MPO_WM482	0.169667	0.065146	0.000000	0.190257
MPO_WM482	0.165995	0.062926	0.000000	0.188598
MPO_WM482	0.168422	0.065245	0.000000	0.189726
MPO_WM482	0.167184	0.061400	0.000000	0.185783
MPO_WM482	0.165796	0.066417	0.000000	0.187239
MPO_WM482	0.170009	0.064647	0.000000	0.189140
MPO_WM482	0.169680	0.065787	0.000000	0.190353
MPO_WM482	0.169789	0.065764	0.000000	0.186000
MPO_WM482	0.168095	0.063462	0.000000	0.191011
MPO_WM482	0.165780	0.063231	0.000000	0.187399
MPO_WM482	0.169088	0.061852	0.000000	0.188158
MPO_WM482	0.167763	0.065223	0.000000	0.190157
MPO_WM482	0.163738	0.060948	0.000000	0.187503
MPO_WM482	0.167724	0.068956	0.000000	0.190190
MPO_WM482	0.166618	0.063808	0.000000	0.191189
MPO_WM482	0.166880	0.066046	0.000000	0.186471
MPO_WM482	0.170523	0.068013	0.000000	0.191477
MPO_WM482	0.163527	0.066643	0.000000	0.191548
MPO_WM482	0.169989	0.063055	0.000000	0.190256
MPO_WM483	0.165387	0.065801	0.000000	0.187427
MPO_WM482	0.171321	0.064625	0.000000	0.190352
MPO_WM482	0.165312	0.062804	0.000000	0.186286
MPO_WM482	0.165028	0.062585	0.000000	0.187976
MPO_WM483	0.162571	0.061993	0.000000	0.187812
MPO_WM482	0.166656	0.066612	0.000000	0.189143
