     n             scenario 1                 scenario 2                 scenario 3       
      5      0.0000 [0.0000,0.0000]     1.0000 [1.0000,1.0000]     0.0000 [0.0000,0.0000]  
     10      0.0000 [0.0000,0.0000]     0.7000 [0.2983,1.0000]     0.3000 [0.0000,0.7017]  
     15      0.0000 [0.0000,0.0000]     0.7333 [0.3457,1.0000]     0.2667 [0.0000,0.6543]  
     20      0.0500 [0.0000,0.2410]     0.7500 [0.3704,1.0000]     0.2000 [0.0000,0.5506]  
     25      0.0400 [0.0000,0.2118]     0.8000 [0.4494,1.0000]     0.1600 [0.0000,0.4813]  
     30      0.0333 [0.0000,0.1907]     0.7667 [0.3959,1.0000]     0.2000 [0.0000,0.5506]  
     35      0.0286 [0.0000,0.1746]     0.7714 [0.4034,1.0000]     0.2000 [0.0000,0.5506]  
     40      0.0250 [0.0000,0.1618]     0.7750 [0.4090,1.0000]     0.2000 [0.0000,0.5506]  
     45      0.0222 [0.0000,0.1514]     0.7778 [0.4134,1.0000]     0.2000 [0.0000,0.5506]  
     50      0.0200 [0.0000,0.1427]     0.7600 [0.3856,1.0000]     0.2200 [0.0000,0.5831]  
     55      0.0182 [0.0000,0.1353]     0.7455 [0.3636,1.0000]     0.2364 [0.0000,0.6088]  
     60      0.0167 [0.0000,0.1289]     0.7500 [0.3704,1.0000]     0.2333 [0.0000,0.6041]  
     65      0.0308 [0.0000,0.1821]     0.7385 [0.3532,1.0000]     0.2308 [0.0000,0.6001]  
     70      0.0286 [0.0000,0.1746]     0.7143 [0.3183,1.0000]     0.2571 [0.0000,0.6402]  
     75      0.0267 [0.0000,0.1679]     0.7200 [0.3264,1.0000]     0.2533 [0.0000,0.6346]  
     80      0.0250 [0.0000,0.1618]     0.7250 [0.3336,1.0000]     0.2500 [0.0000,0.6296]  
     85      0.0353 [0.0000,0.1970]     0.6824 [0.2743,1.0000]     0.2824 [0.0000,0.6769]  
     90      0.0444 [0.0000,0.2251]     0.6667 [0.2535,1.0000]     0.2889 [0.0000,0.6862]  
     95      0.0421 [0.0000,0.2181]     0.6632 [0.2489,1.0000]     0.2947 [0.0000,0.6944]  
    100      0.0400 [0.0000,0.2118]     0.6700 [0.2578,1.0000]     0.2900 [0.0000,0.6877]  
    105      0.0381 [0.0000,0.2059]     0.6667 [0.2535,1.0000]     0.2952 [0.0000,0.6951]  
    110      0.0545 [0.0000,0.2536]     0.6455 [0.2261,1.0000]     0.3000 [0.0000,0.7017]  
    115      0.0522 [0.0000,0.2471]     0.6609 [0.2459,1.0000]     0.2870 [0.0000,0.6835]  
    120      0.0583 [0.0000,0.2638]     0.6667 [0.2535,1.0000]     0.2750 [0.0000,0.6664]  
    125      0.0560 [0.0000,0.2575]     0.6720 [0.2605,1.0000]     0.2720 [0.0000,0.6621]  
    130      0.0692 [0.0000,0.2917]     0.6615 [0.2468,1.0000]     0.2692 [0.0000,0.6580]  
    135      0.0667 [0.0000,0.2853]     0.6519 [0.2343,1.0000]     0.2815 [0.0000,0.6757]  
    140      0.0714 [0.0000,0.2972]     0.6500 [0.2319,1.0000]     0.2786 [0.0000,0.6715]  
    145      0.0759 [0.0000,0.3079]     0.6483 [0.2297,1.0000]     0.2759 [0.0000,0.6676]  
    150      0.0733 [0.0000,0.3018]     0.6533 [0.2362,1.0000]     0.2733 [0.0000,0.6640]  
    155      0.0839 [0.0000,0.3268]     0.6452 [0.2258,1.0000]     0.2710 [0.0000,0.6606]  
    160      0.0813 [0.0000,0.3207]     0.6500 [0.2319,1.0000]     0.2687 [0.0000,0.6573]  
    165      0.0848 [0.0000,0.3291]     0.6485 [0.2300,1.0000]     0.2667 [0.0000,0.6543]  
    170      0.0882 [0.0000,0.3369]     0.6412 [0.2207,1.0000]     0.2706 [0.0000,0.6600]  
    175      0.0857 [0.0000,0.3311]     0.6400 [0.2193,1.0000]     0.2743 [0.0000,0.6654]  
    180      0.0833 [0.0000,0.3256]     0.6333 [0.2109,1.0000]     0.2833 [0.0000,0.6783]  
    185      0.0811 [0.0000,0.3203]     0.6270 [0.2031,1.0000]     0.2919 [0.0000,0.6904]  
    190      0.0842 [0.0000,0.3276]     0.6158 [0.1894,1.0000]     0.3000 [0.0000,0.7017]  
    195      0.0821 [0.0000,0.3226]     0.6205 [0.1952,1.0000]     0.2974 [0.0000,0.6981]  
    200      0.0800 [0.0000,0.3178]     0.6150 [0.1885,1.0000]     0.3050 [0.0000,0.7086]  
    205      0.0780 [0.0000,0.3132]     0.6244 [0.1999,1.0000]     0.2976 [0.0000,0.6983]  
    210      0.0762 [0.0000,0.3087]     0.6238 [0.1992,1.0000]     0.3000 [0.0000,0.7017]  
    215      0.0744 [0.0000,0.3045]     0.6186 [0.1928,1.0000]     0.3070 [0.0000,0.7113]  
    220      0.0818 [0.0000,0.3221]     0.6091 [0.1814,1.0000]     0.3091 [0.0000,0.7142]  
    225      0.0800 [0.0000,0.3178]     0.6089 [0.1811,1.0000]     0.3111 [0.0000,0.7169]  
    230      0.0783 [0.0000,0.3137]     0.6130 [0.1861,1.0000]     0.3087 [0.0000,0.7136]  
    235      0.0766 [0.0000,0.3097]     0.6128 [0.1858,1.0000]     0.3106 [0.0000,0.7163]  
    240      0.0833 [0.0000,0.3256]     0.6042 [0.1755,1.0000]     0.3125 [0.0000,0.7188]  
    245      0.0816 [0.0000,0.3216]     0.6000 [0.1706,1.0000]     0.3184 [0.0000,0.7267]  
    250      0.0800 [0.0000,0.3178]     0.5960 [0.1659,1.0000]     0.3240 [0.0000,0.7342]  
    255      0.0824 [0.0000,0.3233]     0.6000 [0.1706,1.0000]     0.3176 [0.0000,0.7257]  
    260      0.0846 [0.0000,0.3286]     0.5923 [0.1616,1.0000]     0.3231 [0.0000,0.7330]  
    265      0.0868 [0.0000,0.3336]     0.5925 [0.1617,1.0000]     0.3208 [0.0000,0.7299]  
    270      0.0889 [0.0000,0.3383]     0.5963 [0.1662,1.0000]     0.3148 [0.0000,0.7219]  
    275      0.0909 [0.0000,0.3429]     0.5927 [0.1621,1.0000]     0.3164 [0.0000,0.7240]  
    280      0.0929 [0.0000,0.3473]     0.5893 [0.1581,1.0000]     0.3179 [0.0000,0.7260]  
    285      0.0947 [0.0000,0.3514]     0.5860 [0.1542,1.0000]     0.3193 [0.0000,0.7279]  
    290      0.0966 [0.0000,0.3554]     0.5793 [0.1466,1.0000]     0.3241 [0.0000,0.7344]  
    295      0.1017 [0.0000,0.3666]     0.5763 [0.1431,1.0000]     0.3220 [0.0000,0.7316]  
    300      0.1067 [0.0000,0.3772]     0.5767 [0.1436,1.0000]     0.3167 [0.0000,0.7244]  
    305      0.1082 [0.0000,0.3805]     0.5803 [0.1478,1.0000]     0.3115 [0.0000,0.7174]  
    310      0.1161 [0.0000,0.3970]     0.5774 [0.1444,1.0000]     0.3065 [0.0000,0.7106]  
    315      0.1175 [0.0000,0.3997]     0.5714 [0.1377,1.0000]     0.3111 [0.0000,0.7169]  
    320      0.1187 [0.0000,0.4023]     0.5750 [0.1417,1.0000]     0.3063 [0.0000,0.7103]  
    325      0.1231 [0.0000,0.4110]     0.5754 [0.1421,1.0000]     0.3015 [0.0000,0.7038]  
    330      0.1273 [0.0000,0.4194]     0.5727 [0.1391,1.0000]     0.3000 [0.0000,0.7017]  
    335      0.1313 [0.0000,0.4274]     0.5701 [0.1362,1.0000]     0.2985 [0.0000,0.6996]  
    340      0.1324 [0.0000,0.4294]     0.5735 [0.1400,1.0000]     0.2941 [0.0000,0.6935]  
    345      0.1333 [0.0000,0.4313]     0.5710 [0.1372,1.0000]     0.2957 [0.0000,0.6956]  
    350      0.1314 [0.0000,0.4276]     0.5686 [0.1344,1.0000]     0.3000 [0.0000,0.7017]  
    355      0.1296 [0.0000,0.4240]     0.5690 [0.1349,1.0000]     0.3014 [0.0000,0.7036]  
    360      0.1306 [0.0000,0.4259]     0.5667 [0.1323,1.0000]     0.3028 [0.0000,0.7055]  
    365      0.1315 [0.0000,0.4277]     0.5699 [0.1359,1.0000]     0.2986 [0.0000,0.6998]  
    370      0.1351 [0.0000,0.4348]     0.5676 [0.1333,1.0000]     0.2973 [0.0000,0.6979]  
    375      0.1360 [0.0000,0.4365]     0.5707 [0.1368,1.0000]     0.2933 [0.0000,0.6924]  
    380      0.1368 [0.0000,0.4381]     0.5658 [0.1313,1.0000]     0.2974 [0.0000,0.6980]  
    385      0.1351 [0.0000,0.4347]     0.5662 [0.1318,1.0000]     0.2987 [0.0000,0.6999]  
    390      0.1359 [0.0000,0.4363]     0.5667 [0.1323,1.0000]     0.2974 [0.0000,0.6981]  
    395      0.1342 [0.0000,0.4329]     0.5696 [0.1356,1.0000]     0.2962 [0.0000,0.6964]  
    400      0.1350 [0.0000,0.4345]     0.5625 [0.1277,0.9973]     0.3025 [0.0000,0.7051]  
    405      0.1358 [0.0000,0.4361]     0.5630 [0.1282,0.9977]     0.3012 [0.0000,0.7034]  
    410      0.1366 [0.0000,0.4376]     0.5610 [0.1260,0.9960]     0.3024 [0.0000,0.7050]  
    415      0.1373 [0.0000,0.4391]     0.5614 [0.1265,0.9964]     0.3012 [0.0000,0.7033]  
    420      0.1405 [0.0000,0.4451]     0.5548 [0.1191,0.9904]     0.3048 [0.0000,0.7082]  
    425      0.1435 [0.0000,0.4509]     0.5529 [0.1171,0.9887]     0.3035 [0.0000,0.7065]  
    430      0.1419 [0.0000,0.4477]     0.5535 [0.1177,0.9892]     0.3047 [0.0000,0.7081]  
    435      0.1425 [0.0000,0.4490]     0.5563 [0.1208,0.9918]     0.3011 [0.0000,0.7033]  
    440      0.1409 [0.0000,0.4459]     0.5614 [0.1264,0.9963]     0.2977 [0.0000,0.6985]  
    445      0.1461 [0.0000,0.4556]     0.5551 [0.1195,0.9907]     0.2989 [0.0000,0.7001]  
    450      0.1511 [0.0000,0.4650]     0.5511 [0.1151,0.9871]     0.2978 [0.0000,0.6986]  
    455      0.1495 [0.0000,0.4620]     0.5538 [0.1181,0.9896]     0.2967 [0.0000,0.6971]  
    460      0.1478 [0.0000,0.4589]     0.5565 [0.1211,0.9920]     0.2957 [0.0000,0.6956]  
    465      0.1527 [0.0000,0.4680]     0.5548 [0.1192,0.9905]     0.2925 [0.0000,0.6912]  
    470      0.1511 [0.0000,0.4650]     0.5511 [0.1151,0.9870]     0.2979 [0.0000,0.6987]  
    475      0.1537 [0.0000,0.4698]     0.5453 [0.1088,0.9817]     0.3011 [0.0000,0.7031]  
    480      0.1521 [0.0000,0.4668]     0.5500 [0.1139,0.9861]     0.2979 [0.0000,0.6988]  
    485      0.1505 [0.0000,0.4639]     0.5485 [0.1122,0.9847]     0.3010 [0.0000,0.7031]  
    490      0.1551 [0.0000,0.4724]     0.5469 [0.1106,0.9833]     0.2980 [0.0000,0.6989]  
    495      0.1535 [0.0000,0.4695]     0.5455 [0.1090,0.9819]     0.3010 [0.0000,0.7031]  
    500      0.1540 [0.0000,0.4704]     0.5460 [0.1096,0.9824]     0.3000 [0.0000,0.7017]  
