                COMPARISON OF SCENARIOS
                (28/7/2021)

    Project directory : C:/Users/jmahguib/Desktop/DIYABC/WM_AllPops_DIYABC_1500000_sims_run3_cont3_2021_7_20-1
    Candidate scenarios : [1, 2, 3]
    Number of simulated data sets : 3000000
    Summary statistics have been replaced by LDA component
    

 Direct approach

  closest          scenario 1                 scenario 2                 scenario 3       
     50      0.0200 [0.0000,0.1427]     0.7600 [0.3856,1.0000]     0.2200 [0.0000,0.5831]  
    100      0.0400 [0.0000,0.2118]     0.6700 [0.2578,1.0000]     0.2900 [0.0000,0.6877]  
    150      0.0733 [0.0000,0.3018]     0.6533 [0.2362,1.0000]     0.2733 [0.0000,0.6640]  
    200      0.0800 [0.0000,0.3178]     0.6150 [0.1885,1.0000]     0.3050 [0.0000,0.7086]  
    250      0.0800 [0.0000,0.3178]     0.5960 [0.1659,1.0000]     0.3240 [0.0000,0.7342]  
    300      0.1067 [0.0000,0.3772]     0.5767 [0.1436,1.0000]     0.3167 [0.0000,0.7244]  
    350      0.1314 [0.0000,0.4276]     0.5686 [0.1344,1.0000]     0.3000 [0.0000,0.7017]  
    400      0.1350 [0.0000,0.4345]     0.5625 [0.1277,0.9973]     0.3025 [0.0000,0.7051]  
    450      0.1511 [0.0000,0.4650]     0.5511 [0.1151,0.9871]     0.2978 [0.0000,0.6986]  
    500      0.1540 [0.0000,0.4704]     0.5460 [0.1096,0.9824]     0.3000 [0.0000,0.7017]  


 Logistic approach

     n             scenario 1                 scenario 2                 scenario 3       
  30000      0.0000 [0.0000,0.0000]     1.0000 [1.0000,1.0000]     0.0000 [0.0000,0.0000]  
