Obs_____	TGCP_____	STT_____	MPO_____	PTP_____
MPO_WM496	0.153292	0.077663	0.000000	0.183706
MPO_WM485	0.145516	0.051973	0.000000	0.171824
MPO_WM483	0.184146	0.077064	0.000000	0.198021
MPO_WM489	0.161654	0.059373	0.000000	0.185286
MPO_WM490	0.166734	0.056961	0.000000	0.193162
MPO_WM482	0.165336	0.059268	0.000000	0.190480
MPO_WM489	0.176454	0.070459	0.000000	0.191014
MPO_WM486	0.173488	0.075991	0.000000	0.189818
MPO_WM482	0.166837	0.064814	0.000000	0.176986
MPO_WM483	0.159873	0.069783	0.000000	0.196235
MPO_WM483	0.174291	0.057735	0.000000	0.189793
MPO_WM487	0.153970	0.070694	0.000000	0.206840
MPO_WM487	0.153557	0.044483	0.000000	0.184436
MPO_WM486	0.155450	0.075803	0.000000	0.187966
MPO_WM482	0.174518	0.068100	0.000000	0.190713
MPO_WM487	0.158193	0.048778	0.000000	0.177179
MPO_WM492	0.160556	0.059366	0.000000	0.183057
MPO_WM485	0.176818	0.066590	0.000000	0.207336
MPO_WM491	0.158973	0.069821	0.000000	0.189240
MPO_WM498	0.157955	0.057105	0.000000	0.186238
MPO_WM494	0.168404	0.060145	0.000000	0.188976
MPO_WM482	0.190785	0.079026	0.000000	0.222487
MPO_WM483	0.178887	0.074552	0.000000	0.195975
MPO_WM484	0.153195	0.067964	0.000000	0.197574
MPO_WM483	0.164075	0.081263	0.000000	0.215023
MPO_WM482	0.156577	0.055382	0.000000	0.193317
MPO_WM484	0.181203	0.061938	0.000000	0.181987
MPO_WM484	0.173739	0.064402	0.000000	0.196740
MPO_WM491	0.145177	0.053893	0.000000	0.177279
MPO_WM494	0.167797	0.051041	0.000000	0.176789
MPO_WM482	0.162102	0.067344	0.000000	0.195197
MPO_WM486	0.156898	0.069398	0.000000	0.198918
MPO_WM482	0.154825	0.064567	0.000000	0.179128
MPO_WM488	0.166679	0.048490	0.000000	0.176801
MPO_WM495	0.158285	0.045917	0.000000	0.176030
MPO_WM494	0.147179	0.069060	0.000000	0.184769
MPO_WM489	0.168886	0.060351	0.000000	0.193285
MPO_WM486	0.169135	0.055844	0.000000	0.193045
MPO_WM492	0.181238	0.066588	0.000000	0.182876
MPO_WM483	0.160933	0.076620	0.000000	0.200591
MPO_WM483	0.174937	0.068133	0.000000	0.181103
MPO_WM488	0.185839	0.062291	0.000000	0.177597
MPO_WM483	0.155564	0.057754	0.000000	0.191998
MPO_WM485	0.168036	0.082890	0.000000	0.200706
MPO_WM486	0.167784	0.065262	0.000000	0.196911
MPO_WM484	0.170592	0.078776	0.000000	0.200166
MPO_WM483	0.148409	0.063869	0.000000	0.190532
MPO_WM497	0.185167	0.078739	0.000000	0.186073
MPO_WM482	0.160221	0.084069	0.000000	0.193389
MPO_WM482	0.170678	0.059554	0.000000	0.193912
MPO_WM489	0.181999	0.059816	0.000000	0.183523
MPO_WM486	0.159581	0.051874	0.000000	0.182853
MPO_WM490	0.159779	0.061066	0.000000	0.199074
MPO_WM489	0.163227	0.065976	0.000000	0.186796
MPO_WM491	0.158437	0.056556	0.000000	0.187530
MPO_WM482	0.171658	0.063655	0.000000	0.202550
MPO_WM483	0.167598	0.060150	0.000000	0.204911
MPO_WM485	0.161598	0.046362	0.000000	0.173259
MPO_WM484	0.156549	0.067172	0.000000	0.207193
MPO_WM488	0.177097	0.064479	0.000000	0.194084
MPO_WM482	0.176907	0.070684	0.000000	0.193062
MPO_WM490	0.168159	0.055588	0.000000	0.198193
MPO_WM489	0.178044	0.070718	0.000000	0.197513
MPO_WM489	0.170872	0.053565	0.000000	0.185041
MPO_WM487	0.172765	0.061512	0.000000	0.215059
MPO_WM482	0.143670	0.066497	0.000000	0.191016
MPO_WM492	0.164666	0.061263	0.000000	0.191632
MPO_WM486	0.157149	0.060858	0.000000	0.194863
MPO_WM490	0.160892	0.064714	0.000000	0.197472
MPO_WM483	0.163213	0.058709	0.000000	0.187719
MPO_WM482	0.159646	0.052284	0.000000	0.194792
MPO_WM487	0.171942	0.057969	0.000000	0.183860
MPO_WM484	0.165246	0.076417	0.000000	0.198232
MPO_WM491	0.147475	0.069735	0.000000	0.195884
MPO_WM492	0.167802	0.063358	0.000000	0.185525
MPO_WM484	0.161061	0.070161	0.000000	0.196294
MPO_WM483	0.152375	0.063939	0.000000	0.187663
MPO_WM491	0.182320	0.067383	0.000000	0.197542
MPO_WM486	0.160064	0.061397	0.000000	0.199877
MPO_WM487	0.165563	0.052830	0.000000	0.181867
MPO_WM482	0.173419	0.059192	0.000000	0.200181
MPO_WM488	0.174710	0.065782	0.000000	0.190993
MPO_WM483	0.190826	0.075714	0.000000	0.196701
MPO_WM490	0.147983	0.055574	0.000000	0.187794
MPO_WM482	0.176677	0.054540	0.000000	0.192188
MPO_WM488	0.175784	0.076344	0.000000	0.200561
MPO_WM482	0.176025	0.058955	0.000000	0.182446
MPO_WM483	0.174288	0.073670	0.000000	0.194306
MPO_WM495	0.174133	0.068265	0.000000	0.195742
MPO_WM484	0.175666	0.061821	0.000000	0.193821
MPO_WM493	0.185632	0.088795	0.000000	0.197052
MPO_WM494	0.166417	0.059182	0.000000	0.185729
MPO_WM485	0.168906	0.054642	0.000000	0.176479
MPO_WM485	0.174586	0.061228	0.000000	0.193470
MPO_WM483	0.156096	0.069135	0.000000	0.195308
MPO_WM489	0.173903	0.055522	0.000000	0.205620
MPO_WM491	0.168771	0.070552	0.000000	0.191023
MPO_WM482	0.169921	0.055350	0.000000	0.167631
MPO_WM486	0.160907	0.077219	0.000000	0.212942
MPO_WM488	0.147175	0.065669	0.000000	0.185625
